6_Funeral_Funeral_6_109
67
122 216 31 40 0.9986921 
248 220 27 34 0.9985065 
388 312 27 34 0.9976882 
303 227 26 31 0.99737954 
353 226 25 31 0.99698335 
194 215 32 37 0.99667335 
422 239 24 27 0.992864 
717 294 22 28 0.99072754 
594 301 23 28 0.990361 
453 302 22 26 0.9895056 
459 225 21 28 0.98916256 
802 252 20 24 0.98798835 
698 247 17 21 0.9869709 
881 236 17 21 0.9858196 
412 205 19 23 0.9845531 
271 225 23 29 0.9816999 
521 232 19 24 0.980534 
302 198 22 27 0.97830373 
547 220 19 22 0.97820765 
779 230 16 19 0.9756703 
618 220 18 22 0.97322595 
739 252 18 22 0.9723331 
717 253 15 19 0.9716333 
660 297 20 25 0.9696686 
644 216 21 27 0.9684436 
369 205 19 26 0.9600584 
913 220 21 24 0.9598501 
569 211 16 21 0.9570102 
573 325 21 26 0.956265 
589 227 19 25 0.946895 
488 217 17 20 0.9449722 
500 232 17 22 0.93728775 
488 246 18 23 0.90437245 
835 243 16 17 0.7421902 
709 237 11 13 0.62839866 
562 241 14 17 0.4702851 
983 218 14 16 0.4566206 
861 256 10 13 0.31811407 
711 378 13 15 0.25495836 
829 262 12 15 0.18634403 
331 222 18 21 0.1723078 
635 393 15 18 0.11578657 
835 275 11 15 0.07847531 
627 252 14 19 0.0711272 
688 242 12 17 0.057279527 
545 321 15 23 0.05273774 
84 138 15 17 0.05258416 
321 224 21 28 0.049245708 
898 265 15 17 0.04764732 
691 238 14 19 0.04722619 
705 242 15 19 0.047089975 
834 259 14 18 0.037289407 
887 159 9 13 0.028510073 
447 196 10 12 0.02849118 
672 232 11 14 0.027974231 
965 213 10 14 0.027824244 
1011 241 13 23 0.027760247 
484 236 16 19 0.02462414 
704 206 11 13 0.022986438 
596 196 10 12 0.02293747 
1 164 10 15 0.022786023 
710 255 16 19 0.02242078 
634 255 15 19 0.021355536 
891 279 15 21 0.021183485 
860 260 14 19 0.02097331 
472 221 20 26 0.020947717 
548 230 16 21 0.020907992 
