6_Funeral_Funeral_6_364
296
471 126 32 42 0.9970451 
170 139 33 41 0.9940262 
558 91 36 55 0.9926439 
625 137 33 39 0.8950573 
628 596 10 12 0.27911773 
417 550 8 10 0.23734917 
692 29 10 14 0.23117216 
502 675 13 15 0.19152333 
6 606 11 13 0.16288967 
614 624 9 12 0.15987442 
752 691 9 12 0.1572316 
397 549 8 11 0.14806587 
336 544 10 12 0.14453754 
564 571 14 17 0.13453011 
71 96 12 15 0.12397949 
141 595 10 13 0.111030556 
610 622 9 13 0.10847269 
510 543 9 10 0.10540876 
806 562 10 15 0.10329447 
470 623 10 11 0.10120873 
72 583 8 10 0.098022796 
207 613 14 16 0.09673013 
562 708 13 19 0.091144584 
624 641 10 12 0.08974777 
31 604 13 16 0.08708525 
0 87 16 37 0.08603227 
341 543 10 13 0.08400121 
574 536 9 11 0.07767496 
391 515 9 11 0.0772034 
574 605 12 15 0.076392196 
591 707 13 16 0.07431218 
501 644 10 13 0.07192998 
624 593 10 12 0.06975143 
516 583 11 13 0.0692199 
512 588 10 12 0.06649876 
622 623 12 14 0.0647141 
749 566 13 15 0.06377638 
449 548 10 10 0.06346125 
451 557 14 17 0.06299215 
625 612 10 12 0.06286232 
498 676 11 15 0.060836423 
678 675 25 29 0.059595156 
959 14 9 10 0.058430307 
471 544 10 12 0.057919327 
137 591 10 13 0.057280615 
448 623 10 12 0.056405187 
584 571 9 13 0.056014765 
628 627 11 14 0.054228682 
396 593 15 16 0.053829737 
685 656 8 10 0.053513017 
359 629 11 13 0.052979093 
127 591 9 11 0.05256832 
413 582 8 11 0.051948726 
485 584 9 11 0.050805252 
457 528 9 10 0.050589375 
757 582 11 13 0.05040298 
305 543 8 9 0.050049856 
392 588 12 14 0.048801813 
329 548 10 13 0.04862596 
292 572 11 12 0.04740666 
505 543 9 11 0.04736828 
445 560 16 17 0.046716165 
232 572 9 11 0.046446797 
504 577 9 11 0.045780096 
409 583 9 12 0.044727635 
740 671 14 17 0.04456553 
357 555 9 12 0.04392616 
550 675 12 17 0.043482203 
211 618 15 17 0.04341639 
308 655 13 16 0.04332912 
222 590 10 13 0.043108854 
239 570 10 12 0.043063413 
358 533 9 11 0.042981744 
493 587 8 11 0.04265392 
621 573 13 15 0.042200737 
530 589 8 10 0.042189196 
527 567 8 10 0.04213965 
607 597 12 14 0.0420989 
456 534 8 9 0.04169074 
565 641 16 19 0.040233135 
589 674 16 16 0.04016205 
790 540 8 10 0.04015939 
215 626 15 17 0.040030587 
495 643 11 15 0.03997375 
627 638 12 13 0.039886665 
692 642 13 15 0.039825216 
465 576 8 9 0.039558087 
720 575 8 9 0.039208822 
496 582 8 11 0.038869884 
529 632 9 11 0.038767334 
228 547 10 14 0.037975542 
118 606 11 14 0.03797089 
480 588 9 11 0.037796136 
404 589 11 14 0.03698199 
481 536 8 10 0.03647642 
711 676 10 13 0.036464445 
496 668 13 18 0.036258597 
200 549 9 11 0.036251694 
842 598 17 20 0.03615403 
683 666 16 17 0.036107402 
716 684 9 12 0.036068752 
393 545 9 11 0.03601033 
327 571 10 13 0.035856355 
18 592 8 10 0.03581077 
529 637 10 13 0.035700582 
197 632 9 11 0.035659056 
478 542 9 11 0.035569534 
289 568 10 12 0.035406545 
592 705 21 26 0.035322767 
823 677 12 14 0.035069007 
350 603 10 12 0.034736436 
214 588 11 15 0.034521792 
752 582 11 13 0.03442411 
526 617 12 16 0.034146354 
714 575 8 9 0.034130145 
547 509 8 10 0.034100033 
510 536 11 12 0.034068648 
598 574 10 14 0.033937976 
393 558 9 12 0.033779066 
531 613 13 17 0.033449512 
566 560 10 11 0.0326379 
219 633 15 18 0.03238417 
617 574 10 12 0.032015644 
476 548 10 11 0.031995684 
648 494 11 14 0.031739824 
639 516 9 12 0.03173345 
685 661 12 14 0.03169524 
708 14 10 12 0.031628948 
552 575 10 14 0.03147888 
126 596 9 11 0.031476643 
317 591 11 14 0.031455517 
511 597 10 12 0.031442698 
724 576 8 10 0.031415 
798 571 13 17 0.03137785 
573 692 12 14 0.031244287 
438 590 10 12 0.031210726 
533 588 9 12 0.031197485 
29 574 10 12 0.031171339 
230 543 9 13 0.030997248 
413 588 9 12 0.030965887 
508 548 10 11 0.030799696 
49 685 12 15 0.030788891 
711 618 10 15 0.030687798 
247 566 8 11 0.030635405 
255 581 10 12 0.030465929 
671 549 10 13 0.030455982 
269 650 12 15 0.03041073 
796 621 13 15 0.030357584 
437 575 8 9 0.030065374 
796 36 10 12 0.029957028 
430 624 8 10 0.029908134 
734 693 9 11 0.02971791 
509 644 10 13 0.02962655 
816 612 9 12 0.029396046 
313 595 12 15 0.029368196 
718 680 9 11 0.029324077 
520 619 11 13 0.029310534 
431 590 11 12 0.029077198 
824 607 10 13 0.028973829 
572 579 12 15 0.028833214 
748 674 12 15 0.028584734 
544 581 8 10 0.028509768 
397 555 9 13 0.028421663 
800 558 21 32 0.028293092 
613 662 13 15 0.028241532 
331 544 10 13 0.02819278 
558 576 12 15 0.028172588 
497 576 9 11 0.02814256 
440 563 11 14 0.028060947 
502 650 11 13 0.028006885 
485 536 9 10 0.027998162 
23 597 10 12 0.027945725 
430 582 11 12 0.027808446 
520 552 9 10 0.027506381 
616 590 9 11 0.027371079 
514 675 13 16 0.02735981 
479 528 9 10 0.027330767 
441 534 7 10 0.027160587 
448 535 8 10 0.026927287 
408 552 8 11 0.026900308 
345 605 9 11 0.026862849 
207 549 8 11 0.026785571 
360 579 10 12 0.026667321 
464 581 9 11 0.02664171 
566 604 12 15 0.026610032 
521 558 8 10 0.026559051 
34 596 13 17 0.026451454 
309 542 9 11 0.02623215 
535 584 8 11 0.026106317 
77 583 8 11 0.026014678 
295 543 9 9 0.026013102 
966 8 9 12 0.025977325 
591 572 10 13 0.02590808 
341 534 11 12 0.025784008 
560 566 12 15 0.025711684 
493 703 16 21 0.025546975 
415 553 10 13 0.025445832 
334 573 9 13 0.025425455 
451 543 10 11 0.025405893 
526 559 8 10 0.02527584 
461 526 9 10 0.025207918 
372 612 12 15 0.025114633 
402 535 8 10 0.02500811 
438 584 11 11 0.024554614 
574 557 11 12 0.024548588 
124 705 13 16 0.024452796 
20 70 9 12 0.024344945 
575 628 9 11 0.0242976 
747 588 14 15 0.024283113 
519 574 10 12 0.024207886 
462 518 10 12 0.024116388 
121 598 9 12 0.024049485 
225 544 9 12 0.023929847 
255 559 10 12 0.023916522 
527 607 11 14 0.023793196 
800 557 13 17 0.023560084 
728 592 10 12 0.023547478 
224 568 10 12 0.023541646 
8 583 7 9 0.023535535 
421 607 12 16 0.023508152 
597 591 9 12 0.023505464 
765 619 11 14 0.0234735 
704 712 14 20 0.023370536 
579 611 12 13 0.023296272 
746 599 15 17 0.023294106 
424 588 9 12 0.02318949 
621 502 9 11 0.023115495 
518 604 11 14 0.023102023 
838 675 12 13 0.023061952 
758 612 11 15 0.022949468 
351 552 9 13 0.022938762 
343 574 9 12 0.022934878 
232 618 12 15 0.022931429 
349 518 8 10 0.022807105 
486 704 12 19 0.022738459 
166 653 10 12 0.022728793 
598 595 11 13 0.02266986 
129 621 11 14 0.022650952 
472 589 9 12 0.022646649 
510 575 9 11 0.022618994 
491 692 28 28 0.022617199 
46 567 7 8 0.022594744 
448 588 9 11 0.022521565 
608 628 10 12 0.02239072 
499 658 21 24 0.022390319 
476 622 11 13 0.022342265 
457 572 9 10 0.022243623 
507 678 14 15 0.02219088 
185 640 11 12 0.02206606 
353 501 8 10 0.021973666 
226 590 12 14 0.021876207 
620 567 24 25 0.021862386 
551 525 10 14 0.02186071 
614 672 14 20 0.021735307 
207 593 12 16 0.021717966 
460 594 13 13 0.021660764 
793 572 11 15 0.021642214 
396 584 13 15 0.021516621 
337 534 10 11 0.021413796 
541 708 15 17 0.021309864 
527 583 9 11 0.021274798 
425 623 8 10 0.021255236 
414 605 15 16 0.021215525 
487 642 14 17 0.021207942 
526 552 8 10 0.021170875 
572 564 13 15 0.021047566 
364 622 12 16 0.021038977 
706 8 10 10 0.021022817 
550 709 13 17 0.020999856 
756 693 9 11 0.020965414 
607 566 9 12 0.020946383 
352 532 10 12 0.02092514 
654 494 9 12 0.020883812 
16 597 9 12 0.020862972 
423 582 10 12 0.02082244 
486 637 13 14 0.020811222 
616 582 9 11 0.02078281 
114 613 8 11 0.020747429 
462 566 9 12 0.02072836 
526 571 9 12 0.020724863 
206 604 23 27 0.020656386 
310 537 7 9 0.020632355 
582 582 8 10 0.02062891 
445 614 9 12 0.02058131 
628 606 10 12 0.020491188 
438 605 14 16 0.020474378 
565 702 13 17 0.020433592 
129 614 10 13 0.020393996 
486 661 12 15 0.020389875 
522 566 9 11 0.020340296 
150 574 12 13 0.020333407 
413 596 10 13 0.020320227 
624 607 9 12 0.020302882 
334 581 9 13 0.020095915 
583 518 9 12 0.02003316 
755 572 14 15 0.020023108 
