6_Funeral_Funeral_6_696
52
458 174 64 84 0.99942636 
266 151 27 34 0.99891984 
966 170 55 71 0.9988714 
329 175 28 36 0.99838924 
118 186 28 36 0.9983146 
5 174 26 32 0.9979316 
675 122 64 85 0.9977156 
813 152 54 69 0.9972332 
60 197 25 30 0.99619305 
159 190 34 45 0.9961033 
22 201 24 32 0.99543107 
895 138 45 56 0.9952419 
560 64 64 99 0.9928953 
557 210 59 90 0.99253863 
94 184 23 33 0.99135005 
365 174 20 29 0.98859763 
220 172 20 29 0.98740095 
405 100 64 61 0.98725533 
90 156 19 25 0.9751932 
388 146 29 40 0.9630766 
293 163 17 23 0.9158538 
59 175 21 24 0.89876115 
22 162 20 26 0.8543702 
168 161 22 24 0.7917533 
806 161 20 29 0.77221096 
518 161 16 19 0.5520966 
550 148 20 33 0.52195626 
348 159 11 12 0.44911012 
786 158 9 12 0.43333662 
960 157 27 39 0.37125242 
282 158 20 30 0.2877868 
220 158 16 19 0.19110215 
114 169 19 23 0.16484891 
186 162 13 20 0.09512283 
163 167 19 23 0.07610331 
536 174 12 18 0.07424675 
809 163 30 53 0.05943561 
390 129 49 64 0.05463611 
357 164 12 16 0.049106177 
159 173 19 27 0.03874076 
534 165 24 31 0.037965804 
343 159 18 19 0.036874693 
366 167 13 19 0.03348032 
788 161 10 14 0.03288744 
801 162 14 21 0.032646485 
167 157 16 19 0.027639775 
216 160 13 18 0.027094884 
86 190 21 33 0.02365597 
157 183 24 35 0.022179212 
499 157 42 53 0.022168966 
105 177 21 30 0.0217053 
21 197 17 24 0.020325659 
