6_Funeral_Funeral_6_140
44
80 98 64 82 0.99867 
498 218 61 69 0.99721646 
880 47 22 27 0.9787288 
774 15 13 17 0.96129555 
826 44 20 24 0.6497225 
47 511 136 170 0.30228975 
731 599 23 26 0.26240525 
381 157 10 11 0.17560461 
320 533 11 13 0.17165266 
1011 41 11 16 0.15367064 
938 84 16 20 0.11728971 
638 208 74 83 0.105112 
765 37 24 31 0.07667497 
765 555 12 13 0.055282675 
853 3 23 24 0.05488889 
743 600 20 21 0.04507654 
981 69 14 18 0.04238317 
728 602 15 21 0.038292658 
788 663 18 15 0.03804694 
662 564 11 16 0.036658484 
704 546 16 18 0.03458004 
925 85 10 13 0.034189887 
683 0 16 14 0.030060818 
763 551 24 26 0.029657423 
530 538 14 18 0.029483074 
666 562 15 18 0.02897654 
851 201 57 62 0.027813708 
684 565 13 16 0.02753884 
746 83 29 32 0.026959468 
980 79 14 18 0.02628837 
770 555 13 15 0.025731979 
980 116 13 17 0.023967568 
242 145 39 36 0.023673056 
642 602 17 22 0.022984203 
667 594 17 18 0.02281455 
680 533 9 11 0.022406898 
660 609 16 18 0.022313902 
447 528 10 12 0.022258721 
431 511 7 9 0.021409202 
769 81 19 21 0.021327434 
1014 98 10 17 0.021096291 
603 570 12 14 0.021002296 
952 76 10 14 0.020425301 
655 566 10 12 0.020370044 
