6_Funeral_Funeral_6_610
21
388 409 107 81 0.97066396 
363 294 110 89 0.95058024 
559 432 42 67 0.24993907 
338 346 174 187 0.1842102 
752 91 56 70 0.1706956 
635 298 53 66 0.1686949 
780 28 61 68 0.08497527 
728 43 92 107 0.07791795 
566 442 66 96 0.06245327 
375 327 116 101 0.05583641 
-42 51 378 459 0.05376242 
739 11 106 99 0.047724795 
825 4 101 104 0.03311084 
642 398 61 90 0.032796923 
863 23 55 66 0.028758071 
753 69 89 110 0.025423637 
887 24 116 97 0.024120033 
772 4 68 65 0.023378091 
590 396 84 117 0.022248087 
884 27 35 42 0.021339914 
876 119 51 65 0.021112481 
