6_Funeral_Funeral_6_77
384
549 360 15 19 0.9680162 
584 361 23 25 0.9595543 
333 337 22 25 0.8479459 
919 357 10 13 0.8477868 
85 356 19 21 0.83979475 
493 353 17 19 0.8222479 
362 353 17 20 0.8163122 
603 354 22 30 0.8100579 
532 377 13 18 0.7443497 
636 375 14 17 0.7403199 
910 437 12 14 0.7347451 
114 369 16 18 0.69046617 
427 365 15 17 0.6847254 
945 505 17 25 0.66270304 
854 362 11 13 0.62191784 
926 499 15 20 0.61255735 
798 379 10 12 0.59586686 
446 356 12 16 0.5403734 
11 374 14 17 0.5323511 
477 376 14 17 0.50315213 
185 372 10 13 0.49137887 
928 541 16 18 0.43461567 
913 468 12 16 0.4306954 
944 382 10 12 0.40331015 
982 517 23 28 0.39847326 
44 377 12 16 0.36861512 
112 388 11 15 0.32279584 
670 365 9 12 0.30603927 
824 375 8 11 0.2879527 
387 384 13 17 0.2857221 
1004 453 15 20 0.26857513 
639 370 16 19 0.25383008 
766 359 9 11 0.25100443 
990 430 11 14 0.24372582 
436 364 13 18 0.23805985 
829 375 8 10 0.21902421 
283 379 13 16 0.2158895 
134 369 10 14 0.1875012 
897 432 9 11 0.18164818 
311 328 13 18 0.17867263 
37 372 15 18 0.17775142 
72 331 13 16 0.17330334 
816 376 8 10 0.16554749 
983 429 12 15 0.16109253 
1005 562 16 22 0.15761922 
471 381 13 15 0.15378667 
669 381 9 12 0.15279615 
418 429 24 30 0.1516616 
223 366 10 13 0.14334308 
924 356 9 12 0.1392861 
893 444 9 11 0.13817346 
198 400 10 12 0.1328969 
135 342 8 10 0.13142279 
694 384 15 20 0.1257037 
904 436 12 14 0.120387346 
974 387 11 14 0.1157403 
156 546 10 12 0.114341006 
463 460 10 12 0.11360604 
887 509 12 17 0.11082543 
901 352 9 12 0.104858845 
47 340 16 17 0.10446606 
128 344 8 11 0.104181945 
846 382 8 11 0.10175422 
950 481 17 17 0.09962642 
406 356 12 15 0.09901292 
880 561 13 14 0.098213434 
916 451 16 17 0.09758683 
916 462 15 18 0.09732483 
173 347 10 13 0.097015426 
1008 421 13 15 0.09394522 
990 542 23 26 0.093782425 
872 374 9 10 0.093667 
192 399 9 12 0.092459574 
143 379 14 16 0.09081294 
792 409 17 17 0.08965436 
665 374 10 13 0.08936578 
980 535 24 30 0.08809613 
404 371 13 14 0.08640348 
916 504 13 17 0.08640053 
952 350 10 13 0.08587208 
771 360 10 11 0.08533591 
406 364 13 16 0.084374316 
794 376 9 12 0.08184016 
507 371 15 18 0.08177363 
808 380 8 11 0.081622824 
809 375 8 11 0.08030501 
499 358 15 19 0.07999634 
193 328 8 10 0.07898456 
980 390 10 13 0.07898428 
263 396 12 14 0.078612156 
974 521 16 22 0.076782145 
469 386 12 14 0.07536436 
148 372 13 14 0.07498446 
476 355 11 14 0.0739216 
923 465 14 16 0.072807156 
228 372 9 12 0.07240644 
846 472 10 12 0.07214469 
763 360 8 10 0.07190379 
102 387 12 15 0.070630915 
457 383 9 11 0.070509575 
914 443 16 19 0.07028219 
741 379 11 13 0.069812015 
31 369 13 17 0.06937009 
262 381 11 13 0.0685478 
128 366 10 15 0.0674543 
980 381 12 15 0.06690952 
1004 568 20 35 0.06639136 
737 367 11 13 0.06525628 
662 388 8 12 0.06525384 
126 348 9 12 0.06498877 
944 468 14 16 0.064847074 
5 396 10 14 0.06369387 
824 406 9 13 0.063148975 
143 372 12 16 0.06266844 
942 443 9 12 0.062640876 
882 359 8 11 0.06232026 
8 339 10 13 0.061553147 
4 316 10 12 0.06146171 
303 368 14 18 0.06140844 
904 404 9 11 0.061095703 
151 366 11 14 0.060610656 
225 395 9 13 0.05878526 
897 356 9 11 0.058773316 
185 348 9 11 0.058723424 
221 381 9 12 0.058656536 
815 379 8 11 0.05838972 
990 620 16 18 0.057874493 
895 437 10 12 0.057763632 
750 379 9 12 0.057458874 
724 407 13 16 0.057418264 
926 400 9 11 0.05726463 
1006 445 14 18 0.056766484 
735 374 12 14 0.056610014 
888 439 10 13 0.05655862 
881 477 9 11 0.056093276 
463 383 9 13 0.055751517 
52 332 14 16 0.055589493 
199 350 9 11 0.055138744 
229 394 11 14 0.05330709 
61 359 13 15 0.053094156 
846 377 8 9 0.05299581 
405 351 11 14 0.052186336 
61 380 15 18 0.052163742 
991 379 12 15 0.051978864 
981 396 9 12 0.0508382 
968 383 10 13 0.050800715 
773 365 9 11 0.05069157 
784 373 7 10 0.05010223 
292 386 13 16 0.04949932 
889 380 9 12 0.048931133 
910 506 15 18 0.048658755 
70 561 8 9 0.04793175 
252 415 11 15 0.047781065 
693 373 12 14 0.047747664 
600 107 12 14 0.04694468 
280 384 12 17 0.045698293 
194 332 9 11 0.044262793 
120 344 9 12 0.04418279 
120 561 7 9 0.0441 
988 508 24 29 0.042722218 
879 472 8 11 0.042527746 
865 351 9 11 0.042213652 
693 365 11 13 0.042210877 
1 333 10 14 0.04214107 
60 331 10 13 0.04127246 
255 387 10 13 0.041254748 
247 387 10 13 0.04087914 
729 378 11 14 0.040254686 
269 381 10 13 0.040007822 
977 429 12 16 0.039916582 
949 410 21 27 0.039392546 
110 589 12 14 0.03920927 
1009 379 11 14 0.038965266 
128 420 14 18 0.038873903 
178 542 8 11 0.038807094 
885 476 8 11 0.038740646 
897 485 9 12 0.03860895 
256 396 11 15 0.038283136 
838 400 8 11 0.038108665 
46 333 14 16 0.037920408 
170 550 8 11 0.03789803 
111 558 9 11 0.037748665 
448 326 12 15 0.037701875 
398 365 13 15 0.037618276 
960 383 8 11 0.03727013 
219 374 9 10 0.037107825 
278 343 10 13 0.036389828 
122 566 8 9 0.036123022 
135 551 9 12 0.036062226 
205 399 9 12 0.036038682 
990 499 15 18 0.035569303 
903 374 8 10 0.035568304 
126 356 11 14 0.03519608 
158 371 10 14 0.035106465 
182 542 8 12 0.03479837 
545 395 11 15 0.034729373 
267 390 11 16 0.034580868 
200 373 12 14 0.034345705 
873 470 8 10 0.03421698 
568 306 10 12 0.03401835 
222 360 11 12 0.033902414 
826 486 17 18 0.033854898 
253 373 15 16 0.033744823 
190 345 10 11 0.033644993 
951 376 9 11 0.0335937 
173 327 9 11 0.03291021 
798 486 9 10 0.032421146 
759 381 8 11 0.03238066 
516 377 12 17 0.03234148 
296 371 12 17 0.032031156 
991 386 12 16 0.03191709 
0 392 10 16 0.0317862 
486 362 12 16 0.031750448 
1007 389 11 15 0.031659674 
411 358 11 15 0.031597544 
85 335 40 47 0.031463645 
1010 370 12 19 0.031219745 
141 366 11 14 0.031168053 
919 492 13 19 0.03113722 
470 351 13 15 0.031043615 
18 372 15 18 0.030910423 
896 479 10 12 0.030816803 
369 327 8 10 0.030531298 
881 366 8 10 0.030348575 
293 394 13 15 0.030220406 
584 352 38 41 0.030212462 
15 413 10 13 0.030135214 
438 397 13 14 0.030075243 
563 363 12 17 0.030057505 
103 364 12 14 0.03003615 
815 369 8 10 0.029960616 
759 398 13 16 0.029946443 
941 482 13 15 0.029786885 
198 344 9 10 0.0297674 
173 446 11 13 0.029724084 
508 356 13 16 0.029676206 
469 405 12 15 0.029511733 
452 358 11 17 0.029347306 
199 380 11 12 0.029235091 
411 370 11 15 0.029212825 
854 471 10 13 0.02909166 
973 445 14 19 0.028953187 
391 364 11 16 0.028721867 
842 375 8 10 0.028698148 
982 374 11 13 0.028577108 
1000 543 21 35 0.028453296 
720 373 10 13 0.028448464 
931 467 14 16 0.028290901 
1012 463 13 21 0.028263465 
297 365 11 14 0.02814193 
782 477 11 13 0.028008169 
976 375 12 14 0.02793598 
145 567 8 10 0.02786976 
935 439 10 13 0.027829956 
448 545 7 9 0.027811836 
907 514 17 20 0.0277129 
860 357 9 12 0.02770378 
840 405 8 11 0.027651358 
377 566 9 11 0.027618999 
424 359 12 16 0.027586946 
707 385 12 17 0.027532868 
758 548 8 10 0.027289208 
847 406 10 12 0.027264215 
241 383 9 12 0.026855532 
118 357 13 16 0.026713783 
906 468 11 14 0.02670839 
775 372 8 12 0.026626999 
95 382 12 15 0.026554847 
401 349 11 12 0.026539985 
630 357 10 15 0.026457975 
189 357 11 11 0.02645642 
982 498 14 16 0.02638997 
542 387 12 16 0.026209302 
194 541 8 11 0.02610656 
440 349 13 16 0.026077319 
186 399 8 12 0.02600067 
192 392 9 11 0.025818035 
1010 412 13 19 0.02578241 
822 400 9 12 0.0257615 
40 567 8 10 0.025727551 
817 485 8 11 0.025679486 
897 367 7 10 0.025590967 
950 407 13 15 0.025542732 
109 376 19 24 0.025356708 
28 388 12 13 0.025356399 
239 389 9 13 0.025276445 
863 472 8 10 0.025172302 
790 479 10 11 0.024916122 
1010 394 12 17 0.024699988 
272 341 10 14 0.024681568 
665 360 8 10 0.02461697 
158 433 15 17 0.02450229 
509 386 12 15 0.02441281 
701 374 12 15 0.024377482 
74 336 14 17 0.024271749 
869 572 10 12 0.02425697 
167 379 9 13 0.024070766 
999 388 10 15 0.024007345 
923 446 14 17 0.023924632 
950 388 10 12 0.023843624 
791 368 8 9 0.023841577 
832 367 7 11 0.023824723 
670 387 9 12 0.0238189 
732 404 13 18 0.023768717 
126 416 11 13 0.023663865 
178 366 10 13 0.023657339 
141 385 15 16 0.023447748 
458 355 13 16 0.023395473 
630 364 12 17 0.023321813 
112 343 11 13 0.023298282 
845 413 9 10 0.023241224 
573 361 13 20 0.02323079 
951 364 9 11 0.023168754 
477 364 14 16 0.023124687 
38 331 10 14 0.023117343 
500 394 14 17 0.023078747 
904 414 9 11 0.023019113 
166 574 9 11 0.022867436 
205 367 10 12 0.022732839 
940 472 21 23 0.022714963 
777 478 10 12 0.022676064 
901 479 10 12 0.022670632 
184 358 11 13 0.022668086 
990 461 12 16 0.022627681 
304 367 22 28 0.022617804 
429 351 13 15 0.022568524 
29 380 13 15 0.022542011 
1011 402 11 17 0.022494197 
984 428 20 23 0.022485701 
421 389 11 14 0.022415971 
992 395 12 15 0.022358939 
262 408 14 16 0.022300215 
424 317 12 16 0.022132734 
756 374 9 12 0.022100564 
280 366 10 12 0.022092378 
734 397 10 14 0.02206138 
446 390 11 13 0.021935446 
21 365 14 17 0.02185436 
503 377 15 17 0.021782441 
570 354 14 20 0.021738704 
766 390 9 12 0.021737669 
816 479 8 11 0.021706956 
846 343 9 10 0.021489687 
265 402 14 16 0.021453546 
235 395 11 15 0.02145271 
169 344 10 13 0.021391 
806 391 9 11 0.021379331 
920 538 14 21 0.021311859 
68 358 11 15 0.021306653 
64 385 16 19 0.021224404 
853 404 14 14 0.02107754 
468 393 14 18 0.021071658 
995 432 12 16 0.021011064 
1006 435 16 19 0.020962087 
1 423 8 14 0.020960247 
96 566 8 9 0.020932907 
55 380 9 14 0.020913165 
688 370 24 31 0.020878006 
833 359 8 10 0.02086451 
978 448 14 18 0.020842992 
818 404 10 14 0.020811243 
761 365 8 10 0.020783251 
760 389 8 12 0.020741045 
893 471 11 13 0.020704951 
880 507 14 19 0.02061153 
811 368 7 10 0.020607973 
142 550 8 10 0.020556692 
996 422 11 16 0.020556092 
93 335 9 11 0.020552944 
911 382 8 10 0.020528661 
675 363 10 14 0.020515416 
454 374 10 13 0.02049086 
199 391 10 12 0.020344486 
946 358 8 11 0.020310415 
429 386 11 14 0.020291656 
722 401 21 27 0.020259416 
817 398 9 11 0.020256622 
954 353 12 15 0.020212952 
930 502 26 31 0.020208023 
693 359 10 12 0.020172106 
765 382 9 11 0.02013488 
719 365 12 15 0.020114666 
735 374 22 24 0.020069411 
652 371 11 15 0.020062784 
