6_Funeral_Funeral_6_177
170
783 158 35 42 0.99890995 
877 157 29 36 0.99775404 
448 259 26 39 0.99733514 
628 189 30 39 0.9952834 
916 153 26 40 0.9919007 
492 260 28 36 0.99167764 
536 257 27 37 0.99100786 
225 233 28 45 0.9900643 
688 173 28 42 0.9885787 
418 258 30 45 0.9758848 
550 215 34 58 0.97452164 
900 196 28 32 0.9551795 
261 185 39 61 0.8986208 
358 190 10 14 0.8923857 
515 193 13 16 0.88003004 
146 182 37 32 0.87052643 
966 161 21 30 0.8321775 
449 188 10 12 0.7851335 
411 175 13 16 0.38163373 
438 235 16 17 0.33636698 
368 195 10 14 0.2127483 
557 179 9 12 0.20496722 
13 202 10 16 0.19588913 
396 193 12 17 0.179662 
3 201 15 18 0.17596261 
412 193 12 17 0.15652308 
144 655 11 13 0.14079231 
136 176 33 33 0.12441376 
499 188 15 18 0.120677315 
482 196 14 15 0.11388824 
757 195 12 15 0.09956875 
70 232 36 44 0.09751672 
577 176 10 12 0.09660708 
96 598 10 12 0.09659659 
250 194 25 34 0.086695 
17 613 8 10 0.0849838 
553 176 8 12 0.0845417 
480 448 47 62 0.083790466 
86 232 35 51 0.08271467 
955 157 22 34 0.082402095 
155 580 8 11 0.0823353 
11 233 16 21 0.07362878 
56 549 9 11 0.07338153 
376 190 12 16 0.06897259 
400 266 25 35 0.06722415 
101 226 34 54 0.06420241 
319 206 22 29 0.06330208 
128 589 9 11 0.06124516 
68 606 11 13 0.06100711 
299 208 26 33 0.060204927 
116 656 10 12 0.0599197 
252 201 12 17 0.058546003 
112 597 9 10 0.057468463 
482 203 14 15 0.0574057 
406 203 15 23 0.05550921 
242 203 25 31 0.054046586 
285 188 29 49 0.052550633 
223 174 29 26 0.051297855 
911 182 25 34 0.050971363 
406 189 14 17 0.05067272 
143 190 51 41 0.04929324 
38 214 30 52 0.047633797 
47 612 8 10 0.046963956 
41 613 8 10 0.046349686 
113 533 7 10 0.04633959 
97 475 8 11 0.045140114 
837 187 16 21 0.044977248 
31 553 8 10 0.04438839 
763 197 14 16 0.043444477 
435 243 20 23 0.043015413 
525 226 12 19 0.0416478 
143 594 10 13 0.041601345 
550 195 10 14 0.041288253 
33 614 7 10 0.041065626 
253 228 25 38 0.040986393 
545 197 10 13 0.04055725 
234 181 16 17 0.040041916 
494 179 16 17 0.03924688 
209 571 9 12 0.038846392 
4 588 9 13 0.03848129 
125 172 27 34 0.03808182 
830 141 11 13 0.0371004 
440 160 7 10 0.035581883 
65 484 9 11 0.03452898 
40 568 8 10 0.034058847 
22 613 8 11 0.033696525 
1001 201 23 36 0.033429943 
1011 164 13 21 0.033194643 
169 581 8 10 0.03291151 
114 660 9 10 0.032881703 
32 628 8 11 0.032133613 
494 237 14 17 0.03138796 
315 212 17 23 0.030904276 
438 164 9 11 0.03088636 
524 194 12 16 0.030459018 
274 659 10 13 0.030369878 
183 576 8 11 0.03006646 
543 174 11 14 0.029883256 
975 162 19 23 0.029617874 
0 582 9 13 0.029493703 
479 191 13 16 0.029396603 
579 178 12 14 0.029394738 
25 553 8 10 0.029391013 
368 158 9 12 0.029125068 
354 192 10 16 0.028982274 
23 196 10 13 0.028950742 
436 224 16 18 0.028817112 
375 158 10 12 0.028393105 
39 628 9 11 0.02827924 
39 552 8 10 0.028191604 
17 202 14 19 0.027806005 
389 205 14 19 0.027633827 
510 171 10 13 0.027606511 
167 470 9 12 0.027511308 
536 172 11 13 0.027487345 
234 272 17 23 0.027457802 
740 180 10 13 0.02739924 
17 624 8 10 0.02738254 
254 217 15 19 0.027278896 
87 540 10 13 0.027108373 
18 229 13 19 0.026914777 
391 190 13 17 0.026860278 
259 227 16 18 0.026842007 
313 485 8 9 0.026643839 
17 554 8 9 0.026358254 
65 610 8 12 0.026352728 
358 156 9 12 0.026277969 
339 185 12 18 0.02611508 
70 550 10 12 0.026053438 
46 566 8 10 0.026016278 
130 662 8 9 0.025986273 
168 519 8 10 0.025974397 
423 187 10 14 0.02584469 
548 199 13 20 0.02580014 
568 180 9 12 0.025740344 
371 195 14 21 0.025637053 
331 182 15 19 0.025477838 
85 612 11 13 0.024566786 
23 507 8 11 0.024516497 
554 194 14 17 0.023811465 
495 167 11 12 0.023258872 
23 556 8 10 0.023060441 
363 455 12 13 0.022826344 
71 557 11 13 0.022688959 
531 197 11 15 0.022643894 
534 215 11 13 0.022633959 
33 569 7 9 0.022568712 
41 504 8 11 0.022556914 
41 557 8 10 0.02244884 
109 187 28 37 0.022380326 
101 605 10 13 0.022375852 
142 477 10 12 0.022279423 
38 203 13 17 0.022175562 
421 180 11 15 0.02210501 
118 544 9 12 0.021946771 
333 486 8 9 0.021809343 
375 169 12 14 0.02177389 
206 320 29 35 0.02175491 
135 589 9 12 0.021740898 
158 475 9 12 0.021564467 
186 163 26 37 0.021446606 
938 159 25 35 0.021430114 
24 629 8 9 0.021198502 
353 156 9 12 0.021122959 
381 185 10 13 0.021017794 
161 663 8 10 0.020789415 
128 534 8 11 0.020357663 
143 585 9 11 0.02033927 
379 158 11 15 0.020189205 
28 196 11 13 0.020103104 
