6_Funeral_Funeral_6_676
44
853 44 33 43 0.9982095 
558 151 49 66 0.9978047 
730 36 33 41 0.99780196 
609 263 49 68 0.98547053 
499 251 34 47 0.97743315 
669 179 38 52 0.95639694 
910 241 45 50 0.89410555 
650 56 29 39 0.7821137 
310 263 28 30 0.74852335 
553 220 30 38 0.1418158 
114 324 13 18 0.072456576 
205 253 24 32 0.07200606 
315 273 31 33 0.051667072 
947 189 21 28 0.04713111 
149 339 15 17 0.046119668 
52 182 34 35 0.04281326 
796 45 15 21 0.040330626 
142 335 27 28 0.036081407 
222 257 30 31 0.035918403 
220 178 31 31 0.03510076 
246 290 14 16 0.033765525 
141 324 12 16 0.033112396 
96 441 9 11 0.029759927 
222 304 11 13 0.028999694 
304 241 27 38 0.027125424 
258 308 12 17 0.026938116 
152 302 10 12 0.025909645 
0 239 10 18 0.02557106 
226 258 17 20 0.025412565 
488 272 28 43 0.02506242 
121 322 15 19 0.024602039 
88 274 26 28 0.0244215 
100 320 24 25 0.023887616 
67 331 12 14 0.023674423 
318 287 41 53 0.02356832 
113 234 30 31 0.023567671 
301 190 71 56 0.023063915 
127 338 41 45 0.02303015 
141 318 11 13 0.022680387 
328 244 29 31 0.022182742 
467 182 17 19 0.022011165 
285 300 9 14 0.020802667 
81 263 28 30 0.020124983 
336 127 30 32 0.020124199 
