6_Funeral_Funeral_6_759
106
717 138 30 38 0.9989147 
336 181 32 38 0.99889165 
326 92 32 37 0.9988201 
316 0 28 33 0.9986583 
380 117 33 39 0.99851793 
692 50 29 40 0.998516 
443 160 35 46 0.9985006 
567 13 29 37 0.9984226 
497 30 30 39 0.9984023 
364 55 30 39 0.99838424 
17 92 32 42 0.99834204 
127 94 32 39 0.99833316 
682 11 30 37 0.9982849 
195 0 29 39 0.99824846 
851 275 28 37 0.998247 
797 99 29 37 0.99815446 
949 146 34 42 0.99791616 
744 351 34 42 0.9978842 
777 214 33 41 0.9976585 
451 2 27 32 0.9975719 
654 133 34 41 0.997465 
435 70 28 42 0.99745244 
603 81 30 36 0.99745196 
728 64 33 40 0.9972203 
385 16 27 34 0.9971668 
801 28 26 38 0.9970938 
71 167 34 46 0.99690765 
267 162 36 48 0.99674916 
911 46 30 37 0.9967347 
124 9 32 45 0.99670726 
461 95 31 37 0.99630535 
170 67 30 44 0.99619126 
634 25 26 34 0.9961713 
96 77 30 35 0.9959603 
899 284 38 54 0.99584866 
202 160 28 37 0.9958242 
958 215 34 44 0.99526817 
865 121 34 41 0.9949308 
651 184 37 47 0.99458694 
965 96 25 37 0.9942367 
497 258 41 50 0.99139494 
109 270 40 54 0.98750263 
47 144 30 42 0.98675156 
317 275 41 48 0.98519194 
264 115 32 39 0.9835216 
956 63 24 30 0.98168063 
978 333 31 35 0.9706448 
364 13 22 29 0.96680284 
62 311 26 32 0.9604544 
203 92 26 32 0.9582718 
893 0 24 24 0.9564422 
660 99 28 33 0.9551423 
178 157 26 32 0.9447968 
252 87 28 33 0.93128705 
877 94 28 32 0.9177172 
272 66 28 32 0.90765655 
776 15 24 33 0.7459676 
497 6 22 28 0.65925777 
545 49 27 33 0.58446985 
227 1 22 29 0.5759744 
235 63 30 40 0.5395283 
191 158 27 35 0.43562415 
788 14 23 32 0.4242227 
244 76 30 37 0.3534852 
548 31 20 27 0.34641188 
275 301 35 42 0.30072212 
772 22 18 25 0.29366317 
653 1 18 14 0.2638639 
548 172 38 37 0.23979257 
373 9 23 33 0.22045329 
28 306 16 20 0.17127256 
66 156 30 40 0.16457902 
255 100 30 39 0.14317831 
916 -1 27 19 0.13904575 
410 21 20 28 0.11857952 
270 50 28 31 0.11099787 
836 0 18 21 0.10664066 
504 1 20 21 0.08871905 
634 8 22 29 0.087061785 
427 143 30 34 0.08241063 
450 71 27 35 0.06378161 
546 0 22 17 0.059433226 
780 5 25 29 0.049447197 
259 72 36 44 0.048366062 
786 25 17 25 0.04608605 
260 62 27 35 0.041170653 
635 107 21 28 0.04019022 
417 34 15 22 0.039876584 
533 0 15 12 0.0316952 
643 3 27 23 0.03154987 
400 19 23 33 0.030856065 
650 106 29 35 0.03076515 
553 36 24 30 0.030625364 
500 0 16 15 0.028503656 
968 1 26 24 0.028463183 
387 0 18 13 0.02834332 
443 84 36 44 0.027193366 
70 141 30 36 0.02715032 
557 147 42 56 0.027128864 
685 30 27 36 0.024801238 
345 3 18 23 0.02238716 
990 219 29 35 0.022090998 
264 79 21 24 0.02155743 
654 112 37 46 0.021329569 
460 65 25 32 0.021084204 
448 40 24 27 0.02000066 
