6_Funeral_Funeral_6_252
67
664 156 114 140 0.99927634 
24 280 60 71 0.99925166 
806 220 59 81 0.998626 
355 194 107 138 0.99834967 
161 248 60 69 0.99809927 
877 210 56 71 0.99744666 
922 256 56 67 0.99736977 
175 155 43 55 0.9959753 
52 208 52 66 0.99364567 
979 290 44 71 0.99020946 
97 163 44 56 0.9886154 
978 210 46 70 0.98561865 
728 291 67 86 0.98363805 
39 140 39 54 0.9634134 
1 137 40 58 0.96145344 
204 189 52 64 0.95472944 
234 240 48 64 0.88091636 
542 178 40 50 0.8489194 
750 232 47 63 0.5524211 
871 663 37 50 0.37983003 
894 179 39 46 0.320868 
19 132 41 58 0.15880196 
582 186 58 86 0.1252735 
59 1266 24 30 0.11788089 
1004 969 19 30 0.10354416 
955 956 14 18 0.096832246 
938 970 16 19 0.07558452 
965 961 11 17 0.073286265 
168 1101 29 32 0.068431236 
896 956 12 15 0.066715695 
137 1149 47 57 0.05957367 
891 238 52 64 0.05939916 
4 254 36 46 0.05914983 
948 959 16 20 0.057790585 
946 263 51 67 0.055532265 
1014 891 9 14 0.051111616 
46 238 51 55 0.045530524 
895 950 12 14 0.045174573 
966 940 10 13 0.04270358 
146 826 21 30 0.042518757 
702 240 94 107 0.041483425 
479 185 24 27 0.03927535 
24 1228 44 53 0.039032906 
924 986 16 22 0.038927 
949 996 13 18 0.036646143 
239 1178 65 68 0.036433805 
0 179 27 41 0.032985173 
849 220 49 75 0.032547902 
240 1046 63 54 0.032505747 
284 1106 26 30 0.03232349 
963 1018 15 17 0.031623032 
8 254 58 67 0.031557184 
31 1221 29 31 0.031018598 
737 210 75 102 0.0298644 
928 973 23 29 0.028893804 
266 1115 45 57 0.028730448 
869 262 45 59 0.027132643 
691 1052 136 112 0.0253192 
950 951 15 19 0.024374306 
927 953 13 17 0.024266418 
139 1187 15 17 0.023843007 
130 1146 31 40 0.022048576 
145 1205 25 30 0.021760354 
931 949 12 15 0.02159354 
218 1028 33 31 0.021278301 
961 941 11 14 0.020216612 
109 1207 35 40 0.020101596 
