6_Funeral_Funeral_6_1029
30
593 112 109 137 0.99963677 
272 126 110 137 0.99958104 
837 103 55 71 0.99910563 
979 93 46 90 0.99839824 
-1 199 30 40 0.99748355 
79 144 32 45 0.99551165 
41 175 38 51 0.9895474 
147 159 36 47 0.98617876 
416 195 39 66 0.96626776 
612 0 16 13 0.11003225 
370 237 35 43 0.07442024 
445 75 13 17 0.069207594 
390 237 38 41 0.043605074 
406 182 27 45 0.040572196 
398 208 43 64 0.039075676 
723 81 51 70 0.038384143 
620 22 21 28 0.0371374 
787 167 37 44 0.03688753 
3 2 17 19 0.035854183 
367 166 29 46 0.03551136 
381 175 33 41 0.033881743 
30 19 10 13 0.0335796 
164 110 11 13 0.029296258 
484 1 27 24 0.026090026 
38 122 11 13 0.025749085 
767 140 36 44 0.025282335 
539 8 22 36 0.02296759 
0 9 10 17 0.022915013 
68 65 14 16 0.020854946 
388 172 42 65 0.020649483 
