6_Funeral_Funeral_6_160
30
203 181 62 83 0.99885285 
897 98 61 83 0.99751115 
362 305 46 57 0.9973314 
871 252 64 90 0.997218 
783 210 49 73 0.9969015 
835 124 49 64 0.9968545 
359 220 33 46 0.99672014 
750 170 49 72 0.9966444 
23 230 61 101 0.99464464 
612 375 38 51 0.9924759 
156 217 64 90 0.9914881 
864 205 51 74 0.989593 
45 85 47 84 0.9820565 
719 160 38 52 0.98192936 
264 206 45 66 0.9623123 
723 203 29 46 0.7851717 
292 186 36 58 0.73479706 
145 181 29 38 0.59575844 
-5 135 63 134 0.39743772 
1001 92 21 49 0.263587 
82 197 42 60 0.23162039 
580 245 10 12 0.04182961 
159 190 49 73 0.037401315 
116 188 44 54 0.033263825 
22 202 52 85 0.029865166 
737 198 35 48 0.025385605 
10 97 72 107 0.024478527 
607 227 45 55 0.023363344 
901 222 57 83 0.02307539 
480 1279 9 12 0.021197652 
