6_Funeral_Funeral_6_760
41
210 126 98 130 0.9992036 
666 360 27 32 0.98990905 
962 161 14 18 0.9774694 
575 355 10 12 0.8701215 
631 156 22 24 0.77846533 
924 164 13 16 0.71087563 
411 318 25 32 0.48257834 
756 161 15 23 0.44844428 
673 426 18 25 0.42539826 
863 328 10 12 0.17971541 
920 147 12 14 0.11188101 
604 355 10 13 0.09593712 
561 352 8 12 0.08555351 
902 155 15 22 0.0791939 
775 301 9 11 0.0749535 
608 174 10 13 0.07083685 
952 310 8 10 0.06430208 
832 162 23 24 0.062736526 
735 71 12 14 0.0602224 
525 91 360 491 0.051170595 
723 66 12 14 0.048669465 
932 165 12 15 0.045769725 
590 359 9 12 0.03774101 
908 143 9 12 0.037115086 
548 362 12 15 0.037102092 
579 162 14 20 0.03599459 
974 163 12 17 0.03265822 
895 161 15 20 0.031032162 
843 157 24 27 0.030480023 
750 165 16 21 0.030272879 
920 156 13 17 0.030011877 
908 148 11 14 0.028274627 
769 302 9 11 0.027656043 
709 173 12 16 0.026730573 
957 310 9 10 0.025574982 
634 147 19 22 0.024909314 
853 61 11 12 0.024190294 
858 328 9 11 0.021803312 
688 131 12 13 0.020204024 
550 352 9 12 0.020177044 
900 168 13 17 0.020062326 
