6_Funeral_Funeral_6_618
41
732 478 122 159 0.99982315 
914 4312 111 136 0.99925417 
546 2049 224 216 0.9989177 
352 493 47 63 0.99842477 
529 1195 99 117 0.996527 
274 499 51 56 0.99539363 
383 531 31 50 0.99383014 
266 2478 72 91 0.9935191 
165 529 40 56 0.9925412 
638 3346 131 153 0.9922816 
93 2466 65 104 0.9847482 
77 507 37 55 0.9679248 
203 491 45 52 0.9576736 
325 1312 60 65 0.5208708 
436 3553 110 95 0.15731446 
648 3144 364 418 0.11453598 
430 1805 115 98 0.09458094 
358 3505 199 178 0.07855287 
548 3568 51 57 0.07784754 
94 486 20 31 0.07202182 
90 494 27 47 0.070072316 
610 986 342 446 0.06775476 
447 3443 105 101 0.061838083 
126 4225 76 62 0.058552045 
338 1220 60 68 0.056942258 
284 1322 77 69 0.05281343 
457 1812 75 58 0.040502634 
270 1867 149 114 0.04047989 
376 2409 436 489 0.039385445 
636 1142 118 173 0.03522452 
449 2595 187 148 0.03304999 
169 458 24 30 0.030997872 
368 529 34 40 0.030894741 
277 1269 101 112 0.026615366 
748 1612 10 13 0.025685929 
347 1302 67 62 0.025550926 
325 1167 69 67 0.025240056 
395 1232 11 14 0.024780646 
85 450 26 30 0.024558851 
563 2488 256 318 0.021709073 
892 2560 26 39 0.020001922 
