6_Funeral_Funeral_6_531
207
82 332 19 25 0.99131787 
164 318 16 21 0.9792068 
384 268 11 13 0.9683717 
44 337 19 24 0.9619416 
262 291 13 18 0.9589029 
136 324 16 23 0.909548 
230 326 12 17 0.89704263 
196 317 11 15 0.8754595 
353 279 10 13 0.87437284 
337 279 11 14 0.8356722 
447 248 9 11 0.7292519 
114 329 13 18 0.7105123 
414 264 9 12 0.55623454 
321 279 10 13 0.50383973 
406 262 8 11 0.42431787 
246 294 12 17 0.3749412 
434 254 8 11 0.3700023 
221 309 12 14 0.3396037 
524 232 9 11 0.3090601 
270 283 11 13 0.27283993 
478 241 7 10 0.26651594 
460 257 9 11 0.24187529 
285 291 12 14 0.20306252 
292 303 10 14 0.18443976 
488 252 9 11 0.17764966 
221 305 9 11 0.16838531 
513 246 8 11 0.16681176 
558 225 7 9 0.1446392 
511 230 7 10 0.13586153 
181 319 11 15 0.12889428 
433 247 9 11 0.12000565 
928 262 9 11 0.119955 
964 243 12 15 0.11076393 
865 222 9 12 0.10718424 
485 262 7 10 0.102352716 
0 347 11 18 0.10187715 
988 243 16 18 0.0977342 
918 245 9 12 0.092487104 
419 260 9 12 0.090533674 
0 332 13 19 0.0894449 
963 221 14 16 0.087945715 
976 207 8 10 0.084474534 
278 286 10 13 0.07937553 
871 239 9 11 0.078209035 
895 207 10 14 0.07667614 
872 245 9 11 0.076126575 
538 233 8 11 0.07457081 
437 260 8 12 0.074219726 
489 232 8 10 0.07154561 
367 270 9 10 0.0711412 
196 311 11 14 0.068123996 
854 240 10 13 0.06674304 
555 225 7 9 0.06662663 
889 246 8 9 0.066518985 
961 152 9 11 0.0662391 
918 240 9 11 0.06307942 
418 255 8 10 0.06247243 
433 240 8 11 0.061589107 
510 239 9 11 0.060204837 
941 200 9 11 0.05883361 
416 248 8 10 0.056202117 
215 330 10 15 0.053510062 
734 161 15 18 0.052744806 
127 323 11 17 0.05080726 
504 225 7 9 0.05078517 
911 236 9 12 0.050418045 
314 279 8 12 0.04953574 
296 287 8 10 0.049472038 
514 213 7 10 0.0493022 
492 248 9 11 0.048485387 
112 319 11 14 0.048269656 
893 240 9 10 0.04779914 
228 317 13 18 0.04757 
980 250 15 17 0.047445178 
911 206 9 9 0.047075227 
876 204 15 17 0.046130866 
643 396 13 13 0.046121176 
256 292 12 17 0.045591958 
979 258 16 20 0.045351394 
934 212 9 12 0.044528756 
438 231 8 10 0.044411395 
252 296 12 17 0.043166954 
961 239 10 13 0.043096285 
952 199 9 10 0.042910237 
313 284 8 11 0.04265468 
506 229 8 10 0.042612564 
245 307 11 15 0.041928843 
292 311 13 18 0.041583184 
247 289 9 14 0.041261557 
517 215 8 10 0.040790495 
150 323 11 16 0.04078016 
356 282 10 13 0.04059326 
937 207 8 10 0.04042821 
206 316 9 13 0.040230174 
439 239 8 10 0.04018219 
854 301 14 19 0.04015646 
640 232 9 11 0.03992058 
952 242 8 10 0.039909787 
641 402 17 17 0.03988248 
864 217 10 12 0.039834145 
951 246 9 12 0.039265253 
442 246 8 12 0.038983926 
422 256 7 10 0.03876607 
495 237 8 10 0.03850075 
447 222 8 10 0.03772982 
960 225 14 17 0.03763944 
217 314 12 15 0.037600126 
902 247 8 10 0.037587408 
906 237 9 10 0.03652105 
505 159 10 13 0.035767708 
895 245 8 11 0.035735756 
1006 244 9 14 0.0354579 
601 225 8 10 0.034768082 
36 304 15 19 0.03450603 
511 209 8 9 0.033903994 
361 230 7 10 0.033805132 
412 284 11 14 0.03378188 
871 212 11 12 0.033335228 
902 205 9 11 0.0332671 
582 237 8 9 0.03310664 
513 252 8 10 0.032976642 
454 230 8 10 0.03283443 
441 223 8 9 0.032664854 
206 311 8 11 0.031712357 
307 308 11 16 0.031553235 
639 236 8 10 0.030941192 
402 258 8 10 0.030761877 
973 244 14 18 0.0306742 
474 244 7 10 0.030563496 
764 313 9 11 0.030544268 
117 319 11 15 0.03011021 
85 318 13 15 0.03000185 
929 239 8 10 0.029783014 
43 190 214 305 0.029596666 
885 204 13 15 0.02949121 
974 200 8 11 0.029402059 
964 155 9 11 0.02924621 
995 246 15 17 0.02905673 
207 325 10 15 0.028889002 
512 226 7 9 0.028847065 
904 200 10 12 0.027948402 
465 240 8 9 0.02789288 
878 247 9 11 0.02788621 
201 359 15 20 0.027871517 
543 257 8 10 0.027870644 
872 251 9 13 0.027415024 
608 223 8 10 0.027351448 
833 206 15 15 0.027247148 
928 244 9 11 0.02700528 
904 219 9 12 0.026653193 
951 220 11 13 0.026283232 
1007 204 10 13 0.026235785 
878 254 9 11 0.026120128 
473 231 7 9 0.026036425 
646 150 10 12 0.026016176 
918 233 9 11 0.025976958 
982 239 16 19 0.025974995 
410 266 10 13 0.025931817 
480 230 8 10 0.025729368 
367 264 9 11 0.025571622 
970 198 8 10 0.025398934 
361 263 8 10 0.025390934 
268 295 11 16 0.025217846 
265 278 10 12 0.025182858 
933 240 8 10 0.025025561 
409 247 8 10 0.02473895 
302 286 8 11 0.024694014 
606 247 7 10 0.024403635 
494 232 8 10 0.024252864 
369 247 7 9 0.024193304 
454 224 8 9 0.024079267 
945 248 8 11 0.023950405 
327 333 10 12 0.023896841 
462 276 9 12 0.023627315 
934 160 9 11 0.023472276 
943 252 9 11 0.023309758 
294 292 9 12 0.023281144 
452 247 8 11 0.022997448 
894 231 8 10 0.022959115 
900 212 10 14 0.022894276 
392 247 7 9 0.02285708 
544 215 7 10 0.022579381 
174 309 10 13 0.022416232 
361 271 8 11 0.022374956 
990 197 9 13 0.02220239 
1014 204 8 13 0.022177678 
975 174 8 9 0.022119956 
498 264 8 10 0.022112794 
944 214 9 12 0.021985253 
497 271 8 10 0.021844393 
1012 244 10 14 0.021559734 
507 238 8 11 0.021487927 
861 181 9 10 0.02145498 
219 310 17 24 0.021439131 
904 167 10 13 0.021406345 
918 207 8 9 0.021403437 
109 334 17 19 0.021097502 
868 228 11 13 0.020877847 
951 204 9 11 0.020794641 
520 264 8 10 0.020728402 
768 147 8 12 0.020644525 
950 215 10 12 0.020418234 
390 255 9 10 0.020390248 
976 182 9 11 0.020344552 
104 331 11 14 0.020248078 
908 221 11 12 0.020232731 
583 273 8 9 0.02000509 
