32_Worker_Laborer_Worker_Laborer_32_566
60
670 370 49 65 0.9970053 
316 290 12 15 0.3887733 
105 457 8 10 0.25397515 
89 219 9 13 0.23298803 
439 309 8 10 0.16693038 
294 241 8 9 0.15150651 
405 301 8 10 0.119715765 
234 285 16 19 0.10851292 
354 254 9 12 0.09424326 
493 304 8 12 0.07451785 
317 254 8 10 0.072363965 
399 277 8 9 0.0697088 
87 235 10 13 0.06747333 
630 293 8 9 0.065277606 
433 231 9 12 0.062315263 
208 253 9 12 0.05424504 
430 260 8 11 0.050237566 
543 300 8 10 0.0484109 
271 275 10 13 0.045113165 
33 251 8 11 0.043781683 
812 156 42 48 0.04243862 
891 361 26 44 0.040360417 
881 93 29 38 0.036762375 
15 224 9 11 0.03670101 
385 312 9 11 0.03553533 
327 304 10 12 0.035264023 
17 60 9 13 0.03360864 
318 246 9 11 0.033599846 
71 26 13 20 0.033142198 
635 156 16 17 0.032311007 
432 256 9 11 0.031685274 
264 268 11 15 0.031595986 
6 224 9 12 0.030107433 
402 298 8 9 0.027744094 
394 277 7 10 0.02717657 
391 312 9 11 0.02711137 
630 136 14 16 0.026016762 
337 256 8 9 0.025784578 
391 317 9 12 0.025523126 
22 230 8 10 0.025487252 
315 248 7 10 0.025070282 
366 255 10 12 0.024540337 
93 216 9 13 0.02397356 
22 224 9 11 0.023908652 
413 271 8 10 0.023582082 
286 272 8 11 0.023379263 
436 310 7 10 0.023275586 
291 244 7 10 0.023272302 
130 215 13 16 0.023099758 
877 359 27 44 0.022713054 
535 333 8 10 0.022582108 
334 303 9 12 0.022340419 
2 222 8 12 0.022281481 
196 237 10 12 0.022195017 
360 329 10 14 0.022166166 
64 222 9 13 0.021831267 
416 287 7 10 0.02179649 
860 363 40 56 0.021609243 
343 269 9 12 0.020283861 
202 213 9 11 0.02009477 
