32_Worker_Laborer_Worker_Laborer_32_932
44
957 786 52 73 0.9985353 
685 781 51 68 0.9981602 
521 818 53 72 0.9979638 
811 805 63 81 0.9958768 
273 99 81 107 0.99264914 
110 791 56 73 0.9920421 
363 831 54 73 0.99194556 
245 796 52 65 0.99189067 
280 864 68 95 0.99130124 
858 791 46 69 0.914207 
374 778 41 50 0.8615229 
650 934 53 68 0.6264805 
103 918 55 78 0.35729384 
83 850 55 72 0.27546293 
96 813 56 62 0.12196692 
833 790 55 77 0.1097268 
70 877 62 70 0.099464156 
363 1365 21 26 0.068444006 
565 755 23 36 0.05107045 
760 165 11 13 0.043864183 
363 1355 16 18 0.043602698 
759 1303 16 20 0.040483195 
254 1274 14 19 0.037268434 
301 1206 18 21 0.03521459 
260 1380 16 21 0.030342389 
599 165 10 12 0.029088225 
232 1353 18 21 0.02602046 
405 1362 13 16 0.025330788 
270 844 59 81 0.025132094 
658 1198 13 17 0.025019506 
758 1331 22 26 0.024236036 
69 926 69 77 0.023939675 
253 1339 17 20 0.022420855 
237 1218 15 19 0.022037607 
676 1242 12 14 0.02192817 
149 1403 13 18 0.021771569 
222 1323 14 16 0.021581769 
280 1359 10 11 0.021452982 
254 1384 14 18 0.021250961 
740 1275 16 22 0.021138972 
338 1379 15 22 0.02093023 
726 1181 14 18 0.020637564 
782 1188 12 17 0.020474559 
358 1362 18 22 0.02009222 
