32_Worker_Laborer_Worker_Laborer_32_595
65
399 185 34 41 0.9942306 
439 349 13 16 0.8520777 
222 142 23 27 0.7036155 
908 402 28 30 0.3315038 
502 338 14 17 0.25758943 
426 123 9 12 0.23087001 
993 403 27 43 0.17414173 
656 332 17 20 0.15917782 
723 395 23 29 0.110693455 
485 330 13 16 0.10915378 
541 391 22 25 0.09430716 
1002 420 20 37 0.090298906 
887 417 23 27 0.08128964 
126 97 8 10 0.07041449 
263 142 9 10 0.06973494 
981 407 29 26 0.061857864 
716 401 18 21 0.05743816 
348 346 18 23 0.05467706 
973 400 14 19 0.05024566 
476 420 16 20 0.04620228 
554 396 25 28 0.041239075 
779 403 13 22 0.040554874 
563 398 27 29 0.04054459 
311 370 15 18 0.04012841 
346 132 16 19 0.037878025 
446 323 17 18 0.0372018 
565 333 27 31 0.03718358 
826 388 17 22 0.036656488 
407 125 9 12 0.03453369 
923 277 29 32 0.034310803 
540 326 27 28 0.033973575 
495 338 15 18 0.033840418 
892 458 19 19 0.03234663 
712 386 27 35 0.03228685 
489 231 14 23 0.03213921 
163 172 14 17 0.03197212 
612 359 25 30 0.031337824 
728 337 23 33 0.030906143 
646 452 13 15 0.030366836 
649 452 19 20 0.02952951 
655 391 23 29 0.02936698 
205 133 13 23 0.02805758 
558 401 14 18 0.027619423 
475 394 14 16 0.027229793 
861 467 25 28 0.026759656 
359 380 15 18 0.026419325 
780 376 12 15 0.026417179 
542 405 26 29 0.025356313 
833 230 27 52 0.025279755 
729 232 70 66 0.02453233 
405 108 9 12 0.024269255 
682 333 28 29 0.023721531 
377 379 18 19 0.0231121 
388 351 14 14 0.023017503 
869 436 18 19 0.022927653 
976 403 18 20 0.022826236 
488 497 51 51 0.022587406 
406 118 11 13 0.021305287 
528 311 8 11 0.021157954 
596 397 17 21 0.021099756 
856 428 28 28 0.021042768 
829 363 16 23 0.020674443 
532 310 32 34 0.020461213 
565 396 17 20 0.020280417 
558 308 32 31 0.020124236 
