32_Worker_Laborer_Worker_Laborer_32_134
19
466 368 98 113 0.9969965 
850 812 29 33 0.07383639 
736 344 51 78 0.06040258 
676 777 126 143 0.042825077 
611 1166 30 42 0.039470986 
801 813 26 30 0.03701034 
747 322 45 65 0.032764237 
103 24 334 456 0.030665183 
752 312 26 28 0.03039058 
833 740 15 19 0.029956713 
900 162 25 28 0.02885614 
315 155 19 24 0.027222818 
838 338 111 140 0.027175 
780 773 24 29 0.023676995 
695 369 101 151 0.021359595 
944 1509 26 27 0.020887828 
720 368 47 70 0.020599453 
849 62 26 37 0.020279592 
548 -26 387 431 0.020088715 
