32_Worker_Laborer_Worker_Laborer_32_944
27
416 352 99 120 0.9992379 
915 751 30 37 0.183575 
414 679 67 77 0.1411421 
56 673 35 38 0.09520795 
826 712 47 56 0.08571548 
857 719 163 225 0.07089627 
429 662 51 57 0.043479074 
875 768 102 142 0.04221022 
814 587 199 198 0.03828325 
452 13 35 42 0.03776195 
554 642 57 77 0.03734485 
347 35 25 31 0.03036927 
842 719 47 62 0.02997689 
603 50 26 30 0.029655345 
632 26 19 21 0.029565684 
409 23 25 36 0.029044772 
907 760 31 42 0.025882294 
872 629 85 117 0.025508445 
245 0 72 62 0.02520179 
452 576 46 67 0.024918457 
591 464 52 52 0.02428407 
497 961 85 56 0.023717457 
134 659 60 84 0.022122726 
708 716 15 15 0.022058398 
61 672 53 58 0.021690842 
992 24 29 37 0.020676093 
877 767 50 69 0.02059855 
