32_Worker_Laborer_Worker_Laborer_32_26
25
203 254 39 44 0.97922945 
45 72 11 13 0.59033346 
2 72 9 12 0.24621159 
88 72 8 11 0.11318817 
132 73 8 10 0.11184727 
42 75 10 13 0.06619774 
68 75 10 13 0.056953598 
63 74 10 14 0.054114755 
631 1 52 85 0.049053114 
33 79 8 11 0.043351933 
57 70 8 11 0.042919498 
173 259 14 18 0.03943835 
56 76 9 12 0.036501274 
109 267 14 18 0.03623532 
37 85 9 11 0.035848983 
57 64 8 9 0.03459668 
61 64 8 9 0.03249153 
694 31 53 75 0.03143077 
80 79 8 10 0.029973788 
23 63 8 10 0.0265589 
145 284 12 14 0.024579067 
0 64 8 11 0.024500215 
87 273 13 15 0.023504931 
642 5 86 100 0.021212667 
16 263 12 13 0.020416876 
