32_Worker_Laborer_Worker_Laborer_32_110
40
698 40 93 108 0.9974281 
489 326 44 48 0.98547345 
455 15 20 23 0.94620717 
204 138 15 16 0.873556 
96 190 24 23 0.16567242 
33 147 10 13 0.15757011 
210 133 14 18 0.11839411 
372 7 13 16 0.0935658 
24 140 9 13 0.09280855 
255 134 10 13 0.074092194 
146 166 16 20 0.07024232 
43 180 17 21 0.064258374 
55 180 26 31 0.049445573 
220 133 10 16 0.047738194 
106 96 27 27 0.046019457 
96 125 9 13 0.044519205 
110 116 31 38 0.044268943 
118 136 14 19 0.043364495 
169 243 18 18 0.03680814 
144 108 10 12 0.0344757 
368 6 11 14 0.030402068 
107 106 28 31 0.029961418 
52 184 15 19 0.02854968 
46 139 12 15 0.028389568 
39 142 25 28 0.02833971 
162 125 16 17 0.028043838 
272 142 8 11 0.027796086 
357 12 12 15 0.02708897 
45 146 15 17 0.026593497 
13 169 12 17 0.024989527 
51 138 14 16 0.024283243 
148 157 18 22 0.02424968 
46 133 11 12 0.023830857 
202 127 18 22 0.023161173 
115 123 16 20 0.022609035 
41 134 11 13 0.021918353 
89 111 42 55 0.021748276 
221 96 12 16 0.0215325 
85 161 31 33 0.021079725 
277 143 11 13 0.020198405 
