42_Car_Racing_Car_Racing_42_602
92
958 225 20 24 0.7876171 
814 177 12 15 0.7119187 
121 166 9 12 0.41596833 
136 175 7 9 0.3156592 
84 174 10 13 0.29089454 
39 163 10 15 0.27136114 
984 225 20 27 0.2515736 
968 174 10 13 0.21398984 
114 101 12 18 0.17772934 
824 165 9 12 0.13580453 
909 180 8 9 0.12759094 
180 205 9 13 0.11897132 
945 182 9 11 0.1029794 
143 173 8 11 0.10193791 
1003 220 18 33 0.10158313 
63 167 8 11 0.08968736 
238 175 9 12 0.08581243 
879 190 12 13 0.08470906 
972 193 12 14 0.08041645 
193 177 7 9 0.079550184 
217 176 8 10 0.07848337 
896 180 8 11 0.07743222 
997 229 13 21 0.07463748 
102 172 9 11 0.07459744 
24 206 25 42 0.073419936 
138 183 8 10 0.06972601 
97 168 7 9 0.06935048 
130 173 8 11 0.067085855 
775 180 10 13 0.06579571 
230 168 8 10 0.063251145 
64 172 9 11 0.061978266 
829 166 9 11 0.060903005 
96 173 9 11 0.05745017 
145 169 7 10 0.05488889 
969 229 17 21 0.054170746 
233 175 9 11 0.05405913 
176 174 8 10 0.053244703 
882 194 13 15 0.053218074 
904 167 9 10 0.05095668 
153 174 8 9 0.049778935 
316 179 14 17 0.049575265 
193 182 8 10 0.049332313 
72 166 8 10 0.047305632 
1011 217 13 24 0.041935734 
877 183 12 14 0.04051693 
119 171 10 12 0.039557327 
995 235 24 39 0.039402056 
166 174 8 10 0.039392974 
160 174 9 10 0.03787124 
937 167 7 10 0.037627816 
906 177 8 9 0.036185365 
112 173 8 11 0.035430387 
135 169 8 10 0.03358771 
160 169 8 10 0.032805927 
58 165 9 12 0.03270816 
911 167 8 10 0.03227057 
137 188 8 11 0.031536166 
223 175 8 11 0.03150892 
199 195 9 13 0.03064294 
951 225 16 21 0.030188506 
70 173 8 10 0.030079352 
42 170 14 17 0.029663982 
78 192 12 15 0.029323714 
175 191 9 11 0.029251268 
81 178 10 12 0.028976014 
103 192 11 14 0.028204227 
783 182 9 11 0.027583145 
183 174 9 11 0.027485952 
79 166 6 9 0.027332274 
203 208 14 20 0.027302412 
847 169 9 11 0.027131056 
5 278 14 16 0.02639216 
219 180 10 12 0.026378477 
945 177 8 10 0.026216544 
862 197 12 16 0.025939088 
840 168 8 11 0.025290081 
888 180 10 13 0.024786783 
253 182 11 13 0.024029734 
177 183 8 10 0.023771564 
872 180 13 15 0.023571447 
73 160 9 11 0.023498148 
167 169 8 9 0.023045965 
200 205 12 18 0.021655608 
788 181 9 12 0.021569317 
916 231 10 13 0.021336025 
879 200 14 18 0.021312183 
897 167 9 11 0.02119142 
113 168 9 11 0.021176144 
885 201 14 20 0.02088121 
868 215 15 22 0.02079066 
246 175 8 10 0.020224348 
873 187 12 15 0.020133743 
