42_Car_Racing_Car_Racing_42_743
46
605 86 22 27 0.9777715 
696 113 13 17 0.46862125 
122 119 16 21 0.38080367 
748 101 10 12 0.34206885 
809 102 8 11 0.28308615 
591 117 15 18 0.24701467 
775 105 9 11 0.21145569 
98 115 16 18 0.16113126 
671 145 12 18 0.14209196 
550 124 14 21 0.10630292 
693 204 20 30 0.10419572 
411 3 18 19 0.091577955 
652 104 15 17 0.08700311 
494 121 14 17 0.07929532 
758 112 10 13 0.06668921 
782 109 8 11 0.060933065 
667 120 13 16 0.05887425 
751 108 11 14 0.055238616 
947 134 29 39 0.051240474 
595 144 16 20 0.04845927 
180 178 20 21 0.04465155 
745 97 9 11 0.04307853 
175 284 244 282 0.04306393 
969 125 28 48 0.039124217 
887 111 9 11 0.036472898 
712 140 11 14 0.035396073 
662 138 19 30 0.03385894 
85 127 11 13 0.031569894 
771 103 7 10 0.030682959 
658 102 15 17 0.029660834 
983 115 10 13 0.029178845 
989 111 11 14 0.02713949 
580 96 14 19 0.026613507 
941 116 51 60 0.026252033 
687 255 24 26 0.026043117 
487 118 13 15 0.023520095 
954 149 19 23 0.023317529 
768 109 9 11 0.02330552 
103 90 26 31 0.022851149 
976 116 11 12 0.022129113 
757 101 9 12 0.021411905 
880 157 39 59 0.021125399 
510 126 11 14 0.020688605 
957 414 29 49 0.020631222 
406 1 14 14 0.020604255 
101 116 23 24 0.020041818 
