42_Car_Racing_Nascar_42_462
21
970 304 33 43 0.99737203 
716 337 31 33 0.97357213 
263 398 11 14 0.0889977 
230 274 14 18 0.088713475 
166 203 14 17 0.076735824 
764 714 18 20 0.06074261 
434 244 17 20 0.049992695 
217 198 9 11 0.043547586 
346 182 17 21 0.04119644 
230 240 23 34 0.02983875 
108 230 10 13 0.027826643 
243 243 12 16 0.026864342 
701 393 13 16 0.02495731 
117 243 27 32 0.024855629 
127 389 9 12 0.023408012 
234 256 15 20 0.022087881 
218 111 364 454 0.022062328 
709 393 11 15 0.021680867 
161 202 13 17 0.021483574 
168 232 28 37 0.02132729 
102 250 12 16 0.020448407 
