42_Car_Racing_Nascar_42_823
110
191 282 11 14 0.9627628 
990 220 17 23 0.9409402 
897 236 14 19 0.8996188 
412 232 16 28 0.8699424 
373 255 11 14 0.7851323 
254 257 10 12 0.7526432 
338 252 13 16 0.6961071 
663 237 8 11 0.68509746 
177 334 22 24 0.649696 
0 275 11 18 0.5220392 
848 242 12 15 0.43054956 
998 282 14 18 0.42387918 
198 364 15 18 0.41767877 
148 261 8 11 0.34879008 
124 263 9 11 0.33134562 
216 259 12 13 0.28533053 
687 231 9 13 0.24480848 
655 246 8 10 0.23374848 
634 242 7 9 0.22002582 
127 281 10 13 0.20758496 
318 238 10 12 0.20659831 
299 275 12 15 0.19774479 
277 255 12 14 0.18641907 
293 262 10 15 0.1863868 
716 297 12 17 0.17943656 
638 245 7 9 0.16156307 
622 253 7 10 0.13702296 
126 184 12 15 0.12948327 
659 239 7 9 0.123367995 
607 249 7 11 0.11913141 
295 255 8 11 0.11408125 
461 241 14 17 0.11356126 
220 322 11 15 0.109550245 
175 309 12 16 0.107293546 
275 273 16 18 0.10531084 
222 282 10 15 0.10328058 
651 246 8 10 0.09627545 
149 277 10 12 0.09533676 
121 266 10 12 0.092236996 
553 302 11 14 0.09029055 
143 290 15 17 0.08612781 
632 263 8 11 0.07553937 
304 261 9 13 0.07525571 
395 260 12 15 0.07289938 
664 296 11 13 0.07245062 
617 249 8 11 0.06914266 
44 183 9 13 0.06847956 
287 266 12 17 0.065589696 
658 232 9 12 0.063973166 
622 249 8 9 0.06276828 
540 166 10 14 0.06037542 
602 248 8 11 0.05773492 
359 206 9 12 0.05732293 
258 259 10 14 0.055872455 
663 244 8 10 0.055608872 
88 307 27 28 0.05530687 
496 157 8 10 0.05137075 
753 279 10 12 0.04995922 
176 260 10 11 0.048481334 
188 356 22 29 0.04566126 
965 275 11 13 0.045188386 
372 224 9 11 0.04353638 
958 247 9 12 0.04330384 
189 298 11 16 0.043238923 
687 226 8 9 0.042425383 
145 270 10 11 0.042018786 
287 254 10 13 0.038925968 
408 228 13 23 0.03886374 
722 221 12 15 0.038690627 
670 237 8 11 0.038218953 
182 259 11 13 0.036112346 
515 169 12 15 0.034450203 
183 301 13 17 0.034040388 
1010 202 13 21 0.03382449 
279 250 10 12 0.033160437 
329 253 9 12 0.03312654 
703 294 8 10 0.032058734 
219 284 8 12 0.031999595 
469 173 11 15 0.030605355 
356 273 14 22 0.030045766 
347 252 10 14 0.02950549 
358 226 9 12 0.028940972 
189 244 10 12 0.028426377 
274 259 13 16 0.028356407 
377 253 12 15 0.02824955 
184 245 10 11 0.028191423 
199 301 8 13 0.027122388 
103 313 17 18 0.026478026 
48 267 13 17 0.026239533 
567 264 12 13 0.025956815 
697 293 9 11 0.025900707 
303 256 8 9 0.025342291 
181 305 20 25 0.025006117 
132 282 10 13 0.024838923 
273 267 15 18 0.024366245 
4 280 11 17 0.023927264 
218 330 11 13 0.023859948 
206 232 8 10 0.023846386 
188 260 10 13 0.023747751 
585 263 9 12 0.023384823 
335 269 11 12 0.022985797 
214 250 11 12 0.022839312 
98 231 8 10 0.02278946 
208 302 9 12 0.02212627 
601 308 10 12 0.022058994 
327 246 9 12 0.021981638 
353 269 11 15 0.021482551 
697 224 9 11 0.021183368 
119 230 9 11 0.021027086 
738 320 16 19 0.02057672 
