42_Car_Racing_Car_Racing_42_857
30
186 136 19 24 0.9842228 
101 123 20 26 0.9419516 
164 139 13 18 0.7216905 
159 138 12 16 0.6288507 
245 152 10 13 0.49612385 
72 144 8 10 0.38810977 
270 177 17 19 0.35586062 
216 148 11 13 0.25501993 
55 148 8 11 0.1843461 
286 140 11 15 0.12521234 
262 142 10 12 0.115268804 
133 149 11 15 0.10530022 
141 142 9 12 0.10387557 
137 142 9 11 0.09911467 
229 147 9 12 0.0987223 
226 223 14 20 0.095501915 
255 141 10 13 0.0783012 
254 149 9 12 0.05479437 
117 147 10 13 0.05440476 
221 145 11 13 0.048766848 
280 135 13 16 0.048463956 
290 139 14 18 0.04699956 
270 143 10 12 0.04482773 
153 140 12 14 0.040956 
249 141 10 12 0.039169315 
168 142 15 19 0.035421494 
281 131 20 25 0.028827272 
49 148 9 11 0.028389605 
135 138 9 11 0.022588748 
163 318 257 267 0.021876452 
