42_Car_Racing_Nascar_42_922
118
249 193 53 71 0.9986959 
532 67 92 108 0.9985985 
350 116 85 102 0.9963419 
845 152 48 88 0.5949136 
31 206 9 12 0.55667114 
21 191 9 12 0.3851765 
73 182 11 14 0.24110655 
21 229 10 13 0.2188568 
986 256 18 21 0.20062268 
936 138 38 57 0.18065205 
0 215 8 12 0.17550978 
96 193 9 10 0.16218314 
9 167 8 9 0.13830385 
94 172 9 10 0.13822347 
127 239 9 13 0.12841782 
862 159 57 90 0.12580447 
792 231 29 50 0.11978201 
56 161 8 9 0.119463 
74 133 9 11 0.11645988 
43 241 12 15 0.0992783 
119 175 8 9 0.095327176 
97 134 7 9 0.09394613 
974 253 29 32 0.089766115 
71 153 7 10 0.08634076 
56 204 9 12 0.08511038 
144 188 7 10 0.080578625 
18 195 8 11 0.07901235 
22 223 9 11 0.0785449 
56 190 7 9 0.071086645 
16 135 8 11 0.06837359 
23 158 7 10 0.06597084 
119 228 8 11 0.06508279 
23 104 10 12 0.064858034 
50 206 7 10 0.06479322 
2 189 7 10 0.06100248 
5 119 8 11 0.057165023 
74 120 7 9 0.055058353 
121 161 7 8 0.053519633 
77 201 9 11 0.050808545 
41 198 8 10 0.0491493 
102 191 8 10 0.048811067 
13 167 8 10 0.048425045 
9 110 9 11 0.04772588 
88 161 7 8 0.047600646 
33 134 7 10 0.043659396 
110 142 8 10 0.043450028 
0 207 9 12 0.041106164 
1 144 7 10 0.04059911 
42 193 8 9 0.040419262 
16 107 10 13 0.040383723 
48 190 8 10 0.03957532 
136 145 7 9 0.039412495 
1 149 7 10 0.037134808 
153 169 8 9 0.03595651 
146 144 7 10 0.03571464 
174 178 7 9 0.034806095 
115 175 7 9 0.03470548 
4 215 10 12 0.033677723 
10 231 8 11 0.033595968 
10 136 9 11 0.032998696 
127 229 7 10 0.032331377 
40 169 7 9 0.032129116 
16 215 7 9 0.03205218 
24 153 7 9 0.031961303 
47 151 7 9 0.03179923 
55 185 8 9 0.03177512 
1 166 7 10 0.03152531 
0 160 8 10 0.031378575 
40 224 8 10 0.031083887 
0 199 7 11 0.030768055 
117 200 9 11 0.030631091 
121 168 7 9 0.030180926 
708 344 16 18 0.029799676 
136 215 7 9 0.029727712 
90 166 9 11 0.029638065 
37 118 8 9 0.02899424 
37 204 9 12 0.028917853 
118 205 8 10 0.028756766 
107 184 7 10 0.028498437 
29 103 8 11 0.028474173 
49 185 7 9 0.02744749 
21 133 9 11 0.02734058 
40 173 8 9 0.027054068 
146 236 8 10 0.026364323 
50 133 8 9 0.026308691 
47 175 7 9 0.02629055 
145 215 7 9 0.025086196 
111 228 10 17 0.025042733 
111 184 8 9 0.02496731 
86 183 9 13 0.024956267 
0 230 8 11 0.024875632 
19 160 7 9 0.024643464 
67 151 7 10 0.024411155 
7 162 9 10 0.024385706 
48 230 9 10 0.02437273 
40 230 9 10 0.024335714 
73 128 8 10 0.02425555 
5 124 8 10 0.023482474 
64 191 8 9 0.023381704 
5 185 7 10 0.02317184 
46 199 8 11 0.022967083 
121 182 7 9 0.022903176 
100 231 14 24 0.022895196 
8 142 7 10 0.022525616 
90 190 8 11 0.022301184 
955 145 32 44 0.022300499 
23 129 8 10 0.02194325 
834 156 35 58 0.021788644 
63 199 8 11 0.021764982 
119 235 10 16 0.021645194 
55 230 8 11 0.021418205 
112 189 7 9 0.021371396 
26 166 7 9 0.02111606 
128 209 8 9 0.020782877 
66 128 6 9 0.020340998 
18 183 7 10 0.020335285 
113 136 6 9 0.020196917 
10 104 8 11 0.020130007 
