42_Car_Racing_Nascar_42_661
22
820 257 30 37 0.9990502 
215 286 14 18 0.33477348 
335 395 289 249 0.13077222 
171 292 27 29 0.13056114 
131 294 12 16 0.08380833 
776 160 13 18 0.043702938 
203 281 15 20 0.040975604 
186 297 15 18 0.04022784 
623 321 17 19 0.038910575 
92 294 10 13 0.03509613 
692 148 13 19 0.03446464 
198 277 14 20 0.030008012 
637 160 15 19 0.028149305 
686 179 19 31 0.0257875 
168 298 16 19 0.023593217 
630 314 30 32 0.022913143 
559 336 23 31 0.022693008 
742 235 25 32 0.02268512 
170 205 15 17 0.022365497 
765 192 29 35 0.021726292 
779 168 16 20 0.021161953 
128 210 12 16 0.020400262 
