42_Car_Racing_Nascar_42_440
22
729 150 21 31 0.98364186 
154 171 17 23 0.9821645 
698 163 24 29 0.97969055 
658 136 23 29 0.9678904 
866 167 13 18 0.8909636 
67 163 14 17 0.88669056 
804 160 13 17 0.58999234 
599 181 19 20 0.5709865 
0 175 11 15 0.5337018 
48 173 10 13 0.28547224 
7 177 11 15 0.19514333 
7 150 10 13 0.13797866 
810 163 11 15 0.08338926 
39 172 9 12 0.06794729 
600 172 20 21 0.053405188 
12 180 10 14 0.052834824 
706 147 16 19 0.039228834 
45 168 11 13 0.033617068 
815 173 11 15 0.02972517 
713 151 23 30 0.023871403 
14 174 11 16 0.022888402 
611 170 13 17 0.020938722 
