57_Angler_peoplefishing_57_15
18
434 159 17 24 0.8302685 
681 166 27 28 0.6832295 
577 287 20 24 0.2882569 
709 535 16 19 0.09991974 
509 383 9 12 0.08501066 
725 291 13 15 0.06499567 
476 383 15 18 0.062005334 
560 384 10 12 0.061502982 
720 294 12 15 0.057344057 
492 589 9 11 0.05485537 
327 154 17 19 0.050897155 
448 573 13 16 0.04430265 
0 469 19 29 0.030020464 
730 288 12 16 0.028579993 
621 25 452 549 0.025066815 
584 283 16 21 0.022571677 
696 568 23 31 0.022379711 
654 547 12 13 0.021841288 
