57_Angler_peoplefishing_57_139
197
551 316 12 16 0.98603374 
180 340 12 17 0.98063505 
242 340 13 17 0.9803011 
475 339 12 14 0.9688511 
200 319 12 16 0.95416987 
661 260 11 14 0.9515742 
413 348 13 16 0.93504214 
625 298 14 17 0.92681426 
433 306 10 14 0.8812771 
690 274 12 15 0.85002005 
513 298 12 16 0.834675 
782 253 10 14 0.8195994 
817 295 11 14 0.74169755 
701 300 11 14 0.7214083 
757 354 11 15 0.7093818 
677 294 11 15 0.6510868 
293 338 10 14 0.6337389 
559 305 10 13 0.58492684 
851 346 11 15 0.5835592 
354 382 9 13 0.5739402 
950 422 32 31 0.573743 
808 312 12 14 0.56362844 
390 371 14 18 0.54851365 
780 333 10 14 0.54556024 
617 325 10 12 0.54043645 
710 278 14 18 0.53535724 
672 322 10 13 0.5022597 
965 325 12 15 0.4391493 
390 367 11 14 0.42430928 
423 371 12 18 0.41571754 
652 286 10 13 0.39959165 
662 301 10 13 0.3989629 
601 317 9 13 0.39737242 
638 319 10 13 0.37475315 
552 354 10 13 0.37012082 
869 316 10 12 0.34607846 
801 409 18 22 0.33130988 
831 285 11 14 0.31147924 
822 333 10 13 0.29919755 
332 380 9 12 0.29075283 
476 382 10 14 0.27164578 
796 381 12 14 0.25458005 
771 286 10 11 0.25090265 
888 234 10 14 0.20507973 
523 370 17 18 0.20470974 
716 313 12 16 0.20039038 
783 304 10 12 0.19261284 
362 332 9 11 0.18084657 
299 338 11 14 0.14923444 
399 349 9 11 0.14540935 
324 367 10 13 0.14325939 
680 388 11 14 0.1430789 
704 276 12 16 0.1283746 
830 330 10 14 0.12242689 
975 350 10 14 0.12228286 
326 371 10 13 0.11360762 
957 372 10 15 0.10381662 
352 375 10 13 0.099133566 
862 270 12 16 0.096029155 
742 303 12 14 0.09570943 
672 298 11 13 0.09471298 
663 307 13 16 0.094110176 
639 294 11 13 0.09060775 
659 346 15 18 0.08949908 
588 331 11 15 0.0863064 
500 317 13 15 0.08597473 
668 312 13 16 0.085025065 
912 231 12 14 0.0839019 
716 326 12 16 0.083808735 
758 384 15 23 0.082410105 
808 347 10 14 0.08054823 
897 309 10 12 0.075966485 
244 319 10 13 0.073414706 
700 356 13 16 0.07091548 
787 307 10 14 0.07031567 
776 303 10 12 0.07000981 
876 317 9 11 0.06996293 
471 350 11 14 0.06892546 
492 348 12 17 0.0628143 
734 320 10 13 0.0627341 
368 349 9 11 0.061376087 
492 333 12 14 0.059709582 
760 294 10 13 0.057681315 
751 278 9 11 0.05525999 
544 299 11 14 0.05514122 
864 236 10 14 0.052554786 
543 384 10 12 0.051066034 
519 376 17 18 0.050161526 
516 340 11 16 0.04995024 
303 395 9 11 0.049810827 
493 323 11 13 0.04835647 
640 311 11 15 0.048090782 
858 378 15 19 0.04790749 
492 340 14 18 0.047495935 
645 292 11 13 0.046874497 
716 449 13 15 0.046298534 
958 364 12 18 0.04518326 
523 388 12 13 0.042320937 
566 427 10 12 0.041659523 
743 401 28 30 0.041539833 
792 385 14 17 0.04133161 
548 301 13 15 0.040834345 
354 358 8 10 0.038814977 
280 436 9 10 0.038326666 
803 380 11 14 0.037943397 
869 334 10 13 0.037575155 
636 299 12 15 0.037572823 
745 278 9 11 0.037317906 
535 429 9 11 0.0370658 
371 421 13 15 0.036205593 
154 349 8 10 0.036028586 
653 340 15 18 0.036012273 
583 327 11 14 0.035748105 
752 352 12 16 0.035615496 
561 424 10 12 0.03522382 
565 390 11 13 0.034712344 
964 322 21 23 0.033622693 
758 278 8 11 0.03321837 
832 358 12 14 0.032657087 
529 429 9 11 0.03249546 
525 398 10 12 0.03227447 
685 393 12 14 0.032154102 
820 365 10 13 0.03203759 
766 291 11 13 0.030807808 
383 327 8 9 0.03021744 
854 349 11 17 0.02977892 
870 400 13 20 0.029584132 
820 261 12 16 0.02938315 
886 325 12 18 0.029350528 
895 304 9 11 0.028785726 
487 319 10 12 0.028684739 
615 391 9 11 0.027940443 
868 236 11 14 0.027625494 
847 452 8 10 0.02746215 
320 368 11 17 0.027428633 
775 326 12 15 0.027271392 
540 429 9 11 0.027268657 
739 292 14 16 0.027208477 
696 296 12 14 0.026597159 
606 323 10 14 0.026449239 
813 341 10 12 0.026272103 
483 381 12 15 0.026042737 
186 396 16 18 0.026001427 
824 359 9 11 0.025998378 
574 425 10 12 0.025978932 
879 322 12 16 0.025816193 
932 288 81 115 0.025635852 
361 350 9 11 0.025313972 
526 402 10 14 0.02519117 
918 368 9 11 0.025084624 
615 462 11 13 0.024778603 
727 318 11 14 0.024745975 
971 320 14 14 0.024660774 
772 290 11 14 0.024468534 
280 399 10 12 0.02443958 
572 390 11 14 0.024302056 
631 270 9 10 0.024269331 
696 363 14 15 0.024108928 
904 230 9 12 0.024071403 
358 357 9 11 0.023956757 
488 325 10 12 0.023949634 
1007 364 9 12 0.023934327 
379 442 12 14 0.023837259 
386 371 11 16 0.023799118 
880 235 11 14 0.023745092 
943 470 10 12 0.023641504 
531 367 12 17 0.023590297 
671 387 12 15 0.023542129 
711 291 13 15 0.023301732 
862 349 11 16 0.023067998 
742 286 11 13 0.023018776 
774 320 10 12 0.02301241 
895 317 12 17 0.022940136 
855 373 15 18 0.022894597 
509 397 9 12 0.022464667 
966 355 12 16 0.022440806 
839 455 8 11 0.022439025 
692 332 9 12 0.022416977 
969 350 22 30 0.022313861 
631 431 11 12 0.022196148 
777 257 11 14 0.022165302 
729 260 9 13 0.02185211 
616 301 11 13 0.021630757 
621 320 10 13 0.021564618 
903 302 10 12 0.021534575 
383 397 10 14 0.021513699 
683 384 12 15 0.02114579 
815 328 12 15 0.021005768 
439 373 12 16 0.020910762 
457 383 9 13 0.020591171 
229 381 10 13 0.02055112 
654 443 11 14 0.020548528 
862 259 13 20 0.020521628 
417 371 12 17 0.020466508 
559 394 11 13 0.02039166 
681 272 10 13 0.020365132 
829 262 11 15 0.020253895 
