57_Angler_peoplefishing_57_566
44
421 436 11 12 0.91481787 
264 415 11 14 0.8656188 
327 420 10 14 0.8532405 
501 220 10 13 0.8445853 
249 408 10 13 0.6818594 
472 386 13 16 0.6116928 
500 420 11 14 0.362654 
460 424 10 12 0.35115775 
503 443 14 24 0.14318338 
380 427 10 13 0.1364816 
457 427 10 12 0.112202965 
605 409 14 21 0.09133742 
331 426 10 13 0.074792095 
486 420 13 15 0.07103861 
460 437 10 14 0.058775026 
378 424 9 12 0.055810638 
566 463 8 10 0.054732136 
598 168 12 15 0.05464264 
446 533 21 25 0.05196792 
431 462 9 12 0.04397755 
208 455 9 12 0.039578754 
484 328 16 18 0.038194187 
238 452 10 14 0.036628895 
287 454 9 11 0.0357725 
431 294 13 18 0.034586772 
400 436 10 13 0.03437131 
494 416 13 17 0.034324832 
485 414 12 15 0.033667993 
596 402 20 29 0.033038493 
401 431 9 11 0.031145656 
468 469 11 12 0.030961601 
461 459 12 16 0.03084207 
473 376 16 19 0.029815646 
376 310 38 27 0.029305069 
405 435 10 13 0.02904874 
456 461 10 14 0.02589274 
323 419 10 13 0.0258364 
574 483 11 14 0.02418614 
507 438 13 20 0.022731302 
650 308 226 274 0.021895528 
423 460 10 13 0.021123398 
417 461 10 13 0.020339916 
484 416 22 24 0.020019138 
182 453 11 12 0.020007657 
