57_Angler_peoplefishing_57_661
134
104 428 13 17 0.9511617 
205 415 12 15 0.86256284 
364 411 10 13 0.8588291 
404 408 9 13 0.68887424 
242 387 10 12 0.6236089 
446 412 10 13 0.6145638 
497 402 8 10 0.50476074 
233 411 10 12 0.35785747 
73 422 9 12 0.3153826 
280 416 10 13 0.22365409 
18 389 7 10 0.15982269 
574 363 14 19 0.14426397 
36 419 12 15 0.13790876 
269 434 11 14 0.12859987 
507 375 15 18 0.12089995 
56 386 7 9 0.1086758 
424 382 8 9 0.09565031 
337 380 9 13 0.093463376 
578 364 18 24 0.086020395 
264 382 7 10 0.07975716 
367 394 10 12 0.071388595 
349 398 9 12 0.0681431 
285 428 10 14 0.06495878 
566 369 15 20 0.06465678 
337 375 9 11 0.061910346 
283 419 11 13 0.061780754 
148 476 10 12 0.059585765 
368 381 8 10 0.057409037 
440 409 9 11 0.05419813 
231 447 11 14 0.051803593 
254 412 9 12 0.05174589 
354 382 7 10 0.049800936 
306 381 8 9 0.049756423 
311 377 8 9 0.04842077 
441 419 10 14 0.04795069 
0 394 9 13 0.045668233 
367 438 11 15 0.044760413 
295 374 8 9 0.044631995 
487 376 8 10 0.044003263 
469 398 9 11 0.04399103 
118 385 9 11 0.043747947 
345 397 9 12 0.043582547 
471 405 9 12 0.043238603 
254 407 9 12 0.04245335 
304 406 10 12 0.040255822 
200 382 8 10 0.039978035 
451 411 9 13 0.0397521 
1 429 8 13 0.039419852 
49 389 7 9 0.037860066 
278 377 8 9 0.03769736 
146 383 8 10 0.03757089 
343 367 7 10 0.036672883 
6 428 9 12 0.03659443 
350 404 8 11 0.035907626 
6 390 8 11 0.035253562 
338 367 7 10 0.03434583 
300 424 10 13 0.032723863 
322 382 8 10 0.032282818 
327 383 7 9 0.031212538 
164 444 12 15 0.030961232 
335 416 9 12 0.03070454 
87 384 8 10 0.030232513 
14 454 10 13 0.030231284 
214 389 9 11 0.030079808 
326 403 9 13 0.0298794 
407 428 9 12 0.029182533 
439 390 8 10 0.028838644 
352 389 8 11 0.028828757 
289 383 8 10 0.028715663 
399 429 9 12 0.028050326 
457 382 8 10 0.028042825 
211 415 10 14 0.028040448 
245 435 11 13 0.027538167 
248 404 10 13 0.027460927 
48 428 9 12 0.027373433 
479 406 7 10 0.027041867 
399 375 8 10 0.02693599 
320 431 10 13 0.026841244 
335 387 8 11 0.026696766 
7 414 9 12 0.026696296 
294 368 9 11 0.026694048 
385 382 8 11 0.026270762 
310 396 9 13 0.026022576 
176 384 8 10 0.025782265 
319 423 8 9 0.025756892 
285 393 12 14 0.02541377 
399 389 9 11 0.024984175 
273 382 7 9 0.024188312 
497 429 10 14 0.02405023 
385 388 9 12 0.02404083 
394 413 8 11 0.023967901 
491 405 9 11 0.02391658 
481 376 8 10 0.023916092 
334 405 9 11 0.023738554 
433 412 8 12 0.023718208 
321 377 6 8 0.02370728 
515 374 12 16 0.023706717 
270 323 11 13 0.023412358 
255 398 9 13 0.02340612 
470 381 9 10 0.023299947 
559 372 13 18 0.023285769 
263 377 7 10 0.023070643 
391 390 8 11 0.02304113 
374 413 8 11 0.022949737 
199 169 12 15 0.02286947 
494 434 13 18 0.022643285 
207 478 13 16 0.022444759 
433 390 7 10 0.02230732 
280 381 7 10 0.022303179 
464 380 8 10 0.022243274 
383 431 10 12 0.022232108 
424 388 8 11 0.022204883 
294 383 7 10 0.021977386 
209 381 8 11 0.021818142 
183 245 14 19 0.021647766 
279 395 9 13 0.021551823 
43 463 14 18 0.021486722 
471 390 9 12 0.021447198 
453 408 8 11 0.021001013 
384 377 8 9 0.020987691 
352 415 8 11 0.020897722 
487 443 14 16 0.020844402 
309 406 10 12 0.020840252 
228 469 11 13 0.020619305 
353 377 7 10 0.020466298 
143 473 11 13 0.020436356 
279 434 10 14 0.02043237 
238 447 10 13 0.020374896 
329 376 7 9 0.020349799 
1 435 8 13 0.020294178 
542 396 11 13 0.020274501 
274 377 8 9 0.020240398 
246 394 11 16 0.020033319 
380 435 13 14 0.02001678 
