57_Angler_peoplefishing_57_402
26
343 131 54 58 0.9859089 
683 65 44 37 0.26945534 
530 255 46 52 0.2393212 
639 411 25 33 0.11375933 
561 328 18 19 0.09209097 
557 404 32 43 0.07394891 
381 89 38 64 0.06416008 
676 380 25 37 0.05121509 
591 349 27 31 0.04971726 
444 434 25 26 0.048876353 
580 353 27 33 0.040225964 
667 449 26 29 0.037112802 
574 354 14 16 0.035588738 
568 321 24 25 0.031405166 
444 370 16 18 0.02997359 
641 343 26 27 0.02869069 
498 354 25 26 0.02851834 
467 369 13 16 0.025388662 
526 246 38 39 0.023893777 
578 362 17 20 0.02373201 
624 341 26 28 0.02346974 
303 294 13 16 0.02263241 
532 344 15 17 0.021999666 
572 342 29 34 0.021903895 
552 388 30 42 0.020713558 
614 349 29 32 0.0200558 
