57_Angler_peoplefishing_57_51
30
698 60 61 85 0.999006 
477 124 47 53 0.99028945 
818 127 65 86 0.9888769 
140 202 35 52 0.97875756 
268 51 25 33 0.9321938 
351 147 14 18 0.2337062 
877 501 158 164 0.2159458 
78 117 65 75 0.133422 
369 146 15 18 0.12532817 
351 20 8 10 0.06805726 
322 118 13 15 0.059359986 
275 105 21 30 0.046006665 
312 151 10 11 0.04474724 
228 187 11 14 0.04396304 
168 117 9 11 0.041256968 
316 149 11 12 0.038257144 
420 196 28 30 0.036904998 
87 193 12 15 0.03549136 
144 126 11 12 0.03495022 
583 274 11 15 0.033522207 
294 163 16 22 0.029666599 
647 472 281 209 0.028955495 
220 54 14 19 0.027080553 
269 183 8 13 0.02666708 
229 50 13 19 0.02582375 
168 136 9 12 0.024227072 
104 198 20 29 0.02304512 
316 156 10 12 0.02057333 
414 188 23 31 0.020369915 
216 123 12 14 0.020046622 
