57_Angler_peoplefishing_57_206
46
284 806 37 39 0.9964001 
820 695 17 20 0.76463515 
448 738 46 32 0.7320293 
740 681 14 17 0.6872767 
924 709 17 21 0.43147844 
984 614 11 14 0.42311633 
618 679 13 15 0.40633407 
173 720 19 20 0.26091975 
2 494 13 16 0.21499874 
132 212 12 17 0.13920492 
124 392 24 28 0.12423556 
797 674 15 18 0.06393743 
455 720 34 38 0.061469577 
798 660 12 15 0.061398946 
639 700 11 14 0.060477592 
792 687 11 15 0.05985112 
171 489 14 17 0.055059213 
797 667 13 17 0.047751103 
941 724 16 20 0.046184752 
798 745 29 39 0.04446446 
927 712 26 26 0.043034956 
213 519 15 21 0.0422799 
940 694 15 18 0.0412357 
453 695 19 21 0.04055133 
861 747 12 15 0.038086068 
811 754 28 26 0.03442137 
730 717 16 20 0.034420334 
893 738 14 17 0.033761013 
852 755 16 22 0.029744497 
444 725 25 34 0.028503561 
131 302 14 17 0.028324297 
796 738 16 23 0.02797808 
939 716 16 18 0.027695412 
921 721 32 29 0.026229238 
933 694 16 18 0.025346939 
231 421 23 28 0.024328774 
616 720 12 15 0.023819478 
856 748 14 19 0.023439888 
620 673 12 14 0.023403352 
878 693 11 14 0.0230525 
800 679 17 19 0.022866445 
613 685 21 27 0.022667805 
317 487 10 13 0.021320667 
974 658 16 20 0.021238273 
220 530 15 17 0.020576866 
927 700 22 25 0.020057227 
