55_Sports_Coach_Trainer_sportcoaching_55_867
19
507 268 34 38 0.998027 
391 261 31 35 0.9975898 
562 287 24 30 0.99353045 
232 284 22 28 0.9861194 
63 303 24 31 0.9792724 
714 288 23 28 0.9711511 
807 254 19 26 0.93376714 
228 250 13 16 0.3501165 
1011 313 13 25 0.288087 
636 296 14 18 0.13213548 
997 291 14 20 0.074140094 
584 350 12 14 0.064954035 
701 287 24 28 0.05673354 
851 327 12 14 0.056474227 
277 354 12 15 0.044113006 
761 260 16 22 0.035607737 
540 266 15 21 0.030585768 
637 243 15 22 0.02203129 
889 264 16 19 0.020934157 
