55_Sports_Coach_Trainer_sportcoaching_55_774
63
795 277 57 79 0.9993917 
846 58 57 82 0.9993513 
443 171 26 32 0.99811304 
753 124 60 87 0.9973846 
602 145 27 34 0.99675316 
474 198 28 35 0.99661714 
660 101 24 32 0.99232906 
127 261 39 55 0.98981524 
361 176 27 35 0.98705226 
516 294 45 49 0.94770706 
329 81 19 20 0.93834645 
347 97 18 27 0.935865 
381 73 15 20 0.8977083 
484 171 22 27 0.8544778 
383 6 14 18 0.8264786 
343 4 12 15 0.7724574 
419 41 13 16 0.772407 
324 17 10 15 0.7713478 
372 21 13 17 0.7369294 
538 158 23 25 0.66604406 
408 12 12 16 0.5751769 
419 102 20 26 0.41666204 
372 39 12 16 0.40123102 
674 12 9 12 0.34080228 
410 70 15 20 0.1362912 
331 -1 12 10 0.08402021 
553 107 23 28 0.08095252 
432 0 11 9 0.06675096 
373 48 13 16 0.063283466 
355 27 11 13 0.052495793 
443 12 13 15 0.05231439 
417 0 9 8 0.045056917 
425 15 11 14 0.044992354 
359 14 10 13 0.043781653 
663 5 9 12 0.042270485 
344 42 21 26 0.03857024 
443 7 14 13 0.037796862 
396 11 12 15 0.036986694 
380 17 13 18 0.036465876 
352 23 10 12 0.036125246 
358 22 10 14 0.035375096 
380 51 12 15 0.032416385 
338 87 15 21 0.032399323 
373 13 12 16 0.032210357 
319 99 14 20 0.031959165 
377 5 10 15 0.031074353 
348 68 14 18 0.029716644 
342 17 11 13 0.029062303 
347 0 11 12 0.028719062 
346 9 12 16 0.028146192 
335 3 14 16 0.027555022 
378 37 12 15 0.027205061 
438 3 14 14 0.026968686 
981 105 41 61 0.02607595 
414 28 11 14 0.025860121 
391 69 21 26 0.024802687 
717 105 19 27 0.022995982 
387 12 15 19 0.022257091 
334 12 12 15 0.022076204 
638 1 13 14 0.021906158 
163 265 14 22 0.020705938 
405 60 15 20 0.0206128 
412 6 11 12 0.020516755 
