55_Sports_Coach_Trainer_sportcoaching_55_263
21
314 33 79 100 0.9969163 
163 1 27 22 0.12906398 
141 268 10 13 0.09587009 
148 115 11 13 0.09224155 
56 32 44 51 0.07141749 
132 101 12 17 0.06852231 
139 282 12 15 0.06368656 
127 206 10 11 0.055562355 
142 111 13 16 0.040740255 
54 24 29 39 0.03176024 
101 107 15 16 0.029404901 
89 198 11 13 0.026986204 
103 117 12 15 0.026408665 
156 4 14 13 0.026295813 
91 307 12 14 0.023727417 
92 251 11 13 0.02334116 
97 230 9 11 0.022638557 
124 165 10 12 0.02178228 
124 243 10 11 0.020720983 
133 97 23 28 0.020364804 
154 149 15 17 0.02010709 
