55_Sports_Coach_Trainer_sportcoaching_55_894
34
431 27 177 235 0.9993643 
28 333 11 16 0.7313175 
91 141 13 15 0.2032141 
88 146 17 21 0.14303827 
6 324 9 11 0.09434218 
45 363 13 17 0.084606595 
639 252 42 64 0.06728135 
882 372 7 10 0.05544835 
1000 440 10 11 0.045394346 
871 368 7 9 0.04419705 
942 440 8 11 0.04200659 
1 348 11 14 0.0381512 
842 374 8 10 0.03711414 
895 414 8 10 0.035195135 
2 325 8 12 0.033081926 
983 392 7 9 0.029189792 
271 362 10 13 0.028686678 
954 405 8 10 0.028280366 
299 364 12 14 0.02778381 
1005 438 9 11 0.027314259 
2 320 8 11 0.026636295 
999 408 7 9 0.026087003 
55 341 10 12 0.024997648 
51 358 11 14 0.024257435 
1014 430 8 11 0.02417497 
1015 198 7 10 0.023771575 
890 413 9 10 0.022881618 
901 421 8 9 0.022440039 
960 424 9 10 0.021858323 
952 390 7 9 0.021712774 
333 384 13 17 0.02107899 
26 340 16 21 0.021065736 
1015 423 7 10 0.021015765 
998 413 8 9 0.02093905 
