55_Sports_Coach_Trainer_sportcoaching_55_789
24
145 215 50 69 0.99963605 
760 164 45 66 0.9988366 
271 227 46 64 0.99882966 
919 158 46 65 0.9985261 
452 244 45 62 0.99844116 
229 188 44 58 0.99782735 
672 198 41 60 0.99752146 
630 280 45 56 0.9969146 
65 243 45 58 0.9966012 
465 159 41 57 0.99645376 
365 285 42 59 0.9960342 
730 332 41 59 0.9955562 
927 330 46 58 0.995154 
542 259 41 53 0.9942416 
88 171 41 52 0.9936439 
589 219 39 56 0.9920785 
198 146 40 49 0.9912158 
613 114 40 59 0.98942673 
423 125 36 51 0.98901165 
823 324 41 52 0.98896027 
51 127 41 53 0.98866373 
327 129 35 56 0.98625934 
390 223 42 57 0.97720814 
989 365 27 48 0.041793354 
