55_Sports_Coach_Trainer_sportcoaching_55_196
38
508 164 32 42 0.9944174 
280 174 37 41 0.9814532 
534 193 30 39 0.94671685 
796 47 39 65 0.9217292 
168 170 37 36 0.78195584 
462 174 29 49 0.43080705 
103 168 26 30 0.4099232 
228 165 25 31 0.26876342 
653 197 14 19 0.1357896 
235 175 36 40 0.12922007 
575 159 10 14 0.112085395 
440 185 34 39 0.08453753 
314 229 40 36 0.08169283 
427 193 34 37 0.069550596 
229 152 15 19 0.067380264 
525 183 32 41 0.05347719 
646 200 14 19 0.05012068 
660 198 12 16 0.04839794 
422 180 30 34 0.046232633 
79 127 12 14 0.043948594 
450 186 44 57 0.042701665 
579 160 11 15 0.041591927 
473 189 28 47 0.041333105 
702 194 11 13 0.038751293 
362 363 52 68 0.037951663 
552 151 8 11 0.03135535 
653 191 12 15 0.030085368 
649 188 10 14 0.026578639 
819 53 51 61 0.02535431 
238 168 21 24 0.024408575 
628 208 10 13 0.023918167 
570 158 11 13 0.023370853 
621 207 11 13 0.023199636 
551 156 9 11 0.022848338 
475 180 17 32 0.02263044 
110 169 42 50 0.022449315 
164 177 18 19 0.022139005 
158 167 29 32 0.020540856 
