55_Sports_Coach_Trainer_sportcoaching_55_773
25
324 90 57 72 0.9992895 
384 81 48 71 0.9989491 
632 80 55 72 0.99745506 
464 114 52 69 0.99329644 
638 152 46 70 0.99256027 
324 203 45 71 0.99217224 
0 136 38 76 0.9754775 
987 88 37 82 0.97298884 
812 140 46 66 0.96396893 
710 67 34 61 0.71734303 
161 154 40 69 0.49828357 
807 104 53 81 0.17555574 
198 178 36 51 0.17338136 
634 114 52 66 0.105212264 
178 154 44 64 0.075599276 
265 165 44 56 0.04017009 
721 82 45 51 0.040096637 
722 158 33 44 0.03384283 
738 160 47 63 0.033356287 
433 101 56 69 0.026072595 
249 154 47 55 0.024827044 
736 96 44 45 0.024274305 
623 186 29 44 0.022252003 
206 161 33 52 0.021994103 
158 173 26 47 0.020476177 
