55_Sports_Coach_Trainer_sportcoaching_55_424
45
307 330 22 32 0.9948579 
643 373 16 21 0.9828734 
972 355 14 21 0.9588999 
883 386 13 19 0.9557263 
930 381 15 24 0.9530041 
829 381 14 21 0.94642323 
414 260 50 49 0.9418736 
716 328 14 22 0.9034693 
157 413 14 22 0.8842287 
126 406 14 20 0.5447243 
590 310 15 19 0.5334047 
673 354 15 20 0.35496727 
624 387 13 15 0.31201988 
902 421 14 20 0.09296541 
588 407 11 14 0.09251074 
988 408 14 21 0.08887132 
330 386 20 22 0.07679762 
160 421 17 20 0.07570611 
1012 389 11 22 0.071936615 
978 358 13 21 0.06647444 
326 377 14 23 0.06485401 
982 404 15 23 0.063988574 
996 411 13 18 0.05842194 
116 409 18 19 0.05673213 
622 371 14 17 0.05060085 
711 370 14 21 0.046522897 
1002 408 20 26 0.04254407 
784 398 13 20 0.04186244 
937 417 16 24 0.041003406 
40 477 9 12 0.03987188 
610 362 16 20 0.03137934 
852 413 15 20 0.030452894 
606 362 12 17 0.029293263 
715 367 20 29 0.02898563 
136 432 11 14 0.028242048 
846 426 14 19 0.027780144 
720 333 16 22 0.026885532 
741 320 13 20 0.026268946 
836 426 16 22 0.025431989 
869 396 12 17 0.024772473 
598 413 12 14 0.022787904 
987 396 15 22 0.022549292 
900 381 13 18 0.02192142 
1013 442 11 21 0.02149037 
589 319 15 18 0.021106986 
