55_Sports_Coach_Trainer_sportcoaching_55_588
25
595 252 17 24 0.95806473 
681 243 34 41 0.89382714 
689 263 31 40 0.43365192 
446 248 29 30 0.1532063 
602 254 21 27 0.124726966 
596 368 14 16 0.11660422 
746 269 18 19 0.08744584 
614 362 48 60 0.075703025 
620 288 21 26 0.07306278 
649 262 9 11 0.040719543 
738 272 19 19 0.04054061 
501 278 24 29 0.037014116 
481 286 25 27 0.03552701 
669 249 28 32 0.031985674 
737 270 27 34 0.031123986 
704 272 17 25 0.03094507 
619 258 13 20 0.030523172 
729 278 28 46 0.02911433 
661 274 12 16 0.02685517 
191 57 380 503 0.026462423 
734 270 12 16 0.025005857 
706 264 17 22 0.023097811 
661 257 21 30 0.021804105 
890 301 9 11 0.02161801 
654 274 12 15 0.0216064 
