55_Sports_Coach_Trainer_sportcoaching_55_130
18
488 980 249 321 0.99962866 
220 769 267 216 0.99458706 
541 577 372 295 0.98614514 
299 448 274 242 0.9372857 
415 12 374 424 0.8718444 
44 42 412 551 0.14843908 
236 253 403 423 0.07519855 
5 48 248 396 0.07471398 
744 556 163 203 0.06731874 
380 505 236 258 0.066726424 
450 548 287 278 0.061560012 
1000 362 22 24 0.061257 
459 822 417 460 0.054079156 
899 337 23 28 0.04445105 
338 397 433 394 0.026174668 
185 222 17 24 0.026082892 
976 378 18 21 0.024084052 
495 341 488 482 0.020334281 
