55_Sports_Coach_Trainer_sportcoaching_55_122
174
811 272 32 37 0.99841225 
565 301 27 35 0.9983051 
344 287 29 37 0.9979219 
35 170 30 37 0.9978192 
19 250 31 39 0.9976604 
872 393 36 48 0.99751663 
101 280 29 35 0.9972907 
968 222 32 38 0.9972313 
725 373 37 45 0.99705136 
865 302 30 38 0.99666095 
57 371 37 45 0.99645126 
737 276 27 34 0.99574333 
183 281 26 32 0.99478465 
25 218 27 33 0.9944939 
259 272 27 33 0.9939938 
529 290 23 30 0.99241525 
669 300 25 32 0.9904082 
458 309 26 31 0.98623705 
632 267 24 32 0.96644485 
360 246 22 28 0.9391117 
385 268 23 31 0.89875627 
122 273 22 28 0.8978157 
697 282 24 33 0.8668515 
523 262 23 28 0.8071338 
772 270 29 37 0.79479915 
742 241 22 28 0.78825057 
170 268 22 29 0.7243141 
467 233 16 19 0.7151594 
619 179 16 19 0.6776214 
436 273 21 31 0.6154719 
806 183 14 19 0.61435336 
880 161 16 19 0.54730546 
748 325 20 26 0.50083965 
836 207 22 29 0.4917357 
710 173 14 21 0.3994684 
326 217 13 15 0.3635007 
503 235 15 18 0.3419324 
595 295 23 30 0.30437145 
605 260 18 21 0.26844212 
375 199 10 14 0.22118539 
682 254 18 24 0.17522708 
310 214 11 18 0.17093672 
249 258 18 22 0.15666035 
360 212 8 11 0.14038475 
450 245 14 18 0.12971608 
831 253 22 28 0.12711099 
229 205 11 15 0.1263157 
288 198 11 13 0.12174796 
500 289 18 23 0.11160563 
272 182 8 9 0.11085922 
329 188 12 16 0.10124151 
626 234 18 23 0.10051993 
554 286 23 27 0.099099055 
172 186 10 14 0.09718244 
272 194 12 15 0.090100184 
180 180 9 11 0.085909136 
1012 343 12 28 0.08532061 
176 181 10 13 0.08256617 
536 182 11 15 0.07742167 
627 215 22 27 0.072649345 
186 238 22 27 0.06920301 
824 260 27 34 0.06906717 
555 179 12 16 0.06903663 
287 272 15 19 0.06814227 
386 227 16 19 0.06669781 
857 243 23 34 0.066004336 
398 268 20 31 0.06528332 
88 209 28 30 0.06362054 
485 234 13 17 0.06179477 
378 201 14 16 0.061476003 
563 188 12 17 0.061005026 
541 181 10 14 0.05955076 
698 206 17 21 0.059121396 
370 206 9 13 0.05907679 
872 241 22 31 0.058719154 
314 212 13 18 0.05800501 
704 177 13 18 0.0575909 
846 250 24 35 0.05744369 
587 196 15 21 0.057403527 
329 182 9 11 0.056006186 
476 241 12 16 0.055958577 
550 175 12 16 0.05513054 
241 193 8 10 0.054547954 
420 281 13 19 0.052752048 
937 457 24 42 0.052469093 
318 204 11 14 0.05235586 
1005 165 13 16 0.052076295 
805 175 11 14 0.050148766 
304 210 12 18 0.04952019 
564 202 11 13 0.049236555 
172 279 22 31 0.04772355 
411 276 19 25 0.045866463 
704 165 11 14 0.044254623 
338 255 17 21 0.043873917 
481 194 15 18 0.042649303 
660 258 13 17 0.040342 
490 231 13 19 0.038643356 
287 191 11 13 0.03682643 
428 277 18 24 0.036781453 
303 184 8 11 0.036483653 
240 213 10 13 0.03643026 
231 199 9 13 0.035818815 
564 182 11 14 0.03578271 
487 220 11 14 0.03546279 
686 293 24 31 0.035333972 
565 217 17 20 0.03512487 
291 203 11 13 0.034993365 
508 286 19 28 0.03448056 
426 142 22 37 0.034153778 
278 183 9 10 0.033684455 
557 228 13 18 0.033558965 
257 260 17 20 0.033505056 
866 209 17 23 0.03208111 
708 168 13 18 0.031432573 
468 181 12 15 0.0310355 
422 216 22 26 0.030871848 
433 199 22 26 0.030579137 
384 320 17 21 0.030575776 
373 208 12 17 0.03037024 
371 199 9 12 0.030345544 
446 277 18 25 0.029990919 
304 189 10 14 0.0297717 
139 196 14 21 0.028993137 
550 168 11 13 0.028768241 
831 208 17 23 0.028594771 
818 184 15 17 0.028364988 
182 234 20 21 0.02827697 
209 207 9 13 0.027689707 
550 181 14 18 0.02737089 
224 196 8 11 0.026909493 
445 202 14 19 0.026845003 
263 227 13 19 0.026009707 
39 141 22 27 0.025922608 
142 190 9 13 0.025488634 
367 211 10 12 0.02545697 
557 219 15 19 0.024938226 
477 268 21 27 0.024753837 
373 254 25 35 0.02457382 
354 206 11 13 0.024415594 
237 206 11 15 0.024403818 
216 191 8 11 0.024317108 
702 159 12 14 0.024283625 
478 180 13 17 0.024282457 
379 212 13 15 0.024122868 
560 279 25 26 0.024119014 
508 218 13 17 0.023832502 
293 190 9 11 0.023827638 
531 191 15 18 0.023803696 
639 121 8 10 0.023347607 
543 175 10 14 0.022988485 
476 230 13 18 0.022943422 
451 236 13 19 0.022495039 
216 197 9 10 0.022084055 
955 230 12 17 0.022045802 
120 203 22 29 0.022038193 
467 246 16 19 0.022016056 
836 184 13 17 0.021751514 
463 175 28 34 0.021639518 
670 225 21 23 0.021608204 
475 183 21 28 0.021396432 
210 190 7 10 0.021253085 
708 159 12 15 0.021226622 
376 272 25 32 0.021182489 
381 219 14 15 0.021018991 
443 209 14 19 0.020854458 
450 198 12 16 0.020769132 
670 253 20 28 0.020722784 
632 238 17 22 0.020711605 
555 488 17 21 0.020666111 
665 384 19 22 0.020648587 
535 181 18 24 0.020539394 
387 201 13 15 0.020395178 
593 194 14 18 0.020258477 
262 204 9 12 0.020114038 
