55_Sports_Coach_Trainer_sportcoaching_55_569
29
891 40 52 66 0.9994742 
735 196 54 75 0.9985033 
183 88 53 79 0.9984269 
337 48 50 68 0.9983039 
100 238 24 33 0.9948072 
252 255 41 54 0.9932045 
60 244 22 29 0.9905787 
375 245 21 31 0.9789186 
591 22 21 27 0.97679365 
911 205 42 54 0.96495 
695 15 15 26 0.88803345 
928 0 73 70 0.80082506 
38 254 10 12 0.31976548 
131 267 14 17 0.19048083 
6 270 8 11 0.082304426 
631 68 14 19 0.067604 
2 269 8 12 0.058221027 
17 325 24 28 0.056512453 
44 127 36 49 0.039023615 
682 0 16 15 0.033846762 
44 300 13 15 0.0331672 
1 254 8 13 0.031670712 
180 270 10 11 0.029745614 
358 -33 405 472 0.026110353 
6 254 10 12 0.023473892 
159 345 10 11 0.023137456 
176 269 10 11 0.020478442 
589 88 14 16 0.020295333 
13 268 10 12 0.02002797 
