1_Handshaking_Handshaking_1_801
3398
193 1 413 336 0.1251102 
466 -1 402 338 0.12508593 
227 25 218 210 0.12506269 
546 13 215 197 0.12506093 
-3 222 20 43 0.12506086 
316 13 218 194 0.12505867 
0 233 10 21 0.12505856 
449 14 217 194 0.1250576 
607 72 112 172 0.12505244 
602 25 121 137 0.12505198 
696 34 116 145 0.12505198 
422 87 103 176 0.12505196 
478 17 125 130 0.12505174 
248 58 103 152 0.12505169 
12 60 72 152 0.12505166 
549 30 116 133 0.12505166 
645 57 126 169 0.1250516 
792 41 119 155 0.12505159 
500 56 108 156 0.1250515 
840 31 114 150 0.12505148 
293 54 109 160 0.12505147 
743 51 121 161 0.12505147 
154 96 97 166 0.12505144 
532 82 108 182 0.12505138 
488 99 99 183 0.12505136 
361 87 103 177 0.12505132 
450 54 109 158 0.1250513 
341 25 115 134 0.12505129 
94 73 91 158 0.12505129 
201 69 98 163 0.12505111 
7 3 69 141 0.12505105 
50 84 88 161 0.12505104 
138 30 97 132 0.12505102 
663 18 120 117 0.12505092 
37 38 85 140 0.12505087 
859 80 114 183 0.12505084 
392 46 102 149 0.12505083 
77 28 93 131 0.12505083 
280 101 98 176 0.12505078 
234 19 107 125 0.12505066 
220 135 93 174 0.12505065 
684 95 112 182 0.12505059 
144 4 218 202 0.12505056 
183 30 102 132 0.12505054 
434 21 110 125 0.12505051 
16 140 78 166 0.12505049 
331 117 93 181 0.12505046 
175 152 90 173 0.12505046 
110 122 89 175 0.12505043 
520 144 97 180 0.12505043 
394 133 95 176 0.12505034 
886 152 85 172 0.12505034 
595 142 102 181 0.1250503 
909 54 101 178 0.1250503 
897 19 96 131 0.12505026 
305 13 107 119 0.12505023 
458 146 95 176 0.12505017 
752 16 105 118 0.12505017 
63 136 88 175 0.12505011 
788 101 100 174 0.1250501 
252 164 91 169 0.12504996 
748 165 87 150 0.12504968 
663 144 93 181 0.12504967 
638 122 51 85 0.12504958 
297 163 94 172 0.12504955 
398 8 105 111 0.12504943 
802 10 101 109 0.12504937 
368 164 86 166 0.12504928 
100 10 105 109 0.1250492 
447 138 50 86 0.12504914 
44 9 96 109 0.12504911 
829 114 100 180 0.12504908 
914 202 45 87 0.12504895 
599 47 65 78 0.12504885 
731 62 56 81 0.12504873 
577 0 105 101 0.12504861 
626 1 105 100 0.12504861 
196 8 109 97 0.12504837 
829 92 54 83 0.12504832 
851 1 102 101 0.12504831 
702 3 106 99 0.12504831 
525 106 53 85 0.1250483 
540 62 56 81 0.12504825 
528 3 109 100 0.12504822 
589 121 53 86 0.12504822 
716 90 55 85 0.12504819 
127 107 49 85 0.12504819 
492 91 55 84 0.12504818 
147 4 107 99 0.12504818 
652 90 55 85 0.12504816 
316 90 55 86 0.12504816 
366 92 51 84 0.12504816 
270 77 52 82 0.12504813 
271 122 50 86 0.12504813 
79 123 49 84 0.12504812 
633 46 61 80 0.12504812 
924 125 87 167 0.12504812 
684 90 55 85 0.12504809 
350 76 52 83 0.12504809 
462 122 51 86 0.12504809 
143 92 49 84 0.12504807 
557 91 53 85 0.12504804 
397 62 53 81 0.12504803 
799 123 49 84 0.12504803 
461 77 53 82 0.12504801 
239 139 49 85 0.12504801 
320 154 48 86 0.12504801 
477 61 53 82 0.12504801 
528 220 46 77 0.12504801 
861 90 52 86 0.125048 
-6 180 68 148 0.125048 
543 154 50 85 0.125048 
222 106 51 86 0.125048 
508 61 56 82 0.125048 
621 107 53 84 0.125048 
237 78 54 80 0.125048 
399 138 50 85 0.12504797 
351 122 50 86 0.12504797 
286 107 52 85 0.12504795 
430 91 51 85 0.12504795 
940 21 53 75 0.12504794 
383 155 49 83 0.12504792 
561 219 44 79 0.1250479 
813 167 86 155 0.1250479 
48 107 48 85 0.1250479 
207 122 49 86 0.1250479 
64 186 46 85 0.1250479 
748 90 55 85 0.1250479 
367 139 49 84 0.1250479 
706 220 43 74 0.1250479 
606 138 51 86 0.1250479 
335 138 50 86 0.1250479 
512 152 49 89 0.1250479 
175 93 49 82 0.1250479 
285 61 54 81 0.12504788 
158 47 51 80 0.12504788 
558 137 51 86 0.12504788 
589 76 54 83 0.12504788 
382 77 51 82 0.12504788 
571 48 59 78 0.12504788 
653 138 52 85 0.12504788 
192 155 47 85 0.12504786 
414 76 51 83 0.12504786 
95 107 49 85 0.12504785 
364 47 57 79 0.12504783 
303 123 50 84 0.12504783 
144 139 48 84 0.12504782 
764 62 55 81 0.12504782 
495 138 50 85 0.12504782 
110 62 51 81 0.12504782 
815 108 49 82 0.12504782 
780 91 54 84 0.12504782 
190 62 52 81 0.1250478 
669 122 53 85 0.12504779 
846 122 51 85 0.12504777 
431 154 49 86 0.12504777 
112 155 47 84 0.12504777 
862 138 50 85 0.12504777 
909 75 52 85 0.12504776 
80 171 46 84 0.12504776 
63 92 49 84 0.12504774 
698 61 57 82 0.12504774 
333 47 54 79 0.12504771 
252 106 55 85 0.12504771 
624 155 48 85 0.12504771 
222 62 51 81 0.12504771 
191 108 49 84 0.12504771 
48 155 46 84 0.12504771 
32 123 48 85 0.12504771 
480 153 48 88 0.1250477 
416 123 48 84 0.1250477 
288 169 48 88 0.1250477 
305 203 45 84 0.12504767 
63 139 49 84 0.12504767 
686 139 51 83 0.12504767 
574 154 51 85 0.12504767 
273 220 44 80 0.12504767 
336 186 47 86 0.12504765 
701 122 52 85 0.12504765 
419 220 42 78 0.12504764 
252 48 57 78 0.12504764 
733 122 52 85 0.12504764 
126 47 51 80 0.12504761 
876 60 54 83 0.12504761 
738 221 43 72 0.12504761 
241 186 46 86 0.12504761 
766 123 51 84 0.1250476 
717 138 52 85 0.1250476 
796 62 55 81 0.1250476 
528 168 48 89 0.1250476 
428 48 55 78 0.12504758 
32 61 48 83 0.12504758 
640 170 48 86 0.12504756 
207 77 50 82 0.12504756 
941 90 52 86 0.12504756 
926 122 50 85 0.12504756 
894 105 51 86 0.12504756 
656 187 47 84 0.12504756 
745 34 61 75 0.12504756 
50 203 44 81 0.12504753 
663 33 64 76 0.12504753 
79 61 50 82 0.12504753 
627 220 42 76 0.12504753 
160 123 48 84 0.12504752 
17 107 46 86 0.12504752 
878 121 51 86 0.12504752 
94 47 51 80 0.12504752 
257 202 46 85 0.1250475 
831 139 49 84 0.1250475 
816 156 47 83 0.1250475 
417 169 47 88 0.12504749 
608 186 47 85 0.12504749 
101 220 41 77 0.12504749 
481 221 45 74 0.12504749 
400 186 47 86 0.12504748 
227 237 42 74 0.12504746 
358 238 39 69 0.12504746 
5 61 44 83 0.12504746 
783 139 49 84 0.12504746 
844 61 54 82 0.12504746 
544 202 47 85 0.12504746 
504 33 64 76 0.12504746 
368 186 47 86 0.12504743 
433 202 46 85 0.1250474 
162 170 45 87 0.1250474 
255 154 50 85 0.1250474 
63 34 50 77 0.12504739 
129 170 46 87 0.12504739 
209 202 46 85 0.12504739 
204 34 55 76 0.12504737 
464 169 48 88 0.12504737 
577 202 46 85 0.12504736 
385 202 46 85 0.12504736 
847 170 48 85 0.12504736 
18 47 46 81 0.12504734 
592 170 47 86 0.12504734 
164 220 42 80 0.1250473 
925 47 51 81 0.12504728 
352 168 48 90 0.12504728 
34 170 44 86 0.12504728 
776 34 62 75 0.12504728 
449 186 46 86 0.12504725 
148 202 44 87 0.12504725 
458 35 59 74 0.12504725 
48 47 48 80 0.12504725 
694 32 65 77 0.12504725 
751 156 49 82 0.12504722 
513 202 47 85 0.1250472 
19 154 43 87 0.12504719 
299 35 57 74 0.12504719 
833 186 46 85 0.12504719 
469 238 40 69 0.12504718 
3 140 44 84 0.12504718 
378 22 59 73 0.12504718 
770 220 45 75 0.12504718 
196 238 41 72 0.12504718 
345 22 61 73 0.12504716 
114 202 45 85 0.12504716 
441 11 60 68 0.12504716 
408 23 62 71 0.12504713 
800 171 47 84 0.12504712 
825 21 60 73 0.12504712 
895 153 49 86 0.12504712 
672 170 47 85 0.12504712 
663 -1 66 65 0.12504712 
958 47 49 81 0.1250471 
803 220 44 76 0.12504706 
943 138 49 85 0.12504706 
21 203 43 82 0.12504704 
108 20 55 75 0.12504704 
768 171 47 84 0.12504704 
224 155 48 84 0.12504704 
736 170 47 86 0.12504704 
864 187 47 83 0.12504704 
140 21 55 74 0.12504703 
171 21 57 73 0.125047 
266 22 60 72 0.12504698 
875 9 56 71 0.12504698 
695 1 66 64 0.12504698 
474 10 59 69 0.12504697 
891 33 56 78 0.12504697 
537 10 61 69 0.12504695 
974 75 44 85 0.12504695 
910 138 50 85 0.12504694 
325 239 40 69 0.12504694 
175 139 49 84 0.12504694 
794 11 59 69 0.12504692 
761 11 61 68 0.12504692 
497 185 47 86 0.12504691 
784 188 47 82 0.12504691 
0 110 37 81 0.12504691 
909 8 52 72 0.12504691 
35 220 43 80 0.1250469 
858 32 58 78 0.1250469 
3 18 36 77 0.1250469 
568 12 63 67 0.1250469 
960 121 47 88 0.12504686 
132 238 40 70 0.12504686 
32 22 48 75 0.12504685 
880 168 47 88 0.12504683 
720 187 47 84 0.1250468 
602 1 59 64 0.1250468 
949 193 76 131 0.12504677 
689 187 46 84 0.12504676 
753 204 46 81 0.12504673 
704 170 47 86 0.1250467 
234 10 60 69 0.1250467 
634 3 59 62 0.12504666 
817 204 47 82 0.12504666 
312 11 63 68 0.12504666 
959 170 47 87 0.12504663 
844 0 55 65 0.12504663 
850 219 44 80 0.1250466 
78 12 51 69 0.12504655 
8 186 41 86 0.12504655 
505 1 60 63 0.1250465 
957 0 50 65 0.1250465 
929 186 45 87 0.1250465 
971 20 42 76 0.12504648 
674 218 44 83 0.12504639 
47 13 50 68 0.12504634 
393 3 61 62 0.12504634 
689 238 43 71 0.12504631 
19 11 45 70 0.1250463 
984 143 39 79 0.1250463 
253 1 118 87 0.12504627 
728 1 62 64 0.1250462 
156 3 55 62 0.12504618 
977 223 41 77 0.12504616 
187 3 57 62 0.12504616 
281 4 62 61 0.12504609 
124 4 54 62 0.12504607 
334 2 117 84 0.12504604 
93 4 53 62 0.12504603 
944 203 46 85 0.12504598 
178 187 46 85 0.12504598 
9 238 40 74 0.1250459 
984 49 39 77 0.12504569 
593 220 44 78 0.12504566 
984 -9 35 71 0.12504563 
884 218 44 82 0.12504554 
913 -7 101 90 0.12504545 
984 192 38 78 0.12504533 
662 97 12 21 0.1250453 
966 25 11 21 0.12504523 
798 169 11 21 0.12504512 
-3 206 38 79 0.12504496 
553 -2 61 50 0.12504473 
292 238 41 70 0.12504472 
809 -2 61 50 0.12504454 
598 121 12 21 0.12504451 
614 145 11 21 0.12504444 
630 33 12 21 0.12504444 
924 -3 55 51 0.12504442 
702 42 11 20 0.12504438 
694 34 12 20 0.12504438 
542 74 12 19 0.12504436 
422 18 12 19 0.12504436 
438 81 12 21 0.1250443 
327 0 65 49 0.12504426 
457 0 60 49 0.12504424 
990 25 11 21 0.12504423 
462 129 11 21 0.12504423 
654 113 12 21 0.12504417 
958 105 11 21 0.12504409 
424 1 62 48 0.12504406 
891 -1 57 49 0.12504399 
60 1 55 49 0.12504397 
216 1 63 49 0.12504394 
638 41 12 21 0.12504394 
247 0 64 49 0.12504391 
406 26 12 19 0.12504385 
798 57 11 21 0.12504384 
6 0 45 50 0.12504372 
29 2 54 49 0.12504366 
433 183 82 143 0.12504363 
846 105 12 21 0.12504357 
742 97 12 21 0.12504351 
870 161 11 21 0.12504342 
654 129 12 21 0.12504333 
598 145 11 21 0.12504332 
758 161 12 21 0.1250433 
870 201 11 21 0.12504327 
694 121 11 21 0.12504321 
430 18 12 19 0.12504321 
62 25 11 21 0.12504318 
62 49 11 21 0.12504318 
777 -2 61 50 0.12504315 
62 65 11 21 0.12504311 
70 73 11 21 0.12504308 
374 177 11 21 0.12504306 
606 18 12 20 0.12504306 
70 25 11 21 0.12504306 
462 18 12 19 0.12504306 
494 18 11 19 0.12504302 
598 18 12 19 0.12504302 
702 18 12 19 0.12504302 
70 41 11 21 0.12504302 
822 18 12 19 0.125043 
614 18 12 20 0.125043 
742 18 12 19 0.125043 
750 18 12 19 0.125043 
670 18 12 19 0.125043 
502 18 11 19 0.125043 
726 18 12 19 0.12504297 
470 18 12 19 0.12504297 
54 33 11 21 0.12504297 
590 18 12 20 0.12504297 
526 18 12 19 0.12504297 
550 18 12 19 0.12504297 
582 18 12 19 0.12504297 
622 18 12 19 0.12504297 
646 18 12 19 0.12504296 
454 18 12 19 0.12504296 
486 18 12 19 0.12504296 
558 18 12 19 0.12504296 
566 18 12 19 0.12504296 
710 18 12 19 0.12504296 
766 18 12 19 0.12504295 
454 129 11 21 0.12504295 
734 18 12 19 0.12504295 
398 18 12 19 0.12504295 
654 18 12 19 0.12504295 
574 18 12 19 0.12504295 
534 18 12 19 0.12504295 
686 18 12 19 0.12504295 
798 18 12 19 0.12504293 
694 18 12 19 0.12504293 
637 189 86 133 0.12504293 
662 18 12 19 0.12504293 
334 18 12 19 0.12504293 
758 18 12 19 0.12504293 
382 18 12 19 0.12504292 
374 18 12 19 0.12504292 
318 18 12 19 0.12504292 
598 33 11 21 0.12504292 
70 57 11 21 0.12504292 
838 18 12 19 0.12504292 
830 18 12 19 0.12504292 
806 18 12 19 0.12504292 
790 18 12 19 0.12504292 
630 18 12 19 0.12504292 
718 18 12 19 0.12504292 
614 169 11 21 0.12504292 
814 18 12 19 0.1250429 
854 18 12 20 0.1250429 
654 41 11 21 0.1250429 
846 18 12 19 0.1250429 
550 34 11 19 0.1250429 
246 18 12 19 0.1250429 
854 33 12 21 0.1250429 
510 18 12 19 0.1250429 
518 18 12 19 0.1250429 
294 18 12 19 0.1250429 
814 49 11 21 0.1250429 
542 18 12 19 0.1250429 
638 25 12 21 0.1250429 
350 18 12 19 0.1250429 
774 57 12 21 0.1250429 
678 26 12 20 0.1250429 
822 58 11 20 0.1250429 
726 34 12 20 0.1250429 
54 17 11 21 0.1250429 
702 105 11 21 0.1250429 
662 49 11 21 0.1250429 
606 34 12 20 0.1250429 
326 18 12 19 0.1250429 
302 18 12 19 0.1250429 
310 18 12 19 0.1250429 
790 57 11 21 0.1250429 
694 89 12 21 0.1250429 
198 89 11 21 0.12504287 
542 34 12 19 0.12504287 
630 49 12 21 0.12504287 
806 41 12 21 0.12504287 
574 34 12 19 0.12504287 
238 18 12 19 0.12504287 
654 57 12 21 0.12504287 
558 34 12 20 0.12504287 
702 65 11 21 0.12504287 
534 34 12 19 0.12504287 
102 81 11 21 0.12504287 
230 18 12 19 0.12504287 
110 89 11 21 0.12504287 
766 41 12 21 0.12504287 
198 26 12 20 0.12504287 
174 97 11 21 0.12504287 
710 34 12 20 0.12504287 
358 18 12 19 0.12504287 
846 41 11 21 0.12504287 
670 42 11 20 0.12504287 
702 81 12 21 0.12504287 
526 34 12 19 0.12504287 
518 34 11 19 0.12504287 
694 57 12 21 0.12504287 
998 25 11 21 0.12504287 
814 33 12 21 0.12504287 
838 49 12 21 0.12504287 
134 105 11 21 0.12504287 
254 18 12 19 0.12504287 
150 105 12 21 0.12504287 
846 121 11 21 0.12504287 
78 81 11 21 0.12504287 
134 129 11 21 0.12504287 
718 42 11 20 0.12504287 
110 73 11 21 0.12504287 
742 42 12 20 0.12504286 
822 41 12 21 0.12504286 
254 89 12 21 0.12504286 
734 81 12 21 0.12504286 
598 89 12 21 0.12504286 
142 105 11 21 0.12504286 
502 34 12 20 0.12504286 
566 50 11 20 0.12504286 
270 89 12 21 0.12504286 
262 89 12 21 0.12504286 
142 137 11 21 0.12504286 
694 105 11 21 0.12504286 
782 33 12 21 0.12504286 
734 34 12 20 0.12504286 
686 33 12 21 0.12504286 
94 81 11 21 0.12504286 
262 18 12 19 0.12504286 
686 65 11 21 0.12504286 
726 50 11 20 0.12504286 
686 50 11 20 0.12504286 
582 42 11 19 0.12504284 
590 42 12 20 0.12504284 
414 26 12 19 0.12504284 
214 41 11 21 0.12504284 
206 41 12 21 0.12504284 
662 73 12 21 0.12504284 
678 42 11 20 0.12504284 
774 25 12 21 0.12504284 
750 34 12 20 0.12504284 
158 113 11 21 0.12504284 
150 145 11 21 0.12504284 
494 42 12 20 0.12504284 
510 73 12 21 0.12504284 
182 113 11 21 0.12504284 
166 113 12 21 0.12504284 
726 65 12 21 0.12504284 
150 25 12 21 0.12504284 
126 25 12 21 0.12504284 
214 73 12 21 0.12504284 
678 73 12 21 0.12504284 
774 73 12 21 0.12504284 
510 42 12 20 0.12504284 
78 65 11 21 0.12504284 
774 41 12 21 0.12504284 
182 97 11 21 0.12504284 
286 18 12 19 0.12504284 
46 25 11 21 0.12504284 
38 25 11 21 0.12504284 
30 25 11 21 0.12504284 
646 65 12 21 0.12504284 
190 105 11 21 0.12504284 
830 33 12 21 0.12504284 
550 66 11 19 0.12504284 
174 121 12 21 0.12504284 
102 65 11 21 0.12504284 
838 33 12 21 0.12504284 
86 65 11 21 0.12504284 
710 57 12 21 0.12504284 
222 121 11 21 0.12504284 
206 97 11 21 0.12504284 
798 33 12 21 0.12504284 
790 33 12 21 0.12504284 
214 97 11 21 0.12504284 
846 73 11 21 0.12504284 
86 81 11 21 0.12504284 
678 57 11 21 0.12504284 
782 57 12 21 0.12504284 
766 57 12 21 0.12504284 
206 113 11 21 0.12504284 
854 49 12 21 0.12504284 
486 34 12 20 0.12504284 
86 33 11 21 0.12504284 
78 33 11 21 0.12504284 
758 49 12 21 0.12504284 
270 18 12 19 0.12504284 
758 89 12 21 0.12504284 
598 50 11 20 0.12504284 
566 34 12 20 0.12504284 
558 50 11 20 0.12504284 
222 89 11 21 0.12504284 
190 25 12 21 0.12504284 
246 89 12 21 0.12504284 
86 49 11 21 0.12504284 
798 81 12 21 0.12504284 
78 49 11 21 0.12504284 
814 81 12 21 0.12504284 
110 57 11 21 0.12504284 
118 89 11 21 0.12504284 
822 81 12 21 0.12504284 
670 81 12 21 0.12504284 
190 89 11 21 0.12504284 
206 81 12 21 0.12504284 
830 49 12 21 0.12504284 
182 81 11 21 0.12504284 
422 34 11 19 0.12504284 
206 26 12 20 0.12504284 
126 41 12 21 0.12504284 
838 66 11 20 0.12504284 
214 113 11 21 0.12504284 
126 97 11 21 0.12504284 
222 73 12 21 0.12504284 
294 89 12 21 0.12504284 
238 81 12 21 0.12504284 
286 89 12 21 0.12504284 
102 33 11 21 0.12504284 
734 49 12 21 0.12504284 
646 49 12 21 0.12504284 
94 57 11 21 0.12504284 
278 89 12 21 0.12504284 
134 153 11 21 0.12504284 
758 73 12 21 0.12504283 
670 57 12 21 0.12504283 
742 57 12 21 0.12504283 
110 25 11 21 0.12504283 
142 153 11 21 0.12504283 
614 65 12 21 0.12504283 
542 58 12 20 0.12504283 
782 18 12 19 0.12504283 
654 73 12 21 0.12504283 
542 121 11 21 0.12504283 
694 73 12 21 0.12504283 
558 66 11 19 0.12504283 
750 73 12 21 0.12504283 
94 25 11 21 0.12504283 
318 42 12 19 0.12504283 
622 50 11 20 0.12504283 
398 34 12 20 0.12504283 
158 137 11 21 0.12504283 
462 34 12 19 0.12504283 
486 105 12 21 0.12504283 
206 129 11 21 0.12504283 
238 97 11 21 0.12504283 
374 42 12 20 0.12504283 
230 97 11 21 0.12504283 
150 89 11 21 0.12504283 
646 33 12 21 0.12504283 
182 137 11 21 0.12504283 
614 33 12 21 0.12504283 
198 41 12 21 0.12504283 
366 18 12 19 0.12504283 
598 73 12 21 0.12504283 
390 34 12 20 0.12504283 
606 73 12 21 0.12504283 
518 49 12 21 0.12504283 
814 65 12 21 0.12504283 
150 121 11 21 0.12504283 
734 65 12 21 0.12504283 
782 81 12 21 0.12504283 
294 105 12 21 0.12504283 
790 81 12 21 0.12504283 
254 129 11 21 0.12504281 
278 121 12 21 0.12504281 
190 121 11 21 0.12504281 
198 121 11 21 0.12504281 
302 97 11 21 0.12504281 
230 121 11 21 0.12504281 
238 121 11 21 0.12504281 
166 97 12 21 0.12504281 
158 97 12 21 0.12504281 
134 57 11 21 0.12504281 
214 57 12 21 0.12504281 
462 58 12 19 0.12504281 
470 58 12 19 0.12504281 
174 81 11 21 0.12504281 
574 57 12 21 0.12504281 
582 58 11 19 0.12504281 
590 58 12 20 0.12504281 
246 121 11 21 0.12504281 
686 81 12 21 0.12504281 
718 57 12 21 0.12504281 
326 50 12 20 0.12504281 
710 81 12 21 0.12504281 
222 49 11 21 0.12504281 
310 50 12 19 0.12504281 
750 57 12 21 0.12504281 
142 81 11 21 0.12504281 
126 81 11 21 0.12504281 
166 49 12 21 0.12504281 
326 121 12 21 0.12504281 
222 26 12 19 0.12504281 
222 145 11 21 0.12504281 
214 145 11 21 0.12504281 
342 26 12 19 0.12504281 
478 26 12 19 0.12504281 
118 33 12 21 0.12504281 
310 121 12 21 0.12504281 
158 33 12 21 0.12504281 
214 18 12 19 0.12504281 
286 42 12 20 0.12504281 
254 42 12 19 0.12504281 
94 41 11 21 0.12504281 
198 137 11 21 0.12504281 
166 81 11 21 0.12504281 
158 81 12 21 0.12504281 
174 41 12 21 0.12504281 
110 41 11 21 0.12504281 
182 25 12 21 0.12504281 
142 41 12 21 0.12504281 
150 41 12 21 0.12504281 
366 34 12 20 0.12504281 
430 34 11 19 0.12504281 
182 41 12 21 0.12504281 
230 42 12 20 0.12504281 
758 33 12 21 0.12504281 
742 81 12 21 0.12504281 
198 105 11 21 0.12504281 
854 65 12 21 0.12504281 
622 73 12 21 0.12504281 
630 73 12 21 0.12504281 
766 73 12 21 0.12504281 
550 129 11 21 0.12504281 
470 42 12 19 0.12504281 
254 113 11 21 0.12504281 
382 42 12 20 0.12504281 
590 73 12 21 0.12504281 
134 89 11 21 0.12504281 
286 105 11 21 0.12504281 
278 105 11 21 0.12504281 
750 105 12 21 0.12504281 
510 105 11 21 0.12504281 
102 49 11 21 0.12504281 
478 105 12 21 0.12504281 
166 65 12 21 0.12504281 
342 97 11 21 0.12504281 
350 97 11 21 0.12504281 
438 97 12 21 0.12504281 
470 97 12 21 0.12504281 
566 97 12 21 0.12504281 
582 97 12 21 0.12504281 
950 97 11 21 0.12504281 
566 65 12 21 0.12504281 
222 105 11 21 0.12504281 
582 73 12 21 0.12504281 
518 81 12 21 0.12504281 
334 89 12 21 0.12504281 
526 89 12 21 0.12504281 
574 89 12 21 0.12504281 
454 81 12 21 0.12504281 
454 50 12 19 0.12504281 
118 49 11 21 0.12504281 
806 81 12 21 0.12504281 
614 81 12 21 0.12504281 
806 65 11 21 0.12504281 
614 50 12 20 0.12504281 
830 65 12 21 0.12504281 
142 121 11 21 0.12504281 
118 73 11 21 0.12504281 
190 73 12 21 0.12504281 
198 73 12 21 0.12504281 
294 129 12 21 0.12504281 
230 73 12 21 0.12504281 
318 97 12 21 0.12504281 
550 50 11 19 0.12504281 
606 50 12 20 0.12504281 
846 57 12 21 0.12504281 
718 81 12 21 0.1250428 
438 26 12 19 0.1250428 
174 145 11 21 0.1250428 
166 145 11 21 0.1250428 
726 81 12 21 0.1250428 
326 81 12 21 0.1250428 
318 82 12 20 0.1250428 
350 34 12 19 0.1250428 
406 89 11 21 0.1250428 
358 89 12 21 0.1250428 
302 34 12 19 0.1250428 
342 81 12 21 0.1250428 
326 34 12 19 0.1250428 
334 34 12 19 0.1250428 
358 34 12 19 0.1250428 
310 89 12 21 0.1250428 
446 34 12 19 0.1250428 
366 105 11 21 0.1250428 
494 105 12 21 0.1250428 
502 105 11 21 0.1250428 
518 105 12 21 0.1250428 
398 113 12 21 0.1250428 
270 137 11 21 0.1250428 
262 137 11 21 0.1250428 
230 137 11 21 0.1250428 
358 105 11 21 0.1250428 
334 105 11 21 0.1250428 
414 81 12 21 0.1250428 
446 81 12 21 0.1250428 
494 81 12 21 0.1250428 
502 81 12 21 0.1250428 
534 81 12 21 0.1250428 
134 33 12 21 0.1250428 
166 33 12 21 0.1250428 
350 81 12 21 0.1250428 
478 89 12 21 0.1250428 
342 42 12 19 0.1250428 
278 34 12 19 0.1250428 
262 50 12 19 0.1250428 
190 49 12 21 0.1250428 
302 50 12 19 0.1250428 
238 50 12 19 0.1250428 
278 50 12 19 0.1250428 
766 161 11 21 0.1250428 
502 129 12 21 0.1250428 
526 50 12 19 0.1250428 
534 50 12 19 0.1250428 
262 113 11 21 0.1250428 
214 129 11 21 0.1250428 
294 42 12 19 0.1250428 
438 42 12 19 0.1250428 
158 49 12 21 0.1250428 
414 42 12 19 0.1250428 
246 50 12 19 0.1250428 
406 42 12 19 0.1250428 
358 50 12 19 0.1250428 
270 34 12 19 0.1250428 
390 50 12 20 0.1250428 
534 129 11 21 0.1250428 
830 161 11 21 0.1250428 
446 50 12 19 0.1250428 
366 50 12 19 0.1250428 
318 113 11 21 0.1250428 
190 137 11 21 0.1250428 
238 34 12 19 0.1250428 
246 34 12 19 0.1250428 
262 34 12 19 0.1250428 
430 50 12 20 0.1250428 
422 50 12 20 0.1250428 
302 129 11 21 0.1250428 
502 50 12 20 0.1250428 
486 50 12 19 0.1250428 
478 50 12 19 0.1250428 
398 50 12 20 0.1250428 
270 113 11 21 0.1250428 
262 74 12 20 0.1250428 
246 73 12 21 0.1250428 
278 73 12 21 0.1250428 
294 73 12 21 0.1250428 
510 121 11 21 0.1250428 
334 74 12 20 0.1250428 
358 73 12 21 0.1250428 
486 73 12 21 0.1250428 
150 65 11 21 0.1250428 
126 65 11 21 0.1250428 
142 65 11 21 0.1250428 
278 18 12 19 0.1250428 
158 65 12 21 0.1250428 
174 65 12 21 0.1250428 
510 58 12 19 0.1250428 
182 65 12 21 0.1250428 
206 65 12 21 0.1250428 
238 65 12 21 0.1250428 
230 58 12 20 0.1250428 
198 57 12 21 0.1250428 
134 73 11 21 0.1250428 
526 121 11 21 0.1250428 
558 121 11 21 0.1250428 
382 58 11 19 0.1250428 
318 58 12 19 0.1250428 
270 58 12 19 0.1250428 
254 58 12 19 0.1250428 
486 121 11 21 0.1250428 
326 97 12 21 0.1250428 
486 89 12 21 0.1250428 
422 97 11 21 0.1250428 
430 97 12 21 0.1250428 
446 97 12 21 0.1250428 
558 97 12 21 0.1250428 
590 97 12 21 0.1250428 
726 97 12 21 0.1250428 
246 105 11 21 0.1250428 
766 89 12 21 0.1250428 
302 113 12 21 0.1250428 
310 105 12 21 0.1250428 
510 89 12 21 0.1250428 
550 89 12 21 0.1250428 
174 25 12 21 0.1250428 
406 121 12 21 0.1250428 
406 58 12 19 0.1250428 
142 25 12 21 0.1250428 
894 73 11 21 0.1250428 
390 18 12 19 0.1250428 
286 121 12 21 0.1250428 
438 58 12 20 0.1250428 
286 66 12 19 0.1250428 
574 73 12 21 0.1250428 
494 65 12 21 0.1250428 
254 73 12 21 0.1250428 
502 65 12 21 0.1250428 
518 66 12 20 0.1250428 
462 113 12 21 0.12504278 
462 97 12 21 0.12504278 
718 105 12 21 0.12504278 
726 113 11 21 0.12504278 
374 89 12 21 0.12504278 
686 113 11 21 0.12504278 
422 113 11 21 0.12504278 
414 113 11 21 0.12504278 
390 90 12 20 0.12504278 
574 153 11 21 0.12504278 
118 105 11 21 0.12504278 
310 34 12 19 0.12504278 
366 89 12 21 0.12504278 
310 74 12 20 0.12504278 
638 73 12 21 0.12504278 
334 50 12 19 0.12504278 
374 58 12 19 0.12504278 
646 81 12 21 0.12504278 
270 73 12 21 0.12504278 
422 66 12 19 0.12504278 
478 65 12 21 0.12504278 
462 74 12 20 0.12504278 
342 66 12 20 0.12504278 
366 73 12 21 0.12504278 
302 74 12 20 0.12504278 
382 74 12 19 0.12504277 
374 74 12 19 0.12504277 
430 74 12 19 0.12504277 
390 74 12 19 0.12504277 
398 74 12 19 0.12504277 
414 97 11 21 0.12504277 
318 129 12 21 0.12504277 
614 97 12 21 0.12504277 
678 97 12 21 0.12504277 
398 97 11 21 0.12504277 
734 97 12 21 0.12504277 
470 74 12 19 0.12504277 
350 58 12 19 0.12504277 
566 82 12 20 0.12504277 
950 49 11 21 0.12504277 
374 121 11 21 0.12504277 
998 49 11 21 0.12504277 
366 121 11 21 0.12504277 
390 121 11 21 0.12504277 
414 57 12 21 0.12504277 
350 121 11 21 0.12504277 
294 58 12 19 0.12504277 
494 121 11 21 0.12504277 
478 121 11 21 0.12504277 
54 49 11 21 0.12504277 
558 82 12 19 0.12504277 
406 105 11 21 0.12504277 
46 41 11 21 0.12504277 
342 113 11 21 0.12504277 
782 105 12 21 0.12504277 
470 114 11 20 0.12504277 
534 66 12 19 0.12504277 
526 66 12 19 0.12504277 
454 66 12 19 0.12504277 
446 65 12 21 0.12504277 
574 105 12 21 0.12504277 
374 105 11 21 0.12504277 
606 89 12 21 0.12504277 
166 129 11 21 0.12504277 
734 113 11 21 0.12504277 
326 66 12 20 0.12504277 
110 105 11 21 0.12504277 
534 97 12 21 0.12504275 
982 33 11 21 0.12504275 
382 113 12 21 0.12504275 
382 90 12 20 0.12504275 
606 121 11 21 0.12504275 
334 121 12 21 0.12504275 
406 74 12 19 0.12504275 
398 129 11 21 0.12504274 
360 1 63 48 0.12504274 
526 105 11 21 0.12504274 
790 105 12 21 0.12504274 
830 81 11 21 0.12504274 
798 105 12 21 0.12504274 
454 113 12 21 0.12504274 
430 113 11 21 0.12504274 
38 41 11 21 0.12504274 
78 17 11 21 0.12504274 
702 121 12 21 0.12504274 
390 105 11 21 0.12504274 
886 41 12 21 0.12504274 
878 41 12 21 0.12504274 
574 121 11 21 0.12504274 
894 33 12 21 0.12504274 
942 65 12 21 0.12504274 
862 65 11 21 0.12504274 
566 129 11 21 0.12504274 
622 89 12 21 0.12504274 
422 129 11 21 0.12504274 
966 49 11 21 0.1250427 
518 121 11 21 0.1250427 
670 97 12 21 0.1250427 
166 18 12 19 0.1250427 
870 41 12 21 0.1250427 
534 113 11 21 0.1250427 
934 81 11 21 0.1250427 
974 57 11 21 0.1250427 
862 25 12 21 0.1250427 
158 17 12 20 0.1250427 
582 121 12 21 0.1250427 
790 121 12 21 0.1250427 
542 137 11 21 0.1250427 
942 105 11 21 0.1250427 
413 2 13 19 0.1250427 
334 137 12 21 0.1250427 
646 129 12 21 0.1250427 
574 137 12 21 0.1250427 
926 89 11 21 0.1250427 
654 97 11 21 0.1250427 
958 33 11 21 0.1250427 
990 41 11 21 0.1250427 
486 137 11 21 0.1250427 
438 121 12 21 0.1250427 
966 65 11 21 0.1250427 
870 73 12 21 0.1250427 
598 105 12 21 0.1250427 
630 89 12 21 0.1250427 
646 105 12 21 0.1250427 
446 129 11 21 0.1250427 
430 129 12 21 0.1250427 
310 137 12 21 0.1250427 
742 113 11 21 0.1250427 
614 113 12 21 0.1250427 
86 17 12 21 0.1250427 
446 113 12 21 0.1250427 
766 105 12 21 0.1250427 
982 17 11 21 0.1250427 
774 89 12 21 0.1250427 
798 121 12 21 0.1250427 
974 33 11 21 0.1250427 
774 113 12 21 0.1250427 
710 121 12 21 0.1250427 
838 97 11 21 0.12504269 
734 129 12 21 0.12504269 
974 81 11 21 0.12504269 
894 49 12 21 0.12504269 
478 137 11 21 0.12504269 
966 81 11 21 0.12504269 
926 73 12 21 0.12504269 
342 137 11 21 0.12504269 
718 121 12 21 0.12504269 
750 153 12 21 0.12504269 
926 41 11 21 0.12504269 
990 73 11 21 0.12504269 
934 65 11 21 0.12504269 
958 65 11 21 0.12504269 
886 57 12 21 0.12504269 
782 121 12 21 0.12504269 
638 137 11 21 0.12504269 
686 97 12 21 0.12504269 
614 129 11 21 0.12504269 
414 137 11 21 0.12504269 
662 129 11 21 0.12504269 
638 89 12 21 0.12504269 
862 41 12 21 0.12504269 
902 33 11 21 0.12504269 
590 113 12 21 0.12504269 
958 49 11 21 0.12504269 
390 137 11 21 0.12504269 
670 113 11 21 0.12504269 
406 137 12 21 0.12504269 
854 97 11 21 0.12504269 
710 97 12 21 0.12504269 
102 17 12 21 0.12504268 
550 145 11 21 0.12504268 
918 65 12 21 0.12504268 
470 129 12 21 0.12504268 
382 137 11 21 0.12504268 
478 153 11 21 0.12504268 
758 105 12 21 0.12504268 
366 137 11 21 0.12504268 
358 129 11 21 0.12504268 
846 89 11 21 0.12504268 
358 145 12 21 0.12504268 
774 169 11 21 0.12504268 
350 137 12 21 0.12504268 
606 105 12 21 0.12504268 
878 65 12 21 0.12504268 
566 113 11 21 0.12504266 
102 97 11 21 0.12504266 
870 25 12 21 0.12504266 
878 25 12 21 0.12504266 
998 89 11 21 0.12504266 
990 57 11 21 0.12504266 
678 113 11 21 0.12504266 
886 161 11 21 0.12504266 
582 145 11 21 0.12504266 
806 97 11 21 0.12504266 
918 81 11 21 0.12504266 
910 41 11 21 0.12504266 
910 65 12 21 0.12504266 
646 145 11 21 0.12504266 
902 65 11 21 0.12504266 
510 145 11 21 0.12504266 
662 113 11 21 0.12504266 
726 129 12 21 0.12504266 
638 113 12 21 0.12504266 
942 81 11 21 0.12504266 
950 81 11 21 0.12504266 
958 81 11 21 0.12504266 
790 137 12 21 0.12504266 
902 49 11 21 0.12504266 
934 97 11 21 0.12504266 
806 121 12 21 0.12504266 
622 113 12 21 0.12504266 
374 137 11 21 0.12504266 
782 137 12 21 0.12504266 
438 137 12 21 0.12504266 
526 137 12 21 0.12504266 
454 97 12 21 0.12504266 
934 33 11 21 0.12504265 
118 17 12 21 0.12504265 
950 33 11 21 0.12504265 
814 121 12 21 0.12504265 
838 81 12 21 0.12504265 
518 137 12 21 0.12504265 
982 49 11 21 0.12504265 
622 137 12 21 0.12504265 
502 145 11 21 0.12504265 
982 81 11 21 0.12504265 
974 17 11 21 0.12504265 
926 57 11 21 0.12504262 
886 25 11 21 0.12504262 
926 25 11 21 0.12504262 
934 49 11 21 0.12504262 
798 137 12 21 0.12504262 
862 81 11 21 0.12504262 
950 65 11 21 0.12504262 
854 81 12 21 0.12504262 
918 33 11 21 0.12504262 
494 161 11 21 0.12504262 
910 81 11 21 0.12504262 
102 145 11 21 0.12504262 
470 145 11 21 0.12504262 
814 97 12 21 0.12504262 
630 121 12 21 0.12504262 
894 161 11 21 0.12504262 
462 145 11 21 0.12504262 
94 113 11 21 0.12504262 
454 153 11 21 0.12504262 
942 41 11 21 0.12504262 
990 89 11 21 0.12504262 
870 89 11 21 0.12504262 
766 145 12 21 0.12504262 
982 65 11 21 0.12504262 
774 137 12 21 0.12504262 
766 121 12 21 0.12504262 
606 137 11 21 0.12504262 
518 153 11 21 0.12504262 
710 153 11 21 0.1250426 
750 121 11 21 0.1250426 
734 153 12 21 0.1250426 
942 121 11 21 0.1250426 
566 145 11 21 0.1250426 
878 81 11 21 0.1250426 
862 97 11 21 0.1250426 
878 177 11 21 0.1250426 
718 137 11 21 0.1250426 
942 25 11 21 0.1250426 
886 81 11 21 0.1250426 
902 89 11 21 0.1250426 
830 113 12 21 0.1250426 
46 89 11 21 0.1250426 
910 129 11 21 0.1250426 
998 73 11 21 0.1250426 
758 121 11 21 0.1250426 
630 105 12 21 0.1250426 
974 97 11 21 0.1250426 
998 105 11 21 0.1250426 
742 161 11 21 0.1250426 
822 105 12 21 0.1250426 
758 145 12 21 0.1250426 
126 121 11 21 0.1250426 
670 145 11 21 0.1250426 
558 137 12 21 0.1250426 
918 49 11 21 0.1250426 
830 97 11 21 0.1250426 
590 145 11 21 0.1250426 
894 113 11 21 0.12504259 
278 137 11 21 0.12504259 
774 153 12 21 0.12504259 
854 113 11 21 0.12504259 
838 113 11 21 0.12504259 
742 145 11 21 0.12504259 
814 137 11 21 0.12504259 
806 137 12 21 0.12504259 
966 97 11 21 0.12504259 
134 17 12 21 0.12504259 
862 121 11 21 0.12504259 
870 113 11 21 0.12504259 
942 137 11 21 0.12504259 
894 89 11 21 0.12504259 
742 129 11 21 0.12504259 
646 161 11 21 0.12504259 
822 121 12 21 0.12504259 
934 129 11 21 0.12504257 
499 238 41 70 0.12504257 
878 97 11 21 0.12504257 
830 137 11 21 0.12504256 
494 145 11 21 0.12504256 
286 137 11 21 0.12504256 
934 113 11 21 0.12504256 
950 161 11 21 0.12504256 
854 145 11 21 0.12504256 
630 137 11 21 0.12504256 
878 113 11 21 0.12504256 
886 113 11 21 0.12504256 
894 137 11 21 0.12504256 
958 145 11 21 0.12504256 
78 113 11 21 0.12504256 
846 137 11 21 0.12504256 
966 113 11 21 0.12504256 
862 137 11 21 0.12504256 
926 137 11 21 0.12504256 
838 129 11 21 0.12504256 
918 137 11 21 0.12504256 
822 137 11 21 0.12504256 
886 129 11 21 0.12504256 
910 97 11 21 0.12504256 
102 113 12 21 0.12504256 
910 25 11 21 0.12504256 
982 97 11 21 0.12504256 
974 129 11 21 0.12504253 
886 97 11 21 0.12504253 
950 145 11 21 0.12504253 
990 105 11 21 0.12504253 
918 97 11 21 0.12504253 
886 217 11 21 0.12504253 
982 113 11 21 0.12504253 
870 129 11 21 0.12504253 
878 145 11 21 0.12504253 
806 177 11 21 0.12504253 
854 129 11 21 0.12504253 
902 137 11 21 0.12504253 
878 129 11 21 0.12504253 
870 145 11 21 0.12504253 
942 153 11 21 0.12504253 
918 153 11 21 0.12504253 
918 121 11 21 0.12504253 
902 121 11 21 0.12504253 
926 121 11 21 0.12504251 
918 17 12 21 0.12504251 
990 129 11 21 0.12504251 
934 145 12 21 0.12504251 
902 105 11 21 0.12504251 
22 25 11 21 0.12504251 
998 137 11 21 0.1250425 
70 113 11 21 0.1250425 
950 17 12 21 0.1250425 
686 145 12 21 0.1250425 
998 121 11 21 0.1250425 
974 113 11 21 0.1250425 
78 97 11 21 0.12504248 
950 129 11 21 0.12504248 
958 129 11 21 0.12504248 
910 113 11 21 0.12504248 
422 145 11 21 0.12504248 
894 17 12 21 0.12504248 
878 161 11 21 0.12504248 
246 153 11 21 0.12504248 
934 17 12 21 0.12504248 
862 153 11 21 0.12504248 
726 160 11 22 0.12504248 
838 145 11 21 0.12504248 
926 105 11 21 0.12504248 
718 184 11 22 0.12504247 
38 105 11 21 0.12504247 
966 153 11 21 0.12504245 
982 129 11 21 0.12504245 
966 129 11 21 0.12504245 
750 137 11 21 0.12504244 
990 145 11 21 0.12504244 
726 145 11 21 0.12504244 
718 161 12 21 0.12504244 
974 145 11 21 0.12504242 
254 153 11 21 0.12504242 
326 145 11 21 0.1250424 
982 145 11 21 0.1250424 
6 33 11 21 0.1250424 
38 65 11 21 0.12504238 
902 17 12 21 0.12504238 
958 17 12 21 0.12504238 
14 33 11 21 0.12504235 
38 121 11 21 0.12504235 
30 105 11 21 0.12504235 
30 57 11 21 0.12504235 
894 177 11 21 0.12504233 
630 153 11 21 0.1250423 
6 0 11 13 0.1250423 
70 89 11 21 0.12504229 
862 200 11 23 0.12504229 
678 9 12 20 0.12504229 
62 9 12 21 0.12504227 
405 2 13 19 0.12504227 
30 41 11 21 0.12504227 
246 137 11 21 0.12504227 
382 153 11 21 0.12504227 
470 161 11 21 0.12504227 
654 145 11 21 0.12504227 
782 153 12 21 0.12504224 
46 105 11 21 0.12504224 
94 145 11 21 0.12504224 
614 185 11 21 0.12504221 
1006 17 12 21 0.12504221 
606 169 11 21 0.1250422 
838 169 11 21 0.12504219 
998 153 11 21 0.12504219 
110 153 11 21 0.12504219 
1006 49 12 21 0.12504217 
902 161 11 21 0.12504217 
510 161 11 21 0.12504217 
70 9 12 21 0.12504217 
94 97 11 21 0.12504217 
638 9 12 20 0.12504217 
702 184 11 22 0.12504217 
230 153 11 21 0.12504217 
430 145 11 21 0.12504217 
790 185 11 21 0.12504217 
774 9 12 20 0.12504216 
806 161 11 21 0.12504216 
86 113 11 21 0.12504216 
14 17 11 21 0.12504216 
1006 89 12 21 0.12504216 
702 153 11 21 0.12504216 
38 137 11 21 0.12504216 
1006 33 12 21 0.12504216 
446 9 12 20 0.12504216 
22 41 11 21 0.12504216 
629 2 13 19 0.12504213 
438 9 12 20 0.12504211 
14 0 11 13 0.12504211 
806 201 11 21 0.1250421 
990 9 12 21 0.1250421 
478 9 12 20 0.1250421 
542 153 11 21 0.12504208 
6 17 11 21 0.12504208 
342 9 12 20 0.12504208 
550 105 12 21 0.12504208 
902 193 11 21 0.12504208 
30 121 11 21 0.12504208 
62 89 11 21 0.12504208 
966 9 12 21 0.12504208 
238 137 11 21 0.12504207 
998 9 12 21 0.12504207 
150 161 11 21 0.12504204 
46 9 12 21 0.12504204 
534 145 11 21 0.12504204 
222 9 12 20 0.12504202 
22 65 11 21 0.125042 
38 89 11 21 0.125042 
638 153 11 21 0.12504199 
22 89 11 21 0.12504199 
102 161 11 21 0.12504198 
174 161 11 21 0.12504198 
1006 65 12 21 0.12504198 
398 145 11 21 0.12504198 
198 9 12 20 0.12504198 
862 9 12 20 0.12504196 
678 153 11 21 0.12504196 
662 34 12 20 0.12504196 
446 161 11 21 0.12504195 
942 169 11 21 0.12504195 
613 2 13 19 0.12504195 
621 2 13 19 0.12504195 
38 9 12 21 0.12504193 
206 9 12 20 0.12504193 
958 161 11 21 0.12504193 
926 9 12 20 0.12504193 
837 2 13 19 0.12504193 
190 9 12 20 0.12504192 
46 57 11 21 0.12504192 
846 153 11 21 0.1250419 
798 153 11 21 0.1250419 
942 9 12 20 0.12504187 
94 9 12 20 0.12504187 
886 9 12 21 0.12504187 
765 2 13 19 0.12504187 
158 153 11 21 0.12504187 
181 9 13 20 0.12504186 
374 153 11 21 0.12504186 
870 9 12 20 0.12504186 
658 239 43 69 0.12504186 
790 153 11 21 0.12504186 
1006 105 12 21 0.12504183 
182 153 11 21 0.12504183 
54 89 11 21 0.12504183 
910 9 12 20 0.12504183 
94 169 11 21 0.12504183 
198 161 11 21 0.12504183 
86 145 11 21 0.12504183 
686 161 11 21 0.1250418 
597 2 13 19 0.1250418 
334 153 11 21 0.1250418 
173 9 13 20 0.1250418 
814 201 11 21 0.12504177 
30 9 12 21 0.12504177 
366 153 12 21 0.12504177 
974 169 11 21 0.12504177 
710 176 11 23 0.12504177 
1006 137 11 21 0.12504177 
62 113 11 21 0.12504177 
30 89 11 21 0.12504177 
149 9 13 20 0.12504175 
486 153 11 21 0.12504175 
302 153 11 21 0.12504175 
798 193 11 21 0.12504175 
814 153 11 21 0.12504175 
1006 161 11 21 0.12504171 
86 97 11 21 0.12504171 
54 73 11 21 0.12504171 
878 9 12 20 0.12504171 
110 9 12 20 0.1250417 
590 129 11 21 0.1250417 
829 2 13 19 0.12504168 
822 161 11 21 0.12504168 
462 161 11 21 0.12504166 
326 161 11 21 0.12504166 
654 161 11 21 0.12504166 
30 73 11 21 0.12504166 
590 161 11 21 0.12504165 
1005 2 13 20 0.12504165 
141 9 13 20 0.12504165 
206 161 11 21 0.12504165 
957 2 13 19 0.12504162 
406 153 11 21 0.12504162 
606 153 11 21 0.1250416 
118 153 11 21 0.1250416 
318 145 11 21 0.12504159 
222 161 11 21 0.12504157 
574 169 11 21 0.12504157 
782 177 11 21 0.12504156 
22 105 11 21 0.12504156 
821 2 13 19 0.12504154 
734 168 11 22 0.12504154 
694 153 11 21 0.12504154 
622 169 11 21 0.12504153 
822 209 11 21 0.12504153 
838 185 11 21 0.12504151 
622 33 12 21 0.12504151 
662 153 11 21 0.1250415 
414 153 11 21 0.1250415 
22 0 11 13 0.12504147 
870 57 11 21 0.12504146 
125 8 13 22 0.12504146 
534 185 11 21 0.12504146 
214 161 11 21 0.12504146 
582 169 11 21 0.12504144 
446 145 12 21 0.12504144 
670 129 11 21 0.12504143 
22 9 12 21 0.12504143 
206 145 11 21 0.12504141 
845 2 13 19 0.12504141 
14 49 11 21 0.12504138 
661 2 13 19 0.12504138 
726 192 11 22 0.12504138 
702 137 12 21 0.12504135 
438 161 11 21 0.12504135 
342 161 11 21 0.12504135 
30 137 11 21 0.12504134 
830 177 11 21 0.12504134 
870 177 11 21 0.12504134 
605 2 13 19 0.1250413 
598 169 11 21 0.12504129 
981 2 13 19 0.12504129 
917 2 13 19 0.12504129 
910 209 11 21 0.12504128 
54 105 11 21 0.12504128 
526 153 11 21 0.12504126 
653 2 13 19 0.12504126 
781 2 13 19 0.12504125 
46 73 11 21 0.12504123 
758 193 11 21 0.12504123 
894 225 11 21 0.12504123 
390 153 12 21 0.12504122 
589 2 13 19 0.12504122 
54 121 11 21 0.12504119 
1006 121 12 21 0.12504119 
701 2 13 19 0.12504117 
581 2 13 19 0.12504117 
933 2 13 19 0.12504117 
733 2 13 19 0.12504117 
789 2 13 19 0.12504114 
350 153 12 21 0.12504114 
549 2 13 19 0.12504113 
573 2 13 19 0.12504113 
901 2 13 19 0.12504113 
566 169 11 21 0.12504113 
757 2 13 19 0.12504111 
813 2 13 19 0.12504111 
669 2 13 19 0.12504111 
973 2 13 19 0.1250411 
541 2 13 19 0.12504108 
725 2 13 19 0.12504108 
709 2 13 19 0.12504107 
509 2 13 19 0.12504107 
797 2 13 19 0.12504107 
118 121 11 21 0.12504107 
389 2 13 19 0.12504107 
278 153 11 21 0.12504107 
421 2 13 19 0.12504107 
741 2 13 19 0.12504107 
749 2 13 19 0.12504107 
373 2 13 19 0.12504107 
717 2 13 19 0.12504104 
461 2 13 19 0.12504104 
805 2 13 19 0.12504104 
534 161 11 21 0.12504102 
565 2 13 19 0.12504102 
525 2 13 19 0.12504102 
533 2 13 19 0.12504102 
398 161 11 21 0.12504102 
645 2 13 19 0.12504102 
493 2 13 19 0.12504102 
286 153 11 21 0.12504102 
557 2 13 19 0.12504102 
285 2 13 19 0.12504102 
294 153 11 21 0.12504102 
742 177 11 21 0.12504102 
814 185 11 21 0.12504101 
693 2 13 19 0.12504101 
70 137 11 21 0.125041 
485 2 13 19 0.125041 
517 2 13 19 0.12504096 
333 2 13 19 0.12504096 
365 2 13 19 0.12504095 
397 2 13 19 0.12504095 
429 2 13 19 0.12504095 
853 2 13 19 0.12504095 
501 2 13 19 0.12504095 
77 2 13 19 0.12504093 
46 0 11 13 0.12504093 
966 169 11 21 0.12504093 
14 81 11 21 0.12504093 
238 153 11 21 0.12504093 
253 2 13 19 0.12504092 
269 2 13 19 0.12504092 
309 2 13 19 0.12504092 
685 2 13 19 0.12504092 
694 137 11 21 0.12504092 
14 65 11 21 0.12504092 
349 2 13 19 0.12504092 
54 137 11 21 0.12504092 
381 2 13 19 0.12504092 
469 2 13 19 0.12504092 
293 2 13 19 0.12504092 
277 2 13 19 0.12504092 
190 153 11 21 0.12504089 
102 129 12 21 0.12504089 
245 2 13 19 0.12504089 
902 177 11 21 0.12504089 
622 193 11 21 0.12504089 
934 168 11 22 0.12504089 
261 2 13 19 0.12504089 
317 2 13 19 0.12504089 
357 2 13 19 0.12504089 
325 2 13 19 0.12504089 
854 161 11 21 0.12504086 
814 169 11 21 0.12504086 
301 2 13 19 0.12504086 
229 2 13 19 0.12504084 
830 209 11 21 0.12504083 
430 161 11 21 0.12504083 
318 161 11 21 0.1250408 
502 161 11 21 0.1250408 
53 2 13 19 0.1250408 
237 2 13 19 0.1250408 
30 0 11 13 0.12504078 
878 200 11 22 0.12504078 
710 137 11 21 0.12504078 
213 2 13 19 0.12504077 
38 0 11 13 0.12504077 
893 2 13 19 0.12504075 
678 129 11 21 0.12504072 
165 2 13 19 0.12504071 
558 153 11 21 0.12504071 
157 2 13 19 0.12504071 
246 169 11 21 0.1250407 
750 185 11 21 0.12504068 
62 129 11 21 0.12504065 
558 169 11 21 0.12504065 
630 193 11 21 0.12504065 
670 161 11 21 0.12504065 
133 2 13 19 0.12504062 
85 2 13 19 0.12504062 
454 169 11 21 0.1250406 
126 161 11 21 0.1250406 
750 169 12 21 0.1250406 
518 169 11 21 0.12504058 
14 97 11 21 0.12504058 
101 2 13 19 0.12504055 
846 169 11 21 0.12504055 
117 2 13 19 0.12504055 
702 168 12 22 0.12504053 
926 168 11 22 0.12504052 
918 201 11 21 0.1250405 
550 177 11 21 0.1250405 
310 161 11 21 0.1250405 
62 0 11 13 0.1250405 
422 161 11 21 0.1250405 
694 169 11 21 0.1250405 
14 113 11 21 0.12504049 
110 129 11 21 0.12504047 
550 161 11 21 0.12504047 
358 161 11 21 0.12504041 
78 129 11 21 0.12504041 
990 161 11 21 0.1250404 
982 161 11 21 0.1250404 
405 238 40 67 0.1250404 
270 153 11 21 0.12504038 
70 0 11 13 0.12504034 
6 113 11 21 0.12504032 
22 137 11 21 0.12504032 
94 129 11 21 0.12504032 
910 169 11 21 0.12504032 
606 192 11 22 0.1250403 
478 169 11 21 0.12504026 
102 185 11 21 0.12504023 
894 209 11 21 0.12504023 
422 82 12 20 0.12504022 
206 185 11 21 0.12504019 
46 129 11 21 0.12504017 
118 137 11 21 0.12504016 
846 216 11 22 0.12504016 
334 169 11 21 0.12504016 
710 192 11 22 0.12504013 
62 145 11 21 0.12504013 
686 129 11 21 0.12504013 
214 185 11 21 0.12504011 
694 184 11 22 0.1250401 
86 129 11 21 0.1250401 
894 192 11 22 0.1250401 
950 176 11 22 0.1250401 
110 169 11 21 0.1250401 
78 145 11 21 0.12504002 
918 169 11 21 0.12504 
142 169 11 21 0.12504 
350 169 11 21 0.12503998 
622 153 11 21 0.12503995 
934 201 11 21 0.12503992 
126 137 11 21 0.12503989 
494 177 11 21 0.12503989 
22 121 11 21 0.12503989 
929 237 45 69 0.12503988 
838 208 11 23 0.12503988 
134 169 11 21 0.12503988 
742 200 11 22 0.12503986 
782 193 11 21 0.12503985 
878 217 11 21 0.12503983 
118 169 11 21 0.12503979 
94 0 11 13 0.12503979 
518 184 11 22 0.12503979 
14 129 11 21 0.12503979 
182 169 11 21 0.12503979 
262 153 11 21 0.12503979 
510 176 11 22 0.12503979 
678 184 11 22 0.12503971 
774 184 11 22 0.12503968 
70 161 11 21 0.12503964 
254 169 11 21 0.12503958 
230 169 11 21 0.1250395 
238 169 11 21 0.1250395 
390 185 11 21 0.12503949 
6 49 11 21 0.12503947 
886 177 11 21 0.12503947 
198 177 11 21 0.12503947 
662 168 11 22 0.12503946 
86 161 11 21 0.12503943 
870 0 11 13 0.12503943 
110 0 11 13 0.12503941 
158 169 11 21 0.12503941 
294 169 11 21 0.12503938 
6 81 11 21 0.12503935 
862 0 11 13 0.12503932 
62 161 11 21 0.12503932 
22 153 11 21 0.12503932 
846 200 11 23 0.12503932 
651 31 207 250 0.12503931 
542 89 12 21 0.1250393 
454 34 12 19 0.1250393 
6 65 11 21 0.1250393 
638 0 11 13 0.12503928 
574 185 11 21 0.12503926 
206 0 11 13 0.12503926 
566 185 11 21 0.12503926 
342 0 11 13 0.12503926 
962 239 43 69 0.12503925 
454 0 11 13 0.12503925 
766 193 11 21 0.12503919 
726 176 11 22 0.12503918 
502 185 11 21 0.12503918 
990 0 11 13 0.12503918 
598 184 11 22 0.12503915 
590 176 11 22 0.12503915 
478 0 11 13 0.12503915 
542 169 11 21 0.12503915 
6 129 11 21 0.12503915 
926 153 11 21 0.12503913 
382 185 11 21 0.12503909 
86 177 11 21 0.12503909 
78 161 11 21 0.12503906 
6 97 11 21 0.12503904 
262 169 11 21 0.12503904 
198 0 11 13 0.12503903 
446 0 11 13 0.12503903 
438 0 11 13 0.12503897 
150 0 11 13 0.12503897 
222 0 11 13 0.12503897 
774 201 11 21 0.12503895 
222 177 11 21 0.12503895 
878 0 11 13 0.12503895 
302 169 11 21 0.12503895 
406 169 11 21 0.12503894 
126 0 11 13 0.12503894 
174 0 11 13 0.12503892 
470 177 11 21 0.1250389 
774 0 11 13 0.1250389 
142 0 11 13 0.1250389 
182 0 11 13 0.1250389 
750 89 12 21 0.1250389 
926 0 11 13 0.12503886 
718 200 11 23 0.12503885 
190 0 11 13 0.12503885 
390 169 11 21 0.12503879 
358 184 11 22 0.12503879 
278 177 11 21 0.12503879 
910 0 11 13 0.12503879 
270 177 11 21 0.12503877 
950 113 11 21 0.12503874 
558 185 11 21 0.12503874 
886 0 11 13 0.12503874 
862 177 11 21 0.12503871 
886 145 11 21 0.12503871 
998 0 11 13 0.1250387 
950 0 11 13 0.1250387 
910 145 11 21 0.1250387 
70 185 11 21 0.1250387 
696 185 87 132 0.12503868 
190 169 11 21 0.12503865 
902 209 11 21 0.12503865 
966 0 11 13 0.1250386 
886 200 11 22 0.12503858 
318 177 11 21 0.12503856 
526 169 11 21 0.12503856 
854 176 11 22 0.12503853 
686 192 11 22 0.12503853 
462 185 11 21 0.12503852 
414 169 11 21 0.12503852 
398 177 11 21 0.12503849 
366 169 11 21 0.12503849 
382 169 11 21 0.12503846 
478 185 11 21 0.12503846 
246 185 11 21 0.12503844 
678 0 11 13 0.12503844 
614 201 11 21 0.12503843 
190 193 11 21 0.12503843 
286 193 11 21 0.12503843 
302 193 11 21 0.12503842 
494 193 11 21 0.1250384 
486 185 11 21 0.12503839 
910 192 11 23 0.12503836 
238 185 11 21 0.12503836 
542 184 11 22 0.12503834 
486 209 11 21 0.12503833 
678 169 11 21 0.12503831 
486 169 11 21 0.12503831 
310 177 11 21 0.1250383 
790 169 11 21 0.12503828 
638 168 11 22 0.12503825 
286 169 11 21 0.12503822 
78 177 11 21 0.12503822 
582 185 11 21 0.1250382 
46 145 11 21 0.12503818 
230 185 11 21 0.12503816 
310 193 11 21 0.12503815 
502 201 11 21 0.12503815 
326 177 11 21 0.12503815 
686 176 12 22 0.12503815 
590 193 11 21 0.12503804 
422 177 11 21 0.12503801 
166 177 11 21 0.125038 
430 185 11 21 0.12503797 
598 201 11 21 0.12503797 
350 185 11 21 0.12503797 
638 192 11 22 0.12503794 
526 184 11 22 0.12503791 
638 57 12 21 0.12503791 
854 192 11 23 0.12503786 
262 184 11 22 0.12503783 
630 176 11 22 0.12503783 
342 177 11 21 0.1250378 
438 201 11 21 0.12503779 
510 192 11 22 0.12503777 
438 177 11 21 0.12503776 
446 185 11 21 0.12503773 
918 184 11 22 0.12503773 
342 192 11 22 0.12503773 
318 193 11 21 0.1250377 
222 200 11 22 0.12503769 
942 193 11 21 0.12503766 
334 185 11 21 0.12503766 
254 184 11 22 0.12503761 
846 185 11 21 0.12503761 
174 177 11 21 0.12503761 
470 193 11 21 0.1250376 
422 193 11 21 0.1250376 
518 201 11 21 0.1250376 
158 184 11 22 0.1250376 
414 193 11 21 0.12503758 
374 192 11 22 0.12503755 
30 153 11 21 0.12503752 
406 185 11 21 0.12503749 
294 185 11 21 0.12503748 
150 184 11 22 0.12503745 
62 177 11 21 0.1250374 
214 201 11 21 0.12503739 
278 201 11 21 0.12503737 
126 176 11 22 0.12503737 
926 209 11 21 0.12503736 
118 185 11 21 0.12503734 
326 193 11 21 0.1250373 
646 176 11 23 0.12503728 
398 193 11 21 0.12503724 
110 185 11 21 0.12503724 
446 200 11 22 0.12503721 
158 201 11 21 0.12503721 
670 176 11 22 0.12503718 
478 200 11 22 0.12503715 
998 200 11 22 0.12503713 
166 200 11 22 0.12503713 
230 200 11 22 0.1250371 
206 201 11 21 0.12503706 
582 200 11 22 0.12503706 
182 200 11 22 0.125037 
734 200 11 23 0.12503698 
430 201 11 21 0.12503698 
406 201 11 21 0.12503697 
326 208 11 22 0.12503697 
654 85 27 45 0.12503695 
150 200 11 22 0.12503693 
390 201 11 21 0.12503693 
334 201 11 21 0.12503687 
54 152 11 22 0.12503687 
126 201 11 21 0.12503687 
198 201 11 21 0.12503685 
142 184 11 22 0.12503685 
494 208 11 22 0.12503684 
982 192 11 22 0.12503682 
550 192 11 23 0.12503682 
14 153 11 21 0.12503678 
142 201 11 21 0.12503676 
678 208 11 23 0.12503675 
959 13 25 45 0.12503669 
734 184 11 23 0.12503667 
134 201 11 21 0.12503661 
366 184 11 22 0.12503661 
174 209 11 21 0.12503658 
118 201 11 21 0.12503655 
294 201 11 21 0.12503654 
926 184 11 22 0.12503643 
822 193 11 21 0.12503643 
78 192 11 22 0.12503643 
94 185 11 21 0.1250364 
722 238 43 67 0.12503633 
526 200 11 22 0.12503633 
856 190 23 43 0.12503627 
574 200 11 22 0.12503627 
654 176 11 23 0.12503624 
254 200 11 22 0.12503622 
611 239 42 65 0.12503622 
102 209 11 21 0.12503622 
262 201 11 21 0.12503622 
694 200 11 23 0.12503617 
166 161 11 21 0.12503617 
990 200 11 23 0.12503612 
238 200 11 22 0.12503612 
983 198 24 44 0.1250361 
134 184 11 22 0.12503609 
246 200 11 22 0.12503608 
591 109 25 44 0.12503608 
429 69 29 46 0.12503605 
685 22 29 44 0.12503605 
622 21 27 45 0.12503605 
110 209 11 21 0.12503603 
951 93 25 44 0.12503603 
412 8 31 41 0.12503603 
647 101 25 44 0.12503599 
455 117 25 44 0.12503596 
1004 118 19 43 0.12503596 
653 22 29 44 0.12503594 
533 61 29 45 0.12503593 
350 201 11 21 0.12503593 
607 133 25 44 0.12503588 
454 200 11 22 0.12503587 
1004 78 19 43 0.12503587 
405 0 29 33 0.12503585 
318 209 11 21 0.12503585 
782 216 11 22 0.12503582 
791 158 25 43 0.12503578 
397 14 29 44 0.12503578 
94 209 11 21 0.12503578 
462 200 11 22 0.1250357 
510 232 12 22 0.1250357 
654 224 12 23 0.12503567 
-17 -23 163 225 0.12503567 
839 93 26 45 0.12503567 
911 182 24 44 0.12503564 
863 149 25 44 0.12503564 
790 46 27 44 0.12503564 
382 200 11 22 0.12503561 
887 157 25 44 0.12503561 
591 133 25 44 0.12503554 
735 85 26 45 0.12503554 
270 192 11 22 0.12503551 
983 174 24 44 0.12503548 
927 174 23 44 0.12503543 
752 150 23 42 0.12503543 
998 184 11 22 0.12503542 
310 208 11 22 0.12503542 
646 200 11 22 0.1250354 
950 200 11 22 0.12503539 
302 208 11 22 0.12503535 
967 174 24 44 0.12503535 
502 224 12 22 0.12503532 
758 0 28 33 0.12503532 
903 174 24 44 0.12503532 
831 1 26 32 0.1250353 
638 232 12 22 0.12503523 
991 189 24 45 0.1250352 
872 198 23 43 0.1250352 
951 1 25 32 0.1250352 
622 0 27 32 0.1250352 
558 208 11 22 0.1250352 
606 0 27 33 0.1250352 
686 85 27 45 0.12503518 
590 0 27 33 0.12503517 
991 0 24 33 0.12503514 
934 3 27 37 0.12503514 
703 141 25 44 0.12503514 
54 37 27 45 0.12503512 
6 145 11 21 0.12503512 
62 21 27 45 0.12503512 
63 62 25 44 0.12503512 
785 238 45 67 0.12503512 
967 3 25 38 0.1250351 
838 29 27 45 0.1250351 
919 77 25 45 0.1250351 
733 2 29 38 0.1250351 
525 3 29 37 0.1250351 
814 29 27 45 0.12503509 
854 29 27 45 0.12503509 
118 13 27 45 0.12503509 
894 45 27 45 0.12503509 
399 125 25 45 0.12503509 
421 37 29 46 0.12503509 
983 45 25 45 0.12503509 
565 22 29 44 0.12503509 
727 125 25 44 0.12503509 
453 37 29 45 0.12503509 
927 85 25 44 0.12503509 
678 37 27 45 0.12503509 
543 133 25 44 0.12503509 
693 37 29 46 0.12503509 
710 37 27 45 0.12503509 
918 3 27 38 0.12503509 
935 133 25 44 0.12503509 
943 125 25 44 0.12503509 
415 125 25 45 0.12503509 
598 22 27 44 0.12503509 
485 22 29 44 0.12503509 
630 37 27 46 0.12503509 
102 53 27 45 0.12503509 
725 37 29 46 0.12503509 
702 85 27 45 0.12503509 
501 21 29 46 0.12503509 
751 125 25 44 0.12503509 
581 21 29 46 0.12503509 
750 37 27 46 0.12503509 
959 45 25 45 0.12503509 
766 37 27 45 0.12503509 
943 45 25 45 0.12503509 
903 109 25 44 0.12503509 
999 141 21 45 0.12503509 
615 101 25 45 0.12503509 
567 101 25 44 0.12503509 
677 8 29 41 0.12503509 
142 37 27 46 0.12503509 
661 7 29 42 0.12503509 
645 8 29 41 0.12503509 
268 2 31 39 0.12503509 
967 109 25 44 0.12503509 
805 2 29 38 0.12503509 
758 21 28 46 0.12503509 
590 85 27 45 0.12503509 
711 101 25 44 0.12503509 
575 125 25 44 0.12503509 
759 109 25 44 0.12503509 
823 109 25 44 0.12503509 
86 45 27 45 0.12503509 
447 141 25 44 0.12503509 
807 101 25 45 0.12503509 
791 109 25 44 0.12503509 
773 21 29 46 0.12503509 
493 8 29 41 0.12503509 
863 101 25 44 0.12503509 
589 37 29 46 0.12503509 
565 2 29 38 0.12503509 
317 37 29 46 0.12503509 
991 117 25 44 0.12503509 
94 7 27 43 0.12503509 
47 13 26 45 0.12503509 
975 117 25 44 0.12503509 
935 29 25 45 0.12503509 
213 29 29 46 0.12503509 
879 37 25 45 0.12503509 
846 45 27 45 0.12503509 
430 93 27 45 0.12503509 
206 45 27 46 0.12503509 
943 150 25 43 0.12503509 
348 2 31 38 0.12503509 
181 29 29 46 0.12503509 
743 133 25 44 0.12503509 
381 37 29 46 0.12503509 
806 45 27 45 0.12503509 
453 3 29 37 0.12503509 
717 2 29 38 0.12503509 
31 13 26 45 0.12503509 
158 53 27 46 0.12503509 
782 85 27 45 0.12503509 
815 125 25 45 0.12503509 
799 85 25 45 0.12503509 
150 13 27 45 0.12503509 
389 3 29 37 0.12503509 
549 22 29 44 0.12503509 
878 2 27 38 0.12503509 
775 125 25 44 0.12503509 
895 85 25 45 0.12503509 
895 125 25 44 0.12503509 
911 125 25 44 0.12503509 
174 53 27 45 0.12503509 
558 85 27 45 0.12503509 
871 125 25 44 0.12503509 
750 85 27 45 0.12503509 
847 133 25 44 0.12503509 
998 20 23 47 0.12503509 
910 29 27 45 0.12503509 
895 21 26 45 0.12503509 
919 117 25 44 0.12503509 
646 61 27 46 0.12503509 
622 61 27 45 0.12503509 
436 3 31 37 0.12503509 
197 21 29 46 0.12503509 
198 61 27 46 0.12503509 
469 53 29 46 0.12503509 
357 21 29 46 0.12503509 
478 77 27 45 0.12503509 
494 53 28 46 0.12503509 
405 29 29 46 0.12503509 
670 61 27 46 0.12503509 
245 61 29 46 0.12503509 
582 61 27 46 0.12503509 
134 21 27 46 0.12503509 
782 61 27 45 0.12503509 
766 61 27 45 0.12503509 
750 61 27 45 0.12503509 
726 61 27 46 0.12503509 
333 21 29 46 0.12503509 
287 77 25 45 0.12503509 
255 77 26 45 0.12503509 
142 77 27 45 0.12503509 
103 77 25 45 0.12503509 
252 21 31 46 0.12503509 
606 77 27 45 0.12503509 
445 53 29 46 0.12503509 
325 61 29 46 0.12503509 
510 69 27 46 0.12503509 
437 21 29 46 0.12503509 
967 77 25 45 0.12503509 
221 13 29 45 0.12503509 
284 13 31 46 0.12503509 
943 77 25 45 0.12503509 
269 53 29 46 0.12503509 
983 77 25 45 0.12503509 
381 13 29 45 0.12503509 
759 158 25 42 0.12503509 
862 13 27 46 0.12503509 
709 14 29 44 0.12503509 
725 14 29 44 0.12503509 
967 53 25 45 0.12503509 
174 192 11 22 0.12503509 
102 21 27 45 0.12503509 
911 61 25 45 0.12503509 
887 61 25 45 0.12503509 
927 13 25 45 0.12503509 
838 61 27 45 0.12503509 
342 69 27 45 0.12503509 
533 30 29 44 0.12503509 
871 53 25 45 0.12503509 
975 21 25 45 0.12503509 
654 45 27 45 0.12503509 
846 2 28 38 0.12503509 
839 117 25 44 0.12503509 
911 93 25 44 0.12503509 
951 29 25 45 0.12503509 
767 141 25 44 0.12503509 
773 2 29 38 0.12503509 
439 109 25 44 0.12503509 
541 7 29 42 0.12503509 
789 2 29 38 0.12503509 
928 142 23 42 0.12503509 
998 100 22 46 0.12503509 
798 21 27 45 0.12503509 
983 101 25 44 0.12503509 
70 37 27 45 0.12503509 
542 200 11 22 0.12503509 
364 2 31 38 0.12503509 
309 2 29 38 0.12503509 
821 7 29 42 0.12503509 
639 117 25 44 0.12503509 
855 69 26 45 0.12503509 
959 133 25 44 0.12503509 
823 69 25 45 0.12503509 
686 53 27 45 0.12503509 
959 69 25 45 0.12503509 
292 2 31 38 0.12503509 
614 45 28 46 0.12503509 
566 45 28 46 0.12503509 
324 7 31 42 0.12503509 
871 85 25 45 0.12503508 
300 13 31 46 0.12503508 
365 45 29 46 0.12503508 
189 2 29 38 0.12503508 
189 45 29 46 0.12503508 
127 85 25 45 0.12503508 
309 68 29 47 0.12503508 
549 69 29 46 0.12503508 
151 109 25 44 0.12503508 
462 69 27 45 0.12503508 
167 109 25 44 0.12503508 
213 2 29 38 0.12503508 
237 21 29 46 0.12503508 
935 101 25 44 0.12503508 
565 69 29 46 0.12503508 
397 45 29 46 0.12503508 
806 69 27 45 0.12503508 
551 101 25 44 0.12503508 
741 21 29 45 0.12503508 
927 53 25 45 0.12503508 
287 109 25 44 0.12503508 
253 45 29 46 0.12503508 
398 69 27 45 0.12503508 
237 45 29 46 0.12503508 
814 85 27 45 0.12503508 
221 45 29 46 0.12503508 
358 69 27 45 0.12503508 
669 22 29 44 0.12503508 
302 93 27 45 0.12503508 
638 21 28 45 0.12503508 
830 45 27 45 0.12503508 
78 13 27 45 0.12503508 
470 93 27 45 0.12503508 
631 77 25 44 0.12503508 
718 77 27 45 0.12503508 
526 77 27 45 0.12503508 
469 14 29 44 0.12503508 
494 77 27 45 0.12503508 
748 7 31 42 0.12503508 
613 8 29 41 0.12503508 
445 77 28 45 0.12503508 
567 134 25 43 0.12503508 
800 165 23 44 0.12503508 
735 149 25 44 0.12503508 
269 29 29 46 0.12503508 
693 3 29 37 0.12503508 
158 29 27 46 0.12503508 
375 133 25 44 0.12503508 
711 133 25 44 0.12503508 
517 37 29 46 0.12503508 
879 150 25 43 0.12503508 
855 141 25 44 0.12503508 
351 133 25 44 0.12503508 
759 133 25 44 0.12503508 
349 37 29 46 0.12503508 
816 189 23 44 0.12503508 
840 190 23 43 0.12503508 
694 69 27 45 0.12503508 
743 101 25 44 0.12503508 
301 53 29 46 0.12503508 
292 29 30 46 0.12503508 
252 2 31 39 0.12503508 
477 37 29 46 0.12503508 
110 37 27 45 0.12503508 
679 133 25 44 0.12503508 
126 37 27 45 0.12503508 
855 117 25 45 0.12503508 
879 109 25 44 0.12503508 
927 109 25 44 0.12503508 
508 8 31 41 0.12503508 
230 69 27 45 0.12503508 
135 117 25 44 0.12503508 
87 69 25 45 0.12503508 
880 206 23 42 0.12503508 
535 125 25 44 0.12503508 
126 61 27 45 0.12503508 
574 85 27 45 0.12503508 
413 61 29 46 0.12503508 
998 60 23 46 0.12503508 
991 37 25 45 0.12503508 
173 7 29 42 0.12503508 
975 61 25 45 0.12503508 
519 117 25 44 0.12503508 
183 69 26 45 0.12503508 
166 69 27 45 0.12503508 
214 69 27 45 0.12503508 
318 85 27 45 0.12503508 
70 2 27 39 0.12503508 
735 117 25 44 0.12503508 
598 61 27 46 0.12503508 
159 125 25 44 0.12503508 
247 125 25 44 0.12503508 
702 53 27 45 0.12503508 
983 125 25 44 0.12503508 
766 93 27 45 0.12503508 
902 3 27 37 0.12503508 
670 85 27 45 0.12503508 
943 13 25 45 0.12503508 
951 117 25 44 0.12503508 
111 93 25 44 0.12503505 
285 53 29 46 0.12503505 
158 85 27 45 0.12503505 
471 117 25 44 0.12503505 
431 125 25 45 0.12503505 
381 60 29 47 0.12503505 
39 29 26 45 0.12503505 
303 125 25 44 0.12503505 
542 45 27 45 0.12503505 
703 117 25 44 0.12503505 
270 77 27 45 0.12503505 
831 133 25 44 0.12503505 
373 77 29 46 0.12503505 
375 101 25 44 0.12503505 
271 109 25 44 0.12503505 
319 109 25 44 0.12503505 
631 101 25 45 0.12503505 
799 125 25 45 0.12503503 
327 125 25 44 0.12503503 
236 2 31 38 0.12503503 
95 141 24 44 0.12503503 
143 134 25 43 0.12503502 
959 101 25 44 0.12503502 
239 101 25 44 0.12503502 
477 2 29 38 0.12503502 
823 150 25 43 0.12503502 
542 85 27 45 0.125035 
559 118 25 43 0.125035 
487 149 25 44 0.125035 
39 77 25 44 0.125035 
39 3 26 38 0.125035 
510 93 27 44 0.12503499 
486 93 27 44 0.12503499 
142 2 28 39 0.12503499 
333 45 29 46 0.12503499 
175 93 25 44 0.12503499 
655 125 25 44 0.12503499 
792 181 23 44 0.12503499 
495 117 25 44 0.12503497 
479 133 25 44 0.12503497 
727 101 25 44 0.12503496 
207 133 25 44 0.12503496 
654 0 27 33 0.12503496 
526 101 27 45 0.12503496 
623 125 25 45 0.12503496 
511 133 25 44 0.12503496 
390 101 27 44 0.12503496 
127 109 25 44 0.12503496 
167 134 25 43 0.12503496 
694 101 27 45 0.12503496 
784 173 23 44 0.12503496 
157 2 29 38 0.12503496 
127 134 25 43 0.12503496 
639 150 25 43 0.12503494 
814 217 11 21 0.12503494 
215 118 25 43 0.12503494 
414 85 27 45 0.12503494 
126 2 27 39 0.12503494 
191 85 25 44 0.12503494 
343 117 25 44 0.12503494 
31 93 25 44 0.12503494 
719 141 25 44 0.12503494 
31 53 25 44 0.12503494 
454 93 27 45 0.12503494 
358 93 27 45 0.12503493 
566 208 11 22 0.12503491 
334 93 27 45 0.12503491 
278 93 27 44 0.1250349 
207 101 25 44 0.1250349 
199 118 25 43 0.12503488 
175 126 25 43 0.12503488 
359 117 25 44 0.12503488 
231 118 25 43 0.12503488 
678 101 27 44 0.12503488 
663 109 25 44 0.12503488 
110 2 27 39 0.12503488 
262 93 27 45 0.12503488 
463 133 25 44 0.12503488 
702 200 11 23 0.12503488 
407 109 25 44 0.12503488 
15 13 25 45 0.12503488 
223 101 25 44 0.12503487 
423 109 25 44 0.12503487 
223 133 25 44 0.12503487 
23 45 25 44 0.12503487 
150 216 11 22 0.12503487 
712 174 23 42 0.12503485 
158 216 11 22 0.12503485 
255 109 25 44 0.12503484 
549 0 29 33 0.12503484 
774 217 11 21 0.12503484 
183 110 25 43 0.12503484 
383 118 25 43 0.12503482 
31 125 25 44 0.12503482 
63 101 25 44 0.12503482 
87 101 25 44 0.12503482 
670 1 27 32 0.12503481 
934 184 11 23 0.12503481 
95 93 25 44 0.12503481 
421 0 29 33 0.12503481 
166 216 11 22 0.12503481 
862 1 27 33 0.12503481 
919 165 24 45 0.12503481 
135 142 25 43 0.12503481 
637 0 29 33 0.12503478 
975 182 24 44 0.12503478 
333 0 29 33 0.12503478 
872 158 23 42 0.12503478 
951 141 25 44 0.12503476 
23 101 25 44 0.12503476 
263 126 25 43 0.12503475 
974 184 11 23 0.12503473 
501 1 29 32 0.12503473 
71 93 25 44 0.12503469 
86 0 27 34 0.12503469 
15 61 25 44 0.12503469 
55 78 25 44 0.12503469 
239 141 25 44 0.12503469 
832 157 23 44 0.12503469 
1 21 24 45 0.12503468 
15 85 25 44 0.12503468 
896 150 23 42 0.12503466 
46 177 11 21 0.12503463 
86 192 11 22 0.1250346 
935 189 24 45 0.12503457 
663 141 25 44 0.12503457 
23 77 25 44 0.12503457 
912 149 23 44 0.12503457 
975 157 24 44 0.12503456 
0 0 25 26 0.12503456 
279 126 25 43 0.12503453 
97 183 81 146 0.12503448 
55 0 25 34 0.12503448 
990 184 11 23 0.12503448 
800 190 23 43 0.12503447 
1013 89 10 21 0.12503444 
935 157 25 44 0.12503444 
967 141 25 44 0.12503444 
798 208 11 23 0.1250344 
47 61 25 44 0.1250344 
696 174 23 43 0.12503439 
23 0 25 34 0.12503439 
8 37 24 45 0.12503436 
439 149 25 44 0.12503435 
503 149 25 44 0.12503435 
1005 0 21 33 0.12503432 
47 85 25 45 0.12503432 
918 217 11 21 0.12503429 
86 208 11 22 0.12503429 
358 200 11 22 0.12503423 
919 198 24 43 0.12503423 
1004 166 19 42 0.12503421 
398 232 12 22 0.1250342 
607 157 25 44 0.12503417 
680 182 23 43 0.12503417 
896 197 23 44 0.12503417 
783 141 25 44 0.12503415 
864 182 23 43 0.12503415 
87 157 24 44 0.12503414 
1005 222 20 43 0.12503411 
1004 46 19 43 0.12503411 
671 150 25 43 0.12503408 
119 101 25 44 0.12503406 
807 141 25 44 0.12503405 
151 141 25 44 0.12503403 
79 134 25 43 0.125034 
583 149 25 44 0.12503399 
295 141 25 44 0.12503399 
599 141 25 44 0.12503399 
559 142 25 43 0.12503396 
54 169 11 21 0.12503394 
614 232 12 23 0.12503393 
775 165 25 44 0.12503392 
455 149 25 44 0.12503387 
104 134 23 43 0.12503387 
112 142 23 43 0.12503384 
728 190 23 43 0.12503384 
454 184 11 22 0.12503383 
688 149 23 44 0.12503378 
806 216 11 22 0.12503378 
191 133 25 44 0.12503378 
734 224 11 22 0.12503378 
462 240 12 23 0.12503378 
286 224 12 22 0.12503377 
728 157 23 44 0.12503377 
87 125 25 44 0.12503375 
704 165 23 44 0.12503375 
79 85 25 45 0.12503374 
622 240 12 22 0.12503372 
695 133 25 44 0.12503372 
407 141 25 44 0.1250337 
366 201 11 21 0.12503369 
55 109 25 44 0.12503366 
670 208 11 23 0.12503366 
839 149 25 44 0.12503363 
199 150 25 43 0.12503362 
527 141 25 44 0.12503353 
215 149 25 44 0.1250335 
888 181 23 44 0.12503348 
366 232 12 23 0.12503347 
959 165 24 45 0.12503344 
175 150 25 43 0.12503342 
8 101 24 44 0.12503342 
310 232 12 22 0.12503341 
335 149 25 44 0.12503341 
1013 2 10 20 0.12503336 
16 125 24 45 0.12503335 
558 240 12 22 0.12503335 
720 181 23 44 0.12503335 
278 224 12 23 0.12503333 
848 181 23 44 0.12503333 
974 0 27 25 0.12503332 
758 177 11 21 0.12503332 
423 141 25 44 0.1250333 
101 0 29 25 0.1250333 
910 0 27 25 0.12503329 
391 149 25 44 0.12503326 
808 173 23 44 0.12503326 
319 149 25 45 0.12503326 
894 0 27 25 0.12503324 
1013 105 10 21 0.12503324 
608 182 23 43 0.12503321 
63 125 25 44 0.1250332 
238 240 12 23 0.12503318 
79 109 25 44 0.12503318 
752 181 23 44 0.12503317 
461 0 29 25 0.12503317 
687 117 25 44 0.12503317 
197 0 29 25 0.12503313 
629 7 29 42 0.12503313 
445 0 29 25 0.12503313 
672 198 23 43 0.12503311 
301 0 29 25 0.12503311 
709 0 29 25 0.12503311 
357 0 29 25 0.12503311 
39 101 25 44 0.12503311 
48 125 23 44 0.12503311 
229 0 29 25 0.1250331 
149 0 29 25 0.12503305 
317 0 29 25 0.12503305 
790 200 11 22 0.12503305 
117 0 29 25 0.12503304 
725 0 29 25 0.12503304 
576 157 23 44 0.12503304 
516 0 31 25 0.12503304 
381 0 29 25 0.12503304 
285 0 29 25 0.125033 
685 0 29 25 0.125033 
165 0 29 25 0.125033 
573 0 29 25 0.125033 
133 0 29 25 0.125033 
181 0 29 25 0.12503299 
813 0 29 25 0.12503299 
519 149 25 44 0.12503299 
245 0 29 25 0.12503299 
261 0 29 25 0.12503299 
533 0 29 25 0.12503296 
471 149 25 44 0.12503296 
655 149 25 44 0.12503296 
632 182 23 43 0.12503296 
485 0 29 25 0.12503296 
406 232 12 22 0.12503293 
367 165 25 45 0.12503293 
832 181 23 44 0.12503293 
111 117 25 44 0.12503293 
183 141 25 44 0.12503292 
974 200 11 23 0.12503292 
142 216 11 22 0.1250329 
102 224 11 22 0.12503287 
848 157 23 44 0.12503287 
24 133 24 44 0.12503287 
535 149 25 44 0.12503287 
744 173 23 44 0.12503286 
1013 145 10 21 0.12503286 
983 149 24 44 0.12503278 
143 182 83 142 0.12503275 
95 117 25 45 0.12503275 
247 149 25 44 0.12503272 
741 0 29 25 0.1250327 
182 184 12 23 0.12503268 
191 158 25 43 0.12503268 
446 232 12 23 0.12503268 
118 216 11 22 0.12503265 
887 133 25 44 0.12503265 
672 173 23 44 0.12503265 
415 149 25 44 0.12503263 
311 141 25 45 0.1250326 
453 240 13 23 0.1250326 
326 240 12 23 0.1250326 
833 238 45 67 0.12503259 
1013 129 10 21 0.12503259 
824 174 23 43 0.12503259 
120 149 23 44 0.12503259 
38 169 11 21 0.12503257 
534 200 11 23 0.12503254 
126 216 11 22 0.12503248 
528 173 23 44 0.12503248 
640 190 23 43 0.12503242 
271 141 25 44 0.12503238 
56 134 23 43 0.12503238 
823 197 24 44 0.12503238 
654 200 11 23 0.12503235 
591 157 25 45 0.12503234 
71 117 25 44 0.12503228 
54 208 11 22 0.12503226 
912 206 23 43 0.12503226 
504 173 23 44 0.1250322 
879 173 24 44 0.1250322 
103 101 25 44 0.12503217 
551 157 25 44 0.12503217 
470 240 12 23 0.12503217 
1013 41 10 21 0.12503214 
200 174 23 43 0.12503213 
2 68 22 46 0.12503213 
96 174 23 42 0.1250321 
624 190 23 43 0.12503208 
184 181 23 44 0.12503207 
512 182 23 43 0.12503204 
888 214 23 42 0.12503204 
368 74 201 281 0.12503202 
255 141 25 44 0.12503198 
512 157 23 44 0.12503196 
616 165 23 45 0.12503195 
245 240 13 23 0.12503193 
104 157 23 44 0.12503192 
533 248 13 23 0.12503192 
886 249 11 21 0.12503189 
856 165 23 44 0.12503189 
1004 198 19 42 0.12503189 
543 165 25 44 0.12503186 
679 157 25 44 0.12503186 
815 158 24 43 0.12503186 
3 116 21 47 0.12503186 
119 125 25 44 0.12503184 
303 149 25 45 0.12503181 
768 173 23 44 0.12503181 
128 157 23 44 0.12503181 
646 224 12 23 0.12503178 
615 141 25 45 0.12503178 
495 157 25 44 0.12503175 
287 149 25 44 0.12503175 
943 182 24 43 0.12503174 
390 232 12 23 0.12503174 
959 189 24 45 0.1250317 
64 149 23 44 0.12503166 
704 190 23 43 0.12503165 
600 174 23 43 0.12503165 
856 187 87 123 0.12503165 
144 157 23 44 0.12503164 
1013 65 10 21 0.12503164 
808 197 23 44 0.12503155 
958 192 11 22 0.12503153 
1013 177 10 21 0.12503153 
1013 25 10 21 0.12503147 
359 149 25 44 0.12503147 
302 240 12 22 0.12503144 
373 240 13 23 0.1250314 
768 206 23 42 0.12503137 
318 240 12 23 0.12503134 
488 198 23 43 0.12503123 
40 141 23 44 0.12503123 
141 248 13 23 0.12503123 
327 157 24 44 0.12503122 
231 149 25 44 0.12503122 
48 149 23 44 0.12503122 
688 189 23 44 0.12503122 
958 176 11 23 0.12503122 
224 157 23 44 0.12503119 
61 240 13 23 0.12503111 
134 216 11 22 0.12503111 
168 181 23 44 0.1250311 
568 165 23 45 0.12503108 
486 240 12 23 0.12503104 
253 240 13 23 0.12503102 
80 174 23 43 0.12503102 
430 232 12 23 0.12503101 
53 248 13 23 0.12503101 
647 157 25 44 0.12503098 
991 157 24 45 0.12503095 
167 157 25 44 0.12503095 
662 216 12 23 0.12503092 
431 157 25 44 0.12503092 
566 240 12 22 0.12503092 
198 224 12 22 0.1250309 
525 248 13 23 0.1250309 
902 224 11 22 0.1250309 
173 248 13 23 0.12503086 
438 240 12 22 0.12503086 
48 41 200 345 0.12503079 
341 240 13 23 0.12503079 
664 165 23 44 0.12503073 
56 157 23 44 0.12503071 
463 157 25 44 0.12503071 
383 157 25 44 0.12503071 
590 208 11 23 0.1250307 
208 182 23 43 0.1250307 
560 173 23 44 0.1250307 
343 157 24 45 0.12503067 
750 232 11 22 0.12503064 
240 165 23 44 0.12503056 
677 248 13 23 0.12503056 
544 190 23 43 0.12503053 
399 157 25 44 0.1250305 
736 181 23 44 0.12503049 
759 189 24 44 0.12503046 
632 157 23 44 0.1250304 
661 248 13 23 0.12503038 
222 240 12 23 0.12503038 
40 165 23 44 0.12503038 
72 141 23 44 0.12503038 
865 238 45 66 0.12503035 
64 173 23 44 0.12503034 
376 173 23 44 0.1250303 
88 182 23 43 0.12503028 
854 208 12 23 0.12503019 
781 0 29 25 0.12503019 
104 190 23 43 0.12503016 
272 165 23 44 0.12503013 
879 238 24 43 0.12503012 
998 168 11 23 0.12503004 
296 182 23 43 0.12503004 
110 224 11 22 0.12503004 
480 157 23 44 0.12502998 
656 206 23 43 0.12502998 
520 190 23 43 0.12502998 
216 173 23 44 0.12502997 
552 181 23 45 0.12502995 
224 190 23 43 0.12502995 
623 149 25 44 0.12502995 
472 173 23 44 0.12502992 
352 173 23 44 0.1250299 
160 149 23 44 0.12502988 
10 149 22 45 0.12502988 
207 158 25 43 0.12502988 
456 173 23 44 0.12502988 
38 225 11 21 0.12502986 
280 182 23 43 0.12502986 
966 184 11 22 0.12502986 
254 224 12 22 0.12502983 
31 157 25 44 0.12502983 
112 182 23 43 0.12502983 
311 165 25 45 0.1250298 
176 173 23 45 0.1250298 
128 182 23 43 0.12502977 
46 208 11 22 0.12502976 
72 165 23 44 0.12502976 
248 174 23 43 0.12502976 
496 182 23 43 0.12502973 
264 173 23 44 0.12502971 
822 177 11 21 0.12502965 
526 224 12 23 0.12502965 
424 173 23 44 0.12502962 
966 200 11 23 0.12502962 
606 208 11 23 0.1250296 
408 165 23 44 0.12502956 
357 240 13 23 0.12502956 
574 240 12 22 0.12502956 
1013 193 10 21 0.12502955 
448 166 23 43 0.12502952 
486 224 12 22 0.12502952 
78 208 11 23 0.12502952 
280 157 23 44 0.12502952 
488 173 23 44 0.1250295 
120 190 23 43 0.12502947 
967 197 24 45 0.12502944 
344 182 23 43 0.1250294 
414 240 12 22 0.12502939 
117 248 13 23 0.12502939 
838 224 11 22 0.12502936 
232 173 23 44 0.12502936 
144 181 23 44 0.12502936 
392 173 23 44 0.12502936 
136 190 23 43 0.12502936 
62 208 11 22 0.12502934 
270 240 12 23 0.1250293 
349 240 13 23 0.1250293 
360 182 23 43 0.12502928 
851 -37 174 206 0.12502927 
416 182 23 43 0.12502925 
101 248 13 23 0.12502925 
192 189 23 44 0.12502925 
440 173 23 44 0.12502925 
592 190 23 43 0.12502925 
584 181 23 44 0.12502922 
96 198 23 43 0.1250292 
256 165 23 44 0.12502918 
448 190 23 43 0.12502918 
982 176 11 23 0.12502915 
541 248 13 23 0.12502913 
743 222 24 43 0.12502913 
152 165 23 44 0.12502913 
384 182 23 43 0.1250291 
149 240 13 23 0.12502909 
750 200 11 22 0.12502907 
30 225 11 21 0.12502906 
320 198 23 43 0.12502903 
822 241 11 21 0.125029 
478 240 12 23 0.12502894 
272 190 23 43 0.12502894 
109 248 13 23 0.12502894 
69 240 13 23 0.12502894 
1013 161 10 21 0.12502894 
432 190 23 43 0.12502894 
160 173 23 44 0.12502892 
729 -11 206 183 0.1250289 
160 198 23 43 0.12502886 
480 182 23 43 0.12502883 
152 189 23 44 0.12502883 
72 189 23 44 0.12502883 
328 182 23 43 0.12502883 
320 173 23 44 0.12502882 
464 181 23 44 0.12502882 
80 197 23 44 0.12502882 
304 174 23 43 0.1250288 
368 190 23 43 0.12502871 
336 173 23 45 0.12502868 
240 190 23 43 0.12502868 
133 248 13 23 0.12502865 
422 240 12 23 0.12502863 
758 209 11 21 0.12502863 
534 224 12 23 0.1250286 
125 248 13 23 0.12502855 
288 173 23 44 0.12502855 
495 214 25 42 0.12502855 
54 192 11 22 0.12502852 
647 214 25 42 0.12502849 
631 222 25 42 0.12502845 
14 177 11 21 0.12502845 
560 198 23 43 0.1250284 
136 165 23 44 0.1250284 
576 190 23 43 0.12502839 
94 224 11 22 0.12502837 
165 248 13 23 0.12502837 
400 182 23 42 0.12502837 
550 240 12 23 0.12502834 
70 216 11 22 0.12502827 
503 222 25 42 0.12502824 
510 208 12 23 0.12502824 
848 205 23 45 0.12502824 
24 214 23 42 0.12502824 
312 190 23 43 0.12502821 
645 248 13 23 0.12502812 
88 205 23 44 0.12502812 
832 214 23 43 0.1250281 
304 198 23 43 0.12502804 
181 240 13 23 0.12502803 
216 198 23 43 0.125028 
408 190 23 43 0.12502798 
982 208 11 23 0.12502798 
536 182 23 43 0.12502795 
197 240 13 23 0.12502795 
256 190 23 43 0.1250279 
815 230 25 43 0.12502787 
176 198 23 43 0.12502787 
518 224 12 23 0.1250278 
46 160 11 22 0.12502778 
670 192 11 23 0.12502773 
830 224 11 22 0.12502769 
669 248 13 23 0.12502769 
696 197 23 45 0.12502769 
48 197 23 44 0.12502766 
382 232 12 23 0.12502766 
144 205 23 44 0.12502764 
942 0 11 13 0.12502764 
664 190 23 44 0.1250276 
391 222 25 42 0.1250276 
1013 233 11 21 0.12502758 
814 241 11 21 0.12502758 
30 185 11 21 0.12502751 
279 214 25 42 0.12502746 
600 198 23 43 0.12502739 
286 240 12 23 0.12502737 
112 206 23 43 0.12502736 
230 240 12 23 0.12502736 
30 169 11 21 0.1250273 
741 240 13 23 0.12502725 
303 222 25 42 0.1250272 
726 224 11 22 0.12502716 
168 205 23 45 0.12502714 
414 208 12 23 0.12502714 
862 216 12 23 0.12502714 
455 230 25 42 0.12502702 
733 240 13 23 0.12502696 
551 230 25 42 0.12502675 
24 173 23 44 0.12502672 
616 198 23 44 0.12502669 
262 232 12 23 0.12502669 
359 222 25 42 0.12502655 
528 198 23 43 0.12502654 
136 213 23 44 0.12502654 
864 206 23 43 0.12502646 
286 208 12 23 0.12502646 
231 230 25 42 0.12502643 
295 230 25 42 0.12502642 
622 208 12 23 0.12502642 
93 248 13 23 0.12502638 
653 240 13 23 0.12502636 
728 213 23 44 0.12502636 
479 230 25 42 0.12502633 
78 224 11 22 0.1250263 
45 248 13 23 0.12502626 
319 230 25 42 0.12502623 
630 224 12 23 0.12502621 
766 177 11 21 0.12502621 
439 222 25 42 0.12502621 
504 198 23 44 0.12502618 
926 0 27 25 0.12502612 
542 224 12 23 0.1250261 
77 248 13 23 0.12502609 
191 214 25 42 0.12502608 
798 232 11 22 0.12502608 
423 222 25 42 0.12502606 
38 185 11 21 0.12502606 
454 224 12 23 0.12502602 
128 205 23 44 0.12502602 
38 209 11 21 0.125026 
456 198 23 44 0.125026 
662 184 12 23 0.125026 
288 198 23 43 0.125026 
502 240 12 23 0.12502597 
85 248 13 23 0.12502594 
519 214 25 43 0.1250259 
248 198 23 43 0.12502578 
470 208 12 23 0.12502578 
726 248 12 23 0.12502576 
1005 246 21 42 0.12502569 
246 224 12 23 0.12502569 
607 222 25 42 0.12502566 
567 230 25 42 0.12502564 
62 192 11 22 0.12502563 
630 208 12 23 0.12502562 
407 230 25 42 0.12502562 
685 247 13 24 0.1250256 
22 185 11 21 0.1250256 
318 224 12 23 0.1250256 
247 230 25 42 0.1250256 
951 198 24 44 0.1250256 
263 230 25 42 0.1250255 
215 230 25 42 0.12502542 
431 230 25 42 0.12502529 
205 240 13 23 0.12502526 
615 230 25 42 0.12502524 
104 213 23 44 0.1250252 
40 205 23 44 0.1250252 
261 216 13 23 0.12502512 
656 182 23 43 0.12502508 
367 230 25 42 0.12502503 
64 197 23 44 0.12502503 
784 198 23 44 0.125025 
1013 209 10 21 0.12502499 
776 189 23 44 0.12502497 
55 230 25 42 0.1250249 
190 224 12 23 0.12502487 
527 238 25 42 0.12502487 
351 230 25 42 0.12502483 
630 240 12 23 0.1250248 
200 197 23 44 0.12502477 
470 224 12 23 0.12502477 
535 214 25 43 0.12502474 
462 224 12 23 0.12502474 
623 214 25 43 0.12502474 
46 192 11 22 0.1250247 
232 198 23 43 0.12502465 
447 214 25 43 0.12502456 
671 238 25 42 0.12502454 
335 230 25 42 0.1250245 
144 59 224 305 0.1250245 
639 238 25 41 0.12502447 
47 238 25 42 0.12502447 
424 198 23 44 0.12502445 
783 230 25 41 0.12502445 
167 230 25 42 0.1250244 
302 224 12 23 0.12502438 
311 214 25 43 0.12502435 
686 208 12 23 0.12502435 
463 222 25 43 0.12502427 
334 240 12 23 0.12502424 
392 198 23 44 0.12502421 
543 222 25 43 0.12502418 
440 198 23 44 0.12502417 
559 222 25 43 0.12502415 
677 232 13 23 0.12502415 
326 224 12 23 0.12502414 
214 224 12 23 0.1250241 
606 232 12 22 0.1250241 
32 197 23 44 0.1250241 
336 198 23 44 0.12502404 
270 224 12 23 0.125024 
655 238 25 42 0.12502393 
207 214 25 43 0.12502393 
239 214 25 43 0.12502393 
375 222 25 43 0.12502392 
135 238 25 42 0.1250239 
175 238 25 41 0.12502389 
143 230 25 42 0.12502383 
56 205 23 44 0.12502383 
95 238 25 42 0.12502377 
294 224 12 23 0.12502372 
46 224 11 22 0.12502372 
712 198 23 44 0.12502372 
542 105 12 21 0.12502368 
735 229 25 43 0.12502365 
376 198 23 43 0.12502362 
255 222 25 43 0.12502356 
117 232 13 23 0.12502353 
398 208 12 23 0.12502348 
294 240 12 23 0.12502344 
72 213 23 44 0.12502338 
720 206 23 44 0.12502335 
70 200 11 22 0.12502335 
478 224 12 23 0.1250233 
56 181 23 45 0.12502326 
438 224 12 23 0.12502326 
575 222 25 43 0.1250232 
471 214 25 43 0.12502319 
350 216 12 23 0.12502319 
717 240 13 23 0.12502316 
342 208 12 23 0.12502316 
374 224 12 23 0.12502304 
495 238 25 41 0.12502299 
693 247 13 24 0.12502298 
744 197 23 44 0.12502295 
494 224 12 22 0.12502295 
111 238 25 42 0.12502289 
48 173 23 45 0.12502281 
959 238 25 42 0.12502281 
799 213 24 45 0.12502281 
751 205 25 44 0.12502278 
584 206 23 44 0.12502278 
870 216 11 22 0.12502277 
415 214 25 43 0.12502271 
343 206 25 43 0.12502265 
878 248 12 23 0.12502263 
71 238 25 42 0.12502259 
775 238 25 41 0.12502256 
199 230 25 42 0.12502256 
966 248 11 22 0.12502253 
125 232 13 23 0.1250225 
206 224 12 22 0.12502247 
151 222 25 43 0.12502247 
1013 249 11 21 0.12502247 
213 248 13 22 0.12502247 
662 200 12 23 0.12502247 
688 213 23 45 0.12502246 
975 213 23 44 0.12502238 
158 232 12 23 0.12502235 
797 0 29 25 0.12502226 
8 173 24 44 0.1250222 
719 238 25 43 0.1250222 
85 232 13 23 0.12502217 
222 224 12 23 0.12502213 
592 214 23 44 0.12502207 
159 238 25 42 0.12502204 
54 224 11 22 0.12502195 
711 230 25 43 0.1250218 
422 208 12 23 0.12502174 
38 152 11 22 0.12502162 
383 214 25 43 0.12502159 
223 222 25 43 0.12502156 
759 222 25 41 0.12502155 
141 232 13 23 0.12502153 
133 232 13 23 0.12502147 
399 214 25 43 0.12502138 
3 140 21 47 0.12502138 
710 208 12 23 0.12502135 
422 224 12 23 0.12502134 
582 232 12 23 0.12502132 
352 198 23 43 0.12502125 
79 222 25 43 0.1250212 
726 208 12 23 0.12502114 
16 181 23 44 0.12502107 
568 206 23 44 0.12502106 
53 -18 212 190 0.12502103 
119 222 25 43 0.12502103 
782 249 11 21 0.12502101 
958 208 11 23 0.12502094 
550 208 12 23 0.12502094 
30 209 11 21 0.1250209 
663 213 25 44 0.12502089 
951 230 25 41 0.12502086 
62 224 11 22 0.1250208 
943 213 24 44 0.12502071 
871 230 25 43 0.12502056 
479 206 25 43 0.12502052 
127 230 25 43 0.12502046 
183 230 25 41 0.12502046 
894 240 11 22 0.12502044 
680 206 23 44 0.12502044 
32 221 23 44 0.12502044 
552 206 23 44 0.12502028 
751 230 25 41 0.12502028 
638 208 12 23 0.12502027 
264 198 23 44 0.12502024 
512 206 23 44 0.12502007 
574 224 12 23 0.12502003 
694 224 12 23 0.12501997 
662 232 12 23 0.12501986 
757 240 13 23 0.1250198 
397 248 13 22 0.12501979 
959 213 23 44 0.12501976 
742 224 12 23 0.12501973 
704 213 23 45 0.12501962 
511 238 25 40 0.12501962 
669 232 13 23 0.12501958 
296 206 23 44 0.12501958 
278 240 12 23 0.12501954 
966 216 11 22 0.12501954 
846 240 12 23 0.12501954 
328 206 23 44 0.12501952 
942 208 11 23 0.12501943 
1006 185 11 21 0.12501937 
903 214 25 43 0.12501933 
736 205 23 45 0.12501927 
695 222 25 43 0.12501925 
63 222 25 43 0.12501921 
829 247 13 24 0.12501912 
183 206 25 43 0.12501907 
790 240 12 22 0.12501907 
839 230 24 44 0.12501906 
182 224 12 23 0.12501894 
558 224 12 23 0.12501891 
87 230 25 42 0.12501885 
982 224 11 22 0.12501873 
16 206 24 43 0.12501864 
6 168 11 22 0.12501861 
958 240 12 22 0.12501846 
383 238 26 40 0.12501842 
358 224 12 23 0.1250184 
166 232 12 23 0.12501833 
189 240 13 23 0.12501833 
598 216 12 23 0.12501831 
966 222 24 41 0.12501818 
927 206 25 43 0.12501816 
687 237 25 44 0.1250181 
766 208 11 22 0.12501803 
701 247 13 24 0.12501799 
950 216 11 22 0.12501787 
878 232 11 22 0.12501787 
230 224 12 23 0.12501787 
718 216 12 23 0.12501778 
590 224 12 23 0.12501778 
709 232 13 23 0.12501778 
582 216 12 23 0.12501772 
374 208 12 23 0.12501757 
903 141 25 44 0.12501752 
238 224 12 23 0.12501746 
702 224 12 23 0.12501742 
838 240 12 23 0.12501742 
550 224 12 23 0.12501736 
342 224 12 23 0.12501734 
919 222 24 42 0.12501726 
974 216 11 23 0.12501724 
856 213 23 45 0.12501724 
606 246 27 40 0.12501723 
174 232 12 23 0.1250172 
709 248 13 23 0.12501715 
22 168 11 22 0.12501715 
414 224 12 23 0.12501703 
566 224 12 23 0.12501697 
823 237 25 44 0.12501694 
365 216 13 23 0.12501673 
278 238 27 39 0.12501669 
270 208 12 23 0.12501658 
766 240 11 22 0.12501653 
614 216 12 23 0.12501651 
982 222 24 41 0.12501633 
517 240 13 22 0.12501632 
1006 200 11 22 0.12501632 
918 232 11 22 0.12501626 
806 241 11 21 0.12501621 
782 233 11 21 0.12501608 
895 222 24 44 0.1250158 
622 224 12 23 0.1250158 
902 248 12 23 0.1250158 
911 229 24 43 0.12501572 
509 248 13 22 0.12501559 
822 224 11 22 0.12501551 
430 216 12 23 0.1250155 
703 238 25 42 0.1250155 
958 224 11 22 0.12501541 
790 216 12 23 0.1250154 
760 52 187 325 0.12501538 
991 213 24 43 0.12501533 
29 -21 414 328 0.12501527 
8 197 24 44 0.12501517 
22 217 11 21 0.12501515 
14 192 11 22 0.12501505 
598 238 27 40 0.12501489 
903 237 25 44 0.1250148 
847 237 25 45 0.12501469 
798 238 26 39 0.1250146 
792 205 23 45 0.12501459 
685 232 13 23 0.12501451 
926 238 25 41 0.12501445 
853 247 13 24 0.12501442 
446 216 12 23 0.12501436 
934 230 25 40 0.12501423 
990 216 11 22 0.12501423 
910 248 12 23 0.12501413 
334 216 12 23 0.12501407 
854 232 12 23 0.12501405 
974 238 25 40 0.12501396 
934 224 11 22 0.12501386 
776 214 24 42 0.12501381 
926 232 12 22 0.12501332 
0 165 24 44 0.12501316 
910 232 12 23 0.12501314 
22 200 11 22 0.12501301 
749 248 13 23 0.12501289 
406 216 12 23 0.12501281 
390 216 12 23 0.12501267 
0 205 24 44 0.12501267 
886 232 11 22 0.12501243 
23 237 25 42 0.1250122 
862 240 12 23 0.12501214 
869 239 13 24 0.1250121 
598 232 12 22 0.12501204 
14 216 11 22 0.1250118 
974 232 11 22 0.12501176 
157 248 13 22 0.12501128 
863 246 25 41 0.12501092 
998 224 12 22 0.12501088 
942 246 26 40 0.1250108 
30 248 12 22 0.12501068 
38 240 11 22 0.12501067 
750 216 12 23 0.12501058 
382 216 12 23 0.12501007 
493 248 13 22 0.12500942 
-1 238 26 39 0.12500928 
990 233 11 21 0.12500902 
6 208 11 22 0.12500872 
85 239 40 67 0.12500826 
261 248 13 22 0.12500818 
6 184 11 22 0.12500793 
9 221 23 44 0.12500785 
807 246 26 40 0.12500735 
862 256 12 22 0.12500715 
613 256 13 22 0.12500706 
389 248 13 22 0.12500693 
791 245 25 41 0.12500675 
381 248 13 22 0.1250061 
6 224 11 22 0.1250061 
966 233 11 21 0.12500602 
445 248 13 22 0.12500598 
942 225 11 21 0.12500578 
974 249 11 21 0.12500551 
429 248 13 22 0.12500525 
309 248 13 22 0.12500463 
190 208 12 23 0.1250042 
950 233 11 21 0.1250042 
934 241 11 21 0.12500374 
821 256 13 22 0.12500316 
14 233 11 21 0.12500276 
22 233 11 21 0.1250026 
982 246 26 38 0.12500124 
405 248 13 22 0.12500115 
766 246 26 38 0.12500091 
1006 224 12 22 0.12500075 
605 248 13 22 0.12500046 
869 256 13 22 0.12499898 
942 240 12 22 0.12499892 
918 248 12 22 0.12499854 
581 238 29 34 0.12499727 
13 248 12 22 0.124996625 
774 248 12 22 0.124996416 
22 248 11 22 0.1249955 
5 240 12 22 0.12499543 
982 249 12 21 0.12499507 
621 246 29 34 0.12499442 
766 225 12 21 0.12499324 
541 246 29 34 0.12499228 
949 248 13 22 0.124992244 
13 254 29 34 0.12499193 
413 246 29 33 0.12499061 
309 246 29 33 0.124990284 
341 246 29 33 0.124989934 
221 246 30 33 0.12498912 
205 246 30 33 0.12498901 
397 246 30 33 0.12498893 
557 246 30 32 0.1249886 
469 246 29 33 0.12498859 
325 246 30 32 0.12498854 
870 81 155 304 0.12498811 
189 246 30 32 0.124987155 
813 256 13 22 0.12498666 
252 246 31 32 0.12498662 
637 248 13 22 0.1249858 
925 248 13 22 0.1249858 
236 246 31 32 0.124985486 
741 246 29 34 0.12498547 
444 246 31 32 0.124985255 
357 246 30 33 0.12498446 
581 248 13 22 0.12498413 
998 241 12 21 0.124983676 
957 256 13 22 0.12498283 
-1 248 10 22 0.1249818 
798 256 12 22 0.124980465 
845 256 13 22 0.12497945 
774 233 11 21 0.124979034 
365 248 13 22 0.12497768 
941 256 13 22 0.12497754 
589 240 13 22 0.12497627 
512 72 205 280 0.12497594 
805 256 13 22 0.1249728 
1005 240 13 22 0.12497055 
893 256 13 22 0.124970235 
0 49 10 21 0.12496859 
0 33 10 21 0.12496838 
0 65 10 21 0.12496795 
0 17 10 21 0.124967664 
0 81 10 21 0.12496758 
0 97 10 21 0.124967374 
0 2 10 19 0.12496713 
933 256 13 22 0.12496612 
989 248 13 22 0.12496602 
-22 60 161 300 0.124961026 
5 256 13 22 0.12496017 
0 169 10 21 0.12495569 
837 256 13 22 0.12495551 
0 129 10 21 0.124955304 
789 256 13 22 0.124955 
37 256 13 22 0.12495432 
0 153 10 21 0.124954216 
717 256 13 22 0.1249467 
1005 256 13 22 0.12494451 
733 256 13 22 0.12493925 
61 256 13 22 0.12493864 
69 256 13 22 0.124936834 
765 256 13 22 0.124936 
0 217 10 21 0.12493386 
0 46 20 43 0.124933265 
0 86 19 43 0.124932155 
0 185 10 21 0.12493156 
21 264 13 21 0.12492883 
149 256 13 21 0.12492842 
629 256 13 21 0.12492652 
653 256 13 21 0.12492616 
997 256 13 21 0.12492248 
741 256 13 21 0.12492213 
13 264 13 21 0.12492018 
373 256 13 21 0.12491462 
549 256 13 21 0.12491458 
757 256 13 21 0.124913365 
221 256 13 21 0.12491237 
277 256 13 21 0.124909736 
269 256 13 21 0.12490888 
597 248 13 21 0.12490831 
421 256 13 21 0.12490747 
485 256 13 21 0.12490619 
557 256 13 21 0.12490584 
229 256 13 21 0.12490567 
461 256 13 21 0.1249056 
317 256 13 21 0.12490558 
181 256 13 21 0.12490485 
349 256 13 21 0.12490442 
477 256 13 21 0.12490219 
565 256 13 21 0.124899894 
189 256 13 21 0.12489983 
205 256 13 21 0.12489959 
357 256 13 21 0.124899484 
197 256 13 21 0.12489937 
341 256 13 21 0.1248989 
333 256 13 21 0.124898694 
325 256 13 21 0.12489868 
285 256 13 21 0.12489844 
293 256 13 21 0.124897934 
413 256 13 21 0.12489781 
469 256 13 21 0.12489649 
-9 254 26 39 0.124895014 
501 256 13 21 0.124893375 
573 256 13 21 0.12489281 
301 256 13 21 0.12489267 
253 256 13 21 0.12489246 
237 256 13 21 0.12489174 
437 256 13 21 0.12489122 
621 256 13 21 0.124890596 
245 256 13 21 0.12489053 
453 256 13 21 0.124890074 
589 256 13 21 0.12488726 
517 256 13 21 0.12488432 
720 -68 338 380 0.12488339 
-2 264 12 22 0.12487871 
0 182 19 42 0.124824256 
0 113 10 21 0.12455496 
-69 -45 295 507 0.12454812 
0 201 10 21 0.12447708 
758 224 11 22 0.12425461 
782 264 12 22 0.12397951 
605 264 13 21 0.123913236 
830 193 11 21 0.12347703 
661 254 30 26 0.12140186 
645 254 29 27 0.1214009 
885 254 29 28 0.12139751 
100 254 31 25 0.12139682 
60 254 31 25 0.12139529 
76 254 31 25 0.12139521 
965 254 29 28 0.12139521 
28 254 31 25 0.121393986 
116 254 31 25 0.12139369 
708 254 31 25 0.12139329 
164 254 31 25 0.12139282 
140 254 31 24 0.1213923 
725 254 30 25 0.1213922 
500 254 32 24 0.12138774 
268 254 31 25 0.121387675 
484 254 32 24 0.121386774 
428 254 32 24 0.121386506 
588 254 31 25 0.121385776 
372 254 31 24 0.12138569 
516 254 32 24 0.121385455 
572 254 32 23 0.12138385 
292 254 32 23 0.12138359 
917 254 29 29 0.11948234 
693 254 29 27 0.11862963 
694 265 12 15 0.11698251 
774 265 11 15 0.11641491 
1014 266 9 15 0.11630397 
638 265 11 15 0.11546193 
646 265 11 15 0.11545419 
878 265 11 15 0.11545153 
886 265 11 15 0.11544341 
830 265 11 15 0.115438946 
974 265 11 15 0.11543715 
30 265 12 15 0.11543622 
750 265 11 15 0.115435004 
662 265 12 15 0.11543491 
670 265 12 15 0.11543462 
902 265 12 15 0.11542614 
118 265 12 15 0.115423806 
990 265 11 15 0.11542375 
110 265 12 15 0.115422614 
678 265 12 15 0.115422145 
982 265 11 15 0.11542206 
86 265 12 15 0.115418784 
102 265 12 15 0.11541801 
94 265 12 15 0.11541748 
174 265 12 15 0.11541719 
78 265 12 15 0.11541633 
46 265 12 15 0.115415804 
126 265 12 15 0.11541159 
134 265 12 15 0.11540888 
726 265 12 15 0.115407445 
142 265 12 15 0.11540574 
710 265 12 15 0.115399145 
542 265 12 14 0.11539664 
534 265 12 15 0.11539496 
510 265 12 14 0.11539404 
598 265 12 15 0.11539117 
214 265 12 14 0.1153909 
262 265 12 14 0.11539059 
446 265 12 14 0.11539016 
526 265 12 15 0.115389764 
494 265 12 14 0.11538819 
382 265 12 14 0.11538719 
406 265 12 14 0.11538482 
310 265 12 14 0.11537902 
582 265 12 14 0.11537765 
166 265 12 15 0.11537628 
158 265 12 14 0.11537297 
430 265 12 14 0.115371585 
398 265 12 14 0.115327686 
926 265 11 15 0.11400076 
702 265 11 15 0.11387936 
676 254 31 26 0.11370318 
829 254 29 27 0.11289589 
910 265 12 15 0.110108085 
366 265 12 13 0.10687133 
854 265 12 14 0.106052324 
686 265 12 15 0.10556907 
390 265 12 14 0.10414524 
966 265 11 14 0.103780076 
54 265 12 14 0.103102826 
919 265 11 12 0.10288668 
950 265 11 14 0.09083279 
