1_Handshaking_Handshaking_1_602
90
509 224 9 11 0.92056185 
841 234 12 16 0.9191727 
251 345 28 29 0.8876157 
437 232 9 12 0.8668859 
753 245 9 11 0.82597244 
645 222 10 13 0.82123464 
136 197 9 12 0.7868476 
374 240 12 17 0.78231215 
719 236 10 13 0.76083106 
722 258 14 17 0.75920874 
609 227 11 13 0.7353092 
545 225 9 11 0.71484685 
946 241 17 28 0.67381424 
576 221 10 12 0.64283055 
477 220 8 11 0.6174643 
189 187 9 12 0.5838983 
687 228 10 12 0.5785127 
640 246 10 12 0.51354045 
676 244 11 15 0.51085764 
678 230 10 13 0.45607018 
400 322 12 17 0.3047881 
915 270 11 14 0.28740564 
291 285 15 18 0.21646072 
365 238 13 18 0.1783724 
769 256 8 10 0.13245614 
361 236 11 17 0.13022907 
695 239 9 13 0.1251283 
685 246 9 11 0.11744508 
581 248 9 12 0.1043663 
639 265 12 16 0.08718095 
675 301 13 21 0.08149943 
518 238 9 12 0.08031602 
473 237 8 11 0.05773789 
448 238 9 11 0.057085946 
886 260 11 14 0.054130465 
773 256 8 10 0.053803574 
830 266 9 12 0.052802715 
724 232 10 12 0.052761137 
649 308 19 20 0.05172129 
487 237 11 14 0.051136713 
923 247 17 21 0.050206997 
473 247 9 12 0.049949523 
115 299 16 20 0.047985222 
665 248 8 12 0.043205936 
402 323 17 23 0.040574435 
775 261 8 10 0.040369894 
550 244 9 12 0.038644213 
715 236 9 13 0.037938103 
929 246 21 25 0.037499283 
448 244 8 11 0.037394848 
493 237 9 14 0.03579617 
673 236 10 13 0.03414566 
544 244 9 12 0.033905473 
613 292 12 19 0.033522177 
536 255 9 11 0.0330812 
490 231 9 12 0.0329398 
654 238 9 12 0.032692228 
633 244 9 13 0.030688986 
506 227 9 10 0.030478137 
799 253 8 10 0.030407773 
921 245 12 17 0.029335637 
759 254 8 11 0.02931192 
724 242 12 12 0.029130232 
758 260 9 12 0.027950002 
556 253 8 11 0.027716136 
661 302 21 25 0.027616022 
478 236 9 13 0.02714473 
477 246 9 11 0.02708538 
616 248 8 11 0.026148168 
582 237 9 12 0.025972577 
464 246 8 11 0.025472224 
457 244 7 11 0.025357649 
776 269 8 12 0.02518572 
559 247 7 11 0.025182428 
687 233 11 16 0.02445577 
672 248 10 15 0.023867816 
360 318 12 13 0.023826642 
526 284 10 11 0.02381215 
478 309 39 42 0.023731172 
535 245 10 12 0.023169814 
541 254 10 12 0.0225333 
752 250 9 13 0.022393798 
558 198 9 11 0.022244914 
784 248 7 10 0.022209829 
353 318 8 11 0.021840068 
453 239 8 10 0.021530608 
535 260 8 11 0.020647736 
446 231 8 12 0.020612258 
753 260 9 12 0.020522209 
606 268 11 13 0.020134354 
