1_Handshaking_Handshaking_1_356
70
121 594 130 170 0.99887925 
660 198 142 210 0.9917115 
311 387 31 35 0.98961776 
601 411 24 37 0.9791957 
571 299 15 21 0.97222656 
430 286 15 20 0.91733783 
276 384 23 38 0.87609684 
604 292 14 18 0.7859787 
269 452 33 36 0.6100425 
660 358 14 19 0.5943718 
488 299 11 15 0.44008455 
356 309 11 15 0.35665926 
142 251 11 15 0.34182853 
647 303 11 14 0.33523995 
449 309 11 14 0.30388507 
414 287 12 16 0.21579866 
285 362 16 17 0.20135593 
328 299 11 14 0.16924739 
245 301 15 21 0.16785929 
507 314 12 17 0.14307986 
501 301 10 13 0.13732032 
405 291 10 15 0.13418683 
104 292 10 13 0.11414013 
454 314 11 14 0.113998935 
545 309 10 13 0.109586 
221 314 14 16 0.087598465 
510 300 11 14 0.08436889 
655 315 11 15 0.07785337 
422 290 11 16 0.07402078 
514 427 17 18 0.072333716 
652 305 13 17 0.059050508 
280 287 11 15 0.058786526 
7 292 8 11 0.05509873 
460 315 11 14 0.053618725 
522 426 16 18 0.04993807 
492 295 12 16 0.047696587 
504 309 11 14 0.045845162 
510 423 13 17 0.042649128 
303 388 24 30 0.040091433 
104 304 11 12 0.039244022 
588 419 24 31 0.03632672 
618 325 12 16 0.035835825 
362 307 12 14 0.035517305 
506 463 17 20 0.033789195 
-67 498 495 580 0.03348879 
94 268 10 12 0.03204718 
301 351 16 20 0.031214474 
454 335 12 15 0.027601622 
359 304 11 14 0.026838059 
158 300 12 16 0.02656577 
451 304 10 12 0.026444491 
714 439 15 21 0.02634868 
410 334 13 16 0.025788788 
620 460 14 18 0.025402151 
148 265 11 15 0.025224598 
158 277 11 12 0.02466804 
339 362 14 19 0.02423626 
159 291 13 18 0.024184858 
38 286 9 11 0.02298858 
37 279 10 11 0.022816751 
500 419 15 19 0.022524424 
250 298 19 25 0.022370657 
677 435 23 31 0.021806538 
177 309 11 14 0.021798212 
587 307 11 14 0.02139109 
117 255 9 12 0.020495715 
579 292 12 16 0.020454973 
535 310 9 12 0.020317875 
214 322 13 17 0.020178543 
118 260 9 13 0.020024994 
