1_Handshaking_Handshaking_1_664
20
856 30 43 58 0.98704976 
649 108 14 19 0.9267252 
739 121 13 18 0.84425455 
679 118 12 15 0.73601866 
720 115 11 14 0.67981505 
473 21 16 21 0.058632612 
571 106 17 23 0.044177003 
588 77 23 29 0.040558457 
524 83 24 30 0.034568183 
712 115 11 16 0.032506455 
565 73 15 19 0.031982955 
501 0 16 15 0.02948668 
464 1 25 26 0.027260805 
671 117 11 15 0.027028996 
423 8 37 41 0.025258785 
507 2 14 15 0.023598272 
490 43 35 54 0.023127142 
789 93 16 21 0.022620004 
13 80 266 408 0.021951562 
564 77 20 27 0.020940363 
