56_Voter_peoplevoting_56_663
96
836 58 66 88 0.9978339 
492 300 45 64 0.99771345 
666 141 49 59 0.99592835 
197 196 13 17 0.95046574 
344 212 46 44 0.89260006 
105 226 10 13 0.7843048 
71 220 11 13 0.48276514 
12 222 11 15 0.48034874 
317 183 9 12 0.35567293 
285 189 9 12 0.30939752 
66 260 13 16 0.2682153 
638 173 8 10 0.23889664 
39 228 10 12 0.20173535 
41 224 10 11 0.19063964 
0 219 10 14 0.15628439 
252 223 9 11 0.1141911 
55 237 10 12 0.108888246 
64 252 12 16 0.08546861 
92 218 13 15 0.07481677 
88 257 12 16 0.07250486 
439 241 12 16 0.070742294 
40 258 15 20 0.06939438 
95 238 8 10 0.060502473 
183 189 10 13 0.058939707 
71 230 9 11 0.058162257 
3 239 11 12 0.0572918 
95 147 10 12 0.05653941 
262 231 12 16 0.055651158 
6 224 12 16 0.0544494 
117 239 10 12 0.047706358 
316 213 14 17 0.047040902 
313 187 10 12 0.0467557 
232 181 10 12 0.045699134 
331 215 28 38 0.045333877 
92 253 13 18 0.045124833 
262 213 10 12 0.044727765 
307 203 13 17 0.042276137 
168 237 9 11 0.039432928 
64 238 8 11 0.03889722 
4 215 11 14 0.038805556 
89 213 12 13 0.034886055 
64 247 10 14 0.034787007 
309 218 17 18 0.034700476 
0 225 12 17 0.034615647 
69 235 9 12 0.033711676 
48 153 8 10 0.032149397 
196 252 12 17 0.03203054 
221 210 11 14 0.031726915 
209 184 8 11 0.031496484 
265 220 8 11 0.031455234 
304 197 12 16 0.030641187 
201 235 11 15 0.030387156 
247 226 11 15 0.029637197 
89 231 9 12 0.029281938 
271 220 9 11 0.02862852 
101 246 11 13 0.028299874 
187 187 11 13 0.02771497 
146 93 15 18 0.027461775 
156 171 12 16 0.027289782 
200 173 9 11 0.02709298 
78 228 10 12 0.026874008 
163 90 24 25 0.026769679 
37 232 12 15 0.026566114 
322 181 12 15 0.026447255 
54 233 9 11 0.025863845 
247 214 9 12 0.025732841 
323 228 23 34 0.025566943 
96 246 10 13 0.024952028 
196 264 11 15 0.02488528 
137 238 10 13 0.024866506 
190 184 8 11 0.024865404 
213 181 9 11 0.024828251 
237 179 9 14 0.0241712 
90 237 9 11 0.023695022 
93 183 9 10 0.023489155 
196 222 10 13 0.023476617 
155 251 12 15 0.023426104 
66 233 8 10 0.023264712 
256 214 11 13 0.023158792 
324 210 12 20 0.022972282 
323 211 22 34 0.022805104 
155 191 12 14 0.022536334 
269 216 9 11 0.022106672 
152 222 8 11 0.02180576 
199 230 9 12 0.021624532 
318 236 13 17 0.021513743 
254 206 13 15 0.021484155 
205 232 10 14 0.021439781 
221 221 13 14 0.02125336 
284 209 14 16 0.020903308 
240 231 11 15 0.020815782 
112 242 11 14 0.02071801 
41 216 9 11 0.020120127 
20 223 11 15 0.020073622 
93 190 9 11 0.020068586 
383 156 11 14 0.020043258 
