56_Voter_peoplevoting_56_21
31
858 305 77 86 0.93957615 
485 281 62 90 0.91037446 
607 344 26 40 0.27347696 
812 245 14 19 0.12729609 
242 301 32 43 0.121831656 
305 293 41 58 0.0931853 
804 242 23 31 0.059638835 
699 311 32 39 0.059444398 
133 312 17 21 0.05640831 
788 256 29 31 0.053559683 
591 338 31 44 0.042431448 
702 323 60 66 0.03902766 
221 270 58 75 0.03696586 
793 239 38 50 0.03157536 
330 247 16 22 0.029203331 
709 298 71 69 0.026797663 
760 532 97 124 0.026441755 
319 285 33 50 0.025095727 
292 274 16 19 0.024065152 
324 245 12 16 0.02404526 
95 247 11 16 0.023572423 
653 318 43 56 0.023425814 
674 313 51 58 0.022807237 
206 249 54 74 0.022668181 
682 358 64 73 0.022643294 
480 299 36 56 0.022191688 
330 339 28 38 0.020678112 
599 347 42 62 0.020664783 
244 281 30 36 0.020618489 
322 275 27 37 0.020508468 
134 312 27 33 0.020038936 
