56_Voter_peoplevoting_56_122
98
838 59 35 51 0.98757184 
903 33 32 49 0.9862953 
81 67 37 43 0.9843466 
440 36 27 38 0.9840136 
936 80 37 53 0.9756158 
687 53 41 62 0.96361923 
420 135 29 35 0.9523346 
402 8 25 34 0.9481638 
531 13 28 35 0.932177 
964 12 28 43 0.9146767 
485 4 24 34 0.8992703 
560 78 33 53 0.8818508 
297 16 21 27 0.8785167 
206 33 23 30 0.8696877 
487 18 29 36 0.8218586 
695 363 65 70 0.8027979 
602 3 23 35 0.74832594 
348 26 25 31 0.74794096 
708 2 30 36 0.7273208 
256 11 20 32 0.6792832 
658 0 24 33 0.5882718 
142 41 29 41 0.4984977 
376 10 22 31 0.39486745 
901 86 23 30 0.3361104 
55 2 11 11 0.30808917 
476 121 14 18 0.27996764 
179 0 17 13 0.25476548 
778 31 23 39 0.24384817 
436 0 19 22 0.22243261 
78 397 113 174 0.21821947 
72 24 25 33 0.21191081 
795 10 27 34 0.20193759 
270 121 46 49 0.20125116 
617 58 27 42 0.19430417 
316 111 38 56 0.1838476 
237 121 32 53 0.15413235 
101 0 17 13 0.13167979 
702 0 24 26 0.1293059 
482 147 30 34 0.10213538 
119 27 21 29 0.094982 
603 17 28 39 0.09386361 
198 23 22 29 0.09325687 
151 23 25 30 0.08818423 
141 0 17 20 0.0874363 
60 0 13 12 0.08545668 
567 0 24 33 0.08348312 
647 0 24 34 0.07851199 
147 7 19 22 0.07276275 
67 0 16 14 0.06834985 
97 24 26 34 0.06703312 
147 55 30 39 0.066322796 
230 0 16 13 0.06571404 
457 1 24 22 0.054453094 
402 95 18 22 0.049356382 
86 22 26 33 0.048647 
417 127 23 32 0.048366494 
188 21 16 21 0.04606945 
648 369 51 74 0.044630054 
75 18 16 24 0.04443547 
500 114 17 20 0.044279184 
785 0 24 31 0.042124655 
589 2 22 33 0.041903503 
195 20 17 23 0.041808926 
241 81 40 50 0.041491456 
245 10 21 29 0.03812931 
694 35 46 59 0.03604951 
445 0 25 25 0.035813846 
668 0 29 28 0.033722486 
311 67 25 30 0.033326253 
286 12 25 33 0.033094887 
139 44 19 29 0.031046463 
598 12 15 26 0.030835351 
181 116 27 42 0.03007818 
637 365 232 227 0.028848844 
150 16 21 23 0.028556596 
153 3 19 22 0.028190326 
357 16 24 33 0.027748488 
46 -1 13 12 0.027610486 
86 0 14 12 0.02618701 
259 19 28 33 0.025987731 
230 90 43 66 0.025834031 
842 1 17 20 0.025260154 
536 6 43 50 0.025152965 
265 113 34 43 0.025140516 
61 28 26 31 0.02469053 
235 1 23 26 0.024690146 
-2 126 41 76 0.024465162 
0 24 11 23 0.02446273 
19 0 15 11 0.023830345 
551 2 28 35 0.023169054 
45 23 13 25 0.022866288 
470 0 23 26 0.021960618 
246 70 26 38 0.021915149 
220 79 24 38 0.021424677 
36 23 16 26 0.021110978 
384 3 23 36 0.021091348 
808 10 20 28 0.02078348 
746 27 37 50 0.020089105 
