56_Voter_peoplevoting_56_268
234
243 279 33 37 0.99828607 
391 253 29 39 0.9965004 
742 228 26 34 0.99621 
864 231 22 29 0.99143815 
805 219 24 31 0.9877236 
472 220 26 28 0.9876074 
633 193 16 19 0.9789218 
665 222 23 31 0.9725628 
334 229 22 29 0.96277696 
111 184 10 12 0.9494831 
410 195 14 18 0.9478968 
137 215 21 24 0.945937 
416 224 21 27 0.93852925 
514 212 15 19 0.93700147 
127 190 11 14 0.9353941 
682 193 15 19 0.9031328 
391 183 14 19 0.9006286 
370 179 11 15 0.8889248 
222 203 16 20 0.88765246 
359 202 12 16 0.88184243 
596 207 12 16 0.8812161 
300 213 14 17 0.8796212 
76 186 11 14 0.8462721 
25 182 16 18 0.8003243 
264 225 18 21 0.7580583 
444 217 19 21 0.7435816 
615 247 15 20 0.69854707 
279 181 14 18 0.58034503 
356 225 14 20 0.5325138 
177 216 16 21 0.51058257 
938 207 21 22 0.50341177 
520 280 16 22 0.49310857 
580 219 15 22 0.46210647 
22 163 10 12 0.41373768 
75 209 17 22 0.38682666 
303 182 12 14 0.38498107 
238 182 11 13 0.35017297 
835 222 18 21 0.34896842 
233 168 9 10 0.34269586 
97 172 9 11 0.3318888 
564 182 10 12 0.31015328 
561 180 9 12 0.28912136 
190 190 9 11 0.2733503 
778 222 16 22 0.26780102 
566 186 11 15 0.23864187 
205 167 9 11 0.22376257 
191 205 12 16 0.20616256 
343 225 19 27 0.20319909 
120 212 13 18 0.19925536 
230 172 9 11 0.19366209 
115 182 10 13 0.16675928 
566 222 19 30 0.15755928 
279 194 12 14 0.1446423 
278 286 21 26 0.14240523 
242 183 12 14 0.14144422 
455 180 9 12 0.1401941 
957 208 15 23 0.13434722 
159 188 10 12 0.1338564 
233 179 9 13 0.12677628 
166 180 11 13 0.12078515 
200 183 9 11 0.11476264 
701 172 10 12 0.11147606 
80 205 14 17 0.11133875 
37 158 8 11 0.10502535 
136 174 10 13 0.10125274 
285 214 11 16 0.09771648 
558 198 11 13 0.095611826 
341 197 12 15 0.09498077 
226 173 9 10 0.090483315 
168 176 9 11 0.089499235 
36 187 13 16 0.08768192 
196 196 12 14 0.08763354 
478 188 13 17 0.08691449 
223 183 9 13 0.08598626 
45 180 11 13 0.08375466 
3 206 10 13 0.08336887 
327 165 9 11 0.08040487 
195 207 12 18 0.080137566 
80 216 16 19 0.0788071 
344 189 11 14 0.0787199 
87 160 8 10 0.07816893 
66 151 9 11 0.07814627 
85 139 10 12 0.07786637 
142 187 9 12 0.077323146 
332 186 10 13 0.07336497 
199 190 11 13 0.07329922 
100 169 9 11 0.071699485 
527 257 15 19 0.07134637 
112 159 8 9 0.07054672 
264 166 9 12 0.06907096 
109 223 13 18 0.06888345 
32 164 9 11 0.06862778 
134 180 11 13 0.068546936 
38 180 14 17 0.067881085 
359 164 9 11 0.067286134 
308 217 12 17 0.066840865 
252 210 13 15 0.06636563 
57 173 8 11 0.06302795 
81 161 8 9 0.06193125 
58 167 8 10 0.06019155 
376 127 10 13 0.0595646 
771 228 19 23 0.058908526 
310 174 10 12 0.057373375 
337 140 9 11 0.056818742 
353 203 13 15 0.05590064 
201 267 12 16 0.055845775 
171 220 16 21 0.05487017 
884 247 14 21 0.054142 
173 183 10 12 0.053786304 
336 205 12 15 0.053508166 
258 145 9 11 0.051599223 
184 205 13 16 0.048689116 
664 170 10 14 0.047672536 
206 172 8 10 0.047196057 
508 172 10 12 0.04698299 
185 167 8 10 0.045547348 
119 186 10 15 0.04548332 
48 205 11 16 0.043872245 
36 165 9 11 0.043741334 
761 227 21 29 0.042953804 
174 188 10 12 0.042697538 
336 136 9 10 0.042223103 
343 182 11 13 0.042102627 
127 184 11 14 0.041445646 
320 132 9 10 0.04135654 
170 166 8 10 0.041218396 
105 221 10 15 0.04107968 
187 215 14 22 0.041060343 
328 183 11 14 0.04097287 
534 213 11 13 0.04091752 
570 188 12 16 0.040780526 
819 231 14 22 0.040345557 
284 175 12 15 0.040235166 
136 168 8 9 0.040215317 
39 153 8 10 0.04010763 
65 157 8 10 0.039201923 
129 160 7 9 0.038680848 
303 176 11 13 0.038571805 
460 216 14 19 0.038378444 
6 178 10 16 0.037577335 
15 179 12 17 0.037547793 
317 183 11 15 0.037256584 
298 181 9 13 0.036805 
0 264 15 19 0.036164716 
654 225 25 31 0.035989247 
0 235 10 18 0.035744384 
173 174 8 11 0.035335384 
218 202 12 18 0.035129104 
62 184 9 12 0.0348675 
733 182 9 11 0.034553703 
174 166 8 10 0.034537256 
201 173 9 11 0.03419118 
62 167 8 10 0.034026746 
113 164 8 10 0.033744402 
191 167 7 9 0.033683915 
279 158 8 9 0.033655554 
89 175 8 11 0.03351561 
264 161 9 11 0.03225379 
364 230 14 20 0.031959243 
218 183 9 12 0.031800542 
40 175 11 13 0.030755378 
119 166 8 9 0.030645132 
71 158 7 10 0.030621985 
437 203 15 16 0.030561635 
404 228 17 24 0.03037103 
72 205 12 17 0.029804157 
247 203 12 18 0.02965817 
605 211 11 14 0.029482128 
877 247 13 21 0.029131 
246 197 12 16 0.028797988 
281 135 8 10 0.028391756 
256 166 7 9 0.028093342 
294 189 10 14 0.028039316 
523 212 12 16 0.027783617 
128 166 8 9 0.027428364 
79 165 8 9 0.02708036 
864 206 9 11 0.026522866 
311 166 10 12 0.02647917 
95 139 10 13 0.026396891 
55 181 9 12 0.02625732 
0 158 7 12 0.026122458 
226 169 7 9 0.026065005 
433 218 19 26 0.025986766 
565 206 11 13 0.025724012 
56 160 8 10 0.025637241 
44 187 10 14 0.025543265 
444 198 11 14 0.025531227 
172 196 11 14 0.025238233 
437 211 14 20 0.025209703 
250 165 8 10 0.025154918 
249 161 8 9 0.025132464 
158 167 8 9 0.025072861 
170 161 7 8 0.025009066 
886 236 13 19 0.024613857 
561 187 12 16 0.02439898 
262 199 9 11 0.024329923 
192 184 9 11 0.024166161 
284 206 12 16 0.024161883 
88 164 8 10 0.024112929 
28 191 15 18 0.023935797 
787 225 12 20 0.02382529 
524 218 12 18 0.023645183 
851 221 14 19 0.023460768 
154 167 8 9 0.023421235 
184 199 10 13 0.023393976 
208 153 8 9 0.023340175 
528 207 10 14 0.02327066 
18 164 10 12 0.022736121 
487 287 19 20 0.022718232 
2 218 10 19 0.02259592 
153 189 10 12 0.022528283 
105 153 8 9 0.02243527 
157 195 10 13 0.022173401 
276 219 13 21 0.022088299 
574 214 13 20 0.022006486 
119 160 7 10 0.021965029 
224 136 7 10 0.021869829 
238 195 11 16 0.021843864 
842 216 15 21 0.021609275 
237 175 9 13 0.021572364 
729 180 9 12 0.021515995 
263 205 13 15 0.021514542 
72 166 8 10 0.021443978 
304 165 9 12 0.02122009 
451 181 9 12 0.021093082 
271 173 11 14 0.021065952 
273 179 14 17 0.020922441 
635 223 14 21 0.020820923 
142 167 8 9 0.02080488 
228 186 13 16 0.020614384 
254 197 10 14 0.020584306 
107 157 7 10 0.02055246 
350 198 12 16 0.02039646 
82 225 15 17 0.020198787 
