56_Voter_peoplevoting_56_260
37
910 429 29 38 0.99900156 
857 218 29 35 0.9982316 
41 313 28 35 0.99807763 
947 220 26 33 0.99807453 
847 419 29 34 0.99793184 
837 323 28 35 0.9979175 
930 318 27 35 0.99666697 
276 159 38 44 0.99651575 
930 124 27 33 0.99540293 
473 133 37 47 0.9935168 
24 213 32 39 0.99296266 
56 39 30 40 0.97420436 
1003 431 20 33 0.9722739 
0 416 19 35 0.9664121 
689 154 41 46 0.9557794 
851 29 28 36 0.9003692 
63 118 29 36 0.79738814 
81 302 17 23 0.32857344 
926 24 25 32 0.25859943 
512 527 11 14 0.18717574 
505 586 17 21 0.12706257 
459 592 18 19 0.11783902 
997 339 17 22 0.10911358 
1002 27 22 35 0.073942296 
731 537 12 16 0.07165239 
831 26 24 38 0.046039455 
508 554 10 13 0.045903005 
573 617 16 21 0.041955143 
363 541 11 14 0.04031609 
1 129 21 35 0.0391463 
714 589 9 11 0.027113494 
510 101 26 31 0.026688924 
705 551 10 13 0.026062053 
712 583 9 12 0.021682786 
113 45 30 35 0.021336673 
936 30 26 36 0.021191295 
474 368 24 27 0.020341093 
