56_Voter_peoplevoting_56_344
60
178 81 19 23 0.99435943 
980 70 14 19 0.9829017 
208 74 20 25 0.98274857 
308 53 21 26 0.98015493 
380 86 16 20 0.96913964 
799 92 16 19 0.96487737 
701 65 20 25 0.96208835 
463 86 18 22 0.95250905 
552 76 18 22 0.95216113 
94 56 19 24 0.94469905 
63 81 14 19 0.9375952 
893 84 14 17 0.878733 
642 62 15 21 0.8209643 
342 78 22 26 0.66824484 
51 57 16 19 0.6523234 
911 85 13 16 0.56259406 
888 84 12 16 0.4514414 
776 82 12 15 0.3503177 
1013 83 10 18 0.22838785 
875 574 22 24 0.1440463 
875 586 19 20 0.1000488 
365 95 11 15 0.09380285 
84 22 10 13 0.09164006 
402 549 22 26 0.076466285 
917 79 14 18 0.06397791 
882 84 11 15 0.0625731 
294 561 14 17 0.05166359 
165 81 12 16 0.046642493 
502 583 13 14 0.042883463 
0 37 8 13 0.04229441 
899 87 12 17 0.03982001 
282 66 14 17 0.039721716 
358 99 13 19 0.0390988 
878 620 28 33 0.038838316 
500 570 14 15 0.036169007 
778 333 13 16 0.03372801 
346 72 17 18 0.03120008 
476 0 14 12 0.031079382 
661 523 10 13 0.030815888 
882 584 24 24 0.030202845 
300 107 18 19 0.029981118 
501 541 15 18 0.029627653 
349 84 19 26 0.02912998 
889 572 15 18 0.0285792 
899 79 11 15 0.028353104 
816 85 10 14 0.025987731 
501 514 14 17 0.025818808 
468 551 13 16 0.024906868 
862 87 9 11 0.0243343 
377 509 28 33 0.024144484 
870 594 29 28 0.023692911 
496 564 15 17 0.023326432 
56 66 20 27 0.022284752 
877 611 13 14 0.022163045 
779 537 13 17 0.0215209 
427 481 13 14 0.021491885 
480 517 10 16 0.020776715 
763 590 19 22 0.020457149 
271 88 13 17 0.020183494 
735 156 12 17 0.020072343 
