56_Voter_peoplevoting_56_370
19
205 580 131 149 0.9997055 
271 366 91 126 0.99767977 
390 280 36 48 0.9946538 
447 342 53 62 0.99016774 
198 363 46 64 0.31924877 
75 618 42 53 0.23994678 
742 375 70 90 0.10396937 
987 122 28 36 0.056902505 
491 601 36 46 0.04268035 
541 349 35 40 0.03201396 
983 127 38 55 0.028507669 
505 240 42 40 0.025615385 
578 456 48 52 0.024445064 
83 395 25 38 0.022844665 
193 323 47 49 0.022809865 
568 318 34 42 0.021656908 
592 460 27 35 0.021409761 
540 360 44 52 0.020395493 
314 261 26 28 0.020222014 
