56_Voter_peoplevoting_56_410
168
178 434 15 20 0.9861491 
491 445 17 20 0.9854907 
322 440 15 19 0.97681105 
367 435 15 19 0.9752319 
270 468 17 21 0.97488946 
692 477 16 21 0.9739314 
122 451 15 19 0.9727687 
470 430 18 22 0.96186763 
57 444 17 22 0.95830894 
527 427 14 18 0.9445703 
743 476 18 20 0.9287433 
825 428 21 23 0.9097988 
285 441 16 19 0.90462106 
283 423 18 20 0.897763 
550 448 14 17 0.8932529 
421 427 19 22 0.86977 
98 435 13 19 0.8649219 
615 462 15 21 0.83800286 
423 454 14 18 0.7006096 
214 459 17 20 0.652322 
82 432 14 17 0.649944 
430 403 14 19 0.6394602 
171 421 14 18 0.5992596 
32 420 20 28 0.5964544 
155 416 13 16 0.54741544 
937 426 15 18 0.5206794 
931 458 16 21 0.520152 
573 445 11 15 0.49135953 
234 451 17 20 0.48234704 
644 465 17 21 0.47094432 
445 429 13 16 0.46469846 
194 420 17 23 0.45590186 
813 460 18 21 0.45017162 
384 418 14 16 0.3570678 
358 418 14 16 0.3557087 
319 413 13 15 0.26792893 
581 419 15 20 0.24868608 
146 438 16 22 0.23906559 
230 436 16 17 0.20466934 
708 478 17 21 0.17936872 
406 377 13 16 0.14286521 
136 368 9 12 0.13193624 
894 422 17 22 0.12421379 
420 438 18 22 0.118468255 
964 446 15 20 0.1157728 
254 411 11 15 0.11014668 
555 417 13 16 0.10825378 
571 418 16 20 0.104968935 
660 369 18 22 0.10440576 
34 414 17 20 0.10395369 
592 431 20 27 0.103256345 
301 444 15 19 0.102842145 
754 438 14 19 0.102218606 
761 491 24 29 0.099838056 
951 424 12 16 0.097771116 
599 421 12 15 0.0941599 
987 451 15 20 0.09393818 
547 427 13 16 0.092853844 
36 396 13 15 0.0915557 
340 436 15 21 0.08876873 
605 429 12 17 0.080085084 
948 460 14 19 0.0782556 
227 443 21 23 0.07732623 
47 397 14 17 0.07662774 
866 436 20 28 0.0733712 
349 407 13 15 0.07222615 
202 422 16 23 0.07167088 
391 373 11 14 0.07162335 
642 451 16 20 0.06742629 
983 445 14 17 0.06723197 
619 412 13 14 0.06698035 
403 420 12 16 0.06373704 
511 421 14 19 0.06259692 
124 420 12 15 0.058008607 
118 412 13 16 0.05727283 
221 443 15 18 0.056308795 
284 452 16 22 0.056032058 
925 451 17 24 0.055805765 
37 404 14 15 0.055551343 
637 450 13 18 0.054867417 
578 443 12 17 0.052595235 
382 446 11 18 0.051801477 
210 425 14 19 0.051340025 
83 440 15 18 0.050790895 
804 429 15 20 0.04989795 
132 420 15 17 0.04931682 
642 439 22 29 0.048509404 
869 460 22 32 0.04844671 
519 425 11 16 0.04833197 
963 439 15 17 0.048312716 
879 504 30 36 0.04506527 
916 435 15 19 0.045056198 
351 419 10 15 0.04454026 
347 440 13 19 0.044139303 
132 411 13 17 0.04353626 
915 430 12 16 0.043087672 
406 465 15 20 0.041992277 
682 443 20 27 0.04078915 
666 384 42 53 0.0403596 
923 440 16 19 0.04035519 
564 421 18 20 0.039397642 
542 433 13 17 0.038692355 
981 454 23 34 0.037945934 
971 451 12 18 0.03761243 
890 460 16 20 0.036033716 
894 432 15 19 0.036020312 
588 468 11 14 0.035766866 
566 438 14 17 0.035680242 
586 424 14 19 0.035535824 
939 452 14 19 0.03507742 
630 446 15 19 0.034003027 
333 436 15 18 0.032848995 
381 423 14 18 0.032285716 
775 432 21 28 0.031990215 
890 446 20 27 0.03140792 
139 420 13 16 0.030579787 
270 414 12 14 0.030537225 
947 451 13 18 0.030443955 
166 413 11 17 0.030224416 
187 467 14 18 0.02966889 
125 407 14 18 0.029614208 
420 467 15 19 0.029439403 
406 404 12 16 0.029096106 
843 458 17 24 0.029054748 
584 435 12 16 0.029044934 
879 461 22 30 0.028522568 
893 470 16 20 0.028268013 
986 438 14 18 0.027798966 
625 493 24 28 0.027261343 
587 475 14 20 0.027070647 
67 450 13 18 0.026950536 
439 430 13 19 0.026794959 
412 439 15 22 0.026525956 
300 436 13 18 0.025944063 
814 470 18 19 0.025842188 
880 440 21 30 0.025134498 
574 396 12 14 0.024994653 
593 443 17 23 0.02448344 
700 442 13 20 0.024106655 
173 470 11 15 0.02405669 
411 402 12 16 0.024050027 
824 402 12 14 0.023792736 
150 339 14 18 0.023735879 
0 425 10 20 0.023557445 
403 410 14 16 0.023337943 
151 430 12 16 0.02298359 
503 428 13 17 0.022883005 
568 449 13 18 0.022668108 
104 435 14 19 0.02246359 
847 419 15 17 0.02231934 
155 426 13 16 0.022308072 
544 421 12 15 0.022252012 
875 446 16 23 0.021982592 
603 436 16 22 0.021738835 
405 385 13 17 0.021552155 
154 433 14 19 0.021547547 
758 490 17 21 0.02143375 
140 411 22 25 0.021255486 
380 433 13 19 0.021235188 
649 436 17 21 0.021217654 
94 390 15 18 0.021182112 
342 405 14 16 0.021114694 
279 434 16 22 0.0208412 
27 446 17 22 0.020485083 
711 430 11 16 0.020418642 
94 453 13 18 0.0203388 
904 423 22 26 0.020089377 
359 424 19 23 0.02001651 
