56_Voter_peoplevoting_56_228
23
922 326 24 33 0.99849486 
552 278 39 45 0.9971386 
465 404 26 42 0.99667215 
797 331 27 30 0.9962005 
114 76 41 66 0.9952669 
603 306 39 52 0.9948394 
12 212 39 50 0.97984034 
637 243 40 47 0.9588506 
375 423 16 19 0.23908657 
485 297 28 56 0.08082211 
857 361 19 32 0.03630727 
874 362 22 30 0.033441827 
222 100 12 15 0.028774744 
683 294 33 35 0.02682575 
379 432 16 18 0.026098298 
391 419 13 17 0.025198774 
569 222 8 12 0.023010492 
379 417 22 26 0.022871492 
794 292 14 16 0.022349237 
41 140 21 24 0.021968942 
19 126 13 20 0.021765297 
913 401 27 26 0.02156994 
388 428 13 16 0.021534598 
