56_Voter_peoplevoting_56_339
27
540 145 33 46 0.9980773 
656 231 26 38 0.9978052 
338 310 15 23 0.8442893 
316 309 14 18 0.625949 
325 312 12 17 0.09233934 
724 172 12 14 0.091135465 
973 323 9 12 0.09054897 
915 274 31 43 0.055281155 
969 317 11 13 0.052695423 
968 310 9 11 0.048874952 
384 286 17 22 0.03756857 
169 2 42 45 0.036222786 
343 283 11 13 0.033960074 
967 304 8 11 0.03354924 
988 315 10 13 0.030525077 
962 304 9 11 0.029450187 
678 222 14 17 0.027091518 
348 284 10 12 0.02650048 
957 370 15 19 0.025987273 
394 306 16 18 0.025421234 
4 275 13 15 0.024904007 
85 479 11 12 0.02196018 
416 314 15 18 0.021204863 
487 178 24 31 0.020465411 
408 140 9 12 0.020411985 
973 310 9 12 0.020400843 
892 273 52 62 0.020381806 
