56_Voter_peoplevoting_56_441
503
212 248 97 148 0.9989122 
990 607 14 19 0.9610525 
900 559 14 17 0.90322936 
792 501 9 11 0.84816235 
720 500 10 12 0.8436729 
876 596 11 16 0.7792181 
796 528 11 13 0.70245546 
834 427 10 12 0.6857849 
1007 532 13 19 0.68165183 
973 514 11 13 0.64392954 
900 595 13 16 0.5437635 
820 589 11 14 0.540346 
836 510 11 14 0.5397266 
756 512 9 12 0.53197026 
964 494 10 13 0.5194648 
961 546 11 14 0.4916954 
701 543 11 15 0.47128215 
926 568 11 14 0.46966 
734 414 8 10 0.41373184 
758 416 8 10 0.4119359 
815 409 8 11 0.40731174 
792 476 9 11 0.40345186 
620 472 9 12 0.39859238 
977 647 17 21 0.3984238 
822 469 8 10 0.37938696 
854 600 9 11 0.37412968 
630 438 7 9 0.33885244 
815 509 9 12 0.3368197 
783 421 8 10 0.3348335 
916 577 13 20 0.32686594 
787 404 8 11 0.32015547 
928 523 9 12 0.31612533 
754 455 8 10 0.30514157 
986 536 10 14 0.3049051 
693 519 11 14 0.2785825 
722 452 9 11 0.27511796 
726 477 8 10 0.25431928 
797 476 9 11 0.253686 
988 578 13 17 0.251849 
805 429 8 10 0.2474539 
909 487 10 13 0.23958234 
951 393 9 12 0.23876284 
657 472 8 11 0.23436728 
912 536 11 13 0.2338977 
889 517 9 12 0.23284255 
732 566 10 13 0.23130822 
836 523 10 13 0.230858 
938 355 10 14 0.21804444 
800 472 9 11 0.20045014 
827 376 8 10 0.20010039 
903 486 10 13 0.19911405 
761 476 9 11 0.19541867 
737 493 9 11 0.19381975 
809 381 8 9 0.19082132 
822 393 7 9 0.18997268 
772 558 10 12 0.1871572 
694 470 9 11 0.18214263 
821 486 10 12 0.18088703 
14 371 62 70 0.17990315 
746 399 7 9 0.17852327 
685 486 9 13 0.17785656 
860 523 9 12 0.17667942 
924 502 9 12 0.1722921 
799 392 8 10 0.15867507 
909 430 9 12 0.15492508 
725 399 8 10 0.15489958 
687 333 10 13 0.15236922 
885 485 9 11 0.1505676 
872 589 11 14 0.1490293 
1013 523 10 16 0.14407091 
683 404 8 11 0.14334236 
934 524 9 11 0.139761 
713 530 11 16 0.13883913 
792 550 10 13 0.13706385 
725 530 13 15 0.13596067 
585 472 9 11 0.1318356 
995 516 11 13 0.12605347 
843 408 7 10 0.12451456 
759 407 8 10 0.12386145 
855 446 8 11 0.122617036 
1011 636 13 23 0.12200243 
863 508 9 12 0.119399846 
813 502 10 12 0.11868154 
830 380 8 11 0.11453304 
819 351 7 10 0.1143265 
765 525 10 12 0.11193833 
720 407 8 10 0.11185096 
877 455 9 11 0.110701434 
681 490 10 13 0.10903238 
765 478 8 10 0.107124195 
898 486 9 12 0.10659756 
801 336 10 13 0.10424298 
997 451 10 13 0.09995528 
802 581 13 14 0.09991287 
993 513 10 11 0.09827456 
717 526 13 17 0.09783156 
999 531 11 16 0.0966168 
789 421 8 10 0.096553504 
823 296 8 10 0.091195986 
845 412 8 10 0.09083956 
781 390 8 9 0.090539254 
677 459 9 11 0.08838379 
690 472 9 11 0.0882745 
790 457 8 10 0.08381628 
886 481 9 10 0.08149182 
769 453 8 10 0.08096115 
759 420 8 10 0.07977259 
718 413 7 10 0.07886247 
840 391 8 9 0.07786312 
932 601 15 18 0.076493636 
793 375 8 9 0.07597201 
723 496 10 12 0.07474942 
391 374 8 9 0.07472792 
779 421 8 10 0.07461647 
588 475 10 12 0.074532315 
920 421 8 10 0.07452494 
664 444 7 9 0.073852256 
832 461 9 11 0.072831884 
910 526 9 11 0.07195981 
688 478 8 11 0.071216196 
952 441 9 12 0.07099439 
682 333 10 13 0.0706101 
767 406 8 10 0.07014028 
856 534 10 13 0.0700267 
809 633 10 13 0.06997749 
862 363 10 13 0.06979012 
753 491 9 12 0.06858286 
654 193 23 35 0.06748662 
746 469 7 10 0.066902615 
741 488 9 11 0.06677927 
834 456 9 11 0.066760994 
954 310 7 10 0.065376654 
810 413 8 10 0.06517956 
735 420 9 11 0.064297125 
761 390 7 10 0.06415613 
816 494 10 13 0.0625958 
996 523 13 17 0.06254758 
849 600 10 12 0.059878416 
991 432 8 9 0.059864193 
746 360 6 8 0.058741666 
999 587 13 16 0.05841386 
898 424 8 11 0.058390047 
847 352 8 10 0.057645425 
786 477 8 10 0.057155315 
800 376 6 9 0.05702553 
742 544 9 12 0.056207977 
796 554 11 13 0.05614033 
857 429 8 10 0.05587256 
752 461 8 10 0.055150766 
922 572 14 21 0.05514537 
776 480 8 10 0.05493694 
712 407 7 10 0.05440425 
805 587 10 13 0.054334432 
886 421 9 11 0.053242587 
655 446 8 10 0.053129226 
709 397 9 12 0.053056777 
743 548 9 13 0.052300546 
794 437 8 10 0.052256923 
800 416 7 9 0.05165285 
784 384 7 9 0.051322777 
841 303 7 9 0.051315118 
753 384 7 9 0.05120635 
905 478 9 12 0.05086333 
786 457 7 10 0.050605662 
749 550 9 12 0.050340775 
751 472 8 10 0.05028134 
817 593 12 15 0.049866844 
834 515 11 16 0.049815934 
823 397 8 10 0.04975007 
836 564 10 14 0.049228813 
834 536 9 11 0.04918428 
946 396 10 11 0.048351124 
714 320 9 12 0.04826718 
920 461 8 12 0.04790642 
799 437 8 10 0.04775554 
595 309 7 10 0.047364168 
839 342 8 10 0.046839744 
913 364 10 13 0.046617094 
778 376 7 9 0.046277307 
894 510 10 11 0.04625773 
694 476 9 11 0.046178773 
766 390 7 9 0.045900017 
913 405 8 10 0.045823388 
838 384 8 10 0.04579817 
728 485 10 12 0.045794148 
736 543 10 13 0.04560208 
808 457 7 9 0.045566734 
791 505 11 14 0.044768963 
865 414 8 10 0.04435511 
813 381 8 9 0.044353656 
961 380 10 13 0.044297177 
660 474 9 12 0.044267934 
742 425 7 9 0.0442221 
701 523 10 12 0.044070426 
767 502 9 11 0.043428123 
440 368 7 9 0.04341566 
631 434 8 10 0.043291483 
879 439 8 10 0.04304785 
657 442 7 9 0.042763013 
819 356 7 10 0.042746667 
711 487 8 10 0.042690914 
734 470 8 10 0.042403694 
941 525 9 12 0.042276375 
765 520 8 10 0.042235445 
862 432 7 9 0.0420117 
966 308 9 11 0.041952677 
800 397 8 10 0.04192223 
601 461 9 11 0.041610304 
333 323 9 14 0.041557856 
958 359 8 10 0.041378327 
920 454 9 12 0.041292313 
801 383 7 9 0.041073572 
905 471 9 11 0.04094765 
902 584 12 16 0.04086184 
458 359 8 10 0.040789448 
984 575 12 16 0.040743764 
958 390 9 13 0.040096533 
858 382 7 9 0.040018383 
413 365 7 9 0.039948184 
1014 373 8 12 0.039542858 
990 367 8 10 0.039522033 
598 476 8 12 0.03948111 
847 392 7 9 0.03919418 
722 382 7 9 0.039153595 
775 484 8 10 0.038964383 
753 391 7 9 0.03883988 
1014 492 8 14 0.03876134 
701 464 8 10 0.03871271 
8 321 66 94 0.03866773 
700 468 9 11 0.038591817 
908 586 13 17 0.038587634 
803 424 7 9 0.03857988 
980 411 10 12 0.03854226 
871 390 9 11 0.03836267 
823 336 7 9 0.03817929 
705 485 7 10 0.037818216 
694 485 8 10 0.037660863 
902 414 9 11 0.037577633 
629 485 11 12 0.037392214 
1000 311 8 10 0.03728845 
953 358 8 11 0.03697963 
776 400 7 9 0.036975447 
826 588 11 14 0.036960863 
903 407 8 9 0.03691695 
921 506 10 13 0.036612965 
793 369 7 9 0.03658248 
910 471 8 10 0.03657022 
735 410 7 10 0.036454085 
992 359 8 9 0.036331512 
799 304 8 10 0.036310274 
854 452 9 11 0.036289062 
897 504 9 12 0.03611721 
793 417 8 10 0.03605819 
825 444 8 11 0.035918128 
857 493 8 10 0.03575878 
776 383 7 9 0.035647452 
905 526 9 12 0.035584513 
833 408 7 8 0.035333917 
807 353 8 9 0.03527209 
721 473 8 10 0.0352309 
639 428 9 12 0.035041805 
769 485 8 10 0.034749314 
745 465 7 10 0.034746516 
892 370 13 17 0.034564916 
743 500 10 12 0.03444958 
961 366 8 9 0.034310453 
767 551 10 13 0.034276582 
820 615 11 13 0.033979055 
809 461 7 10 0.03382182 
387 374 7 10 0.03381158 
622 498 15 18 0.033777334 
994 351 8 10 0.033683036 
865 589 9 12 0.03359259 
681 478 8 11 0.0334933 
925 454 9 13 0.03338974 
745 405 8 10 0.033373505 
754 408 8 9 0.033340905 
793 483 10 12 0.033220008 
834 389 8 10 0.033155456 
856 464 8 10 0.033072982 
925 461 9 12 0.0328868 
992 476 11 15 0.032739088 
972 396 11 15 0.032710396 
352 383 13 20 0.032561705 
703 565 12 17 0.032545634 
784 375 7 10 0.03235 
669 441 9 10 0.032018065 
819 464 7 10 0.03199282 
847 400 7 9 0.03183429 
864 496 7 10 0.031824145 
869 501 9 12 0.031744897 
887 382 9 11 0.03168693 
767 415 8 10 0.031585217 
1000 438 10 12 0.03153357 
993 579 15 20 0.03145157 
856 440 10 13 0.031429827 
746 480 7 9 0.031406604 
783 349 7 9 0.031278163 
639 423 9 11 0.031272717 
688 521 13 16 0.03123515 
818 345 7 10 0.03104756 
646 462 8 11 0.031015446 
616 446 8 10 0.030917473 
689 390 7 9 0.030623987 
1015 382 8 11 0.030575393 
814 376 7 10 0.030454315 
739 564 12 15 0.030447345 
757 489 10 12 0.030417591 
764 473 8 11 0.0303814 
847 303 8 10 0.03036701 
793 382 7 9 0.030264536 
503 350 9 11 0.03009818 
725 381 8 9 0.029738693 
703 480 8 10 0.029738067 
617 229 13 16 0.029615263 
830 368 8 9 0.029583376 
816 368 7 9 0.029554656 
978 320 9 10 0.029492678 
879 447 9 11 0.029414158 
760 550 9 12 0.029385297 
861 437 9 12 0.029245108 
808 437 8 10 0.029144172 
773 551 11 14 0.029037848 
838 558 11 15 0.029032283 
786 549 8 13 0.02888599 
669 445 7 10 0.028688379 
774 454 8 10 0.02843756 
902 423 8 12 0.028399237 
993 448 10 13 0.028365547 
928 599 13 16 0.028336441 
672 468 10 14 0.028269347 
768 401 7 9 0.028248752 
919 400 8 11 0.028220255 
999 434 8 9 0.028179608 
736 498 10 13 0.02808136 
744 428 8 11 0.02802952 
761 401 8 9 0.028017784 
805 575 13 16 0.027984139 
1004 596 12 14 0.027822226 
809 499 9 12 0.027819715 
697 384 8 9 0.027819524 
705 406 8 10 0.027757661 
709 392 9 11 0.027729673 
1014 501 8 13 0.027671471 
606 456 9 11 0.027651988 
953 271 8 10 0.027609251 
886 492 9 12 0.027488265 
821 603 11 13 0.027450541 
654 450 10 13 0.02729441 
912 424 9 11 0.027254408 
799 368 8 10 0.027222363 
973 503 12 15 0.027220182 
569 313 7 9 0.02712961 
972 603 10 12 0.02701874 
726 405 8 11 0.026889319 
649 453 9 12 0.026808044 
887 522 10 13 0.02680129 
789 402 8 10 0.026770849 
887 573 10 16 0.026456315 
921 471 8 10 0.026357874 
728 377 7 8 0.026348796 
897 590 13 16 0.026288187 
772 527 10 12 0.026184013 
817 424 8 12 0.026108777 
960 310 7 10 0.02609611 
770 384 7 9 0.026068663 
842 401 7 9 0.026043227 
664 367 7 11 0.02591126 
996 475 12 15 0.025900476 
807 324 7 9 0.02588447 
625 434 9 10 0.025812028 
551 332 8 11 0.025637139 
927 560 12 14 0.025462609 
857 398 8 10 0.025323967 
895 455 8 11 0.025278933 
958 424 8 10 0.025208775 
677 469 9 12 0.025162261 
759 556 10 12 0.025146613 
720 484 9 12 0.0251119 
903 532 9 14 0.025083352 
991 482 11 16 0.02508313 
641 414 8 10 0.024975715 
974 350 9 10 0.0249749 
613 461 10 13 0.024924777 
710 590 29 33 0.024753274 
777 367 8 10 0.02469045 
628 478 12 13 0.02465515 
717 324 9 11 0.024608733 
736 465 8 10 0.024586018 
763 509 10 13 0.024504833 
866 391 8 10 0.024431989 
974 599 11 13 0.02430769 
846 588 9 11 0.0243018 
817 562 167 215 0.024279067 
670 503 9 11 0.024276312 
706 392 8 10 0.024215722 
751 477 8 10 0.024185983 
672 398 8 11 0.023955924 
703 456 8 9 0.02390301 
992 437 8 9 0.023825979 
952 425 8 9 0.023825346 
964 376 9 11 0.02373696 
1015 319 7 10 0.02371474 
650 447 9 12 0.023678126 
1007 492 11 15 0.023662066 
709 588 13 15 0.023586234 
882 421 9 11 0.023492252 
791 433 8 9 0.023386162 
927 439 7 10 0.023358217 
663 461 10 12 0.023333501 
614 452 9 10 0.0231385 
857 408 7 10 0.022936951 
680 516 10 14 0.022871194 
638 399 8 9 0.02282649 
751 361 7 9 0.022786047 
655 462 10 13 0.022764964 
976 343 8 10 0.022662355 
1014 508 9 14 0.022581086 
887 389 8 11 0.022554366 
587 480 13 17 0.022468403 
610 525 34 43 0.022412065 
822 344 7 10 0.022402456 
864 409 8 10 0.022397902 
529 310 7 9 0.022387125 
411 361 7 10 0.022375388 
857 376 8 10 0.022350185 
864 469 8 11 0.022302376 
1014 368 8 11 0.022284104 
744 554 11 14 0.022261491 
942 361 10 12 0.022177126 
649 470 9 11 0.02211151 
785 521 8 10 0.022105196 
1014 311 7 10 0.022082698 
976 403 12 15 0.022031425 
710 537 12 16 0.022031136 
777 326 8 10 0.022025002 
726 394 8 10 0.022003938 
696 319 8 10 0.022003444 
759 450 8 9 0.021982009 
994 391 9 10 0.021970391 
996 483 13 18 0.02194423 
800 408 7 9 0.021937203 
998 359 8 10 0.021830512 
966 388 10 13 0.021794632 
815 583 11 15 0.021738304 
929 564 12 15 0.021725716 
881 492 9 11 0.021719122 
758 386 8 9 0.02167462 
757 461 9 10 0.021664007 
981 580 17 22 0.021630732 
703 384 7 8 0.021603882 
823 408 7 9 0.021601692 
846 270 8 10 0.021563616 
884 597 10 15 0.021551557 
896 531 11 15 0.021457927 
795 391 8 10 0.021419238 
705 351 8 9 0.021418717 
862 629 10 11 0.021413602 
481 361 8 9 0.021406393 
783 555 9 13 0.021372812 
813 568 9 11 0.021348653 
800 497 9 11 0.021263182 
856 343 7 10 0.02126101 
392 369 9 10 0.021231176 
774 449 8 9 0.021206465 
486 535 65 61 0.021193704 
1007 399 7 10 0.021141296 
921 525 9 11 0.021076908 
990 371 8 11 0.021050872 
755 421 7 9 0.020959847 
744 449 7 9 0.020957043 
927 495 10 13 0.020934632 
808 567 10 12 0.020934144 
622 444 9 10 0.02087401 
1013 443 9 15 0.020805335 
940 600 14 16 0.020771295 
876 584 11 14 0.020720892 
396 374 9 11 0.020698193 
662 382 9 9 0.020637108 
945 423 8 10 0.020632515 
382 350 8 10 0.020605356 
674 455 9 12 0.020595443 
725 520 11 13 0.020593518 
720 461 9 11 0.020577297 
830 548 9 12 0.020520572 
972 495 10 12 0.020507379 
639 407 8 9 0.020471934 
711 350 8 10 0.020467496 
839 336 8 10 0.020449596 
822 499 10 13 0.020443011 
911 521 9 11 0.02044225 
720 520 10 12 0.020440536 
791 544 9 13 0.020403452 
626 493 15 18 0.020342134 
577 474 24 28 0.020261055 
712 383 8 9 0.020204829 
584 542 29 36 0.02019814 
896 351 9 11 0.020153644 
858 413 7 10 0.020136897 
665 502 9 11 0.020129494 
983 527 10 13 0.020109197 
1009 519 10 14 0.020043043 
765 495 10 12 0.020012712 
