56_Voter_peoplevoting_56_459
19
741 89 38 48 0.9957824 
243 87 34 53 0.99372125 
863 89 35 45 0.9743401 
355 77 27 41 0.97033376 
967 157 22 26 0.9410755 
495 80 21 36 0.83902735 
88 44 20 35 0.36644953 
634 97 30 30 0.22950299 
123 38 25 42 0.17891186 
767 388 11 13 0.13114779 
757 372 9 11 0.12906565 
860 75 23 46 0.097964734 
817 136 14 19 0.0824535 
183 154 22 27 0.06698306 
541 115 17 19 0.061966725 
759 334 9 10 0.025412815 
545 111 15 17 0.023925003 
724 368 10 11 0.02329597 
876 186 41 39 0.020616507 
