56_Voter_peoplevoting_56_620
49
128 198 51 69 0.99871504 
288 201 35 50 0.993443 
365 198 23 34 0.99155396 
813 146 43 58 0.982818 
528 221 13 16 0.49736732 
346 246 22 27 0.32687065 
543 212 13 18 0.2801103 
495 210 14 17 0.27887693 
251 250 15 19 0.25220412 
500 230 17 21 0.2057337 
443 239 14 21 0.18823184 
453 230 8 11 0.15855378 
434 240 21 30 0.118524544 
450 239 12 20 0.07427985 
478 235 13 19 0.07264746 
354 242 24 28 0.055552047 
341 244 18 24 0.048051134 
499 221 17 18 0.046049252 
533 216 11 13 0.039492812 
244 243 16 24 0.038439587 
519 221 13 18 0.03832267 
468 268 10 12 0.033104178 
553 218 13 18 0.033000536 
491 233 27 30 0.032922406 
614 234 13 16 0.03235757 
475 244 22 33 0.031960864 
462 261 10 11 0.03168136 
470 262 10 14 0.029263915 
570 235 15 19 0.029191129 
476 255 13 21 0.028838396 
482 263 15 25 0.028559176 
482 229 14 19 0.027867718 
462 270 11 13 0.026767332 
255 246 28 29 0.026017359 
511 223 19 25 0.025673738 
542 220 14 22 0.02566184 
456 259 10 13 0.025024949 
581 234 13 18 0.024927923 
546 213 19 26 0.024089333 
238 238 14 23 0.023747351 
439 188 9 11 0.023034379 
546 207 13 19 0.022430457 
471 252 11 17 0.021729033 
442 229 21 25 0.021161925 
454 273 14 16 0.020943785 
461 267 23 31 0.020940311 
474 241 10 16 0.020726172 
506 221 17 20 0.020666016 
467 280 23 35 0.020577198 
