56_Voter_peoplevoting_56_528
61
905 241 58 61 0.9982356 
517 150 35 40 0.99550146 
622 129 32 43 0.99395365 
456 186 39 44 0.99040085 
485 26 16 23 0.98652506 
420 48 15 22 0.9785711 
318 60 20 26 0.9670582 
915 73 16 22 0.96553713 
261 65 17 25 0.9572025 
179 63 18 26 0.9559564 
936 92 14 22 0.8660462 
786 126 20 23 0.8563614 
895 65 12 17 0.6869051 
526 246 49 31 0.6359554 
612 62 14 21 0.5115028 
782 41 13 21 0.5035533 
694 91 16 22 0.48794284 
845 100 16 21 0.3352607 
660 77 18 22 0.27959168 
83 67 16 27 0.25887644 
762 112 18 20 0.23755832 
998 91 16 21 0.112133406 
589 58 14 18 0.097299874 
618 60 15 23 0.096100606 
787 46 14 21 0.09212766 
833 119 17 19 0.08648028 
910 68 14 20 0.07523926 
838 104 17 20 0.075073 
596 58 14 18 0.074694455 
871 118 20 27 0.06373876 
940 50 11 15 0.05982537 
520 233 32 41 0.05801697 
395 58 15 17 0.0556715 
795 153 13 17 0.045544077 
896 67 21 26 0.04491634 
842 112 16 18 0.043797974 
775 38 14 18 0.043064505 
638 48 10 13 0.04170015 
816 130 18 21 0.040831286 
770 107 16 21 0.039223023 
365 30 12 15 0.03563479 
391 53 14 18 0.03374089 
456 28 11 16 0.03311815 
583 53 11 18 0.032065477 
625 61 16 23 0.031748895 
760 45 10 14 0.030454807 
794 51 15 19 0.030337164 
603 53 14 19 0.026431397 
772 74 14 18 0.026216062 
675 25 14 21 0.026067894 
310 59 15 19 0.025843624 
996 101 17 20 0.025027206 
776 113 18 24 0.024294063 
672 35 11 16 0.024194084 
400 14 9 12 0.023109185 
829 163 16 18 0.022986198 
908 61 13 18 0.022916015 
631 53 11 16 0.022638517 
852 95 13 18 0.021608543 
244 68 13 20 0.020901017 
667 71 15 19 0.020059813 
