56_Voter_peoplevoting_56_874
189
665 251 28 33 0.9970366 
968 251 52 70 0.9963098 
137 353 27 30 0.99177414 
594 329 33 38 0.9896346 
90 340 24 28 0.989389 
13 299 17 21 0.9878413 
677 447 88 145 0.9819411 
566 297 24 28 0.98047024 
66 282 14 18 0.97456133 
368 254 11 14 0.96197605 
359 281 13 16 0.9614563 
242 395 36 47 0.9551729 
154 391 24 35 0.95470595 
192 257 12 17 0.9537155 
38 338 18 23 0.9508719 
510 275 22 26 0.93013203 
112 299 11 14 0.9170232 
776 295 43 63 0.9135591 
486 369 63 81 0.8977562 
405 271 13 17 0.8891854 
155 278 12 15 0.8873877 
455 290 18 21 0.84838325 
335 256 12 16 0.83879304 
406 238 11 13 0.7509708 
532 312 18 21 0.7446381 
332 231 9 12 0.58879703 
964 228 34 41 0.532759 
397 224 9 11 0.51226234 
158 425 32 39 0.509161 
464 227 9 12 0.4920896 
136 286 12 15 0.47871014 
382 340 35 53 0.4580658 
414 250 9 13 0.3808765 
396 256 11 14 0.37679723 
271 248 9 10 0.3589322 
300 255 10 12 0.34318408 
761 72 15 19 0.3200086 
494 215 8 11 0.30692962 
496 367 40 50 0.29762673 
455 243 10 12 0.2968429 
271 277 16 18 0.28845853 
271 253 10 12 0.27086553 
279 254 9 13 0.23394372 
424 251 9 13 0.23228303 
454 371 90 123 0.22952534 
319 370 29 47 0.21980517 
726 104 22 28 0.21387202 
511 218 10 14 0.20753312 
237 254 11 13 0.19185098 
288 271 12 18 0.18303312 
517 213 12 15 0.18154877 
455 256 14 16 0.14930247 
466 205 8 11 0.14077975 
546 314 15 21 0.1372048 
4 277 17 19 0.12735534 
244 237 10 13 0.12707965 
260 271 10 14 0.12032278 
504 227 10 12 0.116366446 
320 254 9 12 0.09933839 
169 304 15 19 0.09712018 
980 413 43 92 0.095160425 
220 259 12 15 0.09429237 
787 75 15 21 0.094253376 
240 260 10 13 0.08128555 
350 223 9 10 0.07913758 
295 244 9 11 0.075313665 
581 205 8 11 0.07390382 
376 230 9 10 0.071659274 
633 194 8 10 0.0711753 
485 239 12 14 0.06918065 
659 334 43 54 0.06908476 
127 291 8 13 0.06575794 
537 198 8 11 0.06281199 
237 269 13 18 0.06267692 
162 353 17 22 0.06029739 
430 230 8 11 0.05894018 
439 277 11 15 0.057995196 
313 269 9 12 0.0569397 
770 102 18 21 0.054683924 
309 279 10 14 0.05415929 
297 258 10 13 0.052297745 
342 246 11 12 0.048882823 
399 349 42 65 0.046158828 
597 212 11 14 0.045511957 
115 294 12 16 0.045136794 
455 214 9 11 0.044018395 
255 384 31 47 0.043746956 
318 238 9 11 0.04369141 
593 443 190 222 0.043310486 
276 272 13 18 0.04319509 
5 285 19 24 0.04305004 
272 258 11 13 0.042324208 
359 231 8 10 0.040849056 
431 276 9 13 0.040472426 
566 200 10 11 0.040325057 
430 222 9 10 0.039678432 
519 207 12 15 0.039640963 
314 264 9 12 0.0394701 
311 384 29 41 0.038961798 
594 206 10 12 0.038056526 
391 273 11 16 0.037922002 
157 345 18 25 0.037635826 
448 220 9 12 0.037622634 
746 300 50 63 0.03739406 
173 259 10 12 0.03690888 
908 427 18 20 0.036671385 
317 260 9 13 0.03610463 
301 248 9 10 0.03592878 
158 286 12 17 0.03572102 
552 200 8 10 0.035372585 
391 238 9 11 0.035288144 
242 274 13 17 0.035131577 
392 244 9 11 0.034920737 
118 286 12 16 0.03419362 
276 247 10 11 0.033690017 
472 215 9 11 0.03351925 
394 228 9 11 0.032941245 
444 283 12 18 0.032547817 
738 108 15 18 0.03245368 
431 216 9 11 0.032136638 
565 204 9 12 0.03159578 
527 197 10 14 0.031219833 
480 221 9 12 0.030890297 
422 215 10 11 0.030767271 
524 204 12 15 0.03003752 
489 221 8 10 0.029976772 
416 355 47 69 0.029732639 
273 287 15 17 0.029448992 
481 230 9 11 0.029350284 
448 230 9 12 0.029192274 
534 373 50 67 0.029130258 
217 254 10 14 0.028974088 
56 361 19 22 0.02896197 
469 223 8 11 0.028922323 
380 255 11 13 0.028508287 
501 245 13 17 0.028229391 
314 239 8 10 0.02805792 
164 290 12 15 0.028006196 
352 229 8 10 0.027936706 
399 245 9 12 0.027720671 
462 212 9 11 0.02719797 
625 180 8 10 0.02681236 
952 429 63 89 0.026590776 
345 222 9 11 0.026493348 
243 255 10 12 0.026301814 
521 198 9 12 0.026005635 
151 404 29 37 0.02590885 
667 188 13 15 0.025822809 
321 247 9 11 0.025657937 
409 206 7 9 0.025442902 
734 313 31 47 0.025159432 
449 216 9 11 0.025129253 
750 68 25 29 0.024937995 
424 204 9 11 0.02484464 
360 237 8 11 0.024793167 
385 245 8 12 0.024741337 
540 199 9 11 0.02468119 
450 365 62 80 0.024623848 
238 246 12 14 0.024479045 
351 217 9 10 0.024420649 
184 272 10 12 0.02428196 
425 200 8 10 0.024185453 
552 338 19 20 0.024144897 
469 201 8 10 0.023982095 
361 349 48 60 0.023375342 
446 260 10 14 0.023155887 
232 248 9 13 0.022760758 
120 268 10 13 0.022706814 
381 231 8 11 0.02267565 
100 312 12 16 0.022546213 
290 240 9 11 0.022527894 
152 223 10 12 0.022491727 
285 261 11 14 0.02214729 
375 225 9 10 0.022032533 
512 208 9 12 0.021930184 
582 201 9 11 0.021805843 
424 222 9 11 0.02162659 
289 245 8 11 0.021598216 
349 246 9 12 0.021577097 
223 247 10 12 0.021301836 
449 237 10 12 0.021210972 
427 248 9 12 0.021085486 
404 260 12 16 0.02100415 
536 191 8 11 0.020749126 
506 213 8 12 0.020667976 
375 238 9 11 0.020653501 
375 214 9 10 0.02027568 
256 239 9 12 0.020177288 
541 205 9 11 0.020158125 
