56_Voter_peoplevoting_56_350
704
39 363 34 50 0.987275 
206 93 9 11 0.96987534 
3 325 38 46 0.9430916 
564 168 9 12 0.8952611 
829 266 12 15 0.8805118 
526 181 9 12 0.87476736 
540 190 10 12 0.8470269 
437 151 8 10 0.8450487 
521 317 15 23 0.8260484 
257 107 9 12 0.81466067 
747 236 10 13 0.79741436 
199 76 10 13 0.7715425 
742 208 11 14 0.76849633 
333 117 8 11 0.76738614 
859 260 11 14 0.76038337 
925 245 9 10 0.7599103 
13 38 8 11 0.74903625 
466 150 9 13 0.7458296 
514 158 9 12 0.7171285 
502 356 23 35 0.6952768 
526 161 8 10 0.68186647 
562 189 9 12 0.6788954 
304 106 9 12 0.66921246 
645 346 16 26 0.64295197 
900 244 12 15 0.63945776 
799 234 12 16 0.6174638 
724 203 10 13 0.6036374 
749 352 19 25 0.55702186 
433 128 8 11 0.5493189 
463 133 7 10 0.5263028 
385 117 8 10 0.51613176 
285 113 9 12 0.5091226 
581 167 9 10 0.5063705 
82 47 8 11 0.49130985 
825 306 18 21 0.48774946 
229 101 8 11 0.47946852 
997 316 15 21 0.47823173 
792 216 9 11 0.46567836 
696 224 11 13 0.46006346 
607 192 10 12 0.45732105 
370 108 9 11 0.45676622 
504 128 8 10 0.4532869 
572 322 16 25 0.435545 
393 136 9 12 0.4338182 
111 60 8 10 0.43370292 
766 205 8 10 0.3981561 
605 167 9 11 0.38577408 
351 133 10 12 0.3833448 
729 190 9 11 0.37886542 
672 212 9 13 0.37490836 
732 221 10 12 0.36551288 
498 156 7 10 0.35929507 
823 239 10 12 0.35389063 
181 72 8 10 0.3456062 
668 184 9 11 0.34407523 
646 205 9 12 0.34135216 
390 384 20 29 0.3329613 
375 147 10 12 0.33226204 
630 180 10 12 0.31040806 
345 399 21 39 0.30318627 
632 196 8 11 0.30039835 
556 142 8 10 0.29801488 
142 60 9 12 0.2818541 
544 167 9 12 0.27580443 
609 158 8 10 0.27361256 
737 354 18 21 0.27028874 
792 235 13 15 0.26138356 
350 128 9 12 0.2508835 
34 45 8 11 0.24863568 
680 204 8 11 0.24839583 
657 166 7 9 0.24390262 
529 134 8 10 0.2368582 
309 108 9 11 0.23404917 
137 68 8 10 0.23189878 
882 263 17 20 0.22811282 
830 237 11 12 0.21990535 
777 208 8 10 0.21523437 
403 124 7 11 0.21431462 
280 103 8 10 0.2117491 
863 307 12 14 0.2097629 
480 120 8 9 0.20755188 
355 111 7 10 0.20585233 
230 395 26 48 0.20578171 
592 182 9 11 0.20150243 
660 371 27 27 0.19929564 
367 134 8 10 0.19097005 
306 85 8 11 0.189785 
54 44 8 10 0.18624228 
133 46 8 10 0.18372414 
252 122 10 13 0.18364215 
646 190 9 11 0.18320367 
31 39 8 11 0.18304045 
642 157 7 10 0.18215916 
837 245 11 14 0.18008292 
408 143 9 12 0.17609887 
221 88 9 11 0.17558083 
513 143 8 10 0.17521623 
359 102 7 10 0.16514245 
797 242 13 15 0.16510655 
773 235 11 13 0.16392104 
354 103 7 9 0.16314372 
345 127 9 11 0.16260064 
705 192 9 11 0.16108398 
264 70 8 9 0.157568 
672 207 9 12 0.15586776 
718 358 15 24 0.15506484 
365 168 9 12 0.15357547 
327 94 7 10 0.15356937 
837 239 12 13 0.14844328 
527 144 8 10 0.14495435 
405 121 8 10 0.14455862 
577 174 8 11 0.14331861 
293 86 8 11 0.14261998 
241 72 9 11 0.14201511 
322 94 8 9 0.14080323 
549 173 8 11 0.1401409 
512 163 8 11 0.13922106 
543 160 9 11 0.13873419 
642 191 9 11 0.13803232 
193 86 8 11 0.12975436 
958 309 9 11 0.1284631 
790 346 15 21 0.12510839 
599 180 8 11 0.12199674 
765 287 12 16 0.120176375 
407 165 8 10 0.12010158 
901 271 16 20 0.11738151 
909 314 16 20 0.11709863 
197 82 10 13 0.116893865 
780 301 14 18 0.116317354 
407 148 8 11 0.11586472 
601 174 8 11 0.11551531 
281 80 7 10 0.11532997 
847 238 8 10 0.11530796 
776 229 10 14 0.114342004 
319 155 10 13 0.113379955 
449 127 8 11 0.11232252 
419 108 11 13 0.111228175 
119 55 8 11 0.1098611 
958 303 9 11 0.109495655 
647 198 9 11 0.109320514 
74 64 8 11 0.10659528 
472 133 8 11 0.10428468 
465 144 9 11 0.104277715 
999 311 11 14 0.10425241 
511 187 8 11 0.10245359 
25 36 9 12 0.100788355 
549 167 9 11 0.099114865 
640 197 9 11 0.0978893 
478 158 8 10 0.09748158 
177 76 9 11 0.09705542 
594 158 8 9 0.09528316 
646 185 8 10 0.094016224 
309 86 9 10 0.093634225 
583 161 7 9 0.09314539 
818 236 9 13 0.09111845 
224 95 8 11 0.090798415 
87 54 8 10 0.09014282 
225 42 7 8 0.08989516 
80 41 8 11 0.08920853 
474 128 7 9 0.08772562 
757 222 10 12 0.087390974 
1006 310 9 12 0.086768895 
901 310 14 20 0.08630325 
858 232 9 11 0.08578894 
478 126 8 10 0.08574826 
357 133 8 11 0.08515058 
218 87 8 11 0.08472799 
513 152 9 10 0.084674515 
885 244 12 15 0.08451801 
183 85 8 11 0.084442645 
735 214 10 13 0.08414197 
836 298 13 15 0.08391354 
494 184 9 12 0.08340672 
129 21 8 10 0.08289065 
160 56 8 9 0.079737775 
871 238 10 12 0.07939423 
657 162 7 9 0.078823715 
655 198 8 10 0.07863204 
135 21 8 9 0.07859806 
88 67 8 10 0.07767616 
915 309 15 19 0.07736755 
432 165 8 11 0.07655024 
436 127 8 11 0.07609875 
550 222 14 19 0.075366646 
490 128 7 9 0.07455133 
62 54 8 10 0.07448346 
488 134 7 9 0.073278345 
174 93 9 11 0.073256016 
73 40 7 10 0.07285789 
414 165 9 10 0.072850645 
593 133 7 9 0.07227075 
81 52 8 10 0.072259896 
551 161 8 10 0.0719445 
487 119 8 9 0.07168752 
161 47 7 9 0.071263984 
573 202 13 15 0.069869235 
265 86 7 9 0.06973313 
434 113 7 9 0.06967957 
908 250 12 15 0.06877859 
482 142 8 11 0.06836531 
991 308 11 13 0.06736464 
178 32 8 9 0.06695033 
359 81 7 9 0.066783346 
95 54 8 9 0.06670491 
711 165 8 11 0.0666452 
954 304 9 11 0.066256 
912 320 16 19 0.06531153 
345 102 7 10 0.064894125 
310 124 8 11 0.06474484 
566 185 9 12 0.06431397 
335 103 8 9 0.06418135 
359 118 8 10 0.06409188 
168 93 8 11 0.06354418 
710 204 11 13 0.06346649 
529 315 13 22 0.0633319 
953 308 9 12 0.06302429 
638 314 12 15 0.06272597 
144 81 8 10 0.062191963 
487 152 8 11 0.06198674 
856 236 9 11 0.06192046 
520 145 7 9 0.06153712 
261 104 8 12 0.061253045 
2 54 8 10 0.061209634 
464 175 9 11 0.060749903 
920 259 11 15 0.060623877 
633 159 7 9 0.06035557 
223 55 7 10 0.060114216 
689 160 8 9 0.06009609 
697 167 7 9 0.059984937 
704 167 7 10 0.059853088 
233 56 7 9 0.059700027 
182 63 8 9 0.05881915 
0 28 8 11 0.05872158 
389 118 8 10 0.058105826 
338 71 7 9 0.058031082 
779 337 14 17 0.057981707 
518 151 9 10 0.05743969 
329 101 8 10 0.057359036 
824 315 23 25 0.057308216 
796 284 14 16 0.057216372 
473 182 8 11 0.057052154 
529 112 7 9 0.05704472 
288 80 8 10 0.056737777 
153 31 8 10 0.056400113 
207 61 8 9 0.056173384 
311 119 8 11 0.055514425 
128 64 8 10 0.055296753 
671 175 8 9 0.054969527 
209 40 7 8 0.054811787 
335 89 8 10 0.054622173 
696 184 7 9 0.05447214 
426 128 7 10 0.05444422 
831 251 12 14 0.054147128 
759 288 13 17 0.053864636 
63 32 8 10 0.05370434 
599 220 13 20 0.053700704 
110 41 8 10 0.05333523 
479 134 8 11 0.053169306 
151 62 8 11 0.052216448 
729 215 10 13 0.052202586 
782 223 9 12 0.052042507 
192 37 8 10 0.051976252 
335 94 7 10 0.051852807 
137 54 9 12 0.05168946 
76 67 9 11 0.051632147 
662 167 7 9 0.05151572 
24 31 9 12 0.05146123 
726 168 8 10 0.051261246 
375 128 8 10 0.051087584 
391 94 7 9 0.050829258 
215 92 8 11 0.050811578 
386 94 7 9 0.05069265 
781 207 8 11 0.0506311 
359 70 8 9 0.05054458 
648 212 9 12 0.050304703 
63 37 8 11 0.050085165 
273 79 8 10 0.049990013 
424 200 8 10 0.049782515 
920 314 15 17 0.049690586 
530 130 7 9 0.049087767 
471 155 9 12 0.04905163 
450 120 7 9 0.04901873 
184 31 7 10 0.04891977 
250 121 8 10 0.048428815 
353 85 7 9 0.04834875 
392 88 7 9 0.04829062 
427 133 7 10 0.04826781 
273 85 8 10 0.048229404 
712 215 9 12 0.047880594 
472 174 8 11 0.04786449 
416 104 10 13 0.04770991 
614 128 8 10 0.047437575 
988 318 18 21 0.047299515 
672 201 9 12 0.047275137 
903 261 13 18 0.04724574 
878 242 13 16 0.04723287 
96 81 8 11 0.04717286 
134 18 7 9 0.046991527 
897 249 10 14 0.046939835 
911 303 11 15 0.046782777 
590 188 9 11 0.0467577 
702 213 9 12 0.04668722 
279 97 9 11 0.046596985 
247 94 8 11 0.046584688 
615 181 8 10 0.046507113 
506 123 6 8 0.046483852 
862 237 9 11 0.046104413 
519 127 7 9 0.045950465 
685 367 15 21 0.04591528 
853 291 12 14 0.04566553 
289 96 7 10 0.04547828 
511 173 8 12 0.045391 
937 301 9 12 0.04539085 
438 113 8 10 0.045301657 
772 290 13 16 0.04518703 
797 248 11 14 0.04518494 
803 241 11 16 0.04505781 
328 89 8 9 0.045028325 
942 303 8 11 0.044843305 
457 157 8 10 0.04465238 
175 87 9 11 0.04442956 
439 191 9 11 0.044408098 
135 91 15 19 0.04440449 
633 167 8 10 0.04438092 
708 197 11 13 0.04435954 
354 117 8 11 0.04434486 
418 126 7 10 0.044081982 
158 30 7 9 0.044010684 
844 283 14 16 0.043997135 
896 240 12 15 0.04368345 
610 194 10 13 0.043619495 
370 80 7 9 0.043591373 
829 299 21 24 0.04345288 
150 38 7 9 0.043303736 
455 119 8 9 0.043292567 
219 46 6 9 0.043094262 
55 9 7 9 0.043065015 
199 38 7 10 0.042922553 
359 127 8 11 0.0425532 
64 71 9 11 0.042179365 
271 72 8 10 0.042114627 
169 88 9 11 0.04197417 
391 105 8 9 0.04179448 
520 206 9 12 0.041600034 
321 89 7 10 0.041482486 
373 106 8 10 0.041449316 
684 203 10 12 0.04130823 
747 212 10 13 0.041297626 
502 153 8 10 0.04103155 
814 231 11 13 0.040913396 
346 132 10 13 0.04070438 
536 159 8 11 0.0405885 
457 128 7 10 0.04052064 
789 309 13 17 0.040482674 
627 197 8 11 0.040421296 
317 109 8 12 0.040380616 
385 105 7 9 0.04026772 
120 78 8 11 0.04008443 
200 49 7 8 0.040017415 
575 118 7 9 0.039969265 
245 76 8 10 0.039700948 
107 57 8 10 0.039511845 
552 197 9 11 0.039377354 
404 498 26 29 0.039268594 
515 111 7 9 0.039235 
415 118 9 11 0.039185528 
512 136 7 10 0.039175216 
776 222 11 14 0.039038006 
855 308 14 15 0.038995378 
653 356 23 29 0.038853996 
842 299 13 14 0.03883414 
780 295 12 15 0.038772795 
200 55 8 9 0.038750578 
273 125 8 10 0.038742445 
214 110 9 12 0.038518533 
402 87 6 8 0.038499292 
482 151 8 11 0.038397152 
834 322 17 21 0.03839488 
329 80 7 9 0.038390286 
835 312 15 20 0.03833689 
910 259 12 15 0.0383323 
845 336 13 18 0.038326744 
696 190 8 10 0.038310148 
843 292 15 16 0.0382902 
593 153 8 9 0.038249157 
277 141 15 20 0.038101584 
140 69 9 10 0.038076 
184 46 7 9 0.037993956 
837 285 15 16 0.037774097 
662 161 7 8 0.0377332 
694 333 13 15 0.03756043 
641 307 15 19 0.037442036 
564 193 10 15 0.037396617 
259 71 7 10 0.037366334 
185 39 8 10 0.037243035 
704 314 13 16 0.037169896 
767 231 9 13 0.03698191 
610 154 8 9 0.03692633 
925 249 13 18 0.03674944 
901 301 12 17 0.03667724 
230 127 11 14 0.036660478 
768 236 10 13 0.03654729 
888 259 15 19 0.036487814 
41 30 9 11 0.036471013 
673 167 7 10 0.036420565 
15 44 7 9 0.036381077 
105 45 8 11 0.036358073 
397 167 11 13 0.036317274 
478 165 8 11 0.036294833 
608 253 10 13 0.0357776 
230 107 9 12 0.035716664 
704 160 8 9 0.03561893 
287 101 8 10 0.03556276 
176 38 7 9 0.035464656 
249 62 7 9 0.035431817 
756 342 15 19 0.03527117 
264 136 10 13 0.0351918 
871 251 11 14 0.035141483 
646 158 7 9 0.03510031 
147 38 7 9 0.03490272 
654 206 9 12 0.034864515 
7 31 10 11 0.034568913 
402 96 7 9 0.034466144 
321 126 8 10 0.03441518 
438 146 8 10 0.03439821 
783 344 13 19 0.034225475 
668 363 23 25 0.034059927 
296 94 7 10 0.03399623 
520 110 7 9 0.0339841 
50 41 9 11 0.0339817 
344 97 8 9 0.03395827 
104 40 8 10 0.033884894 
386 79 7 9 0.03386374 
552 182 8 11 0.033676278 
51 9 7 9 0.033603854 
135 85 12 14 0.033539943 
15 52 8 11 0.033344705 
678 168 8 9 0.033302784 
408 180 12 14 0.033222243 
536 150 8 10 0.033165008 
538 165 8 11 0.033112407 
73 46 8 10 0.033052783 
434 119 7 9 0.033043172 
313 93 8 10 0.03272932 
602 145 8 9 0.032671757 
885 251 14 16 0.03265325 
130 40 8 9 0.032630194 
600 151 7 9 0.032478623 
344 110 7 11 0.032473512 
270 140 11 16 0.03237839 
418 94 8 9 0.032259837 
710 359 13 23 0.03211369 
607 184 9 11 0.032110605 
89 8 7 9 0.03200077 
856 302 12 13 0.03187582 
425 165 8 10 0.031854622 
152 56 8 11 0.031710643 
743 176 8 10 0.031702388 
64 48 8 11 0.03169709 
363 479 17 20 0.03169147 
774 338 13 18 0.031684157 
456 152 8 11 0.031609178 
206 57 8 9 0.031574678 
49 13 8 9 0.03148101 
204 72 9 11 0.031474054 
101 30 8 10 0.031460512 
371 87 7 9 0.031404976 
374 89 7 9 0.03128925 
0 48 8 9 0.031212708 
866 259 12 16 0.031165881 
374 80 7 8 0.031048695 
272 101 7 11 0.030996133 
585 144 7 9 0.030972665 
249 103 7 10 0.03083966 
439 166 8 11 0.030808376 
795 221 11 13 0.03071427 
748 305 16 18 0.030680908 
474 167 8 11 0.030644013 
324 157 10 13 0.030508293 
759 214 9 11 0.030495977 
568 135 8 10 0.030492878 
618 640 34 40 0.030402517 
494 359 16 23 0.03026875 
183 57 7 10 0.030176409 
328 71 7 8 0.030167878 
265 95 8 11 0.030147167 
22 23 10 11 0.029937515 
278 127 8 10 0.029905075 
740 306 15 18 0.029863654 
490 183 8 12 0.029792756 
904 321 15 19 0.029749164 
25 47 8 10 0.029620156 
581 197 10 13 0.029575314 
1011 323 13 22 0.029574906 
633 153 6 9 0.029556163 
38 41 7 10 0.029539507 
74 56 7 9 0.029516788 
922 321 14 16 0.02946558 
375 184 9 11 0.029333174 
679 175 8 9 0.029228598 
438 196 9 12 0.029156541 
508 348 15 26 0.029148335 
690 166 7 9 0.029102976 
4 25 11 11 0.029070506 
150 80 7 9 0.029021686 
167 71 7 9 0.028924651 
877 237 11 14 0.02869196 
446 132 8 10 0.028677814 
298 108 9 11 0.028636364 
214 124 10 13 0.02859322 
240 101 8 11 0.02850635 
871 243 11 14 0.02844054 
193 63 7 9 0.028300209 
96 96 8 11 0.028271038 
666 206 8 11 0.028165177 
158 61 8 10 0.028145203 
943 308 8 11 0.028036783 
675 309 11 14 0.027968656 
395 171 11 15 0.027651392 
121 9 7 9 0.027635405 
136 79 10 11 0.027584042 
328 124 9 10 0.02743708 
434 156 8 11 0.02731187 
290 63 7 10 0.027272804 
700 332 13 16 0.02710308 
9 45 7 9 0.02710076 
487 103 7 9 0.027096268 
80 8 6 8 0.027093321 
401 81 7 9 0.02703792 
88 14 7 9 0.026900457 
336 149 9 12 0.026865093 
848 233 9 11 0.02686185 
170 80 7 9 0.026805941 
97 49 8 9 0.026678959 
790 356 22 29 0.026676888 
110 46 9 10 0.026443126 
488 169 7 9 0.02628882 
550 190 9 12 0.026287101 
395 182 11 13 0.026257085 
592 176 9 11 0.026238702 
342 70 7 10 0.02612637 
897 308 12 17 0.026055519 
214 117 9 11 0.026012523 
575 181 8 11 0.025931425 
675 282 14 17 0.025924597 
233 79 7 9 0.025916904 
626 159 6 9 0.025694905 
711 183 7 9 0.025583263 
463 121 7 8 0.025445895 
318 63 7 9 0.02542863 
166 48 6 8 0.0254254 
271 145 13 17 0.025263546 
154 24 8 10 0.025129342 
585 191 8 10 0.025095008 
530 118 7 9 0.025059644 
392 79 7 9 0.025048947 
758 226 10 14 0.02503113 
775 306 16 18 0.024987193 
639 166 8 9 0.024918092 
386 89 7 9 0.024917305 
665 326 15 18 0.024840135 
781 212 8 11 0.024830088 
130 68 8 10 0.02480794 
149 85 8 11 0.024719087 
895 300 12 14 0.024641328 
553 126 7 9 0.024639249 
703 207 11 13 0.024599057 
477 202 12 16 0.024590136 
72 77 9 13 0.024583325 
831 293 14 17 0.024567444 
506 175 8 11 0.024550537 
504 182 9 12 0.024453387 
696 207 9 11 0.024405293 
710 174 8 9 0.024377951 
766 338 13 19 0.024286699 
384 127 8 10 0.024241412 
401 113 8 10 0.024224475 
598 158 8 9 0.024218606 
209 116 9 11 0.024214663 
98 37 9 12 0.024174208 
217 41 6 9 0.024154212 
998 304 9 12 0.024110943 
488 175 8 9 0.024107048 
326 142 9 12 0.024074916 
981 321 15 19 0.024030257 
687 369 22 28 0.023913775 
537 193 10 13 0.023871968 
246 89 8 10 0.023841308 
689 184 7 10 0.023790553 
354 81 8 9 0.02377525 
603 197 9 12 0.023763077 
49 93 9 12 0.023712965 
249 56 7 9 0.023687273 
320 143 11 14 0.02361764 
733 196 9 11 0.02358475 
579 203 12 14 0.023568714 
679 183 8 11 0.023551546 
751 300 15 17 0.023459839 
438 132 9 11 0.023449779 
521 175 9 12 0.0234468 
710 219 10 13 0.023384428 
196 70 7 11 0.02336847 
40 62 8 10 0.023365293 
984 310 10 12 0.023330033 
376 94 7 9 0.023322023 
829 240 19 23 0.023301434 
94 69 7 10 0.023269173 
5 60 9 12 0.023243872 
127 86 9 11 0.023139447 
255 149 10 12 0.023116104 
590 246 11 15 0.023072094 
648 177 7 9 0.023019087 
152 46 7 9 0.022985956 
413 189 10 13 0.02298441 
496 120 6 8 0.022937741 
430 199 9 11 0.022884423 
361 171 9 12 0.022881342 
878 256 41 44 0.022862395 
654 192 8 10 0.022725465 
537 174 8 10 0.022725277 
695 199 8 10 0.022716668 
183 127 9 11 0.022712143 
166 55 7 9 0.022698011 
72 84 9 12 0.022631994 
403 388 23 28 0.022566613 
543 144 8 10 0.022561172 
469 215 9 11 0.022500766 
90 22 8 10 0.022490798 
342 150 9 12 0.022489617 
62 13 8 9 0.022439742 
464 180 9 11 0.022400334 
512 126 7 10 0.022382438 
417 198 8 10 0.022349164 
164 101 11 13 0.02231432 
585 182 8 11 0.022240868 
233 132 13 16 0.02221584 
279 132 12 16 0.02221382 
478 176 8 10 0.022208089 
239 95 9 10 0.022202782 
233 47 7 9 0.022137685 
655 173 8 10 0.022114221 
654 213 8 11 0.022080626 
521 96 6 9 0.022059595 
47 87 9 12 0.021992745 
126 54 8 10 0.021979107 
497 127 7 10 0.021965785 
119 72 7 10 0.021948326 
241 65 7 9 0.021928517 
378 118 8 10 0.021908445 
704 174 8 10 0.021862542 
194 56 7 9 0.021829382 
858 396 29 28 0.02182677 
92 441 30 47 0.021793712 
958 298 9 11 0.021703864 
24 53 8 10 0.021644454 
209 46 7 8 0.02160995 
977 311 8 11 0.021608373 
558 148 9 10 0.021587376 
534 119 7 9 0.021552699 
6 71 9 11 0.021546787 
151 108 10 12 0.02152899 
478 190 10 13 0.021502007 
599 134 7 9 0.021439418 
542 151 7 9 0.021385767 
682 355 16 23 0.021361679 
678 269 11 14 0.021348318 
236 126 10 13 0.021340124 
46 63 8 10 0.021304168 
127 80 8 11 0.021251358 
845 307 12 16 0.021226447 
319 103 8 11 0.021202765 
330 65 7 8 0.021165775 
717 213 9 12 0.021134024 
702 324 13 15 0.021131163 
153 70 8 10 0.021115424 
551 231 13 17 0.02097269 
142 21 8 10 0.02088406 
374 189 10 12 0.020860644 
178 57 7 10 0.02079121 
831 332 24 25 0.02075592 
360 65 7 9 0.020707563 
294 81 8 10 0.02070092 
561 125 7 9 0.020667568 
215 101 8 11 0.020640919 
506 166 8 10 0.020609157 
700 364 16 21 0.020570036 
223 125 10 13 0.020557513 
821 223 11 12 0.020548657 
417 89 7 9 0.020478537 
1 71 9 12 0.020465564 
826 327 21 20 0.020460695 
391 128 8 9 0.020436743 
178 26 7 8 0.020418752 
469 223 9 11 0.020372387 
554 137 7 10 0.020364307 
694 327 12 13 0.020360943 
80 2 7 8 0.020287735 
6 7 7 8 0.020192692 
483 104 7 9 0.020183379 
512 120 7 9 0.020102173 
341 118 8 11 0.020096267 
560 121 7 8 0.020094208 
200 63 7 9 0.02006976 
352 98 7 9 0.020016031 
