56_Voter_peoplevoting_56_558
552
645 274 56 84 0.9991412 
398 257 46 87 0.9627904 
835 278 19 26 0.9528596 
625 414 9 11 0.86641693 
892 426 11 14 0.86097425 
597 423 9 11 0.842739 
489 420 9 11 0.7219256 
585 414 8 10 0.6301496 
649 406 10 12 0.5988562 
959 335 8 11 0.51858616 
614 412 8 11 0.44112146 
926 385 9 11 0.42846003 
912 416 9 11 0.3915848 
576 399 9 10 0.34325624 
1012 366 9 13 0.32837108 
904 351 10 11 0.30939463 
617 148 8 11 0.29209808 
943 340 9 11 0.24718854 
936 419 8 12 0.24393968 
909 350 9 11 0.23909703 
158 383 7 9 0.23622565 
952 390 7 9 0.22630964 
16 409 8 10 0.22210039 
927 414 9 11 0.20690028 
593 377 7 8 0.19850169 
887 412 8 11 0.19628526 
48 398 8 10 0.19536752 
23 360 7 9 0.191447 
954 397 8 10 0.18599339 
602 386 7 9 0.17790686 
921 401 7 10 0.1767742 
961 382 8 10 0.16238049 
941 371 9 11 0.15930884 
950 428 9 12 0.1583311 
917 372 8 11 0.15702653 
95 370 8 9 0.15347336 
739 126 7 9 0.14524934 
519 414 8 11 0.14299509 
7 370 7 9 0.14178692 
65 368 7 9 0.13787736 
184 382 9 11 0.13689694 
946 388 7 10 0.12914987 
813 109 8 10 0.12730199 
541 388 7 10 0.12687139 
636 405 8 10 0.12410552 
921 406 8 10 0.12130583 
135 393 7 9 0.11858481 
896 296 9 11 0.11843212 
80 408 7 9 0.11759411 
193 359 8 11 0.1163079 
24 377 8 10 0.11500378 
570 384 7 9 0.11496287 
984 87 7 9 0.11253128 
714 143 8 10 0.111773595 
938 369 8 10 0.103751935 
473 411 9 12 0.10116141 
849 125 7 9 0.09832746 
1005 97 8 9 0.09776168 
134 375 7 9 0.09710705 
513 384 7 9 0.09694407 
146 409 8 10 0.09652442 
111 407 7 9 0.0963779 
45 412 8 10 0.096220985 
960 377 7 10 0.0958245 
885 356 9 11 0.09582113 
294 292 9 11 0.09431025 
168 349 8 10 0.093550086 
216 373 8 9 0.092408374 
567 401 8 10 0.09179685 
609 398 8 10 0.090009294 
23 381 8 9 0.088408716 
22 364 8 10 0.08546734 
721 126 7 10 0.08457142 
994 365 8 10 0.08428788 
602 406 8 10 0.08318749 
146 373 6 9 0.083117 
640 422 8 11 0.0830847 
762 120 8 10 0.08248423 
105 352 8 10 0.081456654 
648 429 8 11 0.08099185 
618 369 8 9 0.07859843 
878 112 7 10 0.07799541 
517 384 8 9 0.07667163 
919 318 8 10 0.076387934 
954 334 8 11 0.07632708 
614 396 8 10 0.07489167 
249 328 7 9 0.074786484 
251 336 7 9 0.0747744 
904 325 7 10 0.074526496 
525 460 12 14 0.07304826 
114 367 7 10 0.0729444 
515 408 7 9 0.072441526 
169 345 8 10 0.071816586 
80 360 7 9 0.0717581 
209 345 8 9 0.0714534 
567 406 8 9 0.071361154 
753 127 7 9 0.07056191 
34 369 7 9 0.07049447 
41 374 7 10 0.070029065 
104 357 8 10 0.06905301 
562 374 7 9 0.06897996 
779 120 7 10 0.06868427 
165 399 7 9 0.066801965 
857 120 7 9 0.0660779 
82 366 7 9 0.06534435 
970 78 8 10 0.06514012 
608 391 7 9 0.06501859 
485 392 8 10 0.06498858 
559 423 7 9 0.064318314 
902 321 8 10 0.06376874 
951 386 7 9 0.06315811 
766 127 7 9 0.062146444 
48 377 7 9 0.062037278 
625 351 7 9 0.061869066 
153 397 8 10 0.061730582 
902 355 11 13 0.061727133 
106 390 7 10 0.061700363 
58 383 7 9 0.061456405 
513 128 8 10 0.061346 
767 135 7 9 0.061315294 
543 127 7 10 0.061136752 
938 341 8 11 0.060869362 
277 136 10 13 0.060122043 
638 151 8 10 0.060031958 
135 398 7 9 0.060021136 
58 367 7 9 0.05917515 
539 127 7 10 0.05835883 
873 119 7 9 0.058183897 
503 415 8 9 0.058085635 
616 351 7 8 0.05790678 
478 408 8 11 0.05771297 
775 110 7 9 0.057270385 
919 413 8 11 0.05705341 
984 383 8 11 0.056853663 
950 327 8 10 0.05681349 
1 389 7 10 0.056673788 
40 360 7 9 0.05583267 
235 375 8 10 0.05545274 
80 352 7 9 0.055409353 
794 120 7 9 0.05476721 
38 368 7 10 0.05471603 
150 109 31 41 0.05465789 
514 414 8 11 0.054412343 
408 137 7 8 0.05419131 
521 401 6 8 0.05391618 
888 408 10 12 0.053792927 
608 172 9 12 0.05325819 
8 391 6 8 0.053185396 
242 353 7 9 0.053013194 
938 103 8 11 0.052999556 
963 101 7 9 0.05285347 
780 332 12 15 0.052694336 
945 68 9 11 0.05267074 
582 365 7 9 0.052527096 
786 142 7 10 0.052473843 
606 406 8 10 0.052092988 
705 120 7 9 0.05130354 
954 374 7 10 0.050850455 
127 359 7 10 0.050189175 
882 438 9 11 0.050063107 
888 103 7 10 0.049907465 
32 373 7 10 0.049661934 
770 151 8 10 0.049456872 
595 133 8 10 0.04939331 
184 389 8 10 0.049215645 
568 149 8 10 0.049149934 
840 78 7 9 0.049012903 
696 137 7 9 0.048977055 
779 125 7 9 0.04883815 
975 376 8 10 0.048801992 
886 381 9 12 0.04854168 
481 369 7 8 0.048088115 
946 326 8 10 0.04803914 
623 397 8 9 0.048035238 
529 424 8 10 0.047710825 
592 381 7 10 0.04770585 
578 367 7 9 0.047056038 
797 127 8 9 0.046900347 
482 397 9 11 0.046635114 
703 126 8 10 0.046594534 
106 385 7 9 0.04645237 
66 373 7 10 0.04636472 
626 134 9 11 0.0463074 
374 136 7 9 0.045962065 
18 397 7 9 0.04589207 
967 381 8 10 0.04544609 
909 334 8 10 0.045274295 
943 301 8 11 0.044867557 
678 134 8 10 0.04461298 
520 419 9 12 0.044605654 
599 150 8 10 0.044603202 
493 417 9 11 0.044465758 
55 398 7 9 0.04416216 
584 360 7 9 0.044114474 
882 317 9 12 0.043971773 
110 390 7 9 0.043846607 
673 127 7 9 0.04369827 
160 378 7 9 0.04339281 
935 336 8 11 0.043326095 
929 358 8 10 0.043259304 
30 389 7 10 0.042731714 
1006 102 7 9 0.042713754 
216 352 7 8 0.042533245 
833 117 7 10 0.042273078 
929 65 7 9 0.042194344 
649 400 9 11 0.04155432 
569 415 7 9 0.041145165 
232 342 7 9 0.041087758 
31 385 7 9 0.04099302 
147 351 7 9 0.040979177 
834 102 7 9 0.040744193 
622 393 8 9 0.040660173 
696 142 7 9 0.04055356 
520 390 7 9 0.04043312 
392 150 7 9 0.040379092 
873 128 7 9 0.040320773 
122 336 7 10 0.03994512 
63 383 7 9 0.03976559 
121 358 7 10 0.039762612 
615 392 8 10 0.039476622 
213 398 7 9 0.039335515 
730 143 7 9 0.039230887 
215 327 8 9 0.03882384 
937 385 7 10 0.038819786 
598 417 10 12 0.038815074 
838 112 8 9 0.03866265 
131 375 7 9 0.038662333 
98 392 6 9 0.03840769 
934 125 8 10 0.03823042 
904 62 7 9 0.037949402 
1011 79 7 10 0.03776237 
126 342 6 9 0.037597705 
47 382 7 9 0.03743847 
977 112 8 10 0.037079077 
25 392 7 9 0.0370763 
110 344 8 9 0.036998685 
394 146 6 8 0.036948208 
123 352 7 9 0.03680035 
477 120 9 11 0.036769148 
985 61 7 10 0.03670947 
577 391 7 10 0.03663017 
387 151 6 8 0.036579844 
1014 291 9 17 0.036413476 
610 136 8 9 0.03630861 
197 360 8 10 0.036297955 
834 113 7 9 0.035798658 
630 129 8 9 0.035758715 
190 335 8 10 0.03552737 
969 329 7 10 0.035519082 
953 286 8 10 0.035432465 
478 422 9 11 0.03530711 
566 376 7 8 0.03524901 
992 79 8 10 0.034994107 
824 71 7 8 0.03496523 
881 336 9 12 0.034917135 
98 360 7 9 0.03484053 
885 375 9 12 0.03482175 
559 361 7 8 0.0347779 
967 58 7 8 0.034641754 
965 334 8 11 0.034264136 
840 144 7 9 0.03424882 
64 396 7 9 0.03420797 
958 115 9 12 0.034175325 
147 344 7 9 0.03414465 
159 361 7 9 0.033959985 
231 337 7 9 0.033877965 
952 281 7 9 0.03386732 
42 382 7 9 0.033838145 
495 137 7 9 0.03376737 
192 398 7 10 0.033498935 
518 128 8 10 0.03336583 
983 350 6 9 0.033313055 
883 414 9 11 0.033219747 
96 398 7 9 0.033217683 
582 157 8 11 0.033185173 
21 396 8 10 0.03305626 
712 148 8 10 0.033020675 
90 375 7 9 0.03297616 
510 150 8 11 0.032545473 
640 367 8 9 0.032415953 
663 413 10 15 0.032399997 
292 88 10 13 0.03198464 
899 299 9 13 0.031960804 
81 377 7 8 0.03177752 
88 407 7 9 0.031766664 
943 356 8 10 0.03173666 
967 406 8 11 0.03159394 
593 335 7 8 0.03155365 
185 376 8 11 0.031444646 
183 368 7 9 0.031359363 
217 359 7 9 0.031347167 
638 102 9 11 0.031319287 
602 352 7 8 0.031279188 
242 357 8 10 0.03124856 
969 376 8 11 0.03111567 
175 334 7 9 0.031084677 
623 180 13 14 0.031078339 
985 57 7 9 0.031070255 
798 119 7 9 0.03103977 
82 344 7 9 0.03102813 
721 120 8 10 0.030991701 
810 106 8 10 0.030949729 
774 105 7 10 0.030805359 
1002 117 8 11 0.030780084 
726 118 8 10 0.030726636 
159 392 7 9 0.03072249 
169 375 7 9 0.030708514 
226 366 7 9 0.030665735 
105 376 7 9 0.030596826 
945 321 8 10 0.0305579 
213 344 7 9 0.030447636 
135 369 7 9 0.03044265 
606 385 7 8 0.030292062 
563 407 6 9 0.02995606 
591 145 8 10 0.029880341 
792 154 7 8 0.02985284 
248 132 10 13 0.02983503 
57 392 7 9 0.029738333 
159 365 7 10 0.029687732 
505 391 7 9 0.029634194 
87 343 6 9 0.029599365 
520 366 6 8 0.029535394 
634 382 7 9 0.029498257 
19 360 7 9 0.029493092 
336 133 8 9 0.029388562 
800 167 9 11 0.029304776 
998 341 10 11 0.029300682 
976 381 8 10 0.029255668 
226 361 7 9 0.029245356 
192 353 7 9 0.029172154 
115 400 7 10 0.029123096 
633 401 7 9 0.029049145 
75 360 7 9 0.02902425 
109 351 8 10 0.028957373 
130 391 7 10 0.028883724 
578 349 7 9 0.028880535 
968 400 7 10 0.02884903 
950 340 9 11 0.028805055 
940 421 9 12 0.028778324 
999 362 7 9 0.028762521 
925 408 8 10 0.028759902 
890 295 8 11 0.028676515 
202 381 8 10 0.028672982 
887 389 9 10 0.02857062 
460 334 8 10 0.028515672 
89 367 7 9 0.028510759 
393 134 6 8 0.02831542 
423 113 8 9 0.028187726 
959 392 7 9 0.028165802 
785 138 8 9 0.028165475 
640 400 8 10 0.028112676 
583 152 8 10 0.028100478 
913 64 6 8 0.028083 
113 360 7 9 0.028029907 
826 135 7 9 0.027907804 
201 366 7 9 0.027894624 
152 360 7 9 0.027824393 
624 143 8 10 0.02781935 
878 303 9 11 0.027771905 
992 383 8 11 0.02776792 
554 346 6 8 0.027596336 
750 157 8 10 0.027585652 
562 369 7 8 0.02755715 
751 151 8 10 0.027504873 
725 112 9 12 0.027486175 
673 121 7 9 0.027433373 
266 327 9 10 0.027362874 
576 404 8 11 0.02736229 
863 120 6 8 0.027323175 
534 423 7 10 0.027313065 
319 127 7 9 0.027272528 
982 376 8 10 0.02721486 
935 357 8 10 0.027196646 
731 137 7 9 0.02719409 
597 129 8 10 0.027162882 
577 133 8 10 0.027157538 
192 365 7 9 0.02711067 
465 135 7 9 0.027088141 
359 136 7 9 0.027045127 
770 105 8 9 0.027029462 
893 399 9 9 0.027019186 
90 401 6 9 0.0268763 
6 386 7 9 0.026848305 
108 408 6 9 0.026825346 
978 116 8 11 0.026802918 
593 149 7 10 0.026787888 
777 94 7 9 0.026706433 
542 405 10 12 0.026611555 
86 383 7 9 0.026598297 
938 399 8 10 0.026590504 
569 389 7 9 0.026412863 
794 113 7 9 0.02635906 
902 95 7 10 0.026262216 
881 78 7 9 0.026260447 
505 150 8 10 0.026199216 
21 412 9 12 0.026121333 
232 326 8 9 0.0260671 
150 374 7 9 0.026060607 
546 150 7 9 0.026041899 
75 408 8 9 0.02602315 
185 415 7 10 0.025948768 
73 398 7 9 0.025782 
538 374 7 8 0.02576342 
951 405 8 10 0.025759915 
79 414 8 9 0.025690274 
534 144 7 9 0.025477659 
558 431 9 12 0.025450937 
962 57 7 9 0.025360227 
727 157 8 9 0.025346858 
506 422 7 10 0.025219042 
768 93 8 9 0.025188617 
654 413 9 12 0.024969019 
679 128 7 9 0.02496485 
586 382 7 9 0.024932962 
410 143 7 9 0.024929028 
967 358 8 11 0.024919622 
56 376 7 9 0.024913726 
360 126 7 10 0.02489389 
665 408 10 13 0.024762867 
43 409 7 10 0.024676736 
841 74 6 8 0.024646565 
112 424 269 257 0.024614794 
924 86 7 10 0.024606643 
921 95 8 11 0.024606358 
834 98 7 8 0.024551665 
252 126 10 15 0.024516976 
1009 65 7 9 0.024469523 
568 350 7 8 0.024373434 
55 352 7 9 0.024369046 
511 388 8 9 0.02429438 
961 310 9 12 0.024247875 
82 383 7 8 0.024189793 
20 382 6 9 0.024138793 
188 381 9 11 0.024105651 
594 392 7 9 0.024066366 
506 357 7 9 0.024005704 
984 367 8 9 0.023943108 
997 335 11 12 0.023920225 
746 318 10 14 0.023902021 
187 344 7 9 0.023898391 
561 153 8 9 0.02382495 
146 359 7 9 0.023692748 
607 351 7 9 0.023684029 
977 350 8 9 0.023640675 
227 340 7 10 0.02359141 
810 126 7 9 0.02355608 
536 134 7 9 0.023551304 
990 407 10 13 0.023529395 
398 55 9 12 0.023521516 
298 143 7 9 0.02345336 
586 146 7 8 0.0234241 
231 321 8 9 0.0234055 
472 153 7 9 0.023377253 
239 344 7 9 0.023329025 
482 375 7 9 0.023325521 
997 382 9 12 0.023315467 
752 135 7 9 0.023274386 
719 136 7 9 0.02326965 
57 361 7 8 0.023254799 
32 408 8 10 0.02315805 
583 428 8 12 0.02315544 
698 129 7 8 0.02315505 
802 143 7 10 0.02303336 
251 341 8 10 0.023016658 
952 78 7 10 0.022996712 
241 320 7 10 0.022964614 
354 136 7 9 0.022926578 
872 404 10 13 0.022900583 
537 369 7 8 0.02289734 
1014 361 8 12 0.022813892 
584 352 7 8 0.022761952 
470 89 8 9 0.022744149 
231 367 7 9 0.022655157 
879 309 9 10 0.022640541 
681 121 7 9 0.022585563 
345 127 7 10 0.022582786 
912 112 7 10 0.02257354 
126 336 7 10 0.022516998 
641 428 9 12 0.022480618 
434 143 7 9 0.022415465 
169 383 7 9 0.022408335 
951 87 7 9 0.022386482 
361 143 7 9 0.022342362 
569 129 8 9 0.022328403 
488 377 7 9 0.022312975 
647 391 8 10 0.022220315 
246 353 7 9 0.022133254 
962 412 8 12 0.02205272 
952 369 8 11 0.022051403 
507 353 7 9 0.021998115 
586 377 6 8 0.02194152 
871 97 7 10 0.021922197 
537 414 7 10 0.02189107 
711 119 8 10 0.021890398 
960 315 9 11 0.021880105 
48 358 8 9 0.021826206 
850 103 8 10 0.02177725 
810 120 7 10 0.021764144 
87 361 7 9 0.021698724 
563 400 6 9 0.021690497 
173 343 7 10 0.021586234 
639 146 8 9 0.021536162 
72 383 6 8 0.021536004 
559 158 8 10 0.021407375 
826 113 6 9 0.021385776 
771 109 7 10 0.021382753 
201 377 8 9 0.021277022 
898 325 8 10 0.021275427 
158 333 8 9 0.02126621 
465 141 7 9 0.021246763 
73 393 7 9 0.02122524 
694 149 7 9 0.021220522 
406 119 7 9 0.021173531 
728 153 7 9 0.021164656 
190 124 19 23 0.021150975 
438 0 13 13 0.021113185 
928 135 7 10 0.021109218 
643 393 7 9 0.021087557 
305 137 8 9 0.021021886 
50 353 7 9 0.021000702 
865 96 7 10 0.020989388 
928 374 8 9 0.020965405 
17 394 7 9 0.020881731 
314 126 8 9 0.020740094 
816 126 6 9 0.020704957 
44 399 7 9 0.020698128 
25 355 7 8 0.020689799 
919 300 9 11 0.020659307 
968 390 7 10 0.020595634 
751 79 7 9 0.020581039 
855 95 8 9 0.020579753 
1008 333 8 11 0.02057829 
329 133 7 10 0.020571284 
991 84 8 11 0.020531379 
550 149 7 9 0.020447446 
593 426 9 12 0.020428736 
360 152 6 8 0.020408753 
930 368 8 10 0.020372873 
1000 113 8 10 0.020364909 
962 406 8 12 0.020305984 
352 153 7 9 0.02028926 
838 149 8 10 0.020270877 
544 369 7 8 0.020197092 
577 376 7 8 0.020130837 
312 119 7 9 0.020114612 
97 423 8 9 0.020107701 
152 367 8 9 0.020074796 
153 335 7 9 0.020063236 
533 430 10 13 0.0200531 
178 367 7 9 0.020023568 
513 423 7 9 0.020016892 
336 150 7 9 0.020009022 
