56_Voter_peoplevoting_56_118
21
283 94 89 119 0.99894565 
361 17 78 94 0.99211097 
113 11 56 59 0.96368444 
566 119 55 92 0.9259542 
450 1 45 76 0.914907 
654 64 52 62 0.6322259 
951 451 67 109 0.47756276 
636 63 85 108 0.21584553 
670 100 57 79 0.1459179 
503 22 61 66 0.1074743 
811 0 63 54 0.07397194 
400 10 59 80 0.04121186 
528 111 74 112 0.03548429 
694 120 38 60 0.0352352 
401 118 57 76 0.035112087 
560 257 140 130 0.033957276 
839 3 71 59 0.032972842 
580 104 36 69 0.02442403 
108 128 44 51 0.02255913 
458 13 84 82 0.022532882 
521 14 40 49 0.020131778 
