56_Voter_peoplevoting_56_781
98
367 201 59 74 0.99285805 
651 157 24 31 0.98876333 
358 89 59 73 0.98396146 
289 114 42 58 0.9761873 
776 126 23 27 0.9715773 
678 111 23 33 0.9663167 
607 315 16 21 0.9085139 
954 138 17 20 0.8556712 
109 80 65 87 0.8495692 
432 128 26 35 0.8420647 
603 140 18 24 0.8380105 
816 136 14 18 0.71651024 
751 115 20 27 0.66828686 
832 130 12 17 0.44842386 
893 121 13 17 0.43653336 
649 128 23 26 0.39498845 
573 126 14 16 0.29370874 
644 117 21 31 0.26700655 
429 134 37 52 0.21140039 
214 147 34 40 0.17664108 
339 71 25 29 0.16129354 
878 113 22 27 0.15223202 
244 551 16 24 0.14266536 
753 144 18 19 0.12334004 
997 126 14 20 0.11426377 
492 115 30 38 0.11338182 
874 126 17 19 0.107739605 
334 76 42 61 0.09464362 
1008 93 11 14 0.08520242 
513 198 17 22 0.08316664 
845 172 15 20 0.07848191 
305 93 48 59 0.0753851 
853 112 13 18 0.07208996 
756 83 11 15 0.064009555 
23 86 34 43 0.060506295 
602 170 17 23 0.059436135 
916 177 12 15 0.055724584 
279 182 48 62 0.050592303 
325 126 24 31 0.048999947 
797 136 12 20 0.044387013 
220 131 33 36 0.043552734 
38 248 101 110 0.043371122 
522 277 16 22 0.042884983 
187 117 54 58 0.042815473 
910 111 10 13 0.04238391 
595 134 17 21 0.0416111 
277 171 37 46 0.039684325 
154 100 50 67 0.03869923 
785 133 18 24 0.038670193 
846 122 13 18 0.038031593 
455 60 14 16 0.037735242 
932 178 10 15 0.03554646 
161 548 24 32 0.034118917 
741 130 14 21 0.033747748 
898 116 13 17 0.03371865 
983 102 11 14 0.033519812 
943 75 11 14 0.03313396 
761 120 20 29 0.032884676 
834 162 12 16 0.032661866 
473 138 23 28 0.032159165 
355 82 33 49 0.0314547 
418 106 28 38 0.030848255 
660 126 20 28 0.03039388 
480 131 25 31 0.030258674 
599 230 21 28 0.028246667 
860 123 13 18 0.028188087 
427 107 16 21 0.02806035 
890 213 14 19 0.027550947 
884 126 15 18 0.02709641 
329 80 34 38 0.02680144 
608 175 17 24 0.026354205 
455 232 44 67 0.026260616 
1011 97 11 17 0.026084304 
807 132 10 15 0.025914526 
942 131 15 21 0.025880877 
72 124 49 64 0.025836589 
892 70 12 14 0.025632516 
575 150 20 28 0.024885302 
482 105 30 39 0.024707902 
981 86 9 12 0.02470703 
400 192 53 74 0.024575213 
-4 199 78 140 0.024432784 
848 223 18 22 0.023703724 
917 138 11 15 0.023566661 
850 116 18 25 0.023368958 
206 151 50 60 0.023364242 
431 80 13 17 0.023355404 
991 121 14 24 0.022867965 
175 97 55 62 0.02254262 
277 84 13 15 0.02247688 
950 85 9 11 0.02176883 
532 81 15 19 0.02163224 
614 240 12 17 0.021512441 
273 117 38 58 0.021337908 
943 94 10 12 0.021095395 
947 77 11 14 0.021025727 
813 128 13 17 0.020449784 
95 132 51 68 0.020427514 
