30_Surgeons_Surgeons_30_554
32
846 222 54 76 0.98776454 
765 221 48 59 0.9854108 
44 286 58 63 0.5931184 
0 -38 425 493 0.3147773 
324 270 34 37 0.30729318 
207 234 59 82 0.26657954 
512 240 27 35 0.20552038 
13 26 283 292 0.16367024 
491 230 54 51 0.15783381 
673 362 57 60 0.072787814 
649 431 47 52 0.070493504 
41 303 37 42 0.06935343 
951 360 44 47 0.05925436 
654 353 48 60 0.054735944 
352 315 29 29 0.054557316 
277 362 13 16 0.052715905 
299 483 17 18 0.044425096 
631 593 78 108 0.04347007 
307 477 32 34 0.041770138 
295 479 28 32 0.03917306 
138 24 282 270 0.034857135 
308 481 15 20 0.03311106 
272 363 12 15 0.032747146 
335 268 46 56 0.031267244 
507 531 41 38 0.02724953 
294 474 55 50 0.026482906 
822 215 54 81 0.026300617 
261 472 25 24 0.026138492 
480 203 87 86 0.023137348 
324 279 20 22 0.022064766 
784 218 54 67 0.020547338 
378 259 13 15 0.020016387 
