30_Surgeons_Surgeons_30_819
2755
138 -8 405 342 0.12510867 
566 -34 409 336 0.12509955 
315 0 418 331 0.12509017 
319 20 206 185 0.12506555 
227 8 218 201 0.12506399 
514 16 214 192 0.12506221 
670 -14 218 191 0.12506215 
-3 165 20 44 0.12506093 
413 18 217 187 0.1250601 
0 176 10 22 0.12505925 
132 -14 215 191 0.12505797 
5 32 70 145 0.12505132 
519 25 108 137 0.12505129 
593 27 115 137 0.12505114 
455 25 106 137 0.12505108 
406 16 113 132 0.12505104 
250 25 110 138 0.12505104 
765 45 115 149 0.125051 
410 93 96 169 0.12505099 
93 26 95 138 0.12505092 
36 39 88 141 0.12505092 
141 94 91 169 0.12505092 
140 26 97 138 0.1250509 
219 93 94 168 0.12505087 
657 35 110 143 0.12505087 
268 92 93 169 0.12505087 
311 25 111 138 0.12505086 
347 92 96 170 0.12505084 
623 80 107 161 0.12505083 
93 94 90 168 0.12505083 
577 91 103 166 0.1250508 
516 92 102 166 0.12505075 
843 44 114 150 0.12505074 
719 36 110 142 0.12505074 
458 95 95 167 0.12505072 
675 94 97 165 0.1250507 
203 26 100 137 0.12505068 
171 45 98 152 0.12505066 
47 94 88 167 0.12505065 
358 17 111 131 0.12505063 
19 99 74 160 0.12505057 
727 107 92 171 0.12505057 
800 18 109 128 0.12505043 
773 96 93 165 0.1250503 
19 9 80 122 0.1250502 
296 66 98 166 0.1250502 
487 58 95 153 0.1250501 
692 14 105 117 0.12505008 
59 13 96 120 0.12505008 
550 59 97 152 0.12505 
813 81 99 162 0.12504995 
750 13 109 120 0.1250499 
280 4 108 115 0.1250499 
882 21 104 126 0.1250499 
121 58 90 153 0.12504968 
876 81 96 162 0.12504964 
625 8 110 109 0.12504949 
910 46 99 149 0.12504947 
559 8 113 111 0.12504947 
483 6 110 113 0.12504937 
-4 119 66 153 0.12504934 
166 4 104 113 0.1250492 
-4 -13 79 109 0.12504895 
855 122 87 150 0.12504885 
176 120 86 158 0.12504882 
850 6 105 112 0.1250487 
229 6 110 99 0.12504855 
929 100 82 157 0.12504843 
661 172 42 73 0.12504822 
637 77 53 82 0.12504819 
686 108 51 83 0.12504818 
510 63 52 80 0.12504813 
526 77 51 82 0.12504813 
630 172 41 72 0.12504813 
596 171 42 73 0.12504809 
702 78 51 81 0.12504809 
116 4 106 99 0.12504809 
476 47 56 80 0.12504807 
543 92 48 83 0.12504804 
540 47 56 79 0.12504803 
685 63 53 79 0.12504801 
755 172 43 72 0.125048 
691 172 43 73 0.125048 
414 77 51 82 0.125048 
670 78 51 80 0.12504797 
654 93 51 82 0.12504797 
446 62 52 81 0.12504797 
724 172 42 71 0.1250479 
511 108 49 83 0.1250479 
532 173 42 72 0.12504788 
559 139 48 84 0.12504788 
546 155 44 81 0.12504785 
558 78 51 81 0.12504783 
607 139 49 84 0.12504783 
255 78 50 81 0.12504783 
448 138 48 85 0.12504783 
224 138 47 85 0.12504782 
797 78 53 81 0.12504782 
640 139 48 84 0.1250478 
223 77 50 82 0.12504779 
604 63 55 79 0.12504779 
238 63 51 79 0.12504779 
256 122 48 86 0.12504777 
270 63 52 79 0.12504777 
704 139 48 85 0.12504776 
623 124 49 83 0.12504776 
733 78 53 81 0.12504776 
286 77 51 82 0.12504776 
590 78 51 80 0.12504774 
786 172 45 74 0.12504774 
765 78 53 81 0.12504774 
213 173 42 74 0.12504771 
350 77 51 82 0.12504771 
750 93 50 82 0.12504771 
272 138 47 85 0.12504771 
500 173 42 72 0.12504771 
575 123 49 84 0.12504771 
383 78 50 81 0.1250477 
651 48 57 78 0.1250477 
736 139 48 84 0.1250477 
716 63 55 79 0.1250477 
770 155 46 82 0.1250477 
829 78 53 81 0.1250477 
367 93 48 82 0.12504768 
719 124 49 83 0.12504768 
318 77 51 82 0.12504768 
782 93 51 82 0.12504768 
528 123 48 84 0.12504767 
463 123 48 84 0.12504767 
245 173 41 73 0.12504767 
398 63 52 79 0.12504767 
747 49 56 76 0.12504765 
861 77 53 82 0.12504765 
494 77 51 82 0.12504765 
416 138 48 86 0.12504764 
352 138 48 86 0.12504764 
670 124 51 83 0.12504764 
866 172 45 75 0.12504764 
814 94 51 81 0.12504764 
302 62 52 80 0.12504764 
432 122 48 86 0.12504764 
143 62 49 81 0.12504764 
834 172 45 75 0.12504764 
469 173 41 72 0.12504764 
304 138 48 86 0.12504761 
95 62 49 81 0.12504761 
335 92 49 83 0.12504761 
49 139 46 83 0.12504761 
293 173 41 72 0.12504761 
893 77 53 82 0.1250476 
496 123 48 85 0.1250476 
79 92 47 83 0.1250476 
63 122 47 85 0.1250476 
463 77 50 82 0.1250476 
846 93 51 82 0.12504758 
898 171 45 76 0.12504758 
619 34 58 76 0.12504758 
191 62 50 81 0.12504758 
127 47 50 80 0.12504756 
181 173 43 76 0.12504756 
208 122 47 87 0.12504756 
384 138 48 86 0.12504756 
159 77 49 82 0.12504756 
333 48 54 78 0.12504755 
427 34 58 76 0.12504755 
192 138 47 86 0.12504755 
812 49 55 77 0.12504755 
111 77 49 83 0.12504755 
63 77 49 83 0.12504755 
207 47 50 80 0.12504755 
96 123 47 85 0.12504753 
479 92 48 83 0.12504753 
160 122 47 86 0.12504753 
480 138 48 86 0.12504753 
326 173 40 72 0.12504753 
80 139 47 84 0.12504752 
877 93 52 82 0.12504752 
337 154 46 86 0.12504752 
174 47 51 80 0.12504752 
33 122 45 85 0.1250475 
128 122 47 86 0.1250475 
798 124 51 83 0.1250475 
364 48 56 78 0.1250475 
113 138 46 86 0.12504749 
145 138 46 86 0.12504749 
32 48 48 80 0.12504749 
909 93 52 82 0.12504749 
288 122 48 86 0.12504749 
175 92 48 83 0.12504748 
831 124 49 83 0.12504746 
79 47 50 81 0.12504746 
572 49 57 77 0.12504746 
816 139 48 85 0.12504746 
320 122 48 85 0.12504746 
862 123 50 84 0.12504743 
880 138 47 86 0.12504743 
848 138 48 86 0.12504743 
779 49 56 76 0.12504742 
399 122 49 86 0.12504742 
405 173 41 72 0.1250474 
48 62 48 82 0.1250474 
930 171 45 78 0.12504739 
516 155 44 84 0.12504739 
374 173 40 74 0.12504739 
942 78 51 81 0.12504737 
845 48 53 78 0.12504737 
877 48 53 79 0.12504734 
894 123 50 84 0.12504734 
491 21 58 74 0.12504734 
221 34 54 76 0.12504734 
6 47 43 81 0.12504731 
555 21 58 74 0.12504731 
133 172 43 78 0.1250473 
239 107 49 85 0.1250473 
157 33 53 78 0.1250473 
252 34 56 76 0.1250473 
284 34 56 76 0.12504728 
110 33 51 78 0.12504728 
69 173 42 76 0.12504719 
912 138 47 87 0.12504718 
926 109 50 83 0.12504718 
63 34 49 78 0.12504718 
698 36 58 73 0.12504716 
958 94 51 82 0.12504716 
102 173 41 77 0.12504716 
892 34 56 76 0.12504707 
943 123 48 85 0.12504707 
38 174 41 76 0.12504707 
925 51 53 77 0.12504707 
860 34 55 76 0.12504706 
18 91 44 86 0.12504704 
459 20 58 74 0.12504704 
973 46 45 82 0.12504698 
1 94 36 81 0.12504698 
729 23 60 71 0.12504698 
522 21 60 73 0.12504697 
963 174 43 75 0.12504695 
348 22 57 72 0.12504695 
7 139 42 85 0.12504694 
437 173 41 72 0.12504692 
189 21 54 74 0.12504692 
1 19 38 76 0.12504691 
315 21 58 74 0.12504691 
379 21 58 73 0.12504691 
665 23 61 71 0.1250469 
47 22 50 74 0.1250468 
762 22 59 72 0.1250468 
794 23 59 71 0.12504676 
940 35 54 76 0.1250467 
19 21 46 75 0.12504669 
826 23 59 71 0.12504669 
912 1 100 102 0.12504669 
586 23 60 71 0.12504666 
235 10 58 69 0.12504663 
411 10 57 69 0.12504663 
267 10 58 70 0.12504661 
141 11 53 69 0.12504655 
94 12 51 68 0.1250465 
633 13 61 66 0.1250465 
875 12 57 68 0.12504648 
924 11 54 69 0.12504639 
973 140 42 84 0.12504625 
506 3 59 62 0.12504622 
570 3 59 62 0.12504613 
537 3 60 62 0.12504612 
172 2 55 63 0.12504609 
362 3 59 62 0.12504609 
601 4 60 61 0.12504607 
203 3 57 62 0.12504607 
429 -3 117 88 0.12504607 
62 3 51 63 0.12504604 
315 1 120 87 0.12504604 
956 11 51 69 0.125046 
474 3 59 62 0.125046 
380 -1 117 88 0.12504598 
298 4 60 61 0.12504598 
681 5 61 60 0.12504593 
329 4 61 61 0.1250459 
8 2 43 63 0.1250459 
22 154 42 86 0.12504587 
32 4 49 63 0.12504585 
746 3 59 62 0.12504582 
811 4 56 61 0.12504576 
713 5 60 60 0.12504576 
442 3 59 62 0.12504576 
779 5 57 61 0.12504573 
714 0 116 88 0.12504572 
844 3 54 63 0.1250457 
781 0 114 88 0.12504561 
987 162 40 77 0.12504558 
985 23 39 72 0.12504542 
984 98 39 76 0.12504533 
902 145 11 21 0.1250452 
984 -7 37 70 0.12504517 
702 153 11 21 0.12504499 
-1 173 37 79 0.1250448 
710 153 11 21 0.12504461 
550 153 11 21 0.12504457 
574 153 11 21 0.12504457 
454 153 11 21 0.12504448 
870 153 11 21 0.12504445 
558 153 11 21 0.12504442 
566 153 11 21 0.1250443 
910 145 11 21 0.12504427 
758 153 11 21 0.12504426 
734 153 11 21 0.12504423 
406 153 11 21 0.12504417 
662 153 11 21 0.12504412 
862 153 11 21 0.12504409 
248 1 63 48 0.12504391 
414 153 11 21 0.12504388 
392 0 62 49 0.12504387 
647 2 65 48 0.12504387 
718 153 11 21 0.12504387 
590 153 11 21 0.12504384 
122 0 59 49 0.12504382 
462 153 11 21 0.12504363 
907 0 55 49 0.12504363 
446 81 11 21 0.12504363 
454 81 11 21 0.12504363 
-6 0 43 49 0.12504363 
918 145 11 21 0.1250436 
894 137 11 21 0.12504357 
622 153 11 21 0.12504356 
646 153 11 21 0.12504353 
830 153 11 21 0.12504353 
366 153 11 21 0.12504353 
822 153 11 21 0.12504353 
638 153 11 21 0.12504353 
630 153 11 21 0.12504353 
940 -1 53 51 0.12504351 
654 153 11 21 0.12504348 
374 153 11 21 0.12504347 
470 152 11 22 0.12504344 
398 153 11 21 0.12504344 
814 153 11 21 0.12504344 
382 153 11 21 0.12504344 
806 153 11 21 0.12504344 
446 153 11 21 0.12504344 
766 153 11 21 0.12504344 
390 153 11 21 0.12504344 
510 153 11 21 0.12504342 
774 153 11 21 0.1250433 
726 153 11 21 0.12504324 
438 153 11 21 0.12504324 
878 153 11 21 0.12504321 
582 153 11 21 0.12504321 
598 153 11 21 0.12504312 
742 18 12 19 0.12504295 
734 18 12 19 0.12504295 
702 18 12 19 0.12504293 
822 18 12 19 0.12504293 
510 18 12 19 0.12504292 
502 18 12 19 0.12504292 
374 18 12 19 0.12504292 
806 18 12 19 0.12504292 
838 18 12 19 0.12504292 
846 18 12 19 0.12504292 
798 18 12 19 0.12504292 
750 18 12 19 0.12504292 
366 18 12 19 0.12504292 
406 18 12 19 0.12504292 
494 18 12 19 0.12504292 
790 18 12 19 0.12504292 
830 18 12 19 0.12504292 
726 18 12 19 0.12504292 
774 18 12 19 0.12504292 
614 18 12 19 0.12504292 
814 18 12 19 0.12504292 
318 18 12 19 0.12504292 
606 18 12 19 0.12504292 
622 18 12 19 0.12504292 
598 18 12 19 0.12504292 
694 18 12 19 0.12504292 
710 18 12 19 0.12504292 
590 18 12 19 0.12504292 
758 18 12 19 0.12504292 
486 18 12 19 0.1250429 
718 18 12 19 0.1250429 
342 18 12 19 0.1250429 
414 18 12 19 0.1250429 
334 18 12 19 0.1250429 
326 18 12 19 0.1250429 
422 18 12 19 0.1250429 
310 18 12 19 0.1250429 
662 18 12 19 0.1250429 
262 18 12 19 0.1250429 
654 18 12 19 0.1250429 
302 18 12 19 0.1250429 
630 18 12 19 0.1250429 
286 18 12 19 0.1250429 
270 18 12 19 0.1250429 
454 18 12 19 0.1250429 
254 18 12 19 0.1250429 
278 18 12 19 0.1250429 
358 18 12 19 0.1250429 
350 18 12 19 0.1250429 
534 18 12 19 0.1250429 
398 18 12 19 0.1250429 
542 18 12 19 0.1250429 
766 18 12 19 0.1250429 
462 18 12 19 0.1250429 
238 18 12 19 0.1250429 
526 18 12 19 0.1250429 
550 18 12 19 0.1250429 
558 18 12 19 0.1250429 
478 18 12 19 0.1250429 
470 18 12 19 0.1250429 
518 18 12 19 0.1250429 
574 18 12 19 0.1250429 
670 18 12 19 0.1250429 
582 18 12 19 0.1250429 
246 18 12 19 0.1250429 
382 18 12 19 0.1250429 
390 18 12 19 0.1250429 
782 18 12 19 0.1250429 
446 18 12 19 0.12504287 
118 65 11 21 0.12504287 
230 18 12 19 0.12504287 
646 18 12 19 0.12504287 
638 18 12 19 0.12504287 
438 18 12 19 0.12504287 
678 18 12 19 0.12504287 
566 18 12 19 0.12504287 
294 18 12 19 0.12504287 
686 18 12 19 0.12504287 
166 89 11 21 0.12504286 
198 81 11 21 0.12504286 
214 89 11 21 0.12504284 
126 73 11 21 0.12504284 
430 18 12 19 0.12504284 
134 73 11 21 0.12504284 
150 73 11 21 0.12504284 
158 73 11 21 0.12504284 
206 81 11 21 0.12504284 
166 73 11 21 0.12504284 
182 73 11 21 0.12504284 
190 73 11 21 0.12504284 
214 73 11 21 0.12504284 
222 73 11 21 0.12504284 
174 73 11 21 0.12504284 
222 89 11 21 0.12504284 
214 18 12 19 0.12504284 
126 57 11 21 0.12504284 
134 57 11 21 0.12504284 
142 57 11 21 0.12504284 
150 57 11 21 0.12504284 
174 57 12 21 0.12504284 
190 57 12 21 0.12504284 
198 57 12 21 0.12504284 
206 57 12 21 0.12504284 
214 57 12 21 0.12504284 
230 73 11 21 0.12504284 
150 89 11 21 0.12504284 
118 49 11 21 0.12504284 
94 25 11 21 0.12504284 
150 105 11 21 0.12504284 
838 153 11 21 0.12504284 
222 18 12 19 0.12504284 
158 49 12 21 0.12504284 
190 89 11 21 0.12504284 
182 89 11 21 0.12504284 
142 97 11 21 0.12504284 
206 18 12 19 0.12504284 
158 97 11 21 0.12504284 
86 25 11 21 0.12504284 
262 81 11 21 0.12504284 
854 41 12 21 0.12504284 
782 33 12 21 0.12504284 
798 33 12 21 0.12504284 
198 18 12 19 0.12504284 
126 89 11 21 0.12504284 
806 33 12 21 0.12504284 
174 89 11 21 0.12504283 
246 73 12 21 0.12504283 
166 49 12 21 0.12504283 
238 81 11 21 0.12504283 
846 33 12 21 0.12504283 
766 33 12 21 0.12504283 
790 33 12 21 0.12504283 
254 81 11 21 0.12504283 
142 81 11 21 0.12504283 
814 33 12 21 0.12504283 
838 41 12 21 0.12504283 
822 41 12 21 0.12504283 
830 41 12 21 0.12504283 
230 89 11 21 0.12504283 
182 49 12 21 0.12504283 
286 73 11 21 0.12504281 
766 49 12 21 0.12504281 
846 49 12 21 0.12504281 
798 65 12 21 0.12504281 
702 49 12 21 0.12504281 
790 65 12 21 0.12504281 
806 49 12 21 0.12504281 
302 73 11 21 0.12504281 
110 25 11 21 0.12504281 
238 65 12 21 0.12504281 
206 41 12 21 0.12504281 
606 42 12 19 0.12504281 
102 25 11 21 0.12504281 
590 49 12 21 0.12504281 
710 42 12 20 0.12504281 
718 42 12 20 0.12504281 
190 18 12 19 0.12504281 
134 97 11 21 0.12504281 
774 41 12 21 0.12504281 
142 41 11 21 0.12504281 
150 41 12 21 0.12504281 
726 42 12 20 0.12504281 
598 57 12 21 0.12504281 
734 34 12 20 0.12504281 
574 49 12 21 0.12504281 
454 34 12 19 0.12504281 
518 49 12 21 0.12504281 
598 34 12 20 0.12504281 
622 34 12 20 0.12504281 
646 34 12 19 0.12504281 
678 34 12 19 0.12504281 
278 81 11 21 0.12504281 
294 81 11 21 0.12504281 
702 34 12 20 0.12504281 
270 81 11 21 0.12504281 
246 49 12 21 0.12504281 
190 33 12 21 0.12504281 
142 25 12 21 0.12504281 
310 81 11 21 0.12504281 
222 49 12 21 0.12504281 
134 25 12 21 0.12504281 
126 25 11 21 0.12504281 
118 25 11 21 0.12504281 
182 25 12 21 0.12504281 
758 34 12 20 0.12504281 
334 49 12 21 0.12504281 
326 49 12 21 0.12504281 
126 41 11 21 0.12504281 
262 49 12 21 0.12504281 
854 25 12 21 0.12504281 
742 34 12 20 0.12504281 
166 33 12 21 0.12504281 
558 49 12 21 0.1250428 
502 49 12 21 0.1250428 
550 49 12 21 0.1250428 
542 49 12 21 0.1250428 
534 49 12 21 0.1250428 
526 49 12 21 0.1250428 
510 49 12 21 0.1250428 
358 81 11 21 0.1250428 
494 49 12 21 0.1250428 
478 49 12 21 0.1250428 
470 49 12 21 0.1250428 
638 81 11 21 0.1250428 
254 65 12 21 0.1250428 
566 81 12 21 0.1250428 
582 49 12 21 0.1250428 
566 49 12 21 0.1250428 
734 49 12 21 0.1250428 
734 73 12 21 0.1250428 
318 81 11 21 0.1250428 
350 82 11 20 0.1250428 
270 65 12 21 0.1250428 
446 49 12 21 0.1250428 
758 49 12 21 0.1250428 
750 49 12 21 0.1250428 
742 49 12 21 0.1250428 
694 49 12 21 0.1250428 
278 65 12 21 0.1250428 
486 42 12 20 0.1250428 
294 65 12 21 0.1250428 
214 33 12 21 0.1250428 
198 33 12 21 0.1250428 
174 33 12 21 0.1250428 
158 33 12 21 0.1250428 
558 65 12 21 0.1250428 
678 50 12 20 0.1250428 
222 34 12 20 0.1250428 
230 34 12 20 0.1250428 
238 34 12 20 0.1250428 
462 42 12 19 0.1250428 
606 81 11 21 0.1250428 
742 81 12 21 0.1250428 
766 81 11 21 0.1250428 
774 81 11 21 0.1250428 
782 82 11 20 0.1250428 
790 81 11 21 0.1250428 
798 81 11 21 0.1250428 
806 82 11 20 0.1250428 
470 89 11 21 0.1250428 
686 49 12 21 0.1250428 
670 50 12 19 0.1250428 
654 42 12 19 0.1250428 
614 49 12 21 0.1250428 
230 49 12 21 0.1250428 
278 49 12 21 0.1250428 
238 49 12 21 0.1250428 
638 42 12 19 0.1250428 
630 42 12 20 0.1250428 
254 49 12 21 0.1250428 
342 49 12 21 0.1250428 
366 49 12 21 0.1250428 
382 49 12 21 0.1250428 
350 49 12 21 0.1250428 
390 49 12 21 0.1250428 
422 49 12 21 0.1250428 
358 49 12 21 0.1250428 
406 50 12 20 0.1250428 
374 49 12 21 0.1250428 
430 49 12 21 0.1250428 
310 49 12 21 0.1250428 
414 50 12 20 0.1250428 
270 49 12 21 0.1250428 
894 153 11 21 0.1250428 
886 153 11 21 0.1250428 
638 57 12 21 0.1250428 
646 57 12 21 0.1250428 
790 49 12 21 0.1250428 
782 49 12 21 0.1250428 
622 50 12 20 0.1250428 
286 57 12 21 0.1250428 
814 49 12 21 0.1250428 
798 49 12 21 0.1250428 
438 49 12 21 0.1250428 
302 49 12 21 0.1250428 
294 49 12 21 0.1250428 
518 34 12 19 0.1250428 
534 34 12 19 0.1250428 
398 42 12 19 0.1250428 
750 34 12 20 0.1250428 
134 41 11 21 0.1250428 
318 42 12 19 0.1250428 
614 34 12 19 0.1250428 
670 34 12 19 0.1250428 
590 34 12 19 0.1250428 
582 34 12 19 0.1250428 
574 34 12 20 0.1250428 
286 42 12 19 0.1250428 
694 34 12 19 0.1250428 
566 34 12 19 0.1250428 
558 34 12 19 0.1250428 
550 34 12 19 0.1250428 
542 34 12 19 0.1250428 
686 34 12 19 0.1250428 
662 34 12 19 0.1250428 
526 34 12 19 0.1250428 
350 34 12 19 0.1250428 
390 34 12 19 0.1250428 
374 34 12 19 0.1250428 
366 34 12 19 0.1250428 
358 34 12 19 0.1250428 
326 34 12 19 0.1250428 
302 34 12 19 0.1250428 
294 34 12 19 0.1250428 
278 34 12 19 0.1250428 
406 34 12 19 0.1250428 
414 34 12 19 0.1250428 
430 34 12 19 0.1250428 
438 34 12 19 0.1250428 
470 34 12 19 0.1250428 
478 34 12 19 0.1250428 
494 34 12 19 0.1250428 
502 34 12 19 0.1250428 
270 34 12 19 0.1250428 
262 34 12 19 0.1250428 
254 34 12 19 0.1250428 
246 34 12 20 0.1250428 
174 18 12 19 0.1250428 
382 34 12 19 0.1250428 
342 34 12 19 0.1250428 
510 34 12 20 0.1250428 
150 25 12 21 0.1250428 
454 49 12 21 0.12504278 
334 34 12 19 0.12504278 
310 34 12 19 0.12504278 
262 65 12 21 0.12504278 
366 81 11 21 0.12504278 
526 81 11 21 0.12504278 
446 34 12 19 0.12504278 
614 81 11 21 0.12504278 
742 65 12 21 0.12504278 
422 34 12 19 0.12504278 
718 81 11 21 0.12504278 
814 81 11 21 0.12504278 
422 73 11 21 0.12504278 
726 73 12 21 0.12504277 
670 89 12 21 0.12504277 
478 89 12 21 0.12504277 
246 89 11 21 0.12504277 
950 81 11 21 0.12504277 
462 90 11 20 0.12504277 
710 73 12 21 0.12504277 
750 81 12 21 0.12504277 
478 65 11 21 0.12504277 
342 81 11 21 0.12504277 
758 81 12 21 0.12504277 
702 81 11 21 0.12504277 
630 81 12 21 0.12504277 
646 81 12 21 0.12504277 
414 73 11 21 0.12504277 
574 81 11 21 0.12504277 
78 17 11 21 0.12504277 
670 73 11 21 0.12504277 
630 57 12 21 0.12504277 
622 81 11 21 0.12504277 
598 73 12 21 0.12504277 
550 73 11 21 0.12504277 
486 65 11 21 0.12504277 
590 65 12 21 0.12504277 
662 57 12 21 0.12504277 
654 57 12 21 0.12504277 
957 151 75 126 0.12504277 
622 65 12 21 0.12504277 
702 65 12 21 0.12504277 
718 65 12 21 0.12504277 
782 65 12 21 0.12504277 
814 65 12 21 0.12504277 
830 65 12 21 0.12504277 
582 65 12 21 0.12504275 
526 65 12 21 0.12504275 
838 65 11 21 0.12504275 
494 65 11 21 0.12504275 
534 65 12 21 0.12504275 
942 81 11 21 0.12504275 
998 17 11 21 0.12504275 
382 73 11 21 0.12504275 
534 81 11 21 0.12504275 
694 81 11 21 0.12504275 
774 57 12 21 0.12504274 
998 33 11 21 0.12504274 
934 81 11 21 0.12504274 
990 17 11 21 0.12504274 
990 41 11 21 0.12504274 
982 17 11 21 0.12504274 
374 73 11 21 0.12504274 
574 65 12 21 0.12504274 
502 65 12 21 0.12504274 
518 65 12 21 0.12504274 
470 65 11 21 0.12504274 
462 65 12 21 0.12504274 
430 65 12 21 0.12504274 
406 65 11 21 0.12504274 
398 65 11 21 0.12504274 
966 25 11 21 0.12504274 
326 65 11 21 0.12504274 
166 18 12 19 0.12504274 
710 57 12 21 0.12504274 
510 73 11 21 0.12504274 
982 33 11 21 0.12504274 
974 33 11 21 0.12504274 
606 65 12 21 0.12504274 
334 65 11 21 0.12504274 
430 89 11 21 0.12504274 
310 65 11 21 0.12504274 
822 65 12 21 0.12504274 
846 65 11 21 0.12504274 
678 73 11 21 0.12504274 
518 81 11 21 0.12504274 
766 65 12 21 0.12504274 
686 65 12 21 0.12504274 
662 73 12 21 0.12504274 
558 81 11 21 0.12504274 
806 65 12 21 0.12504274 
326 81 11 21 0.12504274 
966 41 11 21 0.12504274 
286 89 11 21 0.12504274 
974 17 11 21 0.12504274 
390 81 11 21 0.12504274 
486 81 11 21 0.12504274 
494 81 11 21 0.12504274 
694 65 12 21 0.1250427 
998 49 11 21 0.1250427 
302 89 11 21 0.1250427 
342 65 12 21 0.1250427 
742 153 11 21 0.1250427 
750 65 11 21 0.1250427 
758 65 12 21 0.1250427 
982 49 11 21 0.1250427 
974 49 11 21 0.1250427 
590 89 11 21 0.1250427 
438 89 11 21 0.1250427 
350 65 12 21 0.1250427 
614 65 12 21 0.1250427 
838 81 11 21 0.1250427 
854 65 11 21 0.1250427 
870 33 11 21 0.1250427 
542 73 11 21 0.1250427 
398 81 11 21 0.1250427 
406 81 11 21 0.1250427 
582 89 11 21 0.1250427 
334 81 11 21 0.1250427 
358 65 11 21 0.1250427 
654 73 12 21 0.1250427 
318 65 11 21 0.1250427 
726 57 11 21 0.1250427 
678 89 11 21 0.1250427 
438 73 11 21 0.1250427 
366 65 12 21 0.1250427 
158 17 12 20 0.1250427 
390 65 11 21 0.1250427 
990 81 11 21 0.1250427 
454 65 12 21 0.1250427 
70 9 12 21 0.1250427 
958 81 11 21 0.1250427 
446 65 12 21 0.1250427 
926 89 11 21 0.1250427 
982 81 11 21 0.1250427 
430 153 11 21 0.1250427 
862 41 12 21 0.1250427 
998 81 11 21 0.12504269 
974 81 11 21 0.12504269 
414 89 11 21 0.12504269 
510 89 11 21 0.12504269 
878 25 11 21 0.12504269 
382 89 11 21 0.12504269 
862 57 11 21 0.12504269 
870 65 11 21 0.12504269 
830 81 11 21 0.12504269 
822 81 11 21 0.12504269 
886 33 11 21 0.12504269 
862 25 11 21 0.12504269 
966 81 11 21 0.12504269 
374 89 11 21 0.12504269 
862 81 11 21 0.12504268 
878 41 11 21 0.12504268 
854 81 11 21 0.12504268 
870 49 12 21 0.12504268 
870 81 11 21 0.12504268 
502 89 11 21 0.12504268 
966 57 11 21 0.12504268 
934 41 11 21 0.12504266 
894 25 11 21 0.12504266 
902 25 11 21 0.12504266 
982 65 11 21 0.12504266 
894 41 11 21 0.12504266 
990 57 11 21 0.12504266 
878 57 11 21 0.12504266 
710 89 11 21 0.12504266 
886 49 11 21 0.12504266 
654 89 11 21 0.12504266 
734 89 11 21 0.12504266 
974 65 11 21 0.12504266 
726 89 11 21 0.12504266 
926 65 11 21 0.12504266 
550 89 11 21 0.12504266 
910 65 11 21 0.12504266 
902 65 11 21 0.12504266 
886 65 11 21 0.12504266 
846 81 11 21 0.12504266 
942 33 11 21 0.12504266 
894 81 11 21 0.12504266 
878 73 11 21 0.12504266 
894 65 11 21 0.12504265 
998 65 11 21 0.12504265 
934 65 11 21 0.12504265 
950 33 11 21 0.12504265 
942 49 11 21 0.12504265 
926 25 11 21 0.12504265 
918 73 11 21 0.12504262 
942 65 11 21 0.12504262 
542 89 11 21 0.12504262 
902 49 11 21 0.12504262 
950 57 11 21 0.12504262 
910 33 11 21 0.12504262 
934 25 11 21 0.12504262 
918 33 11 21 0.12504262 
926 41 11 21 0.12504262 
918 49 11 21 0.12504262 
886 81 11 21 0.12504262 
118 81 11 21 0.12504262 
902 81 11 21 0.12504262 
910 49 11 21 0.1250426 
870 18 11 20 0.1250426 
958 41 11 21 0.1250426 
886 17 11 21 0.12504259 
566 65 11 21 0.12504259 
958 65 11 21 0.12504259 
958 25 11 21 0.12504259 
910 81 11 21 0.12504256 
910 17 11 21 0.12504256 
918 89 11 21 0.12504253 
166 105 11 21 0.12504253 
918 17 11 21 0.12504253 
952 28 73 134 0.1250425 
334 97 11 21 0.12504248 
878 89 11 21 0.12504248 
942 17 12 21 0.12504248 
62 9 12 21 0.12504247 
950 17 12 21 0.12504245 
686 97 11 21 0.12504241 
558 113 11 21 0.12504236 
1006 17 12 21 0.12504233 
110 65 12 21 0.12504233 
750 153 11 21 0.12504233 
102 65 12 21 0.12504229 
422 97 11 21 0.12504224 
1006 41 12 21 0.12504224 
894 121 11 21 0.12504221 
846 152 11 22 0.12504219 
678 153 11 21 0.12504219 
598 97 12 21 0.12504217 
78 57 12 21 0.12504217 
1006 81 11 21 0.12504217 
110 89 11 21 0.12504216 
1006 57 11 21 0.12504216 
782 153 11 21 0.12504211 
110 49 12 21 0.12504211 
86 57 12 21 0.12504208 
966 9 12 21 0.12504208 
854 152 11 22 0.12504208 
94 57 12 21 0.12504208 
78 73 11 21 0.12504207 
38 73 11 21 0.12504204 
78 33 12 21 0.12504204 
934 105 11 21 0.125042 
102 49 12 21 0.125042 
854 9 12 20 0.125042 
1006 97 11 21 0.12504198 
94 9 12 20 0.12504198 
86 9 12 20 0.12504198 
6 0 11 13 0.12504198 
94 41 12 21 0.12504196 
86 41 12 21 0.12504196 
38 57 11 21 0.12504193 
102 9 12 20 0.12504193 
182 9 12 20 0.12504193 
1006 113 11 21 0.1250419 
878 9 12 20 0.12504186 
862 9 12 20 0.12504186 
174 105 11 21 0.12504184 
894 9 12 20 0.1250418 
38 89 11 21 0.1250418 
902 9 12 20 0.1250418 
118 97 11 21 0.1250418 
406 97 11 21 0.1250418 
110 9 12 20 0.12504177 
622 97 11 21 0.12504177 
94 73 12 21 0.12504175 
14 0 11 13 0.12504175 
86 73 12 21 0.12504175 
150 9 12 20 0.12504174 
102 89 11 21 0.12504174 
390 97 11 21 0.12504171 
326 97 11 21 0.12504171 
30 49 11 21 0.12504171 
926 9 12 20 0.1250417 
142 9 12 20 0.1250417 
998 105 11 21 0.1250417 
46 49 11 21 0.12504168 
958 9 12 20 0.12504168 
38 33 11 21 0.12504166 
934 9 12 20 0.12504165 
134 9 12 20 0.12504162 
30 33 11 21 0.12504162 
54 25 11 21 0.12504159 
606 97 12 21 0.12504157 
30 81 11 21 0.12504157 
54 41 11 21 0.12504157 
30 65 11 21 0.12504157 
70 57 11 21 0.12504156 
982 113 11 21 0.12504156 
126 9 12 20 0.12504156 
982 97 11 21 0.12504156 
974 97 11 21 0.12504156 
990 97 11 21 0.12504154 
46 33 11 21 0.12504154 
950 113 11 21 0.12504154 
62 65 11 21 0.12504154 
614 97 11 21 0.12504154 
974 113 11 21 0.12504154 
942 113 11 21 0.12504154 
958 113 11 21 0.12504154 
966 113 11 21 0.12504154 
966 97 11 21 0.12504151 
62 49 11 21 0.1250415 
22 33 11 21 0.12504148 
182 152 12 22 0.12504147 
342 97 11 21 0.12504147 
62 33 11 21 0.12504146 
117 8 13 21 0.12504146 
70 25 11 21 0.12504144 
198 145 11 21 0.12504144 
70 41 11 21 0.12504144 
70 73 11 21 0.12504144 
422 153 11 21 0.12504143 
989 2 13 19 0.12504143 
942 97 11 21 0.12504143 
981 2 13 19 0.12504141 
46 65 11 21 0.12504141 
662 97 11 21 0.1250414 
22 49 11 21 0.12504138 
958 97 11 21 0.12504138 
742 97 11 21 0.12504138 
46 81 11 21 0.12504135 
950 97 11 21 0.12504135 
22 0 11 13 0.12504134 
997 2 13 19 0.12504134 
1005 2 13 19 0.12504134 
782 97 11 21 0.1250413 
206 145 11 21 0.1250413 
14 41 11 21 0.12504128 
774 97 11 21 0.12504126 
750 97 11 21 0.12504125 
206 97 11 21 0.12504125 
198 97 11 21 0.12504125 
765 2 13 19 0.12504123 
190 105 11 21 0.12504123 
534 97 11 21 0.12504123 
757 2 13 19 0.12504122 
510 113 11 21 0.12504122 
790 97 11 21 0.12504114 
54 73 11 21 0.12504113 
701 2 13 19 0.12504113 
630 97 12 21 0.12504113 
550 105 11 21 0.12504113 
798 153 11 21 0.12504111 
509 2 13 19 0.12504111 
845 2 13 19 0.12504111 
773 2 13 19 0.12504111 
94 97 11 21 0.12504111 
166 137 11 21 0.1250411 
517 2 13 19 0.1250411 
886 97 11 21 0.12504108 
501 2 13 19 0.12504108 
813 2 13 19 0.12504108 
525 2 13 19 0.12504107 
54 57 11 21 0.12504107 
829 2 13 19 0.12504107 
758 97 11 21 0.12504107 
805 2 13 19 0.12504107 
886 137 11 21 0.12504107 
437 2 13 19 0.12504107 
661 2 13 19 0.12504107 
797 2 13 19 0.12504107 
781 2 13 19 0.12504107 
693 2 13 19 0.12504107 
837 2 13 19 0.12504107 
789 2 13 19 0.12504107 
565 2 13 19 0.12504107 
821 2 13 19 0.12504107 
6 41 11 21 0.12504107 
534 145 11 21 0.12504107 
38 17 11 21 0.12504104 
653 2 13 19 0.12504104 
926 121 11 21 0.12504104 
766 97 11 21 0.12504104 
150 137 11 21 0.12504104 
46 17 11 21 0.12504102 
709 2 13 19 0.12504102 
669 2 13 19 0.12504102 
790 121 11 21 0.12504102 
54 105 11 21 0.12504102 
621 2 13 19 0.12504102 
782 121 11 21 0.12504102 
46 113 11 21 0.12504102 
557 2 13 19 0.12504102 
613 2 13 19 0.12504102 
597 2 13 19 0.12504102 
605 2 13 19 0.12504102 
429 2 13 19 0.12504102 
405 2 13 19 0.12504102 
317 2 13 19 0.12504102 
365 2 13 19 0.12504101 
421 2 13 19 0.12504101 
158 137 11 21 0.12504101 
589 2 13 19 0.12504101 
493 2 13 19 0.12504101 
637 2 13 19 0.12504101 
645 2 13 19 0.12504101 
733 2 13 19 0.12504101 
725 2 13 19 0.12504101 
373 2 13 19 0.12504101 
758 121 11 21 0.12504101 
389 2 13 19 0.12504101 
301 2 13 19 0.125041 
333 2 13 19 0.125041 
341 2 13 19 0.125041 
174 145 11 21 0.125041 
629 2 13 19 0.125041 
413 2 13 19 0.125041 
461 2 13 19 0.125041 
253 2 13 19 0.125041 
261 2 13 19 0.125041 
62 81 11 21 0.125041 
293 2 13 19 0.125041 
309 2 13 19 0.125041 
285 2 13 19 0.125041 
349 2 13 19 0.125041 
357 2 13 19 0.125041 
277 2 13 19 0.125041 
269 2 13 19 0.125041 
685 2 13 19 0.125041 
453 2 13 19 0.12504096 
397 2 13 19 0.12504096 
581 2 13 19 0.12504096 
677 2 13 19 0.12504096 
78 89 11 21 0.12504096 
469 2 13 19 0.12504096 
30 17 11 21 0.12504096 
445 2 13 19 0.12504096 
717 2 13 19 0.12504096 
749 2 13 19 0.12504096 
533 2 13 19 0.12504096 
381 2 13 19 0.12504096 
325 2 13 19 0.12504096 
741 2 13 19 0.12504095 
126 105 11 21 0.12504095 
477 2 13 19 0.12504095 
549 2 13 19 0.12504095 
485 2 13 19 0.12504093 
573 2 13 19 0.12504093 
245 2 13 19 0.12504092 
541 2 13 19 0.12504092 
949 2 13 19 0.12504092 
941 2 13 19 0.12504092 
750 121 11 21 0.12504089 
237 2 13 19 0.12504089 
229 2 13 19 0.12504089 
909 2 13 19 0.12504089 
221 2 13 19 0.12504089 
766 121 11 21 0.12504089 
917 2 13 19 0.12504089 
189 2 13 19 0.12504089 
197 2 13 19 0.12504086 
213 2 13 19 0.12504086 
205 2 13 19 0.12504086 
973 2 13 19 0.12504084 
182 105 11 21 0.12504083 
22 17 11 21 0.12504083 
606 153 11 21 0.12504083 
638 97 11 21 0.12504083 
526 97 11 21 0.12504083 
854 129 11 21 0.12504081 
798 97 11 21 0.12504081 
30 0 11 13 0.12504081 
173 2 13 19 0.12504081 
46 0 11 13 0.1250408 
165 2 13 19 0.1250408 
54 89 11 21 0.1250408 
902 97 11 21 0.12504078 
157 2 13 19 0.12504078 
238 97 11 21 0.12504077 
150 121 11 21 0.12504077 
53 2 13 19 0.12504077 
934 121 11 21 0.12504077 
774 121 11 21 0.12504075 
190 145 11 21 0.12504075 
990 113 11 21 0.12504072 
454 97 12 21 0.12504072 
486 97 11 21 0.12504072 
886 121 11 21 0.12504071 
885 2 13 19 0.1250407 
270 97 11 21 0.12504068 
278 97 11 21 0.12504068 
502 145 11 21 0.12504068 
294 97 11 21 0.12504068 
14 25 11 21 0.12504068 
494 121 11 21 0.12504068 
869 2 13 19 0.12504067 
566 121 11 21 0.12504065 
70 89 11 21 0.12504065 
38 0 11 13 0.12504064 
862 137 11 21 0.12504064 
310 97 11 21 0.12504062 
798 121 11 21 0.12504062 
358 97 11 21 0.1250406 
710 129 11 21 0.1250406 
262 97 11 21 0.1250406 
646 97 12 21 0.1250406 
198 113 11 21 0.1250406 
974 129 11 21 0.1250406 
982 129 11 21 0.1250406 
206 113 11 21 0.1250406 
214 113 11 21 0.1250406 
846 129 11 21 0.1250406 
694 97 12 21 0.1250406 
574 97 11 21 0.1250406 
77 2 13 19 0.1250406 
950 129 11 21 0.12504059 
942 129 11 21 0.12504059 
958 129 11 21 0.12504058 
990 129 11 21 0.12504058 
966 129 11 21 0.12504058 
86 89 11 21 0.12504058 
158 113 11 21 0.12504058 
214 145 11 21 0.12504056 
718 97 11 21 0.12504056 
870 129 11 21 0.12504055 
918 121 11 21 0.12504055 
350 97 11 21 0.12504055 
894 97 11 21 0.12504055 
222 113 11 21 0.12504053 
446 97 11 21 0.12504052 
806 129 11 21 0.12504052 
814 129 11 21 0.12504052 
142 145 11 21 0.12504052 
542 121 11 21 0.12504052 
822 129 11 21 0.12504052 
590 105 11 21 0.12504052 
998 129 11 21 0.12504052 
830 121 11 21 0.12504052 
742 113 11 21 0.12504052 
838 121 11 21 0.1250405 
862 121 11 21 0.1250405 
878 121 11 21 0.1250405 
702 97 12 21 0.1250405 
110 105 11 21 0.1250405 
910 161 11 21 0.1250405 
518 105 11 21 0.12504047 
566 97 11 21 0.12504044 
422 121 11 21 0.12504044 
62 105 11 21 0.12504044 
542 105 11 21 0.12504044 
254 97 11 21 0.12504044 
878 137 11 21 0.12504044 
830 137 11 21 0.12504043 
734 105 11 21 0.12504041 
654 105 12 21 0.12504041 
230 113 11 21 0.12504041 
46 97 11 21 0.12504041 
670 121 11 21 0.12504041 
398 97 11 21 0.12504041 
550 121 11 21 0.1250404 
30 97 11 21 0.1250404 
494 97 11 21 0.1250404 
38 105 11 21 0.1250404 
838 137 11 21 0.1250404 
902 129 11 21 0.1250404 
486 121 11 21 0.1250404 
414 121 11 21 0.12504037 
366 121 11 21 0.12504037 
22 81 11 21 0.12504037 
182 137 11 21 0.12504037 
22 65 11 21 0.12504034 
798 137 11 21 0.12504034 
718 113 11 21 0.12504034 
246 145 11 21 0.12504034 
190 121 11 21 0.12504034 
430 121 11 21 0.12504032 
478 152 11 22 0.12504032 
582 129 11 21 0.12504032 
470 105 11 21 0.12504032 
70 105 11 21 0.12504032 
358 152 11 22 0.12504032 
206 129 11 21 0.12504032 
654 121 11 21 0.12504032 
62 0 11 13 0.12504032 
198 129 11 21 0.12504032 
174 129 11 21 0.12504032 
574 121 11 21 0.1250403 
278 145 11 21 0.1250403 
214 129 11 21 0.1250403 
470 129 11 21 0.12504028 
590 129 11 21 0.12504028 
598 129 11 21 0.12504028 
646 113 11 21 0.12504028 
430 137 11 21 0.12504026 
254 145 11 21 0.12504026 
366 97 12 21 0.12504026 
478 121 11 21 0.12504026 
790 152 11 22 0.12504026 
102 105 11 21 0.12504026 
238 113 11 21 0.12504026 
422 137 11 21 0.12504026 
462 129 11 21 0.12504023 
182 121 11 21 0.12504023 
166 121 11 21 0.12504023 
814 113 11 21 0.12504022 
678 121 11 21 0.1250402 
446 121 11 21 0.1250402 
478 105 12 21 0.1250402 
502 121 11 21 0.1250402 
638 113 11 21 0.1250402 
726 113 11 21 0.1250402 
438 113 11 21 0.1250402 
910 97 11 21 0.12504019 
222 129 11 21 0.12504019 
70 0 11 13 0.12504019 
318 97 12 21 0.12504019 
222 145 11 21 0.12504019 
406 113 11 21 0.12504016 
734 121 11 21 0.12504016 
558 97 12 21 0.12504016 
454 121 11 21 0.12504016 
462 105 11 21 0.12504016 
774 137 11 21 0.12504013 
374 129 11 21 0.12504013 
830 97 11 21 0.12504013 
230 145 11 21 0.12504013 
702 129 11 21 0.12504013 
782 137 11 21 0.1250401 
686 113 11 21 0.1250401 
486 152 11 22 0.1250401 
790 137 11 21 0.1250401 
806 113 11 21 0.1250401 
358 121 11 21 0.1250401 
838 97 11 21 0.1250401 
822 113 11 21 0.1250401 
582 113 11 21 0.12504008 
246 113 11 21 0.12504008 
822 97 11 21 0.12504008 
878 105 11 21 0.12504008 
398 113 11 21 0.12504005 
862 97 11 21 0.12504005 
854 97 11 21 0.12504005 
846 97 11 21 0.12504005 
390 113 11 21 0.12504005 
310 121 11 21 0.12504005 
662 113 11 21 0.12504005 
598 113 11 21 0.12504005 
350 113 11 21 0.12504002 
934 137 11 21 0.12504002 
382 113 11 21 0.12504002 
230 129 11 21 0.12504002 
750 137 11 21 0.12504002 
238 145 11 21 0.12504002 
406 129 11 21 0.12504002 
518 129 11 21 0.12504001 
286 145 11 21 0.12504 
414 137 11 21 0.12504 
870 97 11 21 0.12504 
78 105 11 21 0.12504 
766 137 11 21 0.12504 
678 137 11 21 0.12504 
758 137 11 21 0.12504 
526 121 11 21 0.12504 
694 153 11 21 0.12503998 
142 113 11 21 0.12503998 
270 145 11 21 0.12503998 
262 145 11 21 0.12503998 
294 113 11 21 0.12503998 
910 129 11 21 0.12503998 
302 113 11 21 0.12503998 
270 113 11 21 0.12503998 
286 113 11 21 0.12503998 
278 113 11 21 0.12503998 
542 152 11 22 0.12503998 
742 129 11 21 0.12503995 
342 113 11 21 0.12503995 
814 97 11 21 0.12503995 
326 113 11 21 0.12503995 
374 113 11 21 0.12503995 
318 145 11 21 0.12503995 
902 161 11 21 0.12503995 
262 113 11 21 0.12503995 
254 113 11 21 0.12503995 
870 113 11 21 0.12503992 
926 145 11 21 0.12503992 
334 113 11 21 0.12503992 
854 113 11 21 0.12503992 
318 129 11 21 0.12503989 
902 113 11 21 0.12503989 
614 113 11 21 0.12503989 
14 57 11 21 0.12503989 
846 113 11 21 0.12503989 
806 97 11 21 0.12503988 
318 113 11 21 0.12503988 
718 129 11 21 0.12503988 
86 0 11 13 0.12503988 
606 129 11 21 0.12503985 
382 129 11 21 0.12503985 
614 129 11 21 0.12503985 
686 145 11 21 0.12503985 
606 113 11 21 0.12503983 
638 129 11 21 0.12503983 
702 113 11 21 0.12503982 
694 121 11 21 0.12503979 
710 113 11 21 0.12503979 
14 81 11 21 0.12503979 
670 153 11 21 0.12503979 
94 0 11 13 0.12503977 
38 121 11 21 0.12503976 
398 129 11 21 0.12503974 
310 145 11 21 0.12503973 
630 121 11 21 0.12503971 
326 145 11 21 0.12503971 
438 129 11 21 0.12503971 
86 105 12 21 0.12503971 
678 105 12 21 0.12503971 
390 129 11 21 0.1250397 
726 129 11 21 0.1250397 
238 129 11 21 0.12503968 
302 145 11 21 0.12503967 
342 145 11 21 0.12503967 
334 145 11 21 0.12503967 
294 145 11 21 0.12503967 
22 97 11 21 0.12503964 
510 129 11 21 0.1250396 
646 129 11 21 0.1250396 
502 105 12 21 0.12503959 
102 0 11 13 0.12503958 
350 145 11 21 0.12503958 
350 129 11 21 0.12503958 
558 129 11 21 0.1250395 
686 81 11 21 0.1250395 
430 105 11 21 0.12503949 
326 129 11 21 0.12503949 
686 129 11 21 0.12503949 
910 113 11 21 0.12503949 
6 17 11 21 0.12503947 
526 137 11 21 0.12503947 
246 129 11 21 0.12503947 
110 0 11 13 0.12503946 
302 129 11 21 0.12503946 
54 121 11 21 0.12503944 
342 129 11 21 0.12503944 
286 129 11 21 0.12503944 
334 129 11 21 0.12503944 
262 129 11 21 0.12503944 
270 129 11 21 0.12503944 
294 129 11 21 0.12503944 
278 129 11 21 0.12503944 
494 137 11 21 0.12503943 
254 129 11 21 0.12503941 
614 145 11 21 0.12503937 
142 129 11 21 0.12503937 
486 137 11 21 0.12503937 
622 129 11 21 0.12503937 
446 137 11 21 0.12503935 
30 113 11 21 0.12503932 
670 105 12 21 0.12503926 
150 153 11 21 0.12503926 
6 57 11 21 0.12503925 
654 137 11 21 0.12503922 
366 137 11 21 0.12503922 
6 73 11 21 0.12503916 
158 153 11 21 0.12503916 
14 97 11 21 0.12503915 
6 89 11 21 0.12503915 
166 153 11 21 0.12503913 
414 105 11 21 0.12503912 
118 0 11 13 0.12503909 
734 137 11 21 0.12503909 
566 137 11 21 0.12503906 
126 0 11 13 0.12503906 
134 0 11 13 0.12503903 
142 0 11 13 0.12503903 
150 0 11 13 0.125039 
662 137 11 21 0.12503897 
46 128 11 22 0.12503897 
454 137 11 21 0.12503897 
182 0 11 13 0.12503895 
358 137 11 21 0.12503895 
94 113 11 21 0.12503888 
134 113 11 21 0.12503886 
854 0 11 13 0.12503879 
862 0 11 13 0.12503879 
600 19 214 211 0.12503879 
878 0 11 13 0.12503877 
574 137 11 21 0.12503877 
694 137 11 21 0.12503876 
926 0 11 13 0.12503876 
494 152 11 22 0.12503873 
118 113 11 21 0.12503873 
934 0 11 13 0.12503871 
622 113 11 21 0.12503868 
478 137 11 21 0.12503868 
966 0 11 13 0.12503867 
630 137 11 21 0.12503867 
958 0 11 13 0.12503864 
894 0 11 13 0.1250386 
94 137 11 21 0.12503858 
86 128 11 22 0.12503856 
126 137 11 21 0.1250385 
110 137 11 21 0.1250385 
134 137 11 21 0.1250385 
902 0 11 13 0.1250385 
118 137 11 21 0.1250385 
13 9 13 21 0.12503849 
102 137 11 21 0.12503849 
518 145 11 21 0.12503846 
126 121 11 21 0.12503833 
110 121 11 21 0.12503831 
102 121 11 21 0.12503828 
918 105 11 21 0.12503818 
62 120 11 22 0.12503797 
78 120 11 22 0.12503797 
70 120 11 22 0.12503792 
926 105 11 21 0.12503779 
78 136 11 22 0.12503773 
70 136 11 22 0.12503773 
534 113 11 21 0.1250369 
30 129 11 21 0.12503669 
534 129 11 21 0.12503645 
831 141 25 45 0.1250364 
647 141 25 45 0.12503624 
815 141 25 45 0.12503624 
367 141 25 45 0.12503624 
463 141 25 45 0.12503622 
799 141 25 45 0.12503622 
383 141 25 45 0.12503622 
855 141 25 45 0.1250362 
503 141 25 45 0.1250362 
623 141 25 45 0.1250362 
767 141 25 45 0.12503618 
551 141 25 45 0.12503617 
22 113 11 21 0.12503614 
102 153 11 21 0.12503602 
110 153 11 21 0.12503593 
94 153 11 21 0.12503591 
895 134 25 44 0.12503587 
871 142 25 44 0.12503587 
982 144 11 22 0.1250358 
974 144 11 22 0.1250358 
887 142 25 44 0.1250358 
966 144 11 22 0.12503578 
958 144 11 22 0.12503576 
126 152 11 22 0.1250357 
118 152 11 22 0.1250357 
950 144 11 22 0.1250357 
942 144 11 22 0.1250357 
134 152 11 22 0.1250357 
918 161 11 21 0.12503564 
990 144 11 22 0.12503563 
447 141 25 45 0.12503561 
670 137 11 21 0.12503561 
902 94 25 44 0.1250356 
886 94 25 44 0.12503557 
903 150 25 43 0.12503551 
446 69 27 45 0.12503543 
918 93 25 45 0.12503543 
399 141 25 45 0.1250354 
911 133 25 45 0.1250353 
895 109 24 45 0.1250353 
567 141 25 45 0.1250353 
695 141 25 45 0.12503527 
542 137 11 21 0.12503523 
894 85 25 45 0.1250352 
63 2 25 39 0.12503517 
789 2 29 38 0.12503509 
805 2 29 38 0.12503509 
806 29 28 46 0.12503509 
326 37 27 46 0.12503509 
766 29 28 46 0.12503509 
732 2 31 38 0.12503509 
573 29 29 46 0.12503509 
654 53 27 45 0.12503509 
269 29 29 46 0.12503509 
734 37 28 46 0.12503509 
253 29 29 46 0.12503509 
237 29 29 46 0.12503509 
750 37 27 46 0.12503509 
214 29 27 46 0.12503509 
838 21 28 46 0.12503509 
660 2 31 38 0.12503509 
837 2 29 38 0.12503509 
692 7 30 42 0.12503509 
622 53 27 45 0.12503509 
308 2 31 39 0.12503509 
364 2 31 39 0.12503509 
958 3 26 38 0.12503509 
821 21 29 46 0.12503509 
534 45 27 45 0.12503509 
998 2 25 39 0.12503509 
717 21 29 46 0.12503509 
708 2 31 39 0.12503509 
380 2 31 39 0.12503509 
438 37 27 46 0.12503509 
757 7 29 42 0.12503509 
494 45 27 45 0.12503509 
174 29 27 46 0.12503509 
324 2 31 39 0.12503509 
342 37 27 46 0.12503509 
190 37 27 45 0.12503509 
582 53 27 45 0.12503509 
86 3 27 38 0.12503509 
821 2 29 39 0.12503509 
244 7 31 42 0.12503509 
229 13 29 46 0.12503509 
588 2 31 38 0.12503509 
493 13 29 46 0.12503509 
509 13 29 46 0.12503509 
173 7 29 42 0.12503509 
157 7 29 42 0.12503509 
540 2 31 38 0.12503509 
628 2 31 39 0.12503509 
110 7 27 42 0.12503509 
516 2 31 39 0.12503509 
781 13 29 46 0.12503509 
460 2 31 39 0.12503509 
501 2 29 38 0.12503509 
348 7 31 42 0.12503509 
79 13 25 45 0.12503509 
405 2 29 38 0.12503509 
428 2 31 38 0.12503509 
556 7 31 42 0.12503509 
604 7 31 42 0.12503509 
444 2 31 38 0.12503508 
476 7 31 42 0.12503508 
621 21 29 46 0.12503508 
213 7 29 42 0.12503508 
478 37 27 46 0.12503508 
678 45 27 45 0.12503508 
437 13 29 46 0.12503508 
694 45 27 45 0.12503508 
701 29 29 46 0.12503508 
782 53 27 45 0.12503508 
798 53 27 45 0.12503508 
598 53 27 45 0.12503508 
518 53 27 45 0.12503508 
773 2 29 38 0.12503508 
644 2 31 39 0.12503508 
676 2 31 39 0.12503508 
478 77 27 45 0.12503508 
758 77 27 45 0.12503508 
230 45 27 45 0.12503508 
126 29 27 45 0.12503508 
741 13 29 46 0.12503508 
142 29 27 45 0.12503508 
798 13 28 45 0.12503508 
158 29 27 46 0.12503508 
358 37 27 46 0.12503508 
790 37 27 46 0.12503508 
830 37 27 46 0.12503508 
262 45 27 46 0.12503508 
846 37 27 46 0.12503508 
982 3 26 38 0.12503508 
572 7 31 42 0.12503508 
206 45 27 45 0.12503508 
590 37 27 46 0.12503508 
197 7 29 42 0.12503508 
606 37 28 46 0.12503508 
102 21 27 45 0.12503508 
292 2 31 39 0.12503508 
894 21 27 45 0.12503508 
637 29 29 46 0.12503508 
550 37 27 46 0.12503508 
389 21 29 46 0.12503508 
510 37 27 45 0.12503508 
685 29 29 46 0.12503508 
261 13 29 46 0.12503508 
397 37 29 46 0.12503508 
414 37 28 46 0.12503508 
454 37 27 46 0.12503508 
134 13 27 46 0.12503508 
294 37 28 46 0.12503508 
310 37 27 46 0.12503508 
814 45 27 45 0.12503505 
669 21 29 46 0.12503505 
365 21 29 46 0.12503505 
246 53 27 45 0.12503505 
469 21 29 46 0.12503505 
742 61 27 45 0.12503505 
670 85 27 45 0.12503505 
566 45 27 45 0.12503505 
638 61 27 45 0.12503505 
421 21 29 46 0.12503505 
405 21 29 46 0.12503505 
333 13 29 46 0.12503505 
541 21 29 46 0.12503505 
285 21 29 46 0.12503505 
453 13 29 46 0.12503505 
382 37 28 46 0.12503505 
301 13 29 46 0.12503505 
525 13 29 46 0.12503505 
317 13 29 46 0.12503505 
119 77 25 44 0.12503505 
967 37 25 45 0.12503503 
903 125 25 45 0.12503503 
597 21 29 46 0.12503503 
558 69 27 45 0.12503503 
878 29 27 46 0.12503502 
111 45 25 45 0.12503502 
430 53 27 45 0.12503502 
959 21 25 45 0.12503502 
653 13 29 46 0.12503502 
862 37 27 46 0.12503502 
462 69 27 45 0.12503502 
975 21 25 45 0.12503502 
983 37 25 45 0.125035 
661 37 29 46 0.125035 
854 21 27 46 0.125035 
278 45 27 46 0.12503499 
710 45 27 46 0.12503499 
166 45 27 45 0.12503499 
182 53 27 45 0.12503499 
854 2 27 39 0.12503499 
614 69 27 45 0.12503499 
239 141 25 45 0.12503499 
718 61 27 45 0.12503499 
141 2 29 39 0.12503499 
878 2 27 39 0.12503497 
894 2 27 39 0.12503497 
127 53 25 45 0.12503496 
910 2 27 39 0.12503496 
702 61 27 45 0.12503496 
222 61 27 45 0.12503496 
150 53 27 45 0.12503496 
975 53 25 45 0.12503496 
959 53 25 45 0.12503496 
766 53 27 45 0.12503496 
334 53 27 45 0.12503496 
870 13 27 45 0.12503496 
238 77 27 45 0.12503496 
582 77 27 45 0.12503496 
998 37 24 46 0.12503496 
254 77 27 45 0.12503496 
790 77 27 45 0.12503496 
910 21 27 45 0.12503496 
126 2 27 39 0.12503496 
854 77 27 45 0.12503494 
646 77 27 45 0.12503494 
670 61 27 45 0.12503494 
991 53 25 45 0.12503494 
350 53 27 45 0.12503494 
686 69 27 45 0.12503494 
366 53 27 45 0.12503494 
294 77 27 45 0.12503494 
198 61 27 45 0.12503494 
215 77 25 45 0.12503493 
551 101 25 44 0.12503493 
926 3 27 38 0.12503493 
902 37 27 45 0.12503493 
918 37 27 45 0.12503493 
390 53 27 45 0.12503493 
950 37 27 45 0.12503493 
830 69 27 45 0.12503491 
286 61 27 45 0.12503491 
151 77 25 45 0.12503491 
470 53 27 45 0.12503491 
502 61 27 45 0.12503491 
191 77 25 45 0.12503491 
310 69 27 45 0.12503491 
422 85 27 45 0.12503491 
542 69 27 45 0.12503491 
934 21 27 45 0.12503491 
406 53 27 45 0.12503491 
494 77 27 45 0.12503491 
943 69 25 44 0.12503491 
591 141 25 45 0.1250349 
934 45 27 45 0.1250349 
382 77 27 45 0.12503488 
886 45 27 45 0.12503488 
270 61 27 45 0.12503488 
358 77 27 45 0.12503488 
838 53 27 45 0.12503488 
318 53 27 45 0.12503488 
302 53 27 45 0.12503488 
991 77 25 45 0.12503488 
911 77 25 45 0.12503488 
927 69 25 45 0.12503488 
942 3 27 38 0.12503488 
326 77 27 45 0.12503488 
630 77 27 45 0.12503488 
135 69 25 45 0.12503488 
278 77 27 45 0.12503488 
878 69 27 45 0.12503487 
959 77 25 45 0.12503487 
175 77 25 44 0.12503487 
749 0 29 33 0.12503487 
510 77 27 45 0.12503487 
143 93 25 44 0.12503487 
710 77 27 45 0.12503487 
526 69 27 45 0.12503487 
998 144 11 22 0.12503487 
398 77 27 45 0.12503485 
854 53 27 45 0.12503485 
726 77 27 45 0.12503485 
870 53 27 45 0.12503484 
926 101 25 45 0.12503484 
975 77 25 45 0.12503482 
351 141 25 45 0.12503481 
269 0 29 33 0.12503481 
253 0 29 33 0.12503481 
998 101 23 45 0.12503481 
341 0 29 33 0.12503481 
774 77 27 45 0.12503481 
485 0 29 33 0.12503481 
910 53 27 45 0.12503478 
814 77 27 45 0.12503478 
342 69 27 45 0.12503478 
565 0 29 33 0.12503478 
613 0 29 33 0.12503478 
189 0 29 34 0.12503478 
205 0 29 34 0.12503478 
894 61 27 45 0.12503478 
229 0 29 34 0.12503476 
166 0 27 34 0.12503476 
919 117 24 45 0.12503473 
927 125 24 45 0.12503472 
31 53 25 44 0.12503469 
39 37 25 44 0.12503469 
31 21 25 44 0.12503469 
102 1 27 33 0.12503469 
62 136 11 22 0.12503468 
911 109 24 45 0.12503466 
47 0 25 34 0.12503465 
23 29 25 44 0.12503463 
751 141 25 45 0.1250346 
39 7 25 42 0.12503457 
983 109 24 45 0.12503456 
943 109 24 45 0.12503456 
550 137 11 21 0.12503453 
23 7 25 42 0.12503453 
959 109 24 45 0.12503453 
975 117 24 45 0.12503453 
991 117 24 45 0.12503453 
951 117 24 45 0.12503453 
31 77 25 44 0.12503453 
967 125 24 45 0.12503451 
935 117 24 45 0.1250345 
159 93 25 44 0.12503448 
0 0 25 26 0.12503444 
783 141 25 45 0.1250344 
15 37 25 45 0.1250344 
47 22 25 44 0.12503439 
479 141 25 45 0.12503439 
727 141 25 45 0.12503438 
95 53 25 45 0.12503436 
63 46 25 44 0.12503436 
1004 70 19 43 0.12503435 
55 38 25 44 0.12503435 
23 61 25 44 0.12503435 
967 101 24 45 0.12503432 
598 77 27 45 0.1250343 
103 77 25 45 0.12503429 
8 21 24 45 0.12503426 
1004 23 19 42 0.12503426 
55 61 25 45 0.12503423 
15 0 26 26 0.12503421 
63 22 25 44 0.12503415 
71 53 25 45 0.12503415 
535 141 25 45 0.12503408 
711 141 25 45 0.12503406 
54 136 11 22 0.12503406 
30 0 27 26 0.12503402 
543 93 25 45 0.12503402 
79 37 25 45 0.12503396 
743 85 25 45 0.12503394 
879 150 25 44 0.12503394 
894 168 11 23 0.12503394 
886 168 11 23 0.12503394 
919 142 25 43 0.12503393 
39 61 25 44 0.12503393 
111 85 25 45 0.12503393 
7 -25 192 199 0.1250339 
767 93 25 45 0.12503384 
959 133 24 45 0.12503381 
87 61 25 45 0.12503378 
943 133 24 45 0.12503378 
983 133 24 45 0.12503374 
142 160 11 22 0.12503362 
70 0 27 26 0.12503359 
47 53 25 45 0.12503359 
751 101 25 45 0.12503348 
935 85 25 45 0.12503347 
95 85 25 45 0.12503347 
951 85 25 45 0.12503342 
431 141 25 45 0.12503341 
63 69 25 45 0.12503341 
735 93 25 45 0.1250334 
871 93 25 45 0.12503335 
974 0 27 25 0.12503335 
934 153 11 21 0.1250333 
783 101 25 45 0.12503329 
223 141 25 46 0.12503329 
175 141 25 45 0.12503326 
23 85 25 45 0.12503321 
1013 2 10 20 0.12503321 
918 0 27 25 0.12503321 
839 85 25 45 0.1250332 
16 69 24 45 0.1250332 
902 0 27 25 0.12503318 
127 93 25 45 0.12503318 
950 0 27 25 0.12503317 
287 141 25 46 0.12503317 
327 141 25 46 0.12503317 
271 141 25 46 0.12503317 
255 141 25 46 0.12503317 
311 141 25 46 0.12503317 
934 0 27 25 0.12503316 
439 93 24 45 0.12503313 
471 101 25 44 0.12503313 
47 77 25 45 0.12503311 
79 69 25 45 0.12503311 
886 0 27 25 0.12503311 
701 0 29 25 0.12503311 
389 0 29 25 0.12503311 
525 0 29 25 0.12503311 
317 0 29 25 0.1250331 
149 0 29 25 0.1250331 
117 0 29 25 0.1250331 
413 0 29 25 0.1250331 
191 141 25 46 0.1250331 
765 0 29 25 0.1250331 
781 0 29 25 0.1250331 
31 109 25 45 0.1250331 
637 0 29 25 0.1250331 
879 109 25 45 0.1250331 
133 0 29 25 0.1250331 
207 141 25 46 0.1250331 
22 129 11 21 0.12503308 
437 0 29 25 0.12503308 
509 0 29 25 0.12503305 
1 36 23 46 0.12503305 
580 0 31 25 0.12503305 
685 0 29 25 0.12503305 
653 0 29 25 0.12503305 
719 93 25 45 0.12503304 
669 0 29 25 0.12503304 
597 0 29 25 0.12503304 
285 0 29 25 0.12503304 
549 0 29 25 0.12503304 
453 0 29 25 0.12503304 
301 0 29 25 0.12503302 
607 141 25 45 0.12503302 
797 0 29 25 0.125033 
415 109 25 44 0.125033 
831 93 25 45 0.125033 
845 0 29 25 0.125033 
717 0 29 25 0.125033 
503 101 25 45 0.125033 
807 101 25 45 0.125033 
813 0 29 25 0.125033 
357 0 29 25 0.125033 
373 0 29 25 0.12503299 
469 0 29 25 0.12503299 
869 0 29 25 0.12503299 
71 77 25 45 0.12503296 
829 0 29 25 0.12503296 
559 109 25 44 0.1250329 
567 93 25 45 0.1250329 
39 85 25 45 0.1250329 
487 109 25 45 0.12503287 
639 93 25 45 0.12503287 
847 101 25 45 0.12503283 
703 117 25 44 0.12503281 
775 117 25 44 0.1250328 
759 117 25 45 0.1250328 
655 93 25 45 0.1250328 
607 93 25 45 0.12503275 
575 101 25 45 0.12503272 
527 93 25 45 0.12503272 
375 93 25 45 0.1250327 
695 85 25 45 0.1250327 
455 93 25 45 0.1250327 
799 109 25 44 0.1250327 
855 109 25 44 0.12503268 
815 109 25 44 0.12503268 
47 101 25 45 0.1250326 
743 117 25 44 0.1250326 
663 109 25 44 0.1250326 
9 53 23 45 0.12503259 
359 109 25 44 0.12503259 
407 101 25 44 0.12503257 
183 93 25 45 0.12503256 
391 93 25 45 0.12503256 
535 109 25 45 0.12503254 
55 93 25 45 0.12503254 
671 141 25 45 0.12503254 
647 109 25 45 0.12503251 
791 117 25 44 0.12503251 
86 144 11 22 0.12503251 
583 117 25 44 0.12503248 
463 117 25 45 0.12503248 
414 69 27 45 0.12503244 
207 93 25 45 0.12503244 
895 158 25 44 0.12503244 
486 61 27 45 0.1250324 
311 93 25 45 0.12503238 
447 101 25 45 0.12503238 
343 93 25 45 0.12503238 
423 117 25 44 0.12503238 
567 117 25 44 0.12503238 
223 93 25 45 0.12503237 
383 101 25 45 0.12503237 
839 117 25 44 0.12503234 
263 93 25 45 0.12503234 
287 93 25 45 0.12503234 
167 101 25 45 0.12503234 
1013 81 10 21 0.12503234 
679 101 25 45 0.1250323 
871 117 25 44 0.12503229 
1013 57 10 21 0.12503228 
727 109 25 44 0.12503228 
431 109 25 44 0.12503228 
367 117 25 44 0.12503228 
38 137 11 21 0.12503222 
823 117 25 44 0.1250322 
16 93 24 45 0.1250322 
247 93 25 45 0.1250322 
591 101 25 45 0.12503219 
695 109 25 44 0.12503214 
351 101 25 45 0.12503214 
519 109 25 44 0.12503214 
399 117 25 44 0.12503211 
511 117 25 44 0.1250321 
174 160 11 22 0.12503205 
271 101 25 45 0.12503204 
295 101 25 45 0.12503204 
631 109 25 45 0.12503204 
319 101 25 45 0.12503202 
159 125 25 45 0.125032 
1013 41 10 21 0.125032 
1004 142 20 43 0.125032 
407 125 25 44 0.12503196 
143 125 25 45 0.12503196 
686 160 12 23 0.12503195 
527 133 25 45 0.12503195 
607 117 25 44 0.12503195 
439 117 25 44 0.12503192 
2 68 22 47 0.12503192 
231 101 25 45 0.12503186 
87 93 25 45 0.12503186 
303 109 25 45 0.12503184 
599 109 25 45 0.12503181 
415 141 25 45 0.12503181 
671 117 25 44 0.12503181 
495 117 25 45 0.12503178 
151 109 25 45 0.12503175 
719 117 25 44 0.12503175 
1013 97 10 21 0.12503175 
807 134 25 43 0.12503174 
279 109 25 45 0.12503174 
335 109 25 45 0.12503174 
711 109 25 45 0.12503174 
687 117 25 44 0.12503174 
255 109 25 45 0.12503174 
199 109 25 45 0.12503174 
1004 118 19 43 0.1250317 
863 125 25 44 0.1250317 
639 117 25 44 0.12503166 
175 109 25 45 0.12503166 
215 109 25 45 0.12503166 
623 117 25 44 0.12503166 
311 117 25 45 0.12503165 
991 142 25 44 0.12503165 
207 117 25 45 0.12503165 
191 117 25 45 0.12503165 
167 133 25 45 0.1250316 
847 133 25 45 0.1250316 
1013 17 10 21 0.12503158 
151 134 25 43 0.12503156 
239 109 25 45 0.12503155 
975 142 24 43 0.12503155 
343 117 25 44 0.12503155 
223 117 25 45 0.12503149 
23 117 25 45 0.12503147 
263 117 25 45 0.1250314 
287 117 25 45 0.1250314 
327 117 25 45 0.1250314 
247 117 25 44 0.12503134 
391 125 25 44 0.12503134 
135 133 25 44 0.1250313 
39 117 25 45 0.12503129 
1005 166 20 43 0.12503119 
375 125 25 44 0.12503108 
679 125 25 44 0.12503108 
735 125 25 44 0.12503092 
543 133 25 44 0.12503088 
63 101 25 45 0.12503085 
199 133 25 45 0.12503082 
575 133 25 44 0.12503079 
455 125 25 44 0.12503074 
845 -42 168 203 0.12503071 
655 125 25 44 0.12503067 
183 125 25 45 0.12503067 
926 161 11 21 0.1250306 
471 125 25 45 0.1250306 
863 150 25 44 0.12503058 
231 125 25 45 0.12503056 
615 125 25 45 0.12503055 
215 133 25 45 0.12503043 
135 109 25 45 0.12503043 
119 101 25 45 0.12503043 
623 93 25 45 0.12503043 
319 125 25 45 0.12503037 
663 133 25 44 0.12503031 
54 152 11 22 0.12503028 
295 125 25 45 0.12503025 
79 101 25 45 0.12503025 
279 133 25 45 0.1250302 
359 133 25 44 0.12503019 
631 133 25 44 0.12503019 
303 133 25 45 0.12503013 
335 133 25 45 0.1250301 
599 133 25 44 0.12503001 
103 101 25 45 0.12502998 
487 133 25 45 0.12502995 
510 176 12 22 0.12502983 
486 168 12 23 0.12502983 
72 109 23 45 0.12502977 
479 117 25 44 0.12502971 
46 144 11 22 0.12502968 
64 125 23 45 0.12502956 
95 125 24 45 0.12502955 
119 125 24 45 0.12502952 
56 117 23 45 0.12502947 
478 184 12 22 0.12502946 
80 125 23 45 0.12502944 
173 192 13 23 0.12502939 
149 192 13 23 0.12502936 
157 192 13 23 0.12502936 
111 109 25 45 0.1250293 
112 133 23 44 0.12502922 
88 133 23 44 0.12502922 
165 192 13 23 0.12502922 
14 113 11 21 0.12502915 
127 117 25 45 0.1250291 
614 160 12 23 0.12502895 
86 160 11 22 0.12502894 
1013 121 10 21 0.12502873 
615 149 25 45 0.12502868 
104 141 23 45 0.12502865 
128 141 23 45 0.12502861 
526 152 12 23 0.12502855 
679 149 25 45 0.12502849 
141 192 13 23 0.12502848 
53 192 13 23 0.12502845 
1013 145 10 21 0.12502834 
181 192 13 23 0.12502833 
493 168 13 23 0.12502831 
455 149 25 46 0.1250283 
61 176 13 23 0.12502828 
70 160 11 22 0.12502818 
878 168 12 23 0.12502816 
559 133 25 44 0.12502784 
144 149 23 44 0.12502782 
6 105 11 21 0.12502782 
160 149 23 45 0.12502772 
48 125 23 45 0.12502766 
439 149 25 46 0.12502754 
62 152 11 22 0.12502748 
14 129 11 21 0.12502748 
519 141 25 46 0.12502743 
471 149 25 46 0.12502742 
46 160 11 22 0.12502739 
485 184 13 22 0.12502737 
733 192 13 23 0.1250273 
78 152 11 22 0.12502721 
501 168 13 23 0.12502718 
655 149 25 45 0.12502706 
375 149 25 46 0.12502706 
391 149 25 46 0.12502705 
77 192 13 23 0.12502702 
407 149 25 46 0.12502702 
639 149 25 46 0.1250269 
423 149 25 46 0.1250268 
775 149 25 46 0.12502678 
791 149 25 46 0.12502678 
759 149 25 46 0.12502675 
69 184 13 23 0.12502673 
823 149 25 46 0.12502669 
839 149 25 46 0.12502666 
534 160 12 23 0.12502664 
719 149 25 46 0.12502664 
96 149 23 45 0.12502657 
120 149 23 45 0.12502657 
911 158 25 43 0.12502655 
334 160 12 23 0.1250263 
342 160 12 23 0.1250263 
326 160 12 23 0.1250263 
350 160 12 23 0.1250263 
133 192 13 23 0.12502621 
318 160 12 23 0.125026 
254 160 12 23 0.12502591 
703 149 25 46 0.1250259 
262 160 12 23 0.12502581 
278 160 12 23 0.12502578 
294 160 12 23 0.12502578 
286 160 12 23 0.12502578 
270 160 12 23 0.12502578 
150 168 11 22 0.12502578 
158 168 11 22 0.12502578 
302 160 12 23 0.12502578 
310 160 12 23 0.12502576 
72 133 23 45 0.1250257 
295 149 25 46 0.1250257 
7 109 25 45 0.12502569 
1005 190 21 41 0.12502563 
735 149 25 46 0.12502554 
246 160 12 23 0.1250255 
45 192 13 23 0.12502547 
85 192 13 23 0.12502538 
565 192 13 22 0.1250253 
967 149 24 44 0.12502524 
478 168 12 23 0.12502524 
125 192 13 23 0.12502518 
93 192 13 23 0.12502518 
583 149 25 46 0.12502517 
101 192 13 23 0.12502512 
109 192 13 23 0.12502512 
117 192 13 23 0.12502512 
503 165 25 44 0.12502494 
462 176 12 23 0.12502494 
798 176 12 22 0.12502494 
238 160 12 23 0.12502491 
40 141 23 45 0.12502486 
518 176 12 23 0.1250248 
927 150 25 43 0.12502474 
38 152 11 22 0.12502468 
454 176 12 23 0.12502468 
230 160 12 23 0.12502465 
0 93 24 45 0.12502462 
190 160 12 23 0.12502456 
951 150 24 43 0.12502456 
198 160 12 23 0.12502456 
214 160 12 23 0.12502456 
206 160 12 23 0.12502456 
222 160 12 23 0.12502456 
518 160 12 23 0.1250244 
645 192 13 23 0.12502433 
982 161 11 21 0.12502427 
470 176 12 23 0.12502418 
990 161 11 21 0.1250241 
974 161 11 21 0.12502398 
61 192 13 23 0.12502393 
998 161 11 21 0.12502393 
48 149 23 45 0.12502393 
1013 177 11 21 0.12502392 
134 168 11 22 0.12502386 
966 161 11 21 0.12502374 
94 168 11 22 0.12502372 
102 168 11 22 0.12502372 
110 168 11 22 0.12502372 
118 168 11 22 0.12502372 
126 168 11 22 0.12502372 
151 182 25 42 0.12502371 
926 176 11 22 0.12502371 
167 182 25 42 0.12502371 
80 149 23 45 0.12502365 
166 168 12 23 0.12502354 
559 182 25 41 0.12502351 
135 182 25 42 0.1250233 
790 176 12 22 0.12502326 
56 141 23 45 0.12502317 
143 174 25 42 0.12502316 
534 176 12 22 0.12502308 
725 192 13 22 0.12502299 
471 173 25 44 0.12502299 
159 174 25 42 0.12502299 
47 182 25 42 0.12502298 
526 176 12 23 0.1250229 
637 192 13 22 0.12502289 
958 161 11 21 0.12502278 
30 152 11 22 0.12502272 
54 168 11 22 0.12502268 
64 149 23 45 0.12502268 
709 192 13 22 0.12502259 
542 176 12 23 0.12502256 
15 125 25 45 0.12502247 
639 182 25 42 0.12502246 
71 182 25 42 0.12502243 
141 176 13 23 0.12502238 
55 166 25 42 0.12502232 
152 157 23 45 0.12502229 
573 192 13 22 0.12502225 
575 182 25 40 0.1250222 
63 174 25 42 0.12502217 
806 176 12 23 0.125022 
32 133 24 45 0.12502198 
703 182 25 41 0.12502198 
727 182 25 42 0.12502195 
487 157 25 44 0.12502195 
87 182 25 42 0.1250219 
119 182 25 42 0.1250219 
103 182 25 42 0.12502187 
405 192 13 22 0.12502173 
136 157 23 45 0.12502168 
487 182 25 41 0.12502167 
399 182 25 41 0.12502162 
942 161 11 21 0.12502153 
661 184 13 23 0.12502153 
671 165 25 45 0.12502153 
950 161 11 21 0.12502152 
270 176 12 23 0.12502143 
262 176 12 23 0.12502143 
254 176 12 23 0.12502143 
246 176 12 23 0.12502143 
238 176 12 23 0.12502143 
334 176 12 23 0.12502143 
830 176 12 23 0.12502143 
838 176 12 23 0.12502143 
24 141 24 45 0.12502143 
383 182 25 41 0.12502143 
286 176 12 23 0.12502143 
278 176 12 23 0.12502143 
342 176 12 23 0.12502143 
822 176 12 23 0.12502143 
302 176 12 23 0.12502143 
310 176 12 23 0.12502143 
318 176 12 23 0.12502143 
326 176 12 23 0.12502143 
397 192 13 22 0.12502143 
294 176 12 23 0.12502143 
382 176 12 23 0.12502138 
366 176 12 23 0.12502138 
390 176 12 23 0.12502138 
374 176 12 23 0.12502138 
127 174 25 42 0.12502132 
358 176 12 23 0.1250213 
775 182 25 41 0.12502126 
350 176 12 23 0.12502125 
112 157 23 45 0.12502117 
431 182 25 41 0.12502114 
430 176 12 23 0.12502111 
88 157 23 45 0.12502111 
422 176 12 23 0.12502109 
623 182 25 41 0.12502109 
398 176 12 23 0.12502109 
389 192 13 22 0.12502103 
519 165 25 45 0.125021 
359 182 25 41 0.125021 
77 176 13 23 0.12502097 
413 192 13 22 0.12502097 
582 168 12 23 0.12502097 
814 176 12 23 0.1250209 
414 176 12 23 0.12502089 
743 182 25 41 0.12502089 
558 168 12 23 0.12502086 
415 182 25 41 0.12502082 
655 173 25 43 0.1250208 
781 192 13 22 0.1250208 
511 182 25 41 0.12502077 
687 157 25 45 0.12502077 
839 182 25 41 0.12502076 
447 182 25 41 0.12502071 
807 182 25 41 0.1250207 
823 182 25 41 0.12502068 
263 182 25 41 0.12502068 
231 182 25 41 0.12502068 
247 182 25 41 0.12502068 
343 182 25 41 0.12502068 
279 182 25 41 0.12502068 
295 182 25 41 0.12502068 
327 182 25 41 0.12502068 
311 182 25 41 0.12502068 
726 176 12 23 0.12502062 
79 174 25 42 0.1250206 
559 157 25 45 0.12502056 
597 184 13 23 0.12502053 
6 121 11 21 0.12502052 
1006 129 11 21 0.12502049 
759 182 25 41 0.12502046 
687 182 25 41 0.12502044 
629 192 13 22 0.12502041 
783 165 25 44 0.12502041 
406 176 12 23 0.1250204 
846 176 12 23 0.1250204 
95 174 25 42 0.12502035 
718 176 12 23 0.12502034 
215 182 25 41 0.12502034 
446 168 12 23 0.12502034 
758 176 12 23 0.12502034 
182 168 12 23 0.12502034 
750 168 12 23 0.12502028 
535 165 25 45 0.12502027 
591 182 25 41 0.1250202 
469 192 13 22 0.1250202 
438 176 12 23 0.1250202 
853 192 13 22 0.1250202 
183 182 25 41 0.12502018 
199 182 25 41 0.12502018 
701 192 13 22 0.12502009 
437 192 13 22 0.12502007 
799 165 25 44 0.12502003 
630 168 12 23 0.12502003 
230 176 12 23 0.12502 
367 165 25 45 0.12501998 
319 165 25 45 0.12501997 
287 165 25 45 0.12501997 
255 165 25 45 0.12501997 
271 165 25 45 0.12501997 
239 165 25 45 0.12501997 
831 165 25 45 0.12501997 
335 165 25 45 0.12501997 
351 165 25 45 0.12501997 
815 165 25 45 0.12501997 
303 165 25 45 0.12501997 
734 176 12 23 0.12501995 
381 192 13 22 0.1250199 
32 157 24 44 0.1250199 
766 168 12 23 0.12501986 
85 176 13 23 0.12501985 
710 176 12 23 0.1250198 
590 168 12 23 0.1250198 
855 182 25 42 0.1250198 
550 168 12 23 0.12501979 
742 168 12 23 0.12501976 
694 168 12 23 0.12501973 
654 168 12 23 0.12501973 
72 157 24 45 0.12501973 
773 192 13 22 0.12501973 
711 165 25 45 0.12501973 
494 184 12 23 0.12501971 
543 182 26 40 0.1250197 
751 165 25 45 0.12501968 
167 157 25 46 0.12501968 
373 192 13 22 0.12501964 
638 168 12 23 0.12501964 
365 192 13 22 0.12501964 
509 192 13 22 0.12501962 
357 192 13 22 0.12501961 
693 192 13 22 0.12501961 
782 176 12 23 0.12501961 
38 168 11 22 0.1250196 
854 168 12 23 0.1250196 
607 182 26 40 0.12501958 
869 192 13 23 0.12501955 
222 176 12 23 0.12501955 
631 165 25 45 0.12501955 
526 182 27 40 0.12501954 
198 176 12 23 0.12501952 
190 176 12 23 0.12501952 
214 176 12 23 0.12501952 
206 176 12 23 0.12501952 
861 192 13 23 0.1250195 
774 168 12 23 0.1250195 
702 168 12 23 0.12501946 
199 157 25 45 0.12501945 
183 157 25 45 0.12501945 
215 157 25 45 0.12501945 
566 168 12 23 0.12501939 
589 192 13 22 0.12501939 
221 192 13 22 0.12501934 
847 165 25 45 0.12501933 
622 168 12 23 0.12501928 
574 168 12 23 0.12501925 
421 192 13 22 0.12501921 
741 192 13 22 0.12501921 
767 165 25 45 0.12501916 
229 192 13 22 0.12501915 
605 184 13 23 0.12501912 
213 192 13 22 0.12501909 
197 192 13 22 0.12501909 
189 192 13 22 0.12501909 
205 192 13 22 0.12501909 
670 176 12 23 0.12501906 
845 192 13 22 0.12501906 
599 157 25 45 0.12501898 
30 168 11 22 0.12501892 
757 192 13 22 0.1250189 
557 192 13 22 0.12501885 
445 192 13 22 0.12501882 
429 192 13 22 0.12501876 
285 192 13 22 0.12501872 
301 192 13 22 0.12501872 
829 192 13 22 0.12501872 
293 192 13 22 0.12501872 
309 192 13 22 0.12501872 
821 192 13 22 0.12501872 
837 192 13 22 0.12501872 
333 192 13 22 0.12501872 
237 192 13 22 0.12501872 
277 192 13 22 0.12501872 
245 192 13 22 0.12501872 
317 192 13 22 0.12501872 
253 192 13 22 0.12501872 
261 192 13 22 0.12501872 
341 192 13 22 0.12501872 
325 192 13 22 0.12501872 
349 192 13 22 0.12501872 
269 192 13 22 0.12501872 
22 144 11 22 0.1250187 
813 192 13 22 0.12501869 
685 184 13 22 0.12501861 
598 168 12 23 0.1250186 
453 192 13 22 0.1250186 
646 176 12 23 0.12501846 
550 184 12 23 0.1250184 
749 192 13 22 0.1250184 
16 149 24 45 0.12501824 
517 192 13 22 0.12501808 
613 184 13 23 0.12501803 
22 160 11 22 0.12501797 
461 192 13 22 0.12501788 
606 168 12 23 0.12501779 
765 192 13 22 0.12501779 
678 176 12 23 0.12501755 
31 182 25 41 0.12501755 
621 184 13 23 0.12501737 
919 173 25 42 0.1250172 
758 0 190 230 0.12501708 
581 192 13 22 0.12501694 
903 181 25 44 0.1250169 
789 192 13 22 0.1250169 
501 192 13 22 0.12501682 
1013 161 11 21 0.12501673 
1013 193 11 21 0.12501672 
15 181 25 42 0.1250167 
862 168 12 23 0.12501654 
871 181 25 44 0.12501653 
887 165 25 45 0.12501629 
717 192 13 22 0.12501597 
1006 145 11 21 0.12501556 
879 173 25 45 0.12501542 
21 192 13 22 0.12501533 
6 144 11 22 0.12501515 
29 192 13 22 0.12501511 
40 165 23 44 0.12501508 
0 124 24 47 0.12501496 
654 184 12 23 0.12501481 
982 157 25 43 0.12501478 
24 165 24 44 0.12501478 
909 192 13 23 0.12501444 
877 191 13 24 0.12501438 
901 192 13 23 0.12501423 
46 176 11 22 0.12501405 
8 157 24 44 0.12501399 
14 144 12 22 0.12501396 
870 168 12 23 0.12501387 
790 182 27 39 0.1250136 
885 191 13 24 0.12501359 
893 191 13 24 0.12501359 
64 6 199 230 0.12501326 
525 192 13 22 0.1250131 
0 181 24 42 0.12501296 
14 160 11 22 0.1250129 
37 192 13 23 0.12501235 
917 184 13 23 0.12501228 
958 165 26 41 0.12501198 
934 166 26 40 0.1250116 
533 192 13 22 0.12501158 
541 192 13 22 0.12501143 
22 176 11 22 0.12501132 
173 176 13 23 0.125011 
901 176 13 23 0.12501095 
910 176 12 23 0.12501088 
0 149 24 45 0.1250108 
990 165 26 42 0.12501042 
13 192 13 22 0.1250104 
1006 160 12 22 0.12501034 
934 168 12 22 0.12500983 
662 168 12 23 0.12500899 
14 176 11 22 0.1250088 
974 174 26 39 0.12500845 
6 160 12 22 0.12500702 
950 182 26 38 0.12500682 
5 192 13 22 0.12500654 
6 176 11 22 0.1250038 
886 190 27 38 0.12500153 
805 192 13 22 0.12500137 
797 192 13 22 0.12499734 
677 192 13 22 0.12499569 
662 190 27 35 0.124995165 
941 177 13 21 0.12499298 
949 177 13 21 0.1249927 
958 177 12 21 0.12499233 
974 177 12 21 0.124991514 
966 177 12 21 0.12499146 
982 177 12 21 0.12499117 
925 190 29 36 0.12499013 
965 190 28 36 0.12498969 
933 185 13 21 0.12498902 
461 190 30 32 0.12498846 
990 177 12 21 0.12498828 
998 177 12 21 0.124987364 
981 190 28 36 0.12498583 
-1 192 10 22 0.12498495 
5 198 29 34 0.12498394 
1006 176 12 22 0.12498322 
-41 -46 378 372 0.12497768 
873 20 148 284 0.12497691 
-12 7 149 289 0.124976136 
925 192 13 22 0.12497321 
941 193 13 21 0.12496878 
949 193 13 21 0.124968275 
0 25 10 21 0.12496822 
0 41 10 21 0.12496784 
1005 192 13 22 0.12496732 
0 9 10 21 0.124967076 
957 193 13 21 0.12496661 
973 193 13 21 0.12496654 
965 193 13 21 0.12496594 
0 57 10 21 0.12496591 
669 192 13 22 0.12496507 
981 193 13 21 0.12496372 
0 73 10 21 0.12496139 
0 0 10 13 0.1249608 
989 193 13 21 0.124959424 
997 193 13 21 0.12495854 
0 121 10 21 0.12495679 
0 89 10 21 0.124954 
0 105 10 21 0.12495332 
917 200 13 22 0.12493963 
0 136 10 22 0.12493728 
0 152 10 22 0.12493522 
0 14 20 43 0.12493282 
933 200 13 22 0.12492951 
1 54 18 43 0.12492771 
69 200 13 21 0.12492461 
661 200 13 21 0.124916896 
13 208 13 21 0.12491091 
5 208 13 21 0.124910876 
21 208 13 21 0.12490584 
685 200 13 21 0.12490164 
597 200 13 21 0.124899656 
621 200 13 21 0.12489818 
613 200 13 21 0.124897845 
549 200 13 21 0.12489679 
477 200 13 21 0.124895625 
605 200 13 21 0.124895416 
493 200 13 21 0.12489513 
653 200 13 21 0.12489393 
485 200 13 21 0.124891065 
-9 198 27 37 0.12488723 
-2 208 12 22 0.1248511 
739 -77 284 503 0.12467812 
124 198 31 25 0.12139426 
108 198 31 25 0.12139393 
20 198 31 25 0.12139391 
92 198 31 25 0.12139386 
580 198 31 25 0.12139364 
76 198 31 24 0.12139195 
844 198 31 25 0.12139161 
548 198 32 24 0.12139153 
36 198 31 25 0.12139104 
140 198 31 24 0.12139085 
764 198 31 24 0.121390626 
612 198 32 24 0.121390626 
60 198 31 25 0.12139039 
748 198 32 24 0.121390216 
564 198 32 24 0.121389344 
500 198 32 24 0.12138896 
732 198 32 24 0.12138886 
716 198 32 24 0.12138884 
476 198 32 24 0.12138877 
532 198 32 24 0.121388756 
436 198 32 24 0.1213886 
644 198 31 25 0.121388115 
828 198 32 24 0.121388115 
812 198 32 24 0.121387966 
860 198 31 25 0.12138785 
188 198 32 24 0.12138731 
628 198 31 24 0.12138724 
172 198 32 24 0.12138678 
404 198 32 24 0.12138645 
204 198 32 24 0.12138645 
780 198 32 23 0.121386364 
364 198 32 24 0.12138592 
268 198 32 24 0.12138589 
284 198 32 24 0.12138589 
236 198 32 24 0.12138589 
220 198 32 24 0.12138589 
252 198 32 24 0.12138589 
348 198 32 24 0.121385776 
300 198 32 24 0.121385716 
332 198 32 24 0.12138569 
156 198 32 24 0.12138551 
796 198 32 23 0.12138539 
420 198 32 24 0.12138531 
941 198 30 26 0.12138525 
316 198 32 23 0.12138518 
388 198 32 24 0.121384986 
909 198 30 26 0.12138485 
1014 210 10 15 0.116294906 
675 197 33 24 0.116000585 
30 209 12 15 0.115423344 
126 209 12 15 0.11541872 
38 209 12 15 0.115417615 
134 209 12 15 0.1154166 
118 209 12 15 0.11541611 
110 209 12 15 0.11541586 
102 209 12 15 0.11541586 
1006 209 11 15 0.11541561 
46 209 12 15 0.11541524 
94 209 12 15 0.11541417 
142 209 12 15 0.1154129 
54 209 12 15 0.1154114 
854 209 12 15 0.115411006 
902 209 12 15 0.115410954 
86 209 12 15 0.115409926 
62 209 12 15 0.11540944 
862 209 12 15 0.11540932 
910 209 12 15 0.11540842 
926 209 12 15 0.115408406 
590 209 12 15 0.115408376 
78 209 12 15 0.11540832 
942 209 12 15 0.115407206 
950 209 12 15 0.115406565 
870 209 12 15 0.11540557 
150 209 12 15 0.115404874 
878 209 12 15 0.115401804 
558 209 12 14 0.11540136 
974 209 11 15 0.11540129 
982 209 11 15 0.11540129 
990 209 11 15 0.11540129 
998 209 11 15 0.11540129 
582 209 12 15 0.11540106 
886 209 12 15 0.1154007 
966 209 12 15 0.11540062 
894 209 12 15 0.115399905 
958 209 12 15 0.11539965 
782 209 12 15 0.11539834 
774 209 12 15 0.11539825 
846 209 12 15 0.11539752 
758 209 12 15 0.115397185 
718 209 12 15 0.11539621 
750 209 12 14 0.11539587 
518 209 12 14 0.11539501 
198 209 12 15 0.11539401 
190 209 12 15 0.11539401 
526 209 12 14 0.11539377 
566 209 12 14 0.1153936 
766 209 12 14 0.11539357 
206 209 12 15 0.11539328 
646 209 12 14 0.115393095 
182 209 12 15 0.115393095 
574 209 12 14 0.11539252 
542 209 12 14 0.115392506 
742 209 12 14 0.11539227 
510 209 12 14 0.11539198 
630 209 12 14 0.11539181 
534 209 12 14 0.11539144 
726 209 12 14 0.11539144 
174 209 12 15 0.115391284 
734 209 12 14 0.115391284 
158 209 12 15 0.11539108 
638 209 12 14 0.11539108 
446 209 12 14 0.115390845 
454 209 12 14 0.11539036 
438 209 12 14 0.11539019 
838 209 12 14 0.1153899 
670 209 12 14 0.11538987 
678 209 12 14 0.1153898 
166 209 12 14 0.11538939 
830 209 12 14 0.11538914 
822 209 12 14 0.11538904 
214 209 12 14 0.115389004 
502 209 12 14 0.11538862 
470 209 12 14 0.115387686 
414 209 12 14 0.11538763 
406 209 12 14 0.115387335 
318 209 12 14 0.115387 
422 209 12 14 0.11538654 
462 209 12 14 0.11538632 
366 209 12 14 0.11538624 
374 209 12 14 0.115386136 
302 209 12 14 0.11538588 
350 209 12 14 0.11538588 
254 209 12 14 0.11538588 
238 209 12 14 0.11538588 
222 209 12 14 0.11538588 
286 209 12 14 0.11538588 
294 209 12 14 0.11538588 
246 209 12 14 0.11538588 
278 209 12 14 0.11538588 
270 209 12 14 0.11538588 
262 209 12 14 0.11538588 
230 209 12 14 0.11538588 
342 209 12 14 0.115385644 
358 209 12 14 0.115385644 
430 209 12 14 0.11538559 
310 209 12 14 0.11538558 
790 209 12 14 0.11538526 
334 209 12 14 0.11538492 
814 209 12 14 0.115384616 
398 209 12 14 0.11538453 
326 209 12 14 0.11538446 
382 209 12 14 0.11538443 
390 209 12 14 0.115383156 
806 209 12 14 0.11538226 
798 209 12 14 0.11537858 
694 209 12 14 0.11535165 
710 209 12 15 0.11530393 
692 197 32 25 0.11286803 
702 209 12 14 0.10551307 
