30_Surgeons_Surgeons_30_533
19
495 260 50 62 0.9976273 
687 270 23 31 0.3911835 
562 246 9 11 0.15260221 
686 11 62 79 0.11476016 
821 29 35 45 0.06483542 
574 281 15 17 0.055337243 
925 223 29 45 0.053233754 
928 200 18 23 0.049798965 
819 433 21 24 0.048348684 
-25 0 183 299 0.034513816 
566 307 24 30 0.03367063 
912 200 44 61 0.031943604 
830 202 21 30 0.028021438 
911 225 29 36 0.026525354 
850 204 24 29 0.023328206 
559 270 9 12 0.02125122 
161 175 60 88 0.021214735 
901 226 25 32 0.020688884 
932 218 15 17 0.020631816 
