53_Raid_policeraid_53_6
26
942 231 23 34 0.98992026 
971 236 22 32 0.9749375 
777 281 26 37 0.9607125 
382 245 21 25 0.8940378 
842 360 21 33 0.5628845 
735 283 14 22 0.28162998 
549 285 16 19 0.2605173 
465 359 14 20 0.14589006 
631 250 13 18 0.12526678 
640 302 20 27 0.065564424 
587 240 11 17 0.06519819 
725 289 19 20 0.063437626 
554 274 20 27 0.05694176 
562 271 15 22 0.045934666 
810 411 15 19 0.03953524 
739 278 12 19 0.03674573 
401 564 16 17 0.035372235 
554 292 16 19 0.03296971 
572 227 17 18 0.032263234 
391 248 18 20 0.026980339 
1004 237 18 37 0.02631106 
637 285 17 18 0.02583647 
579 228 16 21 0.025269348 
444 236 13 17 0.02367568 
599 231 10 13 0.020824961 
849 192 9 12 0.02029752 
