53_Raid_policeraid_53_92
20
713 263 27 35 0.99849343 
642 288 29 36 0.9980227 
500 223 34 51 0.98987234 
585 288 16 20 0.8049575 
245 437 10 14 0.2283149 
108 234 16 19 0.060131222 
544 343 18 22 0.039846636 
210 335 7 10 0.039378528 
236 318 8 10 0.03747002 
374 250 14 17 0.03430133 
271 474 15 18 0.03109953 
526 218 12 16 0.029953804 
185 421 10 13 0.028823996 
359 239 9 13 0.025778927 
595 290 13 17 0.023105059 
237 336 8 11 0.022810483 
210 318 8 10 0.022703236 
251 438 10 13 0.02259633 
396 229 12 14 0.022527358 
483 212 29 36 0.022355633 
