53_Raid_policeraid_53_858
24
111 217 56 73 0.9975643 
292 223 26 34 0.9948143 
49 214 21 30 0.99030626 
831 125 42 61 0.9889474 
410 244 22 28 0.9858764 
170 204 37 58 0.1635896 
491 138 49 65 0.13179252 
491 148 25 43 0.12513164 
726 147 27 51 0.087515846 
153 204 39 64 0.05064125 
504 160 61 67 0.044673197 
68 221 22 31 0.04186232 
217 97 80 129 0.03969086 
173 239 44 47 0.03634108 
60 215 21 31 0.03267675 
357 223 21 29 0.030512843 
191 522 13 17 0.029803121 
207 163 12 14 0.029702747 
733 159 36 44 0.025220871 
70 218 13 22 0.024040146 
353 271 24 31 0.023076328 
76 188 11 13 0.022531044 
117 191 14 14 0.0211381 
705 141 41 67 0.020757318 
