53_Raid_policeraid_53_674
25
69 59 29 31 0.9964843 
839 66 34 37 0.99593496 
500 65 46 51 0.98592293 
640 92 25 28 0.9630691 
284 57 56 53 0.9395314 
162 102 25 27 0.5213395 
356 112 25 28 0.5067447 
159 107 14 18 0.12846845 
190 123 39 50 0.12002945 
547 124 24 27 0.054950032 
43 190 49 86 0.048690375 
685 131 15 18 0.04807869 
118 97 13 17 0.043360595 
350 105 22 23 0.042603534 
662 113 15 19 0.03414103 
899 106 16 18 0.033357866 
680 128 25 29 0.03156635 
897 103 12 14 0.02972227 
799 310 37 40 0.02442551 
566 51 23 31 0.024348566 
153 109 12 16 0.022971312 
124 94 11 14 0.02264226 
244 429 56 73 0.021796357 
651 290 22 27 0.020925371 
115 87 23 29 0.020471117 
