53_Raid_policeraid_53_543
35
583 193 96 116 0.99861383 
733 225 54 65 0.9980065 
797 213 57 89 0.98876035 
76 260 42 45 0.98416257 
50 167 20 23 0.9589387 
450 286 22 31 0.8728897 
530 286 17 23 0.8652464 
395 259 27 40 0.850981 
167 163 18 24 0.8240551 
155 300 23 27 0.7395814 
485 294 18 20 0.73564726 
87 197 15 18 0.73430836 
-2 173 40 96 0.68482536 
294 281 13 18 0.29236248 
182 206 13 16 0.25814092 
772 221 50 80 0.24766634 
549 290 10 13 0.19241822 
564 303 9 12 0.06568354 
296 269 26 36 0.06517717 
531 332 32 40 0.054623205 
288 272 23 30 0.05343036 
539 286 13 19 0.041177522 
219 232 27 37 0.03781178 
514 316 43 57 0.034255594 
272 274 12 15 0.033683218 
373 254 30 33 0.032164525 
130 198 14 21 0.03187109 
152 204 12 16 0.029472696 
517 284 16 22 0.028750207 
519 287 24 29 0.027522732 
464 288 14 26 0.024177454 
219 302 11 13 0.024037017 
123 195 17 21 0.021444114 
562 287 9 11 0.020978829 
565 284 10 13 0.02057832 
