53_Raid_policeraid_53_256
24
572 122 69 82 0.9960741 
651 88 62 73 0.9868563 
976 90 43 67 0.8825076 
834 113 44 81 0.7911702 
833 192 23 34 0.20671424 
953 105 45 69 0.19029428 
89 30 39 69 0.13872127 
752 53 25 33 0.056470085 
463 89 57 69 0.047521085 
530 221 30 38 0.04671538 
380 108 45 61 0.041038565 
747 67 41 56 0.037734326 
796 76 49 57 0.03475543 
654 44 54 67 0.03423633 
434 161 40 41 0.032969277 
663 2 27 25 0.032565907 
508 26 63 79 0.03106013 
611 116 57 72 0.030879935 
814 108 47 75 0.03060581 
927 122 54 75 0.029725557 
342 170 16 18 0.026551751 
410 80 26 31 0.023346474 
369 111 31 50 0.023218824 
484 121 40 48 0.023065448 
