53_Raid_policeraid_53_272
40
905 189 17 25 0.96900886 
583 236 19 27 0.8554135 
315 236 15 23 0.7075636 
335 227 13 18 0.09569773 
295 267 14 18 0.07248569 
291 223 20 21 0.07152812 
221 171 9 11 0.070569076 
364 330 11 14 0.057039715 
227 273 11 14 0.056838386 
268 227 11 13 0.055202696 
326 223 11 14 0.051317856 
321 233 16 24 0.048879094 
926 194 13 16 0.048364177 
309 229 13 20 0.036077958 
349 245 11 16 0.03578082 
528 327 8 11 0.03399545 
796 269 11 13 0.03299567 
466 300 9 12 0.03103894 
194 363 13 15 0.030590268 
788 210 18 24 0.029647373 
326 227 15 20 0.027370736 
517 245 16 19 0.02621073 
227 240 12 16 0.025310043 
383 317 9 12 0.024835067 
433 269 9 12 0.024426438 
534 270 10 14 0.02393319 
400 325 9 11 0.023742514 
556 321 14 19 0.023723971 
278 230 9 12 0.022943355 
657 333 11 14 0.022851413 
344 244 11 17 0.02175727 
465 317 8 10 0.021537876 
656 271 8 11 0.021335417 
129 189 8 9 0.021147478 
261 311 9 10 0.021096537 
639 364 9 11 0.020849094 
709 268 10 12 0.020835612 
274 310 8 10 0.020787157 
452 269 10 11 0.020546732 
140 301 9 10 0.020208074 
