53_Raid_policeraid_53_445
53
531 282 108 139 0.9996784 
115 166 50 58 0.9931852 
979 155 36 49 0.99014366 
212 197 42 53 0.9863874 
613 147 45 58 0.9847061 
820 132 48 58 0.9837636 
367 130 48 57 0.97848284 
765 160 41 52 0.97634435 
510 189 41 48 0.9670523 
66 182 42 52 0.8731221 
423 161 34 46 0.8439471 
305 200 36 44 0.5089796 
1 113 39 75 0.37950087 
484 161 37 44 0.15775068 
328 252 39 45 0.15525228 
388 180 33 43 0.14762388 
0 240 21 36 0.13977487 
567 96 18 22 0.12686615 
497 251 32 42 0.12385764 
714 177 33 42 0.11873745 
220 293 26 32 0.11100051 
843 90 24 30 0.09759955 
107 621 37 36 0.096940376 
771 271 21 29 0.09223271 
409 247 48 59 0.082408816 
294 403 25 31 0.073889844 
509 100 18 25 0.053131286 
767 244 26 35 0.052952446 
439 160 38 46 0.05246631 
685 77 25 34 0.05142673 
947 159 30 41 0.05111152 
841 103 17 20 0.045944154 
315 218 47 54 0.036851924 
110 91 14 19 0.036830667 
283 288 24 33 0.034850176 
535 99 22 29 0.034736626 
271 440 49 61 0.03376196 
686 170 28 43 0.032162797 
657 126 29 36 0.03150818 
348 297 34 40 0.029071141 
499 169 35 46 0.028522698 
562 72 15 18 0.027664863 
212 272 40 50 0.02476525 
503 250 56 72 0.02301847 
373 191 39 44 0.022935007 
757 246 41 54 0.02193724 
26 74 17 22 0.021891346 
304 415 19 21 0.021488084 
412 176 30 43 0.021005718 
404 148 44 58 0.020538285 
157 294 39 50 0.020244034 
13 437 62 83 0.02022725 
460 220 29 36 0.020152627 
