53_Raid_policeraid_53_770
45
197 58 54 73 0.99869823 
394 90 54 72 0.9975204 
847 151 12 14 0.27177393 
826 223 29 42 0.24652095 
912 205 8 10 0.11625439 
802 160 8 11 0.09751119 
712 188 7 10 0.07562385 
735 176 10 12 0.058709193 
834 227 17 25 0.055255257 
15 258 19 19 0.0528046 
928 199 9 12 0.0481823 
776 172 9 13 0.046195023 
781 173 11 13 0.045829333 
658 174 8 10 0.04526211 
15 266 13 15 0.04406181 
674 183 8 11 0.04364717 
943 148 8 10 0.041838612 
808 164 8 11 0.04156846 
814 166 9 10 0.038698226 
1011 144 12 19 0.036114868 
623 162 10 12 0.03222871 
802 212 41 61 0.03007556 
598 28 366 516 0.029774401 
783 167 12 13 0.02954399 
842 231 16 21 0.029223265 
837 221 33 37 0.028997336 
666 159 9 12 0.028436394 
829 238 16 23 0.0281535 
790 229 10 12 0.02687336 
741 207 9 11 0.026458139 
813 160 9 11 0.026130814 
792 180 8 10 0.025185432 
789 176 9 11 0.024045417 
721 411 10 12 0.023721365 
941 194 12 15 0.023716798 
739 173 11 14 0.023182742 
905 199 7 10 0.023047077 
824 201 50 69 0.023032458 
789 158 10 13 0.02282763 
721 173 9 10 0.022275591 
727 173 10 12 0.021885032 
897 199 8 10 0.021489805 
935 148 9 11 0.021160595 
768 214 8 10 0.020756984 
736 166 8 11 0.020159543 
