53_Raid_policeraid_53_489
24
54 136 40 54 0.98744583 
341 271 19 32 0.8397602 
72 229 19 31 0.74846536 
442 274 17 23 0.32488763 
374 173 8 10 0.19476233 
992 309 8 10 0.17142083 
576 542 14 16 0.1391544 
292 290 15 19 0.043433342 
881 313 7 9 0.036181975 
505 386 26 31 0.03512356 
920 326 8 9 0.033333555 
405 304 35 33 0.033025578 
408 434 24 31 0.031546183 
429 274 17 19 0.030734029 
935 326 8 10 0.025594886 
597 258 15 23 0.024630025 
997 308 7 11 0.024624482 
288 290 12 17 0.023903657 
318 276 13 19 0.023865437 
991 125 24 28 0.023643587 
726 135 8 10 0.02318847 
450 268 14 23 0.021741085 
387 370 16 22 0.021256885 
348 183 12 14 0.020584006 
