53_Raid_policeraid_53_207
98
325 271 9 12 0.40562916 
406 347 18 21 0.23895368 
318 428 8 11 0.19542609 
310 193 9 11 0.1507574 
478 163 20 36 0.14888944 
301 404 9 13 0.12518428 
234 404 9 11 0.11835062 
222 381 8 10 0.1181123 
63 414 7 9 0.109681115 
123 114 22 31 0.081232525 
286 84 8 10 0.07893896 
407 314 14 18 0.07670026 
787 44 12 14 0.06678931 
222 41 9 11 0.066125296 
174 329 8 9 0.06508724 
281 424 9 12 0.064855024 
128 366 7 9 0.06339967 
0 55 8 11 0.05819891 
314 288 9 11 0.05691205 
258 335 9 12 0.056070864 
129 400 7 8 0.056052085 
312 292 9 12 0.05427781 
310 408 9 12 0.053270426 
313 312 10 12 0.051539466 
153 295 7 8 0.046371996 
302 425 8 10 0.045842074 
157 329 8 9 0.04581113 
278 288 8 10 0.039406944 
328 192 8 11 0.038724054 
192 310 7 9 0.03842832 
95 417 7 9 0.037323855 
273 405 9 11 0.036889296 
321 396 9 12 0.036412954 
292 383 10 13 0.036213 
132 103 15 18 0.035280455 
170 270 7 8 0.035229865 
774 58 13 17 0.035220806 
161 401 7 9 0.03476073 
127 393 7 9 0.03474974 
159 78 8 9 0.03467129 
161 420 8 10 0.0335173 
239 270 7 10 0.032671824 
367 274 15 18 0.032559432 
226 309 7 10 0.03254828 
127 418 6 8 0.032471187 
289 241 7 9 0.03191775 
262 310 8 10 0.031833265 
166 112 9 11 0.030983372 
384 204 9 12 0.030383348 
280 261 7 9 0.02907207 
305 110 7 9 0.02875365 
367 307 13 17 0.028723177 
146 393 7 9 0.027623106 
223 408 8 10 0.02759773 
372 368 10 12 0.027475478 
122 328 7 8 0.02740528 
320 183 7 8 0.027386418 
318 383 11 16 0.027105412 
91 327 7 9 0.027101975 
784 41 11 12 0.026986929 
288 246 8 9 0.026956057 
319 208 7 9 0.026863221 
310 358 10 13 0.026856117 
154 353 7 9 0.026830656 
369 216 8 10 0.025958586 
367 367 9 12 0.025225502 
285 385 14 15 0.025120968 
312 334 10 13 0.02507935 
314 71 7 9 0.02505424 
258 96 9 12 0.024624528 
428 207 11 12 0.024563681 
274 194 8 8 0.024495369 
210 400 7 9 0.024200696 
949 30 8 11 0.024141451 
224 174 7 8 0.023883969 
315 426 8 11 0.023882082 
306 196 8 10 0.023819169 
237 46 8 11 0.02294801 
326 301 9 11 0.022788897 
147 415 7 10 0.022727158 
105 326 7 9 0.022706421 
409 307 17 20 0.022677949 
206 270 7 9 0.022507539 
274 198 7 10 0.022484602 
298 402 8 10 0.02247408 
240 358 8 11 0.022470206 
365 341 12 14 0.022295862 
233 160 7 9 0.022044545 
149 367 8 9 0.021854162 
272 248 7 9 0.021577256 
277 334 10 11 0.02148555 
224 336 7 10 0.021446165 
297 335 8 11 0.021043185 
276 310 10 12 0.02065252 
177 78 7 8 0.020585425 
361 367 10 12 0.020523805 
278 73 7 10 0.020333821 
296 96 7 10 0.02032264 
