53_Raid_policeraid_53_178
34
616 124 56 75 0.8741857 
885 278 34 42 0.48817703 
863 281 44 42 0.45941788 
398 281 22 32 0.16085884 
284 285 14 18 0.1499309 
608 142 41 50 0.11788731 
252 324 15 21 0.082919635 
144 413 52 78 0.059722815 
394 282 16 25 0.05862456 
147 429 15 22 0.057669695 
405 285 25 32 0.05490878 
990 102 11 14 0.053705662 
146 260 29 35 0.051636852 
980 87 11 13 0.04504345 
301 285 14 18 0.044509444 
148 418 28 41 0.042720176 
142 422 16 23 0.042154614 
172 340 27 43 0.040318623 
3 168 23 34 0.03515327 
122 273 30 38 0.031938024 
293 269 14 16 0.02617066 
330 358 44 50 0.025409263 
103 309 14 16 0.025341298 
303 276 14 16 0.02524882 
316 285 12 16 0.02492623 
293 284 13 18 0.024224391 
308 283 15 19 0.023769006 
70 278 10 13 0.023655742 
640 114 34 64 0.023577593 
338 288 13 18 0.022709124 
221 332 13 17 0.02245806 
872 291 48 44 0.022438927 
224 328 22 30 0.020985216 
254 359 18 19 0.020808065 
