53_Raid_policeraid_53_597
19
459 206 219 283 0.99986184 
991 809 23 28 0.23034179 
745 719 211 199 0.10102602 
18 876 22 31 0.04145225 
149 9 12 15 0.03515628 
945 790 20 30 0.034185402 
559 817 27 35 0.03388097 
593 702 114 181 0.031202361 
532 763 57 80 0.025817597 
6 874 25 41 0.025175283 
808 744 128 122 0.025143672 
867 706 98 120 0.023823615 
503 749 43 60 0.023219917 
260 471 12 14 0.022952424 
642 696 208 268 0.022311885 
603 789 69 80 0.021470414 
582 776 49 82 0.021104513 
576 815 48 67 0.020901846 
460 859 15 17 0.020895999 
