53_Raid_policeraid_53_805
20
191 216 27 38 0.99852175 
409 183 38 46 0.99822015 
583 166 23 32 0.5072376 
331 216 19 30 0.24604858 
683 206 30 40 0.22543554 
489 183 26 29 0.2147203 
884 200 14 24 0.092960805 
579 171 43 42 0.0885126 
1011 274 10 16 0.060480166 
504 187 17 20 0.05820073 
302 218 30 35 0.053088434 
214 205 14 21 0.038837098 
915 194 13 19 0.03393336 
494 64 12 18 0.027946224 
382 149 13 18 0.024654666 
81 0 18 15 0.023372186 
1012 281 10 17 0.022352008 
305 225 38 45 0.021403208 
436 173 30 41 0.021223072 
481 187 39 46 0.020541366 
