53_Raid_policeraid_53_368
63
821 76 102 129 0.9994831 
756 147 35 39 0.9985935 
546 132 38 46 0.9778346 
58 99 13 17 0.8432064 
29 109 20 23 0.7285538 
208 99 12 17 0.637808 
213 99 15 18 0.48341978 
302 117 10 11 0.40349334 
361 121 11 14 0.2637181 
255 652 13 16 0.17758267 
468 445 13 18 0.17076606 
454 416 13 17 0.16171736 
676 138 11 13 0.11407866 
477 421 9 13 0.10372021 
516 428 22 25 0.065381095 
310 438 11 14 0.059068225 
515 537 19 23 0.055529073 
284 400 17 21 0.05515936 
389 423 12 18 0.05076835 
383 459 14 19 0.04961503 
447 446 12 14 0.048022807 
66 98 12 16 0.046343148 
491 393 16 17 0.045297224 
557 399 9 12 0.04434452 
587 473 18 19 0.042873405 
425 185 11 12 0.041650936 
415 446 13 18 0.04064992 
714 146 17 20 0.04024589 
448 414 11 14 0.039084256 
631 485 8 11 0.038289417 
522 439 17 18 0.03728311 
307 116 10 13 0.035649262 
398 450 22 25 0.03415986 
522 327 16 21 0.03390089 
227 98 13 18 0.03376411 
446 549 15 17 0.031550348 
352 116 11 15 0.029733028 
1 134 11 17 0.029600358 
511 425 15 18 0.029097827 
558 531 11 14 0.028071862 
434 368 10 11 0.027768767 
84 94 9 12 0.027496574 
260 437 12 16 0.02710948 
639 225 13 17 0.02680664 
443 534 15 17 0.026545133 
468 546 12 13 0.026278974 
533 464 16 18 0.025983859 
545 546 14 19 0.025179591 
389 152 12 15 0.02434935 
389 400 14 18 0.02325103 
332 302 12 15 0.022930404 
410 457 14 19 0.022697397 
275 432 15 20 0.022525236 
387 384 12 14 0.02209005 
182 100 13 19 0.02207382 
284 391 17 20 0.021336593 
450 450 17 20 0.021317655 
296 112 10 12 0.02113677 
169 103 18 21 0.021056622 
460 448 24 27 0.020949682 
300 458 13 16 0.020852469 
388 452 16 21 0.020569038 
596 293 23 38 0.020021908 
