53_Raid_policeraid_53_599
62
355 305 28 34 0.99671316 
836 268 15 20 0.98577046 
582 268 16 20 0.9824029 
241 325 27 33 0.97673506 
135 149 67 103 0.9745054 
820 311 19 24 0.9631601 
621 265 15 20 0.9538564 
638 328 19 26 0.9193495 
875 283 12 14 0.89471674 
506 299 19 20 0.8920438 
853 301 18 22 0.8829101 
484 284 15 19 0.8619316 
665 257 13 15 0.75820833 
722 239 14 17 0.71989447 
886 328 20 28 0.5914524 
526 275 12 15 0.45587125 
461 291 16 23 0.38223064 
872 309 21 25 0.34794405 
704 312 17 21 0.33514118 
683 324 13 17 0.32538193 
450 366 31 47 0.3112207 
600 276 11 15 0.13725825 
94 526 20 24 0.13404869 
620 254 13 15 0.11762994 
760 328 21 23 0.10663247 
501 295 16 20 0.08709946 
478 287 14 18 0.08608935 
631 254 11 15 0.08535376 
431 332 20 32 0.08276729 
725 313 15 16 0.08030374 
770 327 17 21 0.07059206 
544 201 9 10 0.07021565 
627 260 14 18 0.06605351 
875 302 17 18 0.06095554 
677 316 13 19 0.051745635 
490 286 15 21 0.043216225 
468 286 15 22 0.04139189 
615 260 13 17 0.041133214 
470 326 25 29 0.040775 
884 301 12 15 0.03918059 
858 304 21 28 0.037337027 
880 306 17 21 0.036086198 
33 311 38 42 0.03473493 
622 299 14 17 0.03473127 
690 323 13 18 0.032796238 
462 362 35 46 0.031090425 
231 525 22 33 0.029507225 
876 332 26 32 0.027719865 
622 249 12 13 0.027258167 
883 315 23 29 0.025409436 
453 305 36 44 0.024955692 
466 324 16 21 0.024423506 
710 307 20 24 0.023098888 
787 350 19 22 0.022939634 
597 270 12 17 0.022813434 
458 299 21 27 0.02228445 
548 333 17 24 0.021960255 
891 300 11 14 0.021561136 
668 335 11 13 0.021215782 
863 277 12 14 0.020508928 
441 358 31 39 0.020073583 
453 373 18 26 0.020011034 
