53_Raid_policeraid_53_827
21
860 187 39 53 0.9651652 
566 185 33 35 0.9642249 
956 196 51 79 0.91433007 
641 177 28 48 0.59856236 
385 85 51 69 0.13857254 
369 446 281 266 0.13275364 
310 83 40 46 0.08590589 
677 485 159 201 0.044977233 
116 445 105 169 0.041148018 
600 206 22 26 0.039684605 
256 283 449 473 0.038263753 
27 99 384 520 0.037323393 
812 449 114 123 0.0350642 
663 179 44 52 0.034001768 
205 220 236 305 0.03235684 
651 176 36 44 0.025849326 
369 339 148 134 0.0230902 
707 177 24 34 0.023088172 
679 245 49 52 0.02168951 
938 225 63 67 0.020842418 
174 347 243 270 0.020629693 
