36_Football_americanfootball_ball_36_693
18
555 160 79 86 0.98104674 
265 117 79 86 0.8099611 
807 190 190 202 0.17201297 
635 255 83 124 0.1256743 
424 125 49 64 0.11011633 
501 296 57 72 0.079293035 
391 121 66 87 0.062296793 
898 4 52 54 0.0485787 
594 190 100 146 0.038990043 
735 111 28 34 0.03474355 
873 74 40 49 0.032533266 
169 0 30 23 0.032096367 
70 350 78 119 0.030025445 
590 593 60 72 0.02676821 
813 143 33 42 0.026095176 
174 51 33 44 0.025037475 
584 76 54 77 0.023700172 
781 1 32 24 0.021940798 
