36_Football_americanfootball_ball_36_6
113
300 172 14 19 0.99120176 
938 153 15 18 0.98946196 
252 170 14 17 0.98661983 
653 160 13 19 0.9858984 
612 254 15 18 0.9853892 
356 170 13 16 0.98493296 
566 124 12 16 0.9846533 
596 214 14 18 0.97670674 
399 194 14 19 0.9766995 
614 164 12 16 0.97538406 
407 157 14 18 0.9744949 
354 270 14 18 0.96655935 
443 198 20 22 0.96288556 
24 153 14 19 0.96035284 
376 217 14 18 0.9446381 
493 171 13 16 0.9438919 
969 258 14 17 0.90898824 
249 274 17 18 0.8715812 
574 274 12 13 0.79749435 
480 243 31 37 0.7630289 
995 150 13 16 0.7064713 
493 195 13 16 0.7050693 
803 122 46 56 0.6465886 
448 178 14 16 0.608795 
771 141 34 52 0.5731079 
591 164 13 16 0.5087797 
647 229 13 16 0.4317495 
127 118 34 41 0.39999107 
559 299 13 15 0.35344812 
988 220 13 19 0.3353043 
1014 210 10 16 0.31487375 
957 215 11 15 0.28469995 
507 203 12 14 0.28261065 
547 217 15 17 0.2080088 
575 198 13 16 0.1578471 
498 197 15 17 0.15163384 
520 155 11 15 0.1113753 
319 204 11 14 0.107166946 
543 229 15 17 0.09689239 
266 233 13 16 0.09316288 
406 216 16 19 0.092009194 
989 244 10 14 0.08972044 
773 189 64 65 0.07992687 
868 159 23 26 0.074776165 
298 244 15 17 0.071833916 
635 321 22 32 0.06983796 
261 313 11 14 0.066591926 
788 241 54 34 0.06507297 
344 212 10 14 0.06376661 
712 156 9 11 0.06335955 
980 168 11 13 0.061725307 
288 204 11 16 0.059002284 
647 282 21 23 0.058824837 
451 184 15 18 0.05500462 
599 276 13 15 0.05479194 
274 329 12 15 0.050801493 
752 151 43 49 0.049242716 
28 320 9 12 0.048393797 
963 213 14 16 0.047116067 
77 204 14 18 0.046088018 
23 142 10 13 0.04604245 
710 173 15 17 0.04556588 
508 171 10 14 0.04549921 
10 124 8 11 0.043449182 
409 278 24 30 0.04110114 
413 185 15 17 0.040917233 
0 206 8 15 0.038937617 
0 133 7 13 0.038008653 
1013 253 10 17 0.037709765 
672 188 11 14 0.0367555 
372 204 14 17 0.03628303 
488 330 18 21 0.03576144 
1001 251 10 13 0.03566876 
561 303 16 18 0.0339303 
678 182 10 12 0.032681018 
321 138 10 14 0.031213235 
497 247 19 25 0.030466216 
19 195 17 18 0.030133536 
895 153 11 18 0.029917803 
600 115 10 12 0.029794844 
220 237 10 13 0.029349985 
890 232 13 18 0.028892305 
679 175 10 12 0.027223226 
348 211 11 15 0.026338434 
756 164 58 70 0.026181027 
513 301 24 27 0.025535189 
501 167 12 15 0.025256982 
907 234 25 26 0.024830358 
463 195 12 18 0.024527 
159 166 23 32 0.024515241 
1006 253 10 13 0.02444901 
532 195 13 17 0.024398891 
553 212 14 18 0.024317974 
52 207 9 13 0.023664273 
271 212 12 15 0.023250084 
795 142 33 45 0.022831013 
626 320 17 23 0.022640297 
2 156 9 14 0.022456385 
471 288 31 35 0.022245947 
23 192 24 23 0.022046808 
272 317 9 11 0.021777818 
141 206 23 34 0.021510806 
38 118 8 10 0.02138392 
987 236 13 18 0.021370392 
12 188 16 20 0.020957783 
296 222 11 14 0.020646596 
960 258 12 16 0.02051003 
174 242 44 45 0.020430787 
257 243 11 14 0.02039179 
74 204 10 13 0.020372083 
510 188 12 16 0.02026425 
364 202 14 17 0.020257406 
761 214 61 60 0.02010821 
