36_Football_americanfootball_ball_36_257
29
626 135 56 68 0.99964213 
70 227 73 90 0.99908996 
429 195 64 73 0.99891746 
98 170 55 68 0.9966582 
864 158 82 111 0.9963677 
502 214 35 46 0.9956558 
285 169 60 71 0.99478686 
58 183 29 37 0.9780732 
384 193 34 49 0.947298 
779 205 47 65 0.64375746 
751 227 31 39 0.22874485 
431 183 31 40 0.22063524 
194 184 25 32 0.2115107 
1003 156 21 47 0.18680622 
536 217 24 36 0.16721235 
413 15 24 29 0.15009093 
0 180 24 49 0.07876815 
766 221 37 49 0.045055605 
395 191 42 59 0.040472403 
985 162 33 38 0.035654213 
432 167 32 34 0.03371657 
945 196 51 70 0.030914962 
888 0 60 92 0.03075561 
189 186 20 23 0.025167106 
0 153 17 31 0.02359413 
192 176 44 60 0.022231521 
242 59 46 60 0.021261394 
242 139 47 60 0.020758167 
275 177 34 41 0.02048399 
