36_Football_Football_36_23
28
381 100 56 68 0.9996414 
738 60 54 72 0.9991602 
226 60 57 78 0.997936 
603 55 57 75 0.9975331 
179 25 22 26 0.8625481 
139 3 19 24 0.7341135 
546 114 31 40 0.5395492 
74 0 20 21 0.52601117 
81 32 21 27 0.5216955 
562 21 21 27 0.28589165 
27 57 23 29 0.22211583 
494 35 17 24 0.07265009 
365 12 23 26 0.057751227 
488 4 18 22 0.052084416 
548 60 15 20 0.051028676 
521 9 19 24 0.04827799 
302 224 22 26 0.044927817 
175 0 19 17 0.04283335 
12 1 24 22 0.04230086 
83 46 18 24 0.040117994 
238 27 45 55 0.032743447 
49 0 19 14 0.028145492 
464 236 40 40 0.02783513 
101 2 18 21 0.02612549 
497 74 25 29 0.023358697 
975 68 50 75 0.022342904 
553 8 24 33 0.020936538 
3 0 20 18 0.020659745 
