36_Football_americanfootball_ball_36_487
1820
88 221 10 14 0.9817664 
871 230 10 13 0.97755826 
950 117 9 11 0.97458243 
168 237 12 16 0.9734856 
231 233 14 17 0.9734726 
276 199 12 15 0.97287256 
585 221 10 13 0.97118 
47 255 12 15 0.9703583 
296 182 11 15 0.9700687 
204 231 12 16 0.9696425 
797 324 23 29 0.9684673 
95 91 10 13 0.9684493 
285 80 10 12 0.9673103 
15 92 10 13 0.9646814 
961 174 10 13 0.9626301 
224 252 12 17 0.9593739 
87 108 10 13 0.9591752 
916 165 10 13 0.9557072 
655 181 10 13 0.9552232 
526 245 12 15 0.9535476 
533 196 11 13 0.95105493 
631 228 11 14 0.94943804 
607 244 11 14 0.94868493 
30 20 10 13 0.94116926 
811 331 20 29 0.9406086 
70 195 11 15 0.93671334 
381 67 10 12 0.93203926 
85 152 10 12 0.9264391 
375 251 11 16 0.9259321 
767 112 9 11 0.9210614 
382 46 9 12 0.92038614 
299 287 16 20 0.9150056 
622 183 9 12 0.91445196 
56 101 11 13 0.9130886 
537 109 10 13 0.91041607 
129 139 10 12 0.90718234 
276 163 10 13 0.90693283 
748 246 10 14 0.8993542 
919 212 10 13 0.89750725 
321 256 11 14 0.89375365 
884 44 10 13 0.8935456 
843 2 11 15 0.8913951 
788 199 11 13 0.8910495 
12 145 12 14 0.89094985 
99 243 12 15 0.88330054 
292 257 11 14 0.879214 
398 133 10 12 0.87770295 
12 66 10 13 0.8750013 
978 103 9 12 0.87495184 
843 211 11 14 0.87269807 
113 88 10 13 0.87120193 
927 119 9 11 0.8691808 
943 173 9 11 0.8680776 
114 52 10 13 0.8636785 
775 243 11 14 0.86173576 
662 31 8 11 0.86125046 
686 183 9 12 0.86027884 
40 133 10 14 0.85963833 
863 108 9 12 0.85822344 
102 175 11 14 0.85727894 
419 253 11 14 0.8568306 
61 140 10 12 0.8566359 
413 232 11 13 0.85535175 
838 44 10 12 0.85532373 
55 302 16 23 0.854766 
421 110 9 12 0.852619 
29 235 11 14 0.8511175 
897 227 11 14 0.8501509 
514 197 11 14 0.8484085 
625 73 9 11 0.8409019 
291 159 11 13 0.836129 
84 31 9 12 0.83462465 
697 120 9 11 0.8315296 
32 104 9 12 0.8301678 
57 155 10 14 0.82704407 
825 208 10 12 0.8266335 
100 200 11 13 0.8245499 
168 118 11 14 0.8233506 
886 163 10 13 0.82144314 
195 175 10 13 0.8151186 
357 180 10 12 0.8148058 
574 40 8 11 0.81293106 
41 93 10 13 0.81200945 
253 159 10 12 0.8096327 
719 232 10 13 0.8087522 
942 104 10 12 0.80722106 
799 222 8 11 0.8045646 
669 78 8 11 0.80418706 
639 108 8 11 0.7955384 
7 216 10 14 0.7952892 
913 231 9 12 0.7944157 
57 51 11 14 0.7929945 
547 196 9 13 0.79112023 
554 223 9 12 0.78924453 
886 19 12 15 0.78772694 
398 95 9 11 0.78669566 
673 238 11 14 0.78659976 
40 56 10 13 0.7857319 
914 55 10 13 0.7838739 
62 37 9 12 0.7831887 
437 29 9 11 0.7823102 
792 174 9 10 0.7807477 
264 36 10 12 0.77832127 
184 15 9 12 0.7775732 
975 146 11 13 0.7774542 
879 124 9 12 0.7741896 
528 23 8 10 0.7729442 
922 183 9 12 0.7722364 
703 79 9 11 0.7672111 
885 14 10 14 0.76355547 
605 44 9 12 0.7581758 
359 272 11 14 0.7573088 
942 144 9 12 0.7565912 
658 207 10 13 0.75655496 
735 73 9 11 0.7545363 
728 200 8 12 0.75433296 
702 211 10 12 0.7515853 
372 100 10 12 0.74918264 
397 251 9 13 0.7473755 
506 72 9 11 0.74565244 
705 97 8 11 0.73589003 
309 13 9 11 0.73411065 
676 97 9 11 0.7329265 
949 23 10 12 0.72884196 
7 108 9 11 0.72540915 
430 189 10 12 0.7249758 
770 32 10 12 0.72315794 
176 100 10 13 0.7208295 
906 190 9 12 0.7150583 
390 230 11 15 0.7147783 
25 173 10 13 0.71445173 
317 52 9 12 0.7143379 
455 113 9 12 0.71132046 
140 249 12 15 0.7108563 
445 81 9 11 0.70915276 
626 6 10 13 0.7077921 
422 29 9 11 0.69586986 
320 183 11 14 0.6937247 
506 99 9 12 0.69178593 
975 123 10 12 0.6882419 
449 37 9 12 0.6834719 
945 86 9 11 0.6824607 
709 14 8 11 0.6797526 
732 244 9 13 0.6788168 
145 167 11 14 0.6738179 
103 156 10 13 0.6731999 
663 112 8 10 0.66917104 
796 51 11 12 0.6675915 
63 89 10 12 0.6638456 
597 5 9 11 0.66297746 
976 174 10 12 0.6619126 
672 57 9 10 0.66182476 
54 12 9 11 0.66026336 
392 57 9 10 0.6585742 
1000 171 10 13 0.65588826 
479 37 9 11 0.65185606 
82 255 12 16 0.64961416 
767 194 9 12 0.6480268 
143 101 10 12 0.6460153 
97 143 10 12 0.6351961 
463 85 9 11 0.6338223 
987 228 11 13 0.6239107 
64 222 12 15 0.62258595 
466 132 9 12 0.6182141 
328 38 10 13 0.6158785 
598 136 9 12 0.60956854 
910 120 9 12 0.60574675 
698 246 13 16 0.6053608 
534 81 9 11 0.60440534 
809 37 9 11 0.6033313 
132 47 9 12 0.5998555 
273 105 9 11 0.59829473 
87 180 9 11 0.5971336 
159 61 8 11 0.5958159 
424 68 9 11 0.5937438 
9 36 10 12 0.5905096 
773 0 10 10 0.58966047 
637 252 11 13 0.58926374 
634 135 8 10 0.58915395 
212 119 8 11 0.5882719 
426 142 9 12 0.5869631 
324 108 9 11 0.5865526 
842 175 9 12 0.58635336 
688 73 9 11 0.58426917 
321 71 8 10 0.5776658 
328 14 10 12 0.5773643 
869 204 9 12 0.5736497 
845 89 8 10 0.5715329 
82 66 10 14 0.57026243 
649 113 8 10 0.56981 
722 86 8 11 0.5696984 
487 104 9 11 0.5683191 
910 13 10 11 0.5628145 
20 309 13 18 0.56264764 
76 136 11 13 0.5544545 
860 149 9 11 0.5501294 
361 20 9 12 0.5474337 
518 41 8 10 0.54299 
714 127 9 12 0.5426554 
758 176 9 12 0.5408692 
588 32 9 11 0.53819364 
884 80 9 13 0.5374047 
866 40 10 12 0.5372369 
825 167 9 11 0.5351326 
575 192 9 12 0.5350654 
568 220 9 13 0.5347353 
940 254 15 21 0.53449017 
181 70 9 11 0.5341141 
879 212 10 12 0.5338355 
453 57 9 12 0.5328199 
737 120 8 12 0.5322295 
557 28 9 11 0.53168064 
199 65 9 11 0.5313901 
367 238 10 12 0.52798057 
758 85 9 11 0.5254004 
563 12 8 11 0.52322084 
920 21 9 11 0.5175287 
495 127 10 12 0.5161124 
860 79 9 10 0.51549023 
390 177 10 12 0.51533765 
992 104 9 11 0.5135743 
300 103 10 11 0.50734425 
285 5 10 12 0.50578797 
175 49 9 10 0.4970971 
222 93 8 10 0.49671632 
653 76 8 11 0.4894299 
941 228 10 12 0.48693356 
599 95 9 11 0.48590752 
983 165 9 11 0.4836629 
314 27 9 12 0.47902367 
501 280 11 16 0.47683704 
913 75 9 11 0.47559136 
197 6 8 11 0.47061095 
17 123 9 11 0.46738973 
336 279 11 14 0.46379063 
205 78 8 11 0.462522 
554 31 8 10 0.4623509 
416 181 10 13 0.45914093 
941 52 8 10 0.4559767 
1004 101 9 12 0.4551844 
125 32 9 12 0.4525219 
615 147 9 12 0.44874132 
450 132 9 12 0.4438781 
11 308 15 18 0.44170463 
229 79 9 10 0.44040316 
566 126 9 11 0.43974188 
393 87 9 12 0.43925136 
591 277 11 15 0.43815014 
160 16 10 12 0.43722805 
735 358 9 11 0.43632945 
341 86 10 13 0.43127897 
1001 29 9 11 0.42211723 
944 38 9 10 0.42169157 
645 89 9 11 0.4207574 
796 93 9 11 0.40537217 
710 96 8 11 0.40484422 
153 123 8 12 0.4044561 
872 179 9 12 0.4025649 
783 158 9 12 0.40159917 
485 277 11 13 0.3986583 
488 200 11 13 0.39506444 
752 261 11 14 0.3944126 
553 47 9 10 0.39416525 
541 14 8 9 0.39291638 
357 95 10 12 0.39211193 
765 145 10 11 0.39178273 
788 35 10 13 0.39136556 
830 184 9 12 0.38649175 
349 47 9 11 0.38478684 
103 32 10 12 0.38437653 
601 182 10 12 0.38081515 
228 140 10 13 0.37868336 
257 73 10 12 0.37809643 
1013 148 9 12 0.3775469 
566 251 10 13 0.3753622 
191 86 8 11 0.37449434 
464 0 10 11 0.37162033 
582 132 9 10 0.37074736 
182 65 8 10 0.37073886 
105 8 9 12 0.370729 
653 147 9 13 0.3646019 
47 285 11 15 0.36280373 
840 234 9 13 0.3606496 
399 286 13 17 0.36000854 
926 275 11 13 0.35910916 
41 124 9 13 0.35823348 
564 100 9 11 0.35751268 
314 277 14 18 0.35626796 
117 252 11 15 0.35618785 
900 89 9 11 0.35562345 
867 286 12 18 0.35238025 
732 8 9 11 0.35218397 
478 15 9 10 0.35201573 
632 206 9 13 0.35149363 
68 180 9 12 0.3502917 
813 204 9 12 0.3487993 
509 4 9 10 0.3423469 
24 78 10 12 0.34079266 
248 105 8 11 0.33675867 
681 110 9 11 0.3356399 
173 122 10 13 0.3345793 
551 100 9 12 0.33226204 
353 76 9 11 0.32874507 
235 22 10 12 0.32844564 
140 28 9 12 0.32832956 
183 34 9 10 0.32524553 
697 30 8 10 0.3214136 
899 272 16 18 0.31991553 
297 55 9 11 0.31683463 
973 8 10 12 0.31404072 
543 61 7 10 0.31088609 
798 242 11 13 0.310732 
229 155 10 13 0.3100424 
551 37 8 10 0.31001005 
294 61 9 11 0.3092406 
674 28 9 12 0.307291 
158 87 10 12 0.30665097 
926 100 9 12 0.30557233 
1004 260 11 13 0.30454573 
599 87 9 10 0.30214748 
525 66 8 10 0.30115584 
395 92 9 12 0.30046147 
576 61 9 11 0.29831412 
699 188 9 11 0.29805854 
616 101 8 11 0.29704368 
992 4 10 12 0.29533854 
135 289 16 18 0.29415533 
438 45 9 10 0.29366985 
238 47 8 10 0.29327035 
299 107 11 13 0.2919209 
640 45 9 11 0.29191616 
237 215 10 13 0.2884969 
14 245 12 16 0.2884199 
542 29 8 10 0.28792977 
466 294 14 17 0.2853517 
536 257 12 16 0.28489405 
480 135 8 10 0.2833183 
233 92 8 11 0.2831974 
828 92 9 11 0.28089732 
782 77 8 11 0.27678284 
-1 71 8 12 0.27607074 
577 110 10 12 0.27493966 
384 230 12 14 0.27398312 
447 450 15 16 0.27352023 
949 230 9 11 0.26847172 
262 160 8 12 0.26497242 
4 254 9 13 0.2634778 
257 119 10 13 0.26104608 
165 36 8 11 0.2535053 
362 1 9 11 0.25223967 
65 23 10 13 0.24989742 
769 88 8 10 0.24950443 
505 2 9 10 0.24416244 
224 0 11 12 0.24410117 
810 62 8 11 0.24404728 
473 53 8 9 0.24084531 
117 106 10 13 0.24083084 
503 44 8 10 0.23875043 
79 16 9 11 0.23803584 
422 48 8 10 0.23580763 
629 97 9 10 0.23560345 
823 237 10 13 0.2355031 
333 62 9 11 0.23532921 
862 172 10 13 0.23523392 
717 192 9 11 0.23392911 
884 206 10 12 0.23379248 
282 285 14 18 0.2334426 
761 340 10 14 0.22985516 
297 17 8 11 0.22833255 
434 111 8 11 0.22365299 
921 39 10 12 0.22304136 
446 190 8 10 0.22216567 
154 77 8 11 0.22150972 
247 84 8 11 0.22121137 
394 13 8 11 0.22043717 
761 69 8 11 0.22023523 
906 14 9 12 0.21789524 
306 168 9 12 0.21654567 
727 30 8 11 0.21161917 
227 119 8 11 0.21100283 
45 119 9 11 0.2106138 
48 148 10 12 0.21051373 
497 44 8 10 0.20970143 
116 243 12 15 0.20869358 
898 197 8 11 0.20806447 
545 1 7 9 0.20805167 
960 23 8 11 0.20543413 
422 79 9 11 0.2045356 
786 141 8 10 0.20441423 
625 97 8 10 0.20149921 
1013 237 8 13 0.20130879 
245 62 9 11 0.19993328 
647 45 8 11 0.19988158 
865 63 9 11 0.19981776 
930 14 9 12 0.19931102 
648 39 8 11 0.19841371 
966 224 9 11 0.19839059 
478 89 8 11 0.19783446 
616 97 8 10 0.19592066 
607 87 8 10 0.19507407 
560 71 9 10 0.1929687 
1002 96 11 12 0.19229113 
305 92 10 12 0.19183667 
618 283 12 14 0.19137986 
256 109 8 11 0.18986799 
610 119 9 12 0.18972538 
111 31 8 11 0.18970332 
261 291 11 13 0.18884286 
515 112 8 11 0.18442358 
829 237 10 13 0.18394431 
536 24 7 10 0.18379292 
167 139 10 12 0.18295921 
808 45 10 13 0.18174839 
855 126 9 10 0.18082763 
26 84 9 12 0.17911373 
85 340 12 14 0.17902415 
47 71 9 11 0.17836913 
515 316 14 17 0.17746006 
1009 182 9 12 0.1772878 
1 125 9 12 0.1766648 
625 226 11 15 0.1765524 
833 78 8 10 0.17639321 
701 37 8 10 0.17608973 
814 161 8 10 0.17487122 
165 92 9 11 0.17301251 
288 451 12 14 0.17215979 
454 96 9 12 0.17070563 
199 87 8 10 0.17044094 
330 62 8 11 0.170293 
847 46 9 12 0.16690378 
256 267 12 14 0.16655649 
242 291 12 16 0.16597581 
969 11 10 12 0.16321898 
1014 181 9 12 0.16230573 
288 213 9 13 0.16201043 
302 73 8 10 0.1617815 
192 33 8 10 0.16160229 
462 182 10 12 0.16127132 
489 236 15 18 0.1611345 
361 246 10 14 0.16103372 
65 116 9 11 0.16062072 
151 235 11 13 0.15945832 
922 94 9 11 0.15921386 
719 197 9 12 0.15901408 
845 234 9 13 0.15879853 
609 124 9 11 0.15850769 
766 214 10 11 0.15801194 
135 71 8 11 0.1578537 
285 231 9 12 0.15707585 
954 52 9 12 0.15607892 
166 20 9 11 0.15567206 
612 13 10 12 0.15419775 
336 181 11 14 0.15418817 
938 226 9 12 0.15362713 
900 108 10 12 0.15348051 
327 139 10 13 0.1528865 
575 268 12 16 0.15117769 
232 87 9 11 0.15093607 
386 102 8 11 0.15072344 
1 247 9 12 0.1500751 
224 136 10 11 0.14998707 
1016 124 8 12 0.1493494 
421 205 9 11 0.14762983 
582 104 9 11 0.14730364 
373 165 9 11 0.14608377 
391 199 9 12 0.14589225 
291 62 8 10 0.14583087 
232 375 9 10 0.14281808 
297 77 8 11 0.14139391 
758 247 9 13 0.14042309 
1014 250 9 15 0.13992478 
319 76 8 10 0.13944188 
94 273 14 18 0.13920948 
937 188 9 11 0.1391061 
784 190 9 12 0.13820063 
694 25 9 11 0.13808048 
656 112 8 11 0.13757378 
736 260 10 12 0.13753611 
567 144 10 12 0.13727638 
618 135 8 11 0.13702585 
887 200 9 11 0.13522586 
64 29 10 12 0.13520326 
608 111 8 10 0.13515228 
782 15 8 11 0.134191 
501 118 9 12 0.13370779 
938 104 9 12 0.13324814 
642 198 9 10 0.1328971 
127 111 9 11 0.132723 
538 29 8 10 0.13243964 
436 93 9 11 0.13229454 
673 414 11 14 0.1316175 
847 254 9 12 0.13151026 
690 236 9 12 0.13150392 
506 20 7 10 0.13127935 
261 59 9 12 0.13119917 
37 100 10 13 0.13103166 
29 151 10 12 0.13087295 
520 16 8 9 0.13061863 
761 80 8 11 0.12973735 
14 -1 8 9 0.12956709 
903 19 9 12 0.12940998 
766 79 8 10 0.12918639 
490 302 14 16 0.12901846 
864 70 10 11 0.1278342 
431 282 12 15 0.12724723 
810 164 8 10 0.12675346 
1015 119 8 12 0.12671793 
304 446 11 13 0.12611866 
1000 40 10 12 0.12570861 
25 70 9 12 0.12567222 
421 53 8 10 0.125594 
234 48 9 11 0.12538908 
544 7 8 10 0.12531267 
530 84 9 11 0.12487155 
697 76 8 12 0.124475665 
977 30 8 10 0.12440303 
393 29 9 11 0.12429945 
-1 214 8 14 0.1236803 
26 36 9 11 0.12301458 
154 85 9 12 0.122448385 
734 197 8 11 0.12200699 
681 70 8 11 0.121915914 
776 228 9 12 0.121775106 
239 371 8 11 0.12163109 
423 85 9 10 0.12088161 
637 205 9 13 0.12017546 
349 253 10 12 0.119551875 
303 125 8 11 0.11850711 
696 414 12 15 0.11713313 
816 85 8 10 0.116796374 
286 1 10 11 0.11638735 
516 280 14 17 0.11559305 
790 103 8 11 0.115302436 
6 302 16 19 0.11435578 
260 123 10 13 0.114349835 
879 308 18 19 0.114274435 
573 -1 8 9 0.11421501 
617 317 17 21 0.11418672 
200 93 8 10 0.11344984 
817 237 10 12 0.113005556 
180 96 9 11 0.11295436 
64 7 9 11 0.11123389 
296 70 9 12 0.111022554 
916 14 10 13 0.11028782 
896 135 7 10 0.1102419 
416 388 11 14 0.109915204 
858 144 9 12 0.10975221 
128 101 8 10 0.109575346 
680 12 9 11 0.10950555 
642 92 8 11 0.10948079 
145 65 8 10 0.10914026 
702 228 10 12 0.10902411 
351 119 11 12 0.108860716 
89 12 8 11 0.10875828 
880 142 8 11 0.1086242 
901 283 15 16 0.10860311 
246 277 9 11 0.10854796 
6 246 9 13 0.108364895 
61 11 10 12 0.10821199 
344 52 9 11 0.106932834 
744 229 9 12 0.106134236 
744 212 9 12 0.106034964 
722 33 8 9 0.10596344 
449 101 9 11 0.105364114 
327 347 13 15 0.105258875 
529 53 8 10 0.105141066 
222 357 11 14 0.10482009 
198 1 9 9 0.10460852 
642 15 9 11 0.10409186 
112 134 10 12 0.103694685 
428 68 9 11 0.10362732 
138 25 9 11 0.103149064 
544 57 7 9 0.102830745 
645 21 8 11 0.102829315 
552 51 8 11 0.102815874 
767 164 9 11 0.10269658 
788 270 14 16 0.102060296 
781 274 12 15 0.101452544 
496 16 7 9 0.10130422 
519 87 8 10 0.100945465 
949 159 9 12 0.10055694 
562 96 9 12 0.10025743 
674 -1 8 9 0.09992418 
16 53 10 11 0.09985709 
20 121 10 11 0.099272646 
631 87 8 10 0.0991845 
650 54 9 11 0.099165104 
977 167 10 13 0.09893473 
25 313 13 17 0.0984043 
264 21 9 11 0.09783622 
943 67 9 11 0.09749285 
671 221 10 12 0.09733746 
689 230 9 12 0.09668484 
732 316 11 12 0.096621566 
137 123 10 12 0.09655131 
862 84 8 11 0.09633858 
232 53 8 10 0.095803246 
264 251 11 14 0.09491783 
837 28 10 12 0.094513446 
391 285 12 16 0.093642645 
213 158 9 12 0.09329946 
494 55 8 10 0.093289025 
509 276 14 17 0.0929694 
726 113 9 11 0.09253344 
398 149 9 12 0.092029996 
510 21 7 10 0.09190086 
1007 108 9 12 0.09145508 
167 112 10 12 0.09105113 
479 20 9 11 0.09095059 
534 269 13 16 0.09082039 
917 8 9 11 0.09042116 
255 234 11 15 0.090309165 
637 150 9 10 0.089476526 
442 84 9 10 0.089192085 
374 160 9 11 0.08912065 
705 47 8 11 0.08883712 
968 56 10 12 0.08839058 
265 104 7 10 0.088147946 
453 129 9 11 0.087938145 
584 274 14 18 0.08776723 
694 72 9 11 0.087670445 
463 70 9 11 0.08765875 
135 229 10 12 0.08763549 
773 88 8 11 0.08744297 
285 235 12 15 0.087413885 
743 281 13 16 0.087314695 
217 89 8 11 0.08730816 
344 252 9 12 0.08722358 
581 63 8 10 0.08719163 
769 93 8 10 0.087069154 
224 88 8 11 0.08654736 
212 62 9 11 0.08650467 
30 6 9 10 0.086436786 
776 62 8 11 0.086270705 
2 259 10 13 0.0862319 
959 0 8 8 0.08614232 
999 203 13 14 0.08578653 
823 134 10 11 0.08555023 
966 94 10 12 0.085393086 
190 80 8 10 0.08480745 
703 282 15 18 0.083696686 
624 37 9 11 0.08356671 
907 124 9 12 0.08337802 
901 195 10 12 0.08325101 
804 110 10 11 0.08312129 
1010 144 10 12 0.082946874 
700 143 10 12 0.082828306 
600 100 8 10 0.08281595 
624 32 9 10 0.08259222 
809 53 9 11 0.08247763 
350 52 9 11 0.0823926 
725 36 8 10 0.081824236 
133 222 9 12 0.081638515 
842 91 8 11 0.08154625 
560 86 8 10 0.08154453 
537 0 8 9 0.08133346 
70 111 8 11 0.07994386 
261 110 8 10 0.079355404 
342 225 9 11 0.079205014 
881 61 9 11 0.07891549 
69 27 9 12 0.07883206 
423 36 9 12 0.07882326 
311 271 13 16 0.07857334 
384 215 9 12 0.07828299 
214 3 9 11 0.078234345 
1014 69 7 11 0.078214504 
627 269 11 13 0.07792506 
790 108 9 11 0.077683166 
9 -1 9 9 0.077681705 
330 0 8 9 0.07733184 
480 128 9 10 0.07721721 
782 151 9 12 0.07709054 
650 142 10 13 0.077047795 
92 46 9 11 0.07671524 
820 231 10 13 0.07646183 
743 198 8 10 0.07631451 
709 78 8 11 0.07615961 
421 104 9 12 0.07605805 
493 222 12 14 0.076001614 
765 175 9 11 0.0758546 
559 246 11 14 0.075666346 
129 220 9 12 0.07554583 
241 386 9 12 0.075545624 
170 284 12 14 0.07540604 
250 13 8 12 0.07490117 
875 177 9 11 0.07488183 
549 292 12 16 0.07485332 
608 104 8 10 0.07463708 
87 188 10 14 0.07458161 
829 133 9 12 0.07447728 
621 380 10 14 0.074233495 
376 188 8 11 0.0739478 
519 -1 8 8 0.073634885 
712 99 9 11 0.07357002 
716 131 9 12 0.07317342 
675 61 9 11 0.0731568 
462 287 13 16 0.07315522 
0 120 8 11 0.07307179 
881 133 8 12 0.0730708 
263 95 7 10 0.07302325 
588 309 12 16 0.07297514 
742 174 9 11 0.072923675 
457 77 8 10 0.07276171 
98 283 13 17 0.07263562 
850 133 7 11 0.07216461 
814 54 8 10 0.072163664 
495 261 11 14 0.07204704 
218 135 8 11 0.07198924 
390 319 13 17 0.07170578 
5 126 9 12 0.07164529 
301 61 9 11 0.07138756 
743 295 11 13 0.07090894 
121 68 10 12 0.070836656 
814 275 13 16 0.07068767 
663 134 9 11 0.07067705 
623 134 7 10 0.07054743 
343 64 8 10 0.07051755 
471 31 9 11 0.07028449 
656 95 7 9 0.070278175 
112 104 10 13 0.07007588 
494 69 8 11 0.06925913 
39 182 8 11 0.06925304 
962 39 8 11 0.06913972 
42 165 9 11 0.06910288 
168 345 13 17 0.06906122 
491 53 7 10 0.06903347 
888 135 7 10 0.0690141 
31 156 10 12 0.06897234 
473 416 10 12 0.06890791 
104 218 10 14 0.06809946 
560 66 8 10 0.0679416 
785 165 8 11 0.06786389 
983 188 9 11 0.06753729 
734 205 9 12 0.06749439 
550 0 8 10 0.0671357 
490 48 7 9 0.066947386 
592 76 8 11 0.0669094 
912 113 9 11 0.06690393 
586 35 8 12 0.066422224 
1008 15 9 11 0.06639797 
973 60 9 12 0.06636336 
158 72 8 11 0.066257715 
656 128 9 11 0.0662014 
653 116 8 10 0.06616836 
442 189 8 11 0.066018485 
197 32 9 11 0.06583805 
991 71 8 10 0.06572385 
528 47 8 10 0.065689564 
334 45 9 11 0.06563531 
486 -1 8 8 0.06552686 
344 7 8 11 0.06536891 
466 30 9 11 0.065131016 
334 0 8 9 0.06504799 
951 143 10 13 0.06490783 
352 292 13 17 0.06472787 
162 33 9 11 0.06464348 
694 231 9 12 0.064600304 
491 228 13 15 0.064465426 
225 125 9 10 0.06399305 
735 254 10 13 0.06377146 
600 80 7 10 0.06374205 
685 8 9 11 0.06363707 
309 280 14 21 0.06330103 
477 55 8 10 0.06326878 
417 381 11 15 0.063169904 
189 13 9 12 0.06316754 
784 118 8 10 0.06314178 
766 72 8 11 0.06304191 
178 37 8 10 0.06285585 
344 118 10 12 0.06271237 
631 38 9 12 0.062538125 
699 63 8 10 0.062386014 
791 126 8 10 0.062312145 
676 24 9 11 0.062217444 
-1 285 8 13 0.062144164 
836 267 14 18 0.062141474 
460 331 14 17 0.061985217 
761 291 10 13 0.061623767 
807 276 10 13 0.06161102 
707 289 14 17 0.06143456 
128 68 8 12 0.061371773 
270 23 9 10 0.061316337 
513 88 8 10 0.06128454 
100 149 10 13 0.061133508 
641 70 8 10 0.061005194 
509 311 15 18 0.06100108 
32 1 9 10 0.06089976 
237 166 9 11 0.060877196 
372 238 10 12 0.060870532 
0 54 9 12 0.060795695 
1 196 9 13 0.060700227 
656 37 8 11 0.060686916 
788 159 8 10 0.060686827 
871 88 8 10 0.06057063 
439 223 9 11 0.060514104 
254 14 8 11 0.060445953 
948 37 9 11 0.06034489 
967 39 8 11 0.060270768 
357 61 9 12 0.060120218 
183 317 13 14 0.059934907 
153 320 14 19 0.05988343 
479 10 9 10 0.0595977 
960 197 11 13 0.059558447 
578 132 9 11 0.059536844 
928 242 11 14 0.05950989 
451 112 8 12 0.059442244 
464 45 9 11 0.059033543 
953 148 10 13 0.058676172 
739 123 9 13 0.05856027 
103 108 9 12 0.058296945 
950 101 9 12 0.05824064 
776 54 9 11 0.05821664 
997 212 16 19 0.05775223 
320 64 8 10 0.057637244 
496 62 8 12 0.057577282 
778 151 8 10 0.0575298 
826 88 8 11 0.05748323 
294 38 9 11 0.05744626 
353 64 8 10 0.057379022 
689 29 8 10 0.057360917 
780 56 8 11 0.057118602 
904 157 8 11 0.0570194 
46 142 9 13 0.0570076 
383 0 8 9 0.056919213 
455 152 10 12 0.056875926 
954 132 9 11 0.056543976 
418 49 9 11 0.056532748 
383 285 12 16 0.05642336 
650 72 9 11 0.056355234 
654 62 8 10 0.05630246 
648 33 8 10 0.05598673 
878 96 9 11 0.055956844 
742 77 8 10 0.05592355 
223 31 9 11 0.05585767 
710 247 10 13 0.055799644 
358 56 9 10 0.055767003 
48 75 9 12 0.055686958 
76 277 13 16 0.05560385 
679 86 8 9 0.055375684 
479 319 20 26 0.05520068 
184 76 8 11 0.05514268 
807 201 10 12 0.055070065 
956 142 10 12 0.05504573 
653 46 8 11 0.05503405 
901 214 10 12 0.054922797 
108 36 10 12 0.054705177 
484 118 9 11 0.05468137 
0 130 9 13 0.054626446 
873 93 9 11 0.054561436 
648 228 9 12 0.05441899 
31 191 10 13 0.054253094 
1009 22 8 10 0.054222718 
297 48 9 10 0.054044563 
536 56 7 10 0.053776857 
255 305 12 19 0.053751893 
383 221 12 15 0.053727813 
578 128 8 11 0.05367402 
922 118 9 12 0.053539556 
728 220 9 10 0.053496234 
294 -1 9 10 0.05346042 
169 54 8 10 0.053452317 
523 22 7 10 0.05344693 
921 29 9 11 0.053285953 
314 77 8 10 0.053197276 
73 139 10 13 0.053178538 
585 1 9 9 0.05314201 
278 54 9 11 0.053141173 
944 180 9 12 0.052952413 
278 277 13 18 0.052784096 
821 111 10 11 0.052740935 
493 249 14 17 0.052595876 
233 219 12 14 0.052566208 
793 151 7 10 0.05255861 
204 70 9 12 0.05253663 
38 159 8 11 0.052507862 
8 133 9 11 0.052414738 
514 327 17 20 0.05239511 
546 46 7 10 0.05229516 
367 189 8 11 0.052113593 
821 305 11 16 0.052081082 
719 1 9 10 0.05193638 
986 40 8 10 0.051925294 
560 78 8 11 0.051887393 
182 140 9 11 0.051735617 
242 126 9 11 0.051484283 
19 92 10 13 0.051284947 
217 48 8 10 0.05119621 
661 280 9 12 0.05105939 
712 72 8 10 0.050911807 
948 165 10 13 0.050824158 
901 206 9 10 0.050806705 
431 126 9 11 0.05076337 
207 55 8 10 0.050604597 
932 241 14 17 0.05058525 
615 62 9 11 0.050489224 
175 106 10 13 0.05046836 
776 305 16 17 0.05018782 
858 84 8 11 0.050089497 
785 111 8 11 0.05006961 
25 229 12 15 0.05005874 
872 333 22 27 0.04993998 
630 30 9 11 0.04975692 
353 99 11 13 0.04965111 
628 76 8 11 0.049632255 
959 102 9 10 0.049616244 
1015 102 8 11 0.04955123 
340 235 10 13 0.04954367 
440 55 8 10 0.049536686 
1000 15 8 10 0.049488258 
669 74 9 10 0.049461372 
728 26 8 9 0.04928555 
866 327 20 27 0.049254905 
320 469 9 11 0.04915861 
800 226 9 12 0.048466127 
461 187 11 13 0.048403706 
437 38 9 11 0.048398137 
934 8 9 11 0.04833866 
951 81 8 11 0.048294228 
25 101 9 13 0.048248604 
670 83 9 11 0.048231307 
946 30 9 12 0.048062377 
341 443 11 12 0.047818486 
817 117 9 11 0.047743566 
992 183 8 11 0.04769332 
98 30 9 12 0.047568437 
1015 64 8 11 0.047513217 
239 86 8 11 0.0474229 
119 126 9 11 0.047421865 
441 13 9 11 0.047386236 
503 86 8 10 0.047331396 
672 118 7 10 0.047318432 
422 283 12 17 0.04727615 
817 254 10 11 0.04725404 
15 164 9 13 0.047233682 
421 235 10 12 0.04720741 
816 150 9 11 0.047175013 
570 43 8 11 0.04706378 
459 112 9 12 0.04705978 
759 94 8 11 0.047029153 
127 116 9 12 0.04701852 
1010 243 11 15 0.046934526 
1008 86 8 11 0.04684496 
774 92 8 11 0.046753436 
984 62 7 10 0.046740443 
822 117 9 11 0.046733335 
17 48 8 11 0.04672757 
207 85 8 11 0.04668455 
823 79 8 10 0.046673384 
328 120 9 12 0.046666626 
67 37 10 13 0.04664405 
687 41 8 10 0.046467777 
662 104 9 10 0.04629199 
187 453 13 14 0.046259113 
543 102 9 12 0.04625357 
882 159 10 13 0.046141084 
927 111 10 12 0.04612511 
585 72 7 10 0.04601054 
736 24 8 11 0.045960836 
608 0 9 10 0.04591573 
381 94 8 11 0.04580538 
814 68 8 12 0.045743622 
748 222 10 12 0.045191802 
656 230 10 12 0.045181327 
319 175 10 12 0.04505459 
542 132 9 12 0.045051493 
326 363 11 13 0.0449247 
783 19 10 12 0.04480962 
328 7 10 12 0.04471408 
996 0 9 10 0.044572003 
797 275 11 15 0.044294856 
649 61 9 10 0.044289354 
154 61 8 10 0.044273715 
468 182 9 11 0.044165436 
336 250 10 14 0.04409609 
982 106 9 12 0.044088446 
263 350 14 17 0.04407545 
576 116 9 12 0.044040304 
247 182 8 11 0.043993834 
709 52 9 11 0.04397042 
64 111 8 12 0.043953355 
68 7 9 11 0.04390849 
688 102 7 10 0.043683082 
576 69 9 10 0.043573786 
571 189 9 13 0.043522086 
719 94 9 12 0.043513276 
86 205 9 12 0.043506633 
595 135 8 11 0.043240614 
791 22 9 11 0.04321823 
591 118 8 11 0.043199655 
470 437 8 11 0.043162778 
110 127 10 12 0.04313002 
229 2 11 14 0.04304963 
563 309 13 17 0.043034956 
883 125 9 12 0.042970043 
631 200 9 12 0.042963568 
633 129 8 10 0.04279394 
542 220 9 11 0.042791285 
182 181 9 11 0.042729765 
246 56 8 11 0.042649556 
679 79 8 10 0.04259323 
608 6 8 10 0.04254983 
488 23 7 9 0.042542264 
916 73 9 11 0.042485066 
471 103 9 11 0.0424681 
489 127 8 12 0.04246017 
156 309 11 13 0.04242676 
426 189 9 12 0.042405456 
822 243 11 13 0.04238147 
342 175 9 13 0.042358816 
767 105 9 11 0.042356513 
422 222 10 11 0.042339146 
95 316 13 16 0.04232637 
239 41 8 10 0.04227526 
201 24 8 10 0.04216337 
335 422 9 13 0.04216225 
281 143 9 12 0.04209372 
629 183 9 12 0.041978467 
864 133 9 11 0.04197393 
472 87 7 10 0.041908056 
967 109 8 10 0.041834954 
1 270 8 11 0.041604694 
661 229 9 12 0.041562542 
937 94 9 11 0.04150615 
998 143 10 11 0.0414696 
349 131 11 14 0.04141709 
232 172 10 13 0.04139607 
398 279 11 13 0.041371554 
57 136 10 12 0.0413431 
977 97 8 11 0.041248392 
526 317 11 16 0.041146528 
253 6 8 10 0.040861636 
833 224 7 10 0.040833708 
425 469 10 12 0.04079433 
475 37 8 11 0.040787563 
486 133 9 11 0.04078017 
762 13 8 10 0.040779904 
214 69 9 11 0.040645584 
871 210 10 13 0.040548228 
734 28 8 11 0.040522307 
914 94 8 11 0.040394224 
278 48 10 11 0.04039395 
201 55 8 10 0.040370908 
248 32 8 11 0.0403663 
887 152 9 11 0.040295076 
508 76 9 11 0.040203966 
513 44 8 10 0.040035233 
1012 259 11 15 0.040018827 
864 179 10 13 0.039933108 
849 191 9 11 0.039881453 
853 48 8 11 0.03984901 
733 274 14 18 0.039772984 
358 373 11 13 0.03971451 
216 164 10 13 0.039668404 
546 94 9 11 0.039658267 
740 269 12 13 0.03957189 
526 295 11 13 0.039497424 
102 270 12 17 0.039494097 
614 86 7 10 0.039466787 
223 110 9 11 0.03936846 
175 134 9 12 0.039339423 
586 6 8 10 0.03927911 
97 0 8 9 0.0392179 
646 252 9 14 0.039213616 
126 251 9 14 0.03915857 
824 294 11 14 0.039097864 
465 39 8 11 0.03909321 
975 45 9 11 0.039084293 
0 148 8 11 0.03907676 
399 191 8 10 0.039018013 
982 121 9 12 0.03900924 
457 14 8 10 0.038982127 
711 65 9 11 0.038976908 
138 102 9 11 0.03894549 
38 189 10 13 0.038939044 
687 149 9 11 0.03887685 
783 263 12 13 0.038812716 
496 278 10 14 0.038684316 
947 387 15 22 0.038371284 
760 9 8 9 0.038240027 
135 110 8 11 0.03802353 
722 112 8 11 0.037940368 
392 81 9 11 0.03781911 
519 181 10 12 0.037595227 
655 279 9 14 0.03759302 
981 44 9 11 0.037583616 
26 268 9 12 0.037546888 
166 62 8 10 0.03754122 
437 228 10 12 0.03753003 
105 104 8 11 0.037445653 
226 152 9 12 0.037417512 
409 413 8 10 0.037399057 
517 125 8 11 0.03739481 
696 146 10 13 0.037361152 
26 14 10 12 0.037274424 
415 394 10 13 0.037203737 
87 55 9 11 0.037195377 
697 101 8 10 0.037185427 
830 127 9 11 0.037173953 
982 31 8 10 0.03715363 
735 193 8 11 0.03713536 
703 223 9 12 0.0370512 
472 277 10 13 0.03702581 
744 87 8 10 0.036927164 
854 132 9 11 0.036922883 
459 274 11 15 0.036912575 
144 86 8 10 0.036888964 
334 119 9 12 0.0367973 
149 243 11 15 0.036778573 
170 49 7 10 0.03676239 
1016 134 8 11 0.036714703 
244 220 10 13 0.036700934 
517 437 9 10 0.03658076 
710 19 9 12 0.036574937 
775 128 8 11 0.036558036 
606 80 8 9 0.03650182 
936 166 9 11 0.03648893 
207 48 8 10 0.0364697 
601 111 7 10 0.03644531 
905 183 9 13 0.036412068 
24 263 9 12 0.036381554 
537 220 10 12 0.0363772 
291 447 12 14 0.03633234 
230 74 7 10 0.03628377 
434 45 8 10 0.03627818 
723 235 10 14 0.03611585 
824 72 8 10 0.036047637 
746 300 13 14 0.03604108 
903 135 7 10 0.03603308 
462 91 9 12 0.03598428 
349 316 14 17 0.03594751 
847 110 8 10 0.03593726 
221 167 10 13 0.03592542 
97 37 8 11 0.035922796 
478 45 8 10 0.035906225 
896 193 9 11 0.035843894 
753 334 10 14 0.035827406 
911 152 8 11 0.03579712 
462 21 9 11 0.035712328 
614 110 8 10 0.035684723 
134 213 10 13 0.035682123 
925 20 8 11 0.035674557 
599 394 13 17 0.035660855 
755 180 8 11 0.035581406 
775 71 8 11 0.035471864 
488 97 7 10 0.035299476 
258 285 11 14 0.035180956 
368 80 8 10 0.035145447 
879 148 9 11 0.035080265 
498 87 8 10 0.035066076 
279 61 9 12 0.03505971 
774 133 8 11 0.035009068 
541 116 9 10 0.03500383 
415 282 10 15 0.034968063 
258 462 9 12 0.034951024 
830 111 9 10 0.034891646 
199 292 13 17 0.034876183 
961 223 9 11 0.03482522 
1015 175 9 13 0.03461106 
1013 20 9 12 0.034592267 
713 30 7 10 0.034569915 
432 207 9 10 0.03456417 
719 183 8 9 0.034546766 
552 217 10 13 0.034542557 
566 259 12 15 0.03443428 
335 5 9 11 0.03441507 
37 4 10 12 0.034355946 
18 250 12 15 0.034316823 
790 262 11 13 0.034298338 
798 206 8 11 0.034241382 
702 64 8 10 0.03420611 
186 323 13 15 0.034168184 
640 117 9 11 0.03411728 
585 77 8 10 0.034088913 
615 -1 8 8 0.034079615 
641 7 8 11 0.034024756 
885 141 9 11 0.034006502 
352 470 9 10 0.034000065 
792 181 9 12 0.03399512 
333 363 10 12 0.033978093 
0 88 9 12 0.033975847 
801 117 8 11 0.03395 
671 134 9 11 0.03371824 
480 270 13 14 0.03368956 
178 181 8 11 0.033679042 
342 81 8 10 0.033669706 
983 95 8 11 0.03366922 
612 240 11 14 0.033664692 
96 247 13 16 0.033616494 
805 116 9 11 0.033610377 
534 315 11 14 0.033604186 
173 140 10 13 0.033557165 
1014 85 9 12 0.033529513 
239 0 9 10 0.033472776 
568 78 8 11 0.0334648 
768 134 9 11 0.033441894 
743 169 9 11 0.033424724 
832 231 10 13 0.033394165 
822 160 9 10 0.033360712 
606 134 8 10 0.033342738 
482 0 8 8 0.03331172 
141 120 9 12 0.03327087 
407 38 8 11 0.033209234 
551 6 7 9 0.033149656 
1015 111 8 12 0.03311356 
673 127 8 11 0.033111338 
667 56 8 10 0.033100307 
895 39 9 11 0.03308819 
433 229 9 12 0.033037793 
492 294 12 14 0.03303327 
14 239 11 14 0.03301343 
926 32 8 10 0.032960813 
521 31 7 9 0.032941878 
30 262 9 11 0.0329345 
290 57 7 10 0.032874297 
392 24 9 11 0.032856 
568 267 11 16 0.032828946 
72 323 11 15 0.032812145 
712 120 8 10 0.032799102 
958 59 9 11 0.032786287 
945 160 9 12 0.032771032 
214 124 7 11 0.032753527 
1000 256 12 14 0.03275111 
112 25 8 11 0.032704964 
960 29 8 11 0.032698765 
60 151 11 14 0.032687787 
104 137 8 11 0.03268471 
238 27 10 12 0.032682586 
684 279 13 18 0.032665934 
584 24 8 10 0.0326601 
828 172 9 11 0.032657675 
113 240 10 12 0.03259727 
799 199 8 13 0.032596745 
140 231 10 12 0.032587375 
891 44 10 12 0.032580424 
282 83 9 11 0.032560345 
136 76 8 11 0.032502692 
418 103 8 11 0.03247556 
487 222 12 14 0.0324574 
704 136 8 10 0.032427005 
311 160 9 11 0.032419182 
435 279 12 16 0.03231928 
118 199 10 12 0.03223754 
249 134 9 11 0.03221774 
493 269 10 12 0.03215782 
663 223 10 13 0.032155007 
679 37 8 11 0.032094784 
21 53 10 12 0.032091055 
302 39 9 11 0.03205162 
192 103 8 10 0.03203294 
541 24 9 10 0.031995572 
712 112 8 11 0.03198969 
487 291 13 15 0.031975973 
896 105 10 11 0.031928673 
636 282 11 14 0.031922806 
721 81 7 10 0.03189379 
743 94 8 10 0.031883545 
248 271 10 14 0.03187391 
134 204 10 14 0.031858433 
941 91 10 11 0.031857107 
799 189 8 11 0.03182556 
289 70 9 10 0.03166278 
6 314 23 24 0.031656645 
143 147 10 12 0.03155167 
781 223 9 11 0.03148665 
489 15 8 10 0.031427745 
470 129 9 10 0.031401996 
775 271 11 14 0.03136439 
689 134 8 10 0.031332504 
645 203 10 14 0.03132541 
832 273 13 18 0.031287137 
410 408 9 11 0.031270377 
592 127 8 11 0.03125946 
498 0 7 10 0.031258542 
789 191 11 13 0.03125312 
433 224 8 10 0.031206515 
529 0 7 8 0.031204555 
214 191 9 11 0.031185253 
885 49 11 13 0.031107292 
433 314 17 19 0.031074941 
367 250 10 15 0.031056428 
56 0 9 10 0.03103819 
547 39 8 10 0.031000488 
800 71 7 9 0.030980533 
206 23 8 10 0.030963594 
735 94 8 10 0.030960746 
897 60 9 12 0.030944174 
728 94 8 11 0.030917505 
350 123 12 16 0.030826155 
968 104 8 10 0.030813087 
623 206 9 12 0.030712547 
348 440 11 13 0.03068177 
707 207 8 12 0.03065852 
618 32 8 10 0.03064043 
375 171 9 12 0.030640107 
503 214 9 11 0.03063907 
495 149 10 12 0.03061983 
562 143 9 12 0.030545909 
957 275 13 17 0.030527849 
48 113 8 10 0.030507497 
634 44 9 12 0.03044171 
278 94 8 9 0.030416232 
847 198 9 11 0.03039162 
500 220 11 15 0.0303688 
807 214 9 12 0.03035009 
482 103 8 11 0.030342782 
751 352 8 10 0.030314403 
328 406 10 13 0.030309694 
671 113 8 10 0.030292407 
586 15 7 9 0.030253092 
484 211 10 14 0.030158928 
774 208 9 11 0.030129474 
479 62 8 10 0.030106995 
368 84 8 11 0.030091664 
336 269 11 13 0.030080965 
399 138 10 13 0.030072805 
458 22 8 10 0.030072523 
607 72 8 10 0.030054085 
244 372 8 11 0.030022817 
366 184 8 11 0.030013729 
270 88 9 10 0.02997718 
356 72 8 10 0.02996713 
785 126 9 11 0.029920114 
1003 43 11 12 0.029907154 
717 100 8 11 0.029869555 
772 191 9 12 0.029833525 
759 133 8 10 0.029825104 
470 307 12 16 0.029791977 
261 277 13 17 0.029791413 
105 125 9 11 0.029717084 
581 264 10 13 0.029702196 
607 94 8 10 0.029679408 
944 14 9 12 0.029610803 
394 234 11 14 0.029587034 
698 430 14 15 0.029532189 
121 119 9 11 0.029453171 
206 440 11 12 0.029450238 
714 196 9 12 0.02944839 
266 0 8 9 0.029368052 
2 108 9 12 0.029279321 
335 381 10 11 0.029214032 
446 14 8 10 0.029198842 
451 32 9 12 0.029174775 
95 23 9 11 0.029126966 
0 61 8 12 0.029110368 
845 259 12 15 0.029078323 
783 7 9 11 0.029037511 
32 62 9 12 0.02903473 
26 8 9 10 0.028982563 
487 264 12 14 0.028954474 
337 80 8 10 0.028931027 
183 54 8 10 0.028927231 
539 276 12 14 0.02889537 
76 323 13 16 0.028886795 
479 245 11 16 0.028876523 
112 139 10 12 0.028868748 
150 216 12 14 0.02885314 
893 29 10 12 0.028853016 
525 221 9 13 0.028848521 
33 213 9 11 0.028842874 
222 219 10 13 0.028841184 
837 78 8 10 0.028840935 
823 126 10 12 0.02883028 
278 134 10 11 0.028800398 
194 64 8 10 0.028749097 
7 166 9 13 0.02874542 
33 54 9 13 0.028709108 
134 316 13 16 0.028605158 
334 288 12 17 0.028583104 
95 7 8 11 0.028578153 
525 277 13 17 0.028563056 
665 85 8 10 0.028548503 
568 109 8 11 0.028497303 
512 62 7 10 0.028477686 
777 118 8 9 0.02838674 
1013 15 9 11 0.028385555 
409 198 8 11 0.028371708 
377 117 8 10 0.028352354 
825 188 10 12 0.028327351 
893 158 9 12 0.028245857 
343 12 8 11 0.028234212 
640 191 8 11 0.02822184 
594 94 9 11 0.028180411 
135 0 8 9 0.02815201 
324 308 10 13 0.028149877 
402 350 14 19 0.028135184 
567 71 8 11 0.02813405 
881 317 16 18 0.028007565 
850 128 8 11 0.027915565 
741 263 10 12 0.027902158 
960 97 9 10 0.027879735 
161 47 8 10 0.027859893 
775 166 8 11 0.027800566 
335 56 8 10 0.027795842 
485 38 8 11 0.027737362 
797 150 9 10 0.027673075 
631 188 9 11 0.02766916 
648 413 9 11 0.02765141 
950 123 10 12 0.02759567 
460 86 8 11 0.027583448 
367 206 8 11 0.027528089 
799 123 10 13 0.027511466 
249 0 9 10 0.027485097 
431 102 9 11 0.027467385 
963 202 12 14 0.02744922 
80 102 9 12 0.027411452 
534 91 10 12 0.027383119 
688 97 8 10 0.027379068 
616 56 9 10 0.02737214 
950 15 10 11 0.027370166 
955 306 14 17 0.027348455 
688 390 10 13 0.027330553 
803 221 9 11 0.02731124 
302 116 9 11 0.027306248 
268 32 9 11 0.027291974 
748 228 9 12 0.027273092 
492 311 15 17 0.02723899 
592 1 8 10 0.027230877 
271 131 9 11 0.027209945 
752 167 8 10 0.027185384 
417 199 8 11 0.027181095 
689 199 7 11 0.027159436 
516 117 8 11 0.027127191 
687 143 9 11 0.0271206 
523 321 13 19 0.027116591 
697 56 7 9 0.02709936 
215 376 8 11 0.027057553 
956 47 9 12 0.027057461 
806 126 9 11 0.026997741 
593 54 8 10 0.026980307 
549 424 15 17 0.026978005 
16 258 9 14 0.026962461 
437 118 8 10 0.026942821 
434 307 16 17 0.026937377 
512 31 8 9 0.02689313 
648 283 11 14 0.026888715 
695 46 8 10 0.02687845 
342 375 9 12 0.026864557 
591 13 9 11 0.026851559 
406 253 10 13 0.026761157 
364 214 10 12 0.026727462 
977 79 9 10 0.026723664 
695 405 11 15 0.026684023 
247 120 8 12 0.026669992 
406 117 8 12 0.026656294 
206 95 8 10 0.026639622 
495 109 8 11 0.0265846 
543 286 12 14 0.026554089 
829 119 10 11 0.0265208 
744 53 8 11 0.026483571 
806 283 12 14 0.026444688 
433 435 15 16 0.026437497 
149 95 8 10 0.026427876 
271 219 10 12 0.026407331 
479 217 12 16 0.0263889 
1006 187 9 12 0.026365267 
502 270 12 16 0.026278565 
663 373 11 14 0.026269445 
78 328 15 18 0.026265739 
860 127 9 11 0.02625296 
252 142 10 12 0.026229158 
35 20 10 13 0.026218398 
850 143 7 9 0.026187677 
524 134 10 13 0.026175521 
514 17 7 10 0.026168065 
555 25 7 10 0.02615226 
519 291 13 16 0.026126606 
748 214 9 11 0.026125332 
259 56 8 10 0.026119886 
362 444 9 11 0.026094452 
616 204 9 13 0.026063021 
188 275 15 22 0.026054552 
655 236 9 12 0.026046548 
845 178 10 13 0.026031628 
743 101 8 11 0.02602614 
543 298 14 15 0.02600844 
368 55 8 10 0.025985107 
818 133 11 13 0.025953379 
236 159 8 11 0.025952931 
357 125 10 13 0.025906252 
253 1 9 9 0.02590363 
632 276 11 13 0.025903106 
240 430 9 11 0.025892599 
781 0 11 11 0.02588216 
689 119 8 11 0.025830824 
952 69 9 11 0.025809824 
891 164 10 12 0.02573685 
302 468 8 12 0.025730712 
972 223 10 12 0.025718274 
359 186 11 13 0.025705561 
688 0 9 9 0.025593938 
681 142 8 11 0.025568256 
702 73 9 11 0.02555896 
817 244 10 13 0.025467101 
169 71 8 11 0.025460651 
250 228 10 14 0.025442803 
481 430 11 14 0.025424864 
574 206 9 11 0.025414059 
398 222 9 12 0.02539901 
301 278 13 17 0.025385797 
477 315 14 19 0.0253838 
409 85 8 11 0.025373481 
181 441 9 11 0.025310745 
22 48 9 10 0.025305055 
527 18 8 9 0.025304485 
384 128 8 10 0.025194546 
23 224 9 12 0.025190907 
1000 181 9 12 0.025189225 
846 158 9 11 0.025173167 
256 88 8 10 0.025134083 
982 87 9 11 0.025124723 
478 310 11 13 0.025121497 
998 135 10 10 0.025099855 
407 342 11 16 0.025087329 
406 111 9 11 0.025066553 
982 6 9 12 0.025010122 
345 69 8 10 0.024987848 
821 139 10 12 0.024942644 
240 53 8 10 0.024931675 
176 76 9 11 0.024927977 
790 118 9 11 0.024910938 
89 344 16 18 0.024870599 
413 313 16 19 0.02485831 
175 1 8 9 0.024854274 
970 253 15 16 0.024843773 
985 71 8 10 0.024842849 
502 111 8 10 0.024840742 
389 463 9 11 0.024819884 
171 288 14 18 0.024758426 
288 476 8 10 0.024747863 
404 277 12 15 0.02471123 
863 57 8 11 0.024695955 
654 252 12 16 0.0246776 
230 112 8 10 0.024676772 
918 255 10 14 0.024656478 
0 37 8 11 0.024644539 
223 102 8 10 0.024630724 
161 9 8 9 0.024605727 
600 129 8 10 0.024584794 
872 187 9 12 0.024582388 
721 118 8 11 0.024581317 
759 129 8 9 0.024576884 
579 195 10 12 0.024553291 
924 262 14 20 0.02452528 
0 205 9 13 0.024517432 
495 20 8 10 0.024491677 
881 41 11 13 0.024468772 
230 392 9 11 0.024398947 
383 119 8 10 0.024395237 
95 180 9 12 0.024393 
480 139 9 12 0.024383228 
327 198 9 11 0.02437204 
210 123 8 10 0.024308806 
327 276 10 13 0.024259264 
405 446 10 12 0.024234386 
609 64 8 10 0.024214895 
728 100 9 11 0.024181705 
696 113 9 11 0.024170816 
169 78 8 10 0.02415973 
202 298 12 18 0.02413372 
778 158 9 12 0.024118153 
55 181 8 11 0.02411303 
33 235 13 16 0.02410096 
534 294 10 14 0.024052048 
816 143 10 11 0.024011815 
760 207 8 10 0.023962092 
970 44 9 11 0.023948755 
900 233 11 15 0.023948241 
437 63 8 10 0.023921872 
502 310 13 15 0.023889907 
806 105 8 9 0.02388182 
325 333 15 18 0.023826165 
29 27 10 12 0.023799583 
570 62 7 10 0.023789506 
342 292 11 16 0.023732442 
753 135 8 10 0.02372935 
689 245 10 13 0.023715783 
578 105 9 11 0.023714224 
273 446 9 12 0.023712732 
311 322 12 16 0.023709083 
392 168 10 12 0.023705129 
422 214 10 11 0.023691665 
214 55 8 10 0.023677211 
967 193 10 12 0.023669634 
1014 78 8 12 0.023614373 
344 101 8 11 0.02360266 
639 66 8 10 0.023594087 
648 407 9 12 0.023574343 
312 438 8 10 0.02357318 
196 262 13 15 0.02356156 
201 49 8 10 0.023561142 
623 213 9 11 0.023547519 
758 31 8 10 0.023540383 
179 309 15 18 0.023537919 
194 1 8 9 0.023516592 
357 111 10 11 0.023478828 
572 215 10 12 0.02345875 
735 112 8 10 0.023447445 
473 93 8 10 0.023430984 
275 323 23 32 0.023405679 
47 182 9 11 0.023355024 
593 112 8 10 0.023351086 
133 279 14 17 0.023321157 
921 268 13 16 0.023276618 
1 173 8 12 0.023276132 
635 235 11 14 0.02324357 
836 281 15 17 0.023223508 
238 244 11 14 0.023216093 
23 62 9 12 0.02321545 
498 241 14 19 0.023189474 
540 79 9 10 0.023175627 
600 187 9 11 0.023173425 
662 434 10 13 0.023170263 
209 40 7 10 0.023140002 
305 9 9 11 0.02313533 
335 399 10 11 0.023104433 
294 32 9 11 0.023090124 
180 48 9 11 0.023068676 
353 175 11 15 0.0230679 
898 140 8 10 0.023066098 
142 237 12 14 0.023065312 
468 320 22 28 0.023058511 
691 126 8 11 0.023051318 
711 9 8 10 0.023048343 
392 118 8 10 0.023046518 
679 134 8 10 0.023031803 
762 22 8 11 0.02302943 
242 81 8 10 0.023024403 
502 149 10 12 0.023023285 
743 193 8 10 0.022979839 
88 275 12 15 0.022955405 
538 7 7 10 0.022954559 
153 183 9 12 0.0229188 
224 438 10 12 0.02291813 
209 191 8 11 0.02291583 
874 119 9 12 0.022910966 
993 76 9 11 0.022888485 
789 15 9 12 0.022878869 
381 411 12 16 0.022864506 
191 140 9 12 0.022827901 
700 442 12 14 0.02279854 
119 223 8 10 0.022748945 
242 120 9 11 0.02274043 
1 31 8 11 0.02273196 
73 104 9 12 0.022729682 
910 320 17 19 0.02272751 
232 27 9 11 0.022640845 
10 278 10 12 0.022639915 
982 235 12 17 0.022572668 
768 270 10 13 0.022560235 
208 102 8 10 0.022547632 
448 138 11 13 0.02254697 
687 224 10 12 0.02252505 
326 205 10 12 0.022497464 
370 160 9 10 0.022475002 
593 48 8 10 0.022459337 
1015 7 8 11 0.02241136 
499 359 19 21 0.022382386 
496 214 10 12 0.02238185 
335 301 10 15 0.022380285 
334 19 10 11 0.02230427 
228 443 10 13 0.022302954 
846 248 10 12 0.022294182 
624 1 10 12 0.022282002 
85 23 9 11 0.02227981 
932 268 12 16 0.02225868 
672 15 9 11 0.022224676 
505 31 8 9 0.022221891 
527 269 11 14 0.02220946 
463 17 7 10 0.022208838 
25 109 8 11 0.022198465 
639 128 8 9 0.022192586 
372 385 11 15 0.022190219 
102 0 9 10 0.02218339 
813 33 9 12 0.022181952 
389 300 12 15 0.022174513 
398 8 8 10 0.022143614 
438 103 9 12 0.022143168 
67 90 10 13 0.02210799 
656 101 9 11 0.022076631 
248 143 9 11 0.022074005 
935 18 9 12 0.022049038 
63 1 8 9 0.021976812 
398 206 9 11 0.021974076 
273 94 9 9 0.02196703 
942 7 8 10 0.021923343 
360 87 9 11 0.021867745 
408 270 9 11 0.021858385 
623 128 8 9 0.021843132 
134 14 9 11 0.021840533 
88 0 8 9 0.0218368 
640 79 7 9 0.021827742 
390 278 11 16 0.021732092 
931 243 22 29 0.021726448 
161 1 8 9 0.02170798 
279 444 10 13 0.021705579 
637 141 8 10 0.021667045 
857 96 8 9 0.02164643 
927 221 9 12 0.02164512 
497 33 7 9 0.021642255 
687 204 9 11 0.021626364 
830 74 8 10 0.021557305 
767 220 10 12 0.021546405 
103 63 8 10 0.021540152 
591 301 10 13 0.021534305 
670 141 9 12 0.021527594 
799 104 9 10 0.021522839 
700 0 9 9 0.021461353 
303 0 9 10 0.021456426 
561 267 9 13 0.021444414 
749 322 11 14 0.021432573 
209 0 8 9 0.021414256 
599 23 9 11 0.021413587 
314 470 9 11 0.021376612 
537 316 15 16 0.021366525 
990 40 8 10 0.021365428 
150 300 12 15 0.021364953 
455 283 13 16 0.021362448 
655 13 9 11 0.021350875 
340 148 12 13 0.021346921 
204 456 13 16 0.02133886 
869 167 9 10 0.02126508 
382 277 11 15 0.021259047 
248 447 9 11 0.021233942 
779 282 14 15 0.02120719 
33 179 9 11 0.021178206 
453 141 10 11 0.021177404 
191 135 10 12 0.02116606 
702 239 11 14 0.021152424 
886 229 10 13 0.02115125 
957 76 9 12 0.021140156 
46 213 10 13 0.021133797 
278 190 11 14 0.021128455 
183 176 9 12 0.021119934 
936 2 8 8 0.021119641 
330 85 8 11 0.021105057 
807 183 8 10 0.021102592 
264 88 8 11 0.021096202 
375 89 10 11 0.02105398 
870 312 22 27 0.021036334 
217 103 8 10 0.021028828 
594 87 8 10 0.02102829 
257 22 8 10 0.021019138 
660 251 13 17 0.02100378 
616 289 12 15 0.021002004 
595 182 8 11 0.020997649 
0 278 7 13 0.020993277 
614 7 9 12 0.020980963 
473 23 8 10 0.020972984 
418 79 8 11 0.020969233 
953 95 8 11 0.020966286 
714 317 12 13 0.020934684 
225 391 9 12 0.020929292 
654 223 10 12 0.02089067 
566 131 9 12 0.02087487 
406 205 9 12 0.02086668 
519 92 9 11 0.020862363 
254 30 8 11 0.02084042 
70 68 9 13 0.02081999 
14 72 10 14 0.020815587 
820 261 10 12 0.020797765 
431 236 9 12 0.020789493 
720 23 7 10 0.020766951 
744 353 8 10 0.020766895 
98 156 10 14 0.020764768 
387 353 16 19 0.020753408 
478 292 9 14 0.02074489 
158 103 9 11 0.020737927 
221 47 9 10 0.020708086 
992 123 9 12 0.02069638 
559 335 9 12 0.02068975 
517 269 12 14 0.020672202 
558 394 17 23 0.020656878 
794 215 8 11 0.020653507 
975 38 8 12 0.020647166 
295 470 10 12 0.020636225 
1016 55 8 12 0.020620061 
378 231 10 13 0.020619731 
592 103 7 10 0.020568104 
714 1 8 9 0.020527722 
1016 39 7 11 0.020520745 
310 126 9 11 0.020507338 
178 65 9 10 0.020481417 
5 172 9 12 0.020472001 
174 306 14 17 0.020440886 
174 86 8 11 0.020428067 
142 53 9 11 0.02042074 
959 14 9 11 0.020396288 
648 105 8 10 0.020377176 
378 0 8 9 0.020369885 
3 331 15 17 0.02036942 
694 133 8 10 0.020367304 
599 73 8 10 0.020349018 
327 269 10 14 0.020332126 
680 200 8 10 0.02031296 
990 65 8 9 0.020312237 
727 1 9 11 0.020308826 
169 103 9 12 0.020290831 
384 468 9 11 0.020269705 
1016 95 8 12 0.020252787 
337 91 9 12 0.02024831 
365 16 10 13 0.020212742 
853 198 10 12 0.02020325 
320 333 11 14 0.020182058 
168 8 7 9 0.020179488 
343 0 9 10 0.020169245 
321 0 7 8 0.020157436 
887 102 8 10 0.020152098 
719 176 9 11 0.020116292 
863 323 15 21 0.020110982 
881 54 8 12 0.020099089 
1009 65 8 10 0.020093381 
46 221 10 13 0.020076292 
703 113 8 10 0.020074204 
737 212 8 11 0.02007346 
438 206 9 11 0.020062866 
0 239 9 12 0.02005317 
350 259 9 12 0.02004413 
338 229 10 13 0.020042153 
311 134 9 12 0.02002612 
248 97 8 10 0.020023366 
