36_Football_americanfootball_ball_36_132
36
795 78 36 41 0.99437296 
697 130 11 17 0.6974819 
71 129 50 74 0.3468062 
54 192 50 64 0.32748795 
789 195 44 43 0.268485 
378 234 55 60 0.2586443 
114 202 48 55 0.113716684 
595 93 37 44 0.10429455 
533 5 32 42 0.091108814 
142 76 24 29 0.07689268 
34 63 36 40 0.064639896 
607 72 41 59 0.054453947 
683 165 36 40 0.054406065 
49 137 77 108 0.053663425 
464 2 29 28 0.053114522 
293 91 83 109 0.044512525 
378 101 63 83 0.04078869 
803 174 35 54 0.038273297 
576 107 53 42 0.036615048 
544 13 33 40 0.033453483 
97 155 43 68 0.029978305 
138 72 20 24 0.026569122 
545 31 18 22 0.02540542 
561 6 26 34 0.025282197 
521 1 28 33 0.024941728 
527 59 31 37 0.023865568 
542 84 15 17 0.023633286 
700 121 22 29 0.02358216 
571 8 16 22 0.023462273 
481 2 17 19 0.022802435 
477 211 95 101 0.021644425 
32 48 31 37 0.021411167 
127 72 47 67 0.021021275 
521 1 17 20 0.020398706 
955 138 22 29 0.02022758 
539 9 19 23 0.020021684 
