36_Football_americanfootball_ball_36_38
18
370 26 60 68 0.9980938 
523 58 52 64 0.996792 
719 82 61 68 0.9923509 
961 99 22 30 0.90595305 
923 109 27 33 0.90331954 
154 110 28 33 0.86092323 
763 101 45 63 0.6135879 
434 6 24 29 0.30451807 
498 88 27 41 0.043672096 
419 0 39 49 0.039387923 
871 137 33 38 0.038931966 
908 112 28 36 0.03193666 
535 327 33 39 0.031049041 
447 10 16 20 0.030934623 
305 90 33 38 0.025521014 
378 256 53 37 0.022954859 
215 192 16 22 0.022364128 
1014 249 10 18 0.020954216 
