36_Football_Football_36_194
22
826 238 17 21 0.9902 
421 219 17 23 0.990177 
455 189 13 16 0.9854291 
452 256 21 32 0.9687733 
68 191 13 16 0.9411451 
557 299 22 27 0.9284717 
989 138 11 14 0.9274712 
404 147 10 14 0.92232805 
978 221 9 12 0.14860739 
991 221 8 10 0.07626009 
46 191 9 11 0.05763429 
381 183 10 13 0.04640678 
305 182 9 11 0.03853806 
296 174 10 12 0.034797825 
349 189 9 11 0.03135635 
982 127 8 10 0.03023935 
302 175 10 11 0.025751969 
1005 175 9 13 0.025213275 
407 175 10 11 0.024985576 
96 192 8 11 0.024702365 
404 181 11 13 0.02354088 
363 187 8 12 0.022270389 
