36_Football_Football_36_108
44
530 67 17 21 0.98691535 
134 125 13 16 0.96788234 
274 121 12 16 0.86363727 
1 216 18 21 0.3016073 
307 145 12 15 0.28395292 
13 44 24 27 0.23209718 
200 115 10 13 0.22168037 
223 105 9 10 0.19902281 
1006 3 17 20 0.18079415 
974 59 37 39 0.13822104 
203 131 12 14 0.1099704 
254 104 9 12 0.09709809 
302 120 9 12 0.07706045 
176 117 10 13 0.058459092 
203 111 11 13 0.05317965 
980 20 27 34 0.05218852 
309 123 10 13 0.048420828 
326 117 13 17 0.04036474 
328 95 8 10 0.03986079 
167 86 9 11 0.037251502 
230 147 13 17 0.03590393 
321 117 11 15 0.034281034 
350 129 16 20 0.03370866 
924 13 23 28 0.033238918 
247 118 8 11 0.03307024 
293 127 10 13 0.02940052 
872 127 9 11 0.028736422 
965 25 45 60 0.02506038 
139 102 10 11 0.024651771 
798 2 34 37 0.024261825 
224 145 12 16 0.02386698 
149 85 9 11 0.023093631 
864 36 18 22 0.022732921 
181 134 9 11 0.022434667 
297 118 9 12 0.022288568 
832 27 23 27 0.022232646 
235 153 12 15 0.022140387 
303 94 9 12 0.02200688 
251 102 8 11 0.021859113 
216 142 9 13 0.021492276 
201 127 11 14 0.021139456 
971 1 17 15 0.02075155 
17 68 18 21 0.02065281 
194 118 9 12 0.020268595 
