36_Football_americanfootball_ball_36_126
38
56 138 41 49 0.7726645 
682 83 47 58 0.64082396 
639 215 41 43 0.6142074 
784 115 43 46 0.4471311 
938 58 28 42 0.2924233 
920 138 17 19 0.21818498 
123 190 28 31 0.14750293 
323 314 28 28 0.13581464 
652 207 49 59 0.1271526 
920 81 12 19 0.10649252 
799 108 32 33 0.0985886 
705 134 34 37 0.08661098 
775 110 34 38 0.07659328 
921 75 21 31 0.06922748 
925 77 12 19 0.060351703 
981 59 16 25 0.05092658 
802 112 45 51 0.048051395 
771 104 21 32 0.038280573 
506 296 39 45 0.03676877 
787 76 41 44 0.03370854 
811 73 32 35 0.032306403 
0 241 21 37 0.031566054 
949 54 31 39 0.030855078 
892 114 23 27 0.03018847 
263 270 120 119 0.028717423 
702 97 35 49 0.028602626 
0 174 39 49 0.028241862 
6 248 23 40 0.027442768 
965 60 31 38 0.027395617 
932 76 14 24 0.027394123 
926 175 24 29 0.027057074 
675 88 33 40 0.026011134 
808 96 26 33 0.025319278 
302 305 64 52 0.023834668 
937 63 48 63 0.023794921 
782 95 33 40 0.023491751 
0 242 12 22 0.022575045 
12 265 14 23 0.020501515 
