36_Football_americanfootball_ball_36_27
33
659 47 61 75 0.9953229 
190 209 54 66 0.792601 
512 1 49 35 0.37268656 
373 120 30 37 0.12369438 
607 122 62 71 0.11828982 
414 158 43 65 0.111683905 
257 125 36 52 0.084816724 
997 461 28 45 0.08089439 
106 -1 121 94 0.06968469 
437 155 48 72 0.06700466 
164 213 37 50 0.052610576 
980 74 39 85 0.04654666 
366 174 94 155 0.045329962 
571 126 61 66 0.04133086 
394 187 54 76 0.039123252 
955 72 70 169 0.03838425 
146 164 45 59 0.037589017 
795 56 43 49 0.026187738 
742 155 40 58 0.025546992 
375 277 55 80 0.025160115 
697 315 105 167 0.025000416 
7 4 56 70 0.022936868 
597 98 56 77 0.022706604 
585 67 46 65 0.022466416 
267 113 34 49 0.022440845 
398 268 28 32 0.021843415 
476 1 29 21 0.021773746 
300 0 39 29 0.021560924 
445 147 81 100 0.020934666 
894 431 59 65 0.020875808 
576 93 50 69 0.020739531 
913 475 32 42 0.020614611 
187 9 112 116 0.020520538 
