36_Football_americanfootball_ball_36_81
35
169 70 61 66 0.99536276 
474 41 48 54 0.9834614 
374 114 55 61 0.9797617 
913 3 47 54 0.96961504 
698 85 39 41 0.4531354 
850 10 23 29 0.13056456 
338 39 40 40 0.10458009 
283 1 34 30 0.078914866 
887 2 27 45 0.07848415 
220 32 42 51 0.054627463 
442 0 49 49 0.051800765 
686 26 24 30 0.051682167 
545 1 64 64 0.049263146 
897 455 18 20 0.047953848 
241 36 34 42 0.038823668 
559 215 37 39 0.0375846 
624 0 34 29 0.037555497 
377 2 39 28 0.031852324 
762 25 62 77 0.030302862 
583 239 46 37 0.02996431 
230 93 45 56 0.02892431 
930 390 26 34 0.028325506 
697 19 43 67 0.028277311 
331 14 51 56 0.027569273 
993 127 18 24 0.025122637 
693 44 49 73 0.024801495 
754 46 28 37 0.024509829 
901 3 33 43 0.023988849 
730 27 55 68 0.023858745 
649 29 31 41 0.022341695 
336 44 58 64 0.022068664 
676 9 80 116 0.02199418 
817 1 30 22 0.021205043 
974 372 33 36 0.020932907 
592 23 56 71 0.020244123 
