36_Football_Football_36_80
19
191 231 29 32 0.99797004 
751 296 29 37 0.9953381 
599 177 21 28 0.9825905 
844 192 26 50 0.91798985 
770 261 14 17 0.057344653 
62 178 7 9 0.040607918 
39 184 8 10 0.034185354 
20 232 20 28 0.032978106 
592 57 14 17 0.030920489 
62 251 14 18 0.030597772 
671 381 13 17 0.024911884 
0 168 10 12 0.024744943 
764 261 23 28 0.024472915 
106 244 26 25 0.023910347 
53 250 16 18 0.023074394 
680 147 11 14 0.022975583 
35 184 8 10 0.021950506 
127 132 7 11 0.021223724 
151 233 13 21 0.020075588 
