36_Football_Football_36_157
335
608 241 26 30 0.9970125 
740 219 28 32 0.9964379 
91 107 14 19 0.99291563 
339 104 18 22 0.9915981 
900 25 17 23 0.99136907 
755 118 19 22 0.9912656 
42 256 22 26 0.9909033 
787 56 17 22 0.9902491 
907 219 22 27 0.98973197 
116 202 16 19 0.9890893 
579 85 19 24 0.9877725 
515 54 17 22 0.98702604 
393 81 19 23 0.9865653 
547 193 16 21 0.98609066 
869 86 21 26 0.98583025 
179 94 17 22 0.98331547 
500 247 23 31 0.98193884 
965 138 16 21 0.9816419 
545 108 18 23 0.98119396 
157 177 19 23 0.9810586 
285 134 18 23 0.9809043 
667 33 19 25 0.97885245 
95 239 23 26 0.9787228 
439 348 19 30 0.97848547 
50 129 19 25 0.9772 
661 252 21 26 0.97635525 
904 105 17 21 0.9752676 
524 110 19 22 0.9742982 
144 96 17 22 0.9741124 
229 173 19 23 0.9729945 
494 7 16 21 0.97289217 
541 25 22 29 0.97260284 
411 140 18 23 0.97163117 
579 6 21 25 0.9712461 
508 175 20 25 0.97092575 
820 17 14 21 0.97050315 
432 217 20 27 0.9702728 
845 47 20 24 0.9692871 
633 193 21 25 0.96895075 
120 112 17 20 0.9685324 
479 121 20 23 0.96825725 
74 196 20 25 0.9669146 
185 184 21 25 0.966643 
979 198 16 23 0.96344435 
392 195 30 35 0.96318406 
234 78 19 22 0.9626399 
113 136 18 22 0.961953 
906 168 20 23 0.96149045 
615 74 21 26 0.96093744 
609 142 21 27 0.9604431 
335 178 20 25 0.96004796 
615 40 22 25 0.9599384 
345 134 20 25 0.95962685 
583 187 21 24 0.9594012 
151 151 19 22 0.9586231 
163 202 21 27 0.95802045 
459 32 21 28 0.95333606 
832 109 16 19 0.9483566 
877 172 21 25 0.9444961 
890 130 16 20 0.94448394 
426 262 20 26 0.9427065 
303 159 19 23 0.940618 
0 182 17 25 0.9406036 
248 116 16 22 0.9390171 
455 104 15 18 0.93742746 
144 269 17 24 0.93668866 
898 85 21 23 0.9353257 
536 75 20 26 0.9333938 
971 25 17 21 0.9331451 
566 134 17 21 0.9321868 
293 92 18 21 0.9239956 
104 170 19 21 0.9220279 
299 214 21 24 0.9219332 
856 0 18 21 0.9203929 
239 253 27 29 0.9200009 
413 56 16 18 0.9157341 
384 128 16 21 0.9150531 
44 189 18 21 0.91450757 
425 99 18 21 0.91236085 
984 246 21 26 0.9106133 
438 164 22 25 0.906838 
271 163 17 20 0.9054439 
417 0 21 21 0.9042275 
749 186 24 28 0.9027919 
408 123 16 18 0.90264773 
565 105 19 25 0.89932936 
788 175 19 22 0.89808494 
197 0 20 20 0.8917712 
943 96 13 18 0.889373 
515 146 20 21 0.8721208 
231 233 25 29 0.86419433 
641 0 18 17 0.8601799 
216 161 17 21 0.8559276 
782 112 17 20 0.85568225 
484 356 22 28 0.85468096 
337 43 19 23 0.8439119 
92 136 16 19 0.84054357 
266 26 16 20 0.8402605 
78 147 18 22 0.8348334 
356 173 18 22 0.82632005 
361 117 16 19 0.8260724 
814 108 15 20 0.8222499 
834 188 21 26 0.8188888 
247 195 19 20 0.79633605 
17 117 16 22 0.7898765 
586 160 17 19 0.78495795 
487 90 19 23 0.7641449 
30 155 16 19 0.7467603 
855 188 14 18 0.73738945 
848 165 20 23 0.7065925 
979 160 14 19 0.70354056 
187 146 16 19 0.683565 
273 44 17 20 0.6692482 
668 172 14 18 0.6681363 
898 193 15 19 0.65084606 
250 154 17 20 0.63365084 
0 143 12 19 0.61967444 
321 87 20 21 0.5916398 
1002 198 16 18 0.58844775 
98 9 15 17 0.579395 
935 165 15 17 0.54730237 
708 143 14 19 0.5445088 
231 127 15 19 0.5409875 
319 72 22 25 0.53259104 
1007 93 14 17 0.5224975 
954 233 21 28 0.5054312 
386 110 16 18 0.48274323 
730 122 17 21 0.48185164 
153 18 14 18 0.4722737 
967 100 12 16 0.46079415 
305 115 16 19 0.4232997 
346 175 19 25 0.38901377 
787 238 26 28 0.38634968 
142 199 17 22 0.3843184 
590 140 17 19 0.38374943 
636 172 22 25 0.36810845 
769 150 16 20 0.35389373 
250 171 18 20 0.34507057 
275 185 17 20 0.30643803 
993 0 17 13 0.30387944 
951 21 11 15 0.29222694 
362 101 14 16 0.28891453 
936 175 17 22 0.26608294 
348 5 17 21 0.2603827 
988 217 19 21 0.25823486 
54 117 14 16 0.25057736 
301 129 16 21 0.24545395 
331 149 16 18 0.2440092 
767 207 21 29 0.23933999 
15 106 15 17 0.23537253 
637 155 14 16 0.22832806 
957 104 15 19 0.22071396 
1 211 17 23 0.20651218 
361 107 18 19 0.20165877 
923 116 17 19 0.20068991 
216 272 22 32 0.19781356 
330 122 15 18 0.19601022 
953 0 16 17 0.18501712 
12 168 17 23 0.17806232 
900 94 20 24 0.17545305 
31 124 14 19 0.17535003 
933 3 16 17 0.16373858 
277 350 37 35 0.1627401 
954 192 14 19 0.16175227 
242 150 17 18 0.16050114 
829 13 15 19 0.15774487 
149 49 16 19 0.15129615 
732 49 17 19 0.14706583 
756 0 16 15 0.14347103 
18 137 15 17 0.14012451 
731 18 17 18 0.13534153 
451 169 15 20 0.13467772 
268 34 21 24 0.12947583 
1012 108 11 18 0.12563756 
851 173 20 23 0.12374877 
1011 73 12 18 0.12329198 
308 255 22 26 0.12240658 
784 242 14 18 0.11571231 
355 129 17 22 0.11467135 
417 10 18 23 0.113227166 
700 20 15 16 0.112445906 
820 190 24 25 0.11192513 
2 239 15 19 0.1079809 
925 5 14 14 0.107272334 
948 103 14 18 0.1036334 
139 182 15 18 0.09728731 
0 133 13 21 0.09446275 
334 36 18 21 0.09442956 
86 141 19 25 0.09373114 
327 132 14 18 0.09332787 
273 207 16 21 0.091687314 
202 94 14 17 0.08954319 
675 9 17 19 0.08675589 
97 -1 17 14 0.08664433 
16 128 15 19 0.086110964 
494 358 27 30 0.08559003 
412 71 18 21 0.0825141 
592 154 16 21 0.078724355 
338 162 16 18 0.07777308 
27 167 16 21 0.07573249 
189 160 18 19 0.0732546 
226 117 18 22 0.07166987 
858 179 16 22 0.0702246 
568 143 19 23 0.06795901 
269 189 20 25 0.06779025 
987 42 14 17 0.06763394 
911 14 15 18 0.066878095 
337 154 16 19 0.06271226 
230 256 26 30 0.06115959 
22 120 19 24 0.061091557 
790 240 40 46 0.060621772 
1001 91 13 16 0.059304327 
774 10 16 19 0.058178186 
506 128 17 21 0.057965953 
283 181 16 21 0.057606727 
642 256 17 22 0.057246037 
187 135 16 19 0.056982983 
192 152 17 20 0.055901658 
415 64 17 19 0.053983793 
514 154 22 24 0.05363378 
221 163 20 24 0.050426636 
581 165 19 21 0.04950814 
963 230 16 20 0.048614737 
961 172 16 18 0.048125584 
563 -1 15 11 0.047315676 
269 355 47 55 0.047100835 
761 1 16 18 0.04652377 
477 99 16 20 0.046402168 
399 122 14 17 0.0458507 
4 172 20 27 0.045664202 
877 28 16 20 0.04550264 
261 162 13 19 0.04474909 
526 0 13 10 0.044208117 
582 145 21 26 0.04393253 
637 161 16 20 0.042110477 
234 135 18 21 0.04064463 
957 178 17 19 0.04064386 
667 20 21 25 0.04057222 
1012 82 12 19 0.040404644 
187 173 21 23 0.0403158 
330 140 14 17 0.040188927 
866 133 17 20 0.03997287 
158 203 16 22 0.03952435 
829 5 15 17 0.039100837 
580 341 15 19 0.038974356 
62 1 17 18 0.0387818 
253 348 44 53 0.038547136 
481 358 14 18 0.038376417 
751 207 25 32 0.03836549 
56 122 16 19 0.038313832 
796 -1 12 11 0.038094517 
985 162 16 22 0.037041407 
338 29 24 28 0.03703203 
21 165 15 22 0.036703758 
706 0 14 12 0.036697477 
949 134 15 21 0.036541376 
590 244 15 21 0.036470618 
395 129 15 18 0.036270875 
510 134 22 25 0.03584734 
160 130 14 16 0.035597187 
293 38 14 19 0.034886237 
847 187 19 25 0.034239143 
749 1 15 17 0.033481278 
779 6 17 19 0.033341847 
214 266 17 22 0.033050474 
150 37 18 19 0.032994308 
258 174 16 21 0.032953244 
973 15 14 17 0.03267478 
17 2 18 22 0.032636374 
205 103 15 19 0.03260767 
146 0 15 11 0.032461166 
449 0 19 13 0.0320669 
117 304 18 21 0.03192322 
994 212 17 20 0.03177133 
295 357 29 40 0.03166204 
354 0 17 17 0.03150949 
964 196 14 19 0.0314619 
341 141 17 23 0.03137774 
1010 201 14 18 0.03126784 
971 239 15 21 0.030573133 
943 18 13 18 0.030302301 
291 183 15 19 0.030299287 
267 338 39 40 0.02998559 
324 427 42 47 0.02982872 
341 333 27 30 0.02923954 
0 100 10 18 0.02836376 
693 28 16 20 0.026721131 
110 3 13 17 0.026636975 
732 36 19 20 0.026601119 
290 353 20 20 0.026539888 
285 367 46 66 0.026142802 
305 363 44 65 0.025821975 
5 104 14 18 0.025665596 
300 355 17 19 0.025552722 
954 110 16 19 0.025504712 
652 255 16 22 0.025474759 
1000 107 13 18 0.025309658 
172 116 16 19 0.025075909 
257 194 16 20 0.024957255 
246 288 28 28 0.024761746 
332 112 18 24 0.024520934 
396 115 14 19 0.024202555 
371 106 16 20 0.024184622 
939 9 15 20 0.024150638 
281 43 15 19 0.023983771 
407 44 23 27 0.023927404 
24 154 15 18 0.023407124 
117 1 14 18 0.023365919 
176 196 20 27 0.023184039 
484 208 16 20 0.022885757 
301 193 15 16 0.02276504 
240 370 63 70 0.022576697 
986 313 18 18 0.022548895 
860 28 15 22 0.02248653 
954 124 15 17 0.02240917 
112 175 17 20 0.022221377 
114 150 16 20 0.02212414 
213 340 35 48 0.022073137 
835 16 15 19 0.021915471 
554 172 18 18 0.021775616 
97 142 17 20 0.021672565 
739 117 15 23 0.02153889 
280 163 16 19 0.021466313 
803 232 30 37 0.021389868 
359 94 15 16 0.021194188 
21 216 20 26 0.021190967 
787 124 16 21 0.021076763 
252 330 33 46 0.02107217 
489 539 43 34 0.02077502 
984 0 13 11 0.02075511 
269 181 16 21 0.020746527 
947 179 14 19 0.020661522 
953 217 15 18 0.020482423 
175 105 15 20 0.020341154 
867 184 14 20 0.020072576 
