36_Football_Football_36_138
81
880 84 27 36 0.99775547 
131 54 27 37 0.9934416 
747 130 23 29 0.9918508 
644 217 20 27 0.9810586 
540 232 16 25 0.9782236 
407 215 23 30 0.97312003 
292 84 21 33 0.9586133 
518 203 13 16 0.91058713 
450 188 15 17 0.8378357 
860 77 11 14 0.79781 
980 74 12 17 0.78941166 
556 200 14 18 0.585141 
497 311 21 23 0.52886105 
924 92 11 14 0.52680624 
680 198 13 16 0.48307878 
389 188 9 12 0.36827713 
831 142 21 27 0.36029202 
928 78 12 15 0.34305242 
712 186 12 15 0.3380675 
444 183 11 15 0.28949285 
322 202 12 18 0.2842235 
568 196 11 15 0.26674536 
469 210 12 17 0.16064622 
40 28 12 13 0.15686165 
510 195 15 18 0.15044947 
671 104 22 22 0.14331453 
736 204 16 19 0.13506395 
286 75 22 30 0.12613527 
422 209 14 18 0.12513301 
589 207 12 14 0.10391097 
666 118 16 19 0.07925536 
351 188 9 11 0.06944797 
494 184 8 10 0.06856684 
384 185 11 13 0.067555554 
463 205 12 17 0.067536876 
380 174 9 9 0.063635886 
965 152 21 25 0.054193106 
504 182 8 11 0.053249538 
416 183 8 10 0.05307664 
946 131 11 13 0.04863911 
595 249 14 22 0.048271507 
556 192 11 13 0.046599172 
391 195 10 14 0.044431936 
413 189 10 12 0.043270066 
431 193 12 15 0.041581526 
474 213 12 15 0.04120135 
490 184 9 11 0.039960753 
446 203 10 15 0.03964445 
89 25 10 11 0.03751607 
528 297 23 31 0.037140187 
492 187 9 12 0.03637217 
904 150 21 35 0.03379167 
931 93 14 16 0.033245184 
681 100 18 20 0.03304771 
668 93 18 21 0.03156694 
350 203 9 11 0.03081103 
999 145 7 11 0.030632868 
422 182 8 10 0.028870698 
584 205 12 14 0.02790765 
454 202 12 16 0.027702628 
396 196 10 14 0.027665494 
866 77 11 16 0.027425075 
543 201 10 13 0.026882602 
841 146 14 20 0.026628457 
86 38 10 13 0.026583584 
510 182 11 13 0.026198942 
513 188 15 16 0.025678137 
467 263 14 16 0.024309948 
357 229 9 11 0.024070209 
958 159 24 25 0.02393067 
764 252 13 15 0.023095572 
504 261 12 21 0.023052093 
517 184 11 12 0.0229845 
396 191 9 11 0.022578033 
847 76 9 13 0.0221821 
567 208 12 18 0.021860205 
409 191 10 12 0.02175761 
406 196 12 14 0.02139492 
440 178 9 10 0.02060903 
982 141 9 11 0.020441659 
84 47 12 15 0.020160636 
