27_Spa_Spa_27_768
114
738 319 51 78 0.9992411 
567 248 52 74 0.999196 
335 265 52 75 0.99892277 
191 329 55 84 0.9974528 
967 309 9 11 0.5473437 
881 287 9 11 0.3035624 
838 345 8 10 0.15500794 
881 280 8 9 0.14840311 
895 295 6 9 0.1429598 
842 306 8 10 0.14288256 
757 283 8 11 0.11014229 
898 325 7 9 0.10775312 
721 285 8 11 0.10772566 
847 303 8 11 0.107336335 
841 289 8 9 0.08980789 
923 294 7 10 0.08671158 
853 301 8 11 0.08494637 
858 365 8 10 0.08390608 
755 280 7 10 0.08032241 
782 283 9 11 0.078747734 
904 321 7 10 0.0770639 
875 367 7 9 0.07667333 
911 285 7 10 0.07615997 
928 323 7 8 0.07519082 
943 364 8 11 0.0735058 
848 294 8 10 0.07137481 
879 310 7 9 0.06820891 
977 321 7 10 0.06676431 
983 308 7 10 0.066381894 
907 287 7 9 0.06305543 
839 366 8 10 0.06271363 
998 392 8 10 0.06255934 
831 296 8 10 0.06139749 
931 358 7 9 0.06077951 
893 395 9 11 0.059437163 
1012 309 10 13 0.059419464 
934 327 7 8 0.058825627 
664 279 6 8 0.058312472 
930 326 7 8 0.055394217 
845 289 8 10 0.05534107 
855 296 7 10 0.054879807 
721 281 7 10 0.05366966 
865 278 8 10 0.053145126 
768 283 8 11 0.05269648 
942 319 8 10 0.051783387 
954 320 8 9 0.050063755 
928 308 8 10 0.0497324 
958 321 8 10 0.049727224 
945 383 8 10 0.049112294 
971 343 8 11 0.048891276 
866 271 7 10 0.048509315 
807 273 8 9 0.046614956 
736 271 8 9 0.046119366 
914 374 7 9 0.045531556 
839 270 9 10 0.045345873 
980 389 9 10 0.044819135 
960 327 9 10 0.044000044 
905 339 8 9 0.041090727 
839 265 8 9 0.041061506 
886 306 8 10 0.041039214 
906 295 7 9 0.039177395 
909 320 7 9 0.038885295 
976 326 8 9 0.038536657 
976 294 8 10 0.038429566 
875 312 7 10 0.03819861 
848 272 8 10 0.03805747 
1016 366 8 12 0.037727367 
883 343 7 10 0.03718676 
922 322 7 8 0.0370788 
902 309 7 9 0.03555324 
982 341 9 10 0.035197582 
913 304 7 9 0.035001248 
890 293 7 10 0.034767658 
870 270 8 10 0.034744665 
875 288 7 9 0.034611996 
881 306 7 9 0.03406909 
884 278 8 10 0.032675076 
814 284 8 10 0.031600393 
775 280 8 10 0.031140735 
967 383 8 10 0.030915054 
913 310 6 8 0.030226452 
862 318 8 9 0.029775705 
744 285 8 10 0.029491121 
849 360 7 9 0.02909341 
954 312 7 9 0.028969023 
882 338 7 8 0.028380135 
834 344 8 11 0.02695237 
874 317 7 10 0.026627345 
1006 377 9 10 0.026203882 
931 304 7 9 0.025509195 
840 293 8 10 0.025330108 
912 384 7 9 0.02530218 
896 335 7 9 0.025044272 
963 309 8 11 0.024650367 
966 333 7 10 0.02453074 
897 352 7 8 0.02451921 
912 282 7 9 0.024307843 
937 321 7 10 0.024160653 
903 369 7 9 0.023933074 
888 337 6 8 0.023892455 
927 336 7 10 0.023484364 
905 280 7 9 0.023253512 
1009 333 10 13 0.02271928 
961 304 7 9 0.021871872 
976 310 8 10 0.021573266 
968 367 7 9 0.02121614 
858 289 6 9 0.021189291 
981 336 9 10 0.020910008 
897 359 7 9 0.020864705 
993 304 8 10 0.020524126 
825 296 8 10 0.020514822 
910 295 8 9 0.02036376 
905 358 7 9 0.020280821 
968 317 8 11 0.020146636 
