37_Soccer_soccer_ball_37_926
22
938 233 8 10 0.47692654 
507 654 7 10 0.4203515 
509 138 7 10 0.35230607 
527 646 7 10 0.2650301 
536 633 8 10 0.21292417 
507 294 7 9 0.069805115 
481 647 9 11 0.058478992 
440 639 8 10 0.052471247 
978 448 7 10 0.047977313 
439 671 9 13 0.04644471 
454 654 9 11 0.041500468 
569 623 9 11 0.040820595 
493 311 9 10 0.039088193 
528 642 8 10 0.037720505 
559 655 9 10 0.03692374 
446 608 9 11 0.029143492 
393 657 7 9 0.026642984 
536 677 9 11 0.025680814 
512 639 8 9 0.024690248 
534 657 8 9 0.02275693 
484 651 9 12 0.021133585 
982 449 6 10 0.020049077 
