37_Soccer_soccer_ball_37_233
34
414 267 29 36 0.9982626 
627 203 43 49 0.98213506 
856 388 14 18 0.9280525 
1003 428 8 11 0.6709654 
363 358 19 24 0.11827799 
1014 443 7 12 0.074535616 
344 409 16 20 0.06700979 
994 446 8 9 0.06487982 
976 433 8 10 0.062347535 
983 432 8 10 0.06089597 
736 421 31 37 0.05165623 
893 427 10 13 0.04756187 
339 453 31 34 0.041553456 
494 446 9 12 0.041548785 
789 427 13 17 0.04040295 
848 454 11 13 0.03946786 
905 430 10 14 0.039411347 
853 461 12 15 0.0393363 
513 441 8 10 0.034239862 
4 373 230 276 0.032223236 
759 369 25 32 0.030460872 
1014 414 8 12 0.028249294 
1014 420 8 12 0.027845366 
974 422 9 10 0.027654514 
950 432 8 10 0.027291982 
542 454 7 9 0.026959864 
970 439 7 10 0.023300812 
497 430 7 10 0.02282438 
921 431 10 12 0.022028444 
1010 414 8 10 0.021485137 
936 438 8 12 0.021336824 
872 380 12 17 0.021191789 
682 398 38 36 0.020732429 
358 476 10 12 0.02013868 
