37_Soccer_soccer_ball_37_643
50
742 44 55 73 0.9990596 
334 86 51 82 0.9970772 
26 159 27 31 0.42211673 
949 64 26 34 0.40169835 
129 154 24 29 0.3651453 
90 180 26 31 0.10890247 
555 318 42 50 0.10005838 
109 217 33 37 0.09765593 
988 313 28 33 0.09531054 
2 190 22 29 0.09075712 
523 154 46 61 0.08908081 
475 232 32 38 0.08447891 
578 0 21 18 0.07812719 
0 227 13 26 0.06804191 
547 331 29 44 0.05874826 
445 73 28 34 0.056916684 
184 91 25 32 0.055342045 
203 48 18 22 0.05301441 
43 0 16 13 0.04640253 
356 94 48 72 0.046362266 
162 57 23 28 0.04434341 
596 268 38 55 0.040981278 
507 83 26 29 0.038744383 
95 75 25 28 0.038663696 
381 108 46 59 0.034580756 
553 24 20 22 0.03208926 
88 328 25 30 0.031105194 
50 0 17 14 0.030836098 
916 89 27 33 0.030188624 
597 211 24 31 0.030098721 
0 234 25 39 0.028966162 
174 329 33 44 0.028831197 
444 76 41 57 0.028716836 
948 22 26 29 0.028591936 
796 15 44 64 0.026030643 
953 155 23 27 0.02592746 
459 108 33 42 0.025863918 
959 132 48 58 0.025591802 
52 261 28 37 0.025421908 
176 251 33 37 0.0247466 
21 161 19 24 0.023575068 
806 0 28 36 0.023518572 
544 59 26 32 0.022448355 
624 100 30 34 0.022372672 
725 287 46 64 0.022350572 
819 27 43 58 0.022189401 
193 193 30 33 0.021717064 
0 148 11 27 0.021314327 
13 163 40 51 0.020770576 
889 12 26 27 0.020222358 
