37_Soccer_soccer_ball_37_867
31
686 113 48 68 0.9985183 
251 246 46 62 0.99833894 
384 207 35 46 0.9981036 
507 61 52 74 0.9977417 
518 223 50 72 0.99727434 
85 290 30 40 0.99693704 
900 230 40 50 0.9930211 
0 394 12 17 0.14445761 
16 311 11 14 0.087661386 
24 302 8 11 0.05497223 
248 188 8 11 0.0536816 
25 282 8 10 0.0479988 
138 158 8 10 0.04723422 
6 310 11 14 0.037875097 
5 300 10 13 0.03766463 
110 263 7 10 0.035275556 
486 313 18 19 0.033716135 
21 369 12 14 0.032762494 
56 286 7 10 0.029810745 
78 277 8 10 0.027395591 
229 278 8 11 0.026025949 
101 391 12 14 0.025872497 
121 193 7 9 0.025520686 
65 289 8 10 0.025009518 
35 268 9 12 0.024631664 
234 160 7 8 0.0235628 
2 269 12 15 0.023534644 
455 683 42 54 0.022211088 
29 284 9 11 0.022148468 
476 334 13 19 0.021519262 
182 141 8 10 0.020318994 
