37_Soccer_soccer_ball_37_583
302
402 82 47 63 0.9978782 
271 97 39 50 0.99543494 
796 257 45 57 0.9949805 
665 259 48 60 0.9934097 
562 103 41 51 0.993117 
182 79 46 60 0.9930292 
667 87 40 53 0.99233174 
795 105 40 53 0.98978126 
416 272 44 56 0.9893456 
526 281 44 56 0.9882713 
284 294 47 58 0.9874681 
121 0 9 10 0.39785042 
138 45 8 11 0.34993437 
79 63 7 10 0.31835464 
82 44 7 9 0.2841852 
97 48 8 10 0.23545608 
158 37 8 10 0.23406982 
48 94 8 9 0.20964903 
175 2 9 10 0.20799182 
14 103 7 8 0.19301848 
74 25 8 10 0.18478483 
25 79 7 10 0.15440845 
111 8 7 9 0.15162781 
18 32 7 9 0.14420298 
122 48 8 10 0.14385827 
165 52 8 10 0.13827924 
81 7 8 9 0.13471884 
432 22 7 10 0.13225883 
141 98 8 9 0.12937668 
60 54 9 10 0.11851944 
6 4 9 11 0.113662384 
312 88 8 10 0.10933798 
135 22 7 9 0.107583195 
109 55 7 9 0.104318045 
153 21 8 10 0.098370165 
8 72 8 11 0.09822286 
747 101 8 10 0.09511285 
145 117 8 10 0.09313388 
101 48 8 10 0.08957247 
34 95 6 8 0.08719742 
607 92 8 10 0.086921215 
10 76 8 11 0.0863918 
160 34 7 9 0.08184614 
766 116 8 10 0.08021553 
130 87 7 9 0.07695359 
745 97 8 9 0.07656026 
39 47 7 10 0.07597286 
472 1 8 9 0.07489926 
309 46 7 9 0.074471846 
127 5 9 10 0.07389632 
615 70 7 8 0.072091915 
31 20 10 13 0.0718301 
248 70 7 9 0.069231436 
859 54 7 9 0.06909762 
366 71 7 8 0.06888276 
1006 57 8 10 0.068809316 
362 25 7 9 0.0673388 
110 24 8 10 0.06616458 
14 76 8 10 0.064889245 
38 22 8 11 0.06377769 
248 65 7 10 0.06368885 
399 1 7 8 0.063433506 
64 8 8 9 0.062143255 
0 86 7 11 0.062100627 
157 21 8 10 0.061735526 
97 31 8 10 0.061362386 
110 14 8 9 0.060999107 
147 6 7 9 0.060555775 
720 105 9 10 0.060259182 
31 78 8 10 0.059118617 
122 53 8 10 0.05890481 
62 48 8 9 0.05850315 
58 49 8 10 0.058451165 
64 41 7 9 0.05833967 
154 86 8 10 0.05705517 
222 446 23 31 0.05703242 
22 30 7 10 0.056645416 
81 2 8 9 0.05633323 
353 56 7 9 0.055265363 
738 95 7 8 0.054737017 
22 86 8 10 0.0544731 
327 72 6 9 0.054278698 
841 70 7 9 0.053765576 
350 78 7 9 0.053684786 
28 15 11 13 0.05309563 
134 53 8 10 0.052697998 
905 63 7 9 0.052495733 
379 61 7 9 0.052335877 
0 57 8 10 0.052290775 
367 24 8 9 0.05209148 
13 0 9 10 0.052025285 
49 72 7 9 0.051931255 
438 23 7 10 0.050420422 
71 14 7 9 0.04990941 
65 13 8 10 0.049743824 
97 96 7 9 0.04965149 
539 65 6 8 0.049110122 
119 77 8 11 0.048898634 
334 9 6 9 0.048715845 
0 37 7 10 0.04800049 
145 1 8 9 0.04772329 
120 94 7 9 0.047605455 
370 80 7 9 0.047122456 
666 38 7 9 0.047004145 
64 71 7 9 0.046518885 
959 98 7 9 0.046283085 
346 31 6 8 0.046082977 
916 79 7 9 0.045834973 
127 56 7 9 0.04531997 
262 101 21 32 0.044767983 
767 57 7 9 0.04416803 
495 17 7 8 0.043367445 
383 15 7 9 0.043215163 
367 0 7 8 0.042898994 
880 72 6 8 0.0427332 
85 7 8 9 0.042125385 
295 48 7 10 0.04201391 
694 30 7 9 0.0415859 
3 72 7 10 0.041401796 
856 88 7 9 0.04135127 
41 54 7 9 0.041287027 
465 22 8 10 0.041147657 
428 22 7 9 0.041065168 
109 87 11 12 0.041062914 
818 46 7 9 0.041060366 
442 6 8 10 0.040748842 
112 78 11 12 0.039897796 
24 71 9 11 0.039800398 
151 2 6 8 0.039531793 
128 62 8 9 0.039459206 
86 63 7 9 0.03932007 
38 40 7 10 0.03924672 
138 0 7 8 0.039243896 
95 53 7 9 0.039147757 
140 41 9 11 0.038883504 
967 79 7 10 0.038875088 
34 40 8 9 0.038853563 
160 61 8 10 0.038668834 
0 0 9 11 0.038522836 
182 0 9 10 0.038146637 
35 103 7 9 0.03813428 
138 100 8 10 0.037939828 
120 88 8 11 0.037495874 
170 2 8 8 0.037147254 
63 2 8 8 0.037134025 
64 63 8 10 0.036485467 
359 88 6 9 0.036455028 
328 79 7 8 0.036156513 
82 88 7 9 0.036089815 
53 87 8 10 0.036030445 
114 1 8 9 0.035829067 
82 15 8 10 0.035378836 
271 37 7 9 0.03501962 
981 96 8 9 0.034831833 
394 0 7 8 0.034781836 
90 71 7 9 0.03475809 
133 87 8 9 0.034725897 
874 70 6 8 0.034322333 
18 88 8 10 0.03384544 
317 17 8 9 0.033749036 
783 56 7 9 0.03338531 
127 31 8 9 0.033061493 
197 38 8 9 0.032913245 
33 30 8 10 0.03291136 
552 69 7 9 0.032730546 
545 88 7 9 0.032546476 
650 37 6 9 0.032542814 
30 72 8 11 0.032407954 
57 65 8 10 0.032284807 
627 55 6 8 0.0322458 
347 78 6 8 0.03202907 
260 108 13 22 0.031851843 
34 88 6 9 0.03167732 
16 96 7 9 0.03149465 
394 64 7 9 0.03133337 
72 8 7 9 0.030663474 
355 88 7 9 0.030569896 
66 78 7 10 0.0305535 
55 14 8 10 0.030362794 
130 22 8 9 0.029992014 
2 4 9 13 0.029981999 
35 46 7 10 0.029947696 
624 88 7 9 0.02959773 
113 62 7 9 0.029564431 
389 71 7 8 0.029493209 
85 86 8 10 0.029456813 
750 97 7 10 0.02936479 
24 21 10 13 0.029332059 
464 39 6 8 0.029265445 
154 61 7 9 0.029140254 
9 39 7 10 0.028891865 
107 23 7 10 0.028462194 
57 32 7 8 0.028450513 
101 38 8 10 0.028443594 
240 62 6 9 0.028326424 
107 15 7 9 0.027956318 
49 14 8 10 0.027916823 
401 5 7 8 0.027913108 
102 94 9 11 0.0278695 
70 79 7 9 0.027774474 
97 1 9 9 0.027658094 
848 69 7 9 0.027558185 
121 63 7 9 0.02750607 
1008 84 8 11 0.02738125 
89 21 8 10 0.027345337 
513 24 7 8 0.027240146 
415 29 8 9 0.02723053 
633 50 7 8 0.027219018 
726 103 8 11 0.027138699 
458 34 6 8 0.027137754 
177 54 9 11 0.027038451 
111 94 9 10 0.026856504 
101 32 8 10 0.026832312 
96 70 8 10 0.02683214 
39 78 7 9 0.02664067 
310 70 7 8 0.02651286 
599 61 7 9 0.026407138 
113 28 7 9 0.02639168 
865 142 7 9 0.026361043 
288 13 8 9 0.026351035 
322 65 6 8 0.026156703 
490 22 7 9 0.026006242 
647 55 6 9 0.0259949 
650 141 9 11 0.025827473 
76 28 8 10 0.025804145 
77 23 7 10 0.025790531 
23 64 9 11 0.025722904 
955 97 6 9 0.025683759 
378 17 7 9 0.025603764 
649 34 6 8 0.025547769 
631 54 6 8 0.02538129 
458 23 7 9 0.025173716 
728 96 7 8 0.02502349 
885 45 7 9 0.024992386 
8 87 8 11 0.024990374 
49 79 8 9 0.024977634 
331 41 7 8 0.0245358 
392 26 7 9 0.024522146 
493 72 8 10 0.024521098 
79 67 8 10 0.02428647 
145 22 7 9 0.02420098 
383 10 7 9 0.02407631 
398 62 7 9 0.0240102 
257 117 10 14 0.023941291 
362 0 6 8 0.023907172 
38 30 8 11 0.023883792 
336 15 6 8 0.023859072 
375 22 7 9 0.023707315 
89 81 7 9 0.023585387 
31 63 8 10 0.023550801 
0 79 8 10 0.02343835 
323 70 7 9 0.023418954 
382 58 6 8 0.023345523 
234 62 8 9 0.023334997 
59 39 7 10 0.02333348 
296 53 7 9 0.023323102 
122 32 7 9 0.02330335 
152 58 7 9 0.02329367 
890 70 7 9 0.023219295 
389 81 8 10 0.023214463 
1001 31 8 10 0.023170296 
124 103 11 13 0.023136789 
127 91 8 11 0.022840813 
714 66 7 9 0.02277597 
993 49 7 9 0.022684084 
48 48 7 9 0.022306941 
449 38 7 9 0.022265358 
559 65 7 8 0.022253392 
470 23 8 10 0.022099331 
1009 24 8 10 0.022061905 
352 48 7 9 0.022032963 
72 89 7 8 0.02194661 
354 15 7 8 0.021920286 
440 17 8 10 0.021870526 
544 92 8 10 0.02186273 
119 101 10 12 0.021793526 
945 78 7 9 0.021607287 
159 93 9 12 0.021581791 
91 57 7 9 0.02158081 
640 286 8 9 0.021527302 
72 71 7 9 0.02124469 
74 57 7 9 0.021237785 
95 23 7 9 0.021214703 
130 16 7 9 0.021154946 
617 94 7 10 0.021098943 
1010 81 7 10 0.02097372 
494 586 12 15 0.020936787 
623 117 11 13 0.020836968 
872 66 7 9 0.02057481 
58 8 8 10 0.020489585 
138 118 8 11 0.020445067 
681 48 7 9 0.020426821 
49 65 7 9 0.020419719 
831 80 7 8 0.020384945 
450 34 6 8 0.020378096 
592 11 7 8 0.020176291 
602 93 9 11 0.020175217 
135 18 7 9 0.020134145 
438 30 7 8 0.020085149 
472 39 7 8 0.02005459 
121 40 8 10 0.020010907 
113 72 9 11 0.020007882 
