37_Soccer_soccer_ball_37_345
39
491 171 15 21 0.99623173 
364 179 15 20 0.9961157 
715 162 15 20 0.99505377 
555 166 17 21 0.9935952 
622 178 15 21 0.98979807 
426 181 15 20 0.98556596 
383 93 11 14 0.980187 
140 314 17 27 0.9706655 
817 167 15 19 0.96195906 
969 181 15 21 0.95356244 
1001 189 16 21 0.88499975 
949 277 13 15 0.63095087 
445 282 13 16 0.5121388 
414 284 11 14 0.4549954 
430 335 21 23 0.3607623 
383 278 12 16 0.34400755 
350 280 12 15 0.33266178 
837 254 13 16 0.23758556 
369 159 11 14 0.2122242 
366 242 16 19 0.14837416 
413 235 9 13 0.14589968 
79 55 8 10 0.124328 
109 472 24 24 0.10019436 
45 46 9 11 0.08790886 
475 281 12 14 0.07870985 
697 256 12 17 0.07440878 
533 136 10 13 0.074392356 
976 48 10 12 0.062024087 
510 281 12 14 0.053665906 
622 249 14 15 0.039610967 
89 53 8 11 0.03354378 
981 286 15 17 0.031524558 
428 251 12 17 0.029693374 
303 95 510 526 0.027806455 
974 262 10 13 0.026932638 
738 254 13 16 0.026426654 
489 238 17 17 0.02491801 
424 335 15 20 0.023185646 
736 136 9 11 0.022313062 
