37_Soccer_soccer_ball_37_692
162
657 259 12 14 0.8682399 
106 95 9 11 0.47740173 
79 270 12 15 0.41351098 
82 95 9 11 0.3174414 
71 249 14 16 0.3006133 
570 71 7 10 0.21836232 
461 265 8 11 0.17276311 
45 80 9 11 0.17247234 
591 70 7 10 0.1671611 
0 84 8 12 0.15773003 
24 97 9 11 0.15550795 
23 76 8 11 0.11645805 
375 120 10 13 0.115019396 
250 378 16 19 0.10047192 
58 96 7 10 0.097480975 
139 111 8 11 0.09280578 
580 99 9 13 0.086669765 
472 279 7 10 0.08586032 
717 96 8 10 0.08164682 
56 101 8 10 0.07998101 
0 68 7 11 0.07915134 
587 70 8 10 0.0750734 
577 262 10 12 0.073999316 
88 328 11 13 0.0733732 
45 48 9 12 0.07224485 
126 117 9 10 0.07067698 
458 208 8 10 0.06973229 
608 71 8 10 0.06822216 
574 86 8 10 0.06794753 
177 104 7 9 0.06692816 
573 256 8 10 0.06652674 
102 119 8 9 0.06570675 
62 94 7 10 0.06519903 
64 70 8 9 0.06275977 
591 123 9 11 0.0624924 
612 95 9 12 0.06210643 
86 112 8 10 0.06182416 
413 86 8 10 0.061625965 
150 95 8 10 0.060632095 
63 64 7 10 0.05901377 
1 155 8 13 0.0581341 
674 151 8 11 0.056960184 
114 112 7 9 0.0565418 
294 208 9 11 0.05629681 
16 152 13 16 0.05559201 
49 70 7 9 0.054909814 
1008 89 8 9 0.053016238 
608 77 8 11 0.051632714 
24 61 7 9 0.05098907 
75 243 15 18 0.050977506 
461 72 8 10 0.049999643 
601 79 6 9 0.047599103 
498 86 7 9 0.046360858 
223 112 10 12 0.04458434 
130 93 8 10 0.04440138 
120 110 8 9 0.04337744 
501 152 9 11 0.043368645 
32 62 7 9 0.043178055 
450 141 8 11 0.04301188 
9 87 7 10 0.042917375 
569 85 7 10 0.041587647 
61 330 10 13 0.041143745 
561 87 7 9 0.040941715 
528 73 7 9 0.04036226 
774 159 7 10 0.038985852 
748 151 9 12 0.03866031 
97 317 8 10 0.038643982 
525 100 8 11 0.03809039 
41 53 9 11 0.035856076 
30 95 8 10 0.03534284 
618 265 9 10 0.03503849 
56 89 7 9 0.03476311 
717 117 8 11 0.034595214 
190 111 7 10 0.03452725 
56 69 8 11 0.033796746 
40 95 7 9 0.03346772 
569 79 7 10 0.03337557 
537 72 7 9 0.033215813 
49 114 7 9 0.032852076 
125 112 9 10 0.032637466 
705 88 7 9 0.032612305 
42 85 8 10 0.032588903 
511 89 7 10 0.03187113 
551 78 7 9 0.031858865 
505 71 8 10 0.03160073 
57 64 8 9 0.03159889 
448 109 10 13 0.03135591 
18 62 7 9 0.031341042 
882 183 9 11 0.031308953 
151 103 7 9 0.030818587 
626 152 8 10 0.030720877 
729 110 8 9 0.030476807 
442 74 6 9 0.030050505 
528 88 7 8 0.029764086 
919 120 10 13 0.029748064 
123 152 8 10 0.02966141 
510 93 7 10 0.029122397 
161 118 8 9 0.029029805 
451 85 7 9 0.028945867 
41 104 7 9 0.028708674 
73 112 7 9 0.028634174 
641 153 8 9 0.0282762 
109 141 8 10 0.028124653 
152 88 8 10 0.02808313 
581 268 9 10 0.028053407 
101 63 8 10 0.027952138 
728 152 8 10 0.027919328 
527 96 7 10 0.027886612 
66 78 7 10 0.027784213 
856 151 9 11 0.027673608 
838 68 8 9 0.027336812 
39 65 8 9 0.027310126 
169 112 7 9 0.027307784 
522 73 8 9 0.026721045 
261 109 8 10 0.026253557 
14 112 8 11 0.026022336 
381 101 9 12 0.025719812 
248 385 15 18 0.025543962 
41 112 8 9 0.025204148 
505 89 7 9 0.02505777 
21 44 9 11 0.02485561 
98 113 7 9 0.024847675 
105 135 9 11 0.024582658 
776 153 7 8 0.024498157 
249 118 8 11 0.024471207 
28 101 8 10 0.024470342 
429 140 8 11 0.024453217 
73 63 8 10 0.02436198 
423 134 9 11 0.024333538 
614 63 8 10 0.02422826 
543 88 7 9 0.02409989 
546 79 7 9 0.023543838 
416 110 7 10 0.023351533 
40 70 8 9 0.023281973 
752 102 8 10 0.0229845 
530 79 7 9 0.022934664 
595 77 7 10 0.022907348 
513 270 8 9 0.022875011 
498 101 7 11 0.02282694 
597 121 9 10 0.022745723 
85 100 9 10 0.022671608 
425 118 8 9 0.022628563 
448 115 9 12 0.02241337 
64 89 7 10 0.022297869 
167 118 7 9 0.02228075 
542 112 8 10 0.02206096 
818 78 7 9 0.022019232 
568 271 7 9 0.022015164 
34 89 7 9 0.021895004 
111 117 8 9 0.021758579 
537 96 8 10 0.021709975 
18 58 7 9 0.02148334 
96 105 7 8 0.021117607 
535 79 7 9 0.021039128 
50 96 7 10 0.020833172 
496 82 7 9 0.020828197 
71 78 8 10 0.020827292 
562 81 7 9 0.020703211 
597 94 10 12 0.02046202 
488 272 8 10 0.020329077 
857 81 7 9 0.020290615 
9 140 10 12 0.020109627 
