37_Soccer_soccer_ball_37_281
82
36 438 15 20 0.20149991 
367 641 8 11 0.12755686 
281 591 32 37 0.11967588 
333 612 9 12 0.11027525 
525 305 9 10 0.065321594 
377 609 16 19 0.06301387 
284 598 16 20 0.061466806 
80 503 7 9 0.0596363 
225 586 8 10 0.052784074 
25 478 10 13 0.04764073 
280 596 13 17 0.047552805 
14 422 9 12 0.04635276 
290 601 17 20 0.04634553 
58 511 7 9 0.045523144 
176 560 9 10 0.044254754 
552 305 8 9 0.041916218 
253 583 9 12 0.04120726 
270 536 8 10 0.040801145 
270 652 8 10 0.037514966 
230 586 8 10 0.037182268 
232 591 8 10 0.03603649 
175 565 9 11 0.034885183 
23 483 10 14 0.033612408 
6 461 9 11 0.033198655 
424 663 7 9 0.03152536 
247 603 9 13 0.031253085 
59 462 8 10 0.030545866 
342 629 9 10 0.030323276 
280 590 10 13 0.030217137 
9 424 9 11 0.029443944 
236 571 9 12 0.029090812 
201 549 7 9 0.02882024 
48 511 8 10 0.028729264 
9 480 8 11 0.028517509 
4 525 9 12 0.028421836 
34 435 25 31 0.028319763 
216 517 8 11 0.027803099 
607 536 8 10 0.027775573 
214 570 10 12 0.027514381 
137 552 10 11 0.02740365 
69 473 8 12 0.02726164 
2 440 7 11 0.026967198 
223 551 7 9 0.026928067 
303 597 26 29 0.026855739 
72 526 10 11 0.026314799 
360 630 8 11 0.025982577 
1 445 8 12 0.025664875 
352 629 7 10 0.025469102 
266 652 8 10 0.024839014 
61 510 7 10 0.024652574 
314 602 14 19 0.024617873 
336 629 11 12 0.024450079 
28 481 11 16 0.024445375 
1 395 8 15 0.024359688 
15 418 9 11 0.024236476 
25 473 8 10 0.024126612 
538 303 7 11 0.024030505 
1 503 8 11 0.023998842 
234 567 9 13 0.023674585 
48 502 7 9 0.02335946 
34 572 7 10 0.023278521 
37 432 13 17 0.023263602 
237 591 9 11 0.02323198 
7 427 8 12 0.022886049 
219 578 35 40 0.022765147 
338 585 27 33 0.022750717 
248 586 10 13 0.022744175 
2 521 8 10 0.022623071 
365 631 11 14 0.02246191 
30 507 9 11 0.022391591 
195 550 7 8 0.022291748 
372 670 9 11 0.022096181 
199 525 11 14 0.021909682 
362 640 10 11 0.021808194 
1 424 8 12 0.021804787 
16 479 7 10 0.02122867 
2 452 9 13 0.020754125 
32 429 8 11 0.020703219 
94 489 8 11 0.020694783 
553 309 8 9 0.02051527 
322 303 9 11 0.02005169 
38 572 8 11 0.020034315 
