37_Soccer_soccer_ball_37_114
30
757 365 34 40 0.9995302 
832 162 29 34 0.9993844 
125 149 28 35 0.99934655 
364 161 29 37 0.99932647 
386 351 32 41 0.99931896 
643 354 33 41 0.99923956 
603 275 30 36 0.9992305 
137 368 34 41 0.99922407 
240 260 29 36 0.99921894 
500 233 29 36 0.99920017 
506 346 31 40 0.9991986 
412 242 30 35 0.99913496 
774 254 28 34 0.9989999 
740 157 28 35 0.9989692 
675 157 28 32 0.998963 
264 363 33 41 0.9988306 
325 245 32 36 0.99882704 
291 165 28 33 0.9987943 
443 154 26 32 0.99878687 
684 259 28 35 0.9987662 
891 254 31 39 0.99875915 
610 156 29 35 0.9987336 
520 153 28 32 0.99859196 
161 260 29 35 0.99847096 
218 177 29 34 0.99833435 
74 256 28 32 0.9975163 
471 368 22 29 0.043007884 
19 404 30 56 0.036126498 
360 386 25 28 0.034094222 
877 370 47 43 0.021709375 
