37_Soccer_Soccer_37_651
265
496 307 28 40 0.9981754 
103 225 36 41 0.9969285 
904 294 30 39 0.9966434 
303 219 25 38 0.9915141 
5 213 23 37 0.96560174 
125 2 19 23 0.6928 
663 158 17 21 0.49350005 
1010 130 14 21 0.48624107 
214 225 23 30 0.35582644 
585 181 14 18 0.33587617 
58 237 22 28 0.3113099 
723 132 16 22 0.30508637 
673 128 16 18 0.25724334 
235 2 12 15 0.2350578 
172 184 17 20 0.21698852 
567 124 16 16 0.20984903 
34 19 13 17 0.1738248 
807 88 10 12 0.16752069 
978 42 17 19 0.14057803 
706 137 15 19 0.14001921 
65 12 10 13 0.13935915 
604 85 14 19 0.13099161 
253 1 14 13 0.12808919 
731 175 18 19 0.12460163 
502 121 13 15 0.12306013 
237 222 22 32 0.11569315 
1006 330 17 33 0.11131029 
15 0 13 11 0.105037495 
615 124 14 18 0.10467765 
269 94 9 11 0.10199748 
827 175 16 22 0.09987573 
269 36 11 13 0.09761726 
868 54 9 13 0.09760308 
654 12 15 20 0.09759007 
681 157 15 18 0.095180675 
639 162 12 16 0.090116724 
172 171 15 19 0.090067044 
806 122 17 19 0.08904072 
615 164 13 18 0.08777471 
25 25 10 15 0.08715823 
731 129 16 23 0.0870194 
563 10 12 17 0.086524144 
565 80 10 12 0.08071882 
735 123 14 20 0.07920731 
244 27 13 15 0.07661401 
517 74 12 14 0.07502079 
590 108 10 14 0.074433446 
781 86 9 12 0.07438346 
129 88 15 18 0.0737948 
419 167 18 20 0.0727087 
157 230 31 34 0.070178285 
772 149 14 24 0.07002381 
661 147 17 20 0.06990384 
0 69 9 15 0.069319874 
181 5 13 16 0.06898463 
813 88 10 12 0.06778183 
231 1 10 11 0.06737086 
702 91 18 19 0.06682466 
639 84 12 15 0.06632788 
699 132 18 22 0.06396775 
29 22 13 18 0.06392562 
254 75 9 13 0.06386651 
120 187 10 13 0.06251365 
534 197 11 14 0.061590206 
36 15 10 13 0.0603157 
69 70 10 14 0.05928342 
206 171 15 19 0.05830687 
421 148 11 14 0.057553552 
35 81 15 17 0.056976717 
191 225 22 25 0.05689813 
817 303 20 35 0.055065744 
462 54 11 13 0.0548086 
422 18 15 18 0.054674838 
228 75 12 14 0.054610673 
692 129 14 20 0.0545789 
186 120 16 20 0.052768566 
396 17 11 14 0.05239802 
78 3 13 17 0.05094923 
672 157 19 24 0.05083677 
701 0 11 9 0.05068671 
226 66 15 17 0.05051314 
117 0 13 13 0.049488906 
320 245 23 28 0.048809163 
813 92 12 16 0.048786156 
364 10 15 19 0.04863459 
739 3 18 19 0.04853843 
186 25 15 17 0.048232496 
783 116 10 12 0.047544774 
752 265 22 30 0.04655176 
975 34 15 19 0.04606694 
1011 145 12 21 0.04545476 
582 3 14 16 0.045124814 
269 29 13 16 0.044554222 
177 10 10 15 0.044090383 
650 98 16 18 0.044037934 
365 0 15 14 0.043909557 
845 146 13 19 0.043545436 
457 54 9 12 0.043124594 
470 191 10 13 0.04290214 
411 98 15 16 0.04238176 
167 82 13 16 0.042108152 
85 3 13 16 0.04161717 
16 3 15 15 0.041534863 
785 301 22 34 0.04065823 
313 78 8 11 0.040204126 
502 20 13 15 0.039925333 
737 21 16 18 0.039861213 
72 0 11 10 0.039739296 
487 0 14 11 0.03967878 
630 0 10 10 0.03923894 
615 155 14 19 0.039128903 
108 64 15 20 0.03826081 
183 1 11 11 0.038129784 
6 20 12 15 0.038078178 
479 116 12 15 0.03713759 
218 105 17 21 0.036703777 
545 10 15 16 0.03640036 
774 140 12 17 0.036297355 
259 0 12 12 0.03617266 
1013 116 10 17 0.03598506 
469 60 10 11 0.035939485 
304 62 10 13 0.03552294 
156 109 11 15 0.03539052 
47 21 11 14 0.035170205 
169 90 15 16 0.03502895 
223 217 27 36 0.034893367 
167 180 15 21 0.034520235 
659 3 15 18 0.033898823 
287 38 10 13 0.03383605 
332 44 11 16 0.03306632 
517 84 12 15 0.033035792 
740 135 14 21 0.032489967 
224 59 13 16 0.032307547 
65 176 9 11 0.032294385 
846 130 13 18 0.03201529 
470 140 13 17 0.031959575 
92 5 11 13 0.031830724 
430 114 15 17 0.03179552 
94 86 10 12 0.030604875 
569 253 26 28 0.030466005 
271 0 12 11 0.030225812 
359 18 12 15 0.03021788 
583 101 12 14 0.030171953 
248 0 12 12 0.030010322 
263 76 10 13 0.029773137 
1008 84 9 13 0.029600384 
468 131 13 16 0.029529154 
1007 4 15 16 0.029528888 
188 111 11 14 0.029505389 
973 81 17 20 0.029261667 
175 180 25 31 0.029179914 
513 75 10 12 0.028909424 
995 123 22 28 0.02878003 
317 79 9 11 0.028458385 
776 145 16 22 0.028436758 
540 194 11 15 0.0282762 
463 126 12 14 0.027910808 
35 32 13 18 0.027849743 
420 155 14 16 0.027590752 
278 80 13 16 0.027579375 
164 0 15 12 0.027513567 
438 55 11 12 0.02750426 
515 100 16 18 0.02733476 
184 115 14 18 0.027238319 
206 0 8 9 0.027217822 
407 62 10 14 0.027190514 
715 184 16 21 0.02695413 
154 171 13 16 0.026934868 
829 147 26 34 0.026931949 
452 116 11 15 0.026861433 
341 208 17 21 0.026816756 
12 19 14 19 0.026808118 
774 133 11 15 0.02670331 
816 181 11 16 0.026551617 
14 9 13 15 0.026469154 
600 4 13 14 0.026309054 
674 118 16 19 0.02625181 
200 0 9 8 0.026097376 
207 167 25 31 0.026007205 
228 83 12 14 0.02584858 
476 132 13 15 0.025701243 
466 494 30 31 0.025692834 
809 110 16 19 0.025557548 
494 13 10 14 0.025419878 
359 95 10 13 0.025392668 
685 130 13 16 0.02533588 
456 101 9 12 0.0252155 
533 93 10 13 0.02519746 
926 0 12 11 0.025172494 
601 90 13 18 0.025141684 
497 20 10 13 0.025140516 
100 167 11 12 0.025138637 
68 181 10 12 0.025102789 
406 126 13 14 0.024927856 
1 13 9 14 0.024791842 
215 100 13 16 0.024731219 
270 86 11 14 0.024632063 
749 70 13 17 0.024361318 
645 29 12 16 0.024296071 
95 80 10 11 0.024251578 
238 99 14 16 0.024247652 
777 293 18 30 0.023948299 
496 142 11 15 0.023924464 
248 45 9 12 0.023716277 
285 49 10 14 0.02364134 
430 122 15 15 0.023619784 
371 97 13 16 0.023420185 
462 117 12 13 0.023395529 
38 71 13 15 0.023378538 
448 141 12 16 0.02335847 
597 100 9 13 0.02331058 
223 250 23 27 0.023302069 
358 0 11 9 0.023179514 
7 0 11 10 0.023075165 
900 0 14 11 0.02306428 
205 27 13 16 0.02304668 
516 117 17 17 0.022989698 
343 78 10 12 0.02295751 
94 1 10 10 0.022893382 
584 109 11 15 0.022850081 
222 54 11 15 0.02282998 
335 85 10 11 0.022810016 
285 4 14 14 0.022785027 
821 184 13 16 0.022699969 
602 11 14 17 0.022679305 
692 37 12 16 0.02267751 
308 69 10 12 0.02261387 
434 107 16 18 0.022612631 
559 111 11 14 0.02254578 
765 188 15 19 0.022481607 
463 92 15 14 0.022445554 
653 114 13 15 0.02241823 
1 19 10 15 0.02239902 
980 170 13 20 0.022338642 
200 226 22 28 0.022269653 
567 91 10 13 0.022136826 
265 84 9 13 0.02148213 
336 68 9 13 0.021406079 
189 104 9 10 0.02134976 
170 164 24 30 0.021245202 
490 1 14 16 0.021231022 
536 164 12 17 0.020952197 
128 175 9 11 0.020931147 
823 156 11 15 0.020923223 
32 78 13 15 0.020885553 
551 199 10 13 0.020884246 
90 92 15 19 0.020810788 
445 59 11 15 0.020786868 
453 108 12 14 0.02059592 
620 118 13 19 0.020572457 
483 123 12 15 0.020553058 
573 91 11 14 0.020549277 
236 104 15 19 0.020509243 
34 9 9 10 0.020407917 
646 90 15 17 0.02035261 
510 106 15 16 0.020341482 
157 179 12 17 0.02033483 
47 0 11 10 0.02026815 
253 39 11 13 0.020158784 
422 41 14 16 0.020083454 
277 2 15 16 0.020079464 
248 217 24 33 0.020057818 
989 6 13 15 0.020024095 
164 112 16 19 0.020010466 
129 76 17 18 0.020007161 
