37_Soccer_Soccer_37_394
29
903 92 23 33 0.9899726 
584 122 20 25 0.9412433 
517 133 14 18 0.89012855 
132 148 12 16 0.88891405 
468 132 15 24 0.73484546 
2 164 13 17 0.2566539 
502 102 9 12 0.1003224 
429 141 11 12 0.09150162 
647 151 22 30 0.08559787 
0 473 39 82 0.07562201 
139 148 10 15 0.060069095 
645 137 17 23 0.050537433 
2 184 16 17 0.04163018 
448 179 10 12 0.037273947 
382 159 10 11 0.03690906 
421 182 9 11 0.03442258 
624 160 20 28 0.03190335 
441 124 10 12 0.027351463 
652 141 23 30 0.026703525 
1 193 17 20 0.026441418 
445 126 10 12 0.025762863 
447 144 11 14 0.025564369 
671 119 10 12 0.025066381 
477 104 9 11 0.024737738 
417 174 9 11 0.024688447 
662 124 12 13 0.02392216 
663 136 22 26 0.022976894 
436 142 10 13 0.021658415 
430 253 12 14 0.021212665 
