37_Soccer_soccer_ball_37_907
429
167 51 35 42 0.99813485 
259 73 34 45 0.99813324 
44 59 34 47 0.99736375 
674 86 39 51 0.996488 
13 295 35 44 0.99610066 
125 177 38 48 0.99411607 
423 109 36 45 0.99277496 
541 82 40 52 0.99161595 
334 112 33 40 0.9911869 
191 274 35 47 0.9871824 
918 66 29 45 0.9756177 
21 183 41 53 0.95796275 
911 171 43 52 0.9560686 
773 319 37 51 0.9439964 
1002 77 21 41 0.93083996 
306 280 37 46 0.90189147 
993 437 17 21 0.87387633 
276 425 17 18 0.6896565 
148 308 32 37 0.63924915 
1003 360 17 23 0.61935526 
887 282 34 38 0.5453567 
967 440 15 20 0.5274778 
569 435 21 27 0.4970819 
725 2 28 29 0.43734917 
856 423 19 21 0.41537502 
909 426 16 18 0.40843412 
364 804 19 19 0.36903176 
595 794 42 43 0.36694017 
684 543 22 24 0.35126507 
940 442 14 18 0.34230894 
398 808 19 20 0.2939373 
1011 327 12 21 0.2876854 
760 512 19 19 0.28438565 
809 537 20 21 0.2616195 
539 439 23 28 0.25981152 
897 527 19 23 0.2532 
497 300 17 20 0.24664468 
428 807 20 20 0.24306755 
278 300 24 30 0.23638558 
333 802 19 19 0.2225752 
676 320 18 21 0.21416748 
723 357 23 26 0.2098059 
352 292 20 22 0.20648341 
864 537 18 20 0.20116492 
448 657 52 35 0.20030002 
410 409 16 18 0.19827828 
977 327 16 21 0.19473867 
545 320 21 28 0.18924119 
977 549 17 19 0.18752545 
751 546 20 22 0.17628431 
594 258 14 21 0.17606182 
423 438 20 22 0.17470121 
989 11 21 29 0.17289819 
951 516 25 24 0.17117335 
585 294 17 22 0.15841834 
1011 515 12 17 0.15765199 
724 515 23 23 0.15746209 
781 546 22 23 0.15296178 
626 545 18 23 0.14900188 
987 293 17 23 0.14666711 
867 485 17 21 0.14578313 
984 515 16 18 0.14253214 
450 492 38 54 0.14237814 
863 0 22 21 0.14110643 
380 535 22 25 0.13702533 
472 298 18 23 0.13626488 
601 438 16 21 0.13549404 
1013 294 11 21 0.13260095 
658 442 19 20 0.13244495 
979 373 14 17 0.13050438 
667 614 18 24 0.12861139 
532 258 17 23 0.12845206 
894 536 20 21 0.12657028 
888 0 20 18 0.12433187 
601 546 18 23 0.12149704 
965 406 22 27 0.116489425 
949 546 18 20 0.113832794 
884 293 18 24 0.11026113 
696 514 20 18 0.10956045 
393 507 24 24 0.109543234 
597 470 15 22 0.1043625 
563 319 22 28 0.10265289 
301 797 18 18 0.09581365 
459 809 21 20 0.0928367 
493 811 20 21 0.09254604 
577 512 20 20 0.09252205 
1011 367 13 19 0.090925016 
762 820 24 23 0.08989325 
718 545 21 25 0.088012084 
331 431 17 19 0.08604386 
515 323 16 23 0.085689224 
28 130 26 35 0.085214026 
507 442 21 27 0.08367143 
447 233 30 48 0.08291468 
681 283 17 19 0.08240762 
432 512 18 18 0.08206317 
677 287 26 35 0.081883185 
587 809 27 29 0.08090043 
484 483 35 39 0.080536984 
771 425 19 19 0.080512196 
625 430 21 26 0.08038926 
302 427 17 19 0.07734894 
962 423 17 21 0.07663646 
830 284 22 32 0.07582285 
788 513 18 19 0.0748165 
363 425 19 20 0.07428264 
381 892 18 19 0.07395485 
946 408 16 20 0.07386095 
780 400 16 19 0.07369119 
1012 464 12 26 0.073132895 
481 264 15 18 0.07200981 
668 357 16 20 0.071226865 
813 493 16 21 0.07076537 
1004 511 19 29 0.06989158 
525 817 19 19 0.06846548 
989 6 16 20 0.06720434 
870 358 21 29 0.06489822 
963 0 19 20 0.06265229 
632 441 16 21 0.061114762 
318 887 18 20 0.060691748 
842 280 26 33 0.058806136 
767 467 20 22 0.058541898 
687 442 19 20 0.05806224 
653 81 22 32 0.057903387 
924 437 12 19 0.057642937 
357 504 16 21 0.057616055 
271 0 20 17 0.05741782 
438 481 23 25 0.057086937 
374 825 14 19 0.056874543 
372 695 19 22 0.056495372 
296 277 28 36 0.05640631 
492 294 17 24 0.05623713 
901 293 18 23 0.055621948 
684 795 17 23 0.05544862 
693 519 25 25 0.055284426 
600 325 18 23 0.054835927 
715 433 22 25 0.054538954 
697 351 19 24 0.05444205 
519 286 22 27 0.054081913 
984 433 20 26 0.05400347 
549 289 22 27 0.052880038 
351 232 20 20 0.052742057 
507 264 18 20 0.05271147 
1003 544 17 22 0.05251547 
337 428 16 18 0.05181339 
324 523 19 23 0.05179335 
364 857 16 21 0.050398596 
305 244 23 32 0.050304793 
907 3 17 23 0.04996386 
882 423 18 20 0.04938505 
524 400 22 28 0.04915755 
800 629 26 31 0.048618972 
916 433 15 19 0.048553646 
337 624 19 23 0.048442554 
351 535 21 21 0.048298262 
863 146 30 38 0.048018903 
769 508 15 18 0.047931287 
277 431 20 21 0.047828816 
961 292 18 25 0.046765387 
378 471 21 23 0.04667294 
1003 528 20 32 0.046558723 
320 588 19 23 0.0464616 
855 888 17 18 0.045355532 
974 509 24 28 0.045118056 
535 423 30 35 0.045058392 
612 260 15 19 0.04505792 
482 294 19 26 0.044978775 
832 819 19 18 0.044177312 
340 283 26 33 0.043678124 
945 438 15 19 0.043649223 
955 511 17 20 0.043578513 
682 318 24 30 0.043411072 
789 446 17 21 0.04339518 
804 625 17 18 0.04330102 
548 432 23 30 0.043059215 
226 63 21 28 0.04289569 
514 261 14 18 0.04283365 
649 413 26 30 0.04230161 
702 357 41 58 0.042295784 
397 314 27 35 0.042234212 
348 468 15 18 0.042138454 
837 275 15 18 0.0416058 
311 321 23 27 0.04158722 
835 527 16 20 0.041251644 
609 296 17 22 0.04120211 
635 511 19 20 0.04097168 
529 288 17 24 0.040770553 
433 408 19 20 0.040730346 
646 318 15 24 0.040339116 
496 868 22 24 0.039787527 
816 841 20 20 0.039736174 
329 658 19 23 0.03960901 
433 500 25 32 0.03930417 
369 431 17 19 0.03918017 
562 257 23 25 0.03897123 
903 7 23 37 0.038461942 
613 468 15 25 0.03835571 
356 661 18 23 0.03831152 
979 438 13 20 0.038294014 
899 518 18 22 0.0378871 
688 290 16 20 0.03746919 
471 776 19 22 0.03729917 
393 737 18 20 0.037297577 
352 0 19 13 0.03709563 
773 786 26 24 0.036955092 
796 428 16 20 0.03689375 
656 397 25 33 0.036765378 
849 508 16 20 0.0367381 
986 369 14 20 0.036717806 
1013 375 11 20 0.036652677 
706 319 14 22 0.036626924 
811 627 15 20 0.036248554 
917 368 17 22 0.036080822 
850 296 18 22 0.03604665 
834 424 15 19 0.036039084 
348 275 43 55 0.035725947 
1012 415 12 20 0.03564539 
302 554 20 23 0.035601605 
515 676 26 45 0.035491075 
570 398 18 23 0.0353333 
925 675 17 23 0.03531249 
619 319 21 27 0.035111215 
714 366 27 33 0.034870744 
896 0 22 24 0.03474249 
651 541 23 27 0.034667924 
0 300 22 37 0.03396028 
453 641 34 37 0.033922926 
385 366 17 21 0.033903256 
837 514 23 29 0.033669967 
710 421 26 28 0.033635367 
412 809 13 17 0.03356863 
997 145 25 40 0.03338488 
609 430 19 28 0.033376433 
942 523 26 28 0.033347182 
674 797 22 28 0.033314127 
792 817 24 24 0.03324852 
392 436 19 21 0.03317495 
415 598 25 30 0.03317208 
666 344 26 33 0.032999147 
458 509 17 25 0.03298155 
933 518 14 17 0.032922488 
363 509 17 21 0.032794863 
570 520 25 25 0.032742485 
861 525 17 23 0.032609597 
997 364 16 21 0.0325991 
907 77 28 40 0.032346457 
978 683 16 20 0.0323119 
379 593 23 28 0.032263737 
396 799 17 20 0.032187387 
558 817 21 20 0.031967178 
786 0 17 13 0.0319466 
966 396 16 19 0.031852048 
434 249 31 39 0.031759072 
831 294 29 37 0.031468906 
621 527 25 35 0.03134737 
955 400 24 30 0.031261943 
994 501 23 33 0.03106406 
525 262 15 21 0.030534966 
913 520 23 30 0.030456344 
537 401 44 58 0.030424876 
430 494 43 52 0.030353751 
944 29 23 26 0.030131556 
776 505 22 27 0.029727543 
441 513 15 19 0.029712081 
354 827 16 21 0.029650118 
790 434 22 28 0.029580642 
300 788 17 18 0.02954618 
607 320 19 26 0.029512824 
613 361 13 19 0.029471403 
855 402 16 19 0.029420067 
500 57 44 52 0.029281976 
695 317 22 28 0.029281612 
421 737 17 20 0.02926571 
976 495 26 29 0.029176366 
411 533 23 28 0.029045982 
826 525 21 27 0.028661702 
608 258 12 18 0.028609542 
535 284 20 29 0.02859592 
430 573 23 28 0.028549977 
776 441 24 27 0.028543213 
962 328 16 23 0.028425444 
962 526 16 22 0.028386278 
846 424 16 20 0.028357731 
442 485 29 35 0.028208196 
344 695 19 23 0.02820134 
405 769 15 18 0.028077796 
941 413 20 26 0.028052105 
769 403 26 29 0.027946455 
477 441 409 451 0.027879192 
155 1 34 35 0.02784448 
381 805 13 17 0.027749857 
448 544 19 23 0.027576279 
667 297 28 32 0.027570847 
362 812 24 25 0.027489902 
532 401 28 36 0.027412407 
925 520 23 27 0.027342115 
789 456 18 23 0.02730135 
820 47 27 34 0.027244853 
573 836 26 30 0.027046174 
933 437 15 19 0.02703777 
518 742 23 26 0.026775954 
662 359 14 19 0.026753832 
603 467 15 24 0.026745727 
448 494 220 275 0.026738442 
696 546 16 21 0.02670321 
605 363 13 21 0.026649637 
494 266 13 18 0.026572172 
417 265 28 29 0.026492745 
884 434 17 17 0.026193503 
557 364 15 23 0.026162464 
343 493 21 28 0.025889248 
353 595 19 23 0.025800666 
808 453 20 27 0.025755832 
445 811 12 16 0.025746489 
842 325 27 33 0.025731195 
921 334 21 28 0.02555892 
889 544 26 29 0.025531182 
840 537 17 20 0.0254861 
390 295 26 36 0.025437057 
958 471 16 20 0.025409985 
353 475 15 17 0.025242342 
777 48 31 32 0.025067108 
981 474 14 18 0.025011996 
331 496 17 20 0.024977265 
285 814 17 22 0.02496205 
337 492 18 20 0.024854092 
428 864 21 24 0.024845582 
602 284 21 30 0.024781574 
1004 402 14 18 0.02447081 
830 303 43 51 0.024422467 
909 368 15 20 0.024284594 
978 520 24 30 0.02427641 
1006 412 14 18 0.024264377 
554 508 17 23 0.024186902 
363 559 22 28 0.024177779 
98 305 27 39 0.024172561 
810 622 14 16 0.024147118 
397 632 17 22 0.024120951 
638 427 22 28 0.02408505 
661 513 17 20 0.023909006 
390 798 14 17 0.023881925 
907 282 28 33 0.023862198 
975 537 22 27 0.023783455 
320 819 17 22 0.023758091 
401 864 17 20 0.023750093 
388 294 18 22 0.023723664 
943 538 16 19 0.023654966 
633 318 20 28 0.023601504 
445 299 15 20 0.023470543 
584 432 20 28 0.023417752 
948 507 16 20 0.02334933 
780 533 19 20 0.023249136 
933 66 28 38 0.023243953 
990 421 24 30 0.023185108 
349 506 27 30 0.023176027 
414 896 17 19 0.022928117 
973 409 23 29 0.022896297 
454 805 17 19 0.022874935 
318 528 19 21 0.022867953 
974 379 23 25 0.022838999 
73 19 25 34 0.022820234 
458 406 24 23 0.02278119 
407 778 13 16 0.022776544 
576 326 17 22 0.022750448 
616 425 21 28 0.022730539 
422 504 25 27 0.02253889 
443 832 20 25 0.022480395 
625 279 20 27 0.022413298 
971 363 21 26 0.022381788 
909 499 14 19 0.022209108 
870 456 16 21 0.022197412 
840 547 18 18 0.022184065 
274 415 18 22 0.022128886 
343 762 14 18 0.022114167 
1013 384 11 21 0.022080934 
347 520 25 29 0.021859204 
664 436 17 21 0.021775605 
701 353 24 30 0.021695592 
358 807 18 19 0.021615235 
269 848 14 18 0.021580016 
358 729 16 20 0.021546626 
359 37 29 35 0.021509953 
964 542 23 28 0.021508794 
437 776 14 17 0.021489087 
670 326 27 36 0.021466438 
861 492 17 21 0.02144361 
612 792 48 40 0.021364234 
924 534 17 22 0.02132409 
422 412 26 28 0.021293761 
366 327 16 20 0.021293193 
635 840 17 24 0.021277914 
374 468 17 21 0.02123386 
598 366 15 22 0.021145584 
941 360 16 23 0.021133281 
401 264 29 34 0.02112956 
803 433 15 20 0.021078318 
487 742 20 23 0.021032417 
488 336 18 21 0.021020703 
679 415 28 29 0.021004396 
443 603 25 29 0.02100293 
638 409 15 18 0.020990508 
929 291 22 28 0.020880949 
296 259 26 34 0.02087641 
540 249 22 31 0.020872626 
380 864 14 18 0.020838894 
376 705 18 19 0.020812908 
541 452 18 21 0.020718327 
976 402 16 20 0.020716982 
367 826 14 20 0.020638457 
705 509 17 19 0.020599486 
329 722 19 23 0.020522933 
501 778 15 20 0.020518072 
424 516 26 25 0.020502798 
323 806 25 27 0.02049822 
909 372 25 33 0.020435017 
811 99 32 36 0.020407436 
824 427 22 23 0.020400707 
361 1 21 17 0.0203105 
550 244 25 32 0.020303901 
417 664 23 27 0.020273563 
764 443 26 28 0.020258833 
849 270 47 44 0.020219425 
951 325 22 28 0.020130819 
792 535 22 28 0.020062065 
398 522 29 31 0.020053776 
468 280 25 30 0.02005289 
366 627 16 21 0.020037241 
678 431 24 27 0.020018457 
749 747 17 21 0.020010563 
