37_Soccer_Soccer_37_114
109
461 185 53 75 0.99937016 
196 67 35 55 0.9012509 
992 97 22 29 0.77183783 
901 112 16 21 0.6100563 
19 140 15 21 0.42758682 
517 99 16 20 0.39975545 
862 82 16 19 0.3955389 
706 3 16 18 0.33545554 
58 7 17 21 0.331561 
258 28 15 20 0.30226836 
673 73 50 43 0.22374171 
444 159 17 21 0.21741779 
803 97 18 22 0.21510038 
444 29 18 19 0.21265309 
475 129 16 22 0.2090837 
751 19 15 20 0.20766832 
950 55 14 18 0.20627224 
141 127 15 20 0.19463007 
314 11 15 18 0.18525064 
105 25 15 18 0.17986697 
861 184 23 30 0.17113617 
402 78 15 19 0.14395861 
766 1 15 15 0.14164111 
431 120 15 18 0.13818073 
144 51 16 18 0.13571106 
504 134 17 21 0.12517731 
987 165 19 24 0.120702006 
997 16 14 17 0.11976253 
457 104 17 20 0.11081333 
77 120 16 19 0.10632087 
551 0 19 16 0.105901666 
541 116 18 21 0.09579135 
904 2 17 17 0.094489455 
366 97 15 18 0.09212056 
897 44 15 18 0.09121849 
84 1 20 18 0.089700796 
251 31 26 40 0.088523164 
979 56 15 18 0.08676084 
370 119 18 22 0.086597174 
434 3 17 17 0.08173908 
466 58 17 20 0.076512925 
637 1 17 19 0.07639852 
403 145 30 37 0.075446285 
661 51 24 43 0.073396124 
553 137 22 28 0.07024229 
339 87 18 20 0.06476589 
928 82 18 24 0.06383144 
312 63 18 20 0.06306024 
810 28 18 22 0.06264785 
968 35 12 14 0.05965781 
513 71 17 20 0.05960333 
85 57 16 23 0.057773054 
923 20 13 18 0.05773164 
77 125 22 31 0.057315316 
74 222 16 19 0.05571577 
624 56 17 24 0.054051626 
309 14 22 31 0.051803105 
590 0 24 20 0.04992015 
869 27 15 22 0.046651162 
901 12 16 19 0.045130342 
749 102 26 34 0.043886583 
145 6 15 16 0.04274957 
178 134 30 36 0.041831158 
831 105 20 25 0.041717496 
729 0 19 17 0.03952081 
157 76 23 31 0.03762914 
410 131 18 19 0.037036642 
275 49 13 16 0.036740582 
691 65 41 39 0.03619018 
3 43 15 21 0.03503944 
27 2 17 16 0.034634687 
694 1 23 24 0.032631055 
709 31 29 51 0.031104745 
417 122 23 24 0.029342527 
128 150 18 21 0.02916487 
48 227 14 17 0.02871757 
6 238 12 14 0.02783144 
364 99 21 28 0.027099445 
375 1 19 18 0.02668813 
613 8 21 27 0.026612556 
337 91 25 30 0.026253253 
506 58 16 20 0.026082661 
195 171 27 32 0.025843566 
531 18 22 26 0.0254481 
91 179 18 21 0.02536415 
883 164 25 34 0.025256135 
660 54 44 57 0.024794757 
754 94 19 24 0.024615895 
248 1 18 18 0.024608258 
269 67 10 14 0.024478937 
428 122 21 27 0.024395328 
437 19 23 26 0.024066575 
823 135 20 30 0.024039576 
923 76 17 24 0.023821551 
890 155 17 21 0.023090683 
474 56 15 21 0.022953788 
989 13 14 18 0.022897813 
404 130 28 34 0.02253045 
260 39 26 36 0.022516731 
389 141 48 60 0.02218283 
884 13 15 20 0.022155417 
12 133 17 25 0.021165708 
878 106 17 21 0.021013197 
416 153 17 23 0.020768879 
503 52 15 18 0.020746576 
885 162 16 22 0.020639164 
126 11 16 22 0.020627573 
1012 3 11 14 0.020505348 
269 44 15 19 0.020248853 
