37_Soccer_soccer_ball_37_113
26
518 168 126 159 0.99938834 
713 87 68 84 0.9873082 
428 103 38 45 0.65351665 
276 173 38 52 0.4645092 
76 118 33 42 0.37542793 
856 50 41 51 0.27827656 
980 143 30 39 0.24781688 
435 176 32 33 0.21280822 
228 239 38 45 0.1546218 
548 34 16 21 0.11316915 
608 46 31 33 0.09585629 
682 100 27 33 0.08576505 
664 72 27 26 0.050924912 
137 183 49 53 0.04867951 
159 196 26 32 0.04701949 
319 146 28 35 0.045061607 
145 253 47 53 0.037847728 
84 120 44 48 0.036230836 
857 79 88 118 0.030210355 
597 49 51 54 0.029234618 
64 201 32 38 0.023430115 
304 866 108 148 0.021999776 
202 41 49 61 0.021186424 
200 524 289 230 0.02059368 
46 511 152 134 0.02050394 
509 127 16 21 0.020044422 
