37_Soccer_soccer_ball_37_269
23
741 235 28 36 0.9992743 
175 122 28 38 0.9990928 
596 250 28 35 0.9988433 
414 268 27 35 0.9987937 
326 234 29 39 0.9987204 
336 132 26 34 0.9987134 
242 247 29 35 0.9985084 
910 130 27 35 0.998478 
833 242 27 34 0.9984541 
166 252 30 39 0.9982418 
509 240 32 38 0.9981756 
407 124 25 33 0.998139 
832 142 26 34 0.99795556 
664 227 27 38 0.9979341 
687 144 26 33 0.99792516 
549 139 25 36 0.99747854 
268 136 28 35 0.9971546 
101 135 27 34 0.9967619 
899 233 25 32 0.9966402 
620 135 26 35 0.9960168 
767 155 26 29 0.995576 
491 125 26 32 0.9937441 
951 269 18 27 0.024775617 
