54_Rescue_rescuepeople_54_840
21
209 39 194 213 0.7394306 
538 541 39 59 0.58591735 
327 1086 18 22 0.09089384 
645 550 34 39 0.056829948 
553 547 42 62 0.0527265 
112 -39 331 363 0.046247177 
589 -2 403 429 0.036707923 
294 25 138 188 0.035901766 
227 905 34 38 0.031407095 
673 565 29 44 0.029176509 
812 187 50 76 0.029009791 
641 701 21 28 0.02858124 
303 908 68 75 0.02661703 
947 254 76 181 0.025490876 
965 597 55 62 0.025168225 
63 794 217 283 0.025055695 
216 918 45 68 0.02376611 
124 829 123 156 0.023210745 
885 58 102 165 0.022179564 
881 1439 23 27 0.020515876 
861 106 28 35 0.020355778 
