54_Rescue_rescuepeople_54_159
184
885 27 33 39 0.99649256 
636 116 17 22 0.94394684 
794 79 18 24 0.9436378 
775 101 20 26 0.93931973 
593 96 17 22 0.92860466 
807 36 21 24 0.9091681 
299 205 22 28 0.9046937 
687 111 25 33 0.8762538 
630 172 32 42 0.87202096 
350 116 21 28 0.845398 
714 85 21 25 0.83812416 
803 102 22 26 0.8215159 
780 33 19 24 0.79174185 
756 53 22 27 0.7043129 
522 182 17 24 0.6769331 
810 61 20 26 0.6764622 
483 425 27 36 0.5855186 
571 84 13 17 0.52797085 
741 98 18 24 0.4103397 
419 229 19 20 0.39862475 
731 18 15 19 0.33747488 
655 119 22 28 0.31458664 
749 54 17 23 0.2184283 
235 176 24 33 0.21781419 
800 73 21 26 0.20717351 
451 57 23 30 0.19413647 
756 132 24 31 0.18351215 
73 30 43 46 0.14575401 
784 136 22 33 0.1267784 
555 226 17 25 0.10842815 
846 12 22 30 0.10175949 
397 72 18 19 0.09013348 
580 90 11 18 0.08927881 
451 485 31 48 0.08862505 
553 359 17 22 0.085165635 
498 83 25 29 0.084937036 
748 97 20 26 0.07769855 
759 103 15 20 0.077043585 
451 52 15 16 0.07515962 
386 245 16 24 0.07171962 
756 5 18 21 0.07100551 
711 14 22 27 0.06586561 
700 105 22 30 0.06468461 
458 486 49 60 0.06168914 
867 34 14 22 0.06077957 
804 13 17 19 0.059114464 
173 126 15 18 0.05659355 
529 89 17 19 0.05330023 
689 90 20 22 0.052680515 
721 14 22 25 0.05165351 
357 43 16 20 0.051469166 
789 129 16 22 0.050643347 
233 205 27 31 0.04849444 
514 394 24 35 0.04846347 
699 87 14 19 0.04729234 
444 46 18 19 0.045893695 
483 492 49 59 0.0453234 
800 86 18 21 0.044849325 
540 396 30 38 0.044806097 
151 195 16 19 0.043312002 
305 123 18 24 0.043195907 
39 225 15 17 0.04302567 
372 49 16 19 0.042872835 
915 72 25 29 0.04265381 
206 77 12 18 0.04176756 
91 2 17 17 0.041453045 
296 89 27 32 0.04144467 
433 229 13 17 0.04069265 
316 573 126 118 0.04040406 
144 287 28 31 0.04001277 
539 316 16 19 0.039493207 
554 171 17 25 0.03926751 
514 104 18 22 0.03856108 
158 74 31 38 0.038164582 
485 238 10 14 0.03767982 
414 531 51 68 0.037608273 
401 318 18 23 0.037247017 
552 346 25 29 0.037061293 
483 245 17 24 0.036153734 
503 498 36 42 0.035576202 
763 99 21 26 0.034928095 
522 97 17 20 0.034281854 
17 309 25 28 0.034222987 
429 59 14 16 0.034186363 
442 416 26 27 0.03282097 
354 194 28 34 0.032567654 
787 66 16 19 0.032374382 
767 135 17 23 0.031816788 
706 11 18 23 0.030881751 
447 56 17 19 0.030516207 
137 191 19 23 0.030460525 
69 169 15 19 0.030458484 
694 217 25 34 0.030161204 
23 316 33 31 0.030094659 
365 40 21 25 0.030067807 
445 125 32 31 0.029986618 
796 99 19 23 0.029438533 
659 59 17 19 0.029429762 
244 166 24 33 0.029317128 
677 116 25 32 0.029046515 
412 379 16 18 0.028984025 
268 113 21 23 0.02885724 
199 297 28 30 0.02869679 
133 101 24 32 0.028575372 
28 311 17 20 0.028442312 
1 275 29 40 0.02816413 
67 264 27 36 0.028088545 
424 222 18 21 0.027991513 
747 138 28 35 0.02775388 
583 97 15 20 0.027712144 
153 190 25 28 0.027528983 
725 87 19 26 0.027232528 
711 140 22 26 0.027124338 
147 284 18 21 0.026839772 
533 59 15 19 0.02676916 
539 364 26 25 0.026188783 
199 182 23 29 0.025809215 
102 291 30 30 0.025771908 
401 301 10 12 0.025711218 
653 115 17 22 0.025691988 
781 107 21 28 0.0255594 
81 304 26 30 0.02555215 
85 0 16 12 0.025278306 
573 91 13 20 0.02512881 
418 117 20 31 0.025094468 
20 9 18 20 0.024971096 
357 400 23 30 0.024857074 
515 257 14 22 0.024811085 
379 407 22 27 0.024662549 
505 95 18 21 0.024403568 
93 295 28 32 0.024244437 
994 343 29 41 0.024099855 
406 235 25 30 0.023963764 
739 22 16 19 0.023768922 
551 384 44 50 0.02373242 
427 411 16 21 0.023667416 
767 56 17 22 0.023660958 
659 51 15 18 0.023660816 
480 243 14 18 0.023408813 
445 277 17 18 0.02330095 
681 11 17 18 0.023269549 
404 376 28 32 0.023191566 
179 230 32 29 0.023174817 
413 220 18 22 0.02278253 
261 205 24 29 0.022692608 
490 71 27 30 0.022583874 
877 30 21 32 0.022579117 
194 305 17 22 0.022539709 
543 216 25 33 0.022527859 
123 193 27 30 0.02232126 
676 2 18 17 0.022219269 
436 498 46 61 0.022198796 
209 293 20 21 0.021935392 
775 18 21 25 0.02183269 
611 203 15 19 0.021812914 
226 190 32 36 0.021749044 
434 118 33 31 0.021663599 
532 74 16 19 0.021586789 
540 81 14 18 0.021536268 
567 79 13 17 0.021531422 
721 134 20 29 0.021291623 
374 241 25 32 0.02124877 
508 284 15 18 0.021095503 
544 162 23 28 0.020920824 
451 90 28 33 0.020849094 
186 131 24 30 0.020825978 
513 463 40 37 0.020722324 
196 110 30 36 0.020717708 
549 84 12 16 0.020641863 
645 11 15 19 0.020577723 
439 52 15 17 0.020559873 
804 24 20 26 0.020522585 
518 89 13 18 0.02049133 
212 73 28 40 0.02046421 
184 114 26 33 0.020442298 
794 122 13 19 0.020420745 
440 503 25 44 0.020379517 
470 24 17 21 0.020310936 
668 161 18 21 0.020267716 
103 267 28 29 0.020246243 
480 112 22 25 0.020229667 
43 251 31 38 0.020185083 
150 226 15 16 0.020095587 
667 115 15 25 0.020002205 
