54_Rescue_rescuepeople_54_191
22
809 252 58 68 0.9994804 
447 278 54 62 0.99892336 
932 275 38 46 0.99796283 
665 276 35 40 0.9890961 
85 361 17 20 0.90023357 
981 297 13 17 0.50111526 
789 306 11 14 0.32021835 
987 293 14 16 0.12156992 
249 202 15 19 0.061523385 
80 355 14 21 0.057922278 
673 497 40 31 0.04824691 
772 256 15 19 0.038011923 
1002 284 21 33 0.037706833 
329 179 20 23 0.032905445 
827 560 52 65 0.029779302 
83 350 16 22 0.029669523 
774 266 13 15 0.026090674 
112 313 7 9 0.024598565 
793 303 13 15 0.024424035 
214 356 11 12 0.020684442 
120 311 8 10 0.02025988 
787 302 22 27 0.02024647 
