54_Rescue_rescuepeople_54_325
27
557 301 66 75 0.999038 
368 171 64 90 0.9974371 
616 248 51 83 0.9370824 
848 240 48 85 0.7289668 
180 295 35 50 0.36839825 
572 139 24 30 0.12503064 
596 274 50 71 0.095910974 
-21 115 324 400 0.06544919 
225 279 23 27 0.056390807 
33 286 44 46 0.055162724 
183 610 12 15 0.04944173 
891 236 61 74 0.04782734 
421 587 51 68 0.04562629 
84 202 51 54 0.043447178 
26 270 31 51 0.042860813 
135 303 76 58 0.040589686 
632 223 60 88 0.040229306 
925 18 13 15 0.040197186 
989 528 32 40 0.032974605 
653 190 31 33 0.032038104 
678 234 38 48 0.03185262 
79 158 56 69 0.02920666 
660 218 33 36 0.02833452 
44 185 213 239 0.02682957 
927 238 28 47 0.024872687 
186 307 49 45 0.023290627 
282 279 37 57 0.021743894 
