54_Rescue_rescuepeople_54_711
50
407 374 13 17 0.93766457 
483 308 14 19 0.93735206 
422 316 10 13 0.56528896 
454 352 11 13 0.43278062 
543 287 13 16 0.38172263 
493 338 10 14 0.25896174 
440 348 9 11 0.23537353 
455 308 13 16 0.17040485 
473 356 8 11 0.13789561 
596 305 13 14 0.1026842 
496 368 10 12 0.07963655 
428 323 11 14 0.076636024 
479 379 12 15 0.073242076 
423 347 9 12 0.06663734 
507 294 12 15 0.06418531 
529 364 9 12 0.062509805 
579 283 13 15 0.051478818 
518 306 14 19 0.049533024 
563 253 9 12 0.047590945 
470 308 9 14 0.046687633 
438 402 11 13 0.040457048 
503 297 12 15 0.039436862 
446 372 10 12 0.03935593 
499 366 11 12 0.037960924 
445 349 9 12 0.03305104 
506 382 14 19 0.03055403 
495 301 10 13 0.029827721 
431 374 10 12 0.029207386 
459 304 12 14 0.029037239 
533 396 16 19 0.02782098 
395 4 49 68 0.026525626 
494 324 11 14 0.026482902 
489 352 10 12 0.02585467 
493 345 11 15 0.025564669 
484 374 13 18 0.025155446 
453 377 13 17 0.023924202 
437 357 10 12 0.023790753 
532 360 10 12 0.02361346 
551 380 10 13 0.023161879 
430 380 11 14 0.022309013 
488 334 11 15 0.022152195 
583 300 12 14 0.022110837 
427 312 10 11 0.021949984 
459 312 14 17 0.02192746 
580 289 14 16 0.021914287 
473 380 10 13 0.021734597 
477 353 8 10 0.021158725 
500 371 11 14 0.021105727 
516 341 9 14 0.020478787 
432 349 8 10 0.020244796 
