54_Rescue_rescuepeople_54_581
418
317 340 9 13 0.9784687 
263 331 10 14 0.9672172 
690 373 10 13 0.9663453 
653 199 9 11 0.96434695 
1014 373 9 12 0.95411545 
97 357 10 13 0.9489292 
58 349 9 13 0.92998564 
886 311 10 13 0.92508733 
596 354 11 15 0.92238814 
692 191 9 12 0.92036635 
286 191 10 12 0.9195201 
972 423 11 13 0.9191092 
537 317 10 13 0.9158838 
996 367 10 13 0.9001681 
748 198 10 12 0.8974353 
360 342 10 13 0.8969757 
841 368 10 13 0.89459646 
506 182 9 12 0.89033747 
741 372 10 13 0.8812056 
815 367 10 12 0.87325364 
482 318 9 12 0.87092406 
642 367 10 12 0.8696113 
791 365 9 12 0.8660226 
434 182 9 12 0.86593056 
882 197 9 11 0.8645667 
167 352 10 13 0.8615636 
907 370 11 15 0.8609147 
373 353 11 14 0.85242695 
194 184 9 12 0.8499367 
852 182 10 12 0.8255464 
624 185 10 12 0.8244499 
213 331 9 12 0.8135096 
979 371 11 14 0.789313 
406 180 8 11 0.7748618 
937 196 9 11 0.7627639 
540 335 9 13 0.74561125 
674 199 8 11 0.7408291 
537 368 10 13 0.7345854 
117 384 9 12 0.7248203 
1 335 8 12 0.7012954 
234 195 9 12 0.6905515 
963 308 10 12 0.6901183 
803 191 10 14 0.6841172 
384 188 9 11 0.68347234 
426 204 10 12 0.67640626 
454 192 9 11 0.668342 
886 352 12 16 0.6577278 
92 337 10 13 0.6207205 
480 355 10 13 0.60105187 
409 356 9 12 0.5978747 
38 184 9 11 0.59743315 
419 331 11 14 0.5962777 
918 314 10 13 0.59513104 
305 191 7 10 0.56560355 
959 197 9 11 0.54522645 
480 181 9 10 0.54132235 
361 360 9 12 0.54016364 
9 189 7 10 0.52704304 
394 176 8 10 0.5046119 
239 341 9 10 0.49604836 
322 198 8 10 0.49455506 
203 358 12 15 0.4761467 
210 203 8 11 0.4605683 
106 193 10 12 0.44837248 
389 364 9 11 0.41954663 
815 181 9 12 0.41433394 
6 336 9 11 0.40675905 
876 378 10 13 0.38766626 
474 197 7 10 0.36999252 
702 356 8 11 0.36161762 
108 222 9 11 0.3558839 
1014 310 8 11 0.33101538 
412 351 10 12 0.31801623 
905 207 9 11 0.29985029 
913 201 7 9 0.2835862 
969 189 8 11 0.28333187 
250 188 8 11 0.27628204 
825 360 9 11 0.270348 
233 372 10 13 0.2674959 
632 384 10 12 0.26032126 
334 355 9 12 0.25715733 
13 190 8 9 0.25397092 
236 352 9 12 0.25080505 
368 357 10 12 0.246198 
549 182 9 10 0.22267963 
391 359 9 12 0.21246235 
478 191 9 12 0.20321748 
288 350 10 13 0.19717804 
789 390 11 14 0.1925874 
886 333 10 12 0.19075365 
842 191 8 11 0.18664548 
534 429 9 11 0.18431513 
926 208 8 10 0.17549594 
488 191 9 12 0.17403816 
241 336 8 10 0.1729726 
681 215 11 13 0.16684484 
708 183 10 12 0.1643726 
456 329 8 10 0.16293672 
1005 397 12 13 0.14702123 
432 320 8 11 0.14375012 
442 327 7 10 0.14243743 
304 196 8 11 0.14241424 
821 365 9 12 0.13707933 
923 208 7 9 0.13430084 
865 198 9 10 0.13157986 
319 212 8 11 0.13134319 
398 176 9 11 0.12993939 
311 199 8 10 0.12961166 
234 341 8 10 0.1274518 
245 335 8 10 0.12034083 
765 357 9 11 0.116196744 
977 200 8 10 0.11087289 
399 356 8 11 0.108869694 
921 415 10 13 0.10783393 
319 206 8 11 0.10731784 
809 180 11 13 0.105996855 
910 204 8 11 0.10503495 
548 436 9 11 0.10223361 
787 366 9 12 0.10170173 
254 186 8 10 0.10157717 
957 428 10 14 0.10080397 
929 331 10 12 0.10056489 
607 382 11 13 0.10054676 
846 189 9 11 0.09940471 
448 332 8 11 0.09364684 
868 335 9 11 0.09261844 
446 328 8 10 0.089560494 
191 357 8 11 0.08460539 
713 355 8 11 0.08431632 
200 333 8 10 0.08154683 
981 347 10 12 0.08094796 
897 452 9 12 0.08064672 
863 374 10 15 0.07843223 
393 350 10 13 0.07283039 
1015 316 8 12 0.07231046 
999 281 7 9 0.07224684 
212 201 8 11 0.07122765 
593 239 8 11 0.07089833 
621 366 9 11 0.07019734 
845 197 8 11 0.07000167 
38 227 11 14 0.06983914 
32 186 9 11 0.06941741 
760 214 9 12 0.06877987 
704 186 11 14 0.06855296 
484 180 9 11 0.06689402 
891 334 10 12 0.06654254 
825 343 8 10 0.064478435 
396 396 10 13 0.06368442 
743 359 9 11 0.06354414 
854 427 11 16 0.06320649 
29 358 10 12 0.06078958 
408 335 8 10 0.059919436 
891 494 13 17 0.058323532 
452 341 9 14 0.057915106 
776 359 9 11 0.057857573 
895 315 9 13 0.057458382 
860 428 12 16 0.05686585 
409 200 8 10 0.056474 
765 373 9 11 0.055724304 
15 204 11 14 0.055502027 
798 359 8 11 0.054908417 
245 340 9 11 0.053880457 
767 340 9 11 0.053738967 
769 336 8 11 0.053341117 
776 364 8 11 0.052915793 
162 351 9 13 0.052441552 
738 360 8 10 0.052108288 
720 184 8 10 0.051364537 
391 198 8 10 0.05126173 
42 184 10 12 0.051037155 
3 189 8 11 0.050379477 
144 359 9 11 0.05030666 
885 193 8 11 0.049284745 
821 182 9 12 0.04877586 
884 372 10 13 0.048189916 
388 190 8 11 0.04783409 
991 352 10 12 0.047811948 
889 181 9 11 0.047598943 
449 195 8 11 0.04735046 
464 198 7 9 0.04669124 
271 351 10 14 0.04667015 
329 356 9 12 0.046535533 
963 389 11 15 0.046460144 
710 375 9 12 0.046443492 
315 205 8 11 0.04634673 
390 180 9 11 0.046115488 
402 255 9 12 0.0456276 
231 336 8 10 0.045109123 
310 185 8 9 0.045001093 
960 328 9 11 0.04450585 
263 356 10 13 0.04441091 
15 341 7 10 0.044200238 
353 327 9 11 0.043949973 
422 367 10 13 0.04368061 
151 350 8 11 0.043189492 
478 402 11 13 0.042915482 
766 352 8 10 0.042534593 
461 328 8 11 0.042444333 
805 357 9 11 0.042187214 
512 355 9 13 0.042135958 
308 191 8 10 0.041378375 
593 335 8 11 0.04129514 
357 324 10 12 0.041144777 
765 367 10 12 0.04113322 
545 176 8 10 0.04092893 
104 228 10 14 0.040751778 
151 390 10 13 0.04043937 
24 188 8 11 0.039844792 
519 316 9 10 0.039816365 
16 199 9 10 0.039740488 
750 349 9 10 0.03960645 
294 190 8 11 0.03960625 
326 211 9 12 0.039457355 
190 333 9 10 0.039171174 
526 388 11 13 0.039033078 
918 200 8 9 0.03869599 
995 279 8 10 0.03855682 
223 352 9 11 0.037657518 
807 352 9 11 0.037575115 
453 366 11 13 0.037506994 
561 200 8 12 0.0373095 
189 327 9 11 0.037125498 
748 358 10 12 0.036840986 
256 351 8 11 0.036819648 
426 245 12 15 0.03640625 
964 383 10 11 0.036233023 
483 397 11 13 0.035785746 
762 351 8 10 0.03544681 
978 344 9 12 0.035389367 
903 212 9 10 0.035235323 
449 371 12 15 0.035041153 
277 357 9 12 0.035000693 
830 188 8 11 0.034665577 
505 309 9 11 0.034612633 
230 327 8 10 0.03456009 
717 356 9 11 0.0342117 
342 343 9 11 0.034057625 
967 467 13 16 0.033895545 
566 200 9 12 0.033868387 
980 404 10 12 0.03346952 
15 211 11 16 0.033254117 
558 183 7 10 0.033220682 
864 192 9 11 0.03303796 
87 355 9 13 0.03278988 
863 412 10 13 0.032565974 
673 374 9 12 0.03234672 
1011 396 10 13 0.032238577 
549 186 10 13 0.03220975 
298 198 8 10 0.0321963 
213 317 9 11 0.032173082 
698 353 9 11 0.031510063 
777 397 10 14 0.031248752 
777 351 8 10 0.031122977 
107 226 11 14 0.031109866 
31 351 9 10 0.031072186 
413 199 8 10 0.03093459 
811 365 9 13 0.030926706 
774 341 9 11 0.030790614 
77 334 9 12 0.030680563 
782 351 9 11 0.03063934 
216 350 9 12 0.030634733 
979 452 11 15 0.029846784 
981 378 12 16 0.029770153 
601 381 10 13 0.029760094 
550 178 8 9 0.02942143 
416 205 8 10 0.029333716 
910 302 9 10 0.029291743 
967 445 11 14 0.029256305 
247 329 8 10 0.029229002 
842 349 8 11 0.029127952 
224 333 9 11 0.02906168 
103 236 9 11 0.028967109 
431 349 11 14 0.02881916 
401 334 8 10 0.02859827 
834 449 13 17 0.028449494 
917 335 10 13 0.028410908 
672 407 9 13 0.028392008 
924 317 9 11 0.028160693 
597 293 9 11 0.028007435 
408 204 8 10 0.02767265 
149 357 9 12 0.027624525 
392 317 8 10 0.027611734 
995 443 11 15 0.027268026 
576 329 8 9 0.027202312 
342 350 8 11 0.02719193 
673 222 8 11 0.027019905 
279 350 10 13 0.0269917 
898 208 8 10 0.026940001 
772 336 10 10 0.02693869 
97 183 8 10 0.026648847 
94 374 8 10 0.026580634 
825 188 9 12 0.026552109 
386 197 8 11 0.026525788 
885 338 11 13 0.026512489 
783 359 9 11 0.026447084 
535 181 8 11 0.026423937 
499 213 11 15 0.026417661 
377 319 8 10 0.026394822 
905 225 15 18 0.026371425 
340 356 10 12 0.026300756 
900 449 10 12 0.026296575 
967 197 8 11 0.026218012 
876 402 15 20 0.026092038 
214 357 9 12 0.026086742 
456 361 8 11 0.026028343 
372 229 10 12 0.026015723 
21 199 8 11 0.025998572 
719 374 8 11 0.025967782 
461 191 8 10 0.025709843 
678 373 9 13 0.025687607 
377 325 9 11 0.02566508 
362 229 7 10 0.02563952 
406 327 8 10 0.025587603 
516 358 9 12 0.025527978 
558 204 11 15 0.025326837 
185 335 9 11 0.025091374 
978 421 12 14 0.024937984 
353 319 9 11 0.024865352 
793 395 13 15 0.024782771 
391 344 10 11 0.024773441 
857 342 8 11 0.02471655 
609 446 10 13 0.024703583 
705 373 10 14 0.024599366 
1013 356 10 14 0.024565168 
438 320 7 10 0.024541792 
368 229 9 11 0.024493339 
557 210 13 17 0.024488254 
1015 188 8 13 0.024431955 
314 214 8 11 0.024210852 
111 368 8 10 0.02416394 
385 310 8 11 0.024048742 
608 376 11 14 0.023883618 
942 383 9 11 0.023870436 
808 343 8 9 0.023865104 
1001 285 8 9 0.023857195 
437 349 10 14 0.023805957 
319 308 8 10 0.023691105 
32 397 7 9 0.023617463 
502 399 9 12 0.023454946 
344 326 7 9 0.023398846 
399 317 9 11 0.023351956 
464 332 8 10 0.023344904 
808 328 7 9 0.02333644 
904 301 10 11 0.02332689 
813 350 8 10 0.023312075 
738 367 8 12 0.0232713 
623 359 8 12 0.02315283 
112 237 8 11 0.02309477 
508 421 9 11 0.023077028 
910 215 8 10 0.023072375 
288 345 9 11 0.023056248 
144 351 8 10 0.023043169 
0 329 8 12 0.023001421 
745 351 9 11 0.022992317 
378 350 11 13 0.022982005 
470 212 10 12 0.02278492 
472 350 10 15 0.02277213 
432 312 9 10 0.022771662 
831 365 8 12 0.022769699 
662 215 9 11 0.022734886 
488 212 9 12 0.022627259 
476 236 13 16 0.022565441 
366 225 9 10 0.022518046 
485 380 11 13 0.022478217 
408 341 9 11 0.02244939 
526 293 9 10 0.022349898 
137 359 8 10 0.022332363 
336 342 9 10 0.02225873 
442 198 8 11 0.022144692 
30 344 9 11 0.02213742 
783 395 11 14 0.022094995 
432 343 9 11 0.022045856 
166 320 9 11 0.02203863 
678 205 9 11 0.021983843 
455 345 10 15 0.021930328 
494 293 9 10 0.021901403 
151 365 8 11 0.021870382 
966 374 8 11 0.021811765 
513 318 8 10 0.021806382 
544 432 8 10 0.021747792 
558 412 12 14 0.021739941 
471 204 10 12 0.021639604 
960 348 10 11 0.021638993 
113 327 7 9 0.021616755 
762 342 8 10 0.021557806 
830 350 9 11 0.021517044 
118 238 8 11 0.021510294 
1014 445 9 16 0.021446815 
136 351 8 10 0.021310328 
943 183 8 9 0.021288365 
840 334 8 10 0.02120858 
791 384 10 14 0.021107761 
30 334 8 10 0.02108423 
16 156 8 11 0.021070654 
469 222 12 14 0.021029605 
39 350 8 10 0.021009553 
840 328 8 10 0.020929135 
825 350 9 11 0.020903809 
975 399 10 13 0.02080459 
846 350 8 11 0.020768398 
327 319 8 9 0.020682056 
848 207 9 11 0.020673243 
870 175 8 10 0.020650662 
402 205 8 10 0.020571034 
870 191 9 12 0.020517541 
684 208 9 11 0.020477897 
25 335 8 10 0.0204656 
185 319 8 10 0.020453857 
932 437 9 12 0.020410774 
824 176 8 10 0.020292703 
512 327 8 10 0.020247573 
944 328 8 10 0.020217037 
1008 303 9 12 0.020205839 
574 204 8 12 0.020176735 
471 333 9 11 0.020132286 
224 327 8 10 0.020099007 
592 340 8 12 0.020076292 
115 388 8 11 0.020062486 
