54_Rescue_rescuepeople_54_102
37
407 254 31 39 0.9714119 
546 235 11 15 0.8607667 
265 238 13 16 0.27135772 
86 231 10 12 0.15627898 
451 237 16 20 0.15286487 
233 237 8 11 0.111434616 
289 285 15 19 0.053931832 
565 195 10 12 0.052022442 
989 230 9 11 0.049944088 
631 190 8 11 0.049318552 
1012 230 7 10 0.038245637 
509 212 13 15 0.03676727 
633 215 9 11 0.036293063 
387 259 37 40 0.034518577 
223 239 10 11 0.031863093 
187 233 8 10 0.03126373 
221 244 10 12 0.029759655 
180 271 11 14 0.029182948 
565 224 11 15 0.028910454 
543 208 9 11 0.028839374 
535 219 9 13 0.027736563 
255 233 25 27 0.0274046 
537 214 9 13 0.02667717 
161 271 9 11 0.025064537 
374 266 35 39 0.024117878 
657 181 8 10 0.023857526 
502 256 11 14 0.022738177 
600 239 9 11 0.022687286 
31 204 9 12 0.021818269 
244 250 16 18 0.021329813 
579 229 13 17 0.020999238 
970 232 8 11 0.020739002 
721 208 9 12 0.020530999 
240 251 12 14 0.020378545 
661 182 8 9 0.020261258 
217 240 11 11 0.020212432 
298 285 25 28 0.020159418 
