54_Rescue_firemanrescue_54_939
69
156 109 78 105 0.9944101 
65 580 16 26 0.83608776 
580 598 13 16 0.80409235 
472 619 9 12 0.42118096 
438 633 8 10 0.41906047 
102 331 70 55 0.33132258 
553 259 100 109 0.1600889 
185 622 23 34 0.1368394 
928 562 13 17 0.1102582 
143 587 28 34 0.10365274 
435 636 8 11 0.08611245 
417 655 10 13 0.07748319 
903 525 11 14 0.07706819 
475 616 10 13 0.06927727 
487 639 9 12 0.06437789 
908 526 10 13 0.064320646 
708 594 14 15 0.05794186 
964 533 15 19 0.054973397 
368 660 13 16 0.053291667 
945 555 17 19 0.04800829 
624 630 13 16 0.04715503 
55 587 22 28 0.04656477 
725 617 8 10 0.043499395 
136 313 64 64 0.042810854 
126 566 44 51 0.04172826 
645 639 9 13 0.040236767 
918 525 11 13 0.03915125 
509 669 9 11 0.03894324 
194 629 26 34 0.036339566 
916 563 11 15 0.035115525 
651 5 44 62 0.034719996 
161 300 56 71 0.034432452 
492 639 9 12 0.033804253 
466 620 9 11 0.033176955 
212 642 15 17 0.032688443 
596 604 12 15 0.031651564 
122 567 27 32 0.030749395 
703 588 14 14 0.030614823 
213 651 16 19 0.030111177 
203 634 28 30 0.029722186 
895 525 10 13 0.028267436 
415 633 7 9 0.027037032 
244 630 12 15 0.026975099 
588 601 12 16 0.026958784 
560 636 11 15 0.026737446 
640 639 9 12 0.026689705 
809 571 15 16 0.026462529 
445 631 8 11 0.026074087 
741 671 8 9 0.0259141 
910 532 9 12 0.02575722 
269 612 13 14 0.024994371 
234 272 49 64 0.024685334 
188 606 28 38 0.024623692 
605 645 10 12 0.024600292 
738 590 10 12 0.023877129 
806 523 11 13 0.02386617 
589 609 14 18 0.023284035 
288 681 13 16 0.023157014 
433 661 10 13 0.022631615 
136 601 27 34 0.022622282 
337 572 30 43 0.022317097 
742 589 11 12 0.022228014 
316 641 12 17 0.021887474 
708 601 13 13 0.021464076 
178 618 21 33 0.021375777 
722 606 8 10 0.020933433 
890 527 8 11 0.020580366 
141 595 16 21 0.020261424 
204 640 15 20 0.020150198 
