54_Rescue_rescuepeople_54_431
308
570 459 31 42 0.998461 
521 515 36 45 0.9977323 
371 396 32 43 0.9970272 
783 521 34 38 0.9962584 
756 454 31 35 0.9957041 
872 423 38 40 0.9954722 
820 376 29 33 0.99497294 
675 398 25 31 0.9925121 
653 272 16 21 0.99159604 
625 550 38 48 0.9909928 
742 403 23 29 0.989038 
533 381 21 27 0.9823888 
482 212 23 27 0.98118937 
663 452 26 32 0.9794755 
419 230 21 28 0.9730724 
466 325 26 31 0.9722435 
664 358 21 26 0.9717448 
95 224 35 48 0.97003686 
607 316 18 23 0.9518627 
752 300 14 18 0.94670296 
692 316 19 23 0.94164944 
82 315 81 83 0.93637866 
601 286 14 19 0.9328414 
309 352 21 24 0.9297443 
598 358 19 23 0.91770124 
552 188 18 20 0.91682005 
776 327 20 23 0.9151883 
685 291 15 20 0.90966976 
300 281 17 19 0.8865123 
380 257 19 22 0.87004507 
212 287 17 21 0.84964 
615 298 15 19 0.8072369 
378 208 16 19 0.80108523 
301 220 14 17 0.8003369 
572 320 17 20 0.76790065 
271 324 15 19 0.75738025 
278 187 12 15 0.73530513 
238 315 15 18 0.7183864 
318 196 12 15 0.7061574 
618 394 21 24 0.6695096 
495 326 14 19 0.65970325 
511 177 13 17 0.64875495 
888 515 40 40 0.63846236 
731 450 17 25 0.5703537 
714 315 14 18 0.5586344 
631 370 16 18 0.53771025 
331 208 15 19 0.53608763 
327 187 9 12 0.53424466 
322 300 15 19 0.4726513 
510 170 14 17 0.4528103 
471 182 10 13 0.42723665 
269 292 10 14 0.34530795 
326 209 13 18 0.32031825 
616 175 10 13 0.31628436 
638 180 10 12 0.3153389 
320 191 10 12 0.29402858 
51 330 34 52 0.2869388 
285 188 10 14 0.28123617 
716 396 15 17 0.27191585 
145 281 16 20 0.27121797 
569 429 21 26 0.27008647 
303 315 14 16 0.24274832 
296 199 10 12 0.21513356 
232 262 10 13 0.21108872 
602 431 18 22 0.20421875 
243 294 15 18 0.19291039 
685 250 12 14 0.19175373 
446 209 13 18 0.18802391 
794 457 24 29 0.17852646 
211 354 19 28 0.17599857 
227 214 12 14 0.17323169 
250 185 13 16 0.16697124 
293 189 9 12 0.16332224 
755 328 17 23 0.16102028 
477 397 25 35 0.15514566 
189 219 10 13 0.14595854 
477 183 8 12 0.14567998 
644 267 12 17 0.13972057 
154 370 29 34 0.13876921 
632 276 9 12 0.13699806 
678 246 9 12 0.13574362 
598 188 13 17 0.1219216 
671 176 7 9 0.12051725 
517 256 15 21 0.11961988 
466 182 10 13 0.115195155 
311 386 14 17 0.10500281 
494 182 9 11 0.10368103 
391 189 11 13 0.10252545 
180 250 11 15 0.09967983 
240 196 11 14 0.09659303 
233 232 9 11 0.09409038 
141 276 16 19 0.091611296 
348 188 13 16 0.08961911 
208 223 9 12 0.088759266 
605 188 11 16 0.08714517 
224 219 11 13 0.0866431 
343 241 16 22 0.08623018 
674 245 9 11 0.083613046 
142 270 14 16 0.08220879 
296 275 15 19 0.080698 
273 321 23 27 0.075638585 
382 199 13 18 0.07522842 
872 134 10 13 0.074944004 
736 100 11 14 0.07443598 
644 262 12 14 0.071051985 
212 248 10 13 0.0703465 
387 197 13 17 0.06853675 
27 377 46 62 0.06737266 
616 221 12 15 0.06717307 
209 228 9 12 0.06664189 
261 286 11 15 0.06645043 
237 261 10 13 0.06641992 
339 391 27 33 0.06567173 
185 216 10 12 0.06542725 
150 261 12 15 0.064801835 
322 212 10 14 0.064801484 
374 197 13 16 0.06442905 
244 238 10 13 0.06357111 
99 205 17 18 0.06354984 
293 312 12 17 0.06335044 
638 274 10 13 0.06296583 
311 201 14 16 0.061173532 
429 199 9 12 0.061104096 
646 381 22 23 0.06061111 
728 380 18 23 0.059747454 
670 181 8 9 0.05955522 
687 260 11 15 0.05925936 
633 221 9 12 0.05911675 
647 342 14 16 0.058875263 
213 229 9 11 0.058816638 
967 522 28 38 0.057426844 
655 183 8 10 0.057235096 
285 195 9 13 0.057160605 
40 343 54 80 0.056711566 
214 224 8 11 0.054440297 
618 205 9 11 0.05174931 
632 238 12 14 0.050859943 
244 286 10 11 0.05074975 
287 315 14 19 0.050308395 
333 320 15 18 0.049621485 
405 163 12 16 0.049081292 
321 185 10 11 0.04900977 
278 354 14 19 0.048931826 
437 429 27 38 0.047999468 
680 251 10 14 0.0468205 
705 262 11 13 0.04681293 
583 181 10 14 0.046511155 
695 176 7 9 0.04538901 
798 342 11 17 0.04506215 
415 203 12 15 0.04432035 
227 323 15 18 0.043617867 
287 307 12 17 0.04339773 
612 187 10 14 0.043183878 
251 292 14 19 0.042970043 
295 401 28 41 0.042674914 
491 472 24 30 0.04246205 
655 229 9 10 0.04070572 
650 231 8 10 0.040400624 
633 217 8 10 0.040396962 
263 295 13 17 0.040311188 
695 222 8 10 0.04025042 
294 268 15 18 0.039480656 
457 198 9 13 0.039306432 
134 278 25 30 0.038969606 
150 205 9 12 0.03801125 
199 221 10 13 0.037903477 
634 436 17 20 0.037870772 
308 299 13 17 0.03784373 
199 330 19 21 0.037462655 
25 394 31 33 0.037265133 
92 212 27 34 0.036975507 
687 237 10 11 0.036957268 
93 210 17 19 0.036737427 
745 158 6 8 0.036340125 
581 388 16 19 0.03588073 
76 327 47 49 0.035714928 
318 310 16 19 0.035499416 
423 198 11 13 0.03517786 
648 272 13 19 0.03507632 
293 355 13 16 0.03462968 
610 306 18 26 0.034539755 
715 472 15 18 0.034061167 
640 189 8 11 0.033996418 
689 181 7 10 0.03392885 
593 189 11 15 0.033767596 
632 203 9 11 0.03365957 
174 291 16 18 0.03309698 
621 215 10 13 0.03277394 
946 555 32 39 0.032623842 
36 60 9 12 0.032585394 
192 293 10 14 0.032478888 
673 224 8 9 0.03243856 
284 348 16 21 0.032342717 
545 444 23 30 0.032195915 
762 332 15 24 0.03215109 
3 262 19 21 0.03211612 
657 225 9 10 0.03208526 
696 461 24 29 0.032029714 
726 182 7 9 0.031730693 
743 299 10 14 0.0315782 
667 182 7 9 0.031420514 
636 229 10 12 0.03131711 
578 326 18 21 0.031240592 
176 238 10 11 0.030908057 
337 204 14 18 0.030354558 
640 198 9 11 0.030180918 
405 205 11 14 0.029741375 
261 279 10 12 0.029684171 
143 235 10 12 0.02956078 
690 222 8 9 0.029499238 
300 204 9 12 0.029436778 
332 188 9 13 0.02924198 
663 230 8 11 0.029156568 
667 177 8 9 0.02915578 
648 191 7 10 0.029084092 
312 190 10 13 0.029014476 
711 206 8 10 0.028846571 
275 292 11 14 0.028840426 
242 259 12 14 0.02845746 
13 291 16 20 0.028447181 
603 235 12 15 0.028306946 
865 538 24 37 0.028286252 
622 246 10 12 0.028028999 
688 217 7 9 0.027919292 
690 177 7 9 0.027774632 
713 399 21 27 0.027667942 
205 277 14 20 0.027581112 
655 251 10 12 0.027492432 
660 253 9 12 0.027449347 
383 516 46 58 0.026913265 
342 196 11 15 0.026569223 
666 209 7 9 0.026394194 
640 204 9 12 0.02620741 
599 229 12 14 0.026203526 
173 278 11 13 0.026094584 
645 198 9 11 0.025952645 
294 213 11 15 0.02591016 
287 350 22 28 0.025755294 
373 338 21 30 0.025705438 
176 298 17 21 0.025556069 
630 316 13 17 0.025555499 
969 490 46 63 0.025462858 
188 226 11 14 0.025337594 
154 385 32 40 0.025327144 
400 203 12 16 0.02519933 
670 285 12 15 0.025169287 
20 353 84 116 0.024850521 
233 198 9 13 0.02471018 
808 113 8 11 0.024600344 
245 204 11 13 0.024475373 
101 199 14 16 0.024458364 
48 194 16 20 0.024253473 
665 191 9 11 0.0241477 
671 278 10 13 0.02411198 
196 214 10 13 0.023956863 
48 328 86 106 0.023904396 
826 421 15 19 0.023858273 
452 203 11 16 0.02378261 
681 182 7 10 0.023778709 
168 275 11 15 0.02360337 
221 226 10 13 0.023513187 
252 192 14 16 0.023415977 
605 298 14 17 0.023216564 
262 196 10 13 0.023211552 
221 251 12 14 0.023031857 
157 229 11 14 0.023011252 
664 238 9 11 0.022901308 
580 234 12 17 0.02288739 
851 404 20 25 0.022757193 
635 418 12 16 0.022713853 
112 225 23 33 0.022712326 
407 227 12 16 0.022667347 
345 184 9 12 0.022639124 
133 354 49 59 0.022599436 
573 421 16 20 0.02257743 
359 388 27 37 0.022574482 
670 209 8 10 0.022497887 
144 262 12 16 0.02244576 
665 213 8 10 0.022420144 
638 217 8 10 0.02236535 
3 296 15 21 0.022363827 
478 187 10 13 0.022231888 
535 194 12 16 0.022231342 
727 206 8 9 0.0221614 
688 232 9 11 0.022132589 
235 265 11 15 0.022129113 
524 356 16 21 0.02204777 
622 200 10 12 0.021962117 
591 182 10 12 0.021871872 
577 188 9 13 0.021805886 
447 199 10 14 0.021776184 
143 222 9 11 0.02177456 
542 187 12 18 0.021682749 
769 167 8 9 0.02160407 
464 189 8 11 0.02142692 
826 332 10 14 0.021368524 
821 117 9 10 0.021319548 
212 232 13 15 0.020922868 
478 448 14 18 0.020896709 
633 176 10 12 0.020890536 
671 213 7 10 0.020854061 
566 448 28 37 0.020802338 
411 166 13 18 0.020789608 
175 215 8 10 0.020585777 
258 189 12 13 0.020488096 
784 142 7 10 0.020357698 
743 153 8 9 0.020215346 
134 268 15 18 0.02017402 
