43_Row_Boat_Canoe_43_458
178
884 427 13 16 0.99276125 
709 422 10 12 0.92726076 
848 426 10 14 0.90354264 
730 421 8 11 0.8851519 
746 422 9 12 0.8520909 
791 427 10 13 0.796418 
623 417 9 11 0.7646866 
661 408 9 11 0.74814975 
686 417 8 11 0.71216583 
819 427 11 14 0.7048668 
637 412 8 10 0.57795984 
510 373 8 10 0.44053572 
613 401 8 10 0.40943313 
658 414 9 11 0.3575105 
781 439 9 12 0.33231753 
791 466 12 14 0.30708078 
766 469 8 11 0.27689967 
598 400 7 10 0.23269808 
579 400 7 9 0.22062574 
9 303 9 11 0.2114338 
720 435 9 12 0.2056232 
598 406 7 10 0.19877118 
582 407 8 10 0.18660982 
554 397 8 10 0.17117317 
528 405 7 9 0.16022648 
656 421 8 10 0.15819836 
774 429 9 11 0.14204799 
571 414 7 10 0.13114783 
543 398 7 10 0.12537448 
585 413 8 11 0.119970776 
558 394 7 9 0.1110862 
570 409 7 9 0.10730638 
577 406 8 10 0.106702045 
824 471 10 13 0.10364547 
511 400 7 9 0.102239825 
650 422 7 10 0.10156377 
523 389 7 9 0.09287777 
542 392 7 9 0.09195854 
538 399 8 10 0.09063455 
13 301 9 12 0.08986895 
505 400 7 9 0.08764057 
678 429 8 11 0.086383834 
702 435 8 11 0.0836443 
775 472 9 11 0.080985494 
775 425 9 10 0.07503831 
472 399 7 8 0.07193893 
638 438 8 10 0.06697348 
770 430 8 11 0.06589142 
606 439 8 10 0.0650809 
696 422 7 10 0.064986415 
601 414 7 10 0.06448009 
569 398 7 9 0.06383803 
19 295 8 11 0.060817372 
496 394 7 9 0.060763095 
758 436 9 11 0.06055602 
582 439 10 12 0.059961587 
697 429 8 11 0.0585768 
737 437 8 12 0.057257205 
601 439 9 10 0.057114907 
615 430 7 10 0.05709555 
479 377 7 9 0.05610571 
649 416 7 10 0.055325903 
665 452 10 13 0.05519287 
490 397 7 9 0.05342723 
777 455 9 12 0.052706107 
683 420 8 11 0.050317504 
590 414 7 10 0.049517643 
591 438 7 11 0.048910677 
749 427 8 11 0.048555203 
837 443 10 12 0.047995016 
675 428 7 11 0.047748577 
464 398 7 9 0.047157474 
478 382 7 10 0.044763558 
70 313 13 18 0.044509217 
575 421 7 10 0.044281192 
720 422 8 11 0.044139564 
663 421 8 11 0.0434035 
664 448 10 11 0.042433027 
544 407 8 9 0.04119022 
786 429 8 11 0.040969305 
692 445 10 13 0.039888985 
619 416 7 11 0.0394829 
603 186 15 16 0.039213583 
576 438 10 13 0.038775567 
807 440 9 11 0.03838357 
745 469 8 11 0.038291488 
708 452 11 14 0.038042158 
733 469 11 12 0.03763118 
608 415 7 9 0.036907457 
721 463 9 11 0.036000244 
591 432 8 9 0.035527945 
479 399 7 9 0.035394672 
458 399 6 8 0.035219327 
536 406 7 9 0.03492658 
45 293 10 12 0.034879066 
640 432 7 10 0.03434093 
664 429 8 10 0.034197275 
625 391 8 9 0.033547506 
633 454 10 11 0.033366624 
593 422 7 10 0.033232722 
672 424 7 9 0.033074982 
610 431 8 10 0.03214091 
783 467 11 14 0.031967428 
663 439 8 11 0.031889807 
618 422 7 10 0.031820152 
632 449 9 10 0.03165301 
833 440 9 11 0.03154837 
805 483 13 15 0.031292368 
705 430 8 11 0.031135026 
475 376 7 9 0.030914359 
616 447 8 9 0.030300707 
621 447 10 11 0.02985141 
423 341 11 13 0.029775186 
783 460 9 12 0.028743519 
754 437 9 12 0.02861864 
748 462 9 11 0.02855328 
523 406 7 9 0.02851696 
600 422 7 9 0.028306648 
639 448 7 9 0.027773675 
609 422 7 9 0.027714938 
726 426 10 13 0.02749464 
576 432 8 10 0.027058093 
570 420 8 10 0.026887473 
635 409 8 10 0.026679385 
635 246 13 14 0.026565623 
608 447 9 10 0.026497675 
727 463 10 12 0.025858577 
584 420 8 10 0.02580164 
703 462 13 15 0.025724161 
553 407 6 10 0.025332976 
432 390 7 10 0.025247434 
423 384 8 11 0.025162626 
695 416 8 10 0.025074212 
561 414 7 9 0.02499572 
760 433 8 11 0.024715569 
661 179 17 20 0.024687583 
654 454 10 11 0.024429688 
698 437 9 12 0.024315119 
815 477 10 12 0.024127252 
757 443 10 14 0.023966713 
591 445 9 12 0.023947965 
504 391 7 9 0.023875 
692 452 10 12 0.023705546 
771 185 26 31 0.023681201 
505 382 7 9 0.023533579 
604 165 15 18 0.02352914 
555 151 18 22 0.023459414 
672 414 8 10 0.023264201 
417 384 9 10 0.023250002 
693 463 12 13 0.023202864 
632 383 7 9 0.023038868 
742 475 10 12 0.022973865 
552 414 7 9 0.022768851 
487 377 7 9 0.02259407 
489 381 7 9 0.022496343 
750 476 10 12 0.022454645 
688 454 9 11 0.022424845 
751 209 12 16 0.022408983 
688 461 10 12 0.022304883 
649 448 7 9 0.022217127 
826 474 12 14 0.022200553 
767 452 10 11 0.02207708 
718 441 10 14 0.021989739 
778 442 9 12 0.021895355 
512 405 7 9 0.021818118 
816 470 11 13 0.021747364 
727 445 9 13 0.02167414 
656 447 8 11 0.021612957 
584 432 8 10 0.02123501 
505 405 7 9 0.02122412 
600 445 9 12 0.0211174 
568 393 7 9 0.021024773 
821 433 10 13 0.020998279 
560 408 7 10 0.020787584 
423 390 8 9 0.02046728 
474 392 7 9 0.02029915 
616 440 7 9 0.02026942 
543 384 7 9 0.02014498 
