43_Row_Boat_Canoe_43_784
19
208 468 26 30 0.9938532 
350 457 28 30 0.9927377 
221 431 24 30 0.98710907 
401 424 20 25 0.9752237 
659 442 20 24 0.95036405 
953 286 11 14 0.18427081 
184 470 19 23 0.10951343 
51 536 21 40 0.07801861 
569 185 37 52 0.05462117 
695 229 9 12 0.05358432 
138 498 18 19 0.043394748 
600 419 11 13 0.040759422 
654 470 10 13 0.035176326 
161 499 21 30 0.03366478 
138 507 19 19 0.03342465 
373 287 8 11 0.025888076 
192 467 20 29 0.025340373 
621 448 12 17 0.022240171 
407 229 9 11 0.021580327 
