43_Row_Boat_Canoe_43_1048
38
437 279 54 66 0.99979514 
209 215 57 73 0.9997583 
565 249 54 73 0.99972457 
762 226 55 72 0.9997147 
666 265 53 70 0.9996345 
333 241 57 72 0.999456 
875 226 22 28 0.5686413 
873 142 23 32 0.24613425 
57 112 24 36 0.08218564 
56 402 8 9 0.071599476 
1002 490 13 16 0.06516013 
927 397 8 11 0.055747114 
877 156 27 32 0.05214526 
66 391 7 9 0.047549207 
143 463 8 10 0.04531247 
868 219 16 19 0.044515546 
850 246 22 33 0.044177603 
867 225 19 24 0.037945423 
927 375 9 10 0.03581812 
127 432 9 11 0.034212887 
1007 402 10 11 0.033743285 
109 430 8 10 0.033196095 
862 235 14 17 0.032646064 
104 414 8 10 0.032407593 
101 397 8 10 0.032283418 
953 422 10 13 0.029417444 
875 167 33 37 0.027840473 
927 380 9 12 0.027640348 
919 367 8 9 0.024393812 
846 223 13 20 0.02438271 
88 429 9 12 0.023510316 
936 397 9 12 0.02343487 
17 127 25 38 0.022830863 
998 342 7 10 0.022527771 
1015 416 8 12 0.02122827 
860 242 13 17 0.021201149 
913 145 14 21 0.020908074 
71 390 7 10 0.020537795 
