43_Row_Boat_Canoe_43_438
20
423 348 23 30 0.9923963 
760 347 22 28 0.89990455 
938 102 9 12 0.31397092 
906 171 12 16 0.29667637 
936 171 11 16 0.0918235 
724 400 35 40 0.06908774 
380 184 8 11 0.06370736 
333 193 8 10 0.061604585 
999 111 12 13 0.053494953 
456 198 10 12 0.04996088 
594 164 8 11 0.03983077 
937 96 10 13 0.037749175 
1014 164 9 16 0.034187905 
748 346 25 28 0.0324773 
992 110 11 13 0.029762289 
301 381 12 15 0.029283259 
928 170 10 14 0.026975963 
939 178 10 14 0.024751065 
992 82 16 19 0.023169832 
330 196 8 10 0.020480204 
