43_Row_Boat_Canoe_43_429
19
344 316 21 29 0.98684305 
617 358 9 11 0.14126487 
545 373 9 11 0.118882336 
593 380 9 12 0.07777322 
614 372 11 13 0.06569616 
637 397 13 15 0.06154973 
597 380 10 13 0.047037665 
547 367 9 11 0.032025244 
423 309 10 13 0.03153912 
620 373 11 14 0.03145465 
609 372 11 13 0.03107608 
660 371 8 11 0.026983162 
544 360 7 9 0.024516143 
412 300 12 15 0.021696528 
630 440 8 10 0.021301204 
623 379 11 14 0.021019973 
603 379 12 16 0.020979429 
629 381 8 12 0.02042166 
526 365 10 12 0.020246994 
