43_Row_Boat_Canoe_43_325
81
990 363 15 21 0.98972255 
691 395 17 24 0.98235357 
918 420 16 22 0.97719824 
797 414 18 26 0.95818865 
322 404 13 18 0.9032242 
188 386 14 18 0.89098567 
545 359 9 11 0.49037653 
602 405 11 16 0.2666485 
422 353 9 11 0.25450534 
226 350 9 13 0.20941433 
657 352 9 11 0.19967638 
789 368 8 11 0.18901022 
129 358 9 10 0.18865937 
314 358 9 12 0.18720245 
688 361 8 10 0.16707808 
468 349 11 14 0.16190806 
248 383 12 17 0.15526275 
493 374 21 25 0.15227641 
387 380 15 22 0.115304835 
454 406 12 15 0.110319585 
578 406 14 18 0.10621612 
203 410 17 18 0.100508615 
145 384 15 19 0.08874908 
676 369 13 16 0.087726586 
594 353 8 11 0.0827762 
446 405 12 16 0.081280276 
766 435 11 15 0.07789377 
158 334 9 11 0.07622446 
902 392 11 17 0.073290706 
452 437 13 16 0.07057201 
595 355 11 14 0.065998286 
837 442 11 17 0.05985942 
440 406 11 15 0.05914058 
661 355 9 13 0.052992538 
460 409 14 17 0.052336704 
576 390 12 15 0.05101399 
402 400 16 19 0.047990695 
557 429 16 18 0.04676853 
493 457 11 14 0.042334758 
446 388 13 16 0.04177657 
517 445 12 14 0.04047715 
228 353 10 14 0.03893253 
472 406 11 14 0.03842882 
426 438 17 19 0.036886197 
393 385 16 20 0.035440415 
770 384 8 10 0.03515306 
488 373 13 18 0.034560252 
611 411 12 17 0.03328857 
111 309 199 271 0.032439895 
456 406 24 27 0.032324556 
183 373 13 20 0.032190822 
264 429 10 12 0.031580187 
129 362 10 13 0.030965714 
579 396 14 17 0.030849488 
670 367 12 16 0.029199613 
573 413 17 19 0.02878136 
438 379 14 17 0.028529549 
252 390 15 19 0.027768236 
333 424 14 20 0.02680088 
468 411 13 16 0.026463011 
450 402 21 24 0.026255913 
250 377 22 26 0.026180783 
432 372 11 13 0.025375426 
451 397 14 16 0.02466751 
568 396 11 16 0.024339711 
903 383 9 11 0.024230655 
410 400 15 18 0.023652483 
503 377 16 21 0.02328483 
547 474 14 15 0.02314987 
527 446 11 13 0.02287551 
999 349 13 15 0.022642808 
568 404 13 16 0.022387302 
504 402 12 17 0.021949703 
133 364 10 14 0.021654565 
561 418 25 27 0.021285571 
198 404 17 19 0.021280514 
268 387 13 16 0.020973189 
134 386 12 17 0.020818241 
404 390 14 19 0.020769132 
426 349 11 14 0.020313835 
326 413 15 21 0.020248767 
