43_Row_Boat_Rowboat_43_106
3506
203 10 397 352 0.12508777 
381 2 412 339 0.12508573 
564 -20 410 330 0.125083 
289 25 219 212 0.12506604 
479 26 219 213 0.12506327 
596 21 220 216 0.12506302 
382 16 219 193 0.12505347 
44 64 102 187 0.12505208 
10 55 80 158 0.12505195 
87 51 107 186 0.12505178 
240 24 125 139 0.12505175 
133 52 109 184 0.12505156 
594 25 135 138 0.12505151 
180 49 110 167 0.12505144 
2 -12 75 142 0.12505136 
709 32 121 147 0.12505132 
212 82 114 181 0.1250513 
165 14 111 122 0.12505129 
104 20 106 130 0.12505125 
274 55 117 156 0.12505123 
60 23 98 144 0.12505114 
535 28 126 136 0.12505114 
23 98 84 184 0.12505111 
313 26 122 137 0.12505111 
573 56 119 154 0.12505111 
763 44 118 149 0.12505108 
656 27 127 136 0.12505104 
474 27 121 136 0.12505104 
571 154 94 170 0.12505095 
514 66 111 162 0.12505093 
381 27 117 136 0.12505092 
410 134 96 174 0.12505092 
23 18 88 131 0.1250509 
313 92 101 170 0.12505075 
523 158 91 166 0.12505074 
634 64 118 160 0.12505072 
363 135 96 175 0.12505072 
372 68 108 160 0.12505068 
475 94 98 169 0.12505065 
458 149 96 173 0.12505063 
263 104 102 173 0.12505063 
828 44 108 151 0.12505063 
187 135 97 174 0.12505056 
685 93 110 161 0.12505054 
423 81 103 164 0.12505054 
801 77 104 167 0.12505051 
433 34 110 144 0.12505046 
614 108 96 167 0.12505041 
846 91 108 169 0.1250504 
797 20 108 129 0.12505038 
73 120 98 193 0.12505038 
284 166 94 173 0.12505034 
236 151 94 172 0.1250503 
877 57 103 156 0.12505028 
679 149 94 174 0.12505026 
753 93 105 163 0.12505023 
213 10 111 109 0.1250502 
864 18 104 132 0.12505017 
346 9 120 112 0.1250501 
-3 129 73 161 0.12505008 
138 124 99 188 0.12505008 
752 15 103 120 0.12504987 
632 164 91 177 0.12504986 
721 150 99 171 0.12504978 
333 170 92 169 0.12504965 
42 161 92 175 0.12504965 
415 7 109 112 0.12504958 
510 8 111 112 0.12504956 
807 148 94 174 0.12504952 
106 159 93 176 0.12504934 
896 104 92 175 0.12504905 
274 6 106 99 0.1250489 
866 173 80 154 0.1250489 
134 5 106 97 0.12504882 
767 171 85 167 0.12504873 
926 57 87 155 0.1250487 
14 185 79 151 0.12504864 
72 6 105 97 0.12504853 
640 6 109 99 0.12504843 
927 145 88 160 0.12504834 
899 2 93 117 0.1250483 
574 8 117 99 0.1250483 
462 5 109 100 0.12504822 
699 8 112 98 0.12504812 
685 93 53 81 0.12504809 
831 140 49 82 0.12504807 
814 109 51 82 0.12504807 
719 156 49 83 0.12504807 
815 157 49 81 0.12504804 
620 93 54 81 0.12504803 
781 94 53 80 0.12504803 
78 121 52 86 0.12504801 
751 172 49 83 0.12504801 
62 138 51 84 0.12504801 
271 155 49 84 0.125048 
287 139 50 84 0.12504795 
544 187 47 84 0.12504795 
652 93 54 81 0.12504795 
286 93 52 82 0.12504794 
432 187 47 83 0.12504794 
254 138 51 85 0.12504792 
95 138 50 85 0.12504792 
639 188 49 83 0.12504792 
716 77 54 81 0.12504792 
797 78 53 80 0.12504792 
318 93 52 82 0.1250479 
574 93 51 82 0.1250479 
593 219 46 84 0.1250479 
205 47 54 80 0.1250479 
143 5 219 202 0.1250479 
384 140 48 83 0.12504788 
609 204 46 82 0.12504786 
798 124 51 82 0.12504786 
301 61 54 82 0.12504786 
542 93 51 82 0.12504786 
319 139 49 84 0.12504786 
126 90 51 86 0.12504786 
829 78 53 81 0.12504785 
544 139 48 84 0.12504785 
734 140 51 83 0.12504785 
207 139 50 84 0.12504785 
269 61 54 82 0.12504783 
784 189 48 81 0.12504783 
416 140 48 83 0.12504783 
110 121 51 86 0.12504782 
624 155 48 85 0.12504782 
352 139 48 84 0.12504782 
448 140 47 83 0.12504782 
254 93 52 82 0.12504782 
783 141 50 81 0.1250478 
480 140 48 83 0.1250478 
351 93 50 82 0.1250478 
479 94 50 81 0.1250478 
813 62 53 81 0.12504779 
863 140 49 83 0.12504779 
447 94 50 81 0.12504779 
238 107 51 84 0.12504777 
733 93 53 81 0.12504777 
158 91 51 85 0.12504777 
159 138 50 85 0.12504777 
127 138 50 85 0.12504777 
401 187 46 84 0.12504777 
270 108 52 83 0.12504777 
222 122 51 85 0.12504777 
671 156 49 84 0.12504777 
334 77 51 82 0.12504777 
558 108 51 83 0.12504776 
206 90 51 86 0.12504774 
591 139 49 84 0.12504774 
512 139 48 84 0.12504774 
303 123 50 84 0.12504774 
749 77 53 82 0.12504771 
606 123 51 84 0.12504771 
577 203 47 84 0.12504771 
47 121 50 86 0.12504771 
480 204 47 82 0.12504771 
142 76 51 83 0.12504771 
448 203 47 83 0.12504771 
669 108 52 82 0.12504771 
383 94 50 81 0.12504771 
686 140 51 82 0.12504771 
526 107 52 84 0.12504771 
510 93 51 82 0.12504771 
415 93 50 82 0.12504771 
305 219 46 84 0.12504771 
847 156 48 83 0.12504771 
465 187 46 85 0.12504771 
366 78 51 81 0.12504771 
556 62 54 80 0.1250477 
604 77 54 81 0.1250477 
94 60 52 83 0.1250477 
190 106 51 86 0.12504768 
462 78 51 81 0.12504768 
525 62 53 81 0.12504768 
512 187 47 84 0.12504768 
175 122 50 85 0.12504767 
399 108 50 83 0.12504767 
494 78 51 81 0.12504767 
878 109 51 82 0.12504767 
143 122 50 85 0.12504767 
369 187 46 85 0.12504767 
335 124 49 83 0.12504767 
368 124 48 83 0.12504767 
529 203 46 84 0.12504767 
431 124 49 83 0.12504767 
429 62 52 81 0.12504765 
240 153 48 87 0.12504765 
528 154 48 86 0.12504765 
6 46 45 82 0.12504765 
862 77 51 82 0.12504764 
398 62 51 81 0.12504764 
464 124 48 83 0.12504764 
222 75 51 85 0.12504764 
635 61 56 81 0.12504764 
495 124 49 83 0.12504764 
846 108 50 83 0.12504764 
895 140 49 82 0.12504761 
845 63 52 80 0.12504761 
209 186 46 86 0.12504761 
289 187 46 85 0.1250476 
236 47 56 79 0.1250476 
272 203 47 84 0.1250476 
638 140 51 82 0.1250476 
766 110 51 80 0.12504758 
894 78 51 81 0.12504758 
879 156 49 83 0.12504756 
667 63 55 79 0.12504756 
49 187 45 84 0.12504756 
257 219 45 82 0.12504755 
496 171 47 85 0.1250475 
832 188 47 82 0.1250475 
346 48 58 78 0.12504749 
379 48 56 78 0.12504749 
62 60 52 83 0.12504749 
32 137 48 86 0.12504749 
751 125 50 81 0.12504749 
705 204 46 82 0.12504749 
497 219 45 83 0.12504748 
16 74 49 86 0.12504748 
337 186 46 86 0.12504746 
800 172 48 83 0.12504746 
475 48 56 78 0.12504746 
833 3 103 101 0.12504746 
878 62 51 81 0.12504746 
910 93 51 82 0.12504743 
767 155 49 85 0.12504742 
125 45 54 82 0.1250474 
225 202 46 85 0.1250474 
943 141 48 82 0.1250474 
35 205 44 79 0.1250474 
560 154 48 87 0.1250474 
353 203 46 84 0.12504739 
585 48 60 77 0.12504739 
927 124 49 83 0.12504739 
31 60 50 84 0.12504739 
768 205 48 81 0.12504737 
735 188 49 82 0.12504736 
321 202 47 85 0.12504734 
778 48 57 78 0.12504731 
701 123 52 83 0.1250473 
64 203 46 84 0.1250473 
942 93 51 82 0.1250473 
216 21 64 73 0.12504728 
982 153 11 21 0.12504728 
16 121 48 87 0.12504728 
78 33 51 79 0.12504725 
656 219 46 84 0.12504725 
998 153 11 21 0.12504725 
212 238 41 73 0.12504722 
926 77 50 82 0.1250472 
729 49 59 76 0.1250472 
110 75 52 84 0.12504719 
185 20 63 75 0.12504719 
697 48 59 77 0.12504718 
816 203 47 84 0.12504718 
247 10 66 69 0.12504718 
912 155 47 84 0.12504718 
864 187 47 84 0.12504716 
959 156 48 83 0.12504716 
177 186 46 86 0.12504713 
616 34 62 75 0.12504712 
2 139 45 84 0.1250471 
441 35 59 74 0.12504709 
409 35 60 74 0.12504709 
47 34 50 78 0.12504707 
910 47 50 80 0.12504707 
958 78 50 82 0.12504707 
93 10 54 71 0.12504707 
1 79 37 80 0.12504707 
504 34 62 75 0.12504706 
139 10 58 70 0.12504706 
648 35 61 74 0.12504703 
848 203 47 84 0.12504703 
304 170 47 86 0.12504701 
688 188 47 83 0.125047 
880 203 47 85 0.125047 
624 219 47 84 0.12504698 
673 203 46 84 0.12504698 
112 185 47 87 0.12504698 
826 34 57 76 0.12504697 
192 152 48 90 0.12504697 
31 20 51 76 0.12504695 
536 35 62 74 0.12504695 
80 169 47 87 0.12504694 
24 239 40 73 0.12504694 
974 109 44 83 0.12504692 
860 33 54 77 0.1250469 
942 48 49 80 0.1250469 
561 219 46 83 0.1250469 
721 219 45 77 0.12504686 
974 46 42 83 0.12504686 
631 10 65 69 0.12504686 
81 220 44 80 0.12504683 
60 10 56 71 0.1250468 
745 21 60 72 0.1250468 
892 33 54 77 0.1250468 
0 2 40 78 0.1250468 
944 187 47 85 0.12504677 
896 187 47 85 0.12504676 
-4 173 40 81 0.12504676 
928 203 46 86 0.12504674 
568 22 62 72 0.12504674 
327 22 64 72 0.12504673 
416 220 45 81 0.12504673 
598 11 67 68 0.12504673 
359 22 64 72 0.1250467 
753 218 46 84 0.1250467 
200 3 65 63 0.1250467 
925 33 52 78 0.1250467 
457 9 60 70 0.1250467 
425 10 61 69 0.12504667 
794 22 58 72 0.12504667 
384 219 46 84 0.12504666 
520 11 62 68 0.12504663 
173 47 54 80 0.12504663 
144 169 48 88 0.12504663 
296 2 63 63 0.12504658 
488 10 62 69 0.12504658 
680 10 62 68 0.12504657 
391 11 64 68 0.12504657 
975 222 41 74 0.12504657 
711 12 63 67 0.12504655 
170 3 60 62 0.12504652 
844 9 54 70 0.12504642 
941 9 50 71 0.12504637 
876 10 54 70 0.12504634 
161 203 46 84 0.12504631 
193 203 46 84 0.12504628 
598 160 11 22 0.12504627 
909 9 52 71 0.12504625 
802 218 45 85 0.12504625 
985 -9 37 72 0.12504624 
344 2 62 63 0.12504624 
762 2 58 63 0.12504616 
96 202 47 85 0.12504616 
181 239 41 71 0.12504607 
915 221 43 82 0.12504603 
781 -1 113 88 0.12504601 
129 203 46 84 0.125046 
552 4 62 61 0.12504596 
811 3 56 62 0.12504593 
21 187 43 83 0.1250459 
15 2 51 65 0.12504585 
937 9 77 137 0.12504585 
6 204 42 82 0.12504579 
656 172 48 83 0.12504566 
534 184 11 22 0.12504561 
970 10 41 70 0.12504555 
983 80 39 78 0.12504552 
244 238 40 67 0.12504551 
966 161 11 21 0.12504551 
766 169 11 21 0.12504545 
158 41 12 21 0.12504533 
984 21 38 73 0.12504533 
145 219 45 83 0.12504521 
50 239 42 72 0.12504508 
984 143 38 80 0.12504499 
984 191 37 79 0.12504499 
734 161 11 21 0.12504496 
438 74 12 20 0.12504476 
646 168 11 22 0.12504448 
116 239 41 65 0.12504442 
230 73 12 21 0.12504436 
414 66 12 20 0.12504429 
406 66 12 19 0.12504427 
430 66 12 20 0.12504427 
664 0 63 49 0.12504423 
222 65 12 21 0.12504417 
262 0 68 49 0.1250441 
695 0 65 49 0.12504409 
375 0 64 49 0.12504406 
106 1 60 48 0.12504406 
440 0 62 49 0.12504405 
408 0 62 49 0.12504402 
958 153 11 21 0.12504402 
44 1 56 49 0.12504399 
862 201 11 21 0.12504399 
726 0 65 49 0.12504397 
471 0 64 49 0.12504391 
583 0 65 49 0.12504385 
957 -4 50 53 0.12504385 
254 18 12 19 0.12504384 
891 -2 56 51 0.12504384 
503 0 64 49 0.12504382 
870 209 11 21 0.12504382 
318 169 11 21 0.12504378 
615 1 65 48 0.12504378 
859 -1 56 50 0.12504375 
54 17 11 21 0.12504373 
334 26 12 19 0.12504373 
886 193 11 21 0.12504372 
231 0 66 49 0.12504363 
945 211 78 122 0.12504353 
923 -3 56 52 0.12504353 
350 26 12 20 0.12504351 
222 89 12 21 0.12504344 
86 33 11 21 0.12504344 
510 200 11 22 0.12504342 
326 169 11 21 0.12504339 
70 73 11 21 0.12504336 
692 236 42 70 0.12504333 
62 65 11 21 0.12504332 
1006 145 11 21 0.12504326 
894 201 11 21 0.12504324 
75 2 58 48 0.12504324 
318 18 12 19 0.12504321 
118 145 11 21 0.12504321 
738 238 44 68 0.1250432 
62 41 11 21 0.12504318 
62 25 11 21 0.12504312 
142 161 11 21 0.12504311 
214 65 12 21 0.12504311 
54 49 11 21 0.12504311 
174 18 12 19 0.125043 
838 18 12 20 0.125043 
374 18 12 20 0.125043 
382 18 12 20 0.125043 
390 18 12 20 0.125043 
854 18 12 20 0.125043 
94 73 11 21 0.12504297 
198 18 12 19 0.12504297 
630 192 11 22 0.12504297 
846 18 12 20 0.12504297 
190 18 12 19 0.12504297 
830 18 12 19 0.12504297 
718 18 11 19 0.12504297 
870 193 11 21 0.12504297 
406 177 11 21 0.12504297 
366 18 12 20 0.12504297 
70 57 11 21 0.12504297 
710 18 12 19 0.12504297 
182 18 12 19 0.12504296 
110 89 11 21 0.12504295 
118 57 11 21 0.12504295 
558 18 12 19 0.12504295 
78 49 11 21 0.12504295 
422 66 12 20 0.12504295 
790 18 12 19 0.12504295 
238 18 12 19 0.12504295 
726 18 12 19 0.12504295 
734 18 12 19 0.12504295 
566 18 12 19 0.12504295 
262 18 12 19 0.12504295 
86 65 11 21 0.12504295 
798 18 12 19 0.12504293 
214 18 12 19 0.12504293 
78 65 11 21 0.12504293 
246 18 12 19 0.12504293 
750 18 12 19 0.12504293 
358 18 12 19 0.12504293 
46 49 11 21 0.12504292 
758 18 12 19 0.12504292 
814 18 12 19 0.12504292 
550 18 12 19 0.12504292 
678 176 11 22 0.12504292 
670 18 12 19 0.12504292 
54 65 11 21 0.12504292 
414 18 12 19 0.12504292 
470 18 12 19 0.12504292 
94 49 11 21 0.12504292 
134 65 11 21 0.12504292 
102 81 11 21 0.12504292 
102 49 11 21 0.12504292 
774 18 12 19 0.12504292 
382 42 11 20 0.12504292 
254 50 11 20 0.12504292 
806 18 12 19 0.12504292 
246 50 11 19 0.12504292 
782 18 12 19 0.12504292 
662 18 12 19 0.1250429 
414 42 11 20 0.1250429 
422 42 11 20 0.1250429 
406 41 11 21 0.1250429 
702 18 12 19 0.1250429 
398 41 12 21 0.1250429 
86 49 11 21 0.1250429 
254 34 12 19 0.1250429 
262 89 12 21 0.1250429 
270 26 12 20 0.1250429 
238 42 11 19 0.1250429 
110 49 11 21 0.1250429 
278 26 12 20 0.1250429 
126 81 11 21 0.1250429 
342 18 12 19 0.1250429 
502 18 12 19 0.1250429 
742 18 12 19 0.1250429 
614 18 12 19 0.1250429 
494 25 12 21 0.1250429 
110 73 11 21 0.1250429 
446 18 12 19 0.1250429 
630 18 12 19 0.1250429 
46 33 11 21 0.1250429 
118 81 11 21 0.1250429 
70 41 11 21 0.1250429 
214 50 11 20 0.1250429 
358 73 11 21 0.1250429 
622 18 12 19 0.1250429 
574 18 12 19 0.1250429 
822 18 12 19 0.1250429 
214 97 11 21 0.1250429 
542 18 12 19 0.1250429 
766 18 12 19 0.1250429 
678 18 12 19 0.1250429 
70 25 11 21 0.1250429 
318 65 11 21 0.1250429 
102 65 11 21 0.1250429 
126 57 11 21 0.1250429 
206 18 12 19 0.1250429 
142 65 11 21 0.1250429 
606 18 12 19 0.1250429 
150 57 11 21 0.1250429 
158 57 11 21 0.1250429 
294 18 12 19 0.1250429 
246 73 11 21 0.1250429 
454 18 12 19 0.1250429 
142 121 11 21 0.12504287 
462 18 12 19 0.12504287 
254 89 12 21 0.12504287 
206 97 12 21 0.12504287 
502 34 12 20 0.12504287 
486 26 12 20 0.12504287 
134 81 12 21 0.12504287 
598 18 12 19 0.12504287 
222 18 12 19 0.12504287 
638 18 12 19 0.12504287 
430 18 12 19 0.12504287 
334 73 11 21 0.12504287 
686 18 12 19 0.12504287 
566 41 12 21 0.12504287 
182 49 12 21 0.12504287 
390 41 11 21 0.12504287 
230 97 12 21 0.12504287 
238 97 12 21 0.12504287 
246 89 12 21 0.12504287 
118 25 11 21 0.12504287 
86 89 11 21 0.12504287 
438 18 12 19 0.12504287 
526 18 12 19 0.12504287 
190 89 12 21 0.12504287 
462 34 12 20 0.12504287 
310 57 11 21 0.12504287 
214 129 11 21 0.12504287 
582 18 12 19 0.12504287 
134 121 11 21 0.12504287 
358 42 12 20 0.12504287 
126 97 11 21 0.12504287 
366 113 12 21 0.12504287 
134 97 11 21 0.12504287 
174 73 12 21 0.12504287 
142 97 11 21 0.12504287 
94 89 11 21 0.12504287 
374 34 12 20 0.12504287 
398 18 12 19 0.12504287 
134 33 11 21 0.12504287 
302 26 12 20 0.12504287 
150 97 12 21 0.12504287 
206 121 11 21 0.12504287 
366 34 12 20 0.12504287 
118 97 11 21 0.12504287 
182 121 11 21 0.12504287 
534 18 12 19 0.12504287 
422 18 12 19 0.12504287 
406 18 12 19 0.12504287 
558 41 12 21 0.12504286 
158 73 12 21 0.12504286 
262 34 12 20 0.12504286 
238 73 12 21 0.12504286 
174 105 12 21 0.12504286 
374 113 12 21 0.12504286 
366 73 11 21 0.12504286 
254 66 11 19 0.12504286 
198 97 12 21 0.12504286 
294 89 12 21 0.12504286 
590 18 12 19 0.12504286 
78 81 11 21 0.12504286 
182 89 12 21 0.12504286 
190 121 11 21 0.12504286 
206 50 11 19 0.12504286 
222 137 11 21 0.12504286 
126 113 11 21 0.12504286 
518 18 12 19 0.12504286 
206 137 11 21 0.12504286 
310 73 11 21 0.12504286 
510 18 12 19 0.12504284 
230 137 11 21 0.12504284 
286 89 12 21 0.12504284 
166 129 11 21 0.12504284 
190 137 11 21 0.12504284 
174 137 11 21 0.12504284 
190 105 12 21 0.12504284 
278 129 11 21 0.12504284 
286 129 11 21 0.12504284 
166 18 12 19 0.12504284 
238 129 12 21 0.12504284 
198 129 12 21 0.12504284 
150 129 11 21 0.12504284 
318 81 11 21 0.12504284 
270 89 12 21 0.12504284 
326 81 11 21 0.12504284 
278 97 12 21 0.12504284 
230 121 11 21 0.12504284 
222 121 11 21 0.12504284 
694 18 12 19 0.12504284 
166 97 12 21 0.12504284 
174 121 11 21 0.12504284 
158 121 11 21 0.12504284 
494 113 12 21 0.12504284 
374 81 12 21 0.12504284 
174 89 12 21 0.12504284 
358 105 12 21 0.12504284 
326 18 12 19 0.12504284 
198 73 12 21 0.12504284 
190 73 12 21 0.12504284 
198 113 12 21 0.12504284 
342 105 12 21 0.12504284 
502 89 12 21 0.12504284 
566 105 11 21 0.12504284 
262 121 12 21 0.12504284 
350 74 11 20 0.12504284 
862 17 12 21 0.12504284 
342 73 11 21 0.12504284 
238 113 11 21 0.12504284 
158 105 11 21 0.12504284 
182 105 12 21 0.12504284 
214 153 11 21 0.12504284 
262 105 12 21 0.12504284 
246 113 11 21 0.12504284 
166 113 12 21 0.12504284 
142 81 12 21 0.12504284 
214 113 11 21 0.12504284 
350 113 12 21 0.12504284 
638 89 12 21 0.12504284 
182 73 12 21 0.12504284 
302 73 12 21 0.12504284 
118 41 11 21 0.12504284 
270 121 12 21 0.12504284 
830 41 12 21 0.12504284 
806 33 12 21 0.12504284 
798 33 12 21 0.12504284 
774 33 12 21 0.12504284 
726 42 12 20 0.12504284 
270 66 11 20 0.12504284 
262 66 11 19 0.12504284 
166 65 12 21 0.12504284 
342 49 12 21 0.12504284 
302 49 11 21 0.12504284 
286 50 11 19 0.12504284 
198 49 12 21 0.12504284 
814 33 12 21 0.12504284 
846 33 12 21 0.12504284 
478 26 12 20 0.12504284 
822 33 12 21 0.12504284 
574 42 12 20 0.12504284 
430 42 11 20 0.12504284 
150 73 12 21 0.12504284 
270 41 11 21 0.12504284 
174 42 12 20 0.12504284 
838 41 12 21 0.12504284 
766 33 12 21 0.12504284 
718 34 12 20 0.12504284 
606 34 12 20 0.12504284 
582 34 12 20 0.12504284 
550 34 12 20 0.12504284 
542 34 12 20 0.12504284 
438 34 12 20 0.12504284 
526 34 12 20 0.12504284 
126 25 11 21 0.12504284 
518 34 12 20 0.12504284 
470 34 12 20 0.12504284 
758 34 12 20 0.12504284 
446 34 12 20 0.12504284 
302 89 12 21 0.12504284 
150 113 12 21 0.12504284 
110 25 11 21 0.12504284 
454 34 12 20 0.12504284 
166 33 12 21 0.12504284 
734 34 12 19 0.12504284 
294 34 11 20 0.12504284 
222 34 12 20 0.12504284 
182 34 12 20 0.12504284 
94 33 11 21 0.12504284 
286 25 12 21 0.12504284 
246 34 12 19 0.12504283 
598 34 12 19 0.12504283 
198 145 11 21 0.12504283 
358 121 12 21 0.12504283 
614 34 12 20 0.12504283 
310 89 12 21 0.12504283 
518 97 12 21 0.12504283 
286 113 12 21 0.12504283 
718 89 12 21 0.12504283 
742 34 12 19 0.12504283 
814 81 12 21 0.12504283 
214 81 12 21 0.12504283 
206 73 12 21 0.12504283 
198 34 12 20 0.12504283 
278 113 12 21 0.12504283 
230 25 12 21 0.12504283 
254 105 12 21 0.12504283 
270 105 12 21 0.12504283 
230 42 12 19 0.12504283 
278 57 12 21 0.12504283 
54 113 11 21 0.12504283 
118 113 11 21 0.12504283 
318 50 11 20 0.12504283 
350 49 12 21 0.12504283 
326 49 12 21 0.12504283 
294 113 12 21 0.12504283 
262 49 11 21 0.12504283 
222 105 12 21 0.12504283 
294 129 12 21 0.12504281 
590 42 11 19 0.12504281 
846 49 12 21 0.12504281 
190 34 12 20 0.12504281 
694 129 12 21 0.12504281 
774 121 11 21 0.12504281 
142 137 11 21 0.12504281 
270 137 12 21 0.12504281 
758 121 11 21 0.12504281 
590 113 12 21 0.12504281 
326 65 12 21 0.12504281 
326 105 12 21 0.12504281 
838 89 12 21 0.12504281 
790 41 12 21 0.12504281 
758 89 12 21 0.12504281 
750 89 12 21 0.12504281 
214 34 12 20 0.12504281 
206 34 12 20 0.12504281 
854 41 12 21 0.12504281 
302 105 12 21 0.12504281 
718 65 12 21 0.12504281 
710 42 12 20 0.12504281 
534 42 12 20 0.12504281 
318 97 12 21 0.12504281 
158 25 12 21 0.12504281 
390 66 11 20 0.12504281 
790 73 12 21 0.12504281 
502 113 12 21 0.12504281 
646 18 12 19 0.12504281 
846 81 12 21 0.12504281 
654 18 12 19 0.12504281 
774 81 12 21 0.12504281 
494 81 12 21 0.12504281 
486 81 12 21 0.12504281 
406 81 12 21 0.12504281 
398 81 12 21 0.12504281 
382 81 12 21 0.12504281 
398 58 11 19 0.12504281 
758 58 12 20 0.12504281 
454 57 12 21 0.12504281 
438 58 12 20 0.12504281 
782 57 12 21 0.12504281 
446 57 12 21 0.12504281 
158 89 11 21 0.12504281 
238 145 11 21 0.12504281 
510 113 12 21 0.12504281 
806 81 12 21 0.12504281 
110 121 11 21 0.12504281 
438 121 12 21 0.12504281 
318 121 11 21 0.12504281 
326 121 12 21 0.12504281 
398 121 12 21 0.12504281 
166 145 11 21 0.12504281 
182 145 11 21 0.12504281 
166 81 11 21 0.12504281 
798 73 12 21 0.12504281 
782 73 12 21 0.12504281 
750 73 12 21 0.12504281 
278 81 12 21 0.12504281 
606 74 11 20 0.12504281 
286 73 12 21 0.12504281 
782 41 12 21 0.12504281 
606 89 12 21 0.12504281 
798 49 12 21 0.12504281 
806 49 12 21 0.12504281 
814 49 12 21 0.12504281 
822 49 12 21 0.12504281 
366 89 12 21 0.12504281 
774 49 12 21 0.12504281 
174 57 12 21 0.12504281 
350 89 12 21 0.12504281 
766 49 12 21 0.12504281 
462 50 12 20 0.12504281 
494 50 12 20 0.12504281 
574 89 12 21 0.12504281 
134 49 12 21 0.12504281 
510 50 12 20 0.12504281 
102 33 11 21 0.12504281 
550 89 12 21 0.12504281 
678 89 12 21 0.12504281 
614 89 12 21 0.12504281 
622 89 12 21 0.12504281 
374 50 11 20 0.12504281 
710 89 12 21 0.12504281 
630 89 12 21 0.12504281 
662 89 12 21 0.12504281 
166 49 12 21 0.12504281 
190 49 12 21 0.12504281 
150 33 12 21 0.12504281 
222 49 11 21 0.12504281 
382 105 12 21 0.12504281 
142 33 12 21 0.12504281 
294 50 11 20 0.12504281 
598 89 12 21 0.12504281 
702 89 12 21 0.12504281 
558 89 12 21 0.12504281 
542 89 12 21 0.12504281 
478 42 12 20 0.12504281 
486 42 12 19 0.12504281 
334 41 12 21 0.12504281 
510 34 12 20 0.12504281 
622 34 12 19 0.12504281 
582 97 12 21 0.12504281 
278 42 11 19 0.12504281 
510 97 12 21 0.12504281 
662 34 12 19 0.12504281 
310 42 12 20 0.12504281 
334 105 12 21 0.12504281 
750 34 12 20 0.12504281 
142 49 12 21 0.12504281 
718 50 12 19 0.12504281 
542 49 12 21 0.12504281 
390 89 12 21 0.12504281 
398 97 12 21 0.12504281 
438 97 12 21 0.12504281 
446 97 12 21 0.12504281 
486 97 12 21 0.12504281 
702 66 12 20 0.1250428 
710 65 12 21 0.1250428 
726 65 12 21 0.1250428 
694 66 12 19 0.1250428 
734 66 12 20 0.1250428 
742 66 12 20 0.1250428 
310 105 12 21 0.1250428 
406 105 12 21 0.1250428 
366 50 12 19 0.1250428 
462 65 12 21 0.1250428 
646 97 12 21 0.1250428 
694 97 12 21 0.1250428 
686 97 12 21 0.1250428 
670 97 12 21 0.1250428 
702 129 12 21 0.1250428 
654 97 12 21 0.1250428 
734 50 12 20 0.1250428 
702 34 12 19 0.1250428 
334 121 11 21 0.1250428 
390 113 12 21 0.1250428 
446 113 12 21 0.1250428 
478 113 12 21 0.1250428 
294 66 12 20 0.1250428 
526 49 12 21 0.1250428 
102 121 11 21 0.1250428 
502 50 12 20 0.1250428 
254 121 12 21 0.1250428 
518 50 12 20 0.1250428 
302 121 12 21 0.1250428 
342 121 11 21 0.1250428 
614 113 12 21 0.1250428 
582 113 12 21 0.1250428 
806 65 12 21 0.1250428 
814 65 12 21 0.1250428 
486 113 12 21 0.1250428 
766 113 11 21 0.1250428 
646 42 12 19 0.1250428 
374 65 12 21 0.1250428 
382 66 11 19 0.1250428 
766 65 12 21 0.1250428 
774 65 12 21 0.1250428 
694 42 12 19 0.1250428 
686 42 12 19 0.1250428 
678 42 12 19 0.1250428 
670 42 12 19 0.1250428 
550 50 12 20 0.1250428 
598 50 12 19 0.1250428 
806 97 12 21 0.1250428 
798 97 12 21 0.1250428 
782 97 12 21 0.1250428 
366 129 12 21 0.1250428 
782 121 12 21 0.1250428 
86 105 11 21 0.1250428 
110 105 11 21 0.1250428 
830 57 12 21 0.1250428 
582 50 12 19 0.1250428 
678 129 12 21 0.1250428 
854 57 12 21 0.1250428 
726 97 12 21 0.1250428 
454 121 12 21 0.1250428 
750 50 12 20 0.1250428 
262 137 12 21 0.1250428 
790 57 12 21 0.1250428 
534 105 12 21 0.1250428 
742 50 12 20 0.1250428 
766 129 12 21 0.1250428 
686 129 12 21 0.1250428 
734 97 12 21 0.1250428 
158 137 11 21 0.1250428 
590 97 12 21 0.1250428 
742 121 11 21 0.1250428 
462 121 12 21 0.1250428 
374 129 11 21 0.1250428 
518 121 12 21 0.1250428 
726 121 11 21 0.1250428 
750 121 11 21 0.1250428 
742 97 12 21 0.1250428 
334 57 11 21 0.1250428 
838 65 12 21 0.1250428 
830 81 12 21 0.1250428 
542 105 12 21 0.1250428 
302 137 12 21 0.1250428 
134 145 11 21 0.1250428 
654 34 12 19 0.1250428 
638 34 12 19 0.1250428 
174 153 11 21 0.1250428 
630 34 12 19 0.1250428 
414 89 12 21 0.1250428 
558 74 11 19 0.1250428 
630 105 12 21 0.1250428 
526 105 11 21 0.1250428 
206 153 11 21 0.1250428 
654 58 12 19 0.1250428 
534 58 12 20 0.1250428 
30 57 11 21 0.1250428 
494 97 12 21 0.1250428 
478 97 12 21 0.1250428 
790 89 12 21 0.1250428 
534 81 12 21 0.1250428 
726 81 12 21 0.1250428 
734 81 12 21 0.1250428 
742 81 12 21 0.1250428 
558 105 12 21 0.1250428 
478 81 12 21 0.1250428 
342 34 12 19 0.1250428 
318 34 12 20 0.1250428 
550 105 12 21 0.1250428 
470 50 12 20 0.1250428 
574 105 12 21 0.1250428 
622 105 12 21 0.1250428 
766 81 12 21 0.1250428 
422 81 12 21 0.1250428 
430 81 12 21 0.1250428 
598 105 11 21 0.1250428 
574 74 12 19 0.1250428 
526 89 12 21 0.1250428 
598 74 12 20 0.1250428 
590 73 12 21 0.1250428 
758 73 12 21 0.1250428 
966 25 11 21 0.1250428 
990 25 11 21 0.1250428 
638 105 11 21 0.1250428 
822 73 12 21 0.1250428 
470 89 12 21 0.1250428 
230 58 12 19 0.1250428 
614 74 11 19 0.1250428 
678 74 12 19 0.1250428 
846 65 12 21 0.1250428 
566 89 12 21 0.1250428 
334 89 12 21 0.1250428 
358 58 11 19 0.1250428 
446 73 12 21 0.1250428 
582 74 11 20 0.1250428 
550 74 11 19 0.1250428 
462 89 12 21 0.1250428 
454 89 12 21 0.1250428 
358 89 12 21 0.1250428 
750 137 11 21 0.12504278 
502 74 12 19 0.12504278 
342 89 12 21 0.12504278 
638 50 12 19 0.12504278 
566 74 11 19 0.12504278 
702 50 12 19 0.12504278 
542 121 12 21 0.12504278 
734 129 11 21 0.12504278 
622 74 11 19 0.12504278 
678 58 12 19 0.12504278 
454 105 12 21 0.12504278 
734 113 11 21 0.12504278 
686 74 12 19 0.12504278 
150 145 11 21 0.12504278 
166 161 11 21 0.12504278 
710 105 12 21 0.12504278 
750 105 12 21 0.12504278 
662 58 12 19 0.12504278 
518 81 12 21 0.12504278 
510 66 12 19 0.12504277 
518 66 12 19 0.12504277 
662 137 12 21 0.12504277 
542 66 12 19 0.12504277 
638 66 12 19 0.12504277 
670 137 12 21 0.12504277 
494 66 12 19 0.12504277 
670 66 11 19 0.12504277 
758 137 12 21 0.12504277 
486 66 12 19 0.12504277 
118 129 11 21 0.12504277 
478 58 12 19 0.12504277 
662 74 12 19 0.12504277 
254 137 11 21 0.12504277 
526 66 12 19 0.12504277 
470 66 12 20 0.12504277 
278 145 11 21 0.12504277 
374 97 12 21 0.12504277 
790 121 11 21 0.12504277 
646 74 12 19 0.12504277 
430 97 12 21 0.12504277 
630 74 12 19 0.12504277 
590 58 12 19 0.12504277 
46 65 11 21 0.12504277 
718 121 11 21 0.12504277 
558 58 12 19 0.12504277 
630 50 12 19 0.12504277 
710 121 11 21 0.12504277 
606 50 12 19 0.12504277 
614 50 12 19 0.12504277 
622 50 12 19 0.12504277 
766 97 12 21 0.12504277 
566 58 12 19 0.12504277 
574 58 12 19 0.12504277 
758 105 12 21 0.12504277 
622 121 12 21 0.12504277 
694 82 12 20 0.12504277 
702 113 11 21 0.12504277 
686 58 12 19 0.12504277 
606 113 12 21 0.12504277 
646 58 12 19 0.12504277 
454 74 12 20 0.12504277 
470 121 12 21 0.12504277 
526 121 12 21 0.12504277 
382 121 11 21 0.12504277 
654 82 12 20 0.12504277 
718 105 12 21 0.12504277 
510 81 12 21 0.12504277 
158 153 11 21 0.12504277 
414 129 12 21 0.12504277 
350 129 11 21 0.12504277 
662 105 12 21 0.12504277 
70 113 11 21 0.12504277 
462 105 12 21 0.12504277 
806 113 11 21 0.12504277 
798 113 11 21 0.12504277 
974 25 11 21 0.12504275 
950 81 11 21 0.12504275 
966 41 11 21 0.12504275 
678 105 12 21 0.12504275 
982 25 11 21 0.12504275 
670 82 12 20 0.12504275 
422 97 12 21 0.12504275 
246 129 12 21 0.12504275 
430 113 12 21 0.12504275 
574 121 12 21 0.12504275 
310 121 11 21 0.12504275 
630 129 11 21 0.12504275 
622 137 12 21 0.12504274 
814 97 12 21 0.12504274 
830 121 11 21 0.12504274 
838 121 11 21 0.12504274 
110 169 11 21 0.12504274 
822 89 12 21 0.12504274 
998 49 11 21 0.12504274 
982 49 11 21 0.12504274 
694 113 12 21 0.12504274 
774 105 12 21 0.12504274 
974 41 11 21 0.12504274 
230 153 11 21 0.12504274 
790 105 12 21 0.12504274 
950 105 11 21 0.12504274 
422 129 12 21 0.12504274 
102 105 11 21 0.12504274 
774 137 12 21 0.12504274 
534 121 12 21 0.12504274 
470 105 12 21 0.12504274 
942 81 11 21 0.12504274 
310 145 12 21 0.12504274 
998 25 11 21 0.12504274 
742 137 11 21 0.12504274 
822 129 11 21 0.12504274 
862 89 12 21 0.12504274 
486 129 11 21 0.12504274 
870 89 12 21 0.1250427 
670 113 12 21 0.1250427 
894 113 11 21 0.1250427 
286 145 11 21 0.1250427 
982 81 11 21 0.1250427 
790 145 11 21 0.1250427 
798 137 11 21 0.1250427 
54 145 11 21 0.1250427 
782 137 11 21 0.1250427 
54 33 11 21 0.1250427 
150 18 12 19 0.1250427 
686 113 12 21 0.1250427 
102 137 11 21 0.1250427 
814 129 11 21 0.1250427 
926 113 11 21 0.1250427 
414 105 12 21 0.1250427 
846 113 12 21 0.1250427 
854 113 12 21 0.1250427 
614 129 12 21 0.1250427 
990 41 11 21 0.1250427 
654 113 12 21 0.1250427 
862 113 11 21 0.1250427 
142 17 12 21 0.1250427 
814 113 12 21 0.1250427 
558 121 12 21 0.1250427 
566 121 12 21 0.1250427 
830 105 12 21 0.1250427 
710 137 11 21 0.1250427 
958 25 11 21 0.1250427 
838 105 12 21 0.1250427 
822 113 12 21 0.1250427 
406 121 11 21 0.1250427 
150 161 11 21 0.1250427 
478 129 12 21 0.1250427 
918 26 11 20 0.1250427 
38 49 11 21 0.1250427 
654 137 12 21 0.1250427 
430 129 12 21 0.1250427 
902 105 11 21 0.1250427 
766 145 12 21 0.1250427 
38 81 11 21 0.1250427 
350 145 11 21 0.1250427 
422 113 11 21 0.1250427 
734 145 12 21 0.1250427 
878 89 11 21 0.1250427 
510 129 11 21 0.1250427 
390 129 11 21 0.1250427 
942 105 11 21 0.1250427 
102 169 11 21 0.1250427 
342 137 11 21 0.1250427 
846 129 11 21 0.1250427 
806 129 11 21 0.1250427 
78 17 12 21 0.1250427 
590 168 12 22 0.1250427 
358 137 12 21 0.1250427 
294 145 11 21 0.12504269 
910 105 11 21 0.12504269 
934 81 11 21 0.12504269 
918 113 11 21 0.12504269 
934 113 11 21 0.12504269 
726 137 11 21 0.12504269 
982 201 11 21 0.12504269 
646 113 11 21 0.12504269 
718 137 11 21 0.12504269 
422 145 11 21 0.12504269 
694 145 11 21 0.12504269 
862 65 11 21 0.12504269 
878 17 12 21 0.12504269 
846 97 11 21 0.12504269 
854 97 12 21 0.12504269 
854 129 11 21 0.12504269 
990 57 11 21 0.12504269 
454 137 12 21 0.12504269 
342 153 12 21 0.12504269 
334 153 12 21 0.12504269 
598 121 12 21 0.12504269 
862 49 12 21 0.12504269 
934 97 11 21 0.12504269 
318 137 11 21 0.12504269 
638 121 11 21 0.12504269 
606 129 11 21 0.12504269 
494 129 11 21 0.12504269 
582 129 12 21 0.12504269 
630 145 12 21 0.12504269 
686 145 11 21 0.12504269 
894 81 12 21 0.12504269 
222 153 11 21 0.12504269 
382 137 12 21 0.12504269 
326 137 11 21 0.12504269 
966 57 11 21 0.12504269 
878 193 11 21 0.12504269 
918 97 11 21 0.12504269 
926 26 11 20 0.12504269 
862 33 12 21 0.12504269 
894 97 11 21 0.12504269 
998 81 11 21 0.12504269 
990 81 11 21 0.12504269 
926 89 11 21 0.12504269 
702 145 12 21 0.12504269 
486 153 11 21 0.12504269 
894 65 12 21 0.12504268 
590 129 12 21 0.12504268 
550 121 12 21 0.12504268 
958 81 11 21 0.12504268 
478 153 11 21 0.12504268 
678 145 12 21 0.12504268 
742 153 12 21 0.12504268 
326 153 12 21 0.12504268 
886 81 11 21 0.12504268 
750 153 12 21 0.12504268 
894 33 11 21 0.12504266 
758 153 12 21 0.12504266 
974 81 11 21 0.12504266 
774 153 12 21 0.12504266 
862 129 11 21 0.12504266 
878 49 12 21 0.12504266 
886 33 11 21 0.12504266 
910 25 11 21 0.12504266 
870 33 12 21 0.12504266 
870 49 12 21 0.12504266 
870 121 11 21 0.12504266 
934 25 11 21 0.12504266 
902 121 11 21 0.12504266 
910 121 11 21 0.12504266 
902 81 11 21 0.12504266 
966 89 11 21 0.12504266 
446 129 11 21 0.12504266 
950 137 11 21 0.12504266 
998 65 11 21 0.12504266 
710 153 11 21 0.12504266 
646 129 11 21 0.12504266 
542 137 11 21 0.12504266 
878 73 12 21 0.12504266 
406 137 12 21 0.12504266 
926 41 11 21 0.12504266 
534 145 11 21 0.12504266 
526 137 11 21 0.12504266 
574 137 12 21 0.12504266 
646 145 11 21 0.12504266 
974 57 11 21 0.12504266 
854 73 11 21 0.12504266 
414 145 12 21 0.12504266 
134 17 12 21 0.12504266 
950 121 11 21 0.12504266 
902 65 12 21 0.12504266 
358 153 12 21 0.12504266 
438 161 11 21 0.12504266 
958 105 11 21 0.12504266 
870 17 11 21 0.12504266 
870 65 11 21 0.12504266 
942 25 11 21 0.12504266 
878 33 11 21 0.12504266 
502 129 11 21 0.12504265 
334 137 11 21 0.12504265 
398 137 12 21 0.12504265 
614 145 11 21 0.12504265 
902 33 11 21 0.12504265 
910 73 12 21 0.12504265 
918 41 11 21 0.12504265 
390 145 11 21 0.12504265 
870 105 11 21 0.12504265 
446 161 11 21 0.12504265 
550 137 11 21 0.12504265 
886 57 11 21 0.12504265 
918 65 11 21 0.12504265 
886 113 11 21 0.12504265 
950 25 11 21 0.12504265 
990 97 11 21 0.12504265 
366 145 12 21 0.12504265 
62 153 11 21 0.12504265 
46 105 11 21 0.12504262 
934 65 11 21 0.12504262 
462 137 11 21 0.12504262 
982 65 11 21 0.12504262 
934 129 11 21 0.12504262 
926 129 11 21 0.12504262 
982 97 11 21 0.12504262 
558 137 11 21 0.12504262 
566 137 11 21 0.12504262 
638 137 12 21 0.12504262 
942 65 11 21 0.12504262 
990 201 11 21 0.12504262 
910 89 11 21 0.12504262 
950 41 11 21 0.12504262 
958 65 11 21 0.12504262 
942 41 11 21 0.12504262 
934 41 11 21 0.12504262 
838 137 12 21 0.12504262 
910 41 11 21 0.12504262 
854 145 11 21 0.12504262 
502 145 11 21 0.12504262 
46 81 11 21 0.12504262 
830 145 11 21 0.12504262 
894 49 11 21 0.12504262 
926 57 11 21 0.12504262 
902 49 11 21 0.12504262 
966 73 11 21 0.12504262 
382 153 11 21 0.12504262 
638 153 12 21 0.12504262 
510 145 11 21 0.12504262 
886 97 11 21 0.12504262 
662 121 11 21 0.12504262 
726 153 11 21 0.12504262 
670 153 11 21 0.12504262 
942 121 11 21 0.12504262 
374 145 11 21 0.12504262 
718 153 11 21 0.12504262 
910 57 11 21 0.1250426 
958 41 11 21 0.1250426 
862 145 11 21 0.1250426 
918 137 11 21 0.1250426 
518 137 11 21 0.1250426 
950 57 11 21 0.1250426 
598 137 11 21 0.1250426 
990 137 11 21 0.1250426 
942 137 11 21 0.1250426 
438 145 11 21 0.1250426 
878 121 11 21 0.1250426 
494 153 11 21 0.1250426 
990 121 11 21 0.1250426 
94 137 11 21 0.1250426 
958 121 11 21 0.1250426 
966 105 11 21 0.1250426 
822 145 11 21 0.1250426 
606 145 11 21 0.1250426 
926 145 11 21 0.1250426 
926 73 12 21 0.1250426 
470 137 11 21 0.12504259 
974 105 11 21 0.12504259 
982 129 11 21 0.12504259 
894 129 11 21 0.12504259 
878 105 11 21 0.12504259 
846 145 11 21 0.12504259 
446 145 11 21 0.12504259 
894 153 11 21 0.12504259 
918 81 11 21 0.12504259 
982 113 11 21 0.12504259 
798 153 12 21 0.12504259 
46 121 11 21 0.12504259 
878 137 11 21 0.12504259 
662 153 11 21 0.12504259 
958 137 11 21 0.12504259 
582 176 11 22 0.12504259 
966 121 11 21 0.12504259 
630 160 12 22 0.12504257 
974 121 11 21 0.12504257 
582 145 12 21 0.12504257 
870 145 11 21 0.12504257 
654 153 11 21 0.12504257 
110 137 11 21 0.12504256 
246 145 11 21 0.12504256 
974 137 11 21 0.12504256 
966 137 11 21 0.12504256 
550 153 11 21 0.12504256 
310 18 12 19 0.12504256 
902 153 11 21 0.12504256 
30 81 11 21 0.12504256 
886 137 11 21 0.12504253 
502 161 11 21 0.12504253 
806 145 11 21 0.12504253 
934 145 11 21 0.12504253 
590 145 11 21 0.12504253 
325 2 13 19 0.12504253 
622 153 11 21 0.12504253 
534 169 11 21 0.12504251 
46 17 11 21 0.12504251 
574 168 11 22 0.12504251 
950 153 11 21 0.1250425 
952 -40 75 121 0.1250425 
78 97 11 21 0.12504248 
998 137 11 21 0.12504248 
894 17 12 21 0.12504248 
902 17 12 21 0.12504248 
158 169 11 21 0.12504248 
702 184 11 22 0.12504248 
998 121 11 21 0.12504247 
38 97 11 21 0.12504247 
470 153 11 21 0.12504247 
941 10 13 19 0.12504245 
990 169 11 21 0.12504245 
814 145 11 21 0.12504245 
942 153 11 21 0.12504245 
902 137 11 21 0.12504245 
310 169 11 21 0.12504244 
134 169 11 21 0.12504242 
398 177 11 21 0.12504242 
38 129 11 21 0.1250424 
942 177 11 21 0.1250424 
886 17 12 21 0.1250424 
270 9 12 20 0.1250424 
478 169 11 21 0.12504238 
70 153 11 21 0.12504238 
782 153 11 21 0.12504238 
14 49 11 21 0.12504236 
62 9 12 20 0.12504236 
38 25 11 21 0.12504235 
30 17 11 21 0.12504235 
22 57 11 21 0.12504235 
70 97 11 21 0.12504233 
430 161 11 21 0.12504233 
542 153 11 21 0.12504233 
974 177 11 21 0.1250423 
454 153 11 21 0.12504229 
38 9 12 21 0.12504229 
302 153 11 21 0.12504229 
886 161 11 21 0.12504227 
1006 17 12 21 0.12504227 
118 9 12 20 0.12504226 
486 9 12 20 0.12504224 
126 169 11 21 0.12504224 
462 153 11 21 0.12504224 
430 145 11 21 0.12504224 
494 9 12 20 0.12504224 
54 81 11 21 0.12504221 
6 41 11 21 0.12504221 
486 169 11 21 0.12504221 
902 209 11 21 0.12504221 
302 9 12 20 0.12504221 
38 113 11 21 0.12504219 
886 209 11 21 0.12504219 
878 209 11 21 0.12504217 
478 9 12 20 0.12504217 
614 161 11 21 0.12504217 
62 121 11 21 0.12504217 
1006 57 11 21 0.12504217 
30 33 11 21 0.12504217 
910 137 11 21 0.12504217 
230 9 12 20 0.12504216 
1006 73 12 21 0.12504216 
126 129 11 21 0.12504216 
190 161 11 21 0.12504213 
334 9 12 20 0.12504213 
1006 41 12 21 0.12504213 
574 153 11 21 0.12504211 
70 9 12 20 0.12504211 
838 153 11 21 0.12504211 
350 9 12 20 0.1250421 
782 177 11 21 0.1250421 
926 161 11 21 0.1250421 
6 17 11 21 0.12504208 
318 153 11 21 0.12504208 
606 160 11 22 0.12504207 
270 153 11 21 0.12504207 
22 25 11 21 0.12504207 
982 9 12 20 0.12504205 
286 9 12 20 0.12504204 
22 97 11 21 0.12504204 
1006 89 12 21 0.12504202 
110 153 11 21 0.12504199 
990 10 12 19 0.12504199 
22 41 11 21 0.12504198 
14 17 11 21 0.12504198 
350 169 11 21 0.12504198 
414 169 11 21 0.12504198 
94 9 12 20 0.12504198 
158 9 12 20 0.12504198 
70 129 11 21 0.12504196 
510 169 11 21 0.12504196 
142 177 11 21 0.12504196 
262 153 11 21 0.12504193 
14 33 11 21 0.12504193 
198 161 11 21 0.12504193 
94 113 11 21 0.12504193 
118 169 11 21 0.1250419 
62 81 11 21 0.1250419 
86 9 12 20 0.1250419 
30 121 11 21 0.1250419 
30 97 11 21 0.1250419 
54 97 11 21 0.12504187 
390 177 11 21 0.12504187 
1006 105 11 21 0.12504187 
910 169 11 21 0.12504186 
78 129 11 21 0.12504186 
974 201 11 21 0.12504186 
1006 121 11 21 0.12504184 
910 153 11 21 0.12504183 
918 169 11 21 0.1250418 
102 9 12 20 0.1250418 
566 177 11 21 0.1250418 
1006 177 11 20 0.1250418 
78 113 11 21 0.1250418 
22 73 11 21 0.1250418 
526 169 11 21 0.12504175 
542 169 11 21 0.12504175 
62 137 11 21 0.12504175 
6 0 11 13 0.12504175 
110 0 11 13 0.12504175 
918 9 12 20 0.12504174 
374 161 12 21 0.12504174 
126 145 11 21 0.12504171 
86 129 11 21 0.12504171 
1006 161 11 21 0.12504171 
38 65 11 21 0.12504171 
302 169 11 21 0.1250417 
214 169 11 21 0.1250417 
78 153 11 21 0.1250417 
966 209 11 21 0.12504168 
910 9 12 20 0.12504166 
998 10 12 19 0.12504165 
102 153 11 21 0.12504162 
998 201 11 21 0.12504159 
205 2 13 19 0.12504159 
182 161 11 21 0.12504157 
934 177 11 21 0.12504156 
494 177 11 21 0.12504156 
70 0 11 13 0.12504154 
238 160 11 22 0.12504153 
206 169 11 21 0.12504151 
254 160 11 22 0.12504151 
14 0 11 13 0.12504151 
878 153 11 21 0.12504151 
845 2 13 19 0.12504148 
277 2 13 19 0.12504147 
902 193 11 21 0.12504146 
918 153 11 21 0.12504144 
54 185 11 21 0.12504144 
62 105 11 21 0.12504144 
253 2 13 19 0.12504143 
22 113 11 21 0.12504141 
926 209 11 21 0.12504141 
910 209 11 21 0.12504141 
830 161 11 21 0.12504141 
1005 2 13 19 0.1250414 
278 160 11 22 0.12504138 
246 160 11 22 0.12504138 
925 9 13 20 0.12504138 
853 2 13 19 0.12504138 
918 209 11 21 0.12504134 
806 161 11 21 0.12504134 
30 137 11 21 0.12504134 
933 9 13 20 0.12504134 
261 2 13 19 0.12504134 
406 153 12 21 0.12504134 
38 145 11 21 0.12504134 
518 169 11 21 0.12504134 
293 2 13 19 0.12504134 
422 169 11 21 0.12504128 
62 169 11 21 0.12504128 
958 209 11 21 0.12504128 
213 2 13 19 0.12504126 
54 129 11 21 0.12504126 
150 177 11 21 0.12504125 
237 2 13 19 0.12504125 
30 0 11 13 0.12504123 
829 2 13 19 0.12504123 
902 169 11 21 0.12504123 
797 2 13 19 0.12504123 
837 2 13 19 0.12504123 
14 97 11 21 0.12504123 
990 153 11 21 0.1250412 
982 177 11 21 0.1250412 
558 153 11 21 0.1250412 
230 169 11 21 0.1250412 
470 168 11 22 0.12504119 
174 169 11 21 0.12504117 
973 2 13 19 0.12504117 
934 209 11 21 0.12504117 
934 161 11 21 0.12504114 
814 161 11 21 0.12504114 
957 2 13 19 0.12504114 
221 2 13 19 0.12504114 
245 2 13 19 0.12504113 
469 2 13 19 0.12504113 
317 2 13 19 0.12504113 
821 2 13 19 0.12504111 
669 2 13 19 0.1250411 
805 2 13 19 0.1250411 
622 168 11 22 0.1250411 
429 2 13 19 0.1250411 
613 2 13 19 0.12504108 
165 2 13 19 0.12504108 
445 2 13 19 0.12504108 
517 2 13 19 0.12504107 
461 2 13 19 0.12504107 
437 2 13 19 0.12504107 
286 160 11 22 0.12504107 
38 0 11 13 0.12504107 
558 168 11 22 0.12504107 
661 2 13 19 0.12504107 
197 2 13 19 0.12504107 
725 2 13 19 0.12504104 
813 2 13 19 0.12504104 
774 169 11 21 0.12504104 
421 2 13 19 0.12504104 
733 2 13 19 0.12504104 
894 169 11 21 0.12504104 
950 209 11 21 0.12504104 
397 2 13 19 0.12504104 
678 161 11 21 0.12504104 
413 2 13 19 0.12504102 
54 161 11 21 0.12504102 
22 0 11 13 0.12504102 
565 2 13 19 0.12504102 
621 2 13 19 0.12504102 
942 209 11 21 0.12504102 
389 2 13 19 0.12504102 
525 2 13 19 0.12504102 
405 2 13 19 0.12504102 
757 2 13 19 0.12504102 
717 2 13 19 0.12504102 
694 169 11 21 0.12504101 
741 2 13 19 0.12504101 
549 2 13 19 0.12504101 
557 2 13 19 0.12504101 
781 2 13 19 0.12504101 
453 2 13 19 0.125041 
701 2 13 19 0.125041 
765 2 13 19 0.125041 
381 2 13 19 0.125041 
533 2 13 19 0.125041 
709 2 13 19 0.125041 
77 2 13 19 0.125041 
901 2 13 19 0.125041 
398 153 11 21 0.125041 
365 2 13 19 0.125041 
509 2 13 19 0.125041 
541 2 13 19 0.12504096 
373 2 13 19 0.12504096 
749 2 13 19 0.12504096 
149 2 13 19 0.12504096 
773 2 13 19 0.12504096 
949 2 13 19 0.12504096 
789 2 13 19 0.12504096 
550 176 11 22 0.12504096 
677 2 13 19 0.12504095 
141 2 13 19 0.12504095 
357 2 13 19 0.12504095 
21 9 13 21 0.12504095 
893 2 13 19 0.12504095 
173 2 13 19 0.12504095 
846 161 11 21 0.12504093 
45 2 13 19 0.12504093 
702 169 11 21 0.12504093 
294 161 11 21 0.12504093 
334 169 11 21 0.12504093 
573 2 13 19 0.12504093 
645 2 13 19 0.12504093 
501 2 13 19 0.12504093 
597 2 13 19 0.12504092 
581 2 13 19 0.12504092 
637 2 13 19 0.12504092 
965 2 13 19 0.12504092 
987 243 39 70 0.12504092 
629 2 13 19 0.12504092 
885 2 13 19 0.12504089 
589 2 13 19 0.12504089 
693 2 13 19 0.12504089 
685 2 13 19 0.12504089 
822 161 11 21 0.12504089 
605 2 13 19 0.12504089 
566 153 11 21 0.12504089 
133 2 13 19 0.12504089 
189 2 13 19 0.12504089 
53 2 13 19 0.12504089 
653 2 13 19 0.12504089 
598 177 11 21 0.12504089 
454 168 11 22 0.12504089 
126 9 12 20 0.12504089 
718 176 11 22 0.12504089 
518 153 12 21 0.12504086 
838 169 11 21 0.12504086 
877 2 13 19 0.12504084 
181 2 13 19 0.12504083 
46 161 11 21 0.1250408 
910 193 11 21 0.1250408 
662 169 11 21 0.1250408 
14 129 11 21 0.12504078 
278 176 11 22 0.12504075 
974 161 11 21 0.12504071 
238 176 11 22 0.12504071 
309 2 13 19 0.1250407 
222 169 11 21 0.12504068 
686 169 11 21 0.12504065 
861 2 13 19 0.12504062 
750 185 11 21 0.12504062 
102 0 11 13 0.12504062 
869 2 13 19 0.12504062 
14 73 11 21 0.1250406 
262 168 11 22 0.12504056 
886 225 11 21 0.12504055 
830 177 11 21 0.12504049 
790 161 11 21 0.12504044 
94 184 11 22 0.12504041 
862 161 11 21 0.12504041 
934 193 11 21 0.12504041 
462 168 12 22 0.12504038 
366 161 11 21 0.12504035 
998 169 11 21 0.12504035 
86 0 11 13 0.12504034 
670 169 11 21 0.12504032 
758 169 11 21 0.12504032 
270 168 11 22 0.12504031 
806 177 11 21 0.12504026 
246 176 11 22 0.12504026 
686 209 11 21 0.12504023 
894 185 11 21 0.12504023 
446 176 11 22 0.12504023 
662 184 11 22 0.12504022 
22 145 11 21 0.12504019 
382 169 11 21 0.12504016 
30 153 11 21 0.12504016 
86 145 11 21 0.12504013 
950 185 11 21 0.12504013 
638 169 11 21 0.1250401 
318 193 11 21 0.12504008 
46 145 11 21 0.12504008 
70 169 11 21 0.12504008 
94 0 11 13 0.12504008 
582 193 11 21 0.12504008 
702 209 11 21 0.12504005 
870 177 11 21 0.12504005 
94 153 11 21 0.12504002 
670 184 11 22 0.12504002 
30 169 11 21 0.12504001 
398 193 11 21 0.12503998 
502 200 11 22 0.12503998 
736 19 190 271 0.12503998 
78 169 11 21 0.12503995 
94 169 11 21 0.12503995 
870 161 11 21 0.12503989 
934 0 11 13 0.12503989 
518 185 11 21 0.12503989 
46 193 11 21 0.12503988 
326 193 11 21 0.12503988 
278 200 11 22 0.12503988 
293 238 42 72 0.12503979 
838 201 11 21 0.12503979 
462 184 11 22 0.12503979 
454 184 11 22 0.12503977 
526 153 11 21 0.12503977 
846 201 11 21 0.12503977 
942 0 11 13 0.12503976 
854 161 12 21 0.12503976 
14 113 11 21 0.12503974 
774 184 11 22 0.12503974 
614 177 11 21 0.12503973 
574 193 11 21 0.12503971 
726 176 12 22 0.12503971 
630 177 11 21 0.12503971 
126 184 11 22 0.12503971 
254 176 11 22 0.1250397 
886 177 11 21 0.12503968 
86 169 11 21 0.12503962 
270 192 11 22 0.1250396 
862 185 11 21 0.12503959 
878 169 11 21 0.12503959 
166 177 11 21 0.12503956 
414 185 11 21 0.12503953 
830 193 11 21 0.1250395 
502 177 11 21 0.12503946 
774 201 11 21 0.12503943 
6 81 11 21 0.12503943 
6 105 11 21 0.12503943 
390 161 11 21 0.12503941 
342 169 11 21 0.12503941 
126 0 11 13 0.12503941 
158 0 11 13 0.12503935 
126 41 11 21 0.12503932 
790 177 11 21 0.12503932 
606 177 11 21 0.12503932 
822 185 11 21 0.12503932 
270 0 11 13 0.1250393 
326 34 12 19 0.1250393 
798 177 11 21 0.12503926 
758 201 11 21 0.12503922 
766 201 11 21 0.12503919 
86 184 11 22 0.12503919 
846 176 11 22 0.12503916 
358 176 11 22 0.12503915 
334 0 11 13 0.12503915 
854 200 11 22 0.12503915 
22 129 11 21 0.12503913 
78 184 11 22 0.12503912 
398 208 11 22 0.12503909 
430 176 11 22 0.12503906 
262 200 11 22 0.12503901 
342 0 11 13 0.12503901 
198 176 11 22 0.12503901 
382 192 11 22 0.12503897 
918 193 11 21 0.12503895 
486 0 11 13 0.12503894 
894 217 11 21 0.12503894 
294 184 11 22 0.12503892 
350 0 11 13 0.12503892 
310 192 11 22 0.12503892 
494 0 11 13 0.1250389 
606 192 11 22 0.1250389 
734 185 11 21 0.1250389 
286 176 11 22 0.12503888 
6 65 11 21 0.12503883 
374 192 11 22 0.12503882 
478 0 11 13 0.12503882 
998 97 11 21 0.12503879 
270 208 11 22 0.12503877 
510 185 11 21 0.12503874 
70 184 11 22 0.12503874 
366 192 11 22 0.12503873 
694 201 11 21 0.1250387 
622 185 11 21 0.12503867 
742 177 11 21 0.12503867 
158 184 11 22 0.12503867 
566 192 11 22 0.12503867 
390 200 11 22 0.12503864 
558 192 11 22 0.12503862 
470 184 11 22 0.12503862 
182 176 11 22 0.12503862 
982 0 11 13 0.12503861 
374 176 11 22 0.12503856 
918 0 11 13 0.12503856 
118 184 11 22 0.12503853 
838 184 11 22 0.12503852 
590 192 11 22 0.12503849 
374 208 11 22 0.12503849 
62 185 11 21 0.12503849 
214 192 11 22 0.12503843 
366 176 11 22 0.12503843 
286 0 11 13 0.12503843 
46 177 11 21 0.12503839 
790 200 11 22 0.12503836 
302 0 11 13 0.12503834 
910 0 11 13 0.12503833 
102 184 11 22 0.12503831 
782 200 11 22 0.12503831 
382 208 11 22 0.12503828 
254 208 11 22 0.12503827 
710 208 11 22 0.12503818 
742 208 11 22 0.12503818 
678 192 11 22 0.12503816 
526 184 11 22 0.12503815 
814 201 11 21 0.12503815 
646 200 11 22 0.12503812 
798 200 11 22 0.12503812 
822 201 11 21 0.1250381 
486 185 11 21 0.12503801 
350 184 11 22 0.12503801 
785 238 45 68 0.125038 
854 184 11 22 0.125038 
926 0 11 13 0.125038 
814 184 11 22 0.125038 
806 201 11 21 0.12503797 
198 208 11 22 0.12503797 
78 33 11 21 0.12503795 
991 142 25 43 0.12503792 
646 184 11 22 0.12503791 
990 0 11 13 0.12503788 
926 185 11 21 0.12503786 
975 142 24 43 0.12503786 
422 184 11 22 0.12503783 
310 208 11 22 0.12503782 
406 208 11 23 0.1250378 
878 225 11 21 0.12503779 
998 0 11 13 0.12503773 
38 161 11 21 0.1250377 
542 216 11 22 0.12503766 
302 184 11 22 0.12503761 
286 200 11 22 0.12503761 
1005 254 21 42 0.12503758 
110 184 11 22 0.12503758 
478 184 11 22 0.12503752 
718 208 11 22 0.12503749 
-16 -23 162 225 0.12503749 
494 200 11 22 0.12503749 
342 216 11 22 0.12503749 
334 184 11 22 0.12503739 
14 153 11 21 0.12503739 
174 208 11 22 0.12503739 
294 208 11 22 0.12503737 
366 224 11 22 0.12503736 
350 224 11 22 0.12503728 
974 217 11 21 0.12503727 
750 208 11 22 0.12503725 
622 200 11 22 0.12503725 
174 184 11 22 0.12503721 
342 184 11 22 0.12503718 
592 149 23 44 0.12503715 
222 216 11 22 0.12503713 
54 201 11 21 0.12503712 
302 208 11 22 0.1250371 
726 192 11 23 0.1250371 
470 200 11 23 0.12503709 
990 217 11 21 0.12503706 
62 0 11 13 0.12503701 
614 200 11 22 0.12503701 
158 216 11 22 0.125037 
518 200 11 23 0.12503698 
950 169 11 21 0.12503695 
582 160 11 22 0.1250369 
750 169 11 21 0.12503685 
182 216 11 22 0.12503684 
109 9 13 20 0.12503684 
910 225 11 21 0.12503682 
6 153 11 21 0.12503682 
710 176 12 22 0.12503678 
166 216 11 22 0.12503675 
230 216 11 22 0.12503675 
150 29 27 46 0.1250367 
654 169 11 21 0.1250367 
246 208 11 23 0.1250367 
6 121 11 21 0.12503669 
958 169 11 21 0.12503666 
566 208 11 23 0.12503661 
758 185 11 21 0.12503652 
150 224 11 22 0.12503652 
542 184 11 22 0.12503651 
222 184 11 23 0.12503651 
190 208 11 23 0.12503651 
526 208 11 22 0.1250365 
246 192 11 23 0.12503648 
214 216 11 22 0.12503646 
694 216 11 22 0.12503639 
206 200 11 22 0.12503637 
982 217 11 21 0.12503637 
166 192 11 23 0.12503634 
429 61 29 46 0.12503633 
206 184 11 23 0.1250363 
686 184 11 22 0.12503622 
230 192 11 23 0.1250362 
142 192 11 22 0.12503617 
710 192 11 22 0.12503617 
150 192 11 23 0.12503617 
118 0 11 13 0.12503614 
654 184 11 22 0.12503612 
959 150 25 43 0.12503612 
945 240 44 67 0.12503612 
206 216 11 22 0.12503609 
238 192 11 23 0.12503609 
766 185 11 21 0.12503609 
62 200 11 22 0.12503609 
230 0 11 13 0.12503608 
405 53 29 46 0.12503605 
222 61 27 45 0.12503605 
902 225 11 21 0.12503603 
358 200 11 22 0.12503602 
528 173 23 44 0.125036 
478 200 11 23 0.12503596 
158 200 11 23 0.12503594 
134 185 11 21 0.12503593 
486 200 11 23 0.12503585 
630 208 11 23 0.12503584 
262 184 11 22 0.12503584 
638 208 11 22 0.1250358 
759 157 25 44 0.12503578 
317 0 29 33 0.12503575 
406 192 11 22 0.12503573 
895 198 25 43 0.12503572 
966 177 11 21 0.1250357 
438 176 11 22 0.12503567 
94 200 11 23 0.12503567 
325 14 29 44 0.12503567 
245 7 29 42 0.12503564 
534 208 11 23 0.12503563 
734 208 11 22 0.12503561 
951 142 25 43 0.1250356 
718 192 11 23 0.1250356 
550 192 11 22 0.12503557 
126 216 11 22 0.12503557 
727 149 25 44 0.1250355 
318 208 11 22 0.1250355 
341 14 29 44 0.12503548 
78 21 27 45 0.12503546 
182 192 11 23 0.12503546 
903 206 25 43 0.12503543 
494 216 11 22 0.12503543 
215 77 25 45 0.12503543 
510 216 11 22 0.12503542 
934 5 27 36 0.12503542 
678 208 11 22 0.1250354 
70 200 11 22 0.12503539 
110 2 27 39 0.12503535 
254 192 11 22 0.12503535 
262 216 11 22 0.12503532 
919 198 25 43 0.12503532 
696 174 23 43 0.12503532 
638 192 11 22 0.1250353 
414 208 11 23 0.1250353 
309 7 29 42 0.12503529 
879 214 25 43 0.12503527 
895 166 24 43 0.12503526 
206 53 27 45 0.12503526 
261 3 29 37 0.12503526 
550 208 11 22 0.12503526 
726 208 11 23 0.12503523 
142 216 11 22 0.12503523 
640 149 23 44 0.1250352 
63 61 25 45 0.12503518 
136 150 23 43 0.12503514 
55 46 25 44 0.12503514 
400 166 23 42 0.12503514 
911 1 25 32 0.12503514 
190 176 11 23 0.12503514 
55 13 25 45 0.12503512 
694 184 11 22 0.12503512 
548 2 31 39 0.1250351 
821 14 29 44 0.1250351 
439 133 25 44 0.12503509 
365 22 29 44 0.12503509 
181 2 29 38 0.12503509 
798 69 27 45 0.12503509 
173 13 29 45 0.12503509 
733 37 29 46 0.12503509 
238 69 27 45 0.12503509 
199 117 25 44 0.12503509 
525 29 29 46 0.12503509 
293 3 29 37 0.12503509 
709 14 29 44 0.12503509 
998 3 24 38 0.12503509 
479 133 25 44 0.12503509 
198 38 27 44 0.12503509 
576 165 23 44 0.12503509 
566 61 27 46 0.12503509 
725 14 29 44 0.12503509 
598 61 27 46 0.12503509 
222 37 27 45 0.12503509 
253 22 29 44 0.12503509 
79 45 25 45 0.12503509 
278 45 27 45 0.12503509 
565 22 29 44 0.12503509 
671 141 25 44 0.12503509 
142 77 27 45 0.12503509 
740 2 31 39 0.12503509 
399 101 25 44 0.12503509 
205 13 29 46 0.12503509 
103 45 25 45 0.12503509 
103 77 25 44 0.12503509 
703 141 25 44 0.12503509 
165 2 29 38 0.12503509 
509 45 29 46 0.12503509 
902 61 27 45 0.12503509 
334 29 27 45 0.12503509 
758 85 27 45 0.12503509 
126 8 27 41 0.12503509 
846 13 27 46 0.12503509 
822 85 27 45 0.12503509 
398 37 27 45 0.12503509 
413 2 29 38 0.12503509 
660 2 31 38 0.12503509 
775 133 25 44 0.12503509 
814 61 27 45 0.12503509 
805 7 29 42 0.12503509 
789 2 29 38 0.12503509 
631 133 25 44 0.12503509 
686 61 27 46 0.12503509 
262 37 27 45 0.12503509 
222 200 11 23 0.12503509 
709 61 29 46 0.12503509 
485 29 29 46 0.12503509 
382 29 27 45 0.12503509 
151 126 25 43 0.12503509 
303 134 25 43 0.12503509 
668 13 31 46 0.12503509 
263 133 25 44 0.12503509 
262 61 27 46 0.12503509 
111 85 25 45 0.12503509 
326 61 27 45 0.12503509 
414 30 27 44 0.12503509 
335 133 25 44 0.12503509 
359 133 25 44 0.12503509 
191 85 25 45 0.12503509 
238 38 27 44 0.12503509 
415 85 26 44 0.12503509 
991 182 25 43 0.12503509 
519 101 25 44 0.12503509 
479 109 25 44 0.12503509 
96 158 23 42 0.12503509 
62 3 27 37 0.12503509 
197 2 29 38 0.12503509 
445 22 29 44 0.12503509 
773 21 29 46 0.12503509 
159 150 25 43 0.12503509 
141 2 29 38 0.12503509 
750 69 27 45 0.12503509 
599 110 25 43 0.12503509 
175 101 25 44 0.12503509 
734 61 27 46 0.12503509 
830 69 27 45 0.12503509 
862 37 27 46 0.12503509 
975 69 25 45 0.12503509 
446 45 27 46 0.12503509 
295 101 25 44 0.12503509 
127 77 25 45 0.12503509 
119 101 25 44 0.12503509 
629 21 29 46 0.12503509 
485 2 29 39 0.12503509 
655 141 25 44 0.12503509 
429 22 29 45 0.12503509 
501 21 29 46 0.12503509 
559 101 25 44 0.12503509 
311 109 25 44 0.12503509 
495 109 25 44 0.12503509 
189 21 29 45 0.12503509 
807 93 26 45 0.12503509 
631 109 25 44 0.12503509 
495 149 25 44 0.12503509 
469 22 29 45 0.12503509 
607 141 25 44 0.12503509 
319 101 25 44 0.12503509 
581 22 29 44 0.12503509 
821 37 29 46 0.12503509 
645 21 29 46 0.12503509 
959 69 25 45 0.12503509 
870 69 27 45 0.12503509 
143 109 25 44 0.12503509 
127 117 25 44 0.12503509 
588 2 31 39 0.12503509 
175 77 25 45 0.12503509 
222 13 27 45 0.12503509 
78 4 27 36 0.12503509 
624 149 23 44 0.12503509 
302 45 27 45 0.12503509 
247 101 25 44 0.12503509 
271 101 25 44 0.12503509 
838 37 28 46 0.12503509 
564 2 31 38 0.12503509 
509 2 29 39 0.12503509 
301 21 29 45 0.12503509 
757 37 29 46 0.12503509 
447 110 25 43 0.12503509 
358 45 27 45 0.12503509 
119 45 25 45 0.12503509 
348 2 31 38 0.12503509 
111 109 25 44 0.12503509 
63 29 25 45 0.12503509 
159 101 25 44 0.12503509 
527 85 25 45 0.12503509 
223 141 25 44 0.12503509 
343 141 25 44 0.12503509 
110 29 27 45 0.12503509 
460 2 31 39 0.12503509 
182 53 27 45 0.12503509 
247 125 25 44 0.12503509 
550 29 28 46 0.12503509 
150 53 27 45 0.12503509 
967 53 25 45 0.12503509 
575 133 25 44 0.12503509 
199 141 25 44 0.12503509 
622 69 27 45 0.12503509 
717 45 29 46 0.12503509 
444 2 31 38 0.12503509 
165 30 29 44 0.12503509 
94 29 27 45 0.12503509 
319 141 25 44 0.12503509 
383 93 25 44 0.12503509 
439 93 25 44 0.12503509 
511 117 25 44 0.12503509 
829 2 29 38 0.12503509 
502 93 27 45 0.12503509 
79 93 25 44 0.12503509 
671 93 25 45 0.12503509 
700 2 31 38 0.12503509 
463 125 25 44 0.12503509 
623 125 25 44 0.12503509 
591 125 25 44 0.12503509 
372 2 31 39 0.12503509 
503 125 25 44 0.12503509 
487 125 25 44 0.12503509 
389 3 29 37 0.12503509 
366 77 27 45 0.12503509 
604 2 31 38 0.12503509 
183 125 25 44 0.12503509 
167 126 25 43 0.12503509 
87 62 25 43 0.12503509 
590 77 27 45 0.12503509 
543 125 25 44 0.12503509 
620 2 31 38 0.12503509 
597 29 29 46 0.12503509 
375 125 25 44 0.12503509 
207 125 25 44 0.12503509 
135 54 25 44 0.12503508 
694 77 27 45 0.12503508 
111 61 25 45 0.12503508 
516 13 31 46 0.12503508 
397 13 29 46 0.12503508 
782 77 27 45 0.12503508 
533 14 29 45 0.12503508 
343 62 25 44 0.12503508 
285 61 29 46 0.12503508 
166 61 27 45 0.12503508 
278 77 27 45 0.12503508 
974 4 26 37 0.12503508 
310 61 27 45 0.12503508 
613 14 29 44 0.12503508 
535 101 25 44 0.12503508 
525 2 29 38 0.12503508 
423 101 25 44 0.12503508 
463 101 25 44 0.12503508 
335 102 25 43 0.12503508 
991 69 25 45 0.12503508 
854 77 27 45 0.12503508 
223 93 25 44 0.12503508 
351 101 25 44 0.12503508 
367 101 25 44 0.12503508 
286 22 27 44 0.12503508 
511 77 25 45 0.12503508 
550 77 27 45 0.12503508 
494 77 27 45 0.12503508 
478 77 27 45 0.12503508 
766 53 27 46 0.12503508 
662 77 27 45 0.12503508 
646 85 27 45 0.12503508 
806 45 28 46 0.12503508 
574 85 27 45 0.12503508 
742 85 27 45 0.12503508 
773 2 29 39 0.12503508 
919 85 25 45 0.12503508 
429 2 29 38 0.12503508 
382 53 27 45 0.12503508 
350 77 27 45 0.12503508 
493 53 29 46 0.12503508 
549 53 29 46 0.12503508 
533 53 29 46 0.12503508 
295 77 25 45 0.12503508 
606 77 27 45 0.12503508 
782 53 27 46 0.12503508 
246 53 27 45 0.12503508 
332 2 31 39 0.12503508 
462 77 27 45 0.12503508 
318 77 27 45 0.12503508 
469 53 29 46 0.12503508 
334 77 27 45 0.12503508 
421 45 29 46 0.12503508 
398 69 27 45 0.12503508 
757 7 29 42 0.12503508 
701 45 29 46 0.12503508 
39 22 25 43 0.12503508 
445 68 29 47 0.12503508 
269 14 29 44 0.12503508 
790 93 27 45 0.12503508 
134 21 27 45 0.12503508 
213 2 29 38 0.12503508 
959 93 25 45 0.12503508 
622 93 27 44 0.12503508 
229 2 29 38 0.12503508 
687 93 25 44 0.12503508 
702 93 27 44 0.12503508 
255 77 25 45 0.12503508 
684 2 31 39 0.12503508 
207 102 25 43 0.12503508 
983 101 25 45 0.12503508 
102 13 27 45 0.12503508 
735 101 25 44 0.12503508 
582 101 27 44 0.12503508 
231 109 25 44 0.12503508 
191 109 25 44 0.12503508 
639 101 25 44 0.12503508 
158 13 27 45 0.12503508 
607 101 25 44 0.12503508 
471 141 25 44 0.12503508 
735 133 25 44 0.12503508 
751 133 25 44 0.12503508 
318 37 27 45 0.12503508 
343 118 25 43 0.12503508 
431 141 25 44 0.12503508 
407 109 25 44 0.12503508 
894 8 27 41 0.12503508 
878 8 27 41 0.12503508 
823 125 25 44 0.12503508 
287 117 25 44 0.12503508 
687 117 25 44 0.12503508 
671 117 25 44 0.12503508 
790 37 28 46 0.12503508 
567 117 25 44 0.12503508 
647 133 25 44 0.12503508 
741 21 29 46 0.12503508 
391 117 25 44 0.12503508 
48 134 23 42 0.12503508 
295 125 25 44 0.12503508 
175 134 25 43 0.12503508 
143 134 25 43 0.12503508 
639 125 25 44 0.12503508 
519 125 25 44 0.12503508 
415 125 25 44 0.12503508 
327 117 25 44 0.12503508 
255 117 25 44 0.12503508 
692 29 31 46 0.12503508 
71 53 25 44 0.12503508 
581 61 28 46 0.12503508 
636 2 31 38 0.12503508 
198 69 27 45 0.12503508 
726 85 27 45 0.12503508 
39 53 25 44 0.12503508 
134 93 27 45 0.12503508 
399 133 25 44 0.12503508 
719 141 25 44 0.12503508 
431 117 25 44 0.12503508 
279 142 25 43 0.12503508 
455 117 25 44 0.12503508 
527 117 25 44 0.12503508 
350 30 27 44 0.12503508 
231 134 25 43 0.12503508 
797 21 29 46 0.12503508 
461 37 29 46 0.12503508 
95 126 25 43 0.12503508 
535 133 25 44 0.12503508 
158 77 27 45 0.12503508 
717 2 29 38 0.12503508 
615 133 25 44 0.12503508 
791 141 25 44 0.12503505 
599 133 25 44 0.12503505 
687 141 25 44 0.12503505 
871 206 25 44 0.12503505 
983 53 25 45 0.12503505 
847 141 25 44 0.12503505 
517 60 29 47 0.12503505 
620 37 31 46 0.12503505 
613 53 29 46 0.12503505 
31 69 25 44 0.12503505 
645 53 29 46 0.12503505 
629 53 29 46 0.12503505 
959 29 25 45 0.12503505 
975 37 25 45 0.12503505 
574 37 28 46 0.12503505 
918 61 27 45 0.12503505 
56 142 23 42 0.12503505 
215 109 25 44 0.12503505 
31 1 25 40 0.12503505 
94 4 27 37 0.12503505 
47 101 25 44 0.12503505 
276 3 31 37 0.12503505 
39 93 25 44 0.12503505 
774 93 27 45 0.12503505 
135 126 25 43 0.12503505 
95 93 25 44 0.12503505 
677 29 29 46 0.12503505 
223 118 25 43 0.12503505 
678 77 27 45 0.12503505 
271 126 25 43 0.12503505 
487 93 26 45 0.12503505 
661 29 29 46 0.12503505 
878 37 27 46 0.12503503 
886 61 27 45 0.12503503 
838 93 27 45 0.12503503 
23 45 25 45 0.12503503 
870 21 27 45 0.12503502 
854 2 27 39 0.12503502 
47 29 25 45 0.12503502 
637 69 29 46 0.12503502 
662 53 27 45 0.12503502 
24 150 23 42 0.12503502 
637 37 29 46 0.12503502 
967 13 25 45 0.12503502 
845 -12 167 211 0.12503502 
312 157 23 44 0.12503502 
589 45 29 46 0.125035 
895 77 25 45 0.125035 
63 101 25 44 0.125035 
558 208 11 22 0.12503499 
215 133 25 44 0.12503499 
950 6 26 43 0.12503499 
894 29 27 46 0.12503499 
846 61 27 45 0.12503499 
943 21 25 45 0.12503499 
910 29 27 45 0.12503497 
998 29 23 46 0.12503497 
950 45 27 45 0.12503496 
647 109 25 44 0.12503496 
103 101 25 44 0.12503496 
903 109 25 44 0.12503496 
991 109 25 45 0.12503496 
935 101 25 44 0.12503496 
926 29 27 45 0.12503496 
855 125 25 44 0.12503496 
31 117 25 44 0.12503496 
839 125 25 44 0.12503496 
807 125 25 44 0.12503496 
942 61 26 45 0.12503494 
895 101 25 44 0.12503494 
879 85 25 45 0.12503494 
967 125 25 44 0.12503494 
863 93 26 45 0.12503493 
759 117 25 44 0.12503493 
959 190 25 43 0.12503491 
150 208 11 22 0.12503491 
935 77 25 45 0.12503491 
879 109 25 44 0.12503491 
967 198 25 43 0.12503491 
918 14 27 43 0.1250349 
975 109 25 44 0.1250349 
782 109 27 44 0.1250349 
998 53 24 46 0.1250349 
911 117 25 44 0.12503488 
983 190 24 43 0.12503488 
998 93 23 45 0.12503488 
934 45 27 45 0.12503488 
966 192 11 22 0.12503488 
959 117 25 44 0.12503488 
951 101 25 44 0.12503488 
983 125 25 44 0.12503488 
567 149 25 44 0.12503488 
46 2 27 38 0.12503488 
112 134 23 43 0.12503487 
719 110 25 43 0.12503487 
750 101 27 44 0.12503487 
887 125 25 44 0.12503487 
958 184 11 22 0.12503487 
831 109 25 44 0.12503485 
455 141 25 44 0.12503484 
959 0 25 34 0.12503484 
813 0 29 33 0.12503484 
887 0 25 33 0.12503484 
191 134 25 43 0.12503484 
23 77 25 44 0.12503484 
406 224 11 22 0.12503484 
462 200 11 23 0.12503484 
871 125 25 44 0.12503482 
128 157 23 44 0.12503482 
847 109 25 44 0.12503482 
919 125 25 44 0.12503481 
935 198 25 43 0.12503481 
927 109 25 44 0.12503481 
903 174 24 43 0.12503481 
815 109 25 44 0.12503481 
670 216 11 22 0.12503481 
983 158 25 42 0.12503481 
144 158 23 43 0.12503481 
870 0 27 34 0.12503478 
943 125 25 44 0.12503478 
7 37 25 45 0.12503478 
711 125 25 44 0.12503478 
911 190 25 43 0.12503478 
23 14 25 44 0.12503476 
935 134 25 43 0.12503476 
998 125 23 45 0.12503476 
423 149 25 44 0.12503475 
15 85 25 44 0.12503475 
23 109 25 44 0.12503473 
47 69 25 44 0.12503473 
872 182 24 43 0.12503473 
516 238 42 69 0.12503473 
927 166 25 43 0.12503473 
71 85 25 44 0.12503473 
598 192 11 22 0.12503472 
951 198 25 43 0.12503469 
927 190 25 43 0.12503469 
101 0 29 25 0.12503469 
887 173 24 44 0.12503469 
999 165 22 44 0.12503468 
919 149 25 44 0.12503468 
927 142 25 43 0.12503468 
672 165 23 44 0.12503468 
742 118 27 43 0.12503468 
799 110 25 43 0.12503466 
887 150 25 43 0.12503466 
480 157 23 44 0.12503466 
0 6 25 44 0.12503463 
1004 150 19 42 0.12503463 
15 61 25 44 0.12503463 
895 142 25 43 0.12503463 
447 149 25 44 0.12503463 
110 208 11 22 0.1250346 
742 192 11 23 0.12503457 
551 133 25 44 0.12503457 
392 182 23 42 0.12503457 
527 141 25 44 0.12503457 
414 224 11 23 0.12503457 
584 157 23 44 0.12503456 
327 149 25 44 0.12503453 
120 166 23 42 0.12503453 
87 85 25 45 0.12503451 
55 78 25 44 0.1250345 
518 216 11 22 0.12503447 
17 29 23 45 0.12503444 
16 4 25 37 0.12503444 
831 141 25 44 0.1250344 
94 216 11 23 0.1250344 
943 174 25 43 0.1250344 
863 198 24 43 0.12503436 
833 238 45 67 0.12503436 
87 117 25 44 0.12503436 
183 149 25 44 0.12503436 
55 117 25 44 0.12503435 
134 224 11 22 0.12503432 
903 133 25 44 0.12503432 
0 0 25 26 0.12503432 
990 184 11 22 0.12503432 
654 248 12 22 0.12503432 
104 142 23 42 0.12503429 
1004 70 19 43 0.12503427 
118 216 11 22 0.12503421 
536 157 23 44 0.12503421 
416 182 23 43 0.12503421 
912 157 23 44 0.12503421 
8 117 24 44 0.12503417 
926 1 27 24 0.12503417 
815 141 25 44 0.12503417 
334 200 11 22 0.12503417 
1004 110 19 43 0.12503415 
253 0 29 25 0.12503415 
887 206 25 43 0.12503415 
968 166 23 43 0.12503414 
255 142 25 43 0.12503414 
864 174 24 43 0.12503414 
23 0 26 26 0.12503414 
743 149 25 44 0.12503414 
112 158 23 43 0.12503412 
919 174 24 43 0.12503411 
102 200 11 22 0.12503411 
367 149 25 44 0.12503411 
942 0 27 25 0.1250341 
440 157 23 44 0.12503408 
600 157 23 44 0.12503406 
408 158 23 43 0.12503405 
1004 183 19 41 0.125034 
446 208 11 23 0.125034 
71 117 25 44 0.12503394 
63 126 25 43 0.1250339 
207 149 25 44 0.12503384 
70 0 27 25 0.12503383 
336 206 23 43 0.12503383 
942 192 11 22 0.12503383 
943 150 25 43 0.12503381 
488 165 23 44 0.12503381 
776 165 23 44 0.12503378 
823 149 25 44 0.12503377 
436 237 40 72 0.12503377 
879 142 25 43 0.12503375 
446 224 11 23 0.12503374 
830 209 11 21 0.12503366 
232 157 23 44 0.12503363 
384 166 23 43 0.12503362 
48 174 23 42 0.12503362 
86 0 27 25 0.12503362 
248 149 23 44 0.12503356 
390 216 11 22 0.12503356 
503 157 24 44 0.12503356 
768 174 23 43 0.12503356 
32 142 23 43 0.12503354 
504 190 23 43 0.12503353 
272 149 23 44 0.12503353 
520 157 23 44 0.1250335 
296 157 23 44 0.1250335 
72 142 23 42 0.12503348 
998 184 11 22 0.12503348 
863 141 25 44 0.12503348 
464 157 23 44 0.12503348 
239 142 25 43 0.12503342 
560 165 23 44 0.12503342 
622 216 11 23 0.12503342 
133 0 29 25 0.12503341 
119 126 25 43 0.12503341 
454 200 11 23 0.12503338 
341 238 42 75 0.12503338 
543 149 25 44 0.12503338 
360 214 23 43 0.12503338 
157 0 29 25 0.12503335 
16 133 24 44 0.12503335 
117 0 29 25 0.12503335 
167 157 25 44 0.12503335 
616 157 23 44 0.12503332 
663 149 25 44 0.1250333 
40 150 23 42 0.12503326 
478 224 11 23 0.12503326 
368 206 23 43 0.12503324 
576 190 23 43 0.12503321 
542 200 11 23 0.12503321 
559 141 25 45 0.1250332 
381 0 29 25 0.1250332 
344 214 23 43 0.12503318 
269 0 29 25 0.12503317 
807 149 25 44 0.12503317 
1013 2 10 20 0.12503313 
552 157 23 44 0.12503313 
511 141 25 45 0.12503313 
405 0 29 25 0.12503313 
781 0 29 25 0.12503311 
357 0 29 25 0.12503311 
856 189 23 44 0.12503311 
438 192 11 23 0.1250331 
391 141 25 44 0.1250331 
476 0 31 25 0.1250331 
733 0 29 25 0.1250331 
581 0 29 25 0.12503305 
757 0 29 25 0.12503305 
533 0 29 25 0.12503305 
629 0 29 25 0.12503305 
493 0 29 25 0.12503305 
421 0 29 25 0.12503305 
624 181 23 44 0.12503304 
437 0 29 25 0.12503304 
990 1 26 24 0.12503304 
709 0 29 25 0.12503304 
453 0 29 25 0.12503302 
845 0 29 25 0.125033 
693 0 29 25 0.125033 
669 0 29 25 0.12503299 
341 0 29 25 0.12503296 
517 0 29 25 0.12503296 
104 166 23 42 0.12503296 
597 0 29 25 0.12503296 
645 0 29 25 0.12503296 
856 165 23 44 0.12503293 
613 0 29 25 0.12503293 
287 149 25 44 0.1250329 
935 158 25 43 0.1250329 
797 0 29 25 0.1250329 
285 0 29 25 0.1250329 
366 208 11 22 0.12503287 
783 149 25 44 0.12503287 
557 0 29 25 0.12503287 
806 248 12 23 0.12503287 
469 238 40 70 0.12503286 
360 182 23 43 0.12503283 
400 190 23 43 0.12503283 
301 0 29 25 0.12503283 
216 157 23 44 0.12503281 
376 174 23 43 0.1250328 
446 192 11 23 0.12503275 
422 208 11 23 0.12503274 
879 190 25 43 0.12503274 
712 165 23 45 0.1250327 
574 208 11 23 0.1250327 
405 237 41 76 0.12503268 
568 173 23 44 0.12503268 
430 192 11 23 0.12503265 
975 181 25 44 0.1250326 
871 149 25 44 0.1250326 
1013 161 10 21 0.12503259 
767 149 25 44 0.12503257 
79 125 25 44 0.12503257 
64 150 23 42 0.12503257 
264 182 23 43 0.12503251 
744 173 23 44 0.12503248 
1013 265 11 21 0.12503248 
679 157 24 44 0.12503247 
224 165 23 44 0.12503247 
86 200 11 23 0.12503244 
40 125 23 44 0.1250324 
136 174 23 42 0.1250324 
680 198 23 43 0.12503238 
256 165 23 44 0.12503237 
1013 65 10 21 0.12503237 
88 174 23 43 0.12503237 
208 174 23 43 0.12503237 
448 181 23 44 0.12503235 
2 92 22 46 0.1250323 
664 173 23 44 0.12503228 
462 216 11 23 0.12503226 
62 256 12 23 0.12503225 
432 165 23 44 0.12503222 
632 157 23 44 0.12503222 
1013 49 10 21 0.12503222 
456 165 23 44 0.12503222 
472 165 23 44 0.12503222 
2 68 22 46 0.12503222 
1013 81 10 21 0.1250322 
840 157 23 44 0.1250322 
865 238 45 66 0.12503219 
464 190 23 43 0.12503217 
264 157 23 44 0.12503217 
832 165 23 44 0.12503213 
176 198 23 43 0.1250321 
520 189 23 44 0.1250321 
240 165 23 44 0.12503207 
326 224 11 23 0.12503204 
600 190 23 43 0.12503202 
168 190 23 43 0.12503202 
918 225 11 21 0.12503201 
88 142 23 43 0.12503201 
1005 206 19 42 0.12503196 
176 173 23 44 0.12503195 
488 198 23 43 0.12503192 
736 182 23 43 0.1250319 
688 165 23 44 0.12503189 
56 190 23 43 0.12503189 
951 166 25 43 0.12503189 
352 173 23 44 0.12503186 
424 174 23 43 0.12503186 
438 208 11 23 0.12503181 
56 166 23 43 0.12503178 
78 200 11 22 0.12503175 
160 182 23 43 0.12503175 
975 206 24 43 0.12503174 
152 165 23 44 0.12503174 
38 0 27 25 0.1250317 
608 165 23 44 0.1250317 
40 181 23 44 0.12503166 
60 27 171 292 0.12503165 
800 165 23 44 0.12503165 
879 165 25 44 0.12503165 
190 224 11 23 0.12503165 
112 182 23 43 0.12503164 
318 240 12 22 0.12503164 
1013 33 10 21 0.1250316 
897 238 44 66 0.1250316 
72 181 23 44 0.12503158 
54 0 27 25 0.12503158 
192 165 23 44 0.12503156 
1013 129 10 21 0.12503153 
408 198 23 43 0.12503153 
351 149 25 44 0.12503147 
512 181 23 44 0.12503144 
312 182 23 42 0.12503143 
1013 194 10 20 0.1250314 
80 157 23 44 0.12503137 
560 189 23 44 0.12503134 
840 198 23 43 0.12503134 
296 182 23 43 0.12503134 
1013 113 10 21 0.12503134 
1013 17 10 21 0.1250313 
342 200 11 23 0.12503126 
736 157 24 44 0.12503126 
288 174 23 43 0.12503126 
832 190 23 43 0.12503122 
174 224 11 23 0.12503122 
221 0 29 25 0.12503122 
696 198 23 43 0.12503122 
616 198 23 43 0.12503122 
528 197 23 44 0.1250312 
647 165 24 45 0.12503119 
430 208 11 23 0.12503119 
943 206 25 43 0.12503113 
152 189 23 44 0.12503111 
192 190 23 43 0.12503107 
216 206 23 43 0.12503104 
238 208 12 23 0.12503102 
3 140 21 46 0.12503101 
1013 177 10 21 0.12503098 
85 256 13 23 0.12503095 
144 181 23 44 0.12503095 
376 198 23 43 0.12503095 
776 190 23 43 0.12503095 
280 182 23 43 0.12503095 
272 190 23 43 0.12503092 
784 174 23 43 0.12503092 
320 190 23 43 0.12503092 
48 198 23 43 0.12503092 
677 256 13 23 0.12503092 
728 189 23 44 0.12503092 
720 197 23 45 0.12503092 
189 0 29 25 0.12503092 
173 0 29 25 0.1250309 
205 0 29 25 0.12503088 
704 190 23 43 0.12503086 
752 190 23 43 0.12503085 
270 256 12 23 0.12503082 
335 157 24 44 0.12503082 
86 216 11 22 0.12503079 
248 198 23 43 0.12503079 
142 232 11 22 0.12503079 
70 256 12 23 0.12503077 
998 217 11 21 0.12503074 
248 173 23 44 0.12503071 
344 165 23 44 0.1250307 
373 239 41 73 0.1250307 
237 0 29 25 0.12503064 
816 190 23 43 0.1250306 
320 165 23 44 0.1250306 
744 198 23 43 0.12503058 
640 182 23 43 0.12503055 
384 190 23 43 0.12503049 
360 157 23 44 0.12503049 
480 189 23 44 0.12503047 
536 205 23 44 0.12503046 
808 173 23 44 0.1250304 
440 197 23 44 0.1250304 
96 181 23 44 0.12503037 
278 216 11 23 0.12503037 
768 198 23 43 0.12503035 
232 189 23 44 0.12503035 
800 190 23 43 0.12503035 
848 182 23 43 0.12503034 
632 198 23 43 0.12503031 
894 232 11 22 0.1250303 
568 198 23 43 0.12503028 
309 256 13 23 0.12503028 
824 182 23 43 0.12503019 
350 200 11 22 0.12503019 
688 189 23 44 0.12503019 
190 192 12 23 0.12503012 
911 214 25 43 0.12503009 
336 182 23 43 0.12503009 
64 173 23 44 0.12503009 
304 173 23 44 0.12503009 
814 240 12 23 0.12503007 
670 200 11 23 0.12503001 
256 190 23 43 0.12502998 
670 248 12 22 0.12502994 
224 197 23 44 0.12502994 
320 214 23 43 0.1250299 
1005 230 21 42 0.12502989 
144 206 23 43 0.12502988 
808 198 23 43 0.12502988 
638 248 12 23 0.12502988 
472 214 23 43 0.12502988 
104 198 23 43 0.1250298 
160 205 23 44 0.12502977 
328 173 23 44 0.12502976 
200 181 23 44 0.12502976 
552 181 23 44 0.12502968 
792 182 23 43 0.12502968 
742 248 12 23 0.12502967 
584 181 23 44 0.12502967 
496 173 23 44 0.12502967 
544 173 23 44 0.12502965 
734 248 12 22 0.12502962 
304 198 23 43 0.12502955 
816 165 23 44 0.12502955 
846 248 12 23 0.12502947 
238 57 11 21 0.12502946 
432 189 23 44 0.1250294 
592 173 23 44 0.12502936 
120 206 23 43 0.12502936 
470 224 11 23 0.1250293 
646 216 12 23 0.12502928 
536 181 23 44 0.12502925 
64 198 23 43 0.12502925 
22 177 11 21 0.1250292 
784 197 23 44 0.1250292 
80 190 23 43 0.12502918 
88 205 23 45 0.12502916 
288 198 23 43 0.12502909 
456 206 23 43 0.12502906 
720 173 23 44 0.12502906 
645 256 13 23 0.12502895 
296 206 23 43 0.12502892 
751 165 24 44 0.12502891 
822 240 12 23 0.1250289 
544 198 23 43 0.1250289 
991 206 25 43 0.1250289 
246 248 12 23 0.12502883 
318 256 12 23 0.1250288 
400 214 23 43 0.12502874 
895 222 24 44 0.12502874 
318 224 11 23 0.12502873 
184 205 23 45 0.12502865 
424 197 23 45 0.12502864 
392 206 23 43 0.12502863 
184 182 23 43 0.12502852 
128 213 23 44 0.12502848 
216 181 23 45 0.12502848 
128 181 23 44 0.12502848 
312 206 23 43 0.12502843 
264 206 23 43 0.12502842 
70 216 11 22 0.1250284 
358 216 11 23 0.12502839 
629 248 13 23 0.12502836 
222 232 12 22 0.12502834 
200 214 23 43 0.12502827 
664 205 23 44 0.1250282 
760 182 23 43 0.12502816 
152 213 23 44 0.12502816 
46 208 11 22 0.1250281 
654 208 12 23 0.12502804 
166 232 11 22 0.12502804 
301 256 13 23 0.12502803 
830 248 12 22 0.125028 
334 240 12 22 0.12502795 
102 232 11 23 0.12502787 
1013 145 10 21 0.12502787 
662 240 12 22 0.12502787 
502 232 12 23 0.12502784 
686 248 12 23 0.12502779 
102 216 11 23 0.12502778 
512 205 23 44 0.12502775 
198 224 12 23 0.12502775 
838 248 12 22 0.12502766 
46 224 11 22 0.12502758 
799 238 25 42 0.12502757 
1013 97 10 21 0.12502755 
326 208 12 23 0.12502754 
198 192 12 23 0.12502743 
1013 210 10 20 0.12502739 
31 173 25 44 0.12502739 
647 238 25 42 0.12502737 
454 224 12 23 0.12502734 
182 232 11 22 0.1250273 
38 185 11 21 0.1250273 
509 240 13 23 0.1250273 
926 225 11 21 0.12502727 
77 256 13 23 0.12502705 
62 240 12 23 0.12502699 
16 165 23 44 0.12502699 
797 248 13 23 0.12502691 
328 198 23 43 0.12502688 
123 60 219 308 0.12502688 
854 248 12 23 0.12502682 
101 248 13 23 0.1250268 
726 248 12 23 0.12502678 
352 206 23 43 0.12502664 
126 200 12 23 0.12502663 
208 197 23 45 0.1250266 
448 214 23 43 0.1250266 
605 248 13 23 0.12502646 
758 248 12 23 0.12502642 
750 248 12 23 0.12502633 
486 216 12 23 0.12502633 
240 205 23 45 0.12502629 
168 213 23 45 0.12502629 
158 232 11 22 0.12502626 
807 230 25 42 0.12502626 
48 -16 415 327 0.12502621 
648 197 23 45 0.12502615 
126 232 11 22 0.12502612 
118 200 12 23 0.12502602 
926 241 11 21 0.12502599 
870 224 12 23 0.12502591 
134 200 12 23 0.12502587 
640 205 23 45 0.12502587 
638 232 12 23 0.12502581 
656 181 23 45 0.12502576 
22 161 11 21 0.12502573 
270 224 12 23 0.12502564 
624 205 23 45 0.12502563 
334 216 12 23 0.12502563 
446 240 12 23 0.12502563 
824 206 23 44 0.12502556 
702 248 12 23 0.12502551 
344 190 23 43 0.12502551 
110 232 11 23 0.12502545 
504 214 23 43 0.12502545 
694 248 12 23 0.12502545 
40 213 23 44 0.12502539 
765 248 13 22 0.12502539 
517 240 13 23 0.12502538 
495 222 25 42 0.12502538 
655 230 25 43 0.12502535 
631 238 25 42 0.12502529 
663 238 25 42 0.12502529 
792 206 23 44 0.12502529 
136 221 23 44 0.12502527 
136 197 23 44 0.12502524 
62 216 11 22 0.12502517 
112 213 23 44 0.12502517 
118 232 11 22 0.12502512 
38 201 11 21 0.12502508 
256 214 23 43 0.12502506 
398 224 12 23 0.125025 
798 232 12 23 0.125025 
735 238 25 42 0.12502497 
430 224 12 23 0.1250249 
719 238 25 43 0.12502487 
96 221 23 44 0.12502486 
6 137 11 21 0.12502486 
590 208 11 23 0.12502483 
54 216 11 22 0.12502468 
759 238 25 41 0.12502466 
671 246 25 42 0.12502462 
1006 193 11 21 0.12502462 
311 230 25 42 0.1250246 
-5 173 21 44 0.12502456 
679 238 25 43 0.12502454 
293 240 13 23 0.12502447 
598 216 12 23 0.12502445 
839 238 25 42 0.12502438 
237 248 13 22 0.12502435 
55 246 25 43 0.12502435 
552 205 23 44 0.12502435 
614 216 12 23 0.12502433 
416 214 23 44 0.12502418 
815 238 25 42 0.12502417 
831 230 25 42 0.12502414 
327 230 25 42 0.12502414 
-1 185 10 21 0.12502414 
695 238 25 43 0.12502414 
310 240 12 23 0.12502407 
576 221 23 45 0.12502407 
566 256 12 23 0.12502404 
78 216 11 23 0.12502399 
790 216 12 23 0.12502395 
573 248 13 23 0.12502392 
983 214 24 43 0.12502392 
439 230 25 43 0.12502386 
487 230 25 43 0.12502383 
286 248 12 23 0.12502381 
176 221 23 44 0.12502381 
783 238 25 41 0.12502381 
848 206 23 44 0.12502377 
662 200 12 23 0.12502372 
272 214 23 44 0.12502363 
1013 241 11 21 0.12502363 
463 222 25 42 0.12502362 
559 246 25 42 0.12502362 
568 229 23 45 0.1250236 
712 205 23 45 0.12502359 
479 222 25 42 0.12502356 
639 246 25 42 0.12502356 
278 256 12 22 0.12502347 
760 206 23 44 0.12502344 
687 230 25 43 0.12502344 
79 246 25 42 0.12502338 
919 230 25 41 0.12502337 
384 214 23 43 0.12502332 
80 213 23 45 0.12502326 
710 248 12 23 0.1250232 
422 224 12 23 0.1250232 
798 216 12 23 0.12502319 
253 255 13 24 0.12502317 
743 222 25 43 0.12502308 
672 214 23 44 0.12502308 
608 205 23 45 0.12502304 
437 248 13 23 0.12502299 
599 238 25 42 0.12502295 
830 232 12 23 0.12502289 
606 208 12 23 0.12502289 
600 213 23 45 0.12502289 
295 246 25 42 0.12502289 
736 205 23 45 0.12502286 
54 232 11 22 0.12502283 
727 230 25 43 0.12502281 
94 232 11 23 0.12502278 
486 232 12 23 0.12502271 
310 224 12 23 0.12502271 
239 238 25 43 0.12502268 
790 232 12 23 0.12502263 
646 232 12 23 0.12502263 
775 222 25 43 0.12502263 
703 230 25 43 0.12502238 
584 205 23 45 0.12502235 
592 197 23 45 0.12502232 
774 216 12 23 0.12502229 
654 232 11 23 0.12502226 
592 229 23 45 0.12502226 
72 205 23 44 0.12502226 
358 232 12 22 0.12502226 
56 213 23 44 0.12502225 
142 248 11 22 0.1250222 
838 232 12 23 0.1250222 
758 216 12 23 0.1250222 
262 256 12 23 0.1250222 
263 246 25 43 0.12502216 
582 232 12 23 0.12502213 
160 229 23 44 0.12502213 
838 216 12 23 0.12502207 
597 248 13 23 0.12502201 
750 232 12 23 0.12502195 
846 232 12 23 0.12502195 
623 246 25 42 0.12502192 
63 230 25 43 0.12502187 
48 221 23 44 0.12502186 
806 216 12 23 0.12502183 
430 240 12 23 0.1250218 
24 190 24 43 0.12502173 
630 232 12 23 0.12502171 
280 206 23 44 0.12502164 
134 241 11 21 0.12502156 
286 216 12 23 0.12502155 
789 248 13 22 0.12502153 
302 240 12 23 0.12502147 
662 216 12 23 0.12502146 
32 197 23 44 0.12502144 
430 256 12 23 0.12502138 
93 248 13 23 0.12502138 
38 224 11 22 0.12502135 
862 216 12 23 0.12502132 
581 247 13 24 0.12502116 
407 230 25 43 0.12502101 
30 185 11 21 0.12502101 
766 216 12 23 0.125021 
959 214 24 42 0.125021 
557 264 13 23 0.125021 
614 232 12 23 0.125021 
608 229 23 45 0.125021 
528 222 23 44 0.125021 
854 216 12 23 0.1250209 
494 240 11 22 0.1250208 
782 232 12 23 0.12502077 
287 229 25 44 0.12502077 
534 224 12 23 0.1250207 
927 214 25 42 0.12502068 
782 216 12 23 0.12502068 
855 213 25 45 0.12502068 
806 232 12 23 0.12502062 
374 224 12 23 0.12502062 
847 230 25 43 0.12502055 
702 232 12 23 0.12502053 
621 256 13 23 0.12502046 
752 213 23 45 0.12502041 
511 230 25 43 0.12502041 
758 232 12 23 0.12502038 
670 232 12 23 0.12502035 
271 237 25 44 0.12502028 
606 224 12 23 0.12502027 
70 240 12 23 0.12502024 
87 238 25 43 0.1250202 
846 216 12 23 0.12502009 
254 240 12 23 0.12502006 
816 214 23 44 0.12501997 
694 232 12 23 0.12501991 
710 232 11 23 0.12501991 
71 238 25 43 0.12501986 
686 224 12 23 0.1250198 
30 216 11 22 0.12501974 
814 216 12 23 0.12501974 
144 237 23 44 0.12501973 
415 237 25 45 0.12501971 
150 248 11 23 0.12501962 
678 224 12 23 0.12501961 
206 240 11 22 0.12501958 
421 247 13 24 0.12501955 
503 238 25 42 0.12501946 
822 216 12 23 0.12501946 
582 208 12 23 0.12501939 
800 214 23 44 0.12501937 
102 238 27 40 0.12501934 
414 240 12 23 0.12501934 
544 229 23 45 0.12501925 
718 248 12 23 0.12501924 
86 232 11 23 0.12501921 
560 213 23 45 0.12501921 
742 232 12 23 0.12501913 
734 232 12 23 0.12501913 
248 222 24 43 0.12501912 
726 232 12 23 0.12501912 
406 240 12 22 0.12501907 
208 222 23 43 0.12501907 
615 221 25 45 0.12501903 
424 222 24 43 0.12501898 
589 247 13 24 0.12501894 
774 232 12 23 0.12501885 
966 225 11 21 0.12501882 
850 53 160 307 0.12501879 
766 232 12 23 0.12501878 
262 232 12 23 0.12501876 
231 229 25 44 0.12501872 
423 253 25 44 0.12501861 
8 173 24 44 0.12501861 
22 193 11 21 0.1250186 
557 240 13 23 0.12501848 
552 237 23 45 0.1250184 
518 264 12 23 0.12501839 
278 239 12 24 0.12501837 
854 232 12 23 0.12501831 
718 232 11 23 0.1250183 
934 225 11 21 0.1250183 
414 256 12 23 0.1250182 
550 240 12 23 0.12501816 
302 224 12 23 0.1250181 
661 256 13 22 0.12501809 
536 237 23 45 0.12501803 
590 232 12 23 0.12501803 
431 237 25 44 0.12501802 
855 237 25 44 0.12501799 
958 225 11 21 0.12501788 
382 224 12 23 0.12501782 
32 222 24 42 0.12501776 
50 -17 214 190 0.12501772 
30 201 11 21 0.12501767 
184 230 23 43 0.1250176 
542 248 12 23 0.12501757 
862 232 12 23 0.12501746 
223 222 25 43 0.12501742 
861 248 13 23 0.12501742 
678 240 12 23 0.1250174 
613 248 13 23 0.12501726 
120 229 23 44 0.12501712 
270 239 12 24 0.12501703 
255 237 25 44 0.12501697 
942 225 11 21 0.12501696 
672 190 23 43 0.12501691 
454 240 12 22 0.12501688 
950 225 11 21 0.12501684 
214 232 12 23 0.12501681 
622 240 12 23 0.12501676 
509 264 13 23 0.12501673 
254 224 12 23 0.12501667 
583 238 25 43 0.12501663 
341 240 13 22 0.12501661 
869 256 13 23 0.12501644 
191 222 25 44 0.12501642 
574 232 12 23 0.12501633 
511 254 25 43 0.12501626 
286 232 12 23 0.12501624 
127 238 25 42 0.12501614 
16 205 24 44 0.12501614 
550 224 12 23 0.12501608 
550 256 12 23 0.12501606 
390 246 26 41 0.12501602 
24 213 23 44 0.125016 
893 255 13 24 0.12501596 
566 240 12 23 0.12501581 
14 184 11 22 0.12501541 
911 238 25 42 0.12501541 
519 246 25 42 0.12501533 
917 248 13 23 0.12501532 
78 232 12 23 0.1250152 
246 232 12 23 0.12501508 
22 216 11 22 0.12501507 
190 240 11 22 0.12501498 
8 221 24 44 0.12501498 
1006 217 11 21 0.12501481 
877 255 13 24 0.12501478 
1 197 23 44 0.12501466 
566 224 12 23 0.12501438 
887 246 25 43 0.12501429 
598 232 12 23 0.12501423 
885 255 13 24 0.12501392 
863 221 25 45 0.12501381 
525 224 13 22 0.12501371 
863 246 25 42 0.12501371 
432 214 23 44 0.12501366 
534 240 12 23 0.1250135 
557 224 13 23 0.1250134 
14 169 11 21 0.12501305 
455 238 26 39 0.12501286 
903 246 25 42 0.12501276 
230 232 12 22 0.12501271 
6 209 11 21 0.12501259 
238 224 12 23 0.12501258 
157 248 13 22 0.12501258 
-9 254 26 40 0.12501241 
46 240 11 22 0.12501214 
879 238 25 43 0.12501206 
40 245 24 44 0.12501188 
318 246 27 38 0.12501162 
541 232 13 23 0.12501152 
30 233 11 21 0.12501128 
1013 225 11 21 0.1250112 
109 248 13 22 0.12501083 
397 256 13 22 0.12501077 
909 256 13 23 0.12501071 
438 232 12 23 0.1250106 
871 230 25 43 0.12501058 
16 229 24 43 0.12501058 
422 264 12 23 0.12501052 
902 240 12 23 0.12501049 
655 54 217 315 0.1250104 
502 216 11 23 0.12501031 
6 192 11 22 0.12501016 
543 254 25 40 0.12500972 
486 254 27 39 0.12500967 
342 246 27 40 0.12500964 
901 256 13 23 0.12500964 
54 248 11 22 0.12500954 
46 256 11 22 0.12500912 
22 233 11 21 0.12500902 
14 233 11 21 0.12500899 
885 240 13 23 0.12500891 
526 256 12 22 0.12500891 
190 246 27 38 0.12500851 
470 238 27 38 0.1250083 
294 224 12 23 0.12500829 
350 230 27 38 0.12500778 
934 230 27 39 0.12500755 
-1 246 26 38 0.12500738 
990 230 26 39 0.12500714 
6 262 27 38 0.12500703 
14 216 11 22 0.12500694 
174 246 27 37 0.12500675 
14 201 11 21 0.12500636 
966 230 26 39 0.12500632 
198 240 12 22 0.12500629 
813 256 13 22 0.12500621 
293 256 13 22 0.1250062 
869 240 13 23 0.12500574 
950 230 26 39 0.1250055 
349 240 13 22 0.12500541 
910 240 12 23 0.12500528 
821 256 13 22 0.12500505 
29 262 29 35 0.12500493 
38 240 11 22 0.12500493 
0 248 10 22 0.12500457 
6 176 11 22 0.12500453 
38 257 12 21 0.12500449 
24 237 24 43 0.12500449 
877 240 13 23 0.12500447 
118 254 27 37 0.12500362 
14 254 27 37 0.12500346 
198 238 27 36 0.12500335 
781 248 13 22 0.12500307 
406 254 27 38 0.125003 
206 246 28 37 0.12500244 
974 238 26 38 0.12500219 
6 232 11 22 0.12500186 
366 230 28 36 0.12500152 
942 246 27 37 0.12500091 
982 246 26 37 0.1250008 
133 256 13 22 0.12500058 
53 264 13 22 0.1250005 
173 240 13 22 0.12500037 
389 232 13 22 0.12500037 
-3 237 39 79 0.12499988 
126 248 11 22 0.124999754 
438 254 27 36 0.124999374 
22 249 11 21 0.124998905 
389 230 29 36 0.124998905 
246 254 27 36 0.124998905 
222 246 28 36 0.1249988 
374 246 27 39 0.124998614 
358 246 27 38 0.12499847 
30 249 11 21 0.12499835 
165 248 13 22 0.12499807 
-2 264 12 22 0.124997936 
325 240 13 22 0.124997444 
958 246 27 37 0.12499699 
926 246 27 37 0.124996245 
974 233 12 21 0.12499621 
14 249 11 21 0.124996156 
982 233 12 21 0.12499605 
6 248 11 22 0.12499585 
93 254 29 34 0.12499536 
181 248 13 22 0.124994665 
-6 229 22 45 0.12499446 
990 254 27 37 0.12499425 
461 232 13 22 0.124993 
277 254 29 34 0.12499225 
998 233 12 21 0.12499193 
349 256 13 22 0.12499167 
589 254 29 34 0.12499164 
1006 233 12 21 0.12499157 
493 256 13 22 0.1249912 
573 254 29 34 0.12499095 
133 254 29 35 0.12498999 
934 241 12 21 0.12498978 
157 254 29 35 0.12498978 
501 248 13 22 0.12498945 
117 256 13 22 0.12498941 
990 233 12 21 0.12498919 
213 248 13 22 0.12498893 
461 248 13 22 0.12498886 
525 240 13 22 0.12498867 
462 254 28 35 0.124988444 
469 240 13 22 0.12498816 
333 256 13 22 0.12498686 
197 256 13 22 0.12498684 
605 254 29 33 0.12498677 
653 254 30 33 0.12498613 
325 256 13 22 0.12498533 
788 254 31 32 0.12498511 
942 241 12 21 0.12498413 
772 254 31 32 0.1249839 
724 254 31 32 0.12498324 
477 240 13 22 0.124983154 
845 254 30 32 0.12498302 
748 254 31 32 0.124982774 
684 254 31 32 0.12498237 
700 254 31 32 0.124982305 
820 254 31 32 0.124981746 
804 254 31 32 0.12498142 
950 241 12 21 0.12498107 
958 241 12 21 0.12497885 
966 241 12 21 0.124978356 
-15 61 153 296 0.124977715 
13 272 13 22 0.12497627 
389 256 13 22 0.12497443 
0 17 10 21 0.12497335 
773 248 13 22 0.124972485 
5 272 13 22 0.12497142 
974 249 12 20 0.124971285 
1 0 9 13 0.124971054 
173 256 13 22 0.12497081 
365 240 13 22 0.12497055 
0 33 10 21 0.124970466 
0 49 10 21 0.12496872 
0 65 10 21 0.124968156 
982 249 12 20 0.12496643 
405 256 13 22 0.12496626 
0 81 10 21 0.12496601 
0 105 10 21 0.124964744 
21 264 13 22 0.124964625 
501 264 13 22 0.1249646 
341 256 13 22 0.124964155 
990 249 12 20 0.124964 
534 256 12 22 0.124963544 
437 264 13 22 0.124963194 
125 264 13 22 0.124963164 
998 249 12 20 0.12496293 
381 256 13 22 0.12496094 
1006 249 12 21 0.124960415 
469 256 13 22 0.1249597 
485 248 13 22 0.124959044 
0 169 10 21 0.1249589 
357 256 13 22 0.12495706 
925 256 13 22 0.12495694 
957 257 13 20 0.12495689 
949 257 13 20 0.1249565 
245 264 13 22 0.124956034 
229 248 13 22 0.12495439 
189 256 13 22 0.1249538 
221 248 13 22 0.12495353 
365 256 13 22 0.124953374 
205 256 13 22 0.12495307 
373 240 13 22 0.12495192 
941 257 13 20 0.12495166 
0 137 10 21 0.12495067 
933 256 13 22 0.12494938 
373 256 13 22 0.1249492 
29 264 13 22 0.12494837 
477 256 13 22 0.124948196 
965 257 13 20 0.12494697 
0 153 10 21 0.124946855 
-43 -51 322 414 0.12494651 
37 272 13 21 0.12494599 
573 264 13 22 0.12494571 
997 264 13 22 0.124943644 
542 265 12 20 0.124943174 
917 264 13 22 0.12494281 
445 265 13 20 0.12494257 
397 240 13 21 0.12494234 
381 240 13 22 0.12494114 
149 264 13 21 0.12494085 
93 264 13 22 0.12493861 
0 22 19 43 0.124935545 
453 256 13 21 0.12493454 
382 238 27 36 0.12493349 
0 46 19 43 0.12493328 
141 264 13 22 0.12493318 
237 264 13 22 0.12493141 
0 216 10 22 0.12492979 
101 264 13 21 0.1249292 
0 201 10 21 0.12492899 
0 158 19 43 0.12492789 
109 264 13 21 0.12492789 
637 264 13 22 0.12492282 
1 126 18 43 0.12492202 
597 264 13 21 0.12492174 
165 264 13 21 0.12491997 
181 264 13 21 0.124918856 
285 264 13 21 0.12491875 
581 264 13 21 0.124918215 
973 264 13 21 0.124915294 
213 264 13 21 0.1249146 
229 264 13 21 0.12491427 
589 264 13 21 0.12491394 
605 264 13 21 0.124913 
629 264 13 21 0.12491109 
981 264 13 21 0.12491091 
485 264 13 21 0.124910444 
989 264 13 21 0.12490817 
613 264 13 21 0.124905616 
157 264 13 21 0.12490387 
461 264 13 21 0.12490177 
221 264 13 21 0.12490137 
653 264 13 21 0.124900945 
0 121 10 21 0.12489854 
853 264 13 21 0.12489404 
669 264 13 21 0.12489242 
797 264 13 21 0.124890186 
740 -73 261 521 0.124888614 
805 264 13 21 0.12488788 
861 264 13 21 0.12488771 
701 264 13 21 0.12488761 
741 264 13 21 0.124887 
757 264 13 21 0.12488575 
781 264 13 21 0.12488566 
829 264 13 21 0.124885574 
733 264 13 21 0.12488527 
837 264 13 21 0.124883965 
709 264 13 21 0.12488391 
693 264 13 21 0.12488385 
725 264 13 21 0.1248836 
845 264 13 21 0.124882795 
749 264 13 21 0.12488208 
765 264 13 21 0.12488177 
789 264 13 21 0.12488064 
773 264 13 21 0.12488024 
717 264 13 21 0.12487982 
685 264 13 21 0.12487661 
1005 264 13 22 0.12481129 
0 232 10 22 0.12436416 
-1 214 19 43 0.12405789 
102 262 28 35 0.12400846 
493 272 13 22 0.124003924 
470 262 27 37 0.12397805 
469 272 13 22 0.12390426 
477 272 13 22 0.12390189 
494 262 26 40 0.12367466 
549 272 13 22 0.12342031 
453 273 13 18 0.121675506 
348 262 31 26 0.121445596 
45 262 30 27 0.121401995 
309 262 30 26 0.12139777 
60 262 31 26 0.121396616 
892 262 31 26 0.121390216 
933 262 29 26 0.12138946 
628 262 32 24 0.12138939 
917 262 29 26 0.121388756 
876 262 31 25 0.1213858 
949 262 29 26 0.12138317 
965 262 29 26 0.12138131 
525 262 29 27 0.121285215 
180 262 31 25 0.12127914 
365 262 29 27 0.12003929 
196 262 31 26 0.11996015 
324 262 31 26 0.11879736 
117 273 13 18 0.11776488 
134 273 11 15 0.11632183 
350 273 11 14 0.11631568 
62 273 12 15 0.116025575 
358 273 12 15 0.11546382 
278 273 11 15 0.11544954 
46 273 12 15 0.1154408 
70 273 12 15 0.1154332 
294 273 12 15 0.11542853 
910 273 12 15 0.11542662 
318 273 12 15 0.11542532 
78 273 12 15 0.11542273 
902 273 12 15 0.11542078 
934 273 11 15 0.11541765 
942 273 11 15 0.11541748 
926 273 11 15 0.1154172 
310 273 12 15 0.11541624 
86 273 12 15 0.115415014 
950 273 11 15 0.115410954 
326 273 12 15 0.115409 
894 273 12 15 0.11540545 
302 273 12 15 0.11540455 
198 273 12 15 0.11540346 
886 273 12 15 0.11540202 
878 273 12 15 0.11540136 
966 273 12 15 0.11540062 
870 273 12 15 0.11540062 
958 273 12 15 0.11539965 
646 273 12 15 0.11539845 
678 273 12 14 0.11538199 
270 273 11 15 0.11537931 
822 273 12 14 0.11537897 
814 273 12 14 0.11537785 
406 273 12 14 0.115268365 
190 273 12 15 0.115250155 
414 273 11 15 0.11524895 
534 273 11 15 0.11522619 
662 273 12 14 0.11521617 
566 273 11 15 0.115181915 
206 273 12 15 0.11511478 
212 262 31 26 0.11472567 
174 273 12 14 0.11459407 
229 262 29 27 0.11433296 
374 273 11 15 0.113796 
334 273 12 15 0.11238626 
622 273 12 14 0.11181359 
526 273 11 14 0.11145948 
342 273 12 14 0.11137517 
381 262 30 26 0.11104279 
430 273 11 15 0.10995763 
382 273 12 15 0.10936953 
254 273 11 14 0.10827423 
366 273 11 14 0.1061992 
390 273 12 15 0.10566565 
262 273 11 15 0.103111796 
398 273 11 15 0.088319585 
