43_Row_Boat_Canoe_43_942
51
911 460 26 29 0.9935727 
179 476 25 30 0.9860589 
467 437 20 25 0.9579025 
371 453 22 24 0.9506613 
264 383 13 16 0.76015115 
368 512 21 37 0.6700145 
998 392 12 14 0.57319427 
835 386 13 15 0.2270252 
426 262 8 10 0.087674014 
316 347 13 16 0.08214808 
482 469 20 29 0.07491132 
399 255 7 9 0.071853995 
323 356 14 21 0.06757445 
283 365 14 16 0.061293706 
602 78 7 10 0.056020815 
457 489 18 20 0.055079944 
318 351 15 22 0.043450907 
1003 395 12 14 0.04270978 
211 352 15 17 0.041631036 
627 93 7 10 0.041545216 
220 348 9 14 0.03728471 
167 333 11 13 0.034562893 
161 346 16 18 0.033961006 
363 110 11 15 0.032301676 
550 388 12 15 0.031173052 
104 186 12 15 0.030385358 
395 256 7 10 0.030278113 
845 371 11 13 0.030041236 
271 353 12 16 0.029990196 
126 355 21 23 0.028746514 
1013 398 10 12 0.027884819 
414 269 10 13 0.027610088 
310 343 13 15 0.027088895 
269 346 12 15 0.026562983 
797 360 9 11 0.025914242 
1013 404 9 14 0.025506774 
264 342 13 15 0.025383588 
806 463 23 28 0.02523973 
324 236 9 11 0.024240486 
555 382 11 13 0.024135144 
187 -68 392 477 0.023850894 
324 271 10 12 0.023583038 
239 344 9 11 0.023530293 
408 271 10 12 0.023210973 
400 276 10 12 0.023123652 
102 367 18 21 0.023006568 
213 343 13 15 0.02093407 
342 271 9 11 0.020201007 
399 251 7 8 0.020039689 
369 261 9 10 0.020039255 
463 253 11 15 0.020013835 
