21_Festival_Festival_21_193
630
204 441 35 42 0.9972084 
630 440 20 35 0.95429826 
170 391 16 24 0.94703066 
713 457 22 35 0.88349146 
378 409 15 20 0.8831166 
51 419 24 43 0.8818565 
279 379 11 15 0.842798 
210 382 14 21 0.70496744 
395 457 18 34 0.6716866 
651 409 12 18 0.6430455 
238 413 16 23 0.60405385 
686 480 21 28 0.557936 
959 355 12 16 0.5532908 
34 383 21 22 0.5486879 
818 374 9 12 0.50430596 
739 403 12 17 0.49370548 
685 572 53 82 0.42033297 
256 478 48 55 0.40869322 
120 324 12 13 0.38526967 
216 417 22 25 0.38029945 
342 364 9 11 0.36026415 
263 365 9 13 0.33161798 
658 375 9 11 0.33135423 
360 372 12 15 0.3297057 
225 414 22 26 0.3250865 
636 603 36 50 0.30952483 
935 508 24 43 0.29748186 
440 470 32 40 0.28624803 
816 429 19 28 0.27466214 
710 374 7 9 0.26336274 
454 395 10 16 0.25563195 
653 459 17 23 0.25537997 
744 373 10 12 0.24983124 
734 359 9 10 0.24124679 
944 415 18 20 0.2244445 
230 396 17 18 0.21190543 
456 371 10 13 0.20800284 
417 352 9 10 0.20360026 
200 335 8 10 0.20217939 
5 361 14 16 0.20142527 
540 497 25 41 0.19734024 
663 428 13 20 0.19627295 
134 379 12 17 0.18676355 
267 389 12 16 0.18055461 
375 367 10 13 0.1753475 
729 380 9 10 0.17386399 
493 350 8 12 0.17149095 
185 333 8 9 0.17142083 
469 349 8 10 0.16513613 
124 62 13 16 0.16094549 
58 357 14 17 0.15863709 
214 350 8 10 0.1570024 
647 366 8 10 0.1562098 
807 351 9 12 0.1548819 
573 390 11 12 0.15399309 
537 418 16 16 0.15278916 
612 419 17 18 0.15186591 
713 389 9 13 0.15034582 
30 505 29 39 0.14895312 
103 374 12 15 0.1457315 
717 359 8 10 0.143728 
634 358 7 9 0.14318976 
104 349 11 13 0.14305823 
278 350 8 10 0.14016521 
582 383 10 13 0.13956633 
174 359 12 15 0.13556167 
325 341 8 10 0.1338448 
1015 342 8 13 0.13310947 
766 381 10 12 0.13303539 
587 199 12 15 0.13252854 
40 352 8 12 0.13071698 
191 357 10 11 0.12636709 
590 405 9 13 0.122434825 
333 408 17 21 0.1213693 
696 376 8 10 0.12084894 
927 384 9 11 0.120132744 
477 365 10 12 0.11744879 
559 391 9 11 0.117237784 
234 389 15 17 0.11652657 
678 398 11 13 0.11590184 
495 481 25 41 0.11514046 
182 383 12 16 0.11483526 
918 402 16 17 0.11249503 
568 350 7 9 0.10967129 
573 373 9 11 0.10822818 
657 379 9 12 0.10710555 
338 350 7 9 0.106687084 
815 397 13 16 0.10615017 
791 384 9 12 0.105886385 
682 365 7 10 0.105484724 
43 498 45 62 0.103686914 
5 378 16 19 0.10347029 
683 361 7 9 0.10286711 
775 381 9 11 0.10235557 
79 351 10 13 0.10220792 
649 360 8 9 0.101754986 
210 350 8 10 0.10171411 
518 358 8 9 0.1014265 
376 382 10 13 0.10021349 
557 360 8 10 0.099729694 
9 357 15 17 0.0978462 
446 360 8 10 0.09666256 
467 381 15 17 0.09458012 
390 349 8 10 0.094537914 
696 380 9 12 0.09229638 
140 380 14 19 0.09136841 
726 342 7 9 0.09066297 
666 585 50 70 0.0902171 
211 327 8 9 0.089930944 
191 352 9 10 0.089889705 
102 355 11 13 0.089587145 
304 358 8 10 0.08941954 
761 376 9 11 0.08929344 
531 404 16 19 0.08745723 
440 351 8 9 0.087248296 
640 380 10 11 0.08681407 
461 360 9 10 0.0864983 
965 333 9 10 0.086185016 
756 435 16 25 0.08576084 
781 405 10 15 0.08416991 
198 358 9 11 0.08396241 
642 448 19 31 0.08253016 
19 514 31 40 0.08116047 
233 334 8 10 0.08095015 
59 347 14 19 0.08062806 
386 349 8 10 0.07855531 
967 329 8 10 0.07802275 
658 410 14 16 0.07772027 
697 367 8 9 0.07685826 
54 340 13 15 0.07645401 
757 402 12 17 0.075916395 
325 379 10 13 0.07536137 
784 382 9 13 0.075282425 
956 436 25 32 0.07505443 
398 366 10 12 0.07477301 
599 366 7 10 0.07474541 
296 341 9 12 0.07448507 
803 409 12 17 0.07336001 
600 350 8 10 0.07324905 
988 355 10 13 0.07164744 
254 399 11 14 0.07134757 
673 368 7 9 0.071253076 
966 350 12 14 0.07115185 
862 395 12 15 0.071059674 
746 369 8 10 0.07022968 
691 420 13 20 0.06990125 
449 350 7 10 0.06952085 
590 383 10 13 0.06881047 
649 597 46 61 0.06873541 
937 393 15 19 0.06870624 
318 381 11 13 0.06858376 
902 394 11 15 0.06780838 
955 416 15 20 0.06742645 
879 391 13 20 0.067353114 
234 328 7 9 0.06701512 
256 349 8 10 0.066703 
257 344 9 11 0.066023774 
488 403 11 17 0.06582834 
938 387 13 16 0.06539129 
668 422 14 22 0.06510789 
461 366 9 12 0.06456706 
225 351 8 10 0.064434014 
469 376 11 13 0.06442287 
673 426 16 20 0.06439287 
276 416 14 21 0.064172275 
237 383 12 14 0.06359052 
811 470 30 30 0.06331923 
233 403 20 24 0.063215084 
568 389 10 13 0.0630508 
343 351 8 9 0.062853135 
376 388 10 12 0.06271674 
366 358 8 10 0.062472515 
202 340 8 11 0.06235727 
663 367 8 10 0.06231557 
503 396 10 14 0.062167447 
167 358 10 14 0.061848678 
361 358 9 11 0.06137401 
75 323 12 15 0.06128007 
568 366 9 11 0.061238784 
272 328 9 11 0.06080792 
369 351 7 9 0.060614098 
961 317 8 10 0.06028051 
902 420 13 17 0.060253594 
577 383 10 12 0.06020563 
378 372 12 14 0.060157083 
532 396 15 18 0.059857752 
223 359 9 10 0.05966916 
750 367 8 10 0.059482157 
1010 373 10 13 0.059471324 
506 350 8 10 0.058720294 
719 409 12 16 0.058416855 
380 366 10 12 0.058279656 
375 350 8 10 0.058251586 
364 378 11 14 0.058100376 
1001 349 8 11 0.058057994 
473 366 9 12 0.05717143 
660 381 9 12 0.05713915 
275 351 8 10 0.05706034 
860 422 20 30 0.05705644 
895 426 13 19 0.055800475 
105 343 11 13 0.05496118 
972 349 8 12 0.054742903 
476 395 13 17 0.054388367 
776 337 7 9 0.054179445 
776 342 8 9 0.05414266 
582 358 8 10 0.053717062 
751 401 11 17 0.053622577 
83 364 12 16 0.053463127 
0 385 11 19 0.053284496 
927 376 9 10 0.053164292 
529 358 7 9 0.053063836 
419 396 12 15 0.052706834 
261 343 9 11 0.052518837 
721 375 8 11 0.0522586 
766 388 10 12 0.05225605 
686 365 7 10 0.051966242 
420 355 9 12 0.051917955 
245 395 13 18 0.051898785 
273 380 13 16 0.051854514 
399 349 8 10 0.051682636 
159 327 8 10 0.05143987 
192 333 7 10 0.05107766 
478 361 9 10 0.050757583 
225 336 7 9 0.050472975 
548 205 10 12 0.050051283 
1012 409 11 17 0.050044026 
489 368 7 10 0.04929707 
232 350 8 9 0.04921089 
554 364 8 10 0.048848342 
311 334 8 10 0.048785876 
632 366 8 9 0.048511665 
970 443 24 28 0.048460063 
706 570 33 55 0.04835055 
989 406 15 21 0.048339475 
684 397 12 14 0.04833313 
731 422 15 18 0.048294898 
71 342 10 14 0.04827255 
790 445 16 24 0.04818764 
712 384 8 11 0.04807844 
964 395 11 15 0.04794789 
433 359 8 10 0.047855686 
289 342 9 11 0.047723345 
759 358 8 11 0.047617935 
340 452 23 26 0.047612935 
941 382 12 15 0.04755644 
1007 350 8 11 0.04738162 
573 367 9 11 0.047067996 
215 359 9 10 0.046858903 
238 351 8 10 0.046786524 
434 351 8 10 0.04661308 
322 342 7 11 0.046272293 
124 329 14 16 0.045928627 
634 353 7 9 0.045213304 
135 352 9 10 0.04480809 
541 383 8 10 0.044685096 
910 396 11 15 0.044447035 
679 381 10 12 0.044220287 
319 350 7 9 0.04400565 
208 358 8 11 0.04393301 
760 367 8 9 0.043631528 
459 395 13 18 0.04337959 
382 389 10 13 0.043246537 
869 396 11 15 0.043220744 
421 389 12 15 0.043002527 
386 334 8 10 0.042846806 
921 389 9 12 0.04260865 
176 349 9 11 0.042367212 
790 367 8 11 0.042340945 
92 327 9 11 0.042333767 
243 405 14 22 0.042315334 
46 338 14 16 0.04221462 
872 374 9 11 0.042079713 
188 384 14 19 0.041858576 
405 366 10 12 0.04167214 
225 344 7 9 0.041507795 
238 365 10 13 0.041454677 
77 341 10 13 0.0413939 
216 345 8 9 0.04125024 
442 359 7 10 0.041147176 
843 372 11 13 0.04102965 
198 382 15 19 0.040991697 
469 397 15 18 0.0408602 
953 350 10 13 0.040785324 
754 352 8 10 0.040703766 
614 365 9 10 0.040687893 
183 349 9 11 0.04065996 
813 422 15 20 0.04047482 
989 350 10 11 0.040293004 
316 374 12 14 0.040234335 
237 372 10 12 0.039984275 
599 387 10 13 0.039928637 
579 428 16 19 0.039739195 
963 359 13 15 0.039668884 
624 374 10 13 0.039474517 
539 394 16 18 0.03939143 
758 351 9 10 0.039326154 
129 323 13 15 0.03930742 
279 345 8 10 0.03921482 
607 352 8 9 0.03916169 
548 404 11 17 0.039122168 
240 359 9 10 0.03890824 
528 397 11 15 0.038797785 
992 345 8 10 0.03868549 
504 359 7 9 0.03868332 
538 403 17 18 0.038574487 
808 365 8 11 0.038549867 
481 342 8 10 0.038392223 
897 388 10 14 0.038278893 
657 369 8 10 0.03813178 
486 427 13 20 0.038082317 
296 368 9 11 0.038025223 
167 350 9 11 0.03800182 
260 394 15 16 0.037936304 
9 370 16 19 0.03781476 
674 374 8 10 0.03777091 
753 358 8 11 0.037405476 
899 423 18 25 0.037269372 
494 356 8 10 0.03724144 
13 351 11 12 0.03717174 
530 368 7 10 0.03715801 
678 375 8 10 0.03697506 
986 351 9 12 0.03674632 
868 390 12 14 0.03670251 
217 385 13 19 0.03666741 
751 428 14 21 0.036641218 
364 366 11 15 0.036610305 
698 360 7 10 0.03648099 
9 310 26 35 0.036439188 
445 379 10 14 0.03643627 
990 504 32 51 0.036377024 
609 359 7 10 0.03628518 
815 370 9 11 0.036269825 
312 381 11 13 0.03620569 
312 373 10 13 0.036159366 
729 367 7 9 0.03613442 
653 444 16 22 0.03611904 
136 363 11 14 0.036109008 
183 343 8 10 0.03607482 
37 376 16 19 0.03605546 
408 390 9 14 0.036002975 
179 361 12 16 0.035991658 
1013 389 10 15 0.035986334 
206 344 8 9 0.03596235 
72 366 11 14 0.03591626 
512 366 8 10 0.03585759 
877 375 9 11 0.03576039 
739 344 8 9 0.035705287 
702 360 8 9 0.035573777 
841 366 12 13 0.035415057 
294 337 10 11 0.035393145 
315 386 14 16 0.035343915 
695 486 19 22 0.035342645 
808 396 12 15 0.035252042 
699 592 60 79 0.035247166 
717 394 10 15 0.03513822 
489 372 8 11 0.034907486 
213 365 10 11 0.034906387 
537 359 8 10 0.034894582 
477 235 12 17 0.034784574 
662 419 14 20 0.034770023 
704 367 7 9 0.034690563 
337 360 9 10 0.034690056 
438 375 10 12 0.03463918 
878 381 11 14 0.03458121 
855 394 12 14 0.034580328 
536 365 9 11 0.034555774 
1006 356 9 12 0.034505125 
249 372 10 13 0.034429114 
678 391 11 12 0.034370616 
478 387 12 17 0.034083907 
874 416 14 19 0.03406322 
333 397 14 15 0.03402794 
313 367 10 12 0.03400826 
209 366 8 10 0.03394205 
136 358 9 12 0.033900432 
773 376 9 11 0.03385707 
424 383 10 14 0.03375415 
484 388 9 12 0.033752974 
78 335 11 11 0.033723626 
797 388 11 14 0.03367844 
166 334 9 11 0.03367413 
374 359 8 10 0.03364209 
312 343 8 11 0.033634253 
654 434 15 20 0.033452865 
938 401 18 19 0.03304649 
514 360 8 9 0.032581028 
666 360 7 9 0.032468554 
400 381 11 14 0.032201473 
200 352 7 10 0.031980246 
610 365 8 10 0.03190096 
688 390 9 12 0.03175546 
13 341 12 13 0.03163818 
924 398 13 17 0.03155386 
540 365 9 11 0.03154981 
177 344 9 10 0.031444296 
125 341 11 14 0.03142584 
742 350 7 10 0.031266607 
102 424 23 25 0.031258635 
152 364 13 15 0.031251285 
719 366 8 9 0.031250145 
490 357 7 10 0.031080047 
737 352 8 9 0.031051546 
144 342 11 13 0.030979808 
248 342 7 10 0.030957095 
653 357 8 10 0.0309065 
1015 335 8 12 0.030847935 
952 402 22 28 0.03084177 
870 367 9 11 0.030727286 
414 390 13 16 0.030524438 
289 366 8 11 0.030502848 
183 359 10 13 0.030366754 
166 341 9 11 0.030350888 
158 339 11 13 0.030346159 
160 334 9 12 0.030322379 
904 383 9 11 0.030270021 
254 371 11 13 0.030180166 
300 416 14 21 0.030053418 
314 348 8 10 0.030001435 
44 374 15 18 0.029899739 
192 329 7 9 0.0297559 
443 553 24 45 0.02972495 
497 384 8 11 0.02971047 
672 397 9 13 0.029621158 
795 384 11 12 0.02932224 
618 413 13 16 0.029254122 
44 379 21 28 0.029190402 
268 366 9 12 0.029181294 
1001 356 10 13 0.029151801 
233 364 10 13 0.029130919 
974 374 14 16 0.029083902 
744 359 8 10 0.029044518 
505 367 7 10 0.028961193 
634 412 15 17 0.02895849 
154 326 8 9 0.028879426 
528 409 14 19 0.028848909 
337 345 8 10 0.028786192 
342 398 13 18 0.028756075 
606 411 16 19 0.028751679 
876 400 13 19 0.02870495 
808 372 10 13 0.028673366 
654 352 7 9 0.02851691 
368 391 10 12 0.028422862 
894 382 9 13 0.02841441 
374 394 11 15 0.028330933 
47 327 9 11 0.028300682 
527 389 10 15 0.028294692 
335 380 10 13 0.028232394 
6 339 12 14 0.028225226 
741 485 22 34 0.028148487 
511 373 8 10 0.028067114 
599 360 8 9 0.028058268 
424 344 8 9 0.027982585 
695 398 9 14 0.027763182 
174 381 14 20 0.02770508 
248 359 8 12 0.027663248 
640 334 8 9 0.027660822 
773 403 14 17 0.02765463 
277 463 34 40 0.027597954 
301 341 8 11 0.027525524 
710 344 7 9 0.02745115 
684 521 40 53 0.027430514 
594 350 7 9 0.027427088 
560 384 9 11 0.027402643 
935 382 11 14 0.027294133 
945 405 18 20 0.0272217 
687 351 7 9 0.02713881 
393 366 8 10 0.02712264 
439 346 8 9 0.027119115 
805 478 31 35 0.027097417 
638 352 7 9 0.026950087 
575 199 11 14 0.026934927 
782 343 7 9 0.026849097 
1014 355 9 14 0.026847854 
51 369 14 19 0.026769556 
922 384 8 11 0.026747 
866 374 10 12 0.026570715 
430 383 10 13 0.026570529 
743 379 10 13 0.026553307 
238 335 8 10 0.026518522 
271 358 9 10 0.026508939 
241 342 8 10 0.026494397 
528 353 7 9 0.02647335 
278 150 7 10 0.02645469 
231 342 8 11 0.026301533 
432 344 8 9 0.026253754 
83 355 9 13 0.026236473 
301 372 12 15 0.026210599 
190 361 12 14 0.026191045 
761 401 16 19 0.026169794 
457 438 23 29 0.026139222 
424 368 8 10 0.026050026 
505 373 8 10 0.026014626 
448 375 9 13 0.025980819 
449 345 7 9 0.025906831 
887 381 8 13 0.025718085 
853 428 22 32 0.025717774 
769 358 8 9 0.02567573 
639 386 13 16 0.0255212 
338 445 17 23 0.025473416 
951 418 23 29 0.025469426 
521 354 7 9 0.025401112 
248 401 20 25 0.025385262 
541 358 8 10 0.025381276 
254 357 9 12 0.025340691 
946 368 9 11 0.025080262 
232 359 9 11 0.02507223 
607 383 9 12 0.025054775 
86 315 13 17 0.025039345 
277 328 9 11 0.024972696 
244 389 12 16 0.024972199 
625 359 7 8 0.024916865 
822 391 11 16 0.02491637 
345 412 12 17 0.024911737 
718 622 82 58 0.024819328 
510 552 27 54 0.024783008 
480 267 13 16 0.024757154 
577 358 8 10 0.024709651 
151 345 13 16 0.024654988 
1004 405 15 19 0.024564825 
1013 379 10 16 0.02454532 
55 327 10 12 0.024509985 
281 420 17 20 0.024454469 
875 473 23 30 0.024440212 
912 401 12 16 0.024399696 
663 388 10 12 0.024360023 
439 380 12 15 0.024358846 
0 339 10 15 0.024198735 
72 334 12 12 0.024161968 
813 325 9 11 0.02408451 
350 334 8 10 0.024073476 
482 337 8 10 0.02398541 
975 367 9 11 0.02392508 
865 426 25 33 0.023923136 
872 379 12 13 0.02387248 
948 385 13 16 0.023825912 
645 389 11 14 0.023808507 
735 377 7 10 0.023801692 
687 382 9 13 0.02378965 
351 351 7 10 0.02375882 
454 349 7 10 0.023715038 
511 344 7 9 0.023587463 
254 391 10 14 0.023533888 
588 427 16 21 0.023457142 
672 383 9 12 0.02342147 
407 395 12 17 0.023417056 
979 405 16 19 0.023412393 
966 344 10 11 0.023391968 
551 375 8 11 0.02339147 
329 397 10 13 0.023388965 
349 365 8 11 0.023348056 
679 544 45 63 0.023306834 
503 383 8 12 0.023248853 
865 364 11 13 0.023248713 
289 360 8 10 0.023169762 
88 331 9 11 0.023141133 
257 366 10 13 0.023135053 
959 344 11 12 0.023128316 
544 377 8 9 0.023099035 
551 392 9 13 0.023068538 
994 405 18 20 0.023024928 
962 329 8 10 0.022946924 
583 366 9 11 0.022929424 
712 369 7 9 0.022863628 
274 344 8 10 0.022857623 
791 371 9 12 0.022816394 
303 352 8 10 0.02266329 
409 321 8 9 0.022659678 
641 367 7 9 0.022657165 
681 421 19 24 0.022635402 
805 391 12 15 0.022600604 
584 352 7 10 0.022524312 
768 367 9 10 0.022520708 
594 366 7 10 0.02248569 
213 375 13 17 0.022312135 
247 364 10 13 0.022291912 
410 334 8 10 0.022248283 
593 571 34 46 0.022180794 
535 390 12 16 0.02206888 
802 356 9 13 0.022045 
558 395 8 12 0.022027481 
943 374 12 14 0.022025835 
362 353 7 9 0.021952627 
864 411 21 28 0.021837803 
236 393 19 24 0.021797892 
260 348 8 10 0.021714734 
962 398 17 23 0.021707017 
466 345 8 10 0.021663224 
861 412 15 19 0.02166189 
505 345 7 9 0.02162989 
495 368 8 9 0.021569537 
334 390 11 13 0.02141764 
93 379 13 17 0.021415442 
549 397 11 16 0.021394618 
192 344 8 10 0.02138809 
603 612 52 60 0.021377075 
685 402 13 15 0.021316966 
921 408 16 19 0.021301264 
859 402 14 16 0.021268137 
567 360 9 11 0.021237973 
22 320 14 19 0.021233875 
790 405 12 18 0.021132518 
448 388 11 17 0.021113923 
526 381 9 13 0.021087116 
100 645 15 17 0.021029942 
672 388 8 13 0.020999543 
809 324 9 11 0.02099122 
222 393 12 17 0.020982862 
306 336 7 10 0.02094627 
41 340 11 15 0.02085487 
271 373 10 13 0.020792063 
629 374 9 11 0.02076241 
166 328 9 11 0.020734742 
666 353 6 8 0.020733356 
1009 432 14 22 0.02065243 
568 393 14 16 0.020540845 
803 435 21 29 0.02052585 
702 381 8 11 0.020457018 
877 124 34 36 0.020447064 
157 358 12 14 0.020423422 
81 248 10 13 0.02041527 
948 371 12 14 0.020402327 
53 382 14 21 0.020364387 
536 376 8 10 0.020334879 
92 315 11 14 0.020327365 
475 449 16 21 0.020217106 
807 345 9 11 0.020197956 
265 334 8 10 0.02018216 
591 375 9 11 0.020077534 
414 336 8 9 0.02007396 
784 374 9 11 0.020048967 
