21_Festival_Festival_21_414
97
284 349 24 32 0.7840898 
912 374 26 41 0.5575625 
478 382 8 10 0.27032903 
231 90 49 70 0.17084587 
594 347 55 102 0.13872686 
385 238 26 48 0.13134226 
816 354 14 19 0.12191072 
196 293 31 51 0.10588247 
33 298 26 33 0.105109625 
798 347 9 11 0.09697156 
792 349 9 11 0.08237921 
317 197 12 14 0.079042196 
537 372 46 70 0.07880018 
135 340 30 39 0.076352514 
812 593 56 80 0.06563609 
9 333 26 33 0.06437083 
25 369 15 18 0.06422392 
13 247 54 74 0.06176139 
126 277 25 33 0.061384767 
268 488 64 85 0.05974366 
985 365 11 14 0.05849033 
745 399 32 39 0.0540523 
773 415 12 13 0.04697361 
18 252 30 40 0.046268236 
785 350 10 12 0.046227172 
823 336 9 12 0.04604666 
192 262 21 30 0.044392414 
354 231 46 68 0.042346463 
0 508 21 43 0.04178951 
34 343 27 32 0.041726988 
457 380 9 12 0.040984835 
612 332 30 47 0.04061761 
791 406 12 15 0.04031214 
116 250 18 21 0.039386556 
287 280 48 49 0.038730614 
595 355 32 65 0.03856651 
487 378 46 59 0.037199564 
262 297 35 35 0.03660874 
222 123 13 17 0.0365127 
147 236 16 19 0.03509353 
807 317 8 10 0.0345523 
802 335 7 9 0.03358921 
784 342 8 10 0.03328204 
76 233 51 57 0.033219703 
257 308 32 35 0.033053156 
447 389 8 12 0.031624515 
456 375 8 10 0.03153881 
120 285 26 37 0.031421963 
225 116 29 41 0.03137682 
831 276 55 88 0.031247275 
471 366 7 10 0.031226134 
165 234 11 15 0.031075975 
239 119 33 43 0.030919801 
609 350 34 62 0.029259106 
464 366 7 9 0.029154092 
212 128 14 17 0.028930822 
471 389 43 55 0.028865328 
230 447 33 46 0.02855886 
461 381 9 12 0.028542792 
576 373 56 91 0.028393159 
818 335 9 11 0.028041719 
296 231 81 110 0.027956558 
42 349 26 36 0.026851065 
130 421 24 36 0.026600778 
149 343 18 24 0.026346529 
775 156 39 35 0.026063018 
457 369 8 10 0.025433837 
502 380 60 71 0.024966229 
98 254 43 51 0.024866736 
784 317 9 12 0.024350855 
298 347 21 31 0.024191048 
806 333 8 10 0.024106523 
331 235 57 82 0.024090182 
217 124 22 29 0.023730174 
120 301 27 37 0.023233702 
805 343 8 11 0.023100182 
818 350 21 30 0.022764383 
658 252 16 21 0.022751754 
830 336 10 13 0.022724994 
498 441 31 36 0.022598973 
665 199 51 87 0.022568585 
807 328 8 11 0.02254321 
245 141 28 32 0.022537094 
4 238 88 116 0.022515109 
134 268 27 30 0.022355638 
18 336 30 36 0.02227581 
429 357 9 12 0.022212438 
792 335 7 9 0.021904306 
155 236 13 16 0.02189348 
139 359 17 22 0.021707717 
19 308 27 31 0.021647168 
476 386 11 14 0.02126218 
145 328 29 36 0.021032466 
785 337 7 10 0.021000605 
127 319 29 41 0.020973751 
955 390 21 31 0.020515032 
8 266 24 36 0.02009016 
