21_Festival_Festival_21_513
23
508 112 78 95 0.99076617 
212 118 80 107 0.988908 
63 167 35 45 0.98148376 
981 365 21 27 0.6246154 
646 211 33 37 0.4151329 
640 217 45 58 0.19947262 
759 106 49 97 0.13989295 
673 180 33 38 0.13003017 
28 59 28 37 0.061732538 
661 189 34 37 0.048182666 
17 172 20 30 0.047671895 
974 370 18 20 0.047635898 
987 203 12 16 0.043065228 
760 127 30 63 0.041555233 
632 236 49 66 0.03268559 
366 150 27 39 0.032200564 
978 218 14 17 0.030913586 
1005 207 11 13 0.028485728 
547 221 40 49 0.024786793 
702 108 77 106 0.024591941 
356 154 43 59 0.024465255 
686 147 52 64 0.023775348 
658 183 24 30 0.022053733 
