21_Festival_Festival_21_605
59
805 82 66 84 0.99938035 
177 118 64 82 0.9991831 
631 60 71 97 0.998961 
310 70 74 95 0.9986173 
938 259 30 38 0.9985114 
445 36 84 113 0.99630153 
7 248 15 24 0.9861773 
985 184 20 27 0.9809725 
759 163 19 28 0.96600056 
994 268 24 26 0.9565509 
58 237 20 27 0.92855203 
88 267 18 28 0.9267685 
934 208 15 20 0.9089026 
78 161 11 15 0.8181122 
29 230 15 20 0.795424 
149 195 10 12 0.6839107 
43 260 12 16 0.6368948 
1 229 9 13 0.49470562 
960 196 13 17 0.2996284 
1006 299 11 13 0.20568451 
52 277 15 20 0.20166409 
1000 302 9 11 0.18526958 
8 222 10 13 0.1387964 
128 160 10 11 0.086201854 
123 269 14 22 0.0838883 
27 206 11 14 0.082619034 
126 198 11 13 0.061534613 
1000 282 22 27 0.05976822 
28 224 13 17 0.059614476 
53 268 13 18 0.05918983 
136 173 9 12 0.05428192 
997 295 15 17 0.050306547 
12 196 9 12 0.050170433 
46 196 9 11 0.04920786 
68 182 11 13 0.04797304 
947 104 23 33 0.047784083 
22 208 12 15 0.046595886 
48 242 11 17 0.040950555 
63 221 14 16 0.040289078 
6 237 12 15 0.03613476 
140 174 10 13 0.030971672 
1000 326 21 26 0.030353528 
14 108 8 10 0.02999781 
158 164 9 12 0.029298356 
83 314 14 19 0.02907491 
0 266 10 18 0.029054562 
1 291 10 20 0.028361497 
993 301 10 14 0.028094767 
1010 292 13 18 0.026856031 
85 143 9 11 0.026626728 
125 192 10 12 0.025305707 
43 237 13 16 0.02410393 
133 199 11 13 0.023437215 
132 165 10 13 0.022832895 
61 228 15 21 0.022518246 
47 255 20 28 0.022510014 
0 242 10 19 0.021767247 
965 224 12 16 0.02125985 
950 197 13 15 0.020714758 
