21_Festival_Festival_21_107
240
175 217 60 78 0.9878298 
596 185 45 59 0.9760301 
918 181 23 29 0.95074636 
688 218 37 54 0.9432646 
841 186 21 29 0.86996186 
723 220 31 43 0.8691146 
999 188 20 24 0.81871426 
793 197 24 34 0.33889052 
859 283 17 22 0.28006142 
465 195 51 60 0.2728329 
335 129 29 34 0.2657728 
569 199 29 43 0.25365278 
86 138 11 14 0.22361308 
602 245 43 41 0.21612976 
614 233 35 36 0.2062502 
770 232 22 29 0.192835 
964 188 16 19 0.1677261 
782 175 14 16 0.16446324 
843 260 19 22 0.16136928 
301 125 10 11 0.14991608 
867 281 15 22 0.14320822 
52 133 13 16 0.1364366 
329 106 43 52 0.120828405 
533 331 10 14 0.115318835 
653 271 33 40 0.11508436 
945 188 15 18 0.111648634 
455 156 24 28 0.10594851 
97 151 10 12 0.10570612 
562 212 31 41 0.10403091 
400 154 18 20 0.101991475 
400 376 33 36 0.09895991 
319 117 10 13 0.09811797 
82 240 62 90 0.092185624 
775 329 29 36 0.089609325 
918 243 14 18 0.087989695 
866 160 15 17 0.087975666 
807 195 19 30 0.087174274 
803 166 12 14 0.08452596 
346 207 39 59 0.08405248 
207 172 46 56 0.07243924 
260 220 9 11 0.07187326 
883 188 16 19 0.07028516 
62 149 12 16 0.06965857 
579 409 16 21 0.06656178 
926 278 11 14 0.06645428 
830 364 15 19 0.06595657 
278 142 8 10 0.064873815 
240 106 14 18 0.06356082 
487 250 26 31 0.06270968 
1003 285 10 13 0.059160315 
375 33 12 17 0.058764912 
835 208 19 21 0.05828648 
216 187 28 31 0.057726115 
301 129 12 16 0.056535132 
90 132 12 16 0.054789454 
70 0 12 15 0.051953707 
833 156 17 21 0.050885316 
273 143 9 10 0.050796907 
868 300 12 16 0.049932864 
330 454 13 15 0.04907424 
878 289 13 16 0.04889994 
493 202 28 40 0.048510272 
507 197 24 36 0.04845984 
271 163 14 17 0.046718437 
280 137 8 9 0.046275903 
827 230 17 21 0.04560847 
796 213 19 26 0.045312565 
409 200 15 20 0.044138618 
930 172 16 17 0.04324468 
595 219 47 49 0.04292185 
942 180 15 19 0.04239349 
845 241 16 18 0.041585192 
198 107 15 18 0.04156784 
80 132 12 15 0.041131373 
392 14 8 10 0.040388253 
94 123 10 13 0.03997498 
885 274 16 17 0.039861016 
100 154 11 14 0.039346766 
762 166 16 19 0.038372934 
226 195 17 19 0.03799776 
970 195 15 17 0.037298355 
849 274 23 27 0.037150405 
585 19 50 73 0.037053566 
414 372 26 33 0.03702768 
592 437 31 38 0.0369836 
87 127 12 15 0.03671845 
297 120 9 11 0.03634422 
289 134 8 10 0.036343332 
907 177 15 22 0.03629601 
661 46 46 60 0.03561829 
269 150 9 11 0.035524737 
270 159 10 13 0.035491794 
765 157 13 16 0.035127047 
950 205 12 16 0.034982726 
938 220 15 18 0.034680787 
817 193 15 23 0.033432823 
330 419 21 28 0.03339902 
909 301 13 15 0.033284403 
45 555 30 33 0.03327899 
79 127 9 12 0.033268847 
322 116 13 17 0.0328686 
634 231 28 39 0.03272529 
602 18 25 38 0.03235807 
5 258 52 53 0.032318566 
966 275 10 13 0.032249328 
640 183 22 29 0.032220382 
948 267 15 17 0.032085303 
810 236 15 20 0.03178799 
397 329 15 19 0.03178185 
769 168 24 27 0.031716924 
821 312 17 22 0.03160594 
367 15 8 10 0.031161834 
878 302 13 16 0.031118687 
39 127 10 15 0.030957973 
970 253 16 19 0.030308634 
623 251 45 57 0.03023381 
466 166 18 22 0.029968772 
923 248 15 18 0.029932655 
45 562 14 17 0.029909974 
404 127 18 21 0.029846184 
843 251 17 20 0.029780118 
104 141 11 13 0.029748268 
111 569 13 15 0.029466014 
96 118 11 13 0.029272998 
806 177 15 18 0.02924952 
1004 253 12 14 0.029129194 
175 167 28 40 0.029056164 
101 121 11 14 0.028918194 
380 101 12 14 0.028881777 
567 228 29 38 0.02885192 
968 181 17 20 0.02879222 
187 193 55 73 0.028723093 
1005 262 11 14 0.028584136 
701 311 28 37 0.028542947 
877 276 13 15 0.02850954 
932 274 13 16 0.02791056 
652 254 31 37 0.027862579 
956 207 13 16 0.027704358 
775 143 22 28 0.027461858 
313 398 27 28 0.027391229 
883 286 12 14 0.027178533 
761 330 28 35 0.027083887 
938 230 17 21 0.026842657 
47 125 11 17 0.026704354 
970 211 14 18 0.026599774 
205 196 33 36 0.02653154 
319 467 33 44 0.026497073 
925 210 13 16 0.026488181 
480 233 31 37 0.026440013 
817 252 17 19 0.026378658 
820 215 14 19 0.026356257 
276 55 13 17 0.026291832 
404 119 12 15 0.026281048 
975 287 12 13 0.026247809 
1012 163 11 18 0.026219187 
814 231 21 26 0.026103133 
677 54 52 68 0.026028134 
226 130 17 21 0.025901811 
832 292 11 16 0.025831178 
859 147 23 27 0.025637923 
507 139 22 28 0.025502771 
458 229 27 35 0.025498196 
276 44 11 13 0.025451012 
761 184 24 31 0.025410209 
569 232 18 22 0.025391908 
554 236 34 38 0.025214659 
699 296 29 31 0.025209393 
942 268 12 15 0.025145944 
896 151 23 25 0.025135167 
785 366 55 85 0.025133671 
219 125 27 36 0.024933133 
873 274 24 24 0.024877388 
103 134 9 13 0.024866054 
903 300 12 16 0.024822162 
809 280 24 28 0.024723282 
352 130 16 21 0.024674729 
860 219 14 16 0.024655618 
111 136 10 13 0.024560206 
916 301 13 15 0.024536278 
866 167 18 19 0.024322879 
875 244 17 17 0.024222659 
517 141 21 29 0.024051202 
664 232 27 35 0.024042293 
799 160 10 11 0.023759395 
784 136 23 30 0.023388209 
989 219 15 17 0.02338663 
873 176 23 27 0.023374004 
958 273 12 15 0.023347205 
876 264 24 23 0.02334031 
435 415 15 23 0.0232554 
308 151 16 22 0.022999369 
162 130 15 16 0.02287029 
101 163 13 15 0.022866901 
730 94 48 63 0.022794276 
737 172 21 28 0.022736141 
705 220 39 53 0.022652373 
740 280 29 34 0.02255416 
958 162 13 14 0.022409925 
928 261 12 14 0.022345671 
193 133 9 12 0.02214195 
219 69 12 14 0.022138152 
150 144 15 17 0.02213807 
399 136 23 26 0.022130795 
737 216 26 38 0.022019003 
389 200 14 17 0.021959795 
607 169 29 31 0.02192907 
0 104 22 39 0.021827029 
342 80 49 61 0.021732073 
932 212 14 17 0.021652527 
801 166 20 25 0.021479376 
714 307 29 39 0.021456275 
759 227 25 32 0.021428006 
541 367 32 33 0.021368686 
370 70 19 23 0.02134444 
68 148 12 16 0.021312982 
277 158 13 17 0.021309229 
818 299 17 22 0.021264205 
389 195 25 28 0.021234466 
256 216 11 13 0.021162083 
597 258 43 49 0.021061016 
519 285 25 28 0.021025006 
709 390 37 52 0.021012742 
273 160 20 25 0.020941298 
730 289 13 18 0.02088918 
774 173 13 16 0.02088754 
904 171 14 17 0.02086482 
350 322 13 17 0.02072118 
927 270 13 16 0.020688865 
290 142 8 10 0.020429363 
339 151 21 22 0.020417795 
929 178 16 20 0.020409081 
910 259 11 14 0.020390518 
583 3 47 53 0.020323562 
559 130 29 36 0.02031376 
902 184 14 19 0.020272117 
347 125 16 21 0.020221919 
390 380 28 28 0.0202133 
548 139 46 58 0.020198056 
137 141 57 70 0.020123875 
509 173 14 19 0.02008297 
