21_Festival_Festival_21_201
151
505 348 21 30 0.9881344 
392 369 25 30 0.98561424 
677 297 22 31 0.98159355 
41 379 26 41 0.97706705 
770 307 33 46 0.9716053 
720 379 21 27 0.9539744 
553 312 19 24 0.94306666 
292 345 15 20 0.93376637 
553 59 106 149 0.93180436 
217 427 21 26 0.9150741 
11 434 14 19 0.9148109 
276 363 14 18 0.79866177 
612 329 15 21 0.74274343 
436 343 17 23 0.54779935 
398 340 16 20 0.5295886 
641 294 16 24 0.5242822 
590 376 16 20 0.45683116 
574 340 17 19 0.4471164 
12 397 15 20 0.39617413 
905 309 17 21 0.369306 
572 350 16 21 0.3094282 
59 346 23 28 0.20730315 
663 315 15 18 0.20371147 
899 280 18 21 0.19054809 
967 246 23 40 0.16054143 
325 403 21 30 0.15853125 
940 307 17 22 0.12387074 
243 388 13 16 0.121083245 
468 326 16 23 0.1158856 
524 322 13 18 0.09949917 
603 353 15 18 0.093664475 
192 339 24 35 0.09163285 
649 327 16 22 0.08400071 
105 383 25 30 0.08334874 
312 410 25 29 0.07816639 
277 391 18 20 0.07675853 
604 321 21 25 0.076498926 
669 287 15 20 0.07405605 
4 163 103 183 0.0713068 
589 324 13 16 0.07039274 
742 319 20 28 0.06696984 
516 118 134 151 0.066591114 
580 323 17 17 0.06372226 
89 250 90 107 0.06295016 
920 66 27 31 0.058564503 
451 336 16 23 0.056272645 
332 371 18 18 0.056200955 
242 403 17 21 0.054831106 
452 323 15 20 0.05389536 
444 340 20 28 0.05355001 
121 427 20 30 0.053242348 
755 394 12 17 0.053051196 
978 249 26 35 0.051512577 
428 325 13 16 0.05114327 
142 380 13 16 0.049516518 
4 99 186 264 0.049273804 
752 290 13 17 0.049071144 
372 344 18 22 0.048002616 
458 322 21 28 0.04787431 
299 402 16 22 0.0478121 
531 320 14 19 0.04758433 
304 401 22 27 0.046722397 
28 485 24 31 0.046598025 
111 423 22 29 0.045500338 
335 406 23 30 0.044597328 
602 316 17 19 0.044272333 
104 352 23 26 0.04418872 
916 276 23 29 0.043798283 
463 292 21 29 0.04362556 
506 300 16 19 0.04111063 
656 321 20 28 0.039350156 
595 331 16 20 0.038738195 
517 325 17 20 0.037748527 
414 42 202 208 0.037324544 
920 345 88 203 0.035612926 
635 116 59 79 0.03464886 
478 345 17 19 0.034449484 
502 306 16 20 0.03395829 
632 288 21 29 0.033927526 
315 403 17 21 0.033891622 
176 450 12 16 0.033281222 
747 293 22 30 0.03299935 
102 427 23 29 0.03216107 
914 143 56 56 0.03166093 
1013 78 11 24 0.031490203 
597 321 14 18 0.03128711 
339 362 15 19 0.031096378 
156 363 19 25 0.031028599 
957 232 28 45 0.03093735 
624 317 14 17 0.030611403 
766 303 25 33 0.030368477 
57 320 23 32 0.030317718 
35 427 13 18 0.030269364 
474 337 19 20 0.029989503 
127 379 13 17 0.02947655 
641 409 16 20 0.029284153 
618 378 15 20 0.02899783 
947 331 52 70 0.028758205 
824 281 16 21 0.0285111 
676 73 17 23 0.028345099 
1012 97 11 21 0.027573442 
127 432 21 31 0.027572753 
403 331 22 26 0.027417993 
970 266 17 29 0.027241582 
630 359 20 28 0.026970383 
121 376 25 29 0.026964702 
421 328 15 20 0.026679661 
13 405 15 20 0.02652523 
518 318 14 17 0.026448237 
149 386 13 18 0.026269654 
601 71 108 136 0.026196193 
540 283 17 22 0.026127195 
447 439 25 38 0.025656385 
131 379 26 29 0.025521977 
324 397 16 21 0.025366819 
338 456 35 36 0.024967367 
134 380 14 16 0.024843866 
175 454 24 33 0.024686597 
202 385 16 20 0.024464585 
973 114 13 17 0.024452694 
155 355 16 20 0.02445051 
252 399 20 26 0.02435157 
240 393 16 20 0.024231682 
131 444 22 29 0.023855297 
38 224 119 148 0.023725098 
931 64 26 30 0.023325186 
328 488 32 34 0.023266014 
931 76 18 23 0.02306548 
763 370 23 29 0.023035979 
637 419 14 16 0.023008948 
679 62 38 54 0.022636093 
882 248 18 22 0.022584442 
507 313 15 18 0.022495156 
692 39 262 214 0.022336213 
147 367 24 30 0.02224998 
770 154 22 27 0.022216761 
181 347 42 54 0.022006728 
145 291 40 50 0.02185661 
664 365 20 31 0.021300314 
581 335 20 25 0.021297423 
541 306 14 19 0.021248829 
959 314 14 19 0.020980736 
982 112 13 17 0.020731661 
638 426 32 36 0.020664498 
55 351 17 21 0.020659436 
822 200 31 29 0.02051118 
362 377 18 21 0.02034354 
734 319 14 22 0.020290498 
389 339 20 26 0.020262603 
308 420 18 23 0.020191306 
956 106 25 30 0.020034224 
