21_Festival_Festival_21_976
26
535 268 57 71 0.9987109 
360 69 28 36 0.9973826 
148 45 26 31 0.99713874 
816 100 34 50 0.9944239 
472 32 23 28 0.990031 
764 44 21 28 0.9785217 
321 15 20 27 0.9754563 
525 9 21 25 0.9742716 
365 3 14 19 0.9726935 
879 14 21 28 0.9624216 
163 3 16 21 0.9586061 
22 19 17 22 0.95135736 
838 1 16 17 0.50118804 
948 3 19 22 0.35261872 
318 548 84 56 0.0739241 
786 67 17 24 0.043615468 
802 52 15 17 0.03806256 
352 4 12 15 0.0321507 
333 3 15 16 0.030643264 
105 6 9 12 0.026417332 
150 0 11 10 0.025552828 
798 57 17 20 0.021961575 
791 62 22 28 0.021772914 
158 0 12 15 0.021272998 
676 37 13 17 0.020223279 
716 36 15 16 0.020085625 
