21_Festival_Festival_21_373
151
78 182 38 53 0.9901957 
833 170 15 21 0.9743002 
873 181 15 20 0.9712304 
934 168 18 21 0.9691122 
396 247 32 27 0.9498328 
549 224 13 16 0.8870793 
399 203 18 23 0.8813511 
746 189 9 12 0.85130286 
684 219 14 16 0.7769926 
565 191 9 12 0.77099466 
726 187 9 11 0.7614028 
860 219 20 22 0.7379423 
598 273 30 26 0.67924684 
690 197 9 11 0.5980442 
606 214 11 14 0.55978966 
544 205 9 11 0.46836025 
798 181 11 14 0.452173 
808 246 18 22 0.35967827 
801 189 11 14 0.34388277 
644 211 15 21 0.29485473 
39 197 8 11 0.2640521 
495 246 15 17 0.25676543 
847 180 12 15 0.2545704 
582 183 8 10 0.24823481 
645 193 10 13 0.2425525 
527 224 9 12 0.22496116 
510 206 8 11 0.22487246 
671 199 9 10 0.22143234 
960 129 12 15 0.19810015 
613 234 13 16 0.18573995 
438 197 10 11 0.16953203 
556 242 12 14 0.1689304 
845 172 13 17 0.15832806 
792 180 11 14 0.15442733 
707 321 14 17 0.15092385 
487 189 8 11 0.1381984 
547 199 10 11 0.13201118 
559 256 12 14 0.1308412 
518 180 8 10 0.1287661 
543 219 13 17 0.12266906 
8 199 9 14 0.119763374 
392 179 10 13 0.108362086 
720 230 10 13 0.103800565 
368 192 10 11 0.09376894 
577 244 9 12 0.09345723 
458 182 9 11 0.09033149 
542 214 11 13 0.0899207 
588 266 25 27 0.08701317 
846 186 12 15 0.08668173 
585 261 18 23 0.08575925 
704 190 9 11 0.085640684 
692 215 12 16 0.08138428 
791 229 9 12 0.07675399 
652 213 11 17 0.07494292 
522 223 10 13 0.07166541 
637 173 9 11 0.07148556 
666 198 8 11 0.06852708 
371 197 10 13 0.06668235 
710 183 8 11 0.06501912 
716 212 10 13 0.06486733 
533 267 16 16 0.06442689 
644 201 13 20 0.06425117 
550 191 9 11 0.0619772 
1006 137 17 21 0.06194868 
1 197 9 14 0.06035736 
2 191 8 12 0.060258254 
473 268 16 19 0.060164656 
442 197 11 12 0.058379542 
599 190 9 11 0.057722013 
680 191 8 10 0.056544565 
491 254 19 23 0.055719733 
679 216 11 17 0.054662764 
630 189 10 13 0.053500872 
788 204 11 14 0.052803572 
734 183 8 11 0.051650118 
434 198 11 12 0.051590126 
514 182 8 10 0.050354958 
25 207 9 10 0.049664203 
656 290 11 14 0.049026083 
601 183 9 10 0.04815041 
35 198 8 10 0.04787653 
551 215 12 15 0.047636896 
703 184 9 11 0.045373995 
532 274 17 19 0.043522615 
518 199 8 10 0.043485973 
513 200 9 10 0.040396072 
471 182 10 12 0.040213652 
702 196 9 13 0.039799195 
513 191 7 10 0.038989916 
735 188 8 11 0.03784584 
516 205 10 12 0.037802402 
713 207 10 13 0.037048914 
654 277 10 12 0.03448476 
664 192 9 11 0.033324003 
767 181 9 11 0.032887645 
482 189 9 12 0.032603614 
639 243 10 14 0.032173343 
688 194 9 11 0.030704407 
607 283 21 20 0.030610906 
792 200 10 12 0.030520687 
630 184 9 11 0.030104153 
709 189 9 10 0.029862328 
521 213 9 11 0.028732149 
753 206 8 12 0.028722413 
12 202 9 14 0.028430244 
6 192 7 9 0.028357474 
610 218 12 15 0.028309923 
1008 123 12 16 0.028236406 
599 196 10 14 0.028176833 
696 182 9 11 0.027797325 
506 190 7 10 0.027519371 
692 200 12 16 0.027483791 
535 221 9 13 0.027323505 
438 202 11 14 0.02722586 
576 198 9 12 0.027124906 
562 194 10 13 0.02711505 
580 209 13 16 0.027028719 
728 243 13 15 0.026467733 
573 190 11 14 0.026256513 
433 205 9 12 0.026164355 
677 197 8 11 0.026095977 
776 204 9 12 0.026029525 
589 229 12 15 0.025935778 
533 229 9 12 0.0258589 
782 210 11 14 0.025413828 
719 223 11 14 0.024950752 
599 218 11 14 0.024938619 
621 230 12 17 0.024895001 
671 193 8 10 0.024612596 
703 204 9 13 0.024511147 
492 189 8 10 0.024342237 
480 262 20 26 0.023914656 
814 190 11 15 0.02389173 
517 192 9 10 0.023841111 
504 200 9 11 0.023638543 
761 247 18 20 0.023341965 
675 219 9 14 0.023240248 
527 276 14 17 0.022662371 
654 189 9 11 0.021808468 
734 199 9 11 0.021534896 
429 214 11 14 0.02143512 
552 251 12 15 0.021389978 
479 184 8 11 0.021346284 
504 209 11 15 0.02127045 
745 171 10 13 0.021146787 
466 325 15 22 0.021142317 
577 204 11 15 0.020978475 
688 182 8 10 0.020919131 
495 184 7 10 0.02088094 
933 158 13 16 0.020592172 
526 216 8 11 0.0204478 
