21_Festival_Festival_21_727
52
590 104 98 113 0.96421546 
417 128 9 12 0.23599733 
207 213 9 11 0.1475816 
456 124 9 11 0.12097774 
227 211 12 14 0.1201736 
393 137 7 10 0.100585684 
43 107 15 23 0.094486274 
357 229 8 11 0.09369032 
938 591 8 12 0.08473888 
30 234 11 13 0.078829095 
434 133 9 12 0.06862917 
877 15 54 91 0.06671333 
461 352 10 12 0.063605115 
904 507 10 12 0.05959011 
433 127 10 12 0.05904327 
312 189 11 12 0.058784608 
420 180 10 12 0.056884784 
252 357 14 16 0.05066918 
231 216 14 18 0.045713786 
211 215 12 14 0.045311064 
336 240 10 13 0.045258656 
933 582 10 13 0.039923027 
426 470 14 15 0.038612008 
351 412 8 11 0.035718355 
387 167 10 13 0.03568129 
238 248 10 12 0.035078224 
490 172 8 10 0.030122884 
929 573 10 14 0.029881302 
861 253 9 12 0.028681124 
231 225 13 17 0.02867343 
207 217 12 16 0.028530357 
473 189 9 11 0.02796955 
991 539 10 13 0.026575845 
357 118 14 19 0.026545621 
496 173 8 10 0.026506934 
385 157 9 10 0.02644599 
468 142 12 13 0.02618081 
382 132 11 12 0.024190294 
389 156 8 10 0.02379278 
381 128 10 11 0.023626316 
360 206 8 11 0.02350086 
492 196 13 16 0.022902055 
-12 166 366 461 0.02223695 
167 205 10 12 0.021705315 
174 213 11 15 0.021564323 
342 165 10 14 0.021449573 
416 174 10 12 0.021283528 
149 147 16 22 0.021012183 
276 137 22 25 0.020648032 
377 132 11 13 0.020187445 
477 184 9 11 0.020158896 
157 224 13 16 0.020050623 
