21_Festival_Festival_21_881
80
513 81 202 240 0.9977075 
241 111 19 24 0.36865124 
148 1006 17 24 0.17524225 
126 1038 21 28 0.17512564 
156 1114 15 21 0.16727675 
139 1096 16 22 0.07308478 
147 155 16 22 0.06884598 
632 0 216 171 0.06406566 
150 1119 16 19 0.063430876 
234 115 21 25 0.060747307 
185 54 15 19 0.056867942 
74 1065 15 20 0.055283923 
508 757 18 20 0.054745223 
165 66 15 19 0.05440543 
232 171 13 16 0.052976258 
850 77 80 78 0.051734157 
99 1065 17 23 0.0458822 
169 92 15 19 0.04352593 
321 132 20 24 0.04351905 
656 33 113 127 0.039990973 
194 89 16 21 0.03752378 
227 117 18 23 0.03689936 
223 149 14 19 0.036086448 
154 1037 20 27 0.034647234 
85 1112 20 26 0.03351006 
282 94 14 17 0.032398596 
201 33 18 23 0.03210277 
148 137 21 26 0.03040709 
567 30 214 216 0.029936558 
157 50 14 17 0.029903645 
225 185 17 24 0.02940925 
156 144 17 22 0.029307092 
142 1004 15 22 0.029066201 
189 135 15 20 0.028992254 
162 1141 28 40 0.02848516 
118 129 20 27 0.028468829 
143 1098 21 27 0.028110916 
270 0 26 25 0.027982848 
118 123 15 17 0.026683463 
415 740 12 14 0.026576588 
256 168 17 23 0.026536487 
228 177 17 23 0.026199209 
293 143 18 24 0.025642522 
238 17 23 31 0.02549847 
107 0 13 11 0.025457133 
107 177 13 16 0.02535517 
17 289 15 20 0.025211364 
57 1099 15 21 0.025145506 
347 766 32 36 0.025115082 
134 1090 16 23 0.025018182 
32 18 18 22 0.024981208 
274 111 16 23 0.024404772 
95 133 14 17 0.024352152 
244 193 13 16 0.023984952 
148 130 15 20 0.023721151 
156 933 23 30 0.02322048 
158 106 15 19 0.023116212 
166 979 22 28 0.022960696 
276 101 21 28 0.02283855 
141 127 15 19 0.022501476 
226 74 16 22 0.02228123 
188 83 17 22 0.022262987 
219 81 17 23 0.022214277 
255 137 14 18 0.022068769 
181 137 15 19 0.021884672 
157 175 17 20 0.021627896 
0 1074 9 19 0.021556927 
270 176 15 19 0.02145225 
276 138 15 21 0.021426162 
105 1094 22 27 0.021403866 
142 218 18 22 0.021335522 
58 1123 16 21 0.020933019 
203 1125 14 21 0.020874126 
178 1081 16 23 0.020839792 
246 69 21 28 0.020803975 
167 201 16 18 0.0206128 
162 1046 19 23 0.020499371 
102 1093 15 19 0.020485416 
211 18 15 21 0.020260708 
142 147 17 22 0.020090772 
