21_Festival_Festival_21_797
49
643 136 103 127 0.9995728 
420 216 50 65 0.999446 
315 320 53 68 0.99852884 
84 241 52 64 0.9982122 
503 259 50 67 0.99805874 
286 199 29 39 0.99665135 
835 161 40 49 0.99643624 
292 234 52 62 0.9955823 
98 334 50 58 0.9925403 
781 281 46 61 0.98615277 
170 293 49 49 0.98552877 
185 79 24 38 0.96851546 
33 183 29 44 0.9449559 
740 219 32 46 0.62817657 
665 66 35 43 0.40791476 
269 294 40 50 0.38893127 
172 97 17 21 0.25960642 
394 196 23 42 0.2554158 
108 190 29 32 0.13303868 
469 99 11 14 0.12134282 
809 437 48 40 0.11172354 
507 195 41 48 0.11029662 
149 72 17 21 0.09956933 
201 209 30 45 0.08356437 
587 95 12 15 0.07374188 
358 191 12 15 0.065019585 
133 448 20 23 0.062063664 
154 77 17 20 0.052843582 
463 92 13 16 0.04569234 
131 112 15 18 0.040937465 
366 130 10 13 0.038162246 
801 75 11 15 0.037217747 
348 165 11 13 0.031185394 
450 81 17 20 0.03021048 
729 78 23 35 0.029867744 
426 380 52 49 0.028763184 
448 151 13 15 0.028232483 
678 72 34 43 0.027426591 
165 93 16 20 0.02736267 
109 172 39 41 0.026366882 
615 69 26 36 0.024525702 
531 107 17 19 0.023869228 
156 89 14 17 0.0232722 
162 290 29 42 0.02239593 
446 85 14 20 0.021957833 
600 83 12 15 0.021913877 
136 74 27 31 0.02175877 
455 85 22 26 0.020826153 
489 62 28 37 0.020611383 
