21_Festival_Festival_21_42
2399
763 1195 14 19 0.9935169 
899 1204 14 20 0.9926358 
3 1186 14 19 0.99189514 
639 1259 13 17 0.9908091 
726 1275 14 18 0.9893119 
684 1269 12 15 0.986917 
76 1272 15 19 0.98675156 
669 1288 13 18 0.985819 
773 1222 15 20 0.97689086 
773 1316 16 20 0.97623104 
594 1163 13 17 0.9749355 
917 1134 12 15 0.9745635 
206 980 10 13 0.9738957 
159 1267 13 15 0.97229385 
626 1333 13 17 0.9715612 
141 1277 15 19 0.9706323 
753 1315 15 19 0.9705907 
539 1284 12 17 0.9698074 
79 1325 12 17 0.96971244 
725 1340 14 19 0.96962434 
902 1326 14 20 0.9688101 
703 1291 14 18 0.9655362 
573 1199 12 16 0.96477604 
742 1192 13 16 0.9622463 
591 1205 13 18 0.9612923 
141 1171 13 17 0.9593235 
875 1329 13 16 0.95742047 
18 1165 13 17 0.9564527 
708 1215 12 16 0.94726217 
858 1220 12 17 0.944174 
700 1191 11 14 0.94128346 
729 1177 12 16 0.9324018 
644 1150 11 15 0.93206406 
260 1029 12 14 0.9310705 
253 1323 12 15 0.9240327 
159 1085 10 13 0.9207762 
800 1286 14 20 0.9193545 
165 1201 17 21 0.9185369 
662 1328 12 15 0.9166435 
255 987 10 13 0.9141252 
146 1149 13 16 0.9112074 
38 1280 15 20 0.9110445 
769 1277 14 19 0.9093566 
602 1266 12 16 0.9082154 
151 1115 11 14 0.9077582 
697 1319 15 18 0.90653855 
775 901 9 10 0.8991787 
872 902 9 12 0.8963007 
703 1346 14 18 0.8936249 
839 1054 10 13 0.8930331 
48 1234 12 15 0.89110786 
48 1210 13 17 0.88837546 
664 940 10 12 0.88772106 
246 1143 10 13 0.8852059 
19 1102 12 15 0.883565 
229 1054 11 13 0.882789 
81 1226 12 16 0.87881887 
104 1333 15 19 0.87782204 
101 1242 12 16 0.8756482 
868 1173 11 15 0.8689168 
617 935 8 11 0.86725473 
640 1173 13 16 0.8661271 
830 947 9 12 0.8617234 
630 925 10 13 0.854355 
383 1296 12 17 0.85236317 
793 1013 9 12 0.84931844 
201 1125 10 14 0.8457358 
440 964 10 12 0.8449478 
285 895 9 11 0.83939636 
98 1166 13 17 0.83908266 
801 873 8 10 0.8337312 
166 1052 10 12 0.8296329 
363 991 12 15 0.8203778 
541 863 9 10 0.8193896 
741 900 10 13 0.81935865 
657 1062 9 13 0.81912297 
342 1043 11 14 0.81849086 
647 1046 11 14 0.8141869 
449 1006 9 13 0.81334907 
61 964 9 12 0.8113047 
108 1208 14 18 0.81096625 
830 1086 10 14 0.8028491 
319 1165 10 12 0.80138177 
671 1225 12 16 0.79693854 
669 1139 11 14 0.7928587 
943 1158 10 12 0.79011965 
63 1227 13 17 0.78589076 
879 999 9 12 0.78208894 
277 831 8 10 0.7723004 
620 975 10 12 0.7702493 
721 1125 10 13 0.7629446 
200 1084 10 14 0.76293874 
28 1339 13 19 0.7603627 
310 837 9 10 0.76002485 
177 982 8 10 0.75839394 
836 1092 11 14 0.7573263 
628 1233 13 17 0.7548039 
654 1194 11 14 0.75464255 
474 1014 9 12 0.75203073 
972 1048 11 15 0.7471418 
99 1289 12 17 0.7436931 
93 1093 10 14 0.7422377 
38 1335 15 19 0.73676896 
111 1056 10 12 0.7241933 
94 1071 9 13 0.7095639 
119 1189 12 15 0.70576817 
748 948 9 12 0.70439965 
733 1156 11 13 0.70218295 
207 1015 9 12 0.700283 
845 959 9 10 0.69877416 
120 925 8 11 0.6860807 
796 1346 15 19 0.67957926 
845 973 9 12 0.6783062 
665 1259 12 16 0.67119086 
125 1095 10 13 0.66340536 
700 1076 10 13 0.6550451 
103 1015 8 10 0.6495027 
987 1165 11 15 0.6468786 
688 1051 10 13 0.646354 
114 1234 12 15 0.643553 
646 997 9 11 0.6375351 
63 846 8 10 0.6367472 
770 939 9 12 0.6357984 
109 1115 11 13 0.6338234 
57 1265 14 18 0.6328836 
180 1014 9 12 0.63195056 
114 981 8 11 0.63161427 
559 1139 9 12 0.6218975 
615 958 8 10 0.6117551 
828 1000 10 14 0.61049455 
789 948 9 11 0.60818577 
766 956 9 10 0.60726744 
175 1163 13 15 0.60557014 
287 869 9 12 0.5984158 
799 966 9 13 0.598258 
667 1348 12 15 0.5967058 
886 1026 10 13 0.5964307 
599 934 8 10 0.59587926 
53 1060 9 11 0.5877384 
104 952 8 11 0.5871632 
143 868 8 11 0.58625126 
158 980 8 10 0.5855029 
642 936 9 12 0.57663304 
582 880 8 10 0.57360053 
158 1243 14 16 0.5685225 
591 1079 9 11 0.5617024 
397 1147 10 12 0.5596067 
649 888 8 10 0.5529896 
166 1181 11 13 0.5524985 
112 1257 12 15 0.55124193 
97 1353 16 15 0.54978424 
686 1205 10 13 0.5491547 
607 989 8 11 0.54892087 
70 958 9 11 0.54837257 
608 1077 10 13 0.5462273 
623 1194 12 15 0.54382646 
46 1323 12 14 0.5430712 
162 1068 9 12 0.53626376 
40 1099 10 13 0.53315794 
183 996 9 11 0.5300489 
278 853 8 10 0.52801025 
71 1027 9 11 0.524912 
123 1047 8 11 0.5244582 
128 1071 9 11 0.52318454 
629 1005 9 12 0.52254015 
179 1136 11 13 0.5221431 
585 1004 9 11 0.52001584 
126 1132 12 15 0.513917 
207 1053 10 11 0.5135937 
38 1268 15 18 0.51177156 
44 972 8 10 0.50786793 
725 1108 9 11 0.506285 
252 1347 15 17 0.5053114 
626 1213 11 14 0.5036781 
574 865 7 9 0.49975273 
256 916 8 11 0.4954506 
510 1236 13 20 0.49202642 
445 1186 12 15 0.48836157 
613 1028 9 11 0.48777437 
697 839 8 11 0.487501 
437 1301 11 13 0.48449054 
255 852 8 10 0.48320284 
39 1072 10 12 0.4823955 
327 830 8 10 0.4771402 
191 959 9 11 0.475893 
101 895 9 11 0.47537628 
812 1011 10 12 0.47459176 
0 1267 8 15 0.47246283 
749 912 9 12 0.4721383 
126 1226 11 13 0.47015724 
655 919 8 10 0.47008988 
532 1148 10 12 0.46975198 
109 916 8 11 0.4677789 
170 1031 8 10 0.46683407 
119 893 8 11 0.46558037 
634 984 8 11 0.4631874 
79 1254 12 14 0.462444 
289 918 9 11 0.46212497 
262 964 10 12 0.45888662 
276 1185 12 15 0.45801213 
567 1065 9 11 0.4568732 
209 1005 9 11 0.4549102 
712 881 8 10 0.44990638 
613 909 8 10 0.44896737 
309 929 9 11 0.43929473 
822 1063 9 11 0.43779123 
204 1282 10 14 0.43364817 
693 877 8 10 0.4334079 
199 967 8 12 0.4318402 
101 992 9 12 0.43104848 
294 839 8 10 0.42469445 
688 1103 10 13 0.42300257 
599 871 7 10 0.42265105 
607 887 8 10 0.41669872 
441 1235 10 14 0.41615292 
193 1067 10 13 0.41393206 
218 1122 10 13 0.41276902 
685 1072 10 11 0.41247413 
230 1023 9 12 0.41056022 
737 1104 9 12 0.40945852 
240 1000 10 12 0.40917528 
0 1324 13 20 0.40909064 
722 1218 13 16 0.40837514 
255 898 8 10 0.40824518 
217 767 8 10 0.40543878 
229 805 8 9 0.40427178 
578 952 8 10 0.4011713 
6 1053 9 11 0.40114692 
589 1028 8 11 0.40005326 
602 949 8 10 0.39949575 
439 1143 10 13 0.39756742 
253 944 10 12 0.39720803 
825 868 7 10 0.39683896 
271 942 9 11 0.38560745 
269 1004 9 11 0.38537368 
305 1220 10 14 0.38014385 
823 943 9 12 0.3799716 
254 1008 9 11 0.37774554 
608 927 8 11 0.37643737 
536 1024 9 12 0.37563407 
518 1134 9 12 0.37086448 
654 1302 11 14 0.36931625 
702 1103 9 12 0.36902744 
632 897 8 10 0.36856833 
609 871 8 9 0.3680424 
806 1045 9 11 0.3678448 
238 962 9 13 0.364998 
0 1099 8 13 0.36045092 
176 1063 9 11 0.36037815 
576 983 8 10 0.3600704 
567 966 8 10 0.3580087 
756 1095 9 12 0.35474348 
201 793 8 11 0.35432717 
573 1021 9 11 0.35410133 
598 1246 11 14 0.35386264 
726 918 10 13 0.3525792 
206 1048 10 12 0.351745 
97 877 8 10 0.34767643 
327 997 11 15 0.3468208 
639 829 8 10 0.3438068 
200 913 8 9 0.34106767 
6 877 9 12 0.33967164 
125 879 9 11 0.33881655 
589 1057 8 11 0.33808607 
570 719 7 9 0.33629984 
382 1223 10 12 0.33621994 
119 1013 8 11 0.33562037 
620 1310 9 12 0.33243373 
606 790 7 9 0.3276675 
749 1263 10 14 0.32715276 
258 868 8 11 0.32707846 
157 1326 11 14 0.32565784 
185 855 7 10 0.3239714 
598 989 8 10 0.32365292 
605 1000 9 11 0.31977594 
79 1012 8 10 0.31853282 
121 1006 8 10 0.31588167 
203 934 8 11 0.3157684 
702 1265 11 14 0.3142188 
184 879 8 10 0.3119044 
409 1008 10 12 0.3116492 
174 1218 13 16 0.31045836 
207 1062 11 13 0.30958125 
598 905 8 10 0.30692545 
173 1107 11 15 0.301913 
536 905 8 11 0.3007185 
343 1135 9 13 0.29965034 
146 913 8 11 0.29785842 
202 1047 9 12 0.29720998 
591 1143 10 13 0.29602656 
170 1206 17 21 0.29549956 
624 895 8 10 0.29439566 
637 1069 11 13 0.29415494 
126 1005 9 11 0.29389805 
35 1350 15 17 0.29337946 
394 696 9 12 0.29074037 
328 813 8 10 0.28948486 
656 1307 11 14 0.2853613 
678 879 8 11 0.2835383 
665 1160 10 13 0.2831908 
689 998 10 12 0.27840868 
214 845 8 10 0.2757392 
173 1038 9 12 0.27364424 
150 912 8 11 0.27325612 
150 1017 8 11 0.27259487 
225 820 8 10 0.2709814 
89 1047 10 12 0.27070588 
135 1063 8 11 0.2690647 
789 958 9 12 0.268518 
522 1127 9 10 0.26842132 
529 805 7 9 0.26634744 
233 959 11 13 0.2652412 
545 1110 10 13 0.26452178 
629 919 10 12 0.2643183 
319 1238 11 15 0.26419187 
23 1047 10 11 0.2639551 
681 1206 9 12 0.2636407 
561 966 8 10 0.2630562 
136 928 8 10 0.26294988 
678 934 12 14 0.26257512 
690 793 7 9 0.2624434 
329 1181 11 14 0.26146877 
231 759 7 9 0.26122624 
226 933 9 10 0.2608427 
285 1227 14 15 0.260433 
728 855 8 10 0.26040852 
297 713 7 9 0.2599311 
608 864 7 9 0.2586877 
582 844 10 12 0.2533259 
129 990 8 10 0.25169525 
651 846 7 10 0.25013936 
248 818 8 9 0.2498835 
662 1133 9 13 0.24614951 
493 1205 11 13 0.246021 
574 1092 8 11 0.2455431 
289 823 8 9 0.24365294 
261 927 9 10 0.24363436 
129 952 8 10 0.23961556 
745 1088 9 11 0.23928504 
102 900 9 11 0.23581667 
105 956 8 10 0.23557238 
266 903 8 9 0.23505642 
733 877 8 10 0.23413096 
493 805 7 10 0.23303938 
145 974 8 10 0.23223025 
531 701 8 10 0.23209693 
727 895 8 11 0.23113799 
691 1020 10 13 0.23093584 
261 832 8 10 0.230188 
315 737 7 9 0.22957717 
241 933 8 10 0.22928828 
555 1330 12 15 0.22902168 
180 1241 16 19 0.22827668 
287 815 7 9 0.22626054 
231 975 10 12 0.22370979 
306 822 7 9 0.22243196 
528 999 8 11 0.22227965 
700 1011 9 12 0.22141325 
334 680 8 10 0.21869513 
90 1068 9 14 0.21605079 
573 895 8 11 0.2160066 
725 932 10 13 0.2158097 
608 1043 9 12 0.21576369 
662 791 8 10 0.21438669 
209 1035 9 12 0.21428885 
24 1052 10 12 0.21428524 
218 912 7 10 0.21415886 
278 918 8 10 0.21405184 
254 1067 11 14 0.21365632 
590 864 7 10 0.2134774 
117 941 8 10 0.21314688 
169 1110 11 14 0.21259846 
277 1222 12 16 0.21166912 
593 753 7 9 0.211642 
758 1124 10 12 0.21098849 
255 806 7 9 0.20962276 
34 794 9 11 0.20961931 
267 823 7 8 0.20917301 
85 1193 11 14 0.20897168 
187 912 8 10 0.20762913 
752 893 8 10 0.20717406 
135 1096 9 11 0.20658216 
319 1189 9 11 0.20589942 
305 863 8 10 0.20471549 
707 1286 13 16 0.20440911 
599 909 8 10 0.20405033 
2 1252 9 14 0.20392679 
721 1168 10 11 0.20372222 
629 1026 9 11 0.20306183 
554 960 8 10 0.20252891 
671 849 8 10 0.20070276 
661 1163 11 13 0.1984396 
188 1151 10 13 0.19795431 
232 861 8 10 0.1971202 
365 1029 10 13 0.19519512 
270 884 9 12 0.19495027 
199 855 8 9 0.19475558 
342 1222 11 13 0.19429396 
233 904 8 10 0.1928104 
721 864 7 10 0.19242819 
130 958 8 11 0.19187525 
98 1013 8 11 0.19104406 
78 1054 9 11 0.19087812 
529 1006 9 11 0.19039261 
184 966 8 12 0.18966264 
608 838 7 9 0.18937731 
346 697 7 10 0.18928845 
114 1078 8 11 0.18878472 
192 964 8 12 0.18854818 
198 880 9 10 0.18840942 
558 976 8 10 0.18806125 
351 1019 11 14 0.18798527 
573 1005 8 10 0.18795182 
865 877 8 10 0.18670729 
277 881 9 11 0.18658552 
290 1258 12 17 0.1855784 
577 917 8 11 0.1849209 
162 1015 8 10 0.1840885 
401 1014 7 10 0.18256414 
537 1044 9 12 0.18255515 
444 1143 10 13 0.1820414 
119 965 8 10 0.18152964 
291 840 8 10 0.18080729 
638 1108 10 13 0.17980778 
103 937 8 10 0.17954284 
270 948 9 12 0.17948264 
542 1047 9 11 0.17942807 
118 1053 9 12 0.17941932 
118 1078 9 12 0.17928143 
742 863 8 10 0.17902534 
266 886 9 11 0.1760153 
557 822 8 10 0.1745462 
186 849 7 9 0.17412554 
854 907 9 13 0.17321251 
553 1325 10 16 0.1724465 
55 1031 7 9 0.17226908 
428 1308 11 14 0.17196076 
302 852 8 11 0.17130142 
618 1166 9 13 0.17001314 
585 917 7 9 0.16993009 
711 1155 10 13 0.16906558 
519 1149 10 13 0.16900848 
666 807 7 9 0.16895318 
593 881 7 10 0.16745634 
715 856 7 9 0.16708824 
663 1189 10 13 0.16685754 
569 990 7 9 0.1652618 
651 919 7 10 0.16354847 
135 1009 8 10 0.16325124 
328 826 7 9 0.1626207 
506 801 8 9 0.16244689 
727 848 8 9 0.16222525 
717 1251 11 16 0.16193452 
146 823 7 9 0.16142705 
615 815 8 10 0.1613758 
575 974 8 10 0.16125537 
97 973 8 10 0.1611967 
656 925 8 11 0.16087392 
232 886 7 9 0.16074899 
608 1228 11 14 0.16012542 
584 830 8 9 0.15931478 
242 857 7 9 0.15927655 
658 822 8 9 0.15926433 
71 1061 9 11 0.15923971 
341 832 7 10 0.159177 
143 999 8 10 0.15902774 
630 809 7 9 0.15889823 
569 903 8 10 0.1569758 
241 873 8 10 0.15607426 
222 1043 8 11 0.1552359 
333 918 9 11 0.15369968 
322 711 7 9 0.15225102 
656 839 8 9 0.15133122 
178 816 8 10 0.15116401 
510 807 7 9 0.14803691 
217 974 8 11 0.1464624 
690 840 8 10 0.14612822 
352 782 8 10 0.14490826 
292 1159 10 12 0.14478448 
88 1064 10 12 0.14441454 
639 842 7 9 0.14440124 
527 1063 9 12 0.14422773 
299 807 7 9 0.14410837 
80 1157 10 12 0.1434982 
22 1061 9 11 0.1428969 
745 909 10 13 0.14232762 
133 1147 10 14 0.14175701 
102 941 8 10 0.14150402 
201 896 8 11 0.14036271 
233 784 7 9 0.13976891 
705 897 7 10 0.13970307 
596 1349 13 13 0.13943963 
119 1351 13 14 0.13936551 
270 822 7 8 0.13851368 
177 821 8 10 0.13767496 
238 895 7 9 0.13715643 
577 957 7 10 0.1365589 
634 869 8 10 0.1363885 
466 679 8 10 0.13603288 
544 1054 9 11 0.13573825 
744 886 8 10 0.13536045 
133 1069 8 11 0.13529675 
206 897 8 11 0.13508576 
581 1174 10 13 0.13475738 
274 925 8 11 0.13444857 
272 881 9 10 0.13427033 
215 786 7 10 0.13426918 
233 1028 9 12 0.13382834 
605 1132 9 11 0.13358797 
589 919 7 9 0.13352701 
577 743 7 9 0.13287397 
295 1148 10 12 0.13257354 
568 912 8 10 0.13201752 
169 941 9 10 0.13105315 
229 845 9 10 0.13053359 
121 887 9 11 0.13015305 
207 928 8 10 0.13011605 
785 998 9 12 0.12991942 
664 839 7 9 0.12933716 
257 837 7 9 0.12927674 
213 1033 9 11 0.12907413 
559 678 7 10 0.12841523 
788 1093 9 12 0.12829101 
583 870 8 10 0.12802716 
608 833 7 9 0.12754938 
0 547 9 16 0.12724753 
232 881 7 10 0.12711968 
624 784 6 9 0.12660156 
78 1029 8 11 0.1265913 
200 831 7 9 0.12641305 
0 1062 8 11 0.12633137 
533 942 9 11 0.12568764 
623 1157 11 14 0.12528501 
649 777 7 9 0.1251523 
600 846 7 9 0.12467252 
560 1007 9 10 0.12465262 
248 785 8 8 0.124387965 
278 861 8 10 0.1243707 
347 743 6 8 0.124262534 
184 1118 9 12 0.12410871 
426 728 7 9 0.123696685 
397 677 8 10 0.12325971 
491 1199 11 13 0.12314856 
602 841 8 9 0.12314151 
726 829 7 10 0.122440346 
673 806 7 9 0.12226065 
239 1014 8 11 0.12225729 
175 846 8 9 0.12222672 
659 1069 11 14 0.122204706 
594 758 7 9 0.12200105 
625 725 7 10 0.12196827 
141 1096 9 11 0.12152396 
362 775 7 9 0.12134403 
279 997 9 11 0.12106343 
591 824 8 10 0.12094335 
558 817 8 9 0.11997139 
534 1040 9 11 0.11781367 
0 1315 11 18 0.117667034 
158 997 8 10 0.117571324 
661 869 8 10 0.11716697 
640 1092 10 13 0.11710481 
647 927 8 11 0.1161958 
357 1015 10 12 0.11612553 
80 1062 8 11 0.11599778 
695 873 8 10 0.115862496 
584 768 7 9 0.11584658 
424 734 7 9 0.115799665 
897 896 10 13 0.11566959 
393 1201 9 10 0.115575105 
639 799 7 9 0.115392454 
297 852 8 10 0.115375996 
305 817 7 9 0.11530469 
712 1095 9 11 0.114557646 
569 1000 8 10 0.11449179 
626 697 8 10 0.11420393 
182 975 8 10 0.11360575 
337 712 8 10 0.113557845 
530 1039 8 11 0.113249905 
713 1086 8 10 0.113085 
684 938 10 13 0.11293988 
144 992 7 9 0.11288438 
189 1036 10 12 0.112842724 
704 1142 9 10 0.11232896 
591 704 8 10 0.112317175 
856 872 8 10 0.11198629 
121 1099 10 12 0.111873314 
49 1057 9 11 0.111828126 
642 809 7 9 0.11150997 
222 910 8 10 0.1113526 
183 884 8 10 0.1111016 
113 990 8 11 0.11016531 
648 752 7 9 0.1093859 
331 775 7 10 0.10923274 
170 952 9 10 0.1091437 
553 1031 8 10 0.10907051 
670 742 7 9 0.10891574 
874 998 9 13 0.108440705 
607 893 8 10 0.10835061 
214 876 8 10 0.10818301 
695 1102 9 12 0.10795337 
529 1031 8 10 0.107549176 
85 1157 10 13 0.107196495 
145 887 7 10 0.107055664 
227 758 8 10 0.106904306 
169 935 8 11 0.10684389 
602 1003 9 11 0.10678789 
526 1311 10 13 0.106468864 
129 1014 7 11 0.106354706 
593 869 8 10 0.10630881 
711 898 8 10 0.10623458 
726 861 9 11 0.10607487 
66 872 8 11 0.10601413 
73 1055 9 11 0.106010005 
398 1265 14 18 0.10555557 
262 910 9 11 0.10512919 
465 718 8 9 0.10502613 
558 981 8 10 0.10461243 
343 865 8 10 0.10455796 
644 812 7 9 0.10430327 
498 1327 12 17 0.104198724 
315 785 7 8 0.10403791 
634 1234 13 16 0.1039539 
831 1141 10 12 0.10381395 
60 1251 12 14 0.10379903 
314 791 7 9 0.10349608 
226 929 8 9 0.103159934 
646 809 7 8 0.10315596 
719 1214 11 16 0.10282168 
297 847 8 11 0.10260867 
630 1001 9 11 0.102575175 
236 1031 9 11 0.10250933 
577 661 7 9 0.1021727 
93 1063 9 12 0.102152474 
184 1124 10 12 0.101090625 
612 1070 9 11 0.10095491 
216 966 8 11 0.10088961 
550 695 7 9 0.10059735 
176 1086 10 14 0.10052013 
655 833 7 9 0.100342676 
282 808 7 9 0.100095436 
750 869 9 12 0.10007629 
590 790 7 9 0.09989373 
86 981 9 10 0.09969053 
454 665 8 9 0.099635035 
481 664 8 11 0.09954661 
293 912 8 11 0.09953426 
133 1140 11 13 0.09949287 
309 822 8 10 0.09935518 
649 782 7 9 0.09919927 
869 878 8 10 0.09899927 
702 870 8 10 0.0987338 
232 950 9 11 0.09845916 
593 953 7 9 0.09792464 
672 919 8 11 0.09776231 
78 993 10 11 0.097518705 
400 1008 7 10 0.0973363 
317 888 9 11 0.097011045 
470 1254 11 16 0.09655107 
319 871 8 9 0.09643463 
153 999 8 10 0.096069366 
543 868 8 10 0.09597944 
455 1266 12 18 0.09595167 
478 701 8 10 0.095830485 
625 1011 8 12 0.0954614 
323 830 8 10 0.09516801 
313 799 7 9 0.09486121 
426 720 8 10 0.09483068 
77 997 10 12 0.09482674 
256 1148 9 12 0.094737545 
157 876 8 11 0.09452059 
537 884 10 12 0.09445166 
921 990 9 12 0.09435517 
144 969 8 10 0.094301246 
490 710 7 10 0.094261676 
814 1101 8 11 0.09362826 
182 895 9 12 0.0932958 
430 697 8 10 0.093179 
692 1206 10 12 0.09312854 
282 815 7 9 0.09241147 
209 871 8 11 0.09211576 
254 817 7 9 0.09170354 
67 1233 12 15 0.09166366 
285 1046 10 13 0.091417976 
157 894 8 9 0.09134002 
98 995 9 11 0.0912767 
498 1156 9 12 0.09120447 
226 886 8 10 0.0910775 
297 785 7 9 0.09106981 
112 998 8 10 0.09049635 
170 1178 13 14 0.09043746 
248 790 8 9 0.09040741 
144 1037 8 10 0.09010511 
691 797 7 9 0.089860864 
166 1025 9 10 0.089841515 
101 1094 9 13 0.08956303 
673 816 7 9 0.08929588 
312 980 9 11 0.08905765 
367 696 8 10 0.08884872 
154 870 7 11 0.088688076 
184 1039 9 11 0.088565 
29 753 9 10 0.08855764 
25 1078 8 11 0.08851697 
275 920 8 10 0.08848536 
216 917 8 9 0.08844671 
725 924 11 13 0.08826134 
392 665 7 10 0.08799174 
145 855 8 10 0.08788756 
229 822 7 10 0.08774948 
627 809 6 8 0.087433904 
87 976 9 11 0.08736555 
844 993 12 14 0.08717375 
560 1047 9 11 0.08716276 
94 1157 12 15 0.087152496 
214 1015 9 12 0.08715026 
330 734 7 9 0.08699076 
129 964 8 11 0.08691023 
771 901 9 11 0.086836636 
938 1156 9 13 0.0866084 
161 1182 11 14 0.0865701 
174 1041 10 13 0.08653801 
369 710 8 10 0.086511135 
457 728 7 9 0.08639586 
679 806 7 9 0.086319074 
278 1143 9 12 0.08625836 
650 841 7 10 0.0861609 
498 689 7 8 0.08598869 
230 831 8 9 0.085836746 
190 847 8 10 0.08576849 
687 862 8 10 0.08564324 
296 886 8 11 0.085622065 
635 799 7 8 0.085565805 
138 887 7 10 0.08543127 
269 1013 10 12 0.08496947 
313 903 8 10 0.084768064 
567 742 7 9 0.08466709 
495 1209 10 14 0.084581375 
649 800 7 9 0.084362306 
472 1164 10 14 0.08434238 
237 1046 10 12 0.08417234 
474 701 8 10 0.08401679 
728 887 8 10 0.083543964 
180 1157 11 13 0.08343228 
843 1204 14 19 0.08332302 
551 878 8 10 0.08327869 
595 987 7 9 0.083264545 
542 905 8 10 0.083221905 
502 1151 9 12 0.08315793 
225 905 7 10 0.08314024 
570 679 7 9 0.08313652 
275 849 8 11 0.08312631 
150 824 7 9 0.08305568 
377 1024 9 12 0.08297376 
399 718 7 9 0.08284066 
17 1046 9 11 0.082832284 
226 1022 9 11 0.082572274 
625 855 8 9 0.08242773 
247 855 7 10 0.08238348 
595 934 8 11 0.08228981 
367 720 7 10 0.082145706 
660 1127 10 12 0.08192946 
605 1118 11 13 0.08192133 
121 1000 8 11 0.08158844 
376 711 7 9 0.081364155 
615 821 7 9 0.081338994 
607 932 8 11 0.08127225 
669 1146 12 15 0.08120674 
704 702 8 10 0.081079595 
696 809 7 9 0.08095122 
815 965 10 11 0.080630824 
714 861 8 10 0.080495074 
559 1012 9 11 0.08037515 
206 963 9 12 0.08022771 
153 951 9 10 0.08021181 
230 981 9 11 0.08006839 
605 946 8 10 0.07976855 
256 760 7 8 0.079604335 
289 1164 9 11 0.0791798 
663 817 7 9 0.0791155 
593 709 7 9 0.07903754 
552 872 7 9 0.078942604 
200 972 9 11 0.07890755 
602 736 7 10 0.07877896 
530 934 8 11 0.07852849 
322 751 7 9 0.07810504 
226 881 7 9 0.078026354 
208 790 7 10 0.077974744 
662 1074 11 12 0.07791094 
97 888 8 10 0.07786528 
216 854 8 10 0.077538885 
311 916 8 10 0.077394955 
675 822 7 9 0.07731446 
394 713 7 9 0.07719083 
534 749 7 9 0.07716706 
633 792 7 9 0.07685533 
37 1263 13 16 0.07684287 
169 957 9 10 0.07675294 
718 1150 10 12 0.076734066 
739 861 8 11 0.07665739 
152 887 8 10 0.07632428 
288 874 9 13 0.07631596 
559 761 7 9 0.07607504 
602 854 7 10 0.07599214 
251 806 7 8 0.07598814 
142 982 9 10 0.075966686 
394 717 7 10 0.075795144 
363 1166 12 16 0.07531061 
134 951 8 11 0.07524323 
622 760 7 9 0.07520822 
819 1061 8 12 0.07507722 
16 756 7 10 0.0749196 
781 902 8 11 0.07472938 
651 832 7 9 0.07453168 
276 1059 10 13 0.07452604 
57 1038 8 10 0.074329905 
396 1204 9 12 0.07399359 
451 664 7 10 0.073991925 
520 1006 8 11 0.073892176 
710 1141 9 11 0.07380389 
230 919 8 10 0.07379308 
892 1023 9 12 0.073483065 
721 897 7 10 0.07347359 
424 992 9 12 0.07344503 
191 855 7 10 0.07334614 
698 904 7 9 0.07286864 
261 1148 9 12 0.07262499 
606 1127 9 11 0.072461575 
3 1054 8 11 0.07228452 
139 869 8 10 0.072193205 
553 711 7 9 0.07215671 
640 1116 11 15 0.07211431 
535 974 8 10 0.0720074 
786 1006 8 11 0.071939975 
239 860 8 10 0.071931 
601 776 7 9 0.07190514 
559 1039 8 9 0.07186456 
550 935 8 10 0.07183605 
573 968 7 10 0.07176035 
180 785 8 9 0.07168564 
615 1014 8 10 0.07156905 
288 925 8 10 0.071533725 
426 697 7 9 0.0714269 
599 727 7 8 0.07121206 
432 1056 9 11 0.070969366 
182 767 10 12 0.07089012 
759 872 8 10 0.0708453 
275 790 7 9 0.07084008 
729 991 9 12 0.07083814 
174 1170 12 15 0.070741 
537 681 7 9 0.070705205 
756 924 8 11 0.07058643 
181 814 8 10 0.07052801 
249 840 7 9 0.07048217 
95 911 7 10 0.07043398 
309 1254 11 14 0.070237465 
240 784 7 9 0.07015187 
142 928 8 10 0.07013555 
274 785 7 8 0.07006682 
577 1038 8 11 0.07006026 
159 1187 11 15 0.070027985 
793 888 8 10 0.0699277 
102 1140 11 13 0.06980434 
198 1007 9 11 0.06965996 
620 894 7 10 0.06961824 
234 1205 17 18 0.069438666 
258 960 10 13 0.06932149 
845 966 10 13 0.0693154 
591 1135 10 12 0.06882367 
608 743 7 9 0.06868922 
689 873 8 10 0.06865211 
674 884 8 10 0.0684941 
563 742 7 9 0.06842819 
247 1044 10 12 0.06835574 
632 785 6 9 0.068346605 
399 713 7 9 0.06826212 
386 736 7 9 0.06816667 
152 975 7 10 0.06813508 
571 1064 9 11 0.068015136 
86 895 8 11 0.06799302 
625 814 7 8 0.067871556 
321 1007 9 10 0.06778521 
277 941 9 12 0.067734525 
459 774 7 9 0.06769184 
526 1131 10 12 0.06754404 
454 1199 10 13 0.06743253 
415 1265 12 19 0.067328446 
525 1259 9 12 0.06712431 
310 719 7 8 0.06709666 
129 985 7 9 0.0670858 
247 1021 8 11 0.06694862 
368 703 7 9 0.06694447 
687 856 8 10 0.06690444 
584 725 7 9 0.06686095 
251 917 7 10 0.06652067 
512 1000 8 10 0.06649826 
225 862 7 10 0.06636278 
578 857 7 8 0.06626549 
670 1075 8 12 0.06625041 
231 909 8 10 0.06606996 
288 865 9 10 0.06602589 
127 838 8 10 0.06594729 
144 1068 8 11 0.065937646 
640 719 7 9 0.065746546 
663 687 9 13 0.06573062 
323 718 7 10 0.06566437 
829 1069 9 11 0.065461926 
337 717 8 10 0.06536945 
199 885 9 10 0.065269455 
280 1006 9 12 0.065256774 
115 894 7 10 0.06503702 
115 1059 10 13 0.06502119 
88 1285 11 15 0.06495129 
111 959 7 9 0.064634964 
16 1053 9 11 0.06457931 
840 1017 9 10 0.064574264 
101 973 8 10 0.06435423 
641 742 7 9 0.06432849 
153 959 8 9 0.06432203 
857 877 8 10 0.06411148 
265 950 9 11 0.06403697 
589 1000 8 11 0.064010054 
598 878 8 10 0.06384842 
292 1028 10 13 0.06375455 
579 981 9 11 0.06357101 
158 951 8 10 0.063532956 
255 802 7 8 0.0635186 
674 769 7 9 0.063491665 
938 1040 8 11 0.063427955 
265 805 7 10 0.063331746 
722 848 7 9 0.06324702 
195 1008 8 11 0.06300744 
534 949 8 10 0.06298589 
681 902 7 9 0.06296679 
231 789 7 8 0.06290334 
337 848 7 10 0.06280356 
447 1196 11 14 0.062676325 
242 821 7 9 0.06264199 
719 1171 10 12 0.06264197 
280 825 7 8 0.06248494 
597 1300 12 15 0.06243169 
161 1046 8 10 0.062333435 
216 928 8 10 0.062264632 
619 665 7 10 0.062133875 
648 913 8 10 0.062092148 
55 1024 8 10 0.062052067 
632 865 8 10 0.062042102 
367 776 7 9 0.06194956 
326 750 7 9 0.061891437 
0 1084 7 12 0.061720822 
682 897 7 9 0.061703376 
409 1208 9 10 0.061687123 
689 886 8 10 0.06165397 
247 1004 9 13 0.061592754 
264 933 8 11 0.06150385 
162 1021 8 11 0.061373726 
403 1259 14 20 0.061262436 
584 687 6 9 0.061184406 
143 775 8 10 0.061135273 
78 1048 8 12 0.06109353 
611 1024 8 12 0.061060857 
518 688 7 9 0.06097559 
831 870 8 10 0.060899556 
303 775 7 9 0.060838696 
704 965 9 11 0.0608161 
610 905 8 10 0.06080711 
265 801 7 9 0.06078635 
744 1167 9 12 0.060423262 
112 903 8 9 0.06041351 
271 984 10 13 0.060327493 
607 858 8 9 0.06030915 
601 1129 9 11 0.06026755 
335 912 9 10 0.060229022 
718 854 7 10 0.060179897 
642 768 7 9 0.060154036 
555 679 7 9 0.060145978 
173 936 8 11 0.060097832 
192 841 7 10 0.060061138 
702 733 8 9 0.05990591 
222 1015 9 10 0.059753813 
634 776 6 9 0.05975155 
644 940 9 12 0.0597341 
682 863 8 10 0.059713155 
723 824 8 9 0.059687547 
149 863 8 11 0.059670724 
213 1000 8 11 0.059625175 
694 957 9 12 0.059421103 
625 901 9 10 0.05935233 
533 734 8 9 0.059154898 
127 873 8 9 0.059128042 
642 887 8 10 0.059099298 
146 1020 8 11 0.05898395 
616 849 7 9 0.058980364 
207 919 8 9 0.058980033 
502 694 7 9 0.058909226 
624 750 7 9 0.05890132 
581 854 8 10 0.05888666 
568 738 8 9 0.05861161 
151 968 8 10 0.05854295 
286 809 6 8 0.05846082 
165 968 9 11 0.0583861 
246 873 7 9 0.058348432 
430 726 7 9 0.058313936 
214 800 8 10 0.0582426 
693 677 9 10 0.058230598 
590 1228 11 14 0.058220193 
601 930 8 10 0.05807464 
233 743 7 9 0.05807377 
394 1144 10 12 0.05799653 
599 705 7 9 0.05795705 
655 1214 11 15 0.057839796 
266 1000 9 11 0.05776842 
617 854 7 9 0.057748374 
207 806 8 10 0.057538435 
698 813 7 9 0.057510957 
178 1020 9 11 0.057453245 
659 941 10 13 0.05738947 
725 1208 12 14 0.057284325 
757 1013 9 12 0.05713486 
703 1156 9 12 0.05704351 
681 814 6 9 0.057012472 
401 734 7 9 0.056918677 
882 1022 10 14 0.056858912 
272 1143 8 11 0.05685611 
303 1226 10 14 0.056790117 
682 1077 10 12 0.05673644 
690 825 7 9 0.05671627 
216 771 8 11 0.056655962 
102 969 8 10 0.056595817 
629 855 8 9 0.05656144 
193 823 8 10 0.05651169 
272 937 9 11 0.05648165 
686 910 9 10 0.056439295 
614 694 7 9 0.056309722 
577 887 8 10 0.056250595 
280 991 9 12 0.05624384 
199 839 8 10 0.05615241 
763 953 8 10 0.055923354 
639 895 8 10 0.0559115 
595 1148 12 14 0.055854455 
462 1332 13 16 0.05581517 
756 1285 10 13 0.055780556 
765 1314 17 23 0.055744983 
663 768 7 8 0.055622246 
106 1245 14 17 0.055329967 
199 953 9 10 0.055157814 
612 959 7 10 0.055154737 
668 1087 10 12 0.054829016 
126 1021 8 10 0.054823384 
792 893 9 10 0.054752972 
673 925 8 11 0.054750208 
138 919 7 9 0.054668456 
295 941 9 11 0.05457954 
558 953 8 9 0.054544516 
199 940 8 10 0.05441215 
186 1238 14 18 0.054285508 
694 824 8 9 0.054140363 
367 725 8 10 0.053960986 
49 1047 8 9 0.053648274 
725 1148 10 13 0.053635307 
173 956 9 11 0.053539544 
551 1206 9 11 0.05343564 
695 1095 9 10 0.053290702 
599 1064 9 11 0.05322908 
763 981 14 16 0.053188365 
497 998 8 11 0.053118926 
596 1189 11 15 0.053086493 
618 791 7 9 0.05308206 
63 1333 10 13 0.052938964 
96 1009 8 11 0.052689623 
680 831 7 9 0.05266409 
464 956 9 12 0.05259742 
560 1054 8 11 0.052529413 
688 694 7 11 0.052516453 
158 1041 8 10 0.052471343 
160 968 8 10 0.052446786 
706 886 7 10 0.052358303 
601 670 8 10 0.052215576 
611 720 7 9 0.05216327 
813 972 10 14 0.052131314 
479 1235 10 16 0.052103516 
791 963 9 12 0.052046634 
573 719 8 9 0.051971488 
150 1104 11 12 0.051915765 
197 1064 10 13 0.051779162 
485 1245 13 17 0.051767122 
176 926 7 10 0.051700518 
262 1144 8 11 0.051648177 
426 1095 7 10 0.051635414 
918 1046 9 13 0.05159663 
318 775 7 9 0.051568825 
639 966 9 12 0.05154645 
282 800 7 9 0.051484626 
434 1140 10 13 0.05142814 
290 783 7 9 0.051379103 
725 1253 10 14 0.051377036 
260 865 9 10 0.051368985 
550 888 8 10 0.05129195 
649 744 7 9 0.05120704 
109 1292 11 15 0.05117101 
176 840 8 10 0.051144153 
562 1000 7 10 0.051092282 
70 877 8 11 0.05091774 
586 825 7 9 0.050905813 
695 886 8 10 0.05087085 
578 817 7 10 0.050857756 
602 688 7 9 0.050850492 
575 914 7 9 0.050842818 
69 1350 12 12 0.050814714 
340 1253 11 14 0.050643113 
598 759 7 8 0.05054783 
265 895 8 10 0.050526116 
441 1092 9 11 0.050469253 
630 914 8 9 0.050464362 
562 1063 9 12 0.05045977 
598 1325 10 15 0.050430417 
319 791 7 8 0.050358836 
227 840 7 10 0.050337143 
120 1042 9 10 0.050257318 
558 649 7 9 0.050250996 
223 960 9 11 0.050108038 
207 798 8 11 0.05006942 
698 733 8 9 0.050044373 
113 1013 8 10 0.05003563 
704 1151 8 11 0.049996264 
92 1051 10 12 0.04999015 
329 729 7 9 0.049976703 
426 713 7 10 0.049943615 
641 865 7 9 0.049920287 
22 1343 16 20 0.049882945 
118 978 8 9 0.049768556 
7 753 9 11 0.049763855 
121 1070 8 11 0.049690396 
286 742 7 8 0.049633183 
216 861 8 10 0.049632695 
478 1205 9 13 0.04947122 
116 1157 13 17 0.049424555 
599 816 7 8 0.04941436 
414 1214 8 10 0.049371015 
216 991 8 10 0.049353562 
162 1246 15 19 0.049266007 
119 990 8 10 0.04922677 
179 855 7 10 0.04910767 
550 894 8 10 0.049040012 
80 1214 12 13 0.049023706 
185 1032 9 11 0.048972458 
602 742 7 9 0.048947345 
336 728 7 8 0.048944097 
5 1341 11 16 0.048835892 
634 845 7 9 0.048823062 
333 1175 11 15 0.048733193 
159 832 7 10 0.048726454 
716 880 8 10 0.048722047 
295 878 7 11 0.0487053 
111 1188 13 16 0.04869149 
113 937 7 10 0.048674405 
221 974 9 11 0.048652023 
624 777 7 9 0.04860144 
224 918 8 10 0.04852631 
518 695 7 8 0.04835909 
142 895 7 9 0.048342347 
645 1144 12 15 0.048326217 
458 1203 9 12 0.048226226 
698 1007 8 12 0.048175186 
57 885 8 12 0.048123386 
667 846 8 11 0.047908116 
615 887 7 9 0.04785034 
521 807 7 9 0.04782489 
472 737 8 9 0.047751114 
570 986 8 10 0.04774318 
291 1222 11 14 0.047689967 
598 1077 8 12 0.04765802 
470 718 8 9 0.047609944 
439 599 9 12 0.04758621 
378 1301 16 19 0.047574434 
241 805 7 9 0.04756065 
502 689 7 9 0.047247566 
32 831 8 9 0.047178004 
541 1027 9 12 0.047147386 
70 963 8 12 0.04701354 
439 736 8 9 0.04696976 
805 1062 8 10 0.046966787 
559 961 7 9 0.046890497 
174 1239 13 15 0.046842337 
88 903 7 9 0.046830427 
609 760 7 9 0.04680663 
645 1070 9 12 0.04679572 
416 1128 9 11 0.046719138 
673 831 7 10 0.04667855 
633 1078 8 11 0.046669777 
355 769 7 9 0.046639416 
607 1236 12 15 0.046626844 
576 738 7 9 0.046570495 
724 1164 10 13 0.04649197 
64 809 8 10 0.0464594 
79 918 9 11 0.046458766 
69 1342 11 13 0.04644212 
446 758 9 11 0.04642958 
250 800 7 9 0.046370693 
208 865 8 10 0.046357375 
609 751 7 9 0.04626675 
830 854 8 9 0.046249695 
87 1162 11 14 0.046186063 
240 840 7 10 0.046170022 
192 1131 10 13 0.046138287 
136 991 7 9 0.04605902 
315 895 7 10 0.045998085 
90 910 8 11 0.045964975 
377 718 8 9 0.045958593 
736 1028 9 11 0.045937203 
138 999 7 10 0.045888986 
450 720 7 9 0.045823015 
297 801 8 9 0.04581828 
321 1045 9 12 0.04574142 
167 929 8 10 0.045734428 
346 782 7 9 0.045733146 
238 1036 9 11 0.045705277 
633 945 8 9 0.04568987 
664 919 8 11 0.045666073 
690 809 7 9 0.045622326 
695 1245 12 14 0.045614842 
372 1306 16 19 0.04559173 
333 885 10 12 0.0455847 
901 899 9 12 0.045577843 
681 871 7 10 0.04556062 
934 937 10 11 0.04555382 
36 1226 12 15 0.045530222 
577 678 7 10 0.045485694 
354 776 7 10 0.04545658 
209 855 7 9 0.04542523 
636 1102 12 14 0.045384906 
103 1087 9 12 0.045379415 
608 922 8 9 0.045372456 
663 901 8 10 0.045371186 
221 1094 10 12 0.045369923 
288 830 8 10 0.045367602 
604 1243 11 15 0.045212537 
297 893 8 11 0.04518777 
616 726 7 9 0.045175485 
408 1187 10 13 0.045085486 
304 728 7 9 0.044997416 
55 1044 9 10 0.04499268 
527 830 8 11 0.044992063 
497 721 7 9 0.044969205 
696 1084 9 11 0.044928778 
624 745 8 9 0.04486046 
619 784 7 9 0.044765618 
664 896 7 10 0.044756275 
696 1123 9 11 0.044724204 
113 1008 8 10 0.04468942 
844 1217 13 15 0.04467394 
587 703 7 9 0.04465895 
611 694 7 9 0.04465857 
155 1110 11 13 0.044628546 
198 824 8 10 0.044562157 
696 934 9 12 0.04449397 
646 862 8 10 0.04445703 
78 1311 12 16 0.044377886 
573 988 8 10 0.04435412 
194 830 7 9 0.044313625 
385 741 8 9 0.044299908 
663 864 8 10 0.04428108 
627 913 7 10 0.044280283 
689 845 7 10 0.044258893 
167 1163 13 15 0.044254303 
233 872 7 9 0.044244558 
615 711 7 9 0.04419782 
29 852 10 13 0.04417557 
587 1077 8 11 0.044130795 
542 880 8 11 0.044120334 
107 1055 9 12 0.044109493 
359 1008 8 11 0.04409193 
85 1030 8 10 0.04408538 
184 840 7 10 0.044076376 
296 790 8 8 0.04407517 
171 846 7 10 0.043996345 
282 758 6 8 0.043991186 
170 982 8 11 0.04384666 
253 1144 9 12 0.04381579 
633 886 8 9 0.04373629 
529 679 7 9 0.043703694 
753 1110 9 12 0.043597635 
603 864 7 9 0.043553818 
4 1285 12 16 0.04350615 
127 856 8 10 0.04348415 
200 872 8 10 0.043462873 
289 844 8 10 0.043285284 
199 759 8 10 0.043275822 
216 1020 9 11 0.04326256 
192 774 7 9 0.04318742 
286 736 7 8 0.043137226 
682 855 7 9 0.043031104 
303 1150 9 12 0.043029763 
152 1062 9 10 0.043024037 
393 671 8 9 0.04296452 
696 858 8 9 0.042858243 
368 958 10 13 0.042811114 
319 1012 9 11 0.042759266 
192 1013 8 10 0.042688217 
121 1019 8 11 0.042677097 
618 750 7 9 0.04265714 
273 818 6 8 0.042630285 
342 1216 10 13 0.042627294 
553 719 8 9 0.042601533 
427 700 8 10 0.04251667 
521 1120 9 11 0.042450905 
554 954 8 9 0.04243838 
730 872 8 11 0.042426433 
595 726 6 9 0.042347036 
110 951 7 10 0.04219762 
625 1232 10 14 0.042143226 
455 1339 10 15 0.042061977 
211 785 7 9 0.04198647 
592 911 7 9 0.041960005 
559 719 8 9 0.04193932 
135 1086 8 11 0.041927937 
145 934 7 9 0.041905243 
618 760 7 9 0.04186468 
6 1061 8 11 0.04184546 
544 928 8 11 0.041840203 
328 744 7 9 0.041786462 
175 863 8 10 0.04176218 
203 929 8 10 0.04172089 
490 774 8 9 0.04170503 
593 745 6 9 0.041657113 
334 809 8 9 0.04164074 
606 800 7 9 0.04159612 
359 662 7 9 0.041553874 
349 696 7 9 0.04152017 
514 1005 8 10 0.04150869 
593 1243 10 15 0.041493043 
698 927 8 10 0.0414894 
490 1174 8 12 0.04141418 
521 679 6 8 0.041370153 
698 910 7 10 0.04135191 
599 1306 12 16 0.041334733 
650 792 7 9 0.041330196 
160 1008 8 10 0.041314065 
157 837 8 10 0.041298326 
489 768 7 9 0.041242007 
572 901 8 10 0.04122068 
66 1062 9 11 0.04121623 
176 920 8 10 0.041138597 
221 1078 9 12 0.04110161 
302 784 7 9 0.04103353 
664 800 7 9 0.04099903 
224 941 8 10 0.04093548 
490 801 8 10 0.04089681 
572 868 7 10 0.040686276 
76 1008 7 10 0.04065955 
576 702 7 9 0.040636424 
161 928 9 10 0.040614277 
418 735 8 9 0.04060543 
702 917 9 10 0.040605422 
297 815 7 9 0.040589876 
136 966 7 10 0.04054729 
617 1267 11 14 0.040513426 
861 1028 10 13 0.040472668 
32 980 8 10 0.04044231 
313 878 7 10 0.04040538 
847 978 10 11 0.040383432 
433 1135 8 10 0.040376775 
165 974 8 10 0.040333543 
269 894 8 10 0.04031499 
268 966 9 12 0.040312577 
44 1075 9 12 0.040299565 
279 783 7 8 0.04028571 
682 790 7 9 0.040282752 
391 1096 7 10 0.040268343 
240 846 7 9 0.04023774 
618 1126 9 11 0.04023603 
233 1050 12 15 0.040218465 
120 1083 9 12 0.040205643 
8 1101 8 12 0.040154293 
626 862 8 11 0.040142257 
632 1099 10 14 0.040087633 
224 751 7 9 0.039969925 
227 784 7 9 0.03978225 
494 965 8 11 0.039778527 
688 904 7 9 0.039709765 
693 992 9 12 0.039634645 
463 1045 8 10 0.039626896 
625 849 6 8 0.039594173 
161 918 8 10 0.039590113 
289 778 7 8 0.039537948 
321 706 7 9 0.039498426 
543 830 9 10 0.039425634 
710 702 8 11 0.039393466 
591 1045 9 10 0.03938889 
532 999 8 11 0.03932697 
152 944 8 10 0.03925413 
259 1341 12 17 0.039215967 
646 757 8 9 0.039134797 
225 982 9 11 0.039084595 
470 1093 8 10 0.039078988 
439 704 8 9 0.03907453 
702 785 8 10 0.039014142 
276 1355 15 13 0.03897878 
607 786 6 8 0.03883466 
226 830 8 10 0.038827725 
576 696 7 9 0.038788803 
368 1208 9 12 0.038772475 
671 933 9 12 0.03877016 
288 729 7 8 0.038749445 
675 773 6 9 0.038714375 
643 1122 11 15 0.038628902 
366 792 8 9 0.038593538 
96 926 8 10 0.038516004 
198 957 9 12 0.03850884 
73 1047 9 11 0.03848787 
462 728 7 9 0.03839557 
540 1197 11 14 0.038394388 
278 934 9 11 0.038390134 
703 912 8 11 0.038386386 
80 969 8 10 0.038322434 
761 831 7 9 0.038318176 
132 1154 10 13 0.03829047 
180 1108 10 14 0.03827668 
613 927 9 11 0.038260095 
304 963 10 12 0.038252022 
207 913 7 9 0.038245857 
760 877 7 10 0.03824157 
671 737 6 9 0.038218115 
263 1166 9 12 0.03820425 
191 814 8 10 0.03813297 
554 1037 7 10 0.03812942 
256 791 6 9 0.038128126 
673 802 7 9 0.03808326 
26 757 8 11 0.03805347 
0 1336 11 19 0.038008284 
95 919 7 10 0.037928183 
116 1203 13 18 0.03788975 
44 534 15 18 0.037884828 
14 880 8 10 0.03787352 
639 926 9 11 0.037865456 
549 1054 8 11 0.03782232 
556 1032 8 10 0.03780451 
65 1095 9 12 0.03779088 
362 727 7 9 0.037786577 
230 1342 11 14 0.037773892 
324 1242 10 14 0.03774128 
176 830 7 10 0.037730757 
296 833 7 8 0.037629496 
242 801 7 9 0.03761994 
114 965 8 11 0.037619513 
297 753 7 8 0.03754688 
359 770 7 9 0.037519906 
577 944 8 11 0.037490055 
581 956 8 11 0.037459277 
625 767 6 9 0.037429314 
398 1178 11 16 0.037358977 
681 786 7 9 0.03735728 
126 926 7 11 0.037254103 
830 1080 11 13 0.037215613 
591 1236 11 15 0.0372024 
682 910 8 10 0.037194468 
130 1064 8 11 0.03718966 
24 1086 8 10 0.037163604 
510 1336 15 21 0.037116006 
635 842 7 8 0.03709173 
558 558 7 9 0.0370794 
600 769 7 9 0.03707874 
520 1013 8 11 0.03702171 
373 963 10 13 0.037014503 
127 1087 9 11 0.03697303 
442 1295 13 15 0.036949936 
184 874 9 10 0.036877554 
463 1101 8 10 0.036859926 
610 711 7 9 0.036804523 
16 1089 8 10 0.03679483 
183 927 8 10 0.036724623 
666 855 9 10 0.036638264 
152 791 8 10 0.036637645 
607 687 7 9 0.036529485 
562 1069 10 11 0.036522694 
518 982 8 10 0.036451325 
101 811 11 15 0.036428917 
136 816 7 10 0.036419142 
62 827 8 11 0.03633293 
269 1354 15 13 0.03630858 
79 1037 8 10 0.036306378 
125 1053 8 11 0.036302708 
168 775 7 10 0.03629743 
759 1276 10 15 0.036289748 
191 879 8 11 0.036270857 
251 847 7 9 0.036258508 
581 1039 8 11 0.03625371 
559 704 8 9 0.03622729 
272 807 7 9 0.03621806 
291 871 9 11 0.03620092 
918 948 9 13 0.036191687 
303 912 8 10 0.036177915 
192 1076 9 13 0.03616314 
404 1252 12 15 0.03615165 
181 1009 8 11 0.036144648 
638 902 8 9 0.036141038 
124 1342 12 14 0.03611165 
338 862 7 10 0.036100507 
344 950 10 11 0.036066018 
664 833 7 9 0.036040545 
66 1024 8 11 0.035986234 
678 1149 10 13 0.035986066 
463 734 6 8 0.035948224 
617 745 7 9 0.035913173 
695 758 8 10 0.035879295 
591 1129 8 10 0.035776082 
663 775 7 9 0.035736393 
159 912 7 10 0.035732273 
460 1337 12 15 0.035710312 
320 799 7 9 0.035685476 
441 1204 10 12 0.03566477 
673 903 8 10 0.035648312 
602 807 7 9 0.035577007 
602 665 7 9 0.035551917 
585 774 6 8 0.035469003 
599 754 7 8 0.03544686 
906 926 9 12 0.0354337 
288 1024 10 13 0.035423554 
704 846 7 9 0.035379477 
688 814 7 8 0.035361264 
911 901 8 10 0.035313446 
142 1005 8 10 0.035258222 
569 714 7 9 0.035257425 
81 1069 8 10 0.03523215 
336 853 8 12 0.035186913 
344 750 7 9 0.035170823 
337 1226 12 14 0.035115525 
648 720 7 9 0.035038203 
22 1041 9 11 0.035019685 
585 696 7 9 0.034997698 
227 790 7 9 0.034997307 
433 735 7 9 0.034989104 
358 1095 9 10 0.034948047 
175 871 8 10 0.034926537 
361 672 7 9 0.03491114 
173 1056 9 11 0.034907382 
192 953 9 12 0.03490126 
639 737 8 9 0.034788664 
288 799 7 9 0.034780957 
72 1252 12 14 0.034773946 
257 753 6 8 0.03476486 
603 800 7 9 0.03472165 
679 802 7 9 0.03469252 
309 1321 12 16 0.034683943 
466 1095 8 10 0.034683503 
473 727 8 9 0.0346738 
608 880 8 9 0.03461213 
334 735 7 9 0.03460786 
144 944 8 11 0.034598507 
224 1343 10 13 0.034591656 
805 966 9 13 0.034554437 
179 998 8 10 0.034494832 
16 1095 11 13 0.034477595 
745 1265 10 14 0.03446632 
70 1094 9 12 0.03444684 
93 1197 11 14 0.03443991 
567 961 8 10 0.03443585 
319 1301 11 13 0.034421675 
448 713 7 8 0.034379054 
792 933 9 11 0.03436714 
177 988 9 11 0.03433365 
192 863 8 10 0.034325544 
728 842 7 8 0.034310486 
169 831 7 9 0.034309134 
632 1085 9 11 0.03429812 
103 1077 8 11 0.034296036 
410 1213 8 10 0.03428601 
753 1099 9 11 0.0342353 
641 881 7 10 0.034142997 
413 1183 9 13 0.034118667 
694 798 7 9 0.034072675 
612 1234 12 16 0.03400484 
570 972 8 10 0.033960998 
0 1291 14 17 0.03394119 
636 829 7 10 0.03392734 
578 671 7 10 0.033925988 
158 959 8 10 0.033921324 
566 1077 10 12 0.03387461 
255 784 6 8 0.03384121 
72 760 9 11 0.033811886 
64 548 12 14 0.033802968 
194 942 7 9 0.033802364 
629 700 8 10 0.033789076 
511 1127 8 11 0.03377845 
219 750 7 9 0.033715017 
68 846 8 10 0.033709835 
857 1052 11 15 0.033701207 
601 918 7 9 0.033685837 
525 1320 12 17 0.033675876 
630 678 8 10 0.033673584 
687 1243 12 15 0.033664953 
129 862 7 10 0.033593453 
614 1103 8 11 0.033585995 
648 855 8 9 0.03356797 
345 777 7 9 0.033566914 
329 697 7 9 0.033554323 
297 1207 9 12 0.033551417 
533 1315 14 20 0.03350792 
24 879 7 10 0.033426434 
599 1039 8 11 0.03338657 
652 887 8 10 0.033357404 
609 767 7 9 0.033336196 
361 814 10 13 0.033335067 
504 813 8 10 0.03332931 
846 856 8 10 0.03328836 
617 809 6 9 0.0332328 
183 821 7 10 0.033203084 
387 1223 10 12 0.03313413 
86 1247 10 14 0.03310986 
307 1216 10 13 0.033083323 
787 945 8 11 0.033058684 
814 978 11 15 0.033015963 
545 933 8 11 0.033015743 
665 886 7 10 0.03301238 
709 1101 9 11 0.03296561 
846 1285 9 12 0.032956667 
608 807 7 9 0.0329258 
593 678 7 9 0.032851323 
538 1055 8 10 0.03280151 
640 959 8 10 0.03277731 
639 974 9 11 0.032771826 
247 1344 13 17 0.032658096 
662 711 8 10 0.032646023 
473 742 7 8 0.032633897 
663 762 7 8 0.03258181 
657 718 7 9 0.032556687 
305 753 7 9 0.032542907 
742 1005 9 11 0.032508828 
482 759 7 9 0.032479372 
613 1243 12 14 0.03246145 
7 1280 10 12 0.032442186 
702 927 8 10 0.03240987 
121 949 7 11 0.032365788 
359 958 10 11 0.032331552 
0 1274 10 14 0.032300804 
342 726 7 9 0.032288495 
363 721 7 9 0.032272156 
273 836 7 10 0.032233763 
487 759 7 9 0.032197356 
657 776 6 9 0.032175105 
238 889 7 9 0.032139517 
488 836 10 12 0.032105315 
149 857 8 9 0.03208354 
86 1354 15 13 0.032045685 
88 1040 8 10 0.03204206 
808 888 8 10 0.03202171 
869 926 9 12 0.03200439 
243 790 7 8 0.031986307 
313 871 7 10 0.03196075 
405 790 8 10 0.031906486 
694 793 7 9 0.03180268 
724 1129 12 14 0.031775203 
192 808 7 10 0.03176222 
751 1038 9 11 0.031737067 
444 1231 10 15 0.03172164 
365 814 11 14 0.031710193 
259 1351 16 16 0.031674385 
88 1089 10 12 0.031668723 
876 941 9 11 0.031662464 
278 984 10 13 0.031655498 
288 753 7 9 0.03165098 
134 1057 9 10 0.03164997 
329 782 7 9 0.031623803 
614 833 7 9 0.03162012 
885 868 10 11 0.031583983 
536 671 8 9 0.031575296 
145 960 7 9 0.031498086 
217 934 8 10 0.031496003 
207 815 8 9 0.03148827 
224 856 7 10 0.031443413 
338 838 8 10 0.031441666 
455 781 8 10 0.031422924 
718 901 8 10 0.031416997 
643 759 7 9 0.03141352 
109 1348 12 15 0.031404175 
53 1214 12 17 0.031395204 
586 1025 8 11 0.031367395 
202 1013 9 12 0.031363793 
525 1294 9 12 0.031356297 
633 881 7 9 0.031354655 
633 745 7 9 0.03134955 
183 439 7 9 0.03132832 
550 929 7 10 0.03129461 
738 1157 12 13 0.03129403 
33 1100 10 13 0.031273223 
579 768 7 9 0.031265248 
432 784 8 10 0.031230569 
327 799 8 8 0.031227332 
200 1175 9 12 0.031212362 
198 767 8 9 0.03119951 
569 825 7 10 0.0311975 
723 841 6 9 0.031196406 
210 876 8 10 0.03109654 
118 936 8 10 0.031069862 
398 1029 9 12 0.031032722 
180 1227 12 14 0.03098101 
529 1144 9 12 0.030964205 
1012 1193 11 17 0.030903146 
718 982 9 12 0.030877652 
726 1121 9 11 0.030865427 
302 713 7 9 0.030829314 
152 935 7 9 0.030821636 
204 1174 10 12 0.0308153 
658 818 7 8 0.030810054 
53 1331 12 17 0.030797858 
501 1207 9 13 0.030784015 
290 792 7 9 0.03074613 
199 848 8 10 0.03069249 
577 750 8 9 0.030689102 
227 802 7 9 0.030678453 
297 744 7 8 0.03066016 
502 862 8 10 0.030634768 
647 1076 9 11 0.03059151 
223 988 8 11 0.030570474 
35 968 7 10 0.03054326 
530 976 8 10 0.030535985 
184 860 8 11 0.030529154 
468 1335 13 17 0.030525738 
615 704 7 9 0.030499762 
480 677 9 12 0.030439144 
134 1117 8 11 0.03043533 
641 775 7 9 0.030426115 
390 742 7 9 0.030417295 
677 929 9 11 0.030404989 
435 605 8 11 0.030390415 
143 901 8 9 0.030378059 
319 838 7 10 0.03036418 
167 798 8 9 0.030359859 
745 881 7 9 0.030315282 
464 1254 11 15 0.03030495 
592 926 7 9 0.030300857 
239 1020 9 11 0.030277988 
200 1001 8 10 0.030266592 
490 706 7 8 0.030257273 
504 535 8 9 0.030254884 
478 1035 9 12 0.030206945 
634 720 7 8 0.030200982 
670 911 9 11 0.030191472 
230 944 9 10 0.030176733 
159 993 9 10 0.03016371 
606 737 7 9 0.030131048 
194 799 7 8 0.030113967 
440 741 7 9 0.03011223 
269 1019 10 12 0.03008971 
552 704 7 9 0.030087398 
559 711 8 10 0.03007562 
655 991 9 11 0.030058194 
495 711 7 9 0.0300494 
458 733 7 9 0.030021176 
689 830 7 9 0.030006502 
396 700 9 11 0.030000215 
847 888 8 9 0.02999503 
247 1062 10 14 0.029985575 
182 809 8 10 0.02998372 
533 698 8 9 0.029936455 
510 1029 8 11 0.029934429 
294 822 7 10 0.029916655 
542 1060 9 11 0.029902902 
217 943 8 10 0.029899014 
385 712 7 9 0.029852647 
702 814 6 8 0.029839773 
288 943 9 11 0.029818153 
262 854 7 9 0.029814636 
782 1027 9 10 0.029813439 
830 1062 8 11 0.029794328 
329 855 8 11 0.029778972 
255 765 7 9 0.02977036 
609 847 8 9 0.029758057 
238 982 8 11 0.029721545 
192 871 8 9 0.02971351 
217 1046 9 12 0.029644178 
555 760 7 9 0.029618263 
22 1070 8 11 0.029602714 
535 969 8 10 0.029580502 
639 949 8 10 0.029579908 
615 919 8 10 0.029562972 
331 1185 12 14 0.029552523 
447 974 9 11 0.02954205 
659 864 7 10 0.029535642 
839 877 8 9 0.029531963 
640 713 7 9 0.029529124 
463 1127 8 10 0.029524613 
101 1135 11 13 0.029513573 
713 724 9 11 0.029511007 
313 805 8 9 0.029508138 
143 950 8 11 0.029501887 
144 818 8 10 0.02947537 
31 976 8 10 0.029467775 
266 734 7 9 0.029435987 
0 1116 7 11 0.029421292 
178 966 9 10 0.02940672 
632 673 7 9 0.029404841 
552 689 7 9 0.029336542 
219 817 7 9 0.029303607 
685 1355 13 12 0.029261723 
609 680 7 9 0.029173106 
480 726 7 9 0.029135935 
152 1038 8 11 0.02913008 
687 895 7 9 0.02912105 
535 1014 9 11 0.029119141 
345 679 7 9 0.029094681 
341 1027 11 14 0.029010313 
625 790 7 9 0.028936436 
588 1332 12 15 0.028899854 
578 687 7 9 0.028894847 
728 808 7 8 0.028876549 
679 669 9 10 0.028864376 
110 1197 12 15 0.028856913 
279 777 7 9 0.028855324 
138 975 7 10 0.028841656 
132 1350 12 14 0.028820615 
599 1017 8 10 0.028785612 
374 663 8 10 0.028778708 
550 1114 9 12 0.02876926 
821 1057 10 12 0.028714346 
21 1333 15 18 0.028688755 
117 1292 9 13 0.028669225 
62 1040 9 10 0.028666236 
581 661 8 10 0.028660448 
143 1143 11 14 0.028634766 
584 1072 8 11 0.02861967 
577 822 7 9 0.028608663 
552 1025 8 10 0.028594289 
639 1168 11 14 0.028515693 
685 1082 10 12 0.028508276 
321 1069 10 13 0.028507177 
346 1021 11 15 0.028507054 
56 880 8 11 0.028493118 
537 847 8 9 0.028479394 
479 1242 12 20 0.028470129 
24 872 8 10 0.02838119 
206 1141 9 11 0.028360764 
546 703 7 9 0.028342938 
549 1353 16 14 0.028282968 
660 760 7 9 0.028278802 
717 1182 10 13 0.028272988 
440 1127 9 10 0.028260129 
440 758 9 12 0.028255854 
514 680 7 8 0.028239928 
510 1054 9 12 0.028203038 
201 815 8 10 0.028197726 
328 838 8 10 0.02819644 
677 1350 10 14 0.028194582 
337 1135 9 13 0.028164538 
353 799 7 9 0.028148437 
487 753 8 10 0.028143322 
245 929 8 10 0.028133765 
504 1054 9 11 0.028094318 
607 776 7 8 0.028066138 
422 1132 8 10 0.02806425 
249 833 7 9 0.028056134 
627 679 8 10 0.02805156 
334 1248 11 15 0.028048022 
703 960 10 11 0.028038833 
144 880 7 9 0.028014036 
747 869 8 10 0.027969927 
63 973 8 10 0.027966537 
366 799 9 11 0.02793304 
457 769 6 9 0.02792191 
323 815 7 9 0.027880548 
586 711 7 9 0.027820399 
451 726 7 9 0.027734365 
594 943 7 9 0.027727757 
477 1250 11 16 0.027689155 
56 960 11 13 0.027677193 
478 655 10 11 0.027673408 
135 839 8 10 0.027651008 
542 1040 9 11 0.027545677 
621 1120 9 10 0.027527703 
633 949 7 10 0.02747764 
363 695 8 10 0.027457064 
616 979 9 11 0.027415471 
7 883 9 11 0.02737377 
278 1177 10 11 0.027372083 
288 934 8 10 0.027368948 
894 881 8 9 0.027363298 
152 760 10 11 0.027360648 
177 774 8 10 0.027351195 
464 1041 9 10 0.027321635 
305 980 8 11 0.02730294 
686 1122 9 12 0.027293926 
100 951 8 11 0.027278567 
614 966 9 11 0.02725918 
559 1127 11 13 0.027248751 
112 1073 9 11 0.027224356 
413 1229 9 13 0.02722034 
666 735 7 9 0.027206803 
440 729 7 8 0.02720061 
225 1204 9 14 0.027189104 
104 982 8 10 0.027125962 
513 981 8 11 0.027070988 
105 912 8 11 0.027069964 
592 696 7 9 0.027024165 
599 1021 8 10 0.02701092 
284 1355 13 13 0.026964631 
600 722 6 9 0.026958177 
648 881 8 10 0.026932646 
128 912 8 10 0.026930297 
514 1140 11 15 0.026916552 
626 686 7 9 0.026914865 
385 729 7 9 0.026902005 
600 693 7 9 0.0268997 
184 832 7 9 0.02686326 
309 817 8 9 0.026854506 
250 982 11 14 0.026837355 
569 806 8 10 0.026825156 
600 1069 9 12 0.026822912 
167 911 8 10 0.026814476 
274 777 7 8 0.02677496 
533 936 10 12 0.02676173 
128 832 8 10 0.02676084 
594 1039 9 11 0.02675992 
456 721 8 9 0.026738236 
199 1031 8 11 0.026720908 
465 683 8 10 0.026712071 
441 710 7 9 0.026682075 
577 1159 9 11 0.026654946 
333 813 8 10 0.026636295 
434 668 7 10 0.026635243 
162 933 8 11 0.02660638 
698 918 8 11 0.02660285 
328 1174 10 14 0.02659739 
167 1062 9 12 0.026530476 
184 917 8 9 0.026500149 
654 914 8 10 0.026498105 
306 757 7 9 0.026489377 
247 876 8 11 0.026466837 
169 862 8 10 0.026464853 
343 964 8 11 0.026453063 
344 959 9 11 0.026451873 
529 871 7 9 0.026443856 
594 1298 10 14 0.026422504 
361 798 8 10 0.026416428 
817 946 10 12 0.02640281 
277 949 9 12 0.026389869 
570 696 7 9 0.026386168 
304 802 6 9 0.026380153 
234 1037 8 10 0.026363468 
602 897 7 9 0.026353467 
313 712 6 9 0.026342938 
678 774 6 8 0.02633884 
657 798 7 10 0.026330238 
41 1354 15 14 0.026312985 
430 709 8 10 0.02629344 
385 767 7 10 0.026275631 
152 1006 8 9 0.02626569 
178 877 8 10 0.026233207 
535 893 8 12 0.02622517 
317 1196 9 11 0.026218193 
310 1245 11 14 0.026211599 
703 1097 9 11 0.026200885 
519 703 7 9 0.026187984 
310 964 9 12 0.02616248 
495 854 10 12 0.026141044 
666 671 7 8 0.026113335 
662 967 9 12 0.026110258 
238 991 9 11 0.026095154 
154 839 8 11 0.026078438 
328 846 8 10 0.02607399 
289 968 8 10 0.026051864 
536 1128 8 10 0.026042199 
195 1085 10 13 0.026011812 
135 832 8 9 0.025968583 
167 918 8 10 0.025962241 
653 1054 10 12 0.025947893 
170 839 8 10 0.025920058 
32 826 7 9 0.025911717 
632 750 7 9 0.025903959 
560 766 7 9 0.02589919 
322 727 7 9 0.025898743 
759 840 8 9 0.02587769 
535 983 7 10 0.025864469 
158 903 7 10 0.025862584 
680 849 7 8 0.025860928 
544 895 9 11 0.025849843 
563 1140 9 12 0.025841488 
399 1021 9 12 0.025833452 
719 1143 8 12 0.025830626 
1 752 9 12 0.025829747 
82 895 8 11 0.025801161 
127 847 8 10 0.025767656 
659 769 7 8 0.02576005 
320 744 6 8 0.025756802 
785 1089 9 11 0.025754625 
281 899 9 11 0.02566949 
223 871 8 11 0.02563425 
176 1321 11 15 0.025628116 
119 910 8 10 0.02561096 
472 1038 9 10 0.025562815 
360 677 7 9 0.025553836 
353 717 7 9 0.02553812 
990 1161 10 14 0.025485853 
785 964 9 11 0.025463283 
476 1062 9 11 0.025462216 
211 981 10 12 0.025444472 
251 761 7 8 0.025414933 
521 1001 8 10 0.025388543 
48 798 8 10 0.025372226 
659 902 7 10 0.025369879 
797 893 9 11 0.025350804 
569 726 8 9 0.0253482 
271 910 8 11 0.025322944 
585 785 7 9 0.025293179 
470 714 7 8 0.025280945 
333 879 9 12 0.025228115 
754 1009 8 10 0.025224939 
422 679 8 9 0.0252221 
531 903 9 12 0.025221445 
688 1096 10 13 0.025206644 
374 671 8 9 0.025202582 
522 576 6 9 0.025199005 
654 881 8 9 0.025167275 
317 1323 13 16 0.02514552 
32 1077 8 11 0.025102414 
635 1003 10 13 0.025092728 
438 644 10 14 0.025083007 
911 1262 12 15 0.02505251 
206 821 8 11 0.025019148 
334 924 9 12 0.025013205 
401 729 7 9 0.025005646 
603 1327 12 13 0.025003055 
520 673 7 9 0.02499924 
383 717 7 9 0.024996294 
198 1180 13 17 0.02498493 
702 1125 8 10 0.02498182 
313 1157 8 11 0.02497849 
376 726 7 9 0.024977945 
55 1015 8 10 0.024975937 
336 743 7 9 0.024963945 
656 727 7 9 0.024961345 
845 1015 9 11 0.02495194 
442 680 7 10 0.024946379 
253 1189 8 11 0.024940938 
346 688 7 9 0.024920272 
722 818 7 9 0.024911718 
311 1152 8 11 0.024909241 
182 1045 8 10 0.024901472 
129 814 8 12 0.024881324 
662 1244 9 12 0.024854422 
873 1172 12 16 0.024830088 
370 741 7 10 0.024815472 
618 737 7 9 0.024796573 
697 833 8 10 0.024785837 
98 902 9 11 0.024776528 
933 919 8 10 0.024762927 
663 785 7 9 0.024737854 
504 999 8 11 0.024725145 
450 669 8 9 0.024719553 
785 823 7 9 0.024675513 
303 1156 9 12 0.02466595 
17 1040 7 10 0.024662724 
565 1047 8 10 0.024662625 
319 688 7 10 0.02465497 
201 807 7 9 0.024639938 
137 902 8 9 0.024619399 
980 1084 11 14 0.024613306 
665 911 9 11 0.024596473 
146 827 8 10 0.02459184 
530 1024 9 12 0.024581352 
602 784 7 8 0.024563624 
338 906 8 10 0.024559509 
136 821 7 10 0.024557104 
612 815 7 10 0.024551084 
417 807 9 10 0.024544908 
161 944 7 10 0.024539845 
734 855 8 10 0.024474202 
342 639 7 10 0.02446455 
314 689 7 9 0.024455333 
527 1154 10 13 0.024427839 
3 1259 12 16 0.024418186 
602 885 8 11 0.024412176 
709 1187 12 15 0.024402007 
203 1080 11 14 0.024389269 
593 721 6 9 0.024387203 
285 1008 9 12 0.024384255 
190 768 8 10 0.024347514 
95 1040 8 11 0.024345731 
529 982 8 10 0.024335034 
601 830 7 9 0.024301613 
562 738 7 8 0.024286104 
187 1198 12 15 0.024274945 
223 965 9 11 0.024273658 
80 1086 8 11 0.024211273 
713 870 7 9 0.024208952 
570 1087 9 12 0.024199737 
154 1188 11 15 0.024195762 
313 729 7 8 0.02417149 
592 785 6 9 0.024132477 
373 1212 9 13 0.0241168 
471 973 8 11 0.024077076 
695 1348 14 17 0.024065046 
481 1199 9 12 0.024045296 
624 1078 8 11 0.024033876 
170 824 6 9 0.023989525 
437 1134 9 12 0.02396932 
440 684 8 10 0.023966797 
646 769 7 8 0.023961315 
137 983 7 10 0.023934338 
698 701 8 11 0.023932833 
622 1070 9 13 0.023931697 
504 982 9 12 0.023901988 
26 1023 8 10 0.023881892 
18 1071 7 9 0.023881374 
440 720 6 9 0.023875868 
314 1238 10 14 0.02379343 
413 1209 8 10 0.02378228 
673 1205 8 12 0.023779942 
1009 1060 10 12 0.023775084 
611 823 7 9 0.023757618 
464 982 10 12 0.023749264 
176 1127 10 11 0.023748137 
232 764 8 10 0.023741283 
128 976 8 10 0.023708556 
304 744 7 8 0.023693867 
496 1072 8 10 0.023675874 
343 904 9 10 0.023672171 
537 1190 9 12 0.023669304 
659 1313 13 16 0.023666827 
637 987 9 11 0.023666026 
132 1078 10 11 0.023662534 
81 972 9 11 0.023659173 
260 981 10 14 0.023649856 
827 853 7 9 0.02364787 
102 1072 8 11 0.0236353 
825 885 8 10 0.023624294 
152 1267 13 15 0.023600183 
383 917 8 12 0.02358842 
496 1077 7 10 0.023587618 
95 839 9 11 0.023581129 
120 438 7 9 0.023573793 
418 678 7 10 0.023552988 
555 1349 16 16 0.023505248 
122 838 8 10 0.023504177 
543 681 7 9 0.023498561 
232 778 9 10 0.02344466 
584 680 7 9 0.023428274 
290 856 7 9 0.023418212 
503 1006 8 10 0.02341498 
584 1045 9 10 0.023412796 
758 1130 11 13 0.023412345 
781 1292 14 16 0.023402534 
270 800 7 9 0.023400908 
730 1279 14 18 0.023374043 
657 1101 8 10 0.023372672 
250 778 7 8 0.023370069 
318 1315 13 17 0.023333725 
630 1206 11 14 0.02332288 
263 974 10 11 0.023293557 
235 974 10 12 0.023276333 
338 705 7 8 0.023273926 
585 808 7 9 0.023252787 
649 725 7 8 0.023238862 
473 1018 9 12 0.02323148 
561 991 8 9 0.023222966 
87 917 9 11 0.023215337 
594 816 7 9 0.023143824 
199 775 7 9 0.023124494 
692 1299 12 15 0.023098532 
559 944 7 9 0.023081766 
323 825 7 9 0.023080219 
719 793 7 8 0.023059163 
584 799 7 10 0.023053357 
328 873 8 9 0.023047097 
600 678 8 9 0.023006428 
512 991 8 10 0.022996208 
631 1064 8 12 0.022990111 
796 1007 11 13 0.022973457 
56 782 7 10 0.02294409 
263 752 7 8 0.022943052 
232 753 7 9 0.022939714 
618 799 7 9 0.022933861 
693 1266 12 15 0.022898149 
637 1076 10 12 0.022847475 
686 687 8 10 0.022844173 
222 1232 14 17 0.022806687 
385 688 6 8 0.022805208 
533 805 7 9 0.022804754 
439 665 8 9 0.02280134 
199 1039 9 11 0.02279523 
889 880 8 10 0.022754481 
54 1196 12 14 0.022747334 
831 865 7 9 0.022720946 
385 704 7 9 0.02270774 
378 1228 9 12 0.02268161 
336 871 7 9 0.022680363 
592 1109 8 11 0.022673499 
286 983 8 11 0.022672353 
716 1236 12 16 0.022654703 
363 703 7 9 0.022625633 
295 1213 9 13 0.02260061 
554 817 8 10 0.022581048 
585 761 7 9 0.022574736 
180 1202 14 19 0.022561949 
749 1087 9 11 0.022544773 
315 1254 12 16 0.02251707 
326 1015 9 11 0.022503473 
625 1063 8 11 0.022502763 
0 1069 6 11 0.022486046 
568 830 8 9 0.022485597 
245 1027 9 12 0.022479564 
63 1045 9 11 0.022455037 
458 1128 8 10 0.0224247 
117 1152 10 12 0.02240717 
598 823 7 10 0.022406816 
600 968 9 10 0.022399615 
634 967 8 11 0.0223899 
239 777 8 9 0.022361124 
15 545 10 13 0.022358399 
848 1332 11 16 0.022327097 
180 1067 9 12 0.022323143 
528 1332 10 14 0.022291142 
495 768 7 9 0.022281261 
759 904 9 10 0.022255233 
99 1022 7 10 0.022254705 
594 673 7 9 0.022243345 
711 929 9 11 0.022241086 
464 696 7 9 0.02222937 
616 880 7 9 0.022229185 
26 1016 8 10 0.022226894 
626 871 8 10 0.022220025 
225 951 8 10 0.022203093 
612 1039 10 12 0.022191634 
37 1256 11 14 0.022187848 
555 981 8 11 0.022175295 
293 1171 11 13 0.02217245 
469 1171 9 13 0.022148512 
341 718 8 10 0.022133881 
546 710 7 9 0.022125212 
746 915 9 12 0.022104003 
319 878 8 9 0.022100838 
488 1180 9 12 0.022083355 
689 673 7 10 0.022066876 
657 934 9 11 0.022026554 
703 855 8 10 0.022013305 
327 702 7 9 0.021992663 
844 1020 9 12 0.021970136 
72 1247 10 13 0.021943979 
296 729 7 9 0.021943292 
496 704 7 9 0.021939404 
215 895 8 9 0.021937314 
752 878 8 9 0.02192791 
226 745 7 8 0.021926545 
536 664 7 10 0.021923823 
584 656 8 10 0.02190974 
816 881 7 10 0.021907682 
431 1297 11 15 0.02188774 
89 1099 10 13 0.021882635 
352 678 7 8 0.021868791 
188 992 8 11 0.021860173 
535 990 8 11 0.021805245 
478 1018 9 12 0.021801742 
594 776 6 8 0.021800272 
79 928 8 10 0.021793948 
217 746 7 8 0.021785973 
53 1133 9 12 0.02178388 
75 1354 14 13 0.021777118 
329 911 9 10 0.021776577 
79 445 8 11 0.021761132 
934 927 9 11 0.021749875 
587 751 6 9 0.021749593 
297 777 8 8 0.021724291 
454 758 7 10 0.02172244 
312 752 7 9 0.021712095 
57 891 8 12 0.02171201 
942 1043 8 12 0.021711241 
655 1203 10 12 0.021705253 
538 580 8 11 0.021696296 
321 866 7 9 0.021695301 
713 981 11 12 0.021653544 
571 661 6 8 0.021643208 
582 816 7 9 0.021612808 
153 992 7 10 0.021605453 
473 966 9 13 0.021592395 
290 769 7 8 0.021565361 
512 949 8 10 0.021558704 
392 1188 11 13 0.021550396 
473 1127 8 11 0.021520527 
735 885 8 11 0.021508181 
288 973 9 11 0.021504816 
304 878 8 10 0.02150399 
256 1022 10 13 0.02149737 
810 971 9 12 0.021492122 
179 1169 11 15 0.021486593 
422 807 8 10 0.021462971 
657 734 7 9 0.021432059 
224 895 8 9 0.021428786 
331 685 7 9 0.021414427 
610 704 7 9 0.0213895 
280 767 6 9 0.021381943 
409 965 9 10 0.021345016 
718 1282 11 15 0.021340605 
502 870 8 10 0.021330575 
522 1069 8 10 0.021326967 
287 1143 9 12 0.021325693 
433 1077 8 10 0.021320121 
590 845 9 11 0.021313058 
151 818 7 9 0.021310382 
186 960 9 12 0.021296792 
208 942 8 10 0.021292925 
126 944 8 10 0.021286646 
453 1134 10 11 0.021275494 
429 1347 12 15 0.021274736 
199 1150 9 12 0.02127313 
98 935 8 11 0.021269796 
205 952 9 10 0.021243028 
399 1036 9 11 0.021234097 
502 721 7 9 0.021168621 
542 941 9 11 0.021148866 
843 846 7 8 0.021141468 
659 1194 11 15 0.021109253 
55 757 8 11 0.021106819 
511 812 8 11 0.021099443 
478 1126 9 11 0.021082144 
71 1069 8 12 0.021004036 
409 1096 8 9 0.02099988 
496 951 7 10 0.020998228 
808 893 9 11 0.020997277 
74 991 8 11 0.020989621 
1006 1167 9 12 0.020986177 
153 1330 11 14 0.020981833 
703 709 7 9 0.020978026 
1013 1211 9 17 0.020966595 
469 981 9 11 0.020958018 
662 717 8 10 0.020944461 
137 880 7 9 0.020904131 
129 821 8 11 0.020888506 
438 669 7 10 0.020875521 
321 807 7 9 0.020874517 
583 743 7 9 0.020873154 
367 953 10 12 0.020871399 
662 1103 9 11 0.020862626 
710 1181 10 12 0.020845044 
696 1141 9 11 0.020839587 
576 936 9 10 0.020838458 
555 1014 8 11 0.020830538 
170 750 8 9 0.020820107 
691 1354 15 14 0.02079544 
218 832 6 8 0.020790873 
288 888 8 10 0.020786604 
585 737 7 9 0.020775203 
496 942 8 10 0.0207508 
216 889 8 9 0.02074692 
248 1014 9 12 0.020700328 
232 738 7 8 0.020681296 
79 1079 8 10 0.02065869 
591 1198 12 16 0.020652993 
717 1317 12 16 0.02065089 
351 960 10 12 0.020647818 
217 905 7 9 0.020646757 
423 742 7 10 0.020635387 
336 825 7 9 0.020633647 
528 1011 8 11 0.020611916 
47 1157 9 12 0.020604426 
647 825 7 9 0.020590547 
611 725 7 9 0.020581903 
360 820 8 10 0.020579884 
600 958 8 9 0.020526765 
638 793 7 9 0.020524675 
238 759 6 9 0.020514298 
673 761 7 9 0.020463793 
495 991 9 11 0.020421559 
512 672 7 9 0.020421425 
473 1032 8 11 0.020418001 
616 1108 9 12 0.020408504 
561 1077 9 11 0.020396013 
893 1118 10 11 0.020395627 
288 948 8 12 0.020375885 
648 958 9 11 0.020371996 
199 862 8 10 0.02035862 
350 701 7 9 0.020353802 
206 1119 9 13 0.02034805 
338 750 7 9 0.020342343 
643 1088 11 13 0.02033797 
538 1110 10 12 0.020330388 
562 638 8 9 0.020326393 
554 727 7 9 0.02031068 
1 895 8 11 0.020269657 
816 986 11 13 0.020250589 
649 1191 12 14 0.02024923 
625 839 7 9 0.020240888 
997 1164 10 14 0.02022611 
790 1351 16 16 0.020215081 
167 792 8 10 0.020177713 
823 925 9 11 0.020163117 
976 1143 9 13 0.020151807 
250 751 6 8 0.020145694 
386 529 7 9 0.020145215 
369 782 7 9 0.020091286 
490 719 7 9 0.02008064 
121 863 8 9 0.020075548 
610 1102 9 11 0.020069031 
98 958 7 10 0.020067502 
574 1209 12 15 0.020064002 
505 943 8 10 0.020050585 
152 829 8 10 0.020049065 
509 620 9 10 0.020046588 
113 1032 8 10 0.020045597 
786 1011 8 12 0.020030254 
721 989 9 11 0.020025665 
167 998 8 9 0.020025464 
574 1079 8 10 0.0200114 
