21_Festival_Festival_21_660
189
398 336 338 450 0.9996799 
76 452 11 13 0.3516904 
1 171 11 15 0.2941134 
398 165 10 12 0.23990023 
447 137 14 17 0.20284481 
93 712 19 20 0.19712146 
179 746 12 16 0.18535152 
76 119 9 12 0.16125847 
328 172 9 11 0.12467686 
623 12 11 13 0.12090679 
146 117 8 9 0.09543639 
182 697 12 16 0.08951781 
197 454 10 13 0.08710514 
153 672 10 11 0.08634883 
58 565 15 19 0.0857637 
70 740 9 12 0.084225506 
425 173 8 10 0.08380285 
271 223 8 9 0.08111532 
0 134 6 11 0.07776871 
23 119 10 12 0.076445125 
16 402 11 15 0.07636284 
255 143 9 12 0.07545835 
137 445 9 12 0.07478337 
367 134 9 12 0.071803264 
117 85 8 10 0.06904222 
74 652 12 15 0.06846721 
120 125 9 10 0.067812555 
1 108 8 12 0.06735714 
173 672 10 12 0.06660054 
111 142 13 16 0.06599808 
64 421 8 10 0.06450657 
245 301 9 10 0.063808136 
1010 349 9 11 0.061537933 
115 147 12 13 0.05987878 
32 578 26 31 0.05678299 
269 107 11 13 0.054862883 
93 133 8 10 0.054587595 
238 206 7 10 0.054476127 
120 671 10 12 0.051091775 
120 197 13 15 0.049846094 
373 150 11 14 0.049491376 
18 166 13 16 0.048377283 
15 594 9 12 0.04739155 
322 18 18 20 0.045670208 
145 576 14 16 0.045143288 
215 133 12 17 0.044506904 
342 138 11 14 0.044030704 
293 597 9 12 0.04294924 
190 23 8 10 0.042873632 
84 213 10 12 0.042407002 
204 452 11 14 0.041587334 
449 144 16 18 0.039842676 
143 510 10 11 0.039789997 
380 159 11 12 0.038925882 
160 484 8 11 0.038550247 
144 418 11 14 0.038002938 
287 96 8 10 0.037816394 
1014 375 8 11 0.037424486 
228 446 10 11 0.037423473 
1010 270 9 12 0.03703087 
193 606 9 12 0.036918964 
220 86 12 14 0.036796413 
89 130 8 9 0.03677967 
233 150 8 10 0.036688 
358 140 9 11 0.035861623 
362 136 8 11 0.035818927 
343 171 9 12 0.034440566 
250 149 8 10 0.033886015 
364 251 10 13 0.03369916 
143 577 23 29 0.033595577 
247 36 13 16 0.033268105 
16 709 10 13 0.03313961 
177 551 8 11 0.032765314 
977 295 7 9 0.032620125 
208 367 9 11 0.032307193 
192 527 9 11 0.031806216 
239 243 10 12 0.03156995 
43 578 16 21 0.031566653 
234 206 7 10 0.03147577 
261 141 9 13 0.031034924 
201 761 10 11 0.030555086 
143 462 12 15 0.030330934 
220 138 10 15 0.030283937 
360 125 8 10 0.030234195 
6 540 14 18 0.02999777 
374 141 12 15 0.029819326 
256 220 8 10 0.029773602 
0 160 9 14 0.029642299 
170 118 8 10 0.029552093 
350 141 9 12 0.029462395 
983 295 8 9 0.02946022 
73 586 14 17 0.029207483 
48 565 25 31 0.028917603 
216 406 11 13 0.02878508 
303 258 11 14 0.028691527 
12 609 11 15 0.028690191 
142 649 13 16 0.028635554 
266 223 8 10 0.028137293 
84 742 13 15 0.027902905 
188 330 12 13 0.027868696 
20 129 13 16 0.027728273 
111 459 10 13 0.02761934 
303 174 8 10 0.027337942 
149 534 15 16 0.027023004 
126 692 12 15 0.026853781 
231 574 10 12 0.0263792 
261 364 11 14 0.02624142 
282 174 8 9 0.026225114 
343 148 10 13 0.026191331 
103 486 9 11 0.025946464 
45 182 9 12 0.025418216 
125 125 9 10 0.025314257 
280 168 9 10 0.025236866 
102 555 13 15 0.025190221 
62 599 10 12 0.02512032 
203 23 13 15 0.025039148 
147 415 11 14 0.025014319 
312 574 8 10 0.024869507 
129 382 11 12 0.024859574 
1001 334 9 10 0.024801191 
231 142 9 12 0.024686906 
147 591 19 21 0.024640003 
58 527 10 12 0.024614485 
302 3 15 17 0.024602149 
208 682 12 15 0.024477674 
272 144 8 11 0.024402155 
126 149 8 11 0.024327982 
137 512 11 11 0.024285834 
114 80 8 10 0.024157275 
391 131 9 11 0.02408012 
229 172 10 12 0.02388879 
871 289 7 9 0.023770649 
206 47 9 12 0.023521885 
81 605 11 12 0.023367032 
270 228 8 10 0.023342583 
249 143 11 12 0.023186048 
17 131 10 13 0.023147732 
40 180 10 13 0.023032362 
616 13 9 11 0.022948923 
981 362 12 15 0.022774171 
221 126 13 18 0.022761315 
0 127 7 12 0.022703374 
168 54 11 13 0.022662919 
191 676 9 11 0.022544334 
115 125 9 11 0.022353603 
157 319 11 12 0.02234698 
109 731 12 16 0.022165308 
62 725 11 14 0.022146245 
296 168 9 11 0.022121314 
171 658 13 17 0.022084776 
24 564 11 14 0.022050453 
4 716 13 15 0.022024572 
125 439 10 13 0.021980956 
20 399 12 15 0.021883473 
126 121 8 9 0.021823647 
158 516 10 12 0.021759003 
38 250 10 14 0.021702217 
133 634 11 15 0.021684151 
298 174 9 10 0.021647247 
184 589 7 9 0.021597339 
333 382 10 11 0.021559699 
301 169 10 11 0.0214933 
204 52 11 14 0.021473993 
63 185 8 10 0.021427719 
339 213 12 13 0.02130047 
161 734 12 14 0.021284757 
169 672 9 11 0.021281257 
128 468 9 11 0.021240184 
279 124 10 15 0.021113126 
0 114 8 14 0.021048337 
350 198 13 16 0.021046069 
1000 329 9 10 0.020915939 
154 564 10 12 0.020859975 
373 135 10 12 0.020835018 
124 674 10 12 0.020792278 
205 444 12 15 0.020788355 
171 677 8 10 0.020782571 
62 627 11 16 0.020775156 
181 131 10 12 0.020671101 
19 153 14 18 0.020597858 
1014 308 8 12 0.02046215 
120 440 10 12 0.020461738 
112 677 11 13 0.020429788 
117 132 12 14 0.02032223 
285 254 10 11 0.020286119 
152 323 10 12 0.02023758 
161 427 10 13 0.02011444 
114 671 11 12 0.020108571 
27 576 39 52 0.020022713 
