21_Festival_Festival_21_601
20
403 350 25 31 0.9966446 
932 319 25 30 0.99541277 
305 333 25 27 0.99474454 
644 349 18 24 0.97994196 
17 329 16 21 0.9777418 
870 335 18 22 0.95778155 
512 365 17 21 0.9233508 
768 331 21 29 0.9045084 
640 319 9 11 0.07282116 
663 314 14 18 0.05950491 
306 249 19 20 0.042164054 
26 330 15 18 0.038259935 
35 332 10 15 0.03335713 
781 318 12 13 0.030621262 
640 322 12 15 0.030164465 
498 395 14 17 0.024662292 
753 320 38 42 0.021442974 
828 52 11 12 0.021192245 
867 322 14 16 0.02064666 
644 326 13 18 0.020294946 
