21_Festival_Festival_21_395
105
767 413 31 44 0.99717134 
545 126 34 43 0.99708086 
406 261 32 42 0.9954906 
515 276 38 51 0.9931356 
559 399 42 52 0.97821015 
686 263 33 43 0.8877374 
420 587 16 21 0.5711081 
177 494 17 22 0.5506613 
294 258 23 26 0.54469854 
19 466 13 17 0.5041923 
664 500 16 19 0.45070577 
132 492 15 19 0.38096908 
307 425 34 40 0.3787659 
976 501 24 29 0.30764052 
5 574 25 39 0.24038419 
288 386 32 38 0.20664884 
667 429 24 31 0.18934202 
75 484 18 22 0.18243307 
741 608 70 79 0.18172401 
14 537 14 19 0.13559954 
538 394 47 52 0.13524368 
26 488 14 18 0.107365794 
109 489 16 22 0.10146433 
62 475 12 15 0.09620162 
37 449 12 16 0.083401375 
412 573 26 37 0.07633427 
0 449 10 17 0.074507296 
1003 525 15 20 0.072753035 
65 450 15 18 0.072082184 
596 512 24 31 0.07105942 
969 414 50 73 0.06654247 
3 541 15 18 0.066287905 
4 562 18 22 0.065432735 
713 455 29 35 0.06476107 
25 559 17 25 0.06307656 
828 504 50 58 0.062003948 
474 381 37 49 0.0601069 
0 496 15 23 0.059094336 
416 558 29 42 0.05756937 
125 484 17 21 0.054717433 
131 502 16 22 0.052062105 
407 171 24 28 0.04861783 
519 390 47 51 0.0484334 
92 547 22 30 0.047430903 
144 487 21 27 0.044938624 
750 446 22 31 0.04322539 
858 445 46 47 0.04225113 
41 477 10 14 0.042015467 
96 531 23 32 0.0415774 
562 575 37 63 0.04047943 
906 421 47 54 0.04025757 
909 524 26 32 0.03582522 
4 467 13 17 0.035284128 
459 389 36 41 0.03283622 
242 416 27 39 0.032330543 
757 431 26 36 0.032235187 
853 452 30 30 0.032100942 
114 491 20 26 0.032077774 
489 493 12 17 0.030195117 
666 511 18 23 0.029904652 
100 520 17 20 0.029236339 
81 556 24 28 0.028942846 
915 468 28 32 0.02791218 
203 570 21 28 0.027352503 
167 496 13 19 0.026973054 
54 491 14 17 0.026037076 
198 403 15 20 0.02592833 
875 442 54 53 0.025622629 
410 166 17 21 0.02529148 
920 529 32 35 0.025239546 
110 586 25 28 0.025214225 
100 498 14 19 0.025138427 
125 476 16 17 0.024693236 
80 485 24 26 0.02462226 
553 586 28 48 0.024508694 
72 587 11 16 0.024214922 
706 614 70 73 0.023948433 
998 502 14 20 0.023792552 
670 418 40 47 0.023549825 
177 503 26 33 0.023333495 
878 512 54 61 0.023326902 
917 476 36 39 0.023288572 
395 191 47 68 0.0231746 
166 517 28 30 0.023128243 
962 488 16 20 0.023069708 
130 469 16 16 0.023010977 
3 485 13 16 0.022889556 
19 568 14 20 0.022823684 
3 512 15 22 0.022628171 
958 489 24 32 0.022549666 
104 468 19 19 0.022201726 
452 488 33 47 0.022087125 
205 324 31 35 0.022027604 
101 484 15 18 0.021440003 
375 395 28 31 0.021327365 
105 527 17 21 0.020739768 
63 473 22 27 0.020726131 
899 440 35 37 0.020698793 
746 617 33 57 0.02057988 
871 466 36 39 0.020425418 
348 613 21 30 0.020363055 
819 501 91 99 0.020295424 
11 571 16 23 0.020116964 
176 410 28 37 0.020091197 
61 456 21 28 0.02007735 
