21_Festival_Festival_21_254
46
491 239 103 132 0.99951816 
223 371 55 74 0.99795246 
216 494 26 35 0.9125888 
45 509 21 25 0.5600688 
1 519 16 24 0.38118225 
88 98 20 23 0.20443222 
893 273 25 33 0.15950759 
720 499 18 24 0.15095219 
881 272 25 35 0.1279077 
786 538 16 18 0.10435898 
0 506 12 19 0.05818598 
1003 241 15 18 0.057450507 
6 572 23 38 0.055811882 
89 276 28 39 0.052576456 
238 237 10 15 0.05019822 
439 976 473 507 0.04670778 
39 511 17 23 0.045792125 
129 118 17 22 0.042476267 
974 263 22 31 0.041373994 
149 931 561 594 0.04075058 
902 268 30 39 0.039224 
547 158 18 23 0.03884977 
872 268 24 36 0.034494083 
736 339 26 39 0.030961348 
604 128 41 51 0.02950362 
929 387 28 31 0.029426249 
966 338 30 36 0.028060943 
80 152 16 20 0.026644874 
163 550 30 43 0.026641574 
870 351 17 21 0.026281653 
308 234 13 17 0.025324296 
974 259 17 21 0.025223514 
881 240 22 26 0.024489677 
982 381 40 66 0.02388536 
609 141 48 58 0.023397718 
619 159 51 60 0.023394175 
151 279 18 20 0.02329367 
178 478 28 38 0.022978231 
9 520 16 23 0.022909451 
925 357 28 36 0.022459758 
206 479 30 40 0.022400044 
717 508 16 22 0.0222498 
318 281 17 20 0.022176953 
237 677 20 28 0.02101599 
29 269 23 31 0.020802489 
1012 256 13 22 0.020453656 
