21_Festival_Festival_21_218
41
305 120 32 48 0.9958335 
570 195 32 48 0.9946956 
542 211 28 40 0.99451786 
637 169 33 38 0.99406815 
950 142 39 47 0.9882903 
856 115 43 53 0.9818495 
101 156 37 53 0.9764323 
317 190 34 38 0.94018203 
529 244 23 36 0.86211187 
430 257 24 27 0.7025203 
147 193 23 28 0.2748182 
552 203 31 49 0.17462918 
687 199 27 32 0.130238 
684 198 47 60 0.12714104 
36 367 17 21 0.1126545 
236 79 29 33 0.068707004 
749 245 24 28 0.06346895 
407 240 23 27 0.054162465 
0 322 29 51 0.044552267 
839 107 21 36 0.044262573 
522 265 22 36 0.039052308 
243 70 31 35 0.036835667 
455 210 23 30 0.03609168 
223 63 44 44 0.032952752 
0 338 10 17 0.031870067 
223 90 51 56 0.030503258 
721 84 88 114 0.030461939 
396 235 25 30 0.027560178 
819 268 25 27 0.026794778 
517 248 27 35 0.026662813 
413 161 26 32 0.025189098 
688 227 39 55 0.024910357 
736 202 39 44 0.024725586 
792 219 34 42 0.024209186 
560 96 56 75 0.024156773 
839 249 144 248 0.023565939 
197 187 26 35 0.022392234 
199 162 43 49 0.020682985 
143 195 16 21 0.020530382 
472 261 19 24 0.020239424 
834 118 27 45 0.02015416 
