21_Festival_Festival_21_562
18
611 119 51 60 0.99152887 
52 241 24 30 0.8198565 
170 158 44 44 0.66889864 
402 270 27 31 0.6014496 
356 292 15 19 0.50271195 
349 294 16 19 0.09159855 
204 290 31 48 0.08943032 
267 361 17 19 0.067618415 
395 271 16 21 0.06501157 
409 283 18 24 0.057304613 
359 285 22 27 0.049278617 
271 322 18 20 0.049268126 
171 116 57 82 0.0384483 
270 297 23 29 0.033722535 
669 171 15 18 0.032009147 
477 276 28 33 0.026639288 
268 326 24 33 0.023190249 
386 274 22 28 0.022360949 
