21_Festival_Festival_21_219
109
566 277 78 114 0.9952968 
65 397 13 15 0.52915686 
144 544 10 12 0.2617232 
961 407 12 14 0.25871274 
732 166 12 15 0.20212649 
825 137 11 15 0.18693562 
318 540 7 10 0.1846602 
192 531 10 12 0.138226 
207 532 10 12 0.09252405 
52 397 10 13 0.09001244 
861 141 8 11 0.08788898 
14 559 8 10 0.078980826 
317 448 8 11 0.078926265 
18 521 6 9 0.07869637 
225 541 9 12 0.0680758 
808 362 8 9 0.067890264 
584 437 7 10 0.066980235 
109 542 9 12 0.065704584 
936 400 11 13 0.06313851 
871 148 10 12 0.06274677 
63 428 10 12 0.0591238 
245 543 9 11 0.057249676 
141 382 10 13 0.052018795 
32 527 8 9 0.05097384 
25 430 7 9 0.0493949 
288 525 8 10 0.047238793 
79 412 8 11 0.04718071 
176 532 9 11 0.044845168 
1005 413 11 15 0.043849256 
136 543 8 11 0.042553946 
147 547 11 13 0.042426463 
55 511 9 10 0.037830293 
213 527 8 10 0.03686129 
265 526 7 9 0.036146585 
123 373 11 14 0.036107153 
825 342 7 9 0.03546434 
302 541 8 10 0.035389103 
856 126 7 9 0.03525248 
164 541 9 11 0.0342942 
890 145 8 9 0.034074787 
125 432 7 9 0.033930678 
239 527 8 9 0.033414893 
0 432 7 11 0.03332472 
7 541 9 11 0.033147044 
959 401 10 12 0.032450058 
982 400 10 12 0.032060612 
161 527 9 11 0.031848017 
25 423 9 11 0.031782392 
320 557 8 10 0.03174866 
887 279 8 9 0.031166593 
865 125 7 9 0.031098448 
632 452 8 11 0.030337503 
609 438 8 10 0.030060463 
273 545 8 11 0.029914651 
22 520 7 9 0.029654931 
848 328 7 8 0.029057968 
87 497 8 10 0.029041538 
110 537 8 9 0.02888726 
40 414 9 12 0.02871471 
25 565 7 8 0.028595116 
65 550 7 9 0.02820782 
94 548 10 13 0.028202513 
190 541 8 10 0.028109016 
87 551 9 11 0.027884426 
68 429 9 11 0.027732672 
186 542 7 9 0.027691308 
66 116 250 205 0.027482104 
179 551 11 13 0.027080992 
970 238 9 11 0.026568778 
294 519 8 10 0.026143802 
33 560 8 10 0.026015555 
234 527 7 8 0.025991816 
222 551 10 12 0.025940314 
200 549 7 10 0.025833935 
967 378 12 15 0.025704024 
975 362 10 13 0.025693152 
290 521 8 10 0.025522118 
39 563 10 12 0.025490621 
808 320 6 8 0.02468863 
212 534 8 10 0.024647182 
278 544 10 12 0.024430113 
218 550 9 12 0.024303695 
166 534 8 10 0.024265958 
839 243 11 14 0.023863392 
24 414 9 12 0.023835462 
276 548 9 11 0.023005903 
866 335 7 9 0.022643639 
130 542 8 10 0.02249001 
833 322 7 9 0.02236262 
207 548 8 11 0.022161365 
120 525 8 10 0.021984274 
47 437 8 11 0.021967046 
208 520 9 11 0.021740893 
143 521 7 8 0.021545481 
825 338 6 8 0.02147788 
161 533 8 11 0.021407852 
79 540 8 10 0.021391956 
48 520 8 10 0.02133052 
920 279 10 12 0.020828856 
29 429 9 10 0.020791197 
25 457 9 10 0.02078082 
5 421 8 11 0.020643657 
838 167 11 11 0.02059852 
181 535 8 10 0.020588681 
42 520 7 9 0.020406336 
334 565 8 11 0.02028261 
645 441 8 11 0.020212756 
143 526 7 9 0.020096488 
0 511 8 9 0.020081919 
