21_Festival_Festival_21_100
43
672 108 133 168 0.9995859 
447 460 105 137 0.9816544 
118 319 44 55 0.91736025 
11 242 24 29 0.73898184 
297 282 41 54 0.7088722 
79 180 20 28 0.5395423 
98 174 25 34 0.37059236 
1 200 17 21 0.1818949 
261 246 47 55 0.12672378 
162 157 20 23 0.09927535 
479 290 58 81 0.06626097 
242 331 51 59 0.06135121 
102 170 17 20 0.06095446 
658 583 41 34 0.058483273 
89 184 16 24 0.053975534 
20 239 30 34 0.05249298 
227 149 61 57 0.05205865 
287 253 27 32 0.05085655 
55 203 24 31 0.050650608 
147 277 25 28 0.044773743 
369 568 9 12 0.044036776 
333 616 48 65 0.043854773 
21 287 55 62 0.043789625 
261 322 31 49 0.04364458 
189 476 31 29 0.040388536 
401 568 7 8 0.040230665 
173 279 31 41 0.039746962 
354 235 22 29 0.039285265 
148 206 24 31 0.03903338 
162 280 26 37 0.035443805 
138 545 34 36 0.030442856 
163 164 25 31 0.03007694 
5 232 23 32 0.030033907 
0 210 21 30 0.02983452 
433 462 173 204 0.027356172 
33 193 23 31 0.025759676 
0 361 19 38 0.02453429 
131 426 13 16 0.024401056 
235 352 47 61 0.02395264 
298 181 25 34 0.02142382 
177 191 28 38 0.020708892 
322 102 98 106 0.020498738 
104 412 19 23 0.020264167 
