21_Festival_Festival_21_140
84
518 499 44 52 0.9624308 
346 480 23 26 0.9595731 
432 460 19 28 0.9324945 
112 599 18 23 0.2394003 
949 448 10 13 0.23441249 
970 455 20 22 0.16920263 
1007 518 16 32 0.15043171 
165 853 14 20 0.13668026 
629 670 14 20 0.12402514 
422 426 13 17 0.115822114 
431 425 19 19 0.11148229 
516 438 14 18 0.09309826 
976 437 13 13 0.077833794 
413 1225 87 91 0.065461114 
340 476 15 22 0.0632487 
516 423 11 13 0.06038154 
332 507 14 19 0.053684834 
428 451 18 28 0.053601854 
980 462 16 22 0.050867174 
295 525 13 18 0.050275244 
301 470 10 13 0.050084192 
979 507 23 35 0.047938854 
954 451 10 16 0.047684018 
326 513 23 28 0.04561541 
971 446 20 19 0.045366373 
825 633 51 90 0.043960314 
242 710 18 23 0.043616805 
428 1222 39 43 0.042253524 
802 635 85 143 0.041364312 
137 701 8 11 0.041297786 
479 427 12 14 0.041018542 
851 555 23 31 0.039916623 
1002 452 16 18 0.03914286 
341 1156 22 29 0.037876837 
860 542 10 11 0.036185287 
691 474 18 19 0.0359906 
389 414 12 13 0.035834238 
862 550 10 12 0.03551412 
279 444 12 14 0.034951136 
838 481 12 15 0.03396512 
461 427 15 16 0.032389566 
802 486 8 10 0.032381486 
342 1237 124 123 0.03130359 
115 641 20 18 0.03092173 
833 479 10 13 0.030796846 
1012 465 12 21 0.02978182 
141 696 8 10 0.029522657 
150 707 11 14 0.029154824 
792 493 8 10 0.0289273 
124 634 16 17 0.028539512 
158 432 9 10 0.028487388 
645 687 12 14 0.028084837 
592 502 11 14 0.027941035 
286 474 10 15 0.02771709 
378 847 8 11 0.027654594 
404 1265 64 65 0.027413754 
320 444 14 17 0.026413238 
846 550 9 10 0.02630252 
745 557 9 11 0.026255708 
647 474 23 31 0.025700387 
987 460 16 24 0.025693065 
642 481 18 25 0.025256945 
696 721 33 47 0.024943013 
484 428 12 15 0.024813399 
878 560 15 16 0.024750207 
509 414 10 12 0.023823105 
991 450 12 19 0.023754237 
430 414 17 18 0.023599086 
599 527 21 28 0.023546873 
990 508 22 35 0.02351797 
130 629 14 18 0.022307657 
929 536 18 22 0.022116028 
441 426 13 17 0.0219804 
802 468 9 13 0.021488285 
727 427 10 14 0.021408062 
966 463 18 22 0.021179868 
332 825 13 17 0.021033002 
488 434 12 18 0.021030592 
181 730 15 18 0.020925239 
444 537 16 21 0.020612475 
952 473 12 18 0.020544732 
861 536 10 10 0.020443007 
306 450 12 15 0.02035595 
55 636 14 19 0.020196777 
