21_Festival_Festival_21_943
171
103 180 11 15 0.9760686 
805 189 11 15 0.96966165 
293 187 17 20 0.9425127 
112 194 11 16 0.88923866 
741 191 9 13 0.7745613 
760 184 10 13 0.74185216 
352 176 11 14 0.7252671 
891 181 13 16 0.72055167 
67 189 13 17 0.6936444 
710 193 12 14 0.62081844 
831 194 10 13 0.59633917 
189 187 12 14 0.5899007 
885 180 12 16 0.5812641 
938 197 8 10 0.57618284 
518 185 8 11 0.5077207 
490 190 8 10 0.49103642 
86 189 9 13 0.43251997 
262 195 10 12 0.38987517 
543 189 8 11 0.381485 
153 195 10 13 0.37962526 
229 187 9 12 0.35093302 
168 191 10 12 0.34049445 
254 189 10 13 0.29852286 
326 197 8 12 0.2939913 
156 203 12 14 0.2591515 
189 196 11 13 0.25608993 
141 197 8 11 0.24921383 
211 195 11 14 0.23977141 
213 189 10 13 0.21895412 
943 230 8 11 0.20761254 
54 187 12 17 0.19885568 
386 185 8 10 0.1773084 
279 186 10 15 0.1642229 
81 188 9 14 0.14385244 
172 264 14 16 0.14326765 
390 188 7 11 0.13280456 
871 191 9 13 0.12268584 
649 191 9 12 0.11715815 
880 175 11 16 0.11401929 
856 199 8 11 0.11379555 
236 219 10 13 0.110662214 
303 173 9 12 0.10976149 
524 381 304 280 0.103075065 
933 213 10 12 0.09845094 
826 196 10 13 0.09455491 
865 198 8 10 0.09359735 
691 218 13 16 0.0923098 
327 191 9 11 0.091979116 
976 208 9 12 0.09039404 
639 228 9 10 0.08756336 
321 191 9 12 0.08748056 
549 187 9 11 0.08403056 
568 191 8 9 0.08325428 
744 238 10 14 0.08218162 
869 195 9 12 0.07713374 
701 237 14 17 0.07689268 
198 197 9 11 0.07609163 
539 190 8 11 0.06789311 
246 241 9 11 0.06723756 
185 184 10 14 0.06692569 
70 184 13 17 0.06493559 
196 189 10 13 0.060177088 
593 438 11 13 0.05625647 
351 187 10 12 0.055639792 
350 197 11 15 0.055542976 
228 241 10 14 0.05538326 
577 225 8 10 0.05189457 
238 173 10 12 0.05077625 
137 191 9 12 0.049972784 
240 202 10 14 0.049154628 
398 218 10 14 0.049044427 
527 181 9 12 0.047794763 
250 184 8 11 0.0475731 
260 184 14 17 0.047371723 
560 185 7 11 0.047008727 
422 189 10 14 0.046893366 
256 194 11 13 0.046178836 
204 265 12 16 0.045190915 
727 198 8 11 0.04414793 
970 209 8 10 0.04329642 
98 179 10 16 0.042435188 
866 192 8 11 0.041113026 
573 193 8 10 0.04086902 
836 192 9 12 0.040034454 
399 189 11 14 0.039830316 
753 183 10 13 0.039170325 
422 156 9 11 0.038396034 
943 225 8 11 0.037578426 
147 253 15 20 0.037365094 
800 193 11 14 0.036990475 
590 251 13 14 0.036577374 
569 220 8 11 0.03543364 
166 203 10 14 0.035310637 
998 205 9 12 0.03499363 
77 183 10 14 0.03471436 
684 191 11 13 0.034623854 
595 245 15 16 0.033715528 
180 287 16 20 0.033705804 
288 186 14 18 0.03358547 
109 251 15 19 0.032978326 
168 185 10 12 0.03296969 
570 197 8 9 0.03280255 
200 262 9 14 0.032762155 
1002 224 7 9 0.0324962 
94 187 11 15 0.032467607 
378 212 14 17 0.03165281 
269 195 10 14 0.031606704 
257 245 8 11 0.03125658 
694 242 13 17 0.030929834 
638 197 9 11 0.03086147 
614 234 10 13 0.030657541 
693 183 11 13 0.030389223 
277 193 12 17 0.03022757 
375 191 9 11 0.030046387 
486 330 495 448 0.029848063 
171 195 10 13 0.029622566 
562 188 7 10 0.02921538 
878 187 10 14 0.028679071 
108 228 13 15 0.02855439 
400 196 11 13 0.028400578 
1006 223 7 10 0.028330768 
665 229 11 14 0.028206086 
370 191 9 12 0.028128864 
639 217 8 10 0.028118553 
566 185 7 10 0.02762472 
685 183 12 13 0.027374927 
49 186 11 18 0.027356306 
1010 204 9 12 0.027284285 
516 188 7 10 0.026680415 
109 235 14 17 0.02651143 
235 188 10 13 0.026375163 
557 205 9 11 0.026258362 
79 174 8 12 0.026223488 
453 199 10 13 0.026105043 
239 182 10 12 0.02606761 
482 191 8 10 0.025906539 
929 192 7 10 0.025900885 
192 260 9 13 0.025794199 
949 230 9 12 0.025477566 
866 212 9 14 0.025194244 
634 196 9 12 0.025171073 
581 224 8 11 0.025112731 
177 260 13 15 0.024902321 
404 216 10 13 0.024760552 
960 238 8 11 0.024532033 
334 189 9 11 0.024372278 
577 210 7 10 0.023984848 
86 231 12 20 0.023826381 
213 218 11 14 0.02331148 
865 205 8 11 0.02292014 
976 200 9 11 0.02290726 
552 206 10 12 0.02286753 
617 223 9 11 0.022687424 
392 216 12 17 0.022647591 
668 191 11 13 0.022638798 
775 184 9 12 0.022611981 
425 189 13 16 0.022253586 
527 191 8 11 0.02224819 
870 207 9 12 0.022114724 
652 195 10 12 0.022000251 
105 237 24 31 0.021979887 
182 253 10 13 0.021953631 
390 195 10 14 0.021939903 
117 236 11 16 0.02190589 
980 206 9 13 0.021687523 
461 197 10 13 0.021323502 
680 221 10 14 0.021194747 
702 215 11 14 0.021181073 
727 252 11 15 0.020459685 
1000 214 9 11 0.020398375 
994 201 9 12 0.020003978 
