21_Festival_Festival_21_777
76
574 471 16 19 0.94024867 
496 472 17 21 0.93520445 
671 484 16 20 0.76521206 
904 521 16 18 0.75878334 
572 498 15 18 0.6461208 
529 469 14 17 0.49375847 
915 378 12 14 0.28904277 
687 469 9 12 0.14861788 
920 493 11 14 0.13433509 
987 538 14 17 0.12975852 
968 266 11 14 0.12885822 
873 395 10 12 0.121371485 
484 477 12 16 0.12072708 
846 525 10 12 0.09198765 
687 591 7 9 0.0820201 
591 477 12 16 0.078484885 
939 279 11 14 0.077076524 
777 572 9 11 0.07615929 
567 506 15 18 0.07080914 
545 534 10 12 0.06158267 
852 546 10 13 0.061200403 
502 450 11 14 0.0577723 
497 563 10 12 0.056806695 
854 524 9 12 0.055937707 
518 470 10 14 0.053563252 
884 33 13 15 0.0528291 
859 59 10 13 0.04848285 
1013 43 9 14 0.04633636 
729 563 10 13 0.037406556 
699 515 13 16 0.03599775 
1012 123 10 15 0.03581685 
610 587 8 11 0.034937017 
711 592 8 10 0.034442253 
916 349 11 13 0.034438547 
683 592 6 9 0.03439994 
871 350 10 13 0.03314692 
986 0 17 15 0.032944217 
883 12 13 16 0.032661203 
873 324 10 12 0.03256875 
969 197 10 13 0.032534767 
64 352 8 10 0.03243324 
911 351 11 14 0.031683635 
997 257 12 15 0.03132688 
950 483 9 12 0.029198697 
974 173 11 14 0.028830007 
995 218 16 18 0.028622964 
495 451 12 15 0.028537307 
828 599 9 10 0.027762925 
973 544 10 12 0.026799064 
706 599 7 9 0.02658874 
710 598 7 9 0.025963277 
917 447 14 16 0.025657032 
633 601 7 8 0.025465816 
663 482 12 16 0.025221003 
909 85 9 12 0.025129206 
496 532 9 12 0.025041196 
658 598 7 9 0.024848904 
444 567 10 13 0.024390187 
995 293 15 17 0.024344185 
900 565 12 16 0.024048315 
6 383 8 11 0.023643654 
918 342 10 13 0.02346682 
903 374 8 11 0.023462003 
827 539 16 18 0.022962013 
508 473 13 18 0.022901548 
662 598 7 9 0.022834234 
641 600 7 9 0.022403458 
974 171 25 32 0.022032183 
568 472 14 18 0.021357095 
129 465 17 19 0.02133961 
908 58 12 15 0.021086812 
1013 198 9 15 0.020918636 
706 593 8 9 0.020821832 
500 559 9 13 0.02079041 
871 365 11 13 0.020501228 
822 506 13 17 0.020315723 
