21_Festival_Festival_21_526
574
623 631 14 19 0.9251376 
647 637 13 21 0.82712984 
44 525 14 19 0.43298897 
254 655 11 13 0.37533388 
796 527 10 13 0.34539357 
828 570 13 16 0.33438468 
261 677 13 17 0.32355466 
16 479 9 11 0.32136813 
791 531 10 13 0.20332173 
471 542 9 12 0.18388079 
680 542 10 13 0.1764074 
726 507 10 13 0.17619784 
464 772 13 18 0.17346701 
620 717 12 16 0.17145324 
767 535 10 13 0.17125465 
925 659 14 18 0.16289818 
562 599 14 20 0.16165897 
224 579 11 14 0.160208 
950 555 11 15 0.1559099 
693 494 10 12 0.15106499 
230 470 12 17 0.14819711 
751 506 15 17 0.14695458 
180 465 14 17 0.14384161 
760 541 11 15 0.14317292 
576 610 11 13 0.1430033 
158 476 11 13 0.13904586 
932 705 40 54 0.13644283 
969 703 23 38 0.13552049 
55 421 9 11 0.13500479 
259 654 12 13 0.11963975 
828 612 14 20 0.11421606 
76 596 25 31 0.11322228 
537 762 10 14 0.11290931 
22 138 29 40 0.11135659 
684 547 10 12 0.10989381 
15 484 10 11 0.10687668 
267 503 10 12 0.1066477 
558 589 15 27 0.106414825 
982 560 12 16 0.10461216 
319 468 11 13 0.10363118 
950 532 11 14 0.09448666 
1 495 9 12 0.09212385 
969 526 9 13 0.09179656 
797 551 10 12 0.09157197 
775 557 9 13 0.09088064 
876 640 22 33 0.08878005 
352 785 21 30 0.08874995 
174 560 26 31 0.088558756 
782 560 11 15 0.08664769 
116 628 20 27 0.083818346 
750 566 11 14 0.081214055 
931 563 10 13 0.07953383 
982 535 10 12 0.077058904 
736 597 12 18 0.076834306 
975 532 11 14 0.076707944 
451 811 13 12 0.0763371 
717 551 10 12 0.07561558 
668 524 11 15 0.07496877 
902 571 10 12 0.07410574 
950 696 29 47 0.07401132 
998 526 10 12 0.07290213 
951 627 13 17 0.07052093 
224 661 12 14 0.069135174 
910 621 14 18 0.0682674 
194 376 9 10 0.06824146 
864 564 13 16 0.067952454 
709 508 8 11 0.06776883 
821 567 15 17 0.0673004 
755 591 16 20 0.06714613 
583 510 9 11 0.06655612 
241 501 11 14 0.06597608 
30 494 9 12 0.0651126 
786 766 34 38 0.06477928 
104 502 11 13 0.06451982 
47 508 10 12 0.06416435 
728 487 10 12 0.06313806 
987 561 13 18 0.06261767 
751 542 9 13 0.062288918 
581 558 11 14 0.06210316 
468 786 22 29 0.061797455 
837 802 15 18 0.06073775 
223 515 11 15 0.0607359 
816 572 11 15 0.060371835 
712 504 8 10 0.060238704 
698 544 8 10 0.05895951 
417 551 10 13 0.05885033 
748 533 9 11 0.05816625 
808 572 10 14 0.058109708 
949 634 14 20 0.057823088 
911 581 12 15 0.05767867 
748 664 23 26 0.057275623 
699 550 8 10 0.056985263 
808 567 9 12 0.056603838 
661 492 9 12 0.056343567 
174 534 12 15 0.05605603 
680 537 9 11 0.055911172 
406 588 10 16 0.055889424 
191 501 13 15 0.055655517 
987 620 15 16 0.055575956 
772 534 10 13 0.05520974 
7 496 8 11 0.055204157 
984 551 9 11 0.055138715 
589 515 11 15 0.055134937 
1013 575 9 14 0.055075713 
723 801 16 15 0.05493321 
989 552 8 10 0.054926783 
184 517 10 14 0.054704744 
975 1 44 57 0.053968444 
21 530 12 15 0.05392566 
954 623 14 16 0.05385438 
38 496 8 9 0.053353183 
794 549 9 12 0.053085007 
771 539 10 14 0.052648023 
771 756 27 38 0.052611277 
351 462 9 12 0.052551154 
723 623 15 22 0.052427582 
775 524 12 14 0.05224268 
21 541 11 14 0.052101303 
307 523 15 16 0.051900245 
52 508 9 12 0.051118124 
846 760 17 20 0.050710578 
660 567 12 15 0.04985751 
721 502 10 13 0.049775995 
907 588 17 22 0.049744837 
703 486 12 14 0.04972071 
933 601 16 21 0.049283117 
15 499 10 13 0.04921404 
292 366 9 11 0.047939647 
241 496 9 11 0.047768682 
250 654 10 13 0.04771557 
644 743 15 22 0.0476798 
133 388 11 13 0.047540225 
140 454 10 12 0.046961993 
716 670 25 34 0.046240434 
228 575 12 14 0.046165526 
742 551 8 10 0.046022654 
164 478 10 12 0.04556108 
978 624 41 56 0.045522105 
440 535 10 12 0.045276728 
63 551 11 12 0.045130715 
869 556 12 15 0.04483871 
848 548 10 14 0.04458868 
59 556 12 14 0.044465367 
1000 541 8 11 0.044395957 
927 525 9 11 0.044385824 
492 796 13 20 0.044148494 
862 570 14 18 0.044017654 
657 493 9 11 0.043925222 
822 636 14 18 0.043900743 
704 504 9 11 0.04378967 
416 184 10 12 0.043448757 
699 74 11 13 0.043401323 
775 551 9 12 0.043247674 
821 541 10 12 0.043110505 
797 653 21 32 0.04285741 
787 533 9 12 0.042576045 
1003 526 12 13 0.04238044 
864 558 11 12 0.042378988 
974 517 10 11 0.042282265 
864 677 24 31 0.042187564 
972 594 15 18 0.042100806 
189 493 11 13 0.042098675 
233 567 8 11 0.041965485 
688 694 17 21 0.041926913 
591 557 10 13 0.04162158 
97 503 9 11 0.0416003 
981 581 9 11 0.041531716 
110 463 10 13 0.041451644 
283 406 10 13 0.041351043 
218 456 14 18 0.041308578 
739 585 14 21 0.04118236 
320 499 13 17 0.041120104 
781 525 11 14 0.040957063 
722 486 10 12 0.0408971 
701 543 8 10 0.040818322 
983 541 10 11 0.040721238 
623 528 11 14 0.04058016 
229 501 9 11 0.040441018 
419 554 11 14 0.040326558 
774 600 14 21 0.04029988 
429 550 10 12 0.04022891 
179 532 13 17 0.03997103 
728 542 9 11 0.039848782 
776 561 11 18 0.03981024 
925 697 34 41 0.03975614 
15 492 10 12 0.039735995 
967 592 13 18 0.039716348 
658 502 8 11 0.039672088 
87 483 8 11 0.039662573 
605 509 10 12 0.03940606 
944 510 11 13 0.03938233 
566 501 8 10 0.03935676 
679 516 10 12 0.039347623 
47 558 9 11 0.039250065 
627 531 11 15 0.039206393 
744 563 11 16 0.039155196 
737 582 10 14 0.039111592 
21 497 11 15 0.0390134 
56 494 8 10 0.03875444 
603 691 12 20 0.03871578 
662 613 9 13 0.03859702 
695 565 11 14 0.038419712 
1016 567 7 12 0.03835668 
1005 518 10 11 0.03802459 
751 560 9 13 0.037905533 
39 514 14 17 0.037723433 
600 495 8 11 0.03772105 
1013 611 10 16 0.037630253 
933 734 16 23 0.037496157 
188 466 12 16 0.03738934 
80 470 9 11 0.037269488 
770 558 9 11 0.037215073 
414 518 9 11 0.037173323 
1013 542 8 13 0.03702121 
63 754 26 42 0.037013367 
413 612 10 13 0.037012693 
76 571 13 16 0.036804095 
64 475 8 11 0.036722615 
999 531 11 13 0.03665698 
661 502 8 10 0.036608722 
54 564 13 15 0.036559563 
814 566 11 14 0.036443792 
755 565 12 16 0.03644357 
875 682 16 21 0.036438935 
974 581 9 11 0.03634785 
729 118 9 12 0.036194105 
148 501 11 14 0.03617431 
757 690 23 27 0.035883237 
696 519 8 11 0.03571348 
474 541 11 13 0.03564069 
159 492 10 14 0.035582595 
649 512 8 10 0.03544878 
429 509 9 13 0.03512889 
765 543 13 17 0.035073217 
657 488 10 12 0.03502769 
494 642 11 15 0.035003465 
557 581 14 25 0.03500187 
774 580 8 12 0.034986973 
256 575 9 11 0.034947183 
85 499 10 12 0.034760118 
462 586 14 17 0.03469305 
1008 542 10 13 0.034607433 
225 473 13 16 0.03460473 
267 683 11 16 0.03446148 
782 495 9 11 0.034418367 
622 458 10 13 0.034395374 
727 629 21 30 0.03421841 
737 551 8 9 0.034160975 
256 581 10 12 0.03408863 
696 560 9 10 0.034074876 
743 508 11 13 0.034022346 
750 529 9 11 0.033998266 
1006 530 11 14 0.033917256 
699 571 13 16 0.03384987 
918 654 15 19 0.03382456 
663 548 9 12 0.0336509 
804 628 13 17 0.033327647 
91 561 17 19 0.033308316 
835 571 12 15 0.033165254 
872 553 9 11 0.03315558 
661 542 10 14 0.03301728 
918 706 25 31 0.033010826 
575 510 8 10 0.03300647 
148 466 11 12 0.032925256 
733 635 23 29 0.032923996 
584 514 11 15 0.032829728 
855 670 23 35 0.032798115 
683 625 16 21 0.032784235 
755 681 15 19 0.03274991 
225 638 11 14 0.032662284 
767 528 11 12 0.03260124 
762 534 10 14 0.03254133 
826 626 15 19 0.032506455 
246 433 8 10 0.032383204 
656 567 10 13 0.0323542 
114 310 12 14 0.032205515 
678 511 9 10 0.032177627 
671 518 11 13 0.032146662 
661 695 15 21 0.0321162 
909 627 21 26 0.032105703 
263 380 8 10 0.031990763 
28 647 39 47 0.031896237 
807 557 8 11 0.03182473 
734 544 9 10 0.031770524 
304 518 25 27 0.031769928 
815 535 10 13 0.031639524 
168 421 9 11 0.03162775 
391 610 13 18 0.03141252 
142 495 12 14 0.031399958 
592 495 9 12 0.031304926 
718 620 14 21 0.030963251 
685 518 10 12 0.030950164 
586 503 8 11 0.03090766 
955 637 15 20 0.030904211 
965 690 42 57 0.03087377 
919 755 13 17 0.0306574 
222 207 9 11 0.030530607 
743 705 27 32 0.030454619 
887 534 9 13 0.03038905 
673 511 8 10 0.030363627 
236 474 12 14 0.030295914 
471 559 10 14 0.030194346 
60 512 9 11 0.03018403 
930 663 15 18 0.030124487 
175 527 11 13 0.030105516 
196 444 11 15 0.030038763 
575 548 10 14 0.029861653 
969 581 10 12 0.029854994 
742 558 9 14 0.029846184 
746 542 9 12 0.029824333 
670 558 9 11 0.029746655 
338 425 8 10 0.0296289 
736 558 10 15 0.029620634 
956 595 14 17 0.02951119 
229 547 11 13 0.029501557 
216 580 13 17 0.029443279 
232 525 9 13 0.029442117 
80 501 10 12 0.02941635 
773 572 10 14 0.029413939 
409 612 9 13 0.029387705 
734 574 9 14 0.029314999 
509 618 15 21 0.029237691 
691 587 14 19 0.029157294 
281 412 11 16 0.02912851 
231 495 8 11 0.029038185 
288 519 8 11 0.029022016 
327 439 8 10 0.02892876 
845 571 13 16 0.028890312 
320 499 22 33 0.028827228 
446 540 9 12 0.028790051 
257 502 8 11 0.028748702 
200 540 12 15 0.028573086 
729 123 12 15 0.028519452 
70 571 12 16 0.02844948 
624 477 7 10 0.028160308 
814 558 9 12 0.02810778 
268 655 11 13 0.028062008 
577 494 8 11 0.02800159 
323 464 10 12 0.027910225 
786 540 9 11 0.027859936 
1000 519 9 12 0.02779686 
959 658 14 19 0.027770767 
865 2 69 68 0.027736291 
902 591 14 19 0.027706595 
967 518 10 12 0.027704641 
912 558 10 13 0.027643671 
692 625 15 20 0.027578052 
686 533 9 11 0.027540764 
655 620 13 17 0.027498648 
723 790 26 27 0.027496884 
902 716 53 59 0.02749231 
593 487 8 9 0.027313596 
150 495 10 13 0.027307892 
228 509 10 13 0.027304476 
719 496 8 10 0.027251951 
732 491 10 13 0.02711543 
609 589 11 13 0.027075658 
652 628 15 21 0.026969295 
104 498 10 11 0.026948223 
343 461 10 12 0.026920697 
677 523 11 14 0.026831012 
454 550 13 16 0.026827542 
105 463 11 12 0.026817923 
141 487 10 11 0.026758187 
792 508 10 12 0.02671777 
996 566 12 15 0.026683226 
696 501 8 10 0.026682787 
718 521 9 10 0.02667126 
917 664 17 20 0.026620205 
989 569 13 16 0.026587687 
156 754 28 35 0.026571369 
761 528 8 11 0.02655851 
977 557 11 16 0.026557095 
590 500 9 12 0.026495757 
424 543 10 12 0.026466807 
163 595 16 18 0.026464669 
725 722 17 24 0.026352007 
262 648 11 12 0.026336133 
1008 574 9 13 0.026322654 
668 552 9 11 0.026309995 
528 473 8 10 0.026305037 
988 616 24 29 0.026297636 
215 493 9 10 0.026281724 
961 516 9 11 0.026225522 
959 526 10 13 0.026207834 
753 547 9 12 0.026188334 
134 412 13 14 0.026177611 
431 408 8 10 0.026166795 
403 582 19 30 0.02614094 
551 803 14 15 0.02611073 
851 609 14 20 0.026109705 
55 551 10 12 0.025951512 
697 535 8 10 0.025826149 
289 264 8 10 0.025821231 
62 159 25 30 0.025779666 
711 573 10 14 0.025764719 
878 637 13 19 0.025713632 
82 432 8 10 0.025705853 
722 807 21 17 0.025674943 
31 489 8 11 0.025625877 
763 593 14 18 0.025625104 
643 534 14 18 0.025619468 
1 433 8 11 0.025614707 
987 670 15 19 0.02559909 
506 745 14 18 0.025597056 
895 516 10 12 0.025583055 
880 540 10 13 0.02555203 
702 558 8 12 0.0255451 
100 514 14 16 0.025531389 
935 534 8 10 0.025485203 
88 512 9 12 0.025454719 
1013 534 9 12 0.025435748 
920 549 9 12 0.02543414 
430 543 9 11 0.02539741 
55 489 8 10 0.025394946 
779 648 13 19 0.02535915 
812 635 13 18 0.025324157 
921 543 8 10 0.025163438 
81 477 10 13 0.025144095 
462 550 10 13 0.025045408 
963 665 14 18 0.024946006 
260 581 11 14 0.024878582 
639 539 10 13 0.02485704 
927 671 25 33 0.02480917 
815 620 10 12 0.024758663 
237 499 20 26 0.024748059 
248 540 9 11 0.024622912 
117 504 9 12 0.024612693 
0 538 8 15 0.024585823 
456 533 9 13 0.024487343 
249 583 8 10 0.024411308 
664 519 10 13 0.02438701 
807 540 8 11 0.02436909 
532 493 10 13 0.024313422 
135 486 10 12 0.024282133 
710 494 9 11 0.024281824 
196 468 10 12 0.024256835 
681 505 8 9 0.024188744 
613 573 9 11 0.02415506 
609 484 10 11 0.024099294 
688 559 8 11 0.024078462 
812 577 12 15 0.024056079 
381 794 16 21 0.024002003 
609 478 9 10 0.023996118 
951 617 12 13 0.02398031 
85 590 17 19 0.023937376 
430 555 10 12 0.023871133 
343 456 9 11 0.023812694 
134 469 9 11 0.023787808 
96 508 10 13 0.02376818 
574 462 8 9 0.023714798 
805 624 11 13 0.023554156 
655 614 11 15 0.023542106 
569 511 9 11 0.02350634 
405 471 9 12 0.02347857 
28 529 13 15 0.02344991 
780 564 15 20 0.023366902 
49 494 8 11 0.023251444 
241 431 8 10 0.02324672 
617 747 13 17 0.023202544 
580 548 11 15 0.02317863 
826 793 21 27 0.023168018 
677 621 15 21 0.023152605 
693 579 13 16 0.023102682 
541 667 13 18 0.023073858 
247 486 10 12 0.023003064 
726 571 13 16 0.02299532 
911 576 10 12 0.022987915 
342 423 9 10 0.022928594 
863 511 8 10 0.022913517 
960 495 11 12 0.022909345 
60 568 14 19 0.022833737 
160 452 10 12 0.022832915 
109 505 12 16 0.022758743 
945 532 10 13 0.022743508 
94 541 12 16 0.022656761 
716 663 19 23 0.022648286 
721 476 10 13 0.022595573 
188 499 22 25 0.02258284 
648 518 9 11 0.022544092 
920 724 25 33 0.022476291 
687 524 10 13 0.022449687 
96 453 9 11 0.022319647 
164 484 10 12 0.022305727 
461 452 9 11 0.022282489 
646 706 14 18 0.022279391 
846 641 14 17 0.022259293 
322 6 65 56 0.022192597 
584 270 9 12 0.022173392 
575 478 8 10 0.022167541 
688 503 8 10 0.022141304 
983 574 11 12 0.022132926 
213 416 11 13 0.021920756 
561 495 10 12 0.021882784 
406 580 11 18 0.021841055 
81 495 10 13 0.021828454 
464 565 9 14 0.021799752 
589 470 8 11 0.021748137 
942 639 14 20 0.021741705 
594 516 12 15 0.021733053 
318 485 9 11 0.021731742 
703 537 9 11 0.021727191 
870 646 17 23 0.021701088 
838 588 11 13 0.021675942 
925 620 14 18 0.021665443 
841 549 9 12 0.021644473 
690 565 9 12 0.021628825 
245 679 12 15 0.021628093 
265 468 9 11 0.021566276 
118 635 28 42 0.021561066 
575 504 8 10 0.021487633 
66 439 7 9 0.02148218 
688 581 12 16 0.021439418 
175 475 10 13 0.02142364 
62 543 10 13 0.021369947 
738 654 26 30 0.021367626 
997 581 10 12 0.021363016 
927 582 10 12 0.021349212 
239 248 9 11 0.021319762 
932 539 9 12 0.02129322 
46 552 10 12 0.021280691 
832 587 10 13 0.021273814 
37 444 11 15 0.021269651 
889 516 9 11 0.021205189 
839 582 9 12 0.02120324 
542 480 8 10 0.02119548 
965 690 15 20 0.021185692 
903 617 15 19 0.02118323 
716 770 13 17 0.02115988 
462 532 9 12 0.021094173 
278 365 8 10 0.021065444 
0 59 28 37 0.021064045 
733 509 9 12 0.021034569 
831 544 9 10 0.020996816 
232 531 10 13 0.02098555 
864 554 8 10 0.020980041 
978 597 16 20 0.020949919 
119 462 10 13 0.020930856 
567 539 10 13 0.020894554 
720 544 8 10 0.020879915 
959 541 9 11 0.020871175 
184 511 11 14 0.020871134 
787 557 12 14 0.020860663 
599 487 7 10 0.020851763 
311 452 8 11 0.020834189 
673 505 7 9 0.020826805 
739 605 16 21 0.02078184 
446 552 14 17 0.020710772 
566 526 11 14 0.020680388 
414 542 10 12 0.020664692 
255 651 20 22 0.020619132 
584 495 8 10 0.020608846 
216 517 13 15 0.020608373 
109 495 9 11 0.020601971 
909 600 13 17 0.020543348 
881 526 7 9 0.020501267 
695 524 9 12 0.02049379 
462 781 14 19 0.020493602 
855 572 12 16 0.020447012 
717 572 11 15 0.020432036 
968 511 9 12 0.020378804 
629 799 12 14 0.020353556 
966 669 27 32 0.020343333 
617 527 9 11 0.020332744 
294 439 8 10 0.02031403 
686 511 8 10 0.020229848 
799 542 10 12 0.020214006 
585 472 8 10 0.020208713 
93 500 23 30 0.02018769 
80 510 9 11 0.020150572 
646 495 7 10 0.020130636 
916 557 10 13 0.020119414 
143 503 13 18 0.020070177 
885 539 9 13 0.020067316 
