21_Festival_Festival_21_210
19
11 369 27 36 0.9949469 
123 378 22 28 0.9922152 
759 192 77 107 0.9872269 
385 164 74 116 0.9693756 
235 389 19 27 0.94868815 
71 398 16 21 0.7057563 
180 385 16 20 0.52247363 
180 161 21 29 0.36157495 
283 257 26 33 0.16974378 
38 140 23 30 0.07672652 
949 233 11 16 0.07389857 
475 643 24 31 0.059034515 
332 261 14 15 0.05263013 
117 138 31 35 0.037639614 
1 123 9 17 0.030913185 
50 139 33 42 0.028792705 
1 131 9 18 0.025422411 
272 285 31 35 0.023506507 
890 408 26 33 0.0228195 
