21_Festival_Festival_21_97
21
136 601 48 53 0.9970325 
508 579 35 48 0.99636024 
232 31 44 62 0.9936562 
261 611 45 52 0.99270004 
351 7 24 27 0.111018345 
573 751 9 12 0.08062694 
616 711 9 12 0.06500174 
380 622 27 29 0.05558271 
656 742 9 11 0.044936858 
526 48 414 492 0.038807184 
128 424 11 12 0.037989963 
765 748 28 40 0.036763348 
608 756 13 17 0.03410761 
632 712 8 10 0.03359551 
669 742 9 12 0.027960924 
663 742 10 11 0.02523135 
673 17 197 196 0.024230916 
302 471 11 13 0.02264892 
669 706 12 14 0.020611962 
630 742 10 12 0.020474855 
568 753 11 14 0.02047163 
