21_Festival_Festival_21_290
27
468 306 63 78 0.99928397 
557 286 58 72 0.99917537 
97 202 95 132 0.99853647 
301 225 66 107 0.9838425 
988 263 16 20 0.92348355 
815 306 56 108 0.85100824 
548 672 16 22 0.07557598 
131 334 24 29 0.06244699 
687 621 32 33 0.061377928 
593 682 18 21 0.05668357 
629 711 17 20 0.04797197 
488 693 13 17 0.04689686 
359 231 55 82 0.0389796 
836 989 49 35 0.03877226 
458 692 16 20 0.038303386 
569 856 39 32 0.0365965 
506 668 21 25 0.03428362 
683 317 24 35 0.033840526 
399 319 30 35 0.033722993 
560 663 11 15 0.031274132 
916 321 54 82 0.029172538 
542 849 108 79 0.02669661 
556 667 13 20 0.026118131 
553 668 21 30 0.026022011 
812 330 31 74 0.02184871 
981 312 39 75 0.021397363 
34 356 17 19 0.02066918 
