21_Festival_Festival_21_275
246
998 344 17 20 0.97974396 
966 330 16 20 0.97468024 
687 230 9 13 0.9362577 
256 267 30 55 0.9181049 
919 349 9 12 0.8644489 
752 229 9 12 0.8037011 
704 236 10 14 0.65282315 
882 344 8 11 0.5843315 
903 348 9 11 0.5203004 
620 334 22 25 0.45547602 
865 343 9 12 0.3997939 
562 337 24 29 0.37002537 
916 403 10 14 0.34729716 
401 138 9 10 0.33468527 
691 198 10 13 0.31036022 
367 306 35 32 0.24410385 
687 106 8 10 0.19104885 
136 211 21 32 0.18859528 
728 306 11 13 0.17660005 
833 350 8 11 0.16902061 
308 314 10 13 0.14430195 
873 360 9 11 0.12462406 
873 333 9 11 0.123520814 
944 349 11 14 0.11638996 
762 403 8 12 0.114103004 
668 179 10 12 0.11123501 
829 403 11 15 0.111085 
899 387 10 13 0.10909118 
708 198 9 12 0.10680894 
750 341 9 11 0.10563961 
737 436 8 11 0.10186677 
831 388 9 11 0.101307 
312 341 13 15 0.09899446 
789 98 9 11 0.09747922 
646 173 8 11 0.09705677 
721 237 11 13 0.09531897 
439 278 8 11 0.09517326 
2 190 40 103 0.0942157 
994 405 15 17 0.09240957 
662 201 9 10 0.091154166 
743 340 9 12 0.09107679 
382 133 9 12 0.09043628 
868 348 9 11 0.085236326 
848 349 8 10 0.08226881 
641 222 9 12 0.08175852 
807 95 9 10 0.08172208 
755 195 11 13 0.08055926 
725 435 10 13 0.07987052 
960 395 12 13 0.07738992 
864 117 8 10 0.07485645 
583 341 23 28 0.07426269 
704 457 12 17 0.07372798 
831 368 7 9 0.07227865 
642 183 9 10 0.0719062 
640 198 9 12 0.06807412 
382 142 11 13 0.06713185 
858 343 8 10 0.06685473 
869 423 9 10 0.06658901 
923 349 10 12 0.06620184 
833 125 10 14 0.0656967 
771 194 12 15 0.06475997 
768 443 16 17 0.06333055 
933 406 9 11 0.06275156 
533 310 15 22 0.06192043 
711 334 12 13 0.060136028 
718 334 10 13 0.058295403 
663 420 10 12 0.058259558 
712 300 10 12 0.05763157 
760 343 9 11 0.057570018 
709 252 9 11 0.056363072 
777 312 8 9 0.056251958 
766 401 8 11 0.054530546 
640 255 8 10 0.053783305 
711 112 9 11 0.053771574 
647 104 8 9 0.053322088 
360 296 27 37 0.051934525 
196 458 28 26 0.05170856 
140 285 16 27 0.05064292 
822 124 9 13 0.050136782 
665 103 7 10 0.049572017 
518 314 22 33 0.049187146 
832 345 8 10 0.049103063 
738 335 8 11 0.04854191 
654 207 9 10 0.048509922 
845 375 8 11 0.048204266 
312 337 23 27 0.047463007 
808 350 8 11 0.04652907 
664 150 8 10 0.044325966 
674 458 12 17 0.043483432 
398 34 11 12 0.043254543 
736 236 9 12 0.042910807 
150 270 50 59 0.042310406 
647 168 8 11 0.041848615 
664 110 8 11 0.04182028 
314 307 49 62 0.04176053 
815 375 8 11 0.04150939 
914 348 8 12 0.041440655 
642 190 9 11 0.04126218 
726 333 10 12 0.040521324 
736 93 9 13 0.04035851 
766 343 8 11 0.04007186 
768 232 8 11 0.039830044 
822 335 8 11 0.039474763 
461 339 25 28 0.039459195 
757 453 9 11 0.039385084 
595 339 16 23 0.03936709 
532 331 14 16 0.03887336 
815 380 9 13 0.038870025 
382 128 10 12 0.038030595 
816 405 8 10 0.038000382 
641 118 9 11 0.037808694 
656 102 7 10 0.037784863 
633 338 16 18 0.037222493 
934 355 9 12 0.036925346 
817 335 9 12 0.036632273 
831 357 9 11 0.036544144 
776 343 8 10 0.036217306 
769 237 8 11 0.03609411 
670 109 8 11 0.03596968 
737 197 10 12 0.035467092 
824 359 9 11 0.035218507 
433 277 10 13 0.035193525 
774 272 8 10 0.035132334 
702 467 12 16 0.034572057 
741 95 9 13 0.03455116 
1013 407 9 13 0.034512386 
837 350 8 10 0.034495443 
753 430 10 13 0.03407485 
650 314 17 19 0.03399562 
662 116 8 11 0.03363522 
724 198 10 11 0.033378292 
736 119 10 12 0.033084832 
622 261 9 10 0.03302911 
621 325 15 19 0.03301518 
712 54 8 9 0.032771736 
648 461 10 14 0.03258092 
735 214 9 11 0.032035314 
750 448 9 11 0.031831495 
704 219 8 11 0.031558055 
746 126 9 11 0.031501573 
734 206 9 10 0.03140649 
422 143 8 10 0.031226149 
303 301 8 11 0.031119164 
855 389 7 10 0.0308625 
694 104 8 10 0.030563466 
781 311 8 9 0.030467922 
564 229 13 15 0.030073684 
670 104 8 10 0.030041495 
815 341 9 12 0.029662453 
927 355 9 13 0.029662322 
453 312 14 18 0.029601563 
721 432 10 13 0.029529573 
850 390 8 10 0.029311106 
839 119 11 15 0.02907795 
659 460 13 16 0.028942801 
656 201 9 10 0.028898306 
661 134 8 10 0.028857049 
842 380 8 12 0.028846439 
370 174 9 11 0.028735692 
746 448 8 11 0.028727984 
738 340 9 12 0.028702457 
849 345 8 10 0.028641166 
831 373 8 9 0.02858104 
768 349 9 11 0.028554749 
991 341 12 16 0.02831982 
742 328 10 12 0.02826585 
677 197 9 11 0.02813461 
727 126 7 10 0.027921494 
877 363 9 12 0.027690638 
646 109 9 11 0.027574707 
903 358 9 11 0.027058909 
749 336 9 11 0.026983611 
675 340 16 18 0.026970219 
719 448 10 13 0.026867256 
897 344 8 11 0.0267656 
744 120 9 11 0.02676075 
724 391 11 13 0.026499385 
765 111 9 11 0.026469229 
638 202 9 13 0.026437262 
704 103 7 10 0.026336579 
725 327 10 12 0.026324121 
692 108 9 11 0.026242139 
377 141 9 12 0.02620158 
775 334 10 11 0.026175922 
774 349 8 11 0.026058197 
825 366 8 10 0.026048696 
657 98 7 9 0.025832197 
903 364 9 11 0.025685456 
664 97 7 9 0.025672445 
767 311 8 10 0.025335316 
310 302 10 13 0.02521807 
664 254 7 10 0.024777194 
683 426 12 14 0.02472571 
753 452 9 12 0.024681535 
807 90 8 10 0.02450244 
576 343 20 22 0.024369568 
710 327 12 14 0.024301337 
823 400 12 15 0.024263248 
564 322 17 22 0.02426073 
724 260 11 13 0.024222922 
825 350 8 11 0.024034169 
642 105 7 9 0.024016118 
668 149 10 11 0.023721939 
800 351 9 12 0.023471128 
683 109 7 10 0.023440454 
118 209 31 38 0.023434432 
742 433 9 12 0.023433404 
773 397 10 12 0.023269122 
378 135 8 11 0.023093639 
370 140 9 12 0.022866134 
823 341 8 11 0.022735942 
672 237 9 11 0.022680417 
935 398 9 11 0.022605674 
650 206 8 11 0.02258178 
958 428 9 12 0.022562182 
738 421 8 11 0.022410916 
715 110 11 13 0.022339081 
812 95 9 11 0.022303794 
678 213 9 11 0.02215293 
705 95 8 9 0.022060512 
705 333 12 14 0.022045443 
684 346 15 15 0.021950314 
704 300 10 13 0.021923872 
317 180 10 13 0.021881746 
816 422 9 11 0.0218327 
721 255 9 11 0.021797098 
705 110 8 11 0.02170522 
655 213 10 11 0.02165907 
525 325 24 28 0.021549415 
670 314 9 14 0.02151223 
527 338 16 18 0.021412399 
836 404 9 13 0.021322388 
980 427 11 15 0.021293612 
946 343 13 15 0.02122604 
725 242 11 13 0.02117536 
822 87 9 10 0.02105018 
660 323 12 16 0.020648044 
419 143 7 10 0.020569438 
805 45 46 59 0.020557167 
642 110 8 11 0.020409273 
866 366 7 9 0.020373683 
678 221 8 11 0.020352136 
710 94 8 9 0.020255381 
797 135 11 13 0.020235173 
718 327 11 13 0.02022155 
844 142 11 14 0.020213176 
