13_Interview_Interview_Sequences_13_3
52
177 18 347 488 0.9997348 
1006 70 14 20 0.30536163 
959 73 14 16 0.13189377 
871 23 7 9 0.0972229 
857 158 16 22 0.08441154 
998 69 16 22 0.06686976 
993 54 10 12 0.061321612 
941 61 11 13 0.060162332 
845 356 52 65 0.05652687 
951 107 15 20 0.050349105 
666 529 19 20 0.049697414 
896 421 26 33 0.046766583 
997 58 11 15 0.039188076 
908 423 15 23 0.037528757 
1005 62 13 18 0.03564208 
794 446 16 20 0.035252884 
810 426 25 29 0.035130847 
910 94 14 18 0.034874253 
392 68 426 506 0.032349706 
891 436 24 32 0.032335415 
772 390 16 20 0.030327814 
957 69 29 35 0.029334638 
737 306 10 15 0.028623963 
948 247 24 35 0.028543053 
934 70 10 13 0.026534118 
791 421 11 15 0.026427157 
972 127 16 22 0.026389357 
865 402 18 20 0.026388459 
873 309 10 12 0.025691345 
6 194 42 65 0.025528897 
945 240 10 12 0.025266828 
886 252 15 17 0.024990654 
963 79 17 21 0.023917433 
927 69 11 14 0.023548083 
943 118 23 29 0.023373062 
821 371 11 15 0.023134599 
957 60 15 18 0.022769937 
925 391 27 35 0.022643987 
681 480 16 20 0.022575725 
915 362 17 19 0.02257535 
723 389 12 14 0.022303855 
933 75 11 14 0.022287464 
989 256 15 20 0.021965375 
879 34 27 36 0.02196047 
766 395 12 15 0.021916473 
869 318 11 13 0.021075493 
837 364 14 16 0.020928808 
895 68 13 18 0.020827627 
858 388 29 34 0.020665484 
874 460 19 26 0.020517422 
741 395 12 17 0.02025592 
875 71 15 17 0.020039784 
