13_Interview_Interview_Sequences_13_268
37
517 194 71 96 0.99882096 
100 614 43 58 0.3557255 
809 343 53 77 0.32451913 
3 249 94 145 0.20640542 
780 7 64 79 0.19138971 
800 535 41 49 0.097666875 
735 52 32 35 0.06387059 
897 5 124 130 0.061575767 
125 48 380 444 0.052265212 
657 -1 43 32 0.045365434 
205 448 41 53 0.043104395 
441 93 93 132 0.04041002 
535 -7 108 103 0.039549213 
354 75 55 77 0.036867525 
138 114 43 51 0.031338397 
234 171 34 41 0.029767687 
414 19 60 67 0.029635495 
481 19 96 111 0.028595421 
169 312 40 46 0.027784582 
179 166 31 38 0.026973521 
993 382 29 42 0.026924793 
564 105 35 47 0.026242703 
911 574 45 61 0.025798982 
525 14 70 75 0.025755882 
483 55 45 61 0.02572593 
878 336 41 48 0.025521645 
726 60 44 61 0.024762642 
0 219 159 225 0.024616934 
762 316 47 64 0.024565259 
758 311 88 115 0.024453092 
81 285 47 68 0.023849439 
7 223 57 98 0.0226586 
190 517 32 42 0.022176703 
832 355 37 48 0.022138266 
875 37 68 84 0.021288542 
239 8 89 106 0.020985503 
211 470 40 47 0.020045057 
