13_Interview_Interview_On_Location_13_313
60
451 497 28 37 0.99876237 
295 476 28 34 0.9984579 
878 318 27 36 0.9983993 
220 445 26 33 0.9983394 
801 363 25 33 0.9982541 
773 333 25 31 0.99816316 
829 336 26 34 0.99806243 
597 370 27 35 0.99765825 
559 363 24 30 0.9971963 
658 338 26 31 0.99696654 
959 350 26 32 0.99686 
176 371 24 30 0.9968035 
307 347 23 31 0.99662197 
931 344 25 32 0.99621505 
657 474 25 33 0.9961986 
739 332 24 30 0.9961116 
590 476 24 33 0.99610907 
263 356 23 29 0.9946096 
115 349 24 27 0.99431276 
804 322 24 28 0.9940918 
624 340 23 30 0.99375063 
494 363 24 29 0.99304587 
154 354 21 30 0.9920512 
38 355 23 30 0.9871897 
363 349 22 28 0.97865593 
414 366 20 26 0.9752211 
211 363 21 26 0.95262694 
518 361 19 27 0.89584446 
61 356 26 34 0.8140619 
206 346 19 28 0.8010666 
391 361 19 23 0.7750417 
638 322 22 26 0.7672382 
441 360 21 25 0.4700641 
788 122 15 18 0.3743472 
196 349 14 19 0.28277585 
29 343 21 25 0.25125572 
701 331 14 20 0.2463545 
709 366 15 19 0.18718973 
449 356 15 18 0.11313345 
733 301 10 11 0.086932756 
92 330 16 21 0.048562486 
286 404 17 21 0.043776795 
617 561 16 20 0.04287995 
388 512 30 35 0.039669815 
51 330 14 16 0.030821722 
86 333 16 22 0.029284552 
636 337 20 30 0.028914291 
790 103 9 12 0.027675344 
384 362 13 20 0.027369 
284 348 16 25 0.02722349 
18 30 7 10 0.025925007 
163 357 21 28 0.024503917 
199 327 10 12 0.024033928 
706 294 9 11 0.022500884 
217 351 17 21 0.021905784 
406 369 14 20 0.021670299 
551 292 9 12 0.021180818 
29 336 17 19 0.021096144 
402 363 15 20 0.020946454 
735 297 9 10 0.020225301 
