13_Interview_Interview_On_Location_13_921
61
753 391 27 36 0.9983096 
660 387 26 34 0.99802953 
201 390 20 26 0.97313595 
936 386 18 31 0.95100224 
70 377 9 11 0.36560223 
94 386 11 14 0.3358694 
93 365 13 16 0.30153713 
808 407 13 16 0.30060086 
503 384 11 17 0.14943255 
639 397 13 15 0.14622065 
647 373 13 15 0.098746486 
458 417 12 15 0.09751865 
847 376 9 12 0.08148792 
112 364 11 14 0.080257565 
125 359 10 12 0.074859865 
508 383 11 16 0.06305451 
137 383 10 12 0.05863911 
592 388 11 15 0.049113277 
149 397 10 13 0.048944935 
187 393 12 17 0.04763645 
972 331 12 16 0.045969743 
542 386 11 13 0.04545331 
119 358 11 14 0.04400243 
442 390 13 22 0.039492466 
153 366 9 13 0.03914325 
420 346 15 19 0.038237758 
145 395 10 13 0.037167758 
969 326 11 14 0.036328524 
279 372 10 13 0.03586381 
77 380 10 13 0.035403114 
598 384 9 12 0.035147935 
191 365 10 12 0.034882605 
437 351 15 19 0.034773465 
637 399 20 24 0.03458886 
790 412 12 14 0.034573276 
135 365 9 12 0.034211826 
591 382 10 13 0.03364938 
153 372 10 12 0.032817356 
960 334 12 15 0.03276838 
114 372 10 13 0.032679554 
140 388 11 14 0.03171201 
112 388 9 12 0.030913647 
129 363 9 13 0.030783407 
644 354 12 17 0.030508958 
865 358 9 11 0.029815817 
152 357 9 10 0.02948914 
845 352 13 19 0.029315298 
150 417 12 17 0.028993204 
542 377 11 14 0.027828956 
474 420 13 17 0.027338129 
622 374 9 13 0.027110863 
965 332 13 16 0.026388753 
543 401 11 15 0.025787512 
66 379 9 12 0.025705285 
847 363 10 13 0.025694799 
606 385 10 11 0.02542931 
309 405 11 13 0.024797019 
869 357 8 11 0.024694912 
99 383 11 15 0.023104487 
164 419 12 15 0.020138308 
81 344 10 12 0.020011703 
