13_Interview_Interview_Sequences_13_868
47
285 87 36 43 0.99853885 
404 292 10 13 0.44305003 
813 60 13 16 0.4140993 
775 249 11 12 0.21801065 
579 264 11 12 0.17759177 
930 545 8 11 0.114740126 
768 252 10 12 0.11137259 
735 541 13 14 0.11044791 
735 547 11 13 0.0880258 
875 242 14 20 0.082043976 
918 517 9 11 0.07179688 
946 520 9 11 0.06794192 
758 247 13 15 0.060726624 
687 37 15 20 0.050451744 
766 257 13 17 0.04841657 
680 500 8 10 0.04565871 
724 53 14 15 0.041434653 
925 523 10 12 0.038543515 
416 545 9 11 0.036933973 
864 628 11 15 0.03567709 
204 136 24 29 0.03562517 
753 517 7 9 0.031439107 
1009 518 7 10 0.030612113 
695 302 9 11 0.030091165 
914 517 9 10 0.028832816 
582 518 8 10 0.028104208 
842 518 7 9 0.027655566 
759 260 12 15 0.02642901 
738 535 14 15 0.02530999 
720 76 10 12 0.025271786 
853 499 13 13 0.02483803 
948 523 10 11 0.024487901 
589 524 9 10 0.024042245 
868 491 12 14 0.02372723 
791 62 10 14 0.023642043 
931 554 15 18 0.023358872 
372 551 11 13 0.023169104 
750 513 9 10 0.02314045 
754 57 25 30 0.022756591 
746 513 7 10 0.021916043 
778 518 8 10 0.021405887 
841 513 8 9 0.021368718 
142 38 12 15 0.021326073 
985 300 18 20 0.020908298 
946 512 8 10 0.020787798 
848 519 6 8 0.020491693 
856 510 8 9 0.02048708 
