13_Interview_Interview_2_People_Visible_13_668
98
598 468 16 21 0.88438493 
292 744 13 19 0.8450858 
936 454 17 22 0.6899147 
5 683 15 20 0.6455266 
292 469 12 15 0.51727545 
126 714 12 16 0.4408935 
253 742 14 20 0.37156203 
325 747 11 16 0.25678185 
85 685 12 17 0.23397082 
416 475 11 13 0.17702578 
29 743 17 21 0.1733978 
223 709 13 17 0.15812731 
108 696 10 12 0.14196154 
532 449 11 14 0.14057888 
28 553 11 15 0.12734498 
297 468 13 15 0.115788326 
253 726 13 14 0.113090456 
251 731 15 17 0.09865306 
30 691 12 16 0.09618156 
262 724 12 14 0.094523646 
150 707 14 17 0.089956075 
341 737 16 20 0.0862301 
419 472 11 13 0.08112161 
64 700 10 14 0.07832182 
91 734 14 19 0.0679876 
695 482 31 36 0.06748203 
718 628 13 18 0.06644483 
271 744 14 20 0.05885874 
924 458 16 22 0.054449663 
331 744 14 20 0.054250352 
117 590 9 11 0.054246657 
57 692 9 12 0.053735867 
119 711 14 18 0.05294776 
30 672 10 12 0.052186202 
223 728 14 21 0.051947247 
210 733 16 22 0.05053055 
318 742 14 18 0.048062924 
390 741 13 17 0.04635787 
151 745 13 18 0.04629286 
508 492 27 26 0.04622538 
689 551 21 28 0.0460376 
16 589 11 14 0.044845793 
158 703 11 14 0.044191405 
60 693 10 14 0.04331317 
80 688 13 17 0.04257639 
422 492 12 14 0.04136441 
517 475 15 18 0.039088767 
710 476 14 19 0.03877064 
69 731 14 19 0.03863338 
170 737 15 18 0.03749335 
435 529 14 17 0.036980882 
133 711 11 16 0.03577876 
524 473 13 18 0.035619274 
216 708 12 16 0.034432158 
512 465 24 29 0.03385776 
144 707 11 16 0.033236243 
24 676 11 13 0.032576337 
533 473 13 17 0.031861767 
525 482 12 18 0.031352896 
174 646 11 13 0.0312902 
750 266 169 258 0.030993095 
175 722 13 15 0.030816268 
136 701 10 12 0.030194905 
165 700 9 12 0.029650144 
0 678 12 16 0.028857006 
318 751 14 16 0.028811729 
291 475 16 20 0.028660633 
153 711 16 20 0.028644603 
254 720 11 13 0.028551487 
543 447 9 12 0.027438652 
496 484 10 13 0.027084392 
183 750 12 15 0.027031288 
24 684 12 15 0.026674652 
382 741 16 19 0.025549544 
275 743 18 23 0.025145613 
205 708 10 14 0.025122259 
189 747 12 17 0.02511065 
200 702 12 13 0.024505973 
139 746 16 19 0.0241112 
711 477 23 28 0.02404613 
91 684 10 16 0.023929013 
206 443 98 136 0.02355816 
0 671 9 13 0.023346378 
56 698 10 14 0.023112578 
516 476 25 31 0.023111671 
168 722 11 15 0.022850221 
172 746 15 17 0.022805208 
175 704 9 11 0.022762077 
132 741 16 19 0.022455726 
248 720 10 11 0.02234633 
61 736 16 20 0.022044538 
36 687 9 13 0.021721644 
46 582 11 13 0.021394702 
532 482 12 17 0.021303302 
160 697 9 11 0.020734204 
120 696 7 9 0.020373136 
6 696 13 19 0.020168798 
103 688 10 13 0.020094065 
