13_Interview_Interview_2_People_Visible_13_189
18
172 214 58 68 0.9992237 
512 218 47 62 0.99896216 
396 218 47 63 0.99893135 
753 241 37 47 0.9976908 
815 253 43 54 0.99746406 
253 224 43 55 0.99691075 
676 242 40 56 0.9957838 
572 183 37 53 0.9956338 
921 247 44 53 0.99112505 
990 663 26 26 0.048519913 
1005 609 17 22 0.04785191 
627 73 24 29 0.027555572 
892 261 26 34 0.024137268 
986 307 35 38 0.023634078 
211 221 32 49 0.023141699 
592 63 24 29 0.022152103 
525 84 17 19 0.021392755 
999 76 23 31 0.020978114 
