13_Interview_Interview_Sequences_13_867
89
389 255 239 339 0.9998056 
283 402 36 48 0.99063486 
881 428 22 30 0.96315485 
998 369 15 20 0.9468023 
174 419 21 27 0.92779887 
216 453 20 28 0.90220594 
21 458 21 28 0.83693326 
0 419 10 17 0.52449656 
10 439 17 21 0.5070851 
875 324 24 26 0.5012106 
243 416 16 24 0.40938777 
628 40 10 12 0.33929327 
754 6 9 11 0.3341771 
125 89 15 15 0.22364292 
557 71 8 10 0.21678145 
957 388 11 16 0.20026922 
877 470 15 19 0.19178861 
943 361 14 19 0.1840402 
123 382 14 20 0.1804502 
935 434 12 15 0.15396045 
576 72 8 10 0.1428219 
1012 364 12 21 0.13694166 
598 63 10 12 0.12996095 
769 2 16 16 0.12774229 
123 451 13 15 0.114914045 
128 664 63 87 0.092152864 
966 388 12 14 0.08931736 
718 23 11 13 0.08890448 
943 405 14 18 0.08663905 
62 473 14 16 0.08342895 
647 40 11 12 0.08180093 
118 88 16 18 0.079502575 
129 382 18 30 0.07103492 
807 4 10 12 0.069412716 
115 80 28 28 0.06930786 
827 4 13 15 0.067214906 
250 421 17 24 0.064894006 
652 133 321 467 0.056997646 
30 413 15 17 0.05645953 
971 389 12 14 0.05563542 
922 470 20 28 0.053425923 
681 28 12 13 0.05196618 
18 452 19 25 0.04370788 
924 466 14 19 0.04276809 
747 20 11 13 0.03982054 
756 2 11 11 0.038325805 
751 13 9 11 0.037519842 
746 5 12 13 0.03566384 
972 382 13 14 0.03521154 
852 430 17 20 0.034554105 
664 31 11 13 0.032703932 
63 461 12 13 0.031853676 
1 481 11 22 0.031425457 
71 456 10 11 0.03063375 
780 5 12 13 0.030329213 
859 315 36 35 0.03011905 
77 454 10 13 0.029573098 
228 434 15 17 0.028545335 
811 0 11 12 0.027493708 
808 436 10 12 0.027272709 
10 444 35 47 0.026864916 
83 50 86 104 0.025583943 
1 528 17 19 0.025256803 
22 413 13 15 0.025196627 
118 389 15 20 0.025176607 
974 371 12 15 0.025150314 
845 445 12 14 0.02505863 
630 64 8 11 0.023891943 
978 364 13 16 0.023821937 
3 425 12 16 0.02332261 
991 354 10 14 0.02323107 
108 451 12 15 0.023201572 
819 464 17 19 0.02316305 
64 457 10 11 0.022749856 
724 21 9 11 0.022481918 
782 404 10 11 0.022399314 
812 5 10 12 0.022311823 
107 387 16 19 0.021742906 
801 0 10 11 0.02140309 
521 63 9 11 0.021239677 
983 436 11 14 0.021159105 
27 426 13 15 0.021135174 
981 357 11 15 0.02075958 
821 8 15 16 0.020599943 
327 48 12 14 0.020570112 
711 29 13 15 0.020450367 
347 215 180 267 0.020364843 
131 78 14 16 0.02036315 
317 403 13 17 0.020043079 
