13_Interview_Interview_Sequences_13_495
54
495 120 29 33 0.99493283 
536 69 45 53 0.99182045 
432 144 29 33 0.9637347 
409 141 25 33 0.9488883 
401 119 24 29 0.8674224 
350 133 23 28 0.37510085 
0 120 21 39 0.24347477 
107 124 22 30 0.22542109 
669 113 13 20 0.10941703 
100 239 22 26 0.07662501 
381 170 26 29 0.07503488 
589 97 15 20 0.07387891 
370 67 19 21 0.071174204 
374 92 22 25 0.06821615 
580 91 23 33 0.05655661 
70 90 14 17 0.05288943 
423 138 25 35 0.051125217 
85 99 15 19 0.048653748 
196 141 12 18 0.048278414 
342 124 26 32 0.044549968 
181 134 10 14 0.036136672 
71 95 24 29 0.03441364 
53 92 14 18 0.03278632 
14 197 24 34 0.0324816 
54 120 27 31 0.031616285 
179 137 15 19 0.031221554 
398 115 18 21 0.030745411 
150 134 13 17 0.030462146 
305 138 22 24 0.029229635 
142 131 13 18 0.028159093 
405 136 19 24 0.028100604 
47 96 23 25 0.027661815 
663 112 23 35 0.027314583 
178 147 16 18 0.027210334 
59 91 25 31 0.027027875 
152 100 14 17 0.02698328 
283 108 17 21 0.026043873 
187 136 18 25 0.025912417 
152 192 27 43 0.025716664 
461 18 14 20 0.022732247 
114 118 16 22 0.022445774 
165 148 14 20 0.022444429 
182 160 16 18 0.022443103 
353 147 18 23 0.022275135 
122 128 13 21 0.021803595 
380 101 22 25 0.021795139 
66 127 18 21 0.021643087 
368 78 24 28 0.021413187 
91 157 26 29 0.021300714 
666 110 12 16 0.021224543 
61 90 14 19 0.02089112 
287 144 19 26 0.020379812 
387 106 22 27 0.020160394 
75 128 15 21 0.020109138 
