13_Interview_Interview_On_Location_13_138
71
673 277 18 21 0.9806075 
99 261 16 21 0.91654366 
496 247 17 22 0.8860901 
48 344 49 52 0.8568497 
334 230 17 20 0.7304983 
414 246 10 15 0.40656137 
213 179 10 13 0.38151163 
348 394 43 55 0.26091793 
726 317 10 12 0.1270332 
597 277 13 15 0.08972804 
219 181 10 13 0.081687324 
67 206 11 15 0.07689626 
221 188 10 14 0.069197245 
609 293 10 12 0.06905166 
243 169 12 16 0.065659456 
223 195 11 14 0.061804596 
166 140 20 26 0.061709214 
216 185 12 15 0.046988603 
220 205 10 13 0.046546854 
94 198 11 15 0.04609024 
436 294 17 23 0.044190034 
613 307 11 14 0.04396667 
615 325 14 17 0.04346612 
357 273 11 15 0.037950657 
298 148 17 19 0.035232686 
623 294 10 11 0.034187436 
236 252 14 18 0.033729155 
753 10 58 66 0.033463474 
639 284 12 13 0.03308148 
366 276 13 16 0.033022214 
234 138 27 40 0.032686703 
556 284 12 14 0.03265769 
408 250 11 16 0.032078136 
199 111 11 13 0.031898517 
739 274 13 15 0.03049566 
331 195 13 18 0.030493129 
342 174 11 13 0.02946337 
408 239 9 12 0.029189883 
592 283 12 15 0.029189073 
615 302 11 14 0.028941635 
371 305 14 18 0.028876355 
208 171 22 24 0.028164672 
589 64 392 506 0.028116418 
227 156 28 30 0.027838843 
639 293 11 13 0.027748268 
332 274 19 20 0.027394742 
607 288 11 12 0.027311664 
263 214 13 17 0.026296245 
92 213 10 13 0.025516562 
199 172 11 15 0.025169926 
607 302 12 15 0.025070643 
715 297 12 16 0.024193883 
214 181 21 26 0.023799563 
270 206 9 12 0.023676539 
534 269 14 15 0.023451418 
621 299 10 12 0.023303762 
646 270 10 11 0.02327818 
269 201 10 11 0.023177672 
366 260 9 11 0.022713073 
193 116 12 14 0.022248473 
216 208 11 15 0.022160657 
683 373 15 18 0.02128827 
88 204 12 15 0.02118485 
967 500 9 11 0.021083226 
1011 448 12 24 0.021055184 
718 320 14 20 0.020940317 
279 180 10 12 0.020929463 
367 303 27 39 0.020805808 
395 347 45 50 0.0207915 
192 113 24 25 0.020383544 
205 165 14 17 0.020344747 
