13_Interview_Interview_Sequences_13_2
49
494 170 49 65 0.9992692 
324 28 33 43 0.99804246 
639 241 55 72 0.997999 
547 200 32 43 0.9978003 
654 26 38 47 0.9967986 
918 220 35 46 0.9966788 
265 189 56 68 0.9964311 
642 147 31 39 0.99642855 
315 137 25 35 0.99624395 
227 188 27 40 0.99527353 
946 20 47 56 0.9950028 
746 294 77 92 0.99309784 
236 30 38 44 0.9910006 
123 275 53 60 0.98839873 
567 28 43 51 0.9806244 
0 24 23 43 0.9789135 
12 241 22 27 0.92260104 
1 134 15 34 0.2728698 
120 -2 34 22 0.24205399 
50 146 17 21 0.21607438 
567 103 26 40 0.17298788 
5 236 37 46 0.09512934 
451 0 33 19 0.091845855 
34 238 28 45 0.08839578 
248 186 46 59 0.08436275 
51 170 17 21 0.053742457 
321 230 45 50 0.049151648 
371 147 23 29 0.04537283 
295 425 39 35 0.044220593 
150 264 31 57 0.04373697 
235 100 23 30 0.041999873 
809 10 30 31 0.036823194 
656 521 78 53 0.036088537 
883 193 29 33 0.03122332 
807 0 34 25 0.02935095 
50 206 25 31 0.029103015 
0 223 26 44 0.028313858 
94 170 26 33 0.027585544 
523 617 35 38 0.025620412 
425 315 37 53 0.024307799 
384 158 39 57 0.02362262 
940 108 26 40 0.02329981 
895 137 49 63 0.023081018 
433 656 22 22 0.022390166 
372 177 18 23 0.022355657 
243 100 30 38 0.022213137 
0 0 28 27 0.022017831 
563 103 19 28 0.021975182 
710 189 25 29 0.020125765 
