13_Interview_Interview_2_People_Visible_13_420
74
336 418 220 352 0.99968123 
292 386 98 123 0.3860955 
489 19 16 18 0.3543235 
88 951 17 20 0.23796768 
27 1137 19 22 0.1495701 
4 1136 14 18 0.12934412 
709 0 13 10 0.119701594 
59 827 14 17 0.11355441 
0 608 15 20 0.113220416 
55 297 15 18 0.09991484 
26 548 14 16 0.08778413 
24 321 25 29 0.07322326 
25 609 19 21 0.060313802 
986 49 15 17 0.059083305 
56 546 14 17 0.057429772 
458 49 14 18 0.057005867 
88 269 11 12 0.05381709 
55 514 16 18 0.052848004 
830 173 22 29 0.052491568 
56 269 13 16 0.04974414 
57 579 15 17 0.049540803 
28 853 24 29 0.04924296 
956 173 16 18 0.04870009 
92 1173 12 15 0.04844798 
23 80 18 20 0.046587944 
61 1109 13 15 0.040930837 
1010 166 14 21 0.03947876 
86 114 14 17 0.038921792 
14 43 440 386 0.03806662 
27 828 15 17 0.037836593 
59 1048 15 17 0.034866955 
92 1052 11 14 0.034858774 
91 925 12 14 0.034589957 
25 299 15 17 0.033699125 
84 422 18 19 0.03293655 
59 798 12 15 0.03279222 
89 643 14 16 0.03161987 
60 1076 14 19 0.031089317 
28 580 13 16 0.03091767 
29 1078 13 15 0.03049429 
58 1011 19 22 0.030438138 
4 1107 11 15 0.030264635 
997 0 11 9 0.02959878 
492 50 12 14 0.028897116 
1014 13 10 17 0.02817263 
71 619 11 15 0.027985992 
0 270 9 14 0.027976254 
179 0 14 12 0.027662018 
584 18 13 16 0.027233474 
959 52 9 11 0.027107606 
48 620 12 16 0.026659101 
59 675 12 14 0.026657084 
61 984 13 15 0.026488166 
56 485 18 20 0.02569715 
4 952 16 21 0.02569061 
469 0 11 9 0.02564715 
430 52 9 12 0.025555287 
0 77 11 20 0.02553313 
22 840 40 48 0.024951713 
55 19 14 16 0.024290532 
3 859 12 17 0.024284996 
1002 142 22 38 0.02342221 
253 351 155 210 0.023370655 
27 889 17 18 0.022871492 
89 890 17 20 0.02258641 
24 515 17 19 0.022410182 
118 1068 11 13 0.022368638 
1014 50 9 16 0.02192401 
53 0 16 12 0.021858368 
962 177 15 18 0.021224206 
927 204 12 14 0.021124937 
54 640 17 19 0.020699171 
460 -2 14 11 0.020524308 
86 20 12 14 0.02031238 
