13_Interview_Interview_2_People_Visible_13_252
55
619 35 64 81 0.9989635 
870 15 67 87 0.99884295 
866 524 30 39 0.998343 
31 34 53 67 0.9980969 
323 563 48 60 0.9979401 
577 510 34 41 0.9978777 
111 559 46 63 0.9971137 
805 273 33 43 0.9970686 
84 287 27 33 0.9968081 
436 15 21 26 0.98231274 
501 282 26 31 0.98172563 
224 17 32 37 0.97824156 
274 267 21 25 0.9201491 
21 262 24 29 0.8170668 
549 347 14 16 0.400817 
625 312 16 17 0.13352285 
28 335 18 20 0.13110477 
384 300 16 21 0.12828635 
413 306 17 19 0.0900475 
992 320 16 18 0.062005095 
407 259 28 37 0.061173785 
235 284 12 14 0.056009013 
158 26 23 27 0.053500354 
199 275 13 18 0.05186638 
231 388 29 36 0.05124345 
460 284 21 27 0.050130375 
283 297 24 30 0.046924163 
915 360 13 17 0.04394998 
160 355 12 15 0.04042296 
341 365 22 27 0.03809923 
369 294 23 31 0.033938825 
393 34 14 18 0.033890374 
547 375 15 19 0.03334603 
986 321 25 31 0.029862411 
280 246 10 12 0.029230816 
218 139 14 19 0.028355021 
724 306 21 27 0.027496845 
394 324 18 21 0.027012084 
297 358 29 36 0.026840793 
120 10 27 34 0.026732659 
620 301 26 28 0.02598745 
2 0 23 27 0.02540804 
606 293 12 15 0.024474455 
186 338 18 21 0.02400911 
635 331 14 16 0.023425892 
984 398 20 27 0.022817953 
472 262 9 13 0.022807345 
341 314 13 18 0.022487858 
203 280 14 17 0.022425747 
262 9 14 20 0.022373708 
927 363 10 15 0.022126256 
1000 337 19 21 0.02137757 
651 301 18 23 0.021266975 
403 262 18 25 0.02061665 
477 267 13 18 0.020409917 
