13_Interview_Interview_2_People_Visible_13_1001
43
814 315 25 33 0.9937097 
123 367 18 22 0.9888249 
475 350 17 25 0.98606783 
186 354 18 22 0.98554987 
626 323 20 29 0.9655895 
958 332 16 23 0.9642638 
578 340 17 26 0.9629658 
297 359 17 22 0.8901699 
725 341 16 22 0.8785437 
294 143 16 20 0.874119 
215 146 16 20 0.84013766 
93 341 11 15 0.5903432 
662 336 16 19 0.5221493 
212 368 14 20 0.40976775 
377 149 12 15 0.29423952 
464 141 11 15 0.28777024 
328 165 10 14 0.21046661 
347 303 18 23 0.12724806 
211 182 12 15 0.11153671 
241 148 9 13 0.095828995 
205 329 12 17 0.07440333 
217 372 15 18 0.06706004 
410 150 9 11 0.06447706 
470 306 14 20 0.06311744 
821 140 10 13 0.049541716 
501 159 9 10 0.04184581 
736 68 47 60 0.038285732 
750 28 27 33 0.03153114 
277 195 14 18 0.029334327 
832 140 9 12 0.029194275 
377 181 12 15 0.02862256 
298 150 15 19 0.026879683 
225 371 16 19 0.026858585 
781 300 13 16 0.02641681 
754 24 15 18 0.025963858 
294 175 17 19 0.024691537 
229 146 11 17 0.02416661 
916 278 13 20 0.02378531 
318 171 12 18 0.022634916 
444 166 9 11 0.021520326 
145 334 10 14 0.021238744 
122 402 20 27 0.020472312 
380 173 12 16 0.020429298 
