13_Interview_Interview_Sequences_13_209
19
425 66 56 75 0.9989396 
88 122 72 91 0.99856085 
684 175 30 49 0.99307513 
515 198 32 43 0.9915188 
867 70 82 101 0.9907836 
286 171 31 49 0.9878109 
709 86 54 49 0.1914488 
468 48 11 15 0.10276754 
492 5 10 14 0.061403688 
515 6 11 14 0.052985374 
639 259 10 13 0.03449377 
422 190 14 17 0.028129952 
541 82 35 39 0.02741805 
519 51 10 12 0.027416967 
450 197 14 17 0.025751686 
564 62 9 11 0.023442427 
564 2 17 20 0.021908905 
567 53 47 59 0.020887122 
584 43 30 38 0.020879408 
