13_Interview_Interview_Sequences_13_717
24
306 171 163 222 0.99559045 
627 148 80 110 0.97368693 
681 447 16 24 0.9607645 
73 310 16 21 0.945722 
132 306 18 22 0.9373935 
833 459 25 37 0.93184227 
650 465 22 30 0.90514445 
845 280 18 23 0.88987947 
605 408 21 28 0.88724524 
900 319 21 27 0.82166237 
162 422 17 21 0.7286731 
808 409 18 22 0.6471486 
388 409 20 23 0.5683402 
255 448 22 28 0.5590262 
82 129 88 106 0.0677111 
339 473 16 26 0.05661414 
497 386 25 31 0.04653695 
927 326 15 17 0.040980276 
296 143 20 20 0.0323783 
405 87 25 41 0.031105854 
699 443 15 21 0.024103995 
344 475 22 29 0.023390004 
834 445 41 55 0.022537082 
258 522 28 34 0.021565957 
