13_Interview_Interview_2_People_Visible_13_325
56
290 122 41 54 0.9928444 
368 632 37 37 0.9100493 
499 580 12 17 0.90643066 
226 519 12 16 0.8755432 
422 571 10 13 0.8148141 
102 522 10 12 0.7552211 
455 573 11 14 0.7147758 
194 532 9 12 0.6927002 
157 525 9 11 0.5970102 
89 506 8 10 0.59377813 
454 579 10 13 0.5401725 
69 486 13 18 0.43425646 
178 527 10 13 0.42019328 
137 525 9 12 0.39788678 
284 552 9 11 0.3730154 
110 512 9 10 0.3404175 
125 519 10 12 0.18438679 
260 92 32 32 0.12378257 
109 517 9 11 0.111718155 
71 477 11 15 0.083388455 
438 574 7 9 0.07919635 
145 69 42 48 0.07198769 
109 525 9 12 0.06999183 
432 630 8 11 0.06823813 
429 573 9 12 0.06606172 
451 573 9 12 0.053447075 
253 82 31 33 0.050697856 
407 612 12 15 0.048766654 
140 520 8 11 0.04462112 
98 519 10 14 0.044059534 
488 599 9 12 0.0384016 
121 525 9 12 0.034190014 
206 525 8 11 0.031927664 
272 550 8 9 0.031633794 
177 521 9 11 0.0297848 
459 568 11 14 0.029086294 
154 521 9 11 0.02904078 
82 518 8 12 0.028524367 
150 533 9 12 0.027881255 
86 517 10 13 0.02662805 
295 584 9 12 0.026074873 
133 556 12 14 0.025268672 
449 568 8 11 0.025057537 
166 527 7 10 0.024774255 
577 751 7 9 0.023851978 
427 567 11 13 0.023011742 
181 520 9 11 0.022806738 
439 569 8 10 0.022780662 
144 532 8 11 0.02225086 
113 532 9 12 0.021796804 
159 531 9 11 0.021793112 
63 498 11 14 0.02056386 
426 629 8 11 0.02051942 
295 544 8 10 0.020497218 
106 511 9 12 0.020463355 
423 577 10 12 0.020082353 
