13_Interview_Interview_2_People_Visible_13_254
3654
205 17 400 344 0.12509312 
494 8 389 354 0.12507966 
287 31 215 205 0.12506342 
-3 246 20 43 0.12506302 
0 257 10 21 0.12506185 
481 27 219 210 0.12506163 
596 22 220 217 0.12505932 
685 29 208 259 0.1250571 
387 26 218 208 0.12505662 
227 53 110 160 0.12505229 
645 39 107 135 0.12505226 
263 100 104 179 0.12505187 
562 109 109 168 0.12505174 
729 54 115 156 0.12505166 
319 18 112 130 0.12505165 
620 100 117 156 0.12505156 
550 1 11 12 0.12505151 
261 31 119 146 0.1250515 
694 14 118 131 0.12505144 
677 86 125 174 0.12505144 
369 56 113 153 0.12505138 
28 37 83 143 0.12505135 
61 26 96 140 0.12505125 
471 57 104 157 0.12505125 
11 88 74 156 0.12505125 
48 64 94 170 0.1250512 
118 28 103 137 0.12505119 
153 102 102 178 0.12505119 
781 50 110 160 0.12505111 
184 68 102 163 0.12505111 
416 26 115 135 0.12505108 
518 112 103 166 0.12505105 
231 11 113 122 0.12505104 
566 39 113 135 0.12505102 
439 90 103 170 0.12505096 
829 34 110 145 0.12505093 
106 69 98 164 0.12505092 
306 57 110 154 0.12505092 
73 104 97 176 0.12505084 
168 19 104 129 0.12505084 
345 90 99 172 0.12505084 
754 117 104 173 0.12505083 
9 17 75 127 0.1250508 
364 16 114 118 0.12505075 
845 75 110 171 0.12505074 
588 8 123 125 0.12505074 
410 147 96 180 0.12505066 
508 22 114 126 0.12505062 
26 123 82 172 0.12505054 
611 163 101 156 0.12505054 
453 13 121 121 0.12505051 
475 117 94 181 0.12505049 
799 104 108 171 0.12505049 
877 43 103 155 0.12505043 
537 60 100 150 0.12505041 
218 114 98 182 0.1250504 
187 153 92 171 0.12505038 
92 161 92 178 0.12505035 
284 167 94 172 0.12505035 
124 134 93 178 0.12505035 
768 23 100 123 0.12505029 
520 186 94 166 0.12505028 
658 151 102 171 0.12505026 
380 121 95 170 0.12505014 
312 115 99 181 0.12505008 
47 165 89 173 0.1250499 
86 3 96 114 0.12504978 
778 179 89 160 0.12504978 
547 5 106 114 0.12504968 
185 24 217 210 0.12504967 
350 168 91 172 0.12504959 
236 185 90 159 0.12504956 
-5 -23 78 118 0.12504949 
897 90 92 174 0.12504947 
821 159 98 175 0.12504926 
725 158 94 176 0.12504923 
443 189 87 154 0.1250492 
803 6 102 112 0.12504916 
668 63 56 80 0.12504916 
657 4 105 111 0.12504914 
900 9 92 124 0.12504904 
653 141 53 81 0.12504904 
590 155 52 84 0.12504901 
867 152 91 171 0.12504894 
852 4 98 115 0.12504886 
4 171 75 164 0.12504885 
197 5 109 99 0.12504882 
925 125 92 168 0.12504874 
783 172 49 82 0.12504861 
716 123 54 83 0.12504856 
572 180 87 168 0.12504847 
345 32 61 78 0.12504841 
682 91 59 83 0.12504837 
132 3 106 100 0.1250483 
27 3 98 100 0.12504828 
620 121 55 86 0.12504826 
715 77 56 82 0.12504825 
557 123 53 84 0.12504822 
494 107 51 84 0.12504819 
685 139 53 84 0.12504816 
748 92 54 83 0.12504813 
288 5 108 98 0.12504812 
492 61 55 81 0.12504812 
764 63 55 80 0.1250481 
651 93 56 81 0.12504809 
432 140 48 83 0.12504807 
738 0 101 100 0.12504807 
383 123 49 85 0.12504807 
143 139 49 84 0.12504804 
796 76 54 83 0.12504804 
813 92 52 83 0.12504803 
542 155 51 85 0.12504803 
701 155 52 84 0.12504803 
463 107 50 85 0.12504803 
527 107 50 85 0.12504801 
285 62 55 80 0.12504801 
414 124 51 82 0.125048 
175 124 49 84 0.125048 
478 122 51 86 0.12504795 
366 107 51 85 0.12504795 
749 155 53 84 0.12504794 
287 107 49 84 0.12504794 
271 92 50 84 0.12504794 
142 77 51 82 0.12504792 
157 47 53 80 0.1250479 
317 62 54 80 0.1250479 
636 62 55 80 0.1250479 
192 139 48 84 0.1250479 
815 140 49 83 0.1250479 
704 204 48 83 0.12504788 
766 122 51 85 0.12504788 
428 62 55 80 0.12504788 
336 139 48 84 0.12504788 
590 108 51 83 0.12504786 
699 34 57 75 0.12504786 
560 171 48 84 0.12504785 
510 123 51 85 0.12504785 
112 139 48 84 0.12504785 
128 156 48 83 0.12504785 
338 236 44 77 0.12504783 
367 155 50 84 0.12504782 
445 92 53 83 0.12504782 
160 155 48 85 0.12504782 
523 62 56 80 0.12504782 
449 172 46 83 0.12504782 
303 139 49 84 0.12504782 
542 78 51 81 0.12504782 
847 140 49 83 0.12504782 
831 156 49 82 0.12504782 
561 220 45 82 0.12504782 
302 92 51 83 0.12504782 
32 123 48 85 0.1250478 
159 107 50 85 0.1250478 
196 254 41 69 0.1250478 
80 139 48 84 0.12504779 
382 78 51 80 0.12504779 
604 78 56 80 0.12504779 
398 140 51 83 0.12504777 
236 48 55 78 0.12504777 
96 156 47 83 0.12504777 
64 156 48 83 0.12504777 
271 138 50 85 0.12504777 
348 77 54 81 0.12504777 
624 221 48 80 0.12504776 
879 139 49 84 0.12504774 
127 92 50 84 0.12504774 
501 236 41 75 0.12504774 
397 92 53 82 0.12504774 
79 77 49 83 0.12504771 
846 77 51 82 0.12504771 
384 172 48 82 0.12504771 
298 33 59 76 0.12504771 
207 92 50 83 0.12504771 
576 203 47 84 0.12504771 
158 181 87 172 0.12504771 
222 62 51 81 0.12504771 
257 235 45 79 0.12504771 
63 107 49 85 0.12504771 
478 77 51 82 0.1250477 
863 124 49 83 0.1250477 
318 107 51 84 0.1250477 
95 92 49 84 0.12504768 
720 171 48 84 0.12504768 
464 155 48 84 0.12504768 
4 46 45 82 0.12504768 
650 34 59 75 0.12504767 
573 63 54 79 0.12504767 
110 62 51 81 0.12504767 
638 170 51 84 0.12504765 
507 33 57 76 0.12504765 
254 76 52 83 0.12504764 
95 47 50 80 0.12504764 
145 187 46 85 0.12504764 
254 123 51 84 0.12504764 
190 62 51 81 0.12504764 
607 169 50 87 0.12504761 
392 34 61 74 0.12504761 
351 124 49 83 0.12504761 
224 139 49 84 0.1250476 
495 154 49 85 0.1250476 
177 187 46 85 0.1250476 
556 49 55 77 0.1250476 
878 93 51 82 0.1250476 
669 155 53 84 0.1250476 
545 203 46 83 0.12504758 
34 171 44 85 0.12504758 
864 172 47 82 0.12504758 
895 156 48 82 0.12504758 
33 77 47 83 0.12504758 
208 170 48 86 0.12504756 
688 187 48 84 0.12504756 
798 123 51 84 0.12504756 
894 108 50 83 0.12504756 
49 139 46 85 0.12504756 
861 62 53 81 0.12504756 
7 92 42 84 0.12504756 
48 92 48 84 0.12504753 
464 219 46 83 0.12504753 
319 155 49 84 0.12504753 
205 48 53 79 0.12504753 
251 34 59 75 0.12504753 
125 47 53 80 0.12504753 
449 235 44 79 0.12504753 
927 139 48 84 0.12504752 
417 172 47 82 0.1250475 
63 61 49 83 0.1250475 
321 219 45 83 0.12504749 
812 48 54 79 0.12504749 
175 76 50 84 0.12504749 
830 108 50 84 0.12504749 
139 20 56 75 0.12504748 
671 221 49 80 0.12504746 
256 170 48 86 0.12504746 
48 46 48 82 0.12504746 
746 34 58 76 0.12504746 
909 92 52 83 0.12504746 
461 62 53 80 0.12504746 
481 187 46 84 0.12504746 
829 62 52 81 0.12504743 
529 219 46 84 0.12504743 
114 236 43 78 0.12504743 
943 108 48 84 0.12504742 
592 220 46 81 0.12504742 
529 171 47 86 0.1250474 
225 219 46 83 0.1250474 
518 83 11 18 0.1250474 
242 202 46 86 0.1250474 
161 203 46 84 0.12504739 
894 62 51 82 0.12504739 
476 34 55 76 0.12504739 
774 57 12 21 0.12504739 
618 34 59 75 0.12504737 
171 20 57 74 0.12504737 
353 218 46 85 0.12504736 
433 186 46 87 0.12504736 
943 157 48 81 0.12504736 
113 186 46 86 0.12504736 
768 187 47 84 0.12504734 
513 203 46 84 0.1250473 
352 171 48 84 0.1250473 
289 235 44 80 0.1250473 
193 203 46 84 0.1250473 
239 155 50 83 0.1250473 
586 34 58 75 0.12504728 
771 237 42 73 0.12504728 
17 139 46 85 0.12504728 
81 219 45 83 0.12504728 
842 33 58 77 0.12504725 
441 35 60 75 0.12504725 
272 186 47 86 0.12504725 
386 219 45 84 0.12504725 
48 221 45 79 0.12504725 
129 219 45 83 0.12504725 
926 77 50 83 0.1250472 
912 193 78 150 0.12504718 
78 34 52 78 0.12504718 
417 218 45 85 0.12504718 
657 234 46 86 0.12504718 
736 203 46 83 0.12504718 
959 90 47 86 0.12504718 
109 19 53 76 0.12504718 
793 22 59 72 0.12504716 
816 188 47 83 0.12504713 
655 187 50 84 0.12504712 
973 46 43 83 0.12504712 
536 22 62 72 0.1250471 
65 237 44 76 0.12504706 
4 155 44 85 0.12504704 
877 33 53 77 0.12504704 
848 187 47 85 0.12504701 
145 237 43 77 0.12504701 
910 47 51 81 0.12504701 
818 237 45 74 0.125047 
942 63 50 80 0.125047 
912 171 47 85 0.125047 
407 10 64 69 0.12504698 
860 9 54 70 0.12504698 
526 50 12 19 0.12504698 
372 236 44 79 0.12504697 
801 204 46 82 0.12504697 
880 187 47 85 0.12504697 
239 107 50 84 0.12504697 
402 202 45 86 0.12504697 
287 155 49 84 0.12504695 
305 186 47 86 0.12504691 
375 11 65 68 0.1250469 
218 9 60 70 0.1250469 
959 137 48 87 0.1250469 
31 11 51 70 0.12504686 
62 21 51 75 0.12504686 
97 201 46 86 0.12504686 
19 185 44 88 0.12504683 
713 13 61 66 0.12504683 
2 4 38 76 0.1250468 
925 33 53 78 0.1250468 
35 238 43 76 0.1250468 
569 9 60 69 0.1250468 
280 11 66 68 0.12504677 
827 10 56 69 0.12504676 
681 10 60 69 0.12504676 
785 219 46 84 0.12504674 
896 203 47 84 0.12504674 
928 187 47 85 0.12504673 
16 21 48 76 0.1250467 
632 10 63 69 0.12504669 
720 237 46 80 0.12504669 
761 11 59 67 0.12504667 
937 73 75 154 0.12504666 
832 204 47 82 0.12504663 
488 13 62 66 0.12504661 
337 186 46 86 0.1250466 
726 137 11 21 0.12504658 
455 10 63 69 0.12504655 
210 235 44 84 0.12504655 
541 1 29 24 0.12504655 
610 234 45 81 0.12504649 
928 -3 90 104 0.12504645 
-2 207 38 77 0.12504645 
600 9 61 69 0.12504643 
912 219 46 85 0.1250464 
974 239 42 73 0.12504639 
908 8 53 72 0.12504639 
973 2 13 19 0.12504637 
959 186 48 87 0.12504637 
520 2 62 62 0.12504636 
495 -1 115 87 0.12504636 
941 9 52 71 0.12504631 
945 228 78 119 0.12504631 
864 219 47 84 0.1250463 
124 3 54 62 0.12504628 
798 121 12 21 0.12504628 
187 2 57 63 0.12504627 
510 82 11 19 0.12504625 
93 3 54 62 0.12504625 
156 2 55 63 0.12504625 
752 219 46 82 0.12504624 
8 238 41 78 0.12504624 
944 202 46 87 0.12504616 
883 236 44 80 0.12504613 
249 4 63 62 0.12504603 
312 3 64 62 0.125046 
970 9 40 71 0.12504594 
850 236 45 81 0.1250457 
178 235 44 84 0.1250456 
931 238 44 81 0.12504558 
983 95 39 79 0.12504557 
984 -7 37 70 0.12504528 
984 142 38 81 0.12504518 
344 2 64 63 0.12504503 
502 82 11 19 0.125045 
665 -1 60 50 0.12504482 
697 -2 61 50 0.12504482 
526 82 12 19 0.12504482 
793 -2 61 50 0.12504464 
472 -1 62 49 0.12504442 
694 82 11 20 0.12504438 
553 0 61 49 0.12504436 
424 -3 62 51 0.12504435 
414 26 12 19 0.12504433 
583 -1 64 50 0.12504429 
516 252 43 70 0.12504426 
842 -1 58 50 0.12504423 
494 98 11 20 0.1250442 
730 -1 59 49 0.12504418 
790 10 191 225 0.12504417 
62 81 11 21 0.12504417 
214 138 11 20 0.12504415 
678 185 11 21 0.12504414 
654 137 11 21 0.12504412 
509 10 13 19 0.1250441 
60 0 55 50 0.12504406 
616 0 62 49 0.12504402 
874 -4 56 52 0.12504397 
923 -2 55 51 0.12504394 
957 -3 50 52 0.12504388 
987 259 39 70 0.12504378 
17 2 49 49 0.12504375 
790 73 12 21 0.12504373 
190 49 12 21 0.12504372 
374 50 12 19 0.1250437 
734 81 12 21 0.12504368 
702 145 11 21 0.12504363 
846 9 12 20 0.12504363 
734 169 11 21 0.12504363 
190 97 11 21 0.12504353 
798 73 11 21 0.12504353 
110 57 11 21 0.12504347 
766 185 11 21 0.12504347 
510 0 11 13 0.12504345 
414 41 12 21 0.12504342 
718 129 11 21 0.12504339 
390 1 66 48 0.12504332 
862 169 11 21 0.12504332 
854 168 11 22 0.12504327 
622 153 11 21 0.12504326 
238 113 12 21 0.12504321 
198 18 11 19 0.12504318 
750 3 11 18 0.12504317 
502 18 12 19 0.12504315 
102 57 12 21 0.12504315 
422 18 12 20 0.12504315 
534 73 11 21 0.12504311 
782 9 12 20 0.12504311 
774 18 12 20 0.12504308 
62 65 11 21 0.12504306 
134 25 11 21 0.12504306 
430 153 11 21 0.12504306 
230 18 12 20 0.12504306 
214 18 11 20 0.12504306 
934 216 11 22 0.12504306 
182 18 11 19 0.12504306 
222 137 11 21 0.12504303 
78 17 11 21 0.12504303 
574 18 11 19 0.12504302 
766 18 12 20 0.12504302 
798 18 11 19 0.12504302 
502 34 11 19 0.125043 
790 9 12 20 0.125043 
206 153 11 21 0.125043 
470 18 12 19 0.125043 
206 18 12 19 0.125043 
238 42 11 20 0.125043 
142 18 11 20 0.125043 
150 17 11 21 0.125043 
246 50 11 19 0.125043 
86 17 11 21 0.125043 
214 121 11 21 0.12504297 
358 18 12 19 0.12504297 
238 18 12 19 0.12504297 
222 18 12 20 0.12504297 
214 177 11 21 0.12504297 
758 18 12 19 0.12504296 
462 18 12 19 0.12504296 
806 18 12 19 0.12504296 
654 18 12 19 0.12504295 
750 18 12 19 0.12504295 
726 18 12 19 0.12504295 
646 18 12 20 0.12504295 
262 18 12 19 0.12504295 
726 121 12 21 0.12504295 
366 18 12 19 0.12504295 
70 33 11 21 0.12504293 
478 25 12 21 0.12504293 
590 33 12 21 0.12504293 
438 18 12 19 0.12504293 
470 50 11 19 0.12504293 
174 17 12 21 0.12504293 
342 26 11 19 0.12504293 
486 33 12 21 0.12504292 
254 161 11 21 0.12504292 
622 26 12 19 0.12504292 
94 49 12 21 0.12504292 
742 153 12 21 0.12504292 
118 49 11 21 0.12504292 
86 65 11 21 0.12504292 
70 65 11 21 0.12504292 
630 26 12 19 0.12504292 
198 129 11 21 0.12504292 
286 18 12 20 0.12504292 
94 25 11 21 0.12504292 
86 41 11 21 0.12504292 
110 25 11 21 0.12504292 
614 26 12 19 0.1250429 
310 25 12 21 0.1250429 
102 41 11 21 0.1250429 
494 25 12 21 0.1250429 
478 89 12 21 0.1250429 
478 73 12 21 0.1250429 
766 73 11 21 0.1250429 
766 34 11 20 0.1250429 
262 74 11 19 0.1250429 
78 57 11 21 0.1250429 
254 25 12 21 0.1250429 
478 50 11 19 0.1250429 
462 49 12 21 0.1250429 
726 34 12 19 0.1250429 
446 41 11 21 0.1250429 
454 41 12 21 0.1250429 
606 58 11 20 0.1250429 
446 25 12 21 0.1250429 
350 26 11 19 0.1250429 
598 58 11 19 0.1250429 
742 169 11 21 0.1250429 
918 49 12 21 0.1250429 
126 25 12 21 0.1250429 
334 25 11 21 0.1250429 
662 26 12 20 0.1250429 
462 33 12 21 0.1250429 
102 73 12 21 0.1250429 
158 81 11 21 0.1250429 
710 129 12 21 0.1250429 
254 65 11 21 0.1250429 
118 89 11 21 0.1250429 
454 25 12 21 0.1250429 
78 89 11 21 0.1250429 
166 153 11 21 0.1250429 
78 33 12 21 0.1250429 
742 18 12 20 0.1250429 
710 113 11 21 0.1250429 
62 49 11 21 0.1250429 
582 33 12 21 0.1250429 
854 18 12 19 0.1250429 
246 25 12 21 0.1250429 
726 97 11 21 0.1250429 
654 34 11 19 0.1250429 
694 97 11 21 0.1250429 
710 145 11 21 0.1250429 
118 25 12 21 0.1250429 
734 97 12 21 0.1250429 
734 18 11 19 0.1250429 
510 49 11 21 0.1250429 
542 42 12 19 0.1250429 
494 41 12 21 0.1250429 
246 145 11 21 0.1250429 
750 153 12 21 0.1250429 
62 25 11 21 0.1250429 
518 42 12 19 0.1250429 
830 25 12 21 0.1250429 
366 113 12 21 0.1250429 
374 18 11 19 0.1250429 
110 113 11 21 0.1250429 
70 49 11 21 0.1250429 
718 81 11 21 0.12504287 
782 81 11 21 0.12504287 
774 33 12 21 0.12504287 
542 57 12 21 0.12504287 
758 34 12 20 0.12504287 
398 105 11 21 0.12504287 
110 89 11 21 0.12504287 
406 105 12 21 0.12504287 
166 89 11 21 0.12504287 
134 145 11 21 0.12504287 
654 57 11 21 0.12504287 
214 89 11 21 0.12504287 
110 73 11 21 0.12504287 
270 18 12 19 0.12504287 
814 57 11 21 0.12504287 
238 81 12 21 0.12504287 
782 33 12 21 0.12504287 
198 81 12 21 0.12504287 
30 65 11 21 0.12504287 
54 65 11 21 0.12504287 
470 89 12 21 0.12504287 
470 33 12 21 0.12504287 
142 41 12 21 0.12504287 
262 33 12 21 0.12504287 
670 26 12 19 0.12504287 
190 137 11 21 0.12504287 
302 25 12 21 0.12504287 
126 41 11 21 0.12504287 
910 49 12 21 0.12504287 
294 41 12 21 0.12504287 
390 121 12 21 0.12504287 
606 41 12 21 0.12504287 
598 41 12 21 0.12504287 
382 42 11 19 0.12504287 
558 25 12 21 0.12504287 
526 25 12 21 0.12504287 
510 25 12 21 0.12504287 
382 121 12 21 0.12504287 
110 41 12 21 0.12504287 
438 41 12 21 0.12504287 
606 25 11 21 0.12504287 
246 121 12 21 0.12504287 
134 41 11 21 0.12504287 
638 26 12 19 0.12504287 
230 121 11 21 0.12504287 
142 121 11 21 0.12504287 
726 153 11 21 0.12504287 
838 49 12 21 0.12504287 
590 50 11 19 0.12504287 
222 97 12 21 0.12504287 
806 41 12 21 0.12504287 
822 65 12 21 0.12504287 
790 41 12 21 0.12504287 
94 73 11 21 0.12504287 
78 73 11 21 0.12504287 
814 41 12 21 0.12504287 
734 66 12 20 0.12504287 
830 41 12 21 0.12504287 
142 73 12 21 0.12504287 
206 73 12 21 0.12504287 
806 65 11 21 0.12504287 
222 33 12 21 0.12504287 
790 25 12 21 0.12504287 
126 65 11 21 0.12504287 
118 65 11 21 0.12504287 
438 65 12 21 0.12504287 
198 97 11 21 0.12504287 
758 65 12 21 0.12504287 
158 97 12 21 0.12504287 
798 89 11 21 0.12504287 
774 89 12 21 0.12504287 
46 33 11 21 0.12504287 
702 89 12 21 0.12504287 
230 145 11 21 0.12504287 
782 97 11 21 0.12504287 
150 161 11 21 0.12504287 
582 17 12 21 0.12504287 
566 18 12 19 0.12504287 
222 113 12 21 0.12504287 
446 73 12 21 0.12504287 
582 73 12 21 0.12504287 
486 73 12 21 0.12504287 
278 18 12 19 0.12504287 
742 105 12 21 0.12504287 
190 81 11 21 0.12504286 
46 57 11 21 0.12504286 
766 137 12 21 0.12504286 
198 113 11 21 0.12504286 
702 26 12 19 0.12504286 
390 105 12 21 0.12504286 
414 105 12 21 0.12504286 
142 145 11 21 0.12504286 
854 49 12 21 0.12504286 
742 34 12 19 0.12504286 
422 97 12 21 0.12504286 
702 113 12 21 0.12504286 
598 25 12 21 0.12504286 
166 65 12 21 0.12504286 
374 113 12 21 0.12504286 
190 121 11 21 0.12504286 
822 41 12 21 0.12504286 
222 65 12 21 0.12504286 
838 73 12 21 0.12504286 
798 41 12 21 0.12504286 
742 129 12 21 0.12504286 
814 73 12 21 0.12504286 
726 66 11 19 0.12504286 
686 26 12 19 0.12504286 
182 65 12 21 0.12504286 
166 18 12 19 0.12504286 
150 81 11 21 0.12504286 
806 145 11 21 0.12504286 
398 58 11 19 0.12504286 
230 161 11 21 0.12504286 
262 57 12 21 0.12504286 
766 105 11 21 0.12504286 
70 89 11 21 0.12504286 
702 161 12 21 0.12504286 
446 89 12 21 0.12504286 
102 25 11 21 0.12504286 
718 97 12 21 0.12504286 
662 50 12 19 0.12504286 
142 105 11 21 0.12504286 
710 34 12 19 0.12504286 
254 145 11 21 0.12504286 
238 145 11 21 0.12504286 
846 25 12 21 0.12504286 
694 34 12 19 0.12504286 
270 57 12 21 0.12504284 
262 105 12 21 0.12504284 
734 42 11 19 0.12504284 
438 89 12 21 0.12504284 
830 73 12 21 0.12504284 
430 89 12 21 0.12504284 
390 57 12 21 0.12504284 
398 34 12 20 0.12504284 
54 81 11 21 0.12504284 
174 145 11 21 0.12504284 
182 49 12 21 0.12504284 
174 49 12 21 0.12504284 
270 105 12 21 0.12504284 
182 145 11 21 0.12504284 
446 137 12 21 0.12504284 
774 121 12 21 0.12504284 
198 49 12 21 0.12504284 
430 57 11 21 0.12504284 
446 57 12 21 0.12504284 
206 89 11 21 0.12504284 
598 89 12 21 0.12504284 
150 57 11 21 0.12504284 
142 57 12 21 0.12504284 
134 57 12 21 0.12504284 
774 73 11 21 0.12504284 
270 137 12 21 0.12504284 
758 89 12 21 0.12504284 
766 89 12 21 0.12504284 
406 26 12 19 0.12504284 
750 73 11 21 0.12504284 
790 89 12 21 0.12504284 
398 18 12 19 0.12504284 
38 57 11 21 0.12504284 
238 58 11 19 0.12504284 
182 89 11 21 0.12504284 
710 18 12 19 0.12504284 
342 49 12 21 0.12504284 
790 153 11 21 0.12504284 
182 121 11 21 0.12504284 
118 113 11 21 0.12504284 
182 105 11 21 0.12504284 
126 105 11 21 0.12504284 
758 121 12 21 0.12504284 
766 121 12 21 0.12504284 
814 25 12 21 0.12504284 
166 121 11 21 0.12504284 
774 105 12 21 0.12504284 
758 105 12 21 0.12504284 
486 49 12 21 0.12504284 
174 121 11 21 0.12504284 
158 121 12 21 0.12504284 
406 121 12 21 0.12504284 
750 34 12 19 0.12504284 
718 18 12 19 0.12504284 
230 105 12 21 0.12504284 
382 18 12 20 0.12504284 
206 105 11 21 0.12504284 
846 41 12 21 0.12504284 
150 145 11 21 0.12504284 
430 113 11 21 0.12504284 
790 105 12 21 0.12504284 
614 41 12 21 0.12504284 
334 49 12 21 0.12504284 
454 105 12 21 0.12504284 
230 49 11 21 0.12504284 
158 25 12 21 0.12504284 
126 89 11 21 0.12504284 
350 42 11 19 0.12504284 
86 81 11 21 0.12504284 
806 89 12 21 0.12504284 
374 97 12 21 0.12504284 
230 33 12 21 0.12504284 
102 89 11 21 0.12504284 
710 97 12 21 0.12504284 
174 73 12 21 0.12504284 
638 145 12 21 0.12504284 
646 34 12 19 0.12504284 
46 73 11 21 0.12504284 
438 145 12 21 0.12504284 
166 137 12 21 0.12504284 
742 50 12 19 0.12504284 
270 73 12 21 0.12504284 
734 129 11 21 0.12504284 
822 89 12 21 0.12504284 
590 66 12 19 0.12504284 
838 89 11 21 0.12504284 
750 49 12 21 0.12504284 
430 33 12 21 0.12504284 
566 74 11 19 0.12504284 
174 97 12 21 0.12504284 
574 73 12 21 0.12504284 
694 66 11 19 0.12504284 
86 97 11 21 0.12504284 
782 65 12 21 0.12504284 
262 137 12 21 0.12504284 
718 161 11 21 0.12504284 
94 89 11 21 0.12504284 
614 81 12 21 0.12504284 
518 25 12 21 0.12504284 
742 73 11 21 0.12504284 
534 26 12 19 0.12504284 
54 41 11 21 0.12504284 
246 65 12 21 0.12504284 
230 81 12 21 0.12504284 
366 81 12 21 0.12504284 
206 129 11 21 0.12504284 
798 57 12 21 0.12504284 
790 57 12 21 0.12504284 
766 57 12 21 0.12504284 
214 33 12 21 0.12504284 
726 50 12 19 0.12504284 
678 26 12 19 0.12504284 
846 65 12 21 0.12504284 
382 73 12 21 0.12504284 
574 33 12 21 0.12504284 
190 33 12 21 0.12504284 
550 25 12 20 0.12504284 
214 65 12 21 0.12504284 
710 81 12 21 0.12504284 
190 65 12 21 0.12504284 
678 81 11 21 0.12504284 
198 65 12 21 0.12504284 
246 162 11 19 0.12504283 
710 65 11 20 0.12504283 
422 50 12 19 0.12504283 
390 81 12 21 0.12504283 
734 153 12 21 0.12504283 
310 42 12 19 0.12504283 
686 42 12 19 0.12504283 
390 18 12 19 0.12504283 
294 81 12 21 0.12504283 
542 73 12 21 0.12504283 
686 97 11 21 0.12504283 
254 49 12 21 0.12504283 
782 113 12 21 0.12504283 
134 89 11 21 0.12504283 
294 25 12 21 0.12504283 
254 81 12 21 0.12504283 
158 41 12 21 0.12504283 
574 49 12 21 0.12504283 
310 73 11 21 0.12504283 
454 65 12 21 0.12504283 
646 57 12 21 0.12504283 
286 73 12 21 0.12504283 
678 113 11 21 0.12504283 
270 33 12 21 0.12504283 
318 73 11 21 0.12504283 
686 81 11 21 0.12504283 
238 129 11 21 0.12504283 
718 42 12 20 0.12504283 
830 57 12 21 0.12504283 
206 57 12 21 0.12504283 
222 49 12 21 0.12504283 
190 18 12 20 0.12504283 
158 57 11 21 0.12504283 
262 121 12 21 0.12504283 
350 97 12 21 0.12504283 
190 153 11 21 0.12504283 
382 137 12 21 0.12504283 
382 105 12 21 0.12504283 
326 121 12 21 0.12504283 
326 105 12 21 0.12504281 
278 33 12 21 0.12504281 
278 105 12 21 0.12504281 
206 33 12 21 0.12504281 
758 50 12 20 0.12504281 
222 153 11 21 0.12504281 
150 33 12 21 0.12504281 
318 26 12 20 0.12504281 
294 105 12 21 0.12504281 
198 33 12 21 0.12504281 
166 33 12 21 0.12504281 
262 153 11 21 0.12504281 
246 105 12 21 0.12504281 
150 129 12 21 0.12504281 
390 41 11 21 0.12504281 
150 97 11 21 0.12504281 
182 33 12 21 0.12504281 
334 137 12 21 0.12504281 
238 97 12 21 0.12504281 
742 89 12 21 0.12504281 
310 129 12 21 0.12504281 
302 129 12 21 0.12504281 
286 105 12 21 0.12504281 
606 105 12 21 0.12504281 
158 153 11 21 0.12504281 
342 97 12 21 0.12504281 
358 58 11 19 0.12504281 
382 58 11 20 0.12504281 
582 49 12 21 0.12504281 
398 145 12 21 0.12504281 
166 105 11 21 0.12504281 
502 49 11 21 0.12504281 
502 145 12 21 0.12504281 
590 89 12 21 0.12504281 
406 41 12 21 0.12504281 
94 129 11 21 0.12504281 
166 49 12 21 0.12504281 
278 89 12 21 0.12504281 
134 129 11 21 0.12504281 
334 89 12 21 0.12504281 
406 145 12 21 0.12504281 
310 89 12 21 0.12504281 
214 153 11 21 0.12504281 
214 50 12 20 0.12504281 
454 137 12 21 0.12504281 
318 137 12 21 0.12504281 
350 145 11 21 0.12504281 
110 129 11 21 0.12504281 
406 89 12 21 0.12504281 
318 57 12 21 0.12504281 
318 89 12 21 0.12504281 
126 129 11 21 0.12504281 
462 89 12 21 0.12504281 
286 58 12 20 0.12504281 
454 89 12 21 0.12504281 
422 145 11 21 0.12504281 
814 145 12 21 0.12504281 
254 129 11 21 0.12504281 
134 73 12 21 0.12504281 
326 81 12 21 0.12504281 
750 129 12 21 0.12504281 
430 73 11 21 0.12504281 
718 66 11 19 0.12504281 
462 73 12 21 0.12504281 
686 65 12 20 0.12504281 
662 66 11 19 0.12504281 
358 34 12 19 0.12504281 
550 73 12 21 0.12504281 
598 74 11 19 0.12504281 
558 65 12 21 0.12504281 
422 73 12 21 0.12504281 
710 50 12 19 0.12504281 
558 41 12 20 0.12504281 
550 58 12 19 0.12504281 
942 81 11 21 0.12504281 
142 89 11 21 0.12504281 
494 57 12 21 0.12504281 
358 81 12 21 0.12504281 
326 34 11 19 0.12504281 
670 81 12 21 0.12504281 
622 81 12 21 0.12504281 
534 57 12 21 0.12504281 
198 153 11 21 0.12504281 
158 137 11 21 0.12504281 
302 81 12 21 0.12504281 
334 113 12 21 0.12504281 
230 65 12 21 0.12504281 
422 113 12 21 0.12504281 
694 113 12 21 0.12504281 
318 121 12 21 0.12504281 
358 113 12 21 0.12504281 
398 73 12 21 0.12504281 
222 81 12 21 0.12504281 
750 185 11 21 0.12504281 
406 73 12 21 0.12504281 
638 42 12 19 0.12504281 
254 113 12 21 0.12504281 
494 129 11 21 0.12504281 
630 42 12 19 0.12504281 
398 129 11 21 0.12504281 
534 42 12 19 0.12504281 
302 41 12 21 0.1250428 
678 42 12 19 0.1250428 
318 41 12 21 0.1250428 
278 65 12 21 0.1250428 
286 41 12 21 0.1250428 
622 42 12 19 0.1250428 
638 58 12 20 0.1250428 
566 42 12 19 0.1250428 
670 58 12 19 0.1250428 
702 57 12 21 0.1250428 
414 66 12 20 0.1250428 
366 66 12 20 0.1250428 
342 65 12 21 0.1250428 
334 65 12 21 0.1250428 
550 42 12 19 0.1250428 
774 137 12 21 0.1250428 
374 81 12 21 0.1250428 
470 105 12 21 0.1250428 
782 153 11 21 0.1250428 
278 129 11 21 0.1250428 
246 81 12 21 0.1250428 
150 113 11 21 0.1250428 
462 105 12 21 0.1250428 
910 89 11 21 0.1250428 
342 137 11 21 0.1250428 
438 105 12 21 0.1250428 
374 34 12 19 0.1250428 
366 42 12 19 0.1250428 
566 58 12 19 0.1250428 
614 58 12 20 0.1250428 
526 66 12 19 0.1250428 
542 18 12 19 0.1250428 
990 41 11 21 0.1250428 
294 58 12 19 0.1250428 
422 34 12 20 0.1250428 
174 33 12 21 0.1250428 
470 65 12 21 0.1250428 
630 66 12 20 0.1250428 
678 66 12 19 0.1250428 
134 113 11 21 0.1250428 
510 65 12 21 0.1250428 
518 65 12 20 0.1250428 
502 65 12 21 0.1250428 
310 57 12 21 0.1250428 
326 57 12 21 0.1250428 
238 169 12 21 0.1250428 
750 169 11 21 0.1250428 
350 58 12 19 0.1250428 
694 18 12 19 0.1250428 
358 137 11 21 0.1250428 
374 129 12 21 0.1250428 
638 97 12 21 0.1250428 
750 97 12 21 0.1250428 
630 97 12 21 0.1250428 
622 97 12 21 0.1250428 
414 145 12 21 0.1250428 
646 97 12 21 0.1250428 
454 121 12 21 0.1250428 
798 153 11 21 0.1250428 
446 121 12 21 0.1250428 
654 81 12 21 0.1250428 
294 161 11 21 0.1250428 
638 82 12 20 0.1250428 
550 89 12 21 0.1250428 
566 89 12 21 0.1250428 
582 89 12 21 0.1250428 
654 98 12 20 0.1250428 
646 145 12 21 0.1250428 
606 74 12 19 0.1250428 
558 97 12 21 0.1250428 
286 137 11 21 0.1250428 
390 145 12 21 0.1250428 
694 145 11 21 0.1250428 
366 137 12 21 0.1250428 
214 105 12 21 0.1250428 
350 73 12 21 0.1250428 
718 145 11 21 0.1250428 
662 97 12 21 0.1250428 
670 97 12 21 0.1250428 
662 81 12 21 0.1250428 
558 81 12 21 0.1250428 
342 113 12 21 0.1250428 
366 97 12 21 0.1250428 
302 97 12 21 0.1250428 
582 121 12 21 0.1250428 
486 129 11 21 0.1250428 
254 97 12 21 0.1250428 
686 113 11 20 0.1250428 
566 129 12 21 0.1250428 
326 137 12 21 0.1250428 
310 105 12 21 0.1250428 
574 121 12 21 0.1250428 
494 81 12 21 0.1250428 
502 121 12 21 0.1250428 
262 89 12 21 0.1250428 
270 89 12 21 0.1250428 
286 89 12 21 0.1250428 
414 89 12 21 0.1250428 
638 121 12 21 0.1250428 
382 89 12 21 0.1250428 
398 89 12 21 0.1250428 
350 129 11 21 0.1250428 
654 121 12 21 0.12504278 
590 121 12 21 0.12504278 
662 113 12 21 0.12504278 
982 105 12 21 0.12504278 
446 105 12 21 0.12504278 
934 105 11 21 0.12504278 
478 113 12 21 0.12504278 
38 73 11 21 0.12504278 
550 121 12 21 0.12504278 
454 10 12 19 0.12504278 
862 25 12 21 0.12504278 
342 81 12 21 0.12504278 
630 137 12 21 0.12504278 
374 66 12 20 0.12504278 
726 169 11 21 0.12504278 
670 42 12 19 0.12504278 
702 42 12 19 0.12504278 
302 66 12 20 0.12504277 
246 177 11 21 0.12504277 
590 137 12 21 0.12504277 
622 66 12 19 0.12504277 
582 145 12 21 0.12504277 
630 82 12 20 0.12504277 
942 105 11 21 0.12504277 
990 25 11 21 0.12504277 
862 97 12 21 0.12504277 
646 74 12 19 0.12504277 
270 153 11 21 0.12504277 
982 225 11 21 0.12504277 
678 97 12 21 0.12504277 
294 137 12 21 0.12504277 
534 97 12 21 0.12504277 
694 50 12 19 0.12504277 
486 97 12 21 0.12504277 
678 129 11 21 0.12504277 
38 113 11 21 0.12504277 
158 177 11 21 0.12504277 
542 105 12 21 0.12504277 
710 161 11 21 0.12504277 
414 121 12 21 0.12504277 
438 121 12 21 0.12504277 
350 113 12 21 0.12504277 
998 41 11 21 0.12504277 
38 33 11 21 0.12504277 
982 49 11 21 0.12504277 
278 50 12 20 0.12504277 
270 121 11 21 0.12504277 
486 113 12 21 0.12504277 
934 89 11 21 0.12504277 
718 113 12 21 0.12504277 
846 89 12 21 0.12504277 
862 113 12 21 0.12504277 
806 161 11 21 0.12504277 
854 105 12 21 0.12504277 
926 105 11 21 0.12504277 
830 89 11 21 0.12504277 
566 145 11 21 0.12504275 
966 49 11 21 0.12504275 
102 121 11 21 0.12504275 
910 121 11 21 0.12504275 
526 105 12 21 0.12504275 
918 89 11 21 0.12504275 
878 73 12 21 0.12504275 
670 113 12 21 0.12504275 
918 105 11 21 0.12504275 
870 81 12 21 0.12504275 
998 25 11 21 0.12504275 
918 33 11 21 0.12504275 
926 217 11 21 0.12504274 
318 105 12 21 0.12504274 
374 145 12 21 0.12504274 
974 49 11 21 0.12504274 
630 113 12 21 0.12504274 
838 113 11 21 0.12504274 
358 97 12 21 0.12504274 
750 113 11 21 0.12504274 
702 177 11 21 0.12504274 
422 129 12 21 0.12504274 
558 145 11 21 0.12504274 
830 113 12 21 0.12504274 
806 113 12 21 0.12504274 
694 169 11 21 0.12504274 
558 121 11 21 0.12504274 
878 89 12 21 0.12504274 
518 97 12 21 0.12504274 
574 90 12 19 0.12504274 
798 137 12 21 0.12504274 
166 177 11 21 0.12504274 
22 57 11 21 0.12504274 
686 129 12 21 0.12504274 
894 217 11 21 0.12504274 
702 129 11 21 0.12504274 
574 145 11 21 0.12504274 
590 18 12 19 0.12504274 
494 113 12 21 0.12504274 
926 137 11 21 0.12504274 
414 177 11 21 0.12504274 
886 73 12 21 0.12504274 
646 121 12 21 0.12504274 
878 105 12 21 0.12504274 
566 169 11 21 0.12504274 
598 105 12 21 0.12504274 
814 105 12 21 0.1250427 
510 145 11 21 0.1250427 
822 113 12 21 0.1250427 
462 121 12 21 0.1250427 
542 121 12 21 0.1250427 
526 121 12 21 0.1250427 
510 121 12 21 0.1250427 
846 105 11 21 0.1250427 
870 105 12 21 0.1250427 
886 105 11 21 0.1250427 
990 105 11 21 0.1250427 
430 18 12 19 0.1250427 
30 49 11 21 0.1250427 
598 145 12 21 0.1250427 
918 137 11 21 0.1250427 
294 121 12 21 0.1250427 
622 185 11 21 0.1250427 
966 81 11 21 0.1250427 
286 121 11 21 0.1250427 
854 89 12 21 0.1250427 
870 65 12 21 0.1250427 
902 81 12 21 0.1250427 
862 57 12 21 0.1250427 
950 81 11 21 0.1250427 
310 161 11 21 0.1250427 
990 81 11 21 0.1250427 
998 89 11 21 0.1250427 
958 89 11 21 0.1250427 
854 65 12 21 0.1250427 
830 137 12 21 0.1250427 
862 73 12 21 0.1250427 
46 113 11 21 0.1250427 
278 145 11 21 0.1250427 
478 145 12 21 0.1250427 
838 145 12 21 0.1250427 
942 217 11 21 0.1250427 
894 113 11 21 0.1250427 
502 105 12 21 0.1250427 
662 201 11 21 0.1250427 
854 145 12 21 0.1250427 
510 105 12 21 0.1250427 
758 137 12 21 0.1250427 
430 137 12 21 0.1250427 
566 105 12 21 0.1250427 
614 97 12 21 0.1250427 
654 177 11 21 0.1250427 
846 145 12 21 0.1250427 
118 129 11 21 0.1250427 
774 153 11 21 0.1250427 
254 177 11 21 0.1250427 
662 129 12 21 0.1250427 
838 129 12 21 0.1250427 
846 129 12 21 0.1250427 
870 129 11 21 0.1250427 
822 129 12 21 0.1250427 
54 25 11 21 0.1250427 
886 121 11 21 0.1250427 
798 105 12 21 0.1250427 
790 137 11 21 0.1250427 
646 193 11 21 0.1250427 
670 129 12 21 0.12504269 
998 57 11 21 0.12504269 
814 121 12 21 0.12504269 
878 137 11 21 0.12504269 
974 89 11 21 0.12504269 
862 41 11 21 0.12504269 
326 153 11 21 0.12504269 
926 89 12 21 0.12504269 
30 105 11 21 0.12504269 
990 57 11 21 0.12504269 
902 33 12 21 0.12504269 
910 33 12 21 0.12504269 
894 73 12 21 0.12504269 
838 33 11 21 0.12504269 
902 121 11 21 0.12504269 
854 121 12 21 0.12504269 
670 161 12 21 0.12504269 
686 161 12 21 0.12504269 
974 65 11 21 0.12504269 
470 121 12 21 0.12504269 
982 201 11 21 0.12504269 
982 17 11 21 0.12504269 
854 33 11 21 0.12504269 
118 145 11 21 0.12504269 
926 121 11 21 0.12504269 
886 89 12 21 0.12504269 
982 81 11 21 0.12504269 
342 153 12 21 0.12504269 
534 113 12 21 0.12504269 
542 89 11 21 0.12504269 
366 153 12 21 0.12504269 
814 89 12 21 0.12504269 
894 145 11 21 0.12504268 
822 25 12 21 0.12504268 
550 153 11 21 0.12504268 
926 41 12 21 0.12504268 
870 33 12 21 0.12504268 
878 121 11 21 0.12504268 
918 121 11 21 0.12504268 
822 145 12 21 0.12504268 
878 33 11 21 0.12504268 
286 153 11 21 0.12504268 
518 113 11 21 0.12504266 
966 17 11 21 0.12504266 
102 137 11 21 0.12504266 
886 25 12 21 0.12504266 
926 57 12 21 0.12504266 
518 137 11 21 0.12504266 
902 97 11 21 0.12504266 
966 65 11 21 0.12504266 
326 17 12 20 0.12504266 
710 177 11 21 0.12504266 
550 105 11 21 0.12504266 
462 169 12 21 0.12504266 
606 145 11 21 0.12504266 
574 105 12 21 0.12504266 
734 185 11 21 0.12504266 
894 41 11 21 0.12504266 
558 161 11 21 0.12504266 
934 73 12 21 0.12504266 
534 129 12 21 0.12504266 
934 121 11 21 0.12504266 
630 193 11 21 0.12504266 
446 153 11 21 0.12504266 
902 57 12 21 0.12504266 
998 73 11 21 0.12504266 
342 169 11 21 0.12504266 
878 153 12 21 0.12504266 
486 185 12 21 0.12504266 
974 17 11 21 0.12504266 
942 25 11 21 0.12504265 
350 169 12 21 0.12504265 
870 49 12 21 0.12504265 
894 17 12 21 0.12504265 
926 153 11 21 0.12504265 
358 153 11 21 0.12504265 
678 217 11 21 0.12504265 
942 57 11 21 0.12504262 
894 57 12 21 0.12504262 
934 57 11 21 0.12504262 
414 161 11 21 0.12504262 
374 161 12 21 0.12504262 
878 57 12 21 0.12504262 
886 57 12 21 0.12504262 
886 137 11 21 0.12504262 
886 41 11 21 0.12504262 
990 121 11 21 0.12504262 
862 145 12 21 0.12504262 
542 137 11 21 0.12504262 
302 113 12 21 0.12504262 
766 169 11 21 0.12504262 
646 169 12 21 0.12504262 
870 169 12 21 0.12504262 
934 41 11 21 0.12504262 
942 41 11 21 0.12504262 
614 145 11 21 0.12504262 
950 41 11 21 0.12504262 
534 145 11 21 0.12504262 
382 153 12 21 0.12504262 
494 145 11 21 0.12504262 
950 105 11 21 0.12504262 
902 17 11 21 0.12504262 
958 105 11 21 0.12504262 
870 153 11 21 0.12504262 
574 161 11 21 0.12504262 
974 137 11 21 0.12504262 
38 97 11 21 0.12504262 
982 65 11 21 0.12504262 
910 18 11 20 0.12504262 
910 137 11 21 0.12504262 
910 73 12 21 0.12504262 
862 129 12 21 0.12504262 
894 97 11 21 0.12504262 
926 73 12 21 0.12504262 
982 129 11 21 0.1250426 
982 33 11 21 0.1250426 
582 105 11 21 0.1250426 
46 89 11 21 0.1250426 
958 73 11 21 0.1250426 
630 153 11 21 0.1250426 
926 25 12 21 0.1250426 
934 25 11 21 0.1250426 
902 137 11 21 0.1250426 
966 137 11 21 0.1250426 
542 153 12 21 0.1250426 
174 161 11 21 0.1250426 
950 57 11 21 0.12504259 
918 17 12 21 0.12504259 
910 105 11 21 0.12504259 
958 57 11 21 0.12504259 
861 1 13 21 0.12504259 
662 161 12 21 0.12504259 
886 153 11 21 0.12504259 
606 9 12 20 0.12504259 
110 145 11 21 0.12504259 
846 161 12 21 0.12504259 
758 161 11 21 0.12504259 
950 25 11 21 0.12504259 
526 137 11 21 0.12504259 
830 153 12 21 0.12504259 
454 153 11 21 0.12504259 
662 145 12 21 0.12504259 
958 41 11 21 0.12504259 
958 137 11 21 0.12504259 
942 121 11 21 0.12504259 
774 169 11 21 0.12504259 
70 17 11 21 0.12504259 
550 137 11 21 0.12504259 
974 153 11 21 0.12504259 
102 105 11 21 0.12504259 
982 145 11 21 0.12504259 
918 73 12 21 0.12504259 
966 33 11 21 0.12504259 
590 153 12 21 0.12504259 
150 185 11 21 0.12504259 
966 97 11 21 0.12504257 
437 2 13 19 0.12504257 
990 201 11 21 0.12504257 
365 3 13 18 0.12504257 
934 169 12 21 0.12504256 
614 201 11 21 0.12504256 
966 113 11 21 0.12504256 
894 129 11 21 0.12504256 
974 105 11 21 0.12504256 
30 25 11 21 0.12504256 
958 25 11 21 0.12504256 
766 153 11 21 0.12504256 
934 145 11 21 0.12504256 
678 169 12 21 0.12504256 
942 137 11 21 0.12504253 
526 161 11 21 0.12504253 
950 137 11 21 0.12504253 
982 161 11 21 0.12504253 
414 10 12 19 0.12504253 
670 145 11 21 0.12504253 
470 153 11 21 0.12504253 
30 121 11 21 0.12504253 
318 153 11 21 0.12504253 
878 17 12 21 0.12504253 
486 169 12 21 0.12504253 
765 3 13 18 0.12504253 
942 153 11 21 0.12504253 
654 153 11 21 0.12504253 
694 184 11 22 0.12504251 
998 113 11 21 0.12504251 
486 17 12 20 0.12504251 
958 153 11 21 0.1250425 
958 121 11 21 0.1250425 
966 161 11 21 0.1250425 
870 17 12 21 0.1250425 
974 33 11 21 0.1250425 
974 121 11 21 0.1250425 
950 121 11 21 0.1250425 
998 129 11 21 0.1250425 
598 121 11 21 0.1250425 
686 184 11 22 0.1250425 
582 177 11 21 0.1250425 
990 145 11 21 0.1250425 
918 161 11 21 0.12504248 
950 169 11 20 0.12504248 
94 145 11 21 0.12504248 
950 153 11 21 0.12504248 
974 169 11 21 0.12504248 
302 153 11 21 0.12504248 
990 161 11 21 0.12504248 
958 169 11 21 0.12504248 
94 113 11 21 0.12504248 
590 105 11 21 0.12504248 
694 129 11 21 0.12504248 
494 161 11 21 0.12504248 
22 105 11 21 0.12504245 
886 169 11 21 0.12504245 
598 9 12 20 0.12504245 
910 177 11 21 0.12504245 
334 161 11 21 0.12504245 
822 161 12 21 0.12504245 
581 2 13 19 0.12504245 
998 153 11 21 0.12504244 
38 129 11 21 0.12504244 
718 177 11 21 0.12504242 
30 81 11 21 0.12504242 
966 177 11 21 0.12504242 
54 113 11 21 0.12504242 
998 169 11 21 0.12504242 
454 169 11 21 0.12504242 
14 33 11 21 0.12504236 
126 145 11 21 0.12504236 
773 2 13 19 0.12504236 
422 161 11 21 0.12504235 
693 2 13 19 0.12504235 
62 9 12 21 0.12504235 
758 185 11 21 0.12504235 
646 217 11 21 0.12504233 
534 10 12 19 0.12504233 
190 169 11 21 0.12504233 
6 33 11 21 0.12504233 
790 169 11 21 0.1250423 
814 185 11 21 0.1250423 
206 169 11 21 0.12504229 
422 177 11 21 0.12504227 
485 2 13 19 0.12504227 
70 113 11 21 0.12504227 
838 9 12 20 0.12504227 
638 9 12 20 0.12504227 
102 9 12 21 0.12504227 
670 193 11 21 0.12504227 
14 65 11 21 0.12504226 
142 169 11 21 0.12504224 
638 193 11 21 0.12504224 
950 9 12 21 0.12504224 
1006 33 12 21 0.12504224 
470 137 11 21 0.12504224 
598 169 11 21 0.12504224 
158 2 12 19 0.12504224 
142 185 11 21 0.12504224 
1006 17 12 21 0.12504224 
598 193 11 21 0.12504221 
134 9 12 20 0.12504221 
486 153 11 21 0.12504221 
638 177 11 21 0.12504221 
22 41 11 21 0.1250422 
502 2 12 19 0.1250422 
86 2 12 19 0.1250422 
293 2 13 19 0.1250422 
1006 49 12 21 0.1250422 
814 9 12 20 0.1250422 
614 9 12 20 0.12504219 
22 25 11 21 0.12504219 
790 193 11 21 0.12504219 
549 10 13 19 0.12504219 
446 9 12 20 0.12504219 
542 177 11 21 0.12504219 
390 161 11 21 0.12504219 
398 1 12 20 0.12504219 
318 9 12 20 0.12504219 
6 49 11 21 0.12504219 
726 81 12 21 0.12504217 
165 2 13 19 0.12504217 
582 161 11 21 0.12504217 
702 9 12 20 0.12504217 
686 145 11 21 0.12504217 
62 113 11 21 0.12504217 
454 0 11 13 0.12504216 
245 9 13 20 0.12504216 
822 9 12 20 0.12504216 
198 9 12 20 0.12504216 
422 2 12 19 0.12504216 
14 49 11 21 0.12504216 
557 10 13 19 0.12504216 
806 177 11 21 0.12504216 
1006 81 12 21 0.12504213 
894 233 11 21 0.12504213 
254 9 12 20 0.12504213 
830 9 12 21 0.12504213 
1006 65 12 21 0.12504213 
918 209 11 21 0.1250421 
990 9 12 21 0.12504208 
1006 97 12 21 0.12504208 
622 9 12 20 0.12504208 
478 9 12 20 0.12504208 
22 121 11 21 0.12504208 
614 113 11 21 0.12504208 
38 153 11 21 0.12504208 
918 177 11 21 0.12504208 
525 9 13 20 0.12504207 
302 9 12 20 0.12504207 
406 9 12 20 0.12504207 
310 9 12 20 0.12504207 
965 2 13 19 0.12504207 
686 9 12 20 0.12504207 
950 209 11 21 0.12504207 
814 161 11 21 0.12504205 
198 169 11 21 0.12504205 
502 161 11 21 0.12504204 
878 169 11 21 0.12504204 
22 89 11 21 0.12504204 
54 97 11 21 0.12504204 
510 161 11 21 0.12504204 
494 177 11 21 0.12504204 
30 137 11 21 0.12504204 
38 17 12 21 0.12504202 
510 201 11 21 0.12504202 
997 2 13 19 0.12504202 
46 129 11 21 0.12504202 
94 9 12 21 0.12504202 
518 153 11 21 0.125042 
838 161 12 21 0.125042 
462 209 11 21 0.12504199 
406 209 11 21 0.12504198 
606 89 11 21 0.12504198 
46 17 11 21 0.12504198 
654 201 11 21 0.12504198 
478 129 11 21 0.12504198 
213 2 13 19 0.12504196 
173 2 13 19 0.12504196 
678 9 12 20 0.12504196 
470 176 11 22 0.12504195 
878 225 11 21 0.12504195 
902 169 11 21 0.12504195 
493 9 13 20 0.12504193 
222 1 12 20 0.12504193 
462 185 11 21 0.12504193 
894 169 11 21 0.12504193 
54 10 11 20 0.1250419 
926 9 12 20 0.1250419 
606 185 11 21 0.1250419 
62 97 11 21 0.1250419 
462 137 11 21 0.1250419 
622 201 11 21 0.1250419 
662 9 12 20 0.1250419 
78 105 11 21 0.12504187 
934 9 12 21 0.12504187 
629 9 13 20 0.12504187 
333 9 13 20 0.12504187 
109 9 13 21 0.12504187 
406 58 12 19 0.12504187 
117 9 13 21 0.12504187 
1006 177 11 21 0.12504186 
902 153 11 21 0.12504186 
942 9 12 21 0.12504186 
886 9 12 21 0.12504186 
573 2 13 19 0.12504186 
669 9 13 20 0.12504184 
398 161 11 21 0.12504183 
1006 161 11 21 0.12504183 
22 73 11 21 0.1250418 
389 2 13 19 0.1250418 
261 2 13 19 0.1250418 
958 209 11 21 0.1250418 
181 2 13 19 0.1250418 
958 185 11 21 0.1250418 
1006 113 12 21 0.1250418 
1006 193 11 20 0.1250418 
125 9 13 21 0.12504177 
341 10 13 19 0.12504175 
1006 145 11 21 0.12504175 
205 2 13 19 0.12504175 
414 224 11 22 0.12504175 
469 2 13 19 0.12504175 
798 169 11 21 0.12504175 
638 217 11 21 0.12504175 
406 185 11 21 0.12504175 
670 177 11 21 0.12504174 
1006 129 11 21 0.12504171 
6 17 11 21 0.12504171 
870 225 11 21 0.12504171 
189 2 13 19 0.12504171 
870 201 11 21 0.1250417 
229 2 13 19 0.12504168 
222 177 11 21 0.12504168 
981 2 13 19 0.12504166 
86 113 11 21 0.12504166 
54 153 11 21 0.12504166 
149 2 13 19 0.12504166 
590 169 11 21 0.12504166 
942 193 11 21 0.12504165 
541 2 13 19 0.12504165 
349 10 13 19 0.12504165 
806 225 11 21 0.12504162 
422 193 11 21 0.12504162 
662 217 11 21 0.12504162 
606 121 11 21 0.12504162 
790 225 11 21 0.12504162 
957 2 13 19 0.12504162 
966 201 11 21 0.12504162 
926 169 11 21 0.12504162 
342 200 11 22 0.12504162 
102 153 11 21 0.1250416 
237 2 13 19 0.12504159 
429 2 13 19 0.12504159 
949 22 69 140 0.12504159 
894 184 11 22 0.12504157 
910 161 11 21 0.12504156 
662 185 11 21 0.12504156 
709 2 13 19 0.12504154 
1005 2 13 19 0.12504154 
517 2 13 19 0.12504154 
6 65 11 21 0.12504154 
990 177 11 21 0.12504154 
285 2 13 19 0.12504153 
414 201 11 21 0.12504153 
342 185 11 21 0.12504151 
982 177 11 21 0.12504151 
126 161 11 21 0.12504148 
6 0 11 13 0.12504148 
350 200 11 22 0.12504148 
822 177 11 21 0.12504146 
318 169 12 21 0.12504144 
269 2 13 19 0.12504144 
670 217 11 21 0.12504144 
686 209 11 21 0.12504144 
14 105 11 21 0.12504144 
917 2 13 19 0.12504143 
830 0 11 13 0.12504143 
14 0 11 13 0.12504143 
358 169 12 21 0.1250414 
381 2 13 19 0.1250414 
69 2 13 20 0.1250414 
797 2 13 19 0.12504138 
86 129 11 21 0.12504138 
62 129 11 21 0.12504138 
598 209 11 21 0.12504138 
782 169 11 21 0.12504135 
277 2 13 19 0.12504135 
30 153 11 21 0.12504135 
406 161 12 21 0.12504135 
910 209 11 21 0.12504135 
478 161 12 21 0.12504135 
78 137 11 21 0.12504134 
726 193 11 21 0.12504134 
78 121 11 21 0.12504134 
878 201 11 21 0.12504134 
54 129 11 21 0.12504134 
326 169 12 21 0.12504134 
757 3 13 18 0.12504134 
862 201 11 21 0.1250413 
70 129 11 21 0.1250413 
741 2 13 19 0.1250413 
909 2 13 19 0.1250413 
926 185 11 21 0.12504129 
638 161 11 21 0.12504128 
902 184 11 22 0.12504126 
14 17 11 21 0.12504126 
725 2 13 19 0.12504126 
334 185 11 21 0.12504123 
622 137 11 21 0.12504123 
30 9 12 21 0.12504123 
357 2 13 19 0.12504122 
869 2 13 19 0.12504122 
78 185 11 21 0.1250412 
565 2 13 19 0.12504119 
461 2 13 19 0.12504119 
462 153 11 21 0.12504119 
86 153 11 21 0.12504119 
366 169 11 21 0.12504117 
310 193 11 21 0.12504117 
574 177 11 21 0.12504114 
325 2 13 19 0.12504114 
134 161 11 21 0.12504114 
518 200 11 22 0.12504114 
901 2 13 19 0.12504113 
141 2 13 19 0.12504113 
230 177 11 21 0.12504113 
134 177 11 21 0.12504113 
702 193 11 21 0.1250411 
373 2 13 19 0.1250411 
942 177 12 21 0.1250411 
550 169 11 21 0.1250411 
877 2 13 19 0.12504108 
717 2 13 19 0.12504108 
558 177 11 21 0.12504108 
77 2 13 19 0.12504107 
606 161 11 21 0.12504107 
934 185 11 21 0.12504107 
893 2 13 19 0.12504107 
878 185 11 21 0.12504107 
446 177 11 21 0.12504107 
645 2 13 19 0.12504107 
974 185 11 21 0.12504107 
390 184 11 23 0.12504107 
126 177 11 21 0.12504104 
998 201 11 21 0.12504104 
694 201 11 21 0.12504104 
46 153 11 21 0.12504102 
22 0 11 13 0.12504102 
798 185 11 21 0.12504102 
54 0 11 13 0.12504102 
894 201 11 21 0.12504101 
733 2 13 19 0.12504101 
310 145 12 21 0.12504101 
846 177 11 21 0.12504101 
478 185 11 21 0.125041 
494 0 11 13 0.125041 
350 185 11 21 0.12504096 
526 177 11 21 0.12504096 
630 225 11 21 0.12504096 
326 185 11 21 0.12504095 
534 0 11 13 0.12504095 
718 193 11 21 0.12504093 
518 185 11 21 0.12504093 
518 169 11 21 0.12504092 
653 2 13 19 0.12504089 
950 185 11 21 0.12504089 
182 169 11 21 0.12504089 
46 0 11 13 0.12504086 
974 201 11 21 0.12504086 
838 177 11 21 0.12504086 
546 251 44 71 0.12504083 
902 225 11 21 0.12504083 
238 209 11 21 0.12504083 
934 200 11 22 0.12504083 
302 217 11 21 0.12504083 
278 193 11 21 0.1250408 
302 169 11 21 0.1250408 
494 193 11 21 0.1250408 
534 177 11 21 0.1250408 
118 161 11 21 0.12504078 
526 0 11 13 0.12504077 
430 185 11 21 0.12504077 
430 217 11 21 0.12504077 
678 145 11 21 0.12504077 
6 121 11 21 0.12504075 
692 234 45 87 0.12504075 
758 216 11 22 0.12504072 
62 0 11 13 0.12504072 
950 225 11 21 0.12504072 
262 177 11 21 0.12504072 
22 9 12 21 0.12504072 
78 153 11 21 0.12504071 
78 169 11 21 0.12504071 
438 161 11 21 0.12504068 
302 192 11 22 0.12504068 
886 185 11 21 0.12504068 
926 201 11 21 0.12504068 
590 185 11 21 0.12504068 
966 225 11 21 0.12504067 
62 153 11 21 0.12504065 
278 161 11 21 0.12504065 
86 177 11 21 0.12504062 
805 3 13 18 0.1250406 
702 73 11 21 0.12504058 
382 185 11 21 0.12504058 
14 89 11 21 0.12504055 
206 185 11 21 0.12504055 
118 177 11 21 0.12504052 
726 208 11 22 0.12504052 
678 201 11 21 0.1250405 
310 176 11 22 0.1250405 
70 153 11 21 0.1250405 
550 185 11 21 0.12504049 
830 185 11 21 0.12504047 
438 217 11 21 0.12504047 
22 137 11 21 0.12504044 
37 2 13 20 0.12504041 
614 185 11 21 0.1250404 
2 127 36 80 0.12504037 
534 161 11 21 0.12504034 
478 0 11 13 0.12504034 
630 169 11 21 0.12504032 
14 121 11 21 0.12504032 
710 200 11 22 0.12504032 
853 2 13 19 0.12504031 
406 0 11 13 0.12504031 
110 161 11 21 0.1250403 
94 169 11 21 0.1250403 
830 169 11 21 0.12504026 
870 184 11 22 0.12504026 
510 176 12 22 0.12504023 
294 217 11 21 0.12504023 
838 0 11 13 0.12504022 
110 177 11 21 0.1250402 
22 161 11 21 0.1250402 
622 113 12 21 0.1250402 
286 177 11 21 0.12504019 
270 201 11 21 0.12504019 
398 177 11 21 0.12504019 
70 177 11 21 0.12504017 
718 208 11 22 0.12504016 
438 200 11 22 0.12504013 
30 0 11 14 0.12504011 
590 0 11 13 0.12504008 
436 254 40 66 0.12504005 
766 209 11 21 0.12504002 
94 0 11 13 0.12504 
454 185 11 21 0.12503998 
574 209 11 21 0.12503998 
54 177 11 21 0.12503998 
454 201 11 21 0.12503998 
102 169 11 21 0.12503995 
702 0 11 13 0.12503994 
438 177 11 21 0.12503992 
502 176 12 22 0.12503992 
46 185 11 21 0.12503992 
782 185 11 21 0.12503988 
358 193 11 21 0.12503985 
910 232 11 22 0.12503985 
774 208 11 22 0.12503983 
62 177 11 21 0.12503982 
310 225 11 21 0.12503979 
614 169 11 21 0.12503979 
198 0 11 13 0.12503974 
102 0 11 13 0.12503974 
270 169 11 21 0.12503974 
734 200 11 22 0.12503974 
14 153 11 21 0.12503973 
802 254 43 67 0.12503973 
222 256 12 22 0.12503971 
886 200 11 23 0.12503971 
998 185 11 21 0.12503968 
862 217 11 21 0.12503967 
245 255 40 68 0.12503967 
238 185 11 21 0.12503964 
102 193 11 21 0.1250396 
414 0 11 13 0.12503959 
694 216 11 23 0.12503959 
422 209 11 21 0.12503959 
846 201 11 21 0.12503958 
302 233 11 21 0.12503958 
478 209 11 21 0.12503956 
46 169 11 21 0.12503956 
846 225 11 21 0.12503953 
750 216 11 22 0.1250395 
374 185 11 21 0.1250395 
574 233 11 21 0.12503947 
446 201 11 21 0.12503946 
430 201 11 21 0.12503946 
94 184 12 22 0.12503943 
854 217 11 21 0.12503941 
542 193 11 21 0.12503941 
798 225 11 21 0.12503941 
838 217 11 21 0.12503937 
854 201 11 21 0.12503935 
662 233 11 21 0.1250393 
134 0 11 13 0.1250393 
246 193 11 21 0.12503928 
790 0 11 13 0.12503926 
758 232 11 22 0.12503925 
110 0 11 13 0.12503925 
742 193 11 21 0.12503922 
246 209 11 21 0.12503922 
86 193 11 21 0.12503922 
334 208 11 22 0.12503922 
838 201 11 21 0.12503922 
198 185 11 21 0.12503919 
6 97 11 21 0.12503919 
822 217 11 21 0.12503916 
830 209 11 21 0.12503916 
558 0 11 13 0.12503915 
254 0 11 13 0.1250391 
606 201 11 21 0.12503909 
262 193 11 21 0.12503906 
382 201 11 21 0.12503906 
310 209 11 21 0.12503906 
390 232 11 22 0.12503903 
678 0 11 13 0.12503903 
566 200 11 22 0.12503903 
934 0 11 13 0.12503903 
782 49 12 21 0.12503901 
782 0 11 13 0.12503901 
926 0 11 13 0.125039 
222 193 11 21 0.125039 
806 129 12 21 0.12503897 
790 121 12 21 0.12503897 
254 209 11 21 0.12503897 
126 0 11 13 0.12503895 
334 0 11 13 0.12503895 
502 208 11 22 0.12503895 
654 225 11 21 0.12503895 
350 224 11 22 0.12503895 
950 0 11 13 0.12503895 
278 209 11 21 0.12503894 
942 0 11 13 0.12503892 
366 185 11 21 0.1250389 
6 137 11 21 0.1250389 
326 208 11 22 0.1250389 
6 153 11 21 0.12503888 
126 193 11 21 0.12503888 
14 137 11 21 0.12503888 
134 193 11 21 0.12503888 
686 0 11 13 0.12503885 
302 0 11 13 0.12503885 
806 192 11 22 0.12503885 
886 216 11 22 0.12503885 
782 129 12 21 0.12503883 
598 0 11 13 0.12503883 
110 193 11 21 0.12503883 
670 0 11 13 0.12503882 
374 201 11 21 0.12503879 
118 0 11 13 0.12503879 
430 169 11 21 0.12503877 
214 193 11 21 0.12503877 
695 199 91 139 0.12503877 
318 200 11 22 0.12503877 
774 184 11 22 0.12503876 
62 193 11 21 0.12503876 
254 193 11 21 0.12503874 
702 208 11 22 0.12503874 
782 200 11 22 0.12503873 
230 201 11 21 0.12503873 
622 0 11 13 0.12503871 
958 225 11 21 0.12503871 
118 193 11 21 0.1250387 
470 200 11 22 0.1250387 
582 209 11 21 0.1250387 
742 224 11 22 0.12503867 
438 233 11 21 0.12503867 
484 254 40 66 0.12503865 
558 200 11 22 0.12503864 
494 224 11 22 0.12503864 
358 208 11 22 0.12503864 
158 193 11 21 0.12503864 
246 0 11 13 0.12503861 
403 254 41 67 0.1250386 
358 224 11 22 0.12503856 
166 193 11 21 0.12503855 
6 81 11 21 0.12503849 
846 0 11 13 0.12503847 
310 0 11 13 0.12503847 
318 0 11 13 0.12503846 
70 193 11 21 0.1250384 
814 0 11 13 0.1250384 
510 216 11 23 0.12503839 
670 233 11 21 0.12503836 
318 233 11 21 0.12503834 
342 0 11 13 0.12503833 
662 0 11 13 0.12503833 
990 0 11 13 0.12503833 
470 225 11 21 0.12503833 
550 200 11 22 0.12503828 
782 216 11 22 0.12503828 
446 217 11 21 0.12503818 
814 225 11 21 0.12503815 
206 201 11 21 0.12503812 
174 176 11 22 0.12503812 
822 200 11 22 0.12503812 
174 217 11 21 0.12503812 
181 272 13 23 0.12503812 
75 79 206 323 0.12503812 
967 0 25 33 0.1250381 
614 0 11 13 0.12503806 
462 224 11 22 0.12503801 
766 45 27 46 0.12503797 
198 209 11 21 0.12503794 
886 1 11 12 0.12503792 
814 208 11 22 0.12503791 
222 209 11 21 0.12503791 
582 193 11 21 0.12503785 
366 201 11 21 0.12503782 
318 185 11 21 0.12503782 
54 193 11 21 0.1250378 
294 201 11 21 0.1250378 
286 209 11 21 0.1250378 
262 209 11 21 0.12503779 
382 232 11 22 0.12503776 
790 208 11 22 0.12503776 
318 217 11 21 0.12503774 
222 225 11 21 0.12503773 
534 192 11 22 0.1250377 
566 185 11 21 0.1250377 
182 209 11 21 0.1250377 
486 208 11 22 0.1250377 
166 225 11 21 0.1250377 
446 0 11 13 0.1250377 
630 1 11 12 0.1250377 
517 39 29 42 0.1250377 
254 248 12 22 0.12503766 
294 184 12 23 0.12503761 
270 185 11 21 0.1250376 
342 232 11 22 0.1250376 
502 224 11 22 0.1250376 
719 126 25 43 0.1250376 
214 209 11 21 0.12503757 
598 224 11 22 0.12503749 
630 209 11 21 0.12503739 
798 200 11 22 0.12503739 
190 201 11 21 0.12503736 
182 193 11 21 0.12503731 
509 71 30 43 0.1250373 
790 109 27 45 0.12503728 
214 264 12 22 0.12503728 
150 217 11 21 0.12503724 
158 217 11 21 0.12503724 
446 232 11 22 0.12503724 
166 209 11 21 0.12503721 
422 233 11 21 0.12503715 
38 185 11 21 0.12503715 
78 201 11 21 0.12503706 
590 216 11 22 0.12503703 
46 201 11 21 0.12503693 
718 224 11 22 0.12503693 
406 224 11 22 0.1250369 
286 192 11 22 0.1250369 
246 225 11 21 0.12503687 
78 217 11 21 0.12503685 
334 224 11 22 0.12503682 
830 224 11 22 0.12503682 
106 -4 214 183 0.12503679 
398 224 11 22 0.12503676 
526 192 11 22 0.12503673 
454 224 11 22 0.1250367 
142 217 11 21 0.12503666 
638 1 11 12 0.12503666 
254 224 11 22 0.12503661 
190 184 11 22 0.12503655 
646 233 11 21 0.12503654 
110 225 11 21 0.12503651 
86 209 11 21 0.12503651 
86 225 11 21 0.12503651 
94 225 11 21 0.12503651 
734 224 11 22 0.12503651 
118 217 11 21 0.12503651 
102 225 11 21 0.12503651 
134 225 11 21 0.12503651 
126 225 11 21 0.12503651 
806 208 11 22 0.12503651 
501 6 29 35 0.12503651 
158 233 11 21 0.12503648 
126 209 11 21 0.12503648 
606 217 11 21 0.12503646 
990 216 11 22 0.12503645 
566 224 11 23 0.12503639 
902 208 11 22 0.12503637 
270 224 11 22 0.12503634 
382 168 12 23 0.1250363 
134 209 11 21 0.1250363 
230 216 11 22 0.12503628 
295 182 24 44 0.12503627 
150 233 11 21 0.12503627 
918 241 11 21 0.12503624 
398 192 11 22 0.1250362 
214 224 11 22 0.12503617 
558 232 11 23 0.12503617 
822 0 11 13 0.12503614 
847 165 24 45 0.1250361 
879 189 24 45 0.12503605 
182 225 11 21 0.12503605 
207 126 25 42 0.12503605 
238 224 11 22 0.12503605 
423 141 25 45 0.12503603 
671 173 25 44 0.12503603 
494 70 27 44 0.12503603 
686 69 27 45 0.12503603 
405 13 29 45 0.12503603 
647 125 25 45 0.12503602 
686 232 11 23 0.12503596 
389 14 29 44 0.12503596 
373 22 29 44 0.12503594 
150 200 11 22 0.12503587 
926 232 11 22 0.12503584 
444 0 31 25 0.1250358 
998 216 11 22 0.12503578 
838 2 27 38 0.12503575 
38 169 11 21 0.12503573 
486 86 27 44 0.12503573 
886 240 12 23 0.1250357 
486 224 11 22 0.1250357 
644 255 42 68 0.12503567 
760 174 23 42 0.12503567 
118 233 11 21 0.12503567 
262 224 11 22 0.12503567 
182 37 27 45 0.12503567 
94 208 11 22 0.12503564 
365 37 29 46 0.12503564 
782 61 27 45 0.12503564 
726 69 27 45 0.12503564 
765 65 190 352 0.12503561 
391 149 25 45 0.1250356 
855 -1 25 34 0.12503557 
895 214 25 44 0.12503557 
742 0 27 32 0.12503555 
478 224 11 22 0.12503554 
737 256 44 66 0.12503554 
695 133 25 44 0.12503551 
590 201 11 21 0.12503551 
943 0 25 34 0.1250355 
774 2 28 38 0.12503548 
70 217 11 21 0.12503546 
357 1 29 31 0.12503546 
430 0 27 33 0.12503543 
710 224 11 22 0.12503543 
183 85 25 44 0.12503543 
574 0 27 33 0.12503543 
142 233 11 21 0.1250354 
758 1 27 32 0.12503538 
685 0 29 33 0.12503535 
919 213 24 44 0.12503535 
230 264 12 22 0.12503535 
855 157 25 45 0.12503535 
286 0 27 33 0.12503535 
615 141 25 44 0.12503535 
103 46 25 44 0.12503532 
959 214 24 43 0.12503532 
725 3 29 37 0.1250353 
190 1 27 32 0.1250353 
711 118 25 43 0.1250353 
55 70 25 44 0.12503529 
798 3 27 37 0.12503529 
142 200 11 22 0.12503529 
174 232 11 22 0.12503523 
728 158 24 43 0.12503523 
919 1 25 33 0.12503521 
927 197 24 44 0.1250352 
991 0 24 33 0.1250352 
750 200 11 23 0.12503518 
903 198 25 43 0.12503518 
632 197 23 44 0.12503518 
743 150 25 43 0.12503518 
590 45 27 46 0.12503517 
478 0 27 33 0.12503514 
678 232 11 22 0.12503514 
582 21 27 45 0.12503514 
527 61 26 45 0.12503514 
959 181 25 44 0.12503514 
903 1 25 33 0.12503512 
462 0 27 33 0.12503512 
605 -4 29 36 0.1250351 
71 45 25 45 0.1250351 
814 2 27 39 0.1250351 
254 21 27 46 0.1250351 
454 21 27 45 0.1250351 
237 22 29 44 0.12503509 
119 45 25 45 0.12503509 
278 21 27 46 0.12503509 
367 125 25 44 0.12503509 
669 53 29 45 0.12503509 
325 3 29 37 0.12503509 
854 101 27 45 0.12503509 
798 53 27 45 0.12503509 
855 53 26 45 0.12503509 
550 53 27 45 0.12503509 
551 101 25 44 0.12503509 
663 101 25 44 0.12503509 
623 125 25 44 0.12503509 
624 174 23 42 0.12503509 
967 101 25 45 0.12503509 
308 2 31 38 0.12503509 
991 101 25 45 0.12503509 
886 2 27 39 0.12503509 
166 21 27 45 0.12503509 
565 53 29 46 0.12503509 
967 21 25 45 0.12503509 
396 -4 31 36 0.12503509 
902 53 27 45 0.12503509 
413 -2 29 34 0.12503509 
142 45 27 45 0.12503509 
391 125 25 44 0.12503509 
206 21 28 45 0.12503509 
357 22 29 44 0.12503509 
341 53 29 46 0.12503509 
703 173 25 44 0.12503509 
262 45 27 45 0.12503509 
214 45 27 46 0.12503509 
103 109 25 45 0.12503509 
502 53 27 46 0.12503509 
911 21 25 45 0.12503509 
55 46 25 44 0.12503509 
639 157 25 44 0.12503509 
446 53 27 46 0.12503509 
244 2 31 38 0.12503509 
374 53 27 46 0.12503509 
421 21 29 46 0.12503509 
95 126 25 43 0.12503509 
878 21 27 45 0.12503509 
285 45 29 46 0.12503509 
438 21 27 45 0.12503509 
39 45 25 45 0.12503509 
862 21 27 45 0.12503509 
295 109 25 44 0.12503509 
118 21 27 45 0.12503509 
951 53 25 45 0.12503509 
359 109 25 44 0.12503509 
214 3 27 37 0.12503509 
583 125 25 44 0.12503509 
870 2 27 39 0.12503509 
470 21 27 45 0.12503509 
455 109 25 44 0.12503509 
326 45 27 45 0.12503509 
221 22 29 44 0.12503509 
959 117 25 44 0.12503509 
629 53 29 46 0.12503509 
174 3 27 38 0.12503509 
166 53 27 45 0.12503509 
688 165 23 44 0.12503509 
87 53 25 45 0.12503509 
631 109 25 44 0.12503509 
742 45 27 46 0.12503509 
759 117 25 45 0.12503509 
975 45 25 45 0.12503509 
223 117 25 44 0.12503509 
103 22 25 44 0.12503509 
708 2 31 38 0.12503509 
766 21 27 46 0.12503509 
743 125 25 44 0.12503509 
749 22 29 44 0.12503509 
63 22 25 44 0.12503509 
79 21 25 45 0.12503509 
190 53 27 45 0.12503509 
78 1 27 40 0.12503509 
55 1 25 40 0.12503509 
911 101 25 44 0.12503509 
279 101 25 44 0.12503509 
422 45 27 46 0.12503509 
668 3 31 37 0.12503509 
407 166 25 43 0.12503509 
879 45 25 45 0.12503509 
951 109 25 44 0.12503509 
806 21 27 46 0.12503509 
645 22 29 44 0.12503509 
494 23 27 42 0.12503509 
302 21 27 46 0.12503509 
646 53 27 45 0.12503509 
134 3 27 37 0.12503509 
879 157 25 44 0.12503509 
231 157 25 44 0.12503509 
790 21 27 46 0.12503509 
247 101 25 44 0.12503509 
605 21 29 46 0.12503509 
478 45 27 46 0.12503509 
717 22 29 44 0.12503509 
159 165 25 44 0.12503509 
808 214 23 42 0.12503509 
605 45 29 46 0.12503509 
830 45 27 45 0.12503509 
111 61 25 45 0.12503509 
511 117 25 44 0.12503509 
95 6 25 44 0.12503509 
238 77 27 45 0.12503509 
655 182 25 43 0.12503509 
638 93 27 45 0.12503509 
607 93 25 45 0.12503509 
783 126 25 43 0.12503509 
943 37 25 45 0.12503509 
406 77 27 45 0.12503509 
935 206 24 43 0.12503509 
590 93 27 45 0.12503509 
855 125 25 45 0.12503509 
95 85 25 45 0.12503509 
447 85 25 45 0.12503509 
446 5 27 45 0.12503509 
431 85 25 44 0.12503509 
822 29 27 45 0.12503509 
887 93 25 44 0.12503509 
390 61 27 45 0.12503509 
767 142 25 43 0.12503509 
751 141 25 44 0.12503509 
557 2 29 38 0.12503509 
735 142 25 43 0.12503509 
798 93 27 45 0.12503509 
629 2 29 38 0.12503509 
815 141 25 44 0.12503509 
158 93 27 45 0.12503509 
621 15 29 42 0.12503509 
149 7 29 42 0.12503509 
268 7 31 42 0.12503509 
998 60 23 47 0.12503509 
262 93 27 45 0.12503509 
551 133 25 44 0.12503509 
750 77 27 45 0.12503509 
229 8 29 41 0.12503509 
519 93 25 44 0.12503509 
199 77 25 44 0.12503509 
503 93 25 45 0.12503509 
799 150 25 43 0.12503509 
759 149 25 44 0.12503509 
702 77 27 45 0.12503509 
367 93 25 44 0.12503509 
879 125 25 44 0.12503509 
517 4 29 36 0.12503509 
533 3 29 37 0.12503509 
943 93 25 44 0.12503509 
535 77 25 45 0.12503509 
959 93 25 44 0.12503509 
525 14 29 43 0.12503509 
495 134 26 43 0.12503509 
871 149 25 44 0.12503509 
926 61 27 45 0.12503509 
415 93 25 44 0.12503509 
197 8 29 40 0.12503509 
462 38 27 44 0.12503509 
822 61 27 45 0.12503509 
126 77 27 45 0.12503509 
78 69 27 45 0.12503509 
631 133 25 44 0.12503509 
862 85 27 45 0.12503509 
831 77 25 45 0.12503509 
727 134 24 43 0.12503509 
703 150 25 43 0.12503509 
118 93 27 45 0.12503509 
543 141 25 44 0.12503509 
349 8 29 41 0.12503509 
775 85 25 45 0.12503509 
302 69 27 45 0.12503509 
559 149 25 44 0.12503509 
982 7 26 42 0.12503509 
950 7 27 42 0.12503509 
879 77 26 45 0.12503509 
222 69 27 45 0.12503509 
927 85 25 45 0.12503509 
934 7 27 42 0.12503509 
199 141 25 44 0.12503509 
959 29 25 45 0.12503509 
621 69 29 46 0.12503509 
975 69 25 45 0.12503509 
471 85 25 45 0.12503509 
567 85 25 45 0.12503509 
447 149 25 44 0.12503509 
485 6 29 43 0.12503509 
215 85 25 45 0.12503509 
159 141 25 44 0.12503509 
359 141 25 44 0.12503509 
959 69 25 45 0.12503509 
439 141 25 44 0.12503509 
469 61 29 46 0.12503508 
414 61 27 45 0.12503508 
430 61 27 45 0.12503508 
823 93 26 45 0.12503508 
358 61 27 46 0.12503508 
381 3 29 37 0.12503508 
150 61 27 45 0.12503508 
199 101 25 44 0.12503508 
231 101 25 45 0.12503508 
759 93 25 45 0.12503508 
983 93 25 45 0.12503508 
710 93 27 45 0.12503508 
735 93 25 45 0.12503508 
335 101 25 44 0.12503508 
383 101 25 44 0.12503508 
935 141 25 44 0.12503508 
686 101 27 45 0.12503508 
743 101 25 44 0.12503508 
535 101 25 45 0.12503508 
142 101 27 45 0.12503508 
567 109 25 44 0.12503508 
159 117 25 44 0.12503508 
239 118 25 43 0.12503508 
39 109 25 44 0.12503508 
871 101 25 45 0.12503508 
895 101 25 44 0.12503508 
807 109 25 45 0.12503508 
831 109 25 45 0.12503508 
918 45 27 45 0.12503508 
927 109 25 44 0.12503508 
278 61 27 46 0.12503508 
31 101 25 44 0.12503508 
246 61 27 45 0.12503508 
206 61 27 45 0.12503508 
327 117 25 44 0.12503508 
415 117 25 44 0.12503508 
431 117 25 44 0.12503508 
23 53 25 44 0.12503508 
703 109 25 45 0.12503508 
692 29 31 45 0.12503508 
509 22 29 43 0.12503508 
894 21 27 45 0.12503508 
839 149 25 45 0.12503508 
701 13 29 46 0.12503508 
317 13 29 46 0.12503508 
975 213 24 44 0.12503508 
733 14 29 44 0.12503508 
847 21 25 45 0.12503508 
110 6 27 43 0.12503508 
661 29 29 46 0.12503508 
647 166 25 43 0.12503508 
479 174 25 43 0.12503508 
863 165 25 44 0.12503508 
533 30 29 43 0.12503508 
365 6 29 44 0.12503508 
294 7 27 42 0.12503508 
927 149 25 44 0.12503508 
549 22 29 44 0.12503508 
608 190 23 42 0.12503508 
408 222 23 42 0.12503508 
998 21 24 46 0.12503508 
455 158 25 43 0.12503508 
343 157 25 44 0.12503508 
719 150 25 42 0.12503508 
679 149 25 45 0.12503508 
565 14 29 44 0.12503508 
663 149 25 44 0.12503508 
39 21 25 45 0.12503508 
333 30 29 44 0.12503508 
653 8 29 41 0.12503508 
983 157 25 44 0.12503508 
590 5 27 45 0.12503508 
182 13 27 45 0.12503508 
367 149 25 44 0.12503508 
134 29 27 45 0.12503508 
150 29 27 45 0.12503508 
535 149 25 44 0.12503508 
519 149 25 44 0.12503508 
488 150 23 42 0.12503508 
111 126 25 43 0.12503508 
231 125 25 44 0.12503508 
310 37 27 46 0.12503508 
198 37 27 46 0.12503508 
983 117 25 44 0.12503508 
943 117 25 44 0.12503508 
262 69 27 45 0.12503508 
454 69 27 45 0.12503508 
998 84 23 46 0.12503508 
654 85 27 45 0.12503508 
846 85 27 45 0.12503508 
246 37 27 45 0.12503508 
791 141 25 44 0.12503508 
567 141 25 44 0.12503508 
679 117 25 44 0.12503508 
831 133 25 44 0.12503508 
158 -1 27 34 0.12503508 
375 141 25 44 0.12503508 
471 141 25 45 0.12503508 
711 141 25 44 0.12503508 
663 125 25 44 0.12503508 
559 125 25 44 0.12503508 
607 133 25 44 0.12503508 
637 37 29 45 0.12503508 
991 125 25 44 0.12503508 
573 37 29 45 0.12503508 
286 85 27 45 0.12503508 
310 85 27 45 0.12503508 
350 85 27 45 0.12503508 
662 69 27 45 0.12503508 
590 69 27 46 0.12503508 
558 69 27 45 0.12503508 
382 77 27 46 0.12503508 
326 77 27 45 0.12503508 
766 69 27 45 0.12503508 
271 109 25 44 0.12503508 
399 109 25 44 0.12503508 
230 53 27 45 0.12503508 
943 69 25 45 0.12503508 
910 69 27 45 0.12503508 
71 85 25 44 0.12503508 
895 69 25 45 0.12503508 
806 69 27 45 0.12503508 
623 93 26 45 0.12503508 
791 77 25 45 0.12503508 
142 77 27 45 0.12503508 
870 61 27 45 0.12503508 
839 61 26 45 0.12503508 
166 77 27 45 0.12503508 
574 69 27 46 0.12503505 
183 109 25 44 0.12503505 
606 69 27 46 0.12503505 
381 37 29 46 0.12503505 
87 117 25 44 0.12503505 
727 109 25 44 0.12503505 
215 149 25 44 0.12503505 
191 150 25 43 0.12503505 
814 45 27 45 0.12503505 
895 125 25 44 0.12503505 
887 117 25 44 0.12503505 
743 174 25 42 0.12503505 
830 15 27 42 0.12503505 
685 45 29 46 0.12503505 
903 85 25 45 0.12503505 
319 133 25 44 0.12503505 
734 113 12 21 0.12503505 
135 61 25 45 0.12503505 
287 125 25 44 0.12503505 
438 101 27 45 0.12503505 
967 125 25 44 0.12503505 
639 182 25 42 0.12503503 
103 134 25 43 0.12503503 
709 45 29 46 0.12503503 
911 133 25 44 0.12503503 
637 68 29 47 0.12503503 
991 37 25 45 0.12503503 
223 141 25 44 0.12503503 
23 93 25 44 0.12503502 
39 69 25 44 0.12503502 
975 134 25 42 0.12503502 
271 133 25 44 0.12503502 
349 37 29 46 0.12503502 
31 61 25 44 0.12503502 
255 125 25 44 0.12503502 
215 109 25 44 0.12503502 
311 117 25 44 0.12503502 
102 0 27 33 0.12503502 
333 13 29 36 0.12503502 
678 85 27 45 0.12503502 
926 29 27 45 0.12503502 
239 165 25 44 0.125035 
335 141 25 44 0.125035 
655 142 25 43 0.125035 
447 125 25 44 0.12503499 
823 125 25 44 0.12503499 
639 205 25 44 0.12503499 
527 133 25 44 0.12503499 
47 13 25 44 0.12503499 
621 38 29 44 0.12503499 
543 117 25 44 0.12503499 
951 142 25 42 0.12503497 
478 101 27 45 0.12503497 
318 61 27 45 0.12503496 
175 134 25 43 0.12503496 
303 149 25 44 0.12503496 
919 117 25 44 0.12503496 
493 -2 29 34 0.12503496 
943 197 24 44 0.12503496 
399 141 25 44 0.12503496 
110 264 12 23 0.12503496 
151 134 25 43 0.12503496 
261 0 29 33 0.12503496 
143 126 25 43 0.12503494 
405 45 29 46 0.12503494 
23 14 25 43 0.12503494 
191 118 25 43 0.12503494 
183 141 25 44 0.12503493 
247 142 24 43 0.12503493 
127 109 25 44 0.12503493 
592 181 23 43 0.12503493 
127 134 25 43 0.12503491 
557 37 29 46 0.12503491 
833 254 46 66 0.12503491 
495 109 26 44 0.12503491 
144 173 23 44 0.1250349 
695 158 25 42 0.12503488 
167 150 25 43 0.12503488 
398 29 27 46 0.12503488 
319 101 25 44 0.12503488 
648 189 23 44 0.12503488 
999 157 22 44 0.12503488 
903 110 25 43 0.12503488 
31 125 25 44 0.12503488 
959 150 25 43 0.12503488 
343 117 25 44 0.12503487 
967 158 25 43 0.12503487 
775 165 25 44 0.12503487 
976 190 23 43 0.12503487 
464 166 23 42 0.12503487 
287 149 25 44 0.12503487 
711 165 25 44 0.12503487 
15 101 25 44 0.12503487 
85 272 13 23 0.12503485 
15 37 25 45 0.12503485 
944 150 23 42 0.12503485 
247 174 25 42 0.12503484 
677 14 29 44 0.12503482 
341 0 29 33 0.12503481 
725 38 29 44 0.12503481 
23 117 25 44 0.12503481 
656 206 23 42 0.12503481 
118 0 27 33 0.12503481 
296 206 23 42 0.12503478 
143 150 25 43 0.12503478 
8 21 24 45 0.12503476 
255 150 25 42 0.12503476 
645 0 29 33 0.12503476 
887 197 24 44 0.12503473 
7 53 25 45 0.12503473 
967 197 24 44 0.12503473 
583 149 25 44 0.12503473 
351 150 25 43 0.12503469 
15 77 25 44 0.12503469 
207 166 24 43 0.12503469 
47 85 25 45 0.12503469 
919 142 25 43 0.12503469 
783 157 25 44 0.12503468 
479 125 25 44 0.12503468 
991 206 24 44 0.12503468 
135 142 25 42 0.12503468 
632 165 23 44 0.12503463 
998 181 23 44 0.1250346 
878 35 135 305 0.12503457 
951 190 25 43 0.12503457 
39 0 25 34 0.12503457 
328 206 23 43 0.12503457 
1 36 24 47 0.12503456 
78 232 11 22 0.12503456 
102 264 12 23 0.12503456 
903 173 25 44 0.12503453 
575 165 25 44 0.12503453 
463 125 25 44 0.12503451 
238 256 12 22 0.1250345 
808 174 23 43 0.12503448 
278 224 11 22 0.12503448 
751 166 25 43 0.12503447 
672 198 23 43 0.12503447 
983 197 24 44 0.12503447 
887 141 25 44 0.12503447 
0 3 25 39 0.12503447 
350 2 11 11 0.12503447 
8 93 24 44 0.12503444 
151 158 25 43 0.12503444 
504 190 23 42 0.12503439 
1005 222 19 42 0.12503439 
503 149 25 44 0.12503436 
615 165 25 44 0.12503436 
821 -1 29 26 0.12503435 
895 157 25 44 0.12503432 
416 212 22 45 0.12503432 
119 142 25 43 0.12503429 
16 1 24 40 0.12503429 
1005 0 21 33 0.12503426 
600 173 23 44 0.12503423 
7 0 26 26 0.12503423 
599 125 25 44 0.12503421 
374 232 11 23 0.12503421 
936 181 23 44 0.12503421 
126 240 11 22 0.1250342 
38 201 11 21 0.12503411 
415 158 25 42 0.12503411 
47 142 25 43 0.1250341 
702 224 11 23 0.12503408 
509 0 29 25 0.12503408 
525 0 29 25 0.12503408 
664 190 23 42 0.12503405 
246 256 12 22 0.12503405 
110 208 11 22 0.12503396 
63 93 25 45 0.12503396 
912 166 23 43 0.12503396 
335 165 25 44 0.12503396 
416 182 24 42 0.12503394 
23 142 25 43 0.12503394 
1004 199 19 41 0.12503394 
190 217 11 21 0.12503394 
903 149 25 44 0.12503394 
887 165 25 44 0.12503393 
334 264 12 22 0.12503393 
399 174 25 42 0.12503393 
688 205 23 44 0.12503393 
62 0 27 25 0.12503392 
975 165 25 44 0.1250339 
55 101 25 44 0.12503387 
174 264 12 23 0.12503387 
903 222 25 43 0.12503387 
582 224 11 23 0.12503384 
823 149 25 44 0.12503384 
87 142 25 43 0.12503384 
951 165 25 44 0.12503383 
118 264 12 23 0.12503383 
783 181 24 44 0.12503383 
911 190 25 43 0.12503381 
494 208 11 22 0.12503378 
79 93 25 45 0.12503378 
23 0 26 25 0.12503374 
2 108 22 46 0.12503374 
86 0 27 25 0.12503369 
135 165 25 44 0.12503369 
511 173 24 45 0.12503369 
701 -1 29 25 0.12503366 
134 240 11 22 0.12503365 
624 214 23 42 0.12503363 
720 181 23 44 0.12503363 
344 198 23 43 0.12503363 
150 256 12 23 0.12503363 
815 165 25 44 0.12503362 
733 264 13 23 0.1250336 
288 214 23 42 0.12503359 
864 189 23 44 0.1250335 
791 165 25 45 0.1250335 
399 197 24 45 0.1250335 
93 272 13 23 0.1250335 
47 117 25 44 0.12503348 
927 173 25 44 0.12503345 
311 157 25 45 0.12503342 
408 189 23 44 0.12503342 
382 265 11 21 0.12503342 
696 181 23 44 0.12503341 
16 150 24 43 0.12503341 
424 206 23 42 0.1250334 
30 201 11 21 0.1250334 
518 216 11 23 0.12503338 
71 125 25 44 0.12503338 
551 165 25 44 0.12503335 
72 174 23 42 0.12503335 
278 176 11 22 0.12503335 
495 157 25 44 0.12503333 
63 117 25 44 0.12503332 
439 166 25 43 0.1250333 
171 75 203 308 0.1250333 
943 173 25 44 0.1250333 
110 240 11 22 0.12503326 
456 190 23 42 0.12503324 
990 233 11 21 0.12503324 
15 125 25 44 0.12503321 
789 0 29 25 0.12503321 
784 214 23 43 0.12503321 
599 149 25 44 0.12503321 
141 0 29 25 0.1250332 
32 149 23 44 0.12503313 
102 240 11 22 0.12503313 
1013 2 10 20 0.12503313 
528 165 23 44 0.12503311 
55 125 25 44 0.1250331 
359 165 25 44 0.12503304 
175 158 25 43 0.12503304 
119 165 25 44 0.12503304 
127 157 25 44 0.12503304 
216 174 23 43 0.12503304 
590 -1 28 25 0.12503304 
373 -1 29 26 0.12503304 
32 174 23 42 0.12503304 
328 173 23 44 0.125033 
872 173 23 44 0.125033 
40 134 23 43 0.125033 
717 0 29 25 0.125033 
831 165 25 44 0.12503299 
910 192 11 23 0.12503296 
550 232 11 22 0.12503296 
62 224 11 22 0.12503296 
661 0 29 25 0.12503293 
424 174 23 43 0.12503293 
272 182 23 43 0.1250329 
158 256 12 23 0.1250329 
887 222 24 43 0.1250329 
583 174 25 43 0.12503287 
526 232 11 22 0.12503287 
319 165 25 44 0.12503286 
384 173 23 44 0.12503286 
392 182 23 43 0.12503284 
918 192 11 23 0.12503283 
671 141 25 45 0.1250328 
301 0 29 25 0.1250328 
64 142 23 43 0.1250328 
877 2 29 23 0.12503278 
30 169 11 21 0.12503278 
805 0 29 25 0.12503278 
54 216 11 22 0.12503278 
223 166 25 43 0.12503278 
536 174 23 42 0.12503278 
352 206 23 43 0.12503275 
220 0 31 25 0.12503275 
317 0 29 25 0.12503275 
166 264 12 23 0.12503275 
488 182 23 42 0.12503275 
534 264 12 23 0.12503272 
584 206 23 43 0.1250327 
200 174 23 43 0.1250327 
782 37 27 45 0.12503268 
205 0 29 25 0.12503268 
79 158 25 43 0.12503266 
623 149 25 44 0.12503266 
494 256 12 23 0.12503266 
111 150 25 42 0.12503266 
775 109 25 45 0.12503265 
726 224 11 23 0.12503259 
856 213 23 45 0.12503259 
824 173 23 44 0.12503254 
621 2 29 23 0.12503254 
40 182 23 42 0.12503254 
919 181 25 44 0.12503254 
237 0 29 25 0.12503254 
368 174 23 42 0.12503251 
599 206 25 42 0.12503251 
336 190 23 43 0.12503251 
94 240 11 22 0.12503248 
95 150 25 43 0.12503245 
911 230 25 43 0.12503244 
800 182 23 43 0.1250324 
616 197 23 44 0.1250324 
871 214 25 43 0.12503238 
264 190 23 43 0.12503237 
232 198 24 43 0.12503237 
79 133 25 44 0.12503234 
758 200 11 22 0.1250323 
112 174 23 42 0.12503229 
376 198 23 43 0.12503229 
574 192 11 22 0.12503228 
77 264 13 23 0.12503228 
615 117 25 45 0.12503228 
62 208 11 22 0.12503226 
856 182 23 43 0.1250322 
54 232 11 22 0.12503219 
30 185 11 21 0.12503217 
431 158 25 43 0.12503214 
560 198 23 43 0.12503213 
285 272 13 23 0.12503213 
918 224 11 23 0.12503213 
448 174 23 43 0.1250321 
64 166 23 42 0.1250321 
46 216 11 22 0.1250321 
1004 118 19 43 0.12503207 
648 214 23 43 0.12503207 
712 190 23 43 0.12503204 
862 184 11 23 0.125032 
48 166 23 42 0.12503196 
104 165 23 44 0.12503196 
560 222 23 43 0.12503196 
280 165 24 45 0.12503196 
822 232 11 22 0.12503195 
1004 142 19 43 0.12503195 
352 182 23 43 0.12503195 
542 232 11 23 0.12503193 
320 198 23 43 0.12503186 
704 197 23 44 0.12503184 
312 190 23 43 0.12503178 
86 240 11 22 0.12503177 
71 149 25 44 0.12503177 
464 198 23 43 0.12503174 
3 140 21 47 0.12503172 
303 174 25 43 0.1250317 
607 157 25 45 0.1250317 
263 157 25 44 0.1250317 
680 181 23 44 0.1250317 
206 264 12 23 0.12503165 
1013 226 10 20 0.12503165 
1004 47 19 42 0.12503164 
664 221 23 44 0.1250316 
453 264 13 23 0.12503158 
304 214 23 42 0.12503158 
760 197 23 45 0.12503155 
580 253 42 72 0.12503155 
2 76 22 47 0.12503153 
448 198 23 43 0.12503149 
728 189 23 44 0.12503144 
752 205 23 44 0.12503144 
56 149 23 44 0.1250314 
830 256 12 22 0.1250314 
550 248 12 23 0.1250314 
40 158 23 42 0.12503138 
190 256 12 23 0.12503138 
326 224 11 22 0.12503134 
1005 246 21 42 0.12503134 
96 182 23 42 0.1250313 
472 206 23 43 0.1250313 
88 165 23 44 0.12503126 
568 206 23 43 0.12503123 
56 174 23 42 0.12503122 
360 198 23 43 0.12503122 
368 222 23 43 0.12503122 
142 256 12 23 0.12503119 
168 206 23 42 0.12503119 
1013 210 10 20 0.12503119 
488 206 23 43 0.12503113 
736 182 23 43 0.12503113 
390 200 12 23 0.12503111 
24 190 23 42 0.12503111 
48 190 23 43 0.12503111 
366 216 11 23 0.12503104 
438 264 12 23 0.12503104 
366 232 11 23 0.12503102 
776 189 23 44 0.12503101 
741 264 13 23 0.125031 
800 206 23 42 0.12503098 
22 193 11 21 0.12503095 
432 182 23 42 0.12503095 
80 182 23 42 0.12503092 
174 200 11 23 0.1250309 
432 214 23 42 0.12503088 
376 165 23 45 0.12503077 
502 192 12 23 0.12503077 
974 216 11 22 0.12503077 
526 248 12 23 0.12503071 
848 206 23 43 0.12503071 
208 214 23 43 0.12503071 
440 190 23 43 0.1250307 
262 264 12 22 0.12503067 
544 198 23 43 0.12503067 
840 190 23 43 0.12503067 
280 206 23 42 0.12503065 
256 181 23 44 0.12503064 
240 222 23 43 0.12503064 
576 214 23 43 0.12503064 
128 182 23 43 0.1250306 
126 256 12 23 0.1250306 
392 206 23 43 0.12503056 
496 198 23 43 0.12503053 
526 216 11 23 0.1250305 
166 240 11 22 0.12503049 
390 216 11 23 0.12503049 
902 241 11 21 0.12503046 
568 173 23 44 0.12503043 
22 177 11 21 0.12503043 
224 190 23 43 0.12503041 
840 214 23 43 0.1250304 
152 182 23 42 0.1250304 
486 256 12 22 0.12503038 
680 213 23 45 0.12503038 
24 230 23 42 0.12503038 
816 206 23 43 0.1250303 
552 189 23 44 0.1250303 
344 222 23 43 0.12503028 
512 197 23 44 0.12503028 
342 216 12 23 0.12503026 
184 173 23 44 0.12503025 
832 206 23 43 0.12503025 
32 198 24 42 0.12503025 
792 190 23 43 0.12503025 
824 198 23 43 0.1250302 
248 198 23 43 0.1250302 
102 208 12 23 0.12503012 
728 213 23 44 0.12503012 
694 232 11 23 0.1250301 
384 222 23 43 0.12503009 
712 214 23 43 0.12503004 
542 216 12 23 0.12503001 
720 222 23 44 0.12503001 
766 272 12 23 0.12502995 
46 233 11 21 0.12502988 
198 224 11 22 0.1250298 
64 190 23 43 0.12502974 
448 222 23 43 0.12502973 
240 189 23 44 0.12502968 
725 264 13 23 0.12502968 
70 232 11 22 0.12502968 
520 181 23 44 0.12502965 
472 181 23 44 0.12502961 
24 166 23 42 0.12502956 
72 214 23 43 0.12502952 
224 214 23 43 0.12502952 
136 190 23 43 0.12502947 
88 214 23 43 0.12502947 
104 214 23 43 0.12502947 
934 233 11 21 0.12502947 
128 214 23 43 0.12502947 
630 240 11 22 0.12502946 
160 214 23 43 0.12502946 
598 248 12 23 0.12502944 
93 256 13 23 0.12502944 
216 206 23 43 0.12502944 
144 206 23 43 0.12502944 
80 206 23 43 0.12502939 
96 206 23 43 0.12502939 
120 206 23 43 0.12502939 
592 213 23 44 0.12502939 
967 222 24 43 0.12502937 
744 197 23 44 0.12502936 
157 272 13 23 0.12502931 
53 272 13 23 0.12502931 
854 184 12 23 0.1250293 
208 190 23 42 0.1250293 
200 198 23 43 0.1250293 
214 240 11 22 0.12502928 
134 256 12 23 0.12502928 
16 182 23 42 0.12502928 
176 190 23 42 0.12502925 
838 232 12 23 0.12502925 
863 221 24 45 0.12502922 
69 264 13 23 0.12502916 
838 256 12 22 0.12502915 
822 248 12 23 0.12502913 
542 264 12 22 0.1250291 
774 224 12 23 0.12502903 
952 222 23 42 0.125029 
983 222 24 43 0.125029 
312 222 23 43 0.12502898 
88 189 23 44 0.12502895 
480 222 23 43 0.12502894 
112 198 23 43 0.12502894 
504 213 23 44 0.1250289 
582 240 11 22 0.12502882 
525 264 13 23 0.12502877 
336 214 23 43 0.12502874 
480 197 23 44 0.12502874 
696 221 23 45 0.12502873 
192 181 23 44 0.12502873 
112 222 23 43 0.12502871 
469 272 13 23 0.12502865 
1013 65 10 21 0.12502865 
152 222 23 43 0.12502863 
342 264 12 22 0.12502863 
30 241 11 21 0.12502861 
215 246 25 42 0.12502857 
375 254 25 42 0.12502855 
136 222 23 43 0.12502855 
735 205 24 44 0.12502852 
247 238 25 42 0.12502849 
456 213 23 44 0.12502849 
192 206 23 43 0.12502848 
160 190 23 43 0.12502845 
175 262 25 42 0.12502842 
1013 81 10 21 0.12502839 
1013 145 10 21 0.12502836 
62 240 11 22 0.12502833 
1013 105 10 21 0.1250283 
520 221 23 44 0.1250283 
1013 161 10 21 0.1250283 
272 214 23 43 0.12502827 
998 233 11 21 0.12502824 
254 264 12 22 0.12502824 
280 230 23 42 0.12502821 
56 214 23 43 0.12502821 
776 222 23 43 0.12502821 
502 256 12 22 0.1250282 
149 272 13 23 0.1250282 
927 222 24 43 0.1250282 
486 240 11 23 0.12502818 
1013 121 10 21 0.12502816 
895 189 25 45 0.12502809 
1013 17 10 21 0.12502809 
120 230 23 43 0.12502795 
176 214 23 43 0.12502795 
40 206 23 43 0.12502792 
48 222 23 43 0.1250278 
104 189 23 44 0.12502779 
880 229 23 44 0.12502778 
256 206 23 43 0.12502769 
742 208 12 23 0.12502766 
654 240 11 22 0.12502763 
22 209 11 21 0.1250276 
768 213 23 46 0.12502757 
96 230 23 43 0.12502751 
206 248 12 23 0.12502748 
360 230 23 44 0.12502745 
534 240 12 23 0.12502743 
709 264 13 23 0.12502742 
197 248 13 23 0.12502737 
536 205 23 44 0.12502734 
-5 -35 174 203 0.12502734 
590 232 11 23 0.12502733 
358 240 12 23 0.1250273 
1013 49 10 21 0.1250272 
656 229 23 44 0.1250272 
398 208 12 23 0.1250272 
576 190 23 43 0.1250272 
14 185 11 21 0.1250272 
528 190 23 43 0.12502716 
207 254 25 42 0.12502714 
1013 33 10 21 0.12502714 
144 230 23 43 0.12502706 
41 14 192 224 0.12502705 
550 216 11 23 0.12502685 
198 264 12 23 0.12502678 
1013 177 10 21 0.12502678 
230 248 12 23 0.12502676 
14 201 11 21 0.12502673 
440 229 23 44 0.12502669 
80 230 23 43 0.1250266 
239 246 25 42 0.1250266 
382 216 12 23 0.12502654 
14 169 11 21 0.12502648 
853 272 13 23 0.12502646 
8 174 24 43 0.12502646 
278 272 12 23 0.12502643 
231 238 25 41 0.12502642 
183 246 25 42 0.12502633 
558 216 11 23 0.12502627 
717 264 13 23 0.12502627 
974 232 11 22 0.12502623 
438 83 213 293 0.12502621 
552 213 23 45 0.12502615 
653 264 13 23 0.12502612 
606 0 12 13 0.1250261 
517 263 13 24 0.1250261 
184 198 23 43 0.12502609 
168 173 23 45 0.12502603 
823 246 25 42 0.125026 
335 254 25 41 0.12502597 
544 221 23 44 0.12502594 
1013 257 11 21 0.12502594 
318 248 12 23 0.12502582 
557 272 13 23 0.12502581 
528 229 23 45 0.12502578 
223 254 25 42 0.12502573 
942 233 11 21 0.12502569 
461 272 13 23 0.12502569 
815 238 25 43 0.12502564 
831 238 25 42 0.12502563 
390 256 12 23 0.12502562 
64 221 23 44 0.12502553 
1013 193 10 21 0.12502548 
40 230 23 43 0.12502545 
487 246 25 43 0.12502542 
189 272 13 22 0.12502542 
392 230 23 44 0.12502535 
255 246 25 43 0.12502533 
191 237 25 43 0.1250252 
95 254 25 42 0.1250252 
79 262 25 42 0.1250252 
430 233 11 21 0.1250252 
744 222 23 44 0.12502518 
264 230 23 43 0.12502517 
535 254 25 42 0.12502517 
101 254 39 66 0.12502515 
591 237 25 43 0.12502515 
206 216 12 23 0.12502512 
614 240 11 22 0.1250251 
727 254 25 42 0.12502508 
614 128 12 23 0.125025 
799 125 25 44 0.12502497 
103 246 25 42 0.12502494 
286 241 11 21 0.1250249 
293 272 13 23 0.12502483 
752 230 23 43 0.12502477 
784 246 24 42 0.12502477 
607 229 25 44 0.12502474 
8 198 24 42 0.12502472 
974 249 11 21 0.12502472 
167 254 25 43 0.12502472 
638 272 12 23 0.12502465 
782 232 11 23 0.12502462 
542 248 12 23 0.1250246 
262 248 12 22 0.12502456 
702 256 12 22 0.12502456 
391 254 25 41 0.12502445 
61 256 13 22 0.12502444 
168 229 23 45 0.12502429 
87 246 25 42 0.12502427 
63 254 25 41 0.12502424 
792 238 23 43 0.12502412 
750 232 12 23 0.1250241 
703 238 25 43 0.12502408 
30 217 11 21 0.12502407 
759 262 25 42 0.12502407 
38 217 11 21 0.12502407 
878 240 12 23 0.12502407 
958 241 11 21 0.12502404 
270 264 12 22 0.12502395 
191 262 25 41 0.12502395 
151 246 25 42 0.12502383 
622 168 12 23 0.12502381 
279 262 25 42 0.12502381 
350 264 12 22 0.12502374 
222 240 11 23 0.12502372 
534 216 12 23 0.12502372 
622 240 11 22 0.12502371 
464 222 23 44 0.12502362 
32 222 23 42 0.12502356 
431 254 25 43 0.12502354 
429 272 13 23 0.12502351 
445 264 13 22 0.12502347 
55 246 25 41 0.12502341 
567 238 25 42 0.12502341 
790 264 12 23 0.12502338 
70 248 12 23 0.12502337 
551 254 25 41 0.12502337 
301 264 13 23 0.12502332 
47 262 25 42 0.1250233 
16 206 24 42 0.12502328 
496 221 23 45 0.12502326 
757 272 13 23 0.1250232 
574 248 12 22 0.12502319 
510 248 12 23 0.12502295 
606 248 12 23 0.12502295 
695 246 25 42 0.12502289 
831 262 25 41 0.12502272 
38 233 11 21 0.12502268 
837 272 13 22 0.12502259 
1006 225 11 21 0.12502258 
141 272 13 23 0.12502256 
622 217 11 21 0.12502253 
317 264 13 23 0.12502252 
895 246 24 44 0.12502241 
406 248 12 23 0.12502238 
503 238 25 43 0.12502238 
350 240 12 23 0.12502237 
125 272 13 23 0.12502235 
199 246 25 41 0.12502235 
519 254 25 43 0.12502232 
447 246 25 43 0.12502226 
719 246 25 43 0.12502213 
182 256 12 23 0.12502208 
54 248 11 22 0.12502208 
702 240 12 23 0.12502205 
1005 270 21 41 0.12502204 
135 246 25 42 0.12502198 
397 272 13 23 0.1250219 
902 256 11 22 0.12502186 
382 248 12 23 0.1250218 
688 229 23 45 0.12502174 
398 240 11 23 0.12502173 
294 241 11 21 0.12502164 
877 -34 164 203 0.12502159 
872 238 23 44 0.12502155 
710 248 12 23 0.12502155 
159 262 25 42 0.12502153 
1006 209 11 21 0.12502153 
175 237 25 44 0.1250215 
886 256 11 22 0.12502144 
143 262 25 42 0.12502141 
472 229 23 45 0.12502138 
749 264 13 23 0.12502138 
847 262 25 42 0.12502135 
327 238 25 43 0.12502135 
631 262 25 42 0.12502122 
247 262 26 40 0.1250212 
46 249 11 21 0.1250212 
662 264 12 23 0.12502117 
846 248 12 23 0.12502114 
351 254 25 41 0.12502111 
632 221 23 44 0.1250211 
479 254 25 43 0.1250211 
463 262 25 42 0.12502109 
230 232 12 23 0.12502107 
672 229 23 45 0.12502101 
781 279 13 24 0.125021 
711 262 25 41 0.12502098 
590 248 12 23 0.12502089 
894 248 11 23 0.1250208 
614 225 11 21 0.12502071 
543 246 25 41 0.1250207 
133 272 13 23 0.1250207 
399 238 25 43 0.12502064 
647 254 25 42 0.12502062 
119 254 25 42 0.1250206 
271 246 25 42 0.1250206 
374 216 12 23 0.12502055 
799 254 25 42 0.12502052 
839 246 25 43 0.12502046 
767 270 25 41 0.12502041 
455 238 25 43 0.1250204 
768 238 23 44 0.12502034 
45 272 13 23 0.12502027 
470 256 12 23 0.1250202 
736 238 23 44 0.12502018 
624 237 23 44 0.12502015 
598 272 12 23 0.12501998 
991 230 25 42 0.12501995 
943 230 24 42 0.12501991 
638 232 11 22 0.1250199 
910 248 11 22 0.12501979 
424 230 23 42 0.12501979 
879 254 24 44 0.12501973 
566 248 12 23 0.12501973 
319 262 25 41 0.12501965 
72 238 23 43 0.12501962 
270 240 12 23 0.12501958 
589 280 13 23 0.12501954 
591 262 25 42 0.12501942 
766 224 12 23 0.12501939 
511 229 24 45 0.12501937 
308 254 39 70 0.12501934 
773 272 13 23 0.12501928 
320 229 23 45 0.12501918 
791 270 25 41 0.12501918 
919 238 25 42 0.12501916 
478 248 12 23 0.12501913 
295 254 25 43 0.12501913 
376 229 23 45 0.12501912 
557 248 13 22 0.12501912 
926 249 11 21 0.12501907 
326 263 12 24 0.12501906 
894 264 12 23 0.12501903 
856 237 23 45 0.1250189 
767 181 25 46 0.12501885 
765 256 13 23 0.12501882 
366 256 12 22 0.12501882 
798 248 12 23 0.12501873 
118 248 11 22 0.12501873 
470 240 12 23 0.12501863 
86 256 11 22 0.12501861 
0 181 24 44 0.12501861 
22 233 11 21 0.1250186 
342 248 12 23 0.12501855 
861 272 13 23 0.12501843 
510 232 12 23 0.12501837 
263 262 25 41 0.12501836 
760 221 23 45 0.12501833 
694 248 12 23 0.12501831 
312 246 23 44 0.12501827 
862 232 12 23 0.12501825 
583 229 25 44 0.12501816 
278 256 12 22 0.1250181 
606 232 11 22 0.12501809 
718 239 12 24 0.12501809 
310 256 12 23 0.12501799 
694 270 27 40 0.12501797 
549 272 13 22 0.12501794 
334 240 12 23 0.1250179 
30 257 11 21 0.12501788 
23 262 26 40 0.12501787 
287 246 25 43 0.12501782 
78 248 12 22 0.12501779 
454 248 12 23 0.12501778 
735 262 25 43 0.12501767 
758 248 12 23 0.12501767 
502 262 27 40 0.12501764 
639 238 25 43 0.12501763 
485 272 13 23 0.12501755 
8 222 24 43 0.12501752 
847 229 25 45 0.1250175 
246 240 12 23 0.12501743 
238 240 12 23 0.12501742 
423 262 25 42 0.12501737 
61 272 13 22 0.12501737 
184 222 23 44 0.12501729 
743 254 25 43 0.12501724 
509 264 13 23 0.12501723 
190 240 12 23 0.12501715 
934 248 11 22 0.12501715 
663 254 25 41 0.12501715 
776 254 23 43 0.12501706 
917 272 13 23 0.12501697 
680 246 23 44 0.12501687 
462 248 12 23 0.12501687 
583 270 25 43 0.12501687 
869 271 13 24 0.1250168 
854 232 12 23 0.12501667 
821 264 13 22 0.12501666 
14 217 11 21 0.12501661 
296 229 23 44 0.12501658 
493 272 13 23 0.12501654 
446 248 12 23 0.12501642 
421 272 13 23 0.12501642 
814 262 27 40 0.12501633 
646 256 12 23 0.12501624 
414 248 12 23 0.12501621 
670 248 12 23 0.1250162 
629 256 13 23 0.12501611 
950 241 11 21 0.12501611 
782 256 12 23 0.12501606 
374 248 12 23 0.12501606 
245 272 13 22 0.12501605 
846 264 12 22 0.12501597 
174 248 12 23 0.12501588 
966 241 11 21 0.12501581 
806 264 12 23 0.12501559 
742 248 12 23 0.12501556 
358 264 12 22 0.12501548 
646 272 12 22 0.12501541 
293 256 13 23 0.12501535 
128 237 23 44 0.12501533 
286 256 12 23 0.12501533 
6 192 11 22 0.1250152 
982 241 11 21 0.12501515 
909 272 13 23 0.12501507 
518 232 12 23 0.12501505 
901 272 13 23 0.1250149 
726 239 12 24 0.12501486 
734 248 12 23 0.1250148 
750 248 12 23 0.12501469 
438 248 12 23 0.12501469 
911 261 25 44 0.12501462 
975 238 25 41 0.12501462 
160 237 23 45 0.12501459 
863 261 25 44 0.12501442 
806 248 12 23 0.12501436 
16 238 24 43 0.12501436 
622 256 12 23 0.1250142 
877 271 13 24 0.1250142 
1013 241 11 21 0.12501411 
615 245 25 44 0.12501408 
574 262 27 39 0.12501408 
326 240 12 23 0.12501405 
616 221 23 44 0.12501405 
14 233 11 21 0.12501405 
501 272 13 23 0.12501402 
415 246 25 42 0.12501402 
6 262 27 39 0.12501402 
502 239 12 24 0.12501396 
790 248 12 23 0.12501392 
655 269 25 41 0.12501389 
0 205 24 44 0.12501387 
6 168 11 22 0.12501384 
774 248 12 23 0.12501381 
888 261 23 45 0.12501375 
886 272 12 23 0.12501352 
182 240 12 23 0.12501343 
429 256 13 23 0.12501341 
862 248 12 23 0.12501334 
870 240 12 23 0.12501316 
766 240 12 23 0.12501314 
389 272 13 23 0.12501314 
38 249 11 21 0.1250131 
0 229 24 44 0.12501289 
669 264 13 23 0.12501287 
800 229 23 45 0.12501271 
903 253 25 44 0.12501259 
662 248 12 23 0.12501237 
302 248 12 23 0.12501225 
878 256 12 23 0.12501223 
678 256 12 23 0.12501211 
278 240 12 23 0.1250121 
477 264 13 22 0.1250121 
221 272 13 22 0.12501189 
854 256 12 23 0.12501185 
1013 273 11 21 0.12501182 
32 245 24 44 0.12501168 
303 238 25 43 0.1250114 
367 246 25 39 0.12501137 
421 256 13 23 0.12501131 
959 238 24 41 0.12501124 
286 224 12 22 0.12501086 
200 222 24 44 0.12501071 
686 256 12 23 0.1250106 
494 239 12 24 0.12501048 
824 221 23 45 0.12501048 
678 270 27 38 0.12501033 
966 246 26 40 0.12501012 
518 248 11 23 0.12501004 
983 246 25 40 0.12501001 
237 272 13 22 0.12500994 
814 248 12 23 0.1250096 
407 262 26 40 0.1250095 
6 208 11 22 0.12500943 
869 255 13 24 0.12500921 
398 256 12 23 0.12500891 
935 238 24 41 0.12500878 
926 254 26 40 0.12500872 
998 249 11 21 0.12500872 
638 248 11 23 0.12500842 
29 272 13 22 0.12500824 
6 224 11 22 0.12500818 
-1 253 36 77 0.12500794 
686 262 27 38 0.12500745 
701 280 13 22 0.12500742 
581 256 13 22 0.1250074 
22 248 11 22 0.12500739 
918 256 12 23 0.12500729 
613 256 13 22 0.12500697 
6 240 11 22 0.12500681 
21 272 13 22 0.12500665 
382 270 27 38 0.12500606 
310 240 12 22 0.12500547 
1006 241 11 21 0.1250052 
206 232 12 23 0.12500516 
37 272 13 22 0.12500505 
598 254 27 37 0.1250046 
926 264 11 22 0.12500459 
974 262 26 37 0.12500457 
950 254 26 39 0.12500407 
661 280 13 23 0.12500401 
830 272 12 22 0.12500384 
709 280 13 22 0.12500365 
798 280 12 22 0.12500356 
14 248 11 22 0.12500276 
829 239 13 24 0.12500264 
990 262 26 37 0.12500189 
13 272 13 22 0.12499967 
4 54 163 309 0.124998406 
589 264 13 22 0.124998346 
789 280 13 22 0.124998316 
990 249 12 21 0.12499762 
101 270 29 34 0.12499727 
677 272 13 22 0.12499677 
6 257 11 21 0.12499661 
557 270 29 35 0.12499616 
5 272 13 22 0.12499576 
405 264 13 22 0.124994755 
942 248 12 22 0.12499387 
934 270 27 37 0.12499272 
797 264 13 22 0.12499235 
813 264 13 22 0.12499204 
341 270 29 33 0.12499188 
950 257 12 21 0.124991536 
48 -9 414 327 0.12499152 
413 272 13 22 0.12499089 
125 270 29 33 0.124990754 
982 257 12 21 0.124990635 
581 273 13 21 0.124990195 
437 270 29 33 0.12499001 
-9 270 27 37 0.12498928 
310 272 12 22 0.12498922 
525 270 29 34 0.12498919 
13 278 30 33 0.124988236 
540 270 31 32 0.12498701 
934 264 12 22 0.12498695 
605 270 29 33 0.12498693 
957 270 28 35 0.124986686 
485 270 30 33 0.124986544 
212 270 31 32 0.12498651 
966 257 12 21 0.124983594 
685 280 13 22 0.12498348 
301 270 30 32 0.12498336 
365 270 30 32 0.124983326 
565 272 13 22 0.12498323 
229 270 30 32 0.12498298 
-1 272 10 22 0.124982946 
1006 257 12 21 0.124982074 
958 257 12 21 0.12498147 
693 264 13 22 0.12498147 
942 265 12 21 0.12497944 
990 265 12 21 0.12497305 
973 265 13 21 0.12497164 
0 1 10 21 0.12496998 
629 272 13 22 0.12496989 
0 33 10 21 0.12496899 
749 280 13 22 0.12496899 
0 49 10 21 0.1249689 
0 65 10 21 0.1249689 
0 17 10 21 0.12496867 
573 272 13 22 0.124968395 
0 81 10 21 0.124968156 
998 265 12 20 0.12496737 
0 105 10 21 0.12496734 
741 280 13 22 0.12496696 
0 121 10 21 0.12496555 
893 280 13 22 0.124964364 
981 273 13 20 0.12496346 
985 191 37 79 0.1249632 
725 280 13 22 0.12496275 
605 264 13 22 0.12496018 
653 280 13 22 0.12495974 
1005 273 13 21 0.12495932 
0 193 10 21 0.12495917 
0 137 10 21 0.124958284 
0 161 10 21 0.124955796 
957 273 13 21 0.1249555 
949 272 13 22 0.1249544 
0 177 10 21 0.124953374 
717 280 13 22 0.124952644 
805 280 13 22 0.124951914 
373 264 13 22 0.12495041 
925 280 13 22 0.12495019 
965 273 13 20 0.12494964 
941 280 13 22 0.12494606 
813 280 13 22 0.12494458 
77 280 13 22 0.12494303 
933 280 13 22 0.124942966 
381 280 13 22 0.12494199 
0 217 10 21 0.12493886 
0 241 10 21 0.12493742 
509 280 13 22 0.124936834 
197 280 13 21 0.124936625 
821 280 13 22 0.12493655 
109 280 13 22 0.12493599 
101 280 13 21 0.12493429 
517 280 13 22 0.124933906 
117 280 13 21 0.12493344 
0 54 20 43 0.12493341 
437 280 13 22 0.12493236 
1 94 18 43 0.124931924 
621 272 13 21 0.124930814 
693 280 13 22 0.12492957 
0 127 19 41 0.12492811 
733 280 13 22 0.12492485 
269 280 13 21 0.12492338 
69 280 13 22 0.12492304 
333 280 13 21 0.12492258 
365 272 13 21 0.1249224 
1 166 18 42 0.12492192 
973 280 13 21 0.12492075 
525 280 13 21 0.124919936 
164 254 41 68 0.12491905 
5 288 13 21 0.12491563 
349 280 13 21 0.124915056 
13 288 13 21 0.12491328 
845 280 13 21 0.12491274 
205 280 13 21 0.124912255 
21 288 13 21 0.124911405 
173 280 13 21 0.1249112 
165 280 13 21 0.12490883 
989 280 13 21 0.1249088 
613 273 13 20 0.12490805 
445 280 13 21 0.124907315 
997 280 13 21 0.124907285 
533 280 13 21 0.124906726 
453 280 13 21 0.12490602 
477 280 13 21 0.12490511 
541 280 13 21 0.12490434 
341 280 13 21 0.12490424 
261 280 13 21 0.12490228 
213 280 13 21 0.12490116 
301 280 13 21 0.12489766 
229 280 13 21 0.12489367 
405 280 13 21 0.12489364 
325 280 13 21 0.12489281 
605 281 13 20 0.12489225 
373 280 13 21 0.1248901 
357 280 13 21 0.12488942 
253 280 13 21 0.12488869 
317 280 13 21 0.124887474 
-2 288 12 22 0.1248596 
742 -57 323 385 0.124852195 
-50 -57 332 415 0.124791205 
669 288 13 22 0.12364868 
389 288 13 22 0.12282812 
725 278 29 27 0.1214092 
397 278 29 27 0.12139972 
869 278 29 26 0.12139947 
749 278 30 26 0.121395946 
36 278 31 25 0.12139587 
508 278 31 26 0.12139541 
893 278 29 27 0.12139466 
468 278 31 25 0.121394366 
284 278 31 25 0.12139434 
84 278 32 24 0.12139403 
917 278 29 28 0.12139376 
68 278 31 25 0.1213937 
268 278 31 26 0.12139348 
52 278 32 24 0.121393226 
820 278 32 24 0.12139274 
452 278 31 25 0.12139125 
148 278 32 24 0.121385664 
252 278 32 23 0.12138442 
852 278 31 25 0.12138425 
163 278 33 24 0.121383876 
981 278 29 26 0.121383876 
180 278 32 24 0.121383615 
196 278 32 24 0.12138167 
413 278 30 26 0.12136769 
836 278 31 25 0.120635614 
796 278 31 25 0.11986944 
581 289 13 17 0.11806862 
598 289 12 15 0.1178558 
637 278 29 28 0.11770158 
677 288 13 21 0.11710337 
1014 290 10 15 0.11629418 
470 289 12 15 0.11548412 
918 289 11 15 0.115450926 
774 289 11 15 0.115449205 
286 289 11 15 0.11544678 
910 289 11 15 0.11543977 
398 289 11 15 0.115438744 
878 289 11 15 0.11543871 
494 289 12 15 0.11543856 
902 289 11 15 0.11543788 
870 289 12 15 0.11543043 
30 289 12 15 0.115428284 
414 289 12 15 0.115426525 
134 289 12 15 0.11542517 
886 289 12 15 0.1154249 
126 289 12 15 0.11542302 
142 289 12 15 0.1154192 
486 289 12 15 0.11541905 
38 289 12 15 0.115418985 
86 289 12 15 0.115418784 
46 289 12 15 0.115418494 
294 289 12 15 0.11541816 
758 289 11 15 0.11541785 
278 289 12 15 0.11541752 
766 289 12 15 0.11541692 
1006 289 11 15 0.11541631 
54 289 12 15 0.11541593 
94 289 12 15 0.11541539 
62 289 12 15 0.1154136 
150 289 12 15 0.11541356 
430 289 12 15 0.1154131 
502 289 12 15 0.11541226 
958 289 11 15 0.11541212 
558 289 12 15 0.11541172 
966 289 11 15 0.11540827 
462 289 12 15 0.115407735 
950 289 11 15 0.115405925 
574 289 12 15 0.11540525 
830 289 12 14 0.1154045 
246 289 12 15 0.11540273 
982 289 11 15 0.11540129 
862 289 12 15 0.115399905 
238 289 12 14 0.11539323 
854 289 12 15 0.11539292 
158 289 12 14 0.11539292 
838 289 12 14 0.11539211 
182 289 12 14 0.11539198 
190 289 12 14 0.11538788 
310 289 12 14 0.11538047 
566 289 12 14 0.11537987 
550 289 12 14 0.1153795 
222 289 12 14 0.11537333 
422 289 12 15 0.11537152 
366 289 12 14 0.115369625 
614 289 12 14 0.1150866 
638 289 12 15 0.11346999 
646 289 11 15 0.111429304 
324 277 32 26 0.11134148 
621 290 13 18 0.110466935 
630 289 12 15 0.10471193 
