13_Interview_Interview_On_Location_13_569
34
278 360 331 477 0.99920315 
760 605 31 40 0.51445395 
797 611 41 49 0.24719849 
861 650 34 37 0.24523105 
775 654 33 45 0.23134403 
902 684 35 37 0.1465732 
810 627 37 45 0.12359614 
792 614 28 37 0.09197846 
754 653 40 56 0.07142014 
790 620 15 24 0.068588756 
794 649 30 36 0.064911164 
730 707 37 36 0.060492877 
784 676 25 37 0.05581289 
894 691 26 31 0.042587344 
815 701 26 30 0.04210763 
808 648 37 42 0.0409365 
793 655 17 23 0.03853972 
762 770 76 52 0.03689682 
734 665 31 38 0.033277202 
856 695 33 36 0.028684206 
914 684 19 20 0.028229542 
865 267 31 29 0.025480099 
773 606 39 46 0.02538222 
797 687 33 38 0.02524695 
743 713 22 23 0.024937686 
837 744 30 32 0.023842482 
728 242 55 52 0.022580324 
906 688 21 23 0.021940315 
826 717 56 61 0.02174732 
860 711 31 37 0.021232799 
896 746 16 19 0.021063633 
844 753 17 20 0.02058247 
829 629 31 36 0.02050209 
840 643 32 43 0.020173088 
