13_Interview_Interview_2_People_Visible_13_223
49
571 107 32 38 0.99814916 
277 105 34 42 0.99795216 
822 106 32 40 0.9978327 
292 374 32 38 0.99681526 
456 374 31 37 0.9961325 
652 317 38 48 0.9948211 
419 47 43 53 0.9908924 
121 43 42 52 0.9885688 
120 315 41 52 0.98644036 
865 320 38 49 0.96852005 
696 63 40 49 0.9158219 
787 291 38 53 0.32769957 
727 339 29 39 0.2793191 
546 352 22 32 0.22514771 
58 21 32 44 0.22063208 
557 20 24 34 0.10705356 
546 334 25 37 0.0890489 
891 32 12 17 0.07561233 
57 292 29 42 0.064918295 
882 92 31 35 0.06416825 
363 330 13 16 0.062220275 
809 18 25 38 0.055427574 
530 23 25 31 0.05251483 
692 32 27 36 0.05220806 
317 106 30 39 0.051263522 
349 19 37 51 0.05069682 
9 9 27 42 0.050163947 
696 42 32 45 0.046759684 
427 342 23 29 0.04470227 
646 56 23 30 0.04424185 
364 354 16 24 0.038248904 
949 82 15 19 0.03790002 
0 57 14 23 0.0372369 
544 18 26 37 0.03417413 
356 357 22 32 0.03262894 
632 288 28 37 0.03065818 
547 331 13 19 0.027875125 
8 282 27 40 0.02772137 
447 352 22 29 0.024466533 
503 80 23 33 0.024285411 
421 361 14 19 0.022798218 
979 350 14 17 0.021998037 
989 2 35 66 0.021770803 
800 318 30 43 0.021659505 
264 20 24 36 0.021525685 
0 328 13 22 0.020891432 
933 75 40 49 0.020735092 
837 336 21 27 0.020627659 
577 295 24 32 0.020093428 
