13_Interview_Interview_Sequences_13_7
30
475 247 27 31 0.99698657 
254 203 38 49 0.99645907 
637 191 38 50 0.99640876 
105 245 23 29 0.99411786 
384 263 21 25 0.9862766 
916 255 22 23 0.9509588 
864 243 22 26 0.9424014 
783 278 11 15 0.80831194 
767 295 12 15 0.7050879 
776 314 10 13 0.1900899 
877 277 15 19 0.122288324 
862 237 12 15 0.090895616 
872 227 11 13 0.048332844 
932 284 24 25 0.047517862 
771 334 11 12 0.04296085 
779 311 11 13 0.042684477 
954 249 14 17 0.03748997 
957 223 10 12 0.035989217 
289 173 7 10 0.033262655 
972 229 12 13 0.032092918 
580 415 22 30 0.028614055 
786 280 13 17 0.028527562 
959 226 10 15 0.026466401 
799 433 20 24 0.023970615 
574 303 10 13 0.02369832 
80 440 20 25 0.023287693 
908 250 15 20 0.022583582 
967 230 10 12 0.021673603 
844 272 16 20 0.02143368 
937 274 21 22 0.02017908 
