13_Interview_Interview_Sequences_13_973
23
291 116 85 115 0.99577975 
822 165 78 98 0.9950244 
786 268 16 21 0.9463837 
707 301 13 16 0.17241009 
674 297 13 16 0.15198135 
804 271 12 16 0.13185726 
731 270 16 21 0.069860674 
796 268 13 20 0.06644223 
744 282 11 15 0.049082562 
888 452 8 9 0.038580585 
739 276 13 17 0.03603205 
893 428 9 11 0.032858618 
660 275 17 20 0.030462315 
911 436 8 10 0.02862276 
726 257 15 19 0.02580353 
652 275 25 35 0.024421617 
686 311 10 14 0.023456478 
685 301 11 13 0.021966718 
715 301 11 15 0.02107266 
726 285 10 14 0.02066122 
772 276 10 14 0.020590855 
772 268 10 16 0.020157577 
613 344 17 22 0.020108314 
