35_Basketball_playingbasketball_35_582
19
513 142 49 46 0.99325925 
427 123 40 55 0.9708864 
679 111 31 57 0.943022 
431 51 44 66 0.63910824 
497 64 33 35 0.20618378 
662 130 25 36 0.1648275 
493 70 44 55 0.08950034 
456 74 26 37 0.08573991 
421 27 17 19 0.07505535 
660 141 17 23 0.053821154 
466 80 17 23 0.036570173 
622 135 24 30 0.035645097 
486 42 36 44 0.03535549 
478 85 40 61 0.032745738 
472 58 44 64 0.03020075 
374 45 24 29 0.029460832 
614 118 21 31 0.028141053 
669 138 30 38 0.021231424 
480 34 31 30 0.02053662 
