35_Basketball_basketballgame_ball_35_192
32
744 140 124 162 0.9994036 
554 614 132 155 0.9986625 
154 489 38 52 0.7699858 
2 933 37 56 0.71698004 
431 1150 63 81 0.5777793 
427 602 49 63 0.21771592 
72 1019 56 62 0.17826599 
289 641 105 113 0.119593866 
58 428 39 48 0.093290314 
84 773 50 66 0.08583457 
85 761 91 120 0.06691412 
939 1141 51 69 0.06162514 
5 580 85 130 0.058292016 
19 570 56 74 0.05550654 
235 603 48 81 0.048424438 
98 756 60 77 0.04842033 
59 327 26 33 0.04642122 
231 706 32 36 0.045910683 
347 200 16 24 0.04363202 
197 644 34 42 0.043370288 
522 175 27 38 0.038177237 
122 939 57 71 0.03382343 
0 1015 47 97 0.03165526 
228 488 87 92 0.031067692 
255 609 112 113 0.030325847 
131 932 35 43 0.028354706 
33 566 38 44 0.02545623 
564 365 41 57 0.024510985 
251 653 76 76 0.022252103 
391 193 27 30 0.021660808 
68 1032 36 39 0.021115346 
528 447 30 41 0.020132681 
