35_Basketball_playingbasketball_35_632
27
127 443 20 22 0.9595777 
909 482 16 21 0.9595474 
722 489 13 17 0.50074947 
320 544 31 27 0.39646 
32 505 8 10 0.22452073 
462 342 23 29 0.1793236 
206 489 10 12 0.16172156 
342 525 31 30 0.092568584 
319 525 51 46 0.08774208 
511 318 8 10 0.06681292 
869 491 14 19 0.0569323 
29 662 10 13 0.05540925 
470 349 24 27 0.05385181 
334 534 26 29 0.04637985 
870 486 11 15 0.040535882 
268 492 8 11 0.039048273 
233 470 9 10 0.036525838 
482 318 9 10 0.03209816 
37 504 8 11 0.028595163 
478 356 26 26 0.028167864 
448 319 9 11 0.025594274 
478 273 9 10 0.02467386 
239 471 9 12 0.024061248 
909 188 16 18 0.02381857 
45 -45 394 513 0.023724724 
484 342 14 19 0.023226839 
614 325 11 14 0.022228345 
