35_Basketball_Basketball_35_393
19
207 3 226 240 0.99393326 
755 163 53 63 0.98962164 
782 93 37 46 0.5152836 
612 112 104 183 0.3452282 
798 89 44 50 0.12611295 
169 0 373 390 0.09387119 
787 422 218 292 0.043039553 
60 581 16 20 0.038722258 
659 90 147 196 0.03640772 
386 644 10 14 0.029138053 
772 132 18 23 0.028211644 
355 627 25 31 0.02781624 
355 640 14 18 0.02699348 
352 668 13 16 0.026629424 
240 33 462 516 0.026602834 
770 263 43 59 0.02509156 
132 636 15 22 0.025056493 
422 603 13 16 0.02199688 
894 509 130 228 0.02190178 
