35_Basketball_basketballgame_ball_35_82
509
286 253 47 59 0.99774337 
439 192 47 60 0.9941738 
651 406 18 24 0.9850712 
605 411 16 22 0.9841697 
801 407 20 28 0.9758834 
648 320 15 19 0.97081214 
771 409 22 25 0.9658753 
705 311 20 27 0.9446588 
111 372 14 17 0.93566686 
142 229 12 17 0.9298336 
29 207 12 15 0.91850674 
9 287 15 19 0.907553 
193 158 12 15 0.89017576 
113 212 13 16 0.8880696 
634 377 13 17 0.8866876 
250 168 13 16 0.8685839 
30 117 11 14 0.8601264 
44 94 10 14 0.84560937 
537 37 10 13 0.8367903 
33 374 14 18 0.83428353 
207 262 11 14 0.8339293 
77 206 11 16 0.83348703 
185 250 11 14 0.80894655 
267 5 11 14 0.79584724 
49 221 12 15 0.79124343 
48 176 12 16 0.7807051 
102 231 12 15 0.7736239 
259 143 12 14 0.77164775 
162 43 10 14 0.76872814 
174 228 11 14 0.7458571 
343 222 12 15 0.7184304 
564 413 18 22 0.71551824 
171 271 12 15 0.7134442 
647 216 11 14 0.6946382 
153 107 11 14 0.6927817 
167 101 10 13 0.6847936 
193 121 12 15 0.6829118 
101 34 11 13 0.67631376 
494 119 11 13 0.67609346 
240 241 12 15 0.6714441 
798 210 13 16 0.65195245 
555 185 12 14 0.63385874 
515 189 11 14 0.63251907 
39 160 11 14 0.63090086 
131 71 11 14 0.62027425 
154 305 13 17 0.6199322 
654 251 12 15 0.61405486 
208 294 13 16 0.6094342 
380 6 9 11 0.60131 
437 136 11 13 0.59765065 
617 398 12 16 0.5853282 
517 174 13 16 0.5834584 
57 45 10 14 0.58136183 
152 200 13 16 0.58098567 
104 297 15 19 0.5774625 
614 174 11 14 0.5702649 
143 265 12 17 0.55721813 
295 195 12 15 0.55388325 
12 62 11 14 0.55287087 
196 187 11 13 0.54543114 
92 212 11 15 0.5383632 
756 275 13 16 0.537213 
102 334 12 17 0.53102434 
91 74 10 15 0.5258931 
609 218 11 14 0.51513827 
29 73 12 15 0.5130957 
439 157 10 12 0.49895567 
125 107 10 12 0.49741495 
37 141 11 14 0.48718825 
186 4 9 11 0.48365548 
733 307 12 14 0.4825319 
220 149 11 14 0.48061913 
654 386 15 17 0.4694073 
392 140 11 13 0.4615511 
783 29 10 12 0.45941982 
706 256 12 16 0.44969723 
595 229 11 13 0.44248417 
802 274 12 16 0.42736876 
65 108 11 13 0.4196525 
141 43 10 13 0.41877228 
401 155 12 15 0.4135165 
742 327 14 17 0.40639064 
428 124 10 12 0.39881638 
571 172 11 15 0.39036134 
27 23 11 13 0.38891116 
204 139 10 13 0.38772523 
697 139 11 14 0.36917385 
54 368 12 16 0.36396605 
51 75 11 13 0.3633784 
238 85 10 12 0.3582044 
78 404 10 13 0.35785243 
104 150 10 13 0.34656763 
681 195 11 13 0.33205056 
672 155 11 14 0.33186796 
239 120 12 17 0.33145535 
252 229 10 13 0.32507294 
101 117 10 11 0.3208575 
842 109 9 12 0.3199083 
397 102 11 14 0.30832678 
269 166 10 13 0.30818644 
108 78 12 15 0.30481842 
499 95 11 14 0.29849476 
606 192 11 14 0.29528204 
226 180 12 15 0.29330638 
198 53 10 13 0.2917045 
572 124 10 12 0.2911181 
786 385 14 16 0.28909677 
32 288 13 18 0.28687373 
86 95 11 14 0.28161255 
988 0 37 70 0.27521607 
43 260 11 15 0.26784644 
689 220 11 13 0.25577778 
603 146 11 14 0.25473523 
630 35 13 16 0.25298172 
4 83 10 13 0.24251279 
89 134 10 14 0.24231784 
88 318 13 15 0.23742211 
92 139 10 13 0.23629625 
87 180 12 14 0.2353593 
764 222 12 14 0.23369567 
753 121 11 15 0.22960076 
469 115 10 12 0.22909306 
727 215 12 15 0.2217869 
236 106 11 14 0.21627742 
631 156 10 12 0.2154447 
121 141 9 12 0.20901693 
160 167 11 14 0.20586534 
37 325 12 15 0.20100048 
200 99 12 14 0.20095493 
135 102 11 14 0.20020406 
581 406 12 15 0.19845086 
63 138 11 13 0.19528295 
724 195 11 15 0.18769282 
1 132 10 14 0.18439253 
11 194 12 16 0.1802327 
776 280 11 12 0.17810933 
678 324 13 15 0.17387082 
800 92 13 17 0.1653795 
102 189 12 16 0.16340712 
405 120 10 13 0.16326132 
686 100 9 12 0.15853998 
591 20 9 11 0.15844627 
244 123 13 17 0.15754603 
0 14 9 13 0.153138 
-1 139 8 14 0.14747748 
558 397 11 16 0.14737093 
208 85 10 13 0.14513414 
687 143 9 11 0.1417725 
0 379 10 17 0.14163111 
109 126 10 13 0.1404059 
782 90 13 17 0.13822822 
248 129 12 15 0.13593952 
127 56 9 12 0.13293974 
663 142 10 13 0.13246062 
661 161 10 12 0.12993903 
128 212 10 14 0.12832704 
694 178 10 14 0.12744759 
604 243 13 14 0.12426408 
747 153 14 20 0.12262984 
384 418 19 22 0.116178334 
637 236 12 14 0.11114941 
684 116 12 13 0.11085009 
365 21 9 11 0.1096776 
606 126 9 12 0.109367825 
412 195 10 12 0.10498635 
713 143 10 12 0.10471752 
813 235 11 15 0.102401644 
737 116 10 13 0.102334924 
742 271 11 13 0.10196237 
518 88 15 18 0.10188985 
15 388 12 15 0.10109432 
734 142 10 14 0.09957047 
489 116 10 14 0.0966226 
264 70 11 15 0.09504399 
192 301 12 14 0.094668746 
648 157 8 11 0.09334918 
226 67 12 15 0.092546195 
70 114 11 16 0.09193879 
621 192 10 13 0.09182929 
47 4 8 11 0.091527864 
0 185 13 17 0.09124416 
221 94 12 15 0.09071271 
540 165 12 16 0.08930548 
158 334 12 16 0.08862957 
4 128 10 12 0.08790924 
785 246 11 14 0.08691425 
143 158 14 18 0.08691116 
45 28 10 11 0.08546823 
828 284 11 11 0.08416264 
778 113 13 15 0.08206224 
223 166 9 12 0.081591085 
640 198 11 14 0.0806287 
495 160 9 11 0.0786982 
235 148 12 14 0.078343816 
192 234 13 16 0.07815031 
552 128 8 10 0.07627966 
239 36 9 12 0.07564352 
69 340 12 16 0.075446606 
503 164 10 13 0.07097805 
397 211 11 14 0.07023715 
634 126 8 10 0.0701837 
0 255 10 16 0.06992202 
671 291 14 19 0.06961002 
205 280 11 13 0.06632814 
725 237 11 12 0.0658954 
195 306 11 14 0.06446573 
191 205 11 14 0.06439938 
656 84 9 12 0.06437041 
787 389 18 22 0.06408058 
204 92 11 15 0.062934935 
629 214 11 15 0.062751696 
573 405 15 19 0.0625658 
780 362 11 14 0.062314317 
144 15 10 11 0.062145215 
79 13 10 12 0.06195751 
45 142 9 13 0.060759086 
146 338 15 19 0.059973028 
719 122 12 15 0.059972513 
675 151 10 14 0.059695166 
768 134 11 15 0.059678666 
789 400 16 21 0.05887617 
639 157 8 12 0.05848023 
230 175 10 13 0.057906978 
623 128 8 10 0.05694737 
709 186 12 15 0.056697115 
147 273 14 17 0.056449164 
136 266 13 17 0.05581407 
45 274 13 16 0.055810954 
148 332 12 16 0.055640712 
675 396 13 16 0.05476376 
677 130 11 13 0.054403447 
32 186 12 15 0.053789496 
772 138 11 15 0.05318276 
15 134 10 12 0.05316514 
719 102 11 13 0.053085368 
488 159 9 12 0.05306339 
640 175 9 11 0.05287959 
743 78 11 15 0.052220657 
684 236 11 13 0.052104644 
159 253 11 13 0.051581945 
247 190 10 13 0.05121296 
726 100 11 14 0.05096384 
307 154 12 15 0.05075569 
624 231 9 12 0.05061503 
136 39 11 13 0.05047932 
53 13 9 11 0.049506076 
158 103 11 15 0.049411144 
782 404 19 26 0.048838682 
79 125 9 12 0.04852696 
686 230 11 12 0.04843843 
183 139 9 13 0.048296925 
5 174 11 13 0.047925673 
628 293 13 17 0.04789518 
225 273 11 14 0.047669634 
486 112 10 13 0.047143303 
209 403 15 19 0.0466562 
752 39 10 12 0.046655364 
733 218 11 15 0.04649049 
559 43 10 14 0.046163715 
591 189 9 12 0.04591679 
87 127 10 12 0.045414474 
635 365 15 18 0.045298003 
786 150 9 12 0.045226026 
224 184 12 16 0.044904795 
14 95 9 11 0.044759747 
105 82 11 14 0.044307012 
622 33 14 18 0.043790516 
752 270 12 16 0.043731347 
661 84 9 12 0.04357579 
673 128 9 12 0.042696953 
847 81 9 10 0.042351153 
273 238 9 14 0.042278193 
0 103 9 11 0.042260926 
151 141 13 15 0.042242464 
624 132 9 11 0.042060737 
710 206 10 12 0.041936178 
780 235 12 15 0.041585993 
164 338 15 17 0.041527845 
142 406 55 58 0.041047692 
743 222 9 13 0.04095352 
64 114 11 16 0.040727627 
274 224 7 9 0.04013961 
62 152 12 15 0.040051963 
663 135 9 12 0.039786387 
97 149 10 12 0.03955706 
755 147 11 14 0.039397072 
727 303 12 17 0.03930839 
648 176 9 12 0.03927147 
60 23 9 12 0.03906644 
736 79 9 14 0.038770054 
256 85 9 12 0.038639493 
86 104 11 15 0.03830865 
93 126 9 11 0.037971664 
54 6 10 12 0.037849803 
55 141 11 13 0.03784435 
0 109 9 13 0.03781065 
184 212 10 13 0.037742034 
71 156 13 15 0.03771948 
534 151 9 10 0.03770532 
0 116 8 14 0.037556566 
115 166 12 13 0.037429143 
292 208 12 16 0.03742369 
11 113 13 15 0.037283868 
630 141 11 14 0.037234362 
76 158 12 15 0.037091598 
614 196 11 13 0.036171973 
689 180 10 13 0.03610818 
224 22 11 13 0.036093332 
846 229 10 15 0.03608943 
597 235 12 15 0.035986003 
39 50 11 16 0.03594829 
739 123 11 14 0.035706352 
85 205 12 15 0.0356933 
25 179 11 14 0.03523369 
670 401 14 20 0.035043526 
71 122 10 14 0.035006918 
657 159 9 12 0.03488898 
826 279 10 12 0.034595963 
72 61 9 12 0.034217235 
536 143 9 11 0.033556208 
254 272 10 12 0.03350315 
720 215 9 13 0.03340561 
718 306 13 19 0.03336587 
0 146 9 15 0.03326359 
8 239 11 13 0.03306362 
778 230 11 14 0.03278094 
8 163 11 13 0.032771405 
246 61 11 15 0.03273205 
238 142 11 12 0.032715563 
2 265 10 17 0.032700226 
480 115 9 13 0.03266632 
112 0 8 8 0.032603603 
232 102 12 14 0.03253786 
738 303 13 17 0.03250086 
682 142 9 11 0.032230493 
62 6 8 11 0.032176588 
260 213 11 14 0.031950716 
228 388 13 20 0.031403776 
736 283 10 13 0.031339884 
617 127 9 11 0.0312876 
129 30 8 11 0.0312762 
91 99 11 15 0.030793114 
394 187 16 17 0.03078754 
134 355 11 16 0.03072279 
119 148 11 14 0.03039612 
747 227 10 14 0.030320842 
740 112 12 14 0.030160228 
165 130 11 14 0.030087145 
629 135 10 11 0.030051665 
600 134 9 12 0.030043252 
685 252 13 16 0.029986145 
75 118 10 14 0.029921109 
85 54 9 11 0.029914998 
191 195 12 14 0.029784143 
699 300 14 15 0.02966067 
76 79 10 12 0.029640857 
279 223 9 10 0.029620526 
768 37 10 13 0.029600939 
607 310 13 16 0.029589763 
507 165 11 14 0.029447956 
359 452 24 24 0.02919018 
149 8 9 10 0.029170742 
767 108 11 14 0.028973546 
558 220 13 15 0.028920824 
632 173 9 12 0.028916907 
16 45 9 12 0.028837195 
682 122 14 14 0.028836273 
150 133 12 14 0.028774705 
636 293 13 17 0.028757557 
787 336 14 17 0.02873834 
689 174 10 13 0.028485175 
213 324 10 13 0.028465757 
55 0 9 10 0.028373124 
209 204 10 13 0.028368004 
751 84 12 15 0.028130872 
692 250 12 16 0.028082585 
655 196 9 12 0.02803263 
424 152 9 11 0.028021753 
526 61 15 18 0.027991546 
784 156 11 15 0.027970709 
7 102 10 11 0.027918262 
12 339 13 17 0.027879862 
72 78 9 12 0.02786465 
100 386 11 15 0.027526172 
141 126 10 12 0.027515631 
3 373 12 18 0.027495654 
812 147 10 13 0.0274659 
0 62 8 12 0.027422616 
234 291 14 16 0.027335538 
84 12 9 12 0.027280323 
128 126 10 13 0.027244221 
462 151 10 11 0.027003426 
724 130 11 14 0.026847757 
200 6 11 13 0.026837569 
253 195 10 13 0.026803311 
644 192 11 14 0.026709914 
113 47 9 12 0.026681717 
118 155 10 13 0.026644489 
131 190 12 15 0.02662142 
136 125 10 13 0.026538339 
43 282 13 17 0.026465422 
615 143 9 13 0.026416676 
687 167 9 11 0.02633109 
797 403 17 23 0.02630185 
67 273 12 18 0.026209366 
100 41 12 15 0.026207225 
621 166 9 12 0.0261149 
740 50 11 15 0.025982495 
148 13 10 11 0.025964497 
782 56 17 19 0.025791537 
529 152 9 11 0.025586385 
555 213 13 16 0.025581956 
583 142 10 12 0.025538413 
384 124 8 12 0.025498042 
6 109 13 15 0.025409648 
244 34 10 13 0.0254006 
39 277 11 16 0.025376288 
62 406 10 12 0.025340207 
20 396 14 18 0.025280045 
682 376 16 21 0.025180645 
244 53 11 14 0.025079604 
708 195 12 14 0.024875134 
563 403 15 19 0.024788005 
135 31 9 12 0.024755893 
51 376 14 19 0.024728585 
659 392 15 18 0.024637144 
640 214 9 13 0.02462944 
414 174 11 14 0.024546107 
544 126 8 11 0.024479711 
96 196 11 15 0.024411226 
158 29 10 13 0.024408406 
669 174 10 13 0.02439839 
289 213 10 12 0.02432099 
209 37 12 14 0.024274714 
677 244 11 16 0.024270067 
100 52 11 13 0.024236476 
22 402 14 18 0.024233982 
9 94 9 11 0.024213726 
743 213 12 14 0.023928043 
168 29 10 12 0.02383722 
14 56 11 14 0.02374573 
442 162 14 16 0.02373473 
54 214 12 15 0.023648337 
668 141 10 14 0.02361532 
613 299 12 16 0.023526032 
488 100 10 13 0.023515144 
633 236 10 14 0.02350154 
176 286 10 15 0.023446102 
180 115 10 13 0.023291279 
74 83 9 12 0.023257032 
231 287 11 15 0.023116406 
0 355 9 13 0.023092344 
684 133 11 13 0.023057358 
518 252 11 15 0.023049304 
587 409 12 17 0.022997739 
735 134 10 13 0.022994902 
41 23 10 13 0.02296953 
457 152 9 11 0.022871248 
581 148 10 13 0.022860583 
646 99 10 12 0.022734743 
787 234 14 16 0.022536412 
749 110 12 15 0.022409888 
196 71 11 14 0.022331469 
81 54 9 11 0.022314025 
584 127 8 10 0.022282455 
616 133 8 11 0.022282083 
640 181 9 11 0.022229237 
798 306 13 15 0.021993184 
456 157 9 11 0.021951336 
719 164 9 13 0.021938687 
227 382 12 16 0.02192896 
68 149 12 15 0.021867463 
223 377 23 34 0.021798907 
119 13 9 11 0.0217785 
684 259 13 15 0.021668162 
841 115 9 12 0.021475717 
10 158 12 15 0.02145608 
54 123 10 13 0.021428151 
536 126 8 10 0.021400712 
102 258 13 16 0.02134962 
87 61 9 12 0.021275304 
117 188 13 15 0.021253599 
242 189 11 13 0.021239044 
253 62 9 13 0.021201938 
843 104 11 13 0.02113642 
585 135 8 10 0.021087047 
681 232 11 13 0.02106201 
809 230 10 14 0.02103347 
638 308 11 14 0.020959483 
416 169 9 12 0.020896584 
703 237 10 12 0.020863274 
151 336 23 28 0.020854672 
658 163 10 13 0.020828174 
52 274 12 17 0.02077368 
631 231 9 13 0.020714603 
650 86 9 11 0.02071056 
634 121 8 10 0.02062111 
692 117 11 13 0.020598406 
644 66 11 14 0.020550746 
21 4 9 11 0.020510856 
715 145 11 14 0.020458164 
111 410 19 21 0.02039785 
534 134 9 12 0.020315435 
64 387 11 14 0.020210704 
137 443 11 13 0.020188522 
124 310 12 16 0.020158421 
529 127 9 11 0.020128215 
606 121 9 11 0.020088581 
694 298 13 16 0.02002478 
