35_Basketball_playingbasketball_35_449
39
341 155 97 130 0.9995778 
719 251 67 129 0.90773404 
620 1270 24 33 0.35068256 
932 726 24 29 0.23539694 
167 848 24 27 0.15773147 
170 903 26 30 0.11354978 
807 222 64 59 0.107477315 
543 1297 16 20 0.09091374 
765 31 98 143 0.09001063 
820 35 84 134 0.08408704 
85 1012 17 21 0.07687024 
37 1315 11 14 0.07448672 
36 1054 14 16 0.07259333 
917 964 11 13 0.04543759 
131 847 22 25 0.04494339 
22 794 16 21 0.043530952 
697 47 131 128 0.041348606 
784 204 76 62 0.041266833 
117 850 17 22 0.038363148 
945 164 11 12 0.03768965 
103 930 26 29 0.037173275 
113 671 17 20 0.031352717 
765 1120 15 19 0.030440858 
48 821 19 22 0.029118879 
101 1079 17 19 0.026787696 
101 875 25 29 0.026730403 
919 1309 9 11 0.026446044 
152 1306 16 18 0.026442295 
351 1297 9 10 0.025475595 
852 37 92 144 0.025374766 
757 81 68 87 0.025368646 
903 1301 14 16 0.025355682 
76 791 24 27 0.02470142 
729 1319 10 14 0.022123782 
632 1273 25 31 0.02192361 
835 241 36 56 0.021822037 
828 1218 14 16 0.02157015 
161 876 16 21 0.02079377 
982 1317 11 13 0.020060033 
