35_Basketball_playingbasketball_35_794
32
512 135 30 39 0.9993893 
284 176 29 37 0.9987552 
749 88 44 58 0.9982576 
555 124 33 38 0.99787784 
99 158 28 36 0.9972144 
0 167 23 44 0.9961339 
834 141 31 40 0.99227 
424 175 21 27 0.9862985 
442 200 21 28 0.96392673 
324 163 19 23 0.9488136 
187 163 16 27 0.9411528 
242 180 19 31 0.92711735 
378 171 22 26 0.8956178 
266 147 17 26 0.8764326 
393 146 18 23 0.72386056 
385 195 22 32 0.7005872 
111 29 26 31 0.21970013 
601 175 22 25 0.1891401 
146 31 17 21 0.13806854 
158 183 22 25 0.12286444 
383 467 11 14 0.08963383 
137 15 27 34 0.0759749 
71 198 9 14 0.07199508 
112 25 41 50 0.064978875 
133 71 21 30 0.061238226 
507 212 29 36 0.056405213 
402 462 10 13 0.034050707 
128 74 12 19 0.0328817 
174 69 21 29 0.03068284 
335 465 13 17 0.028390406 
289 213 20 21 0.02694591 
142 37 18 22 0.021765612 
