35_Basketball_basketballgame_ball_35_393
186
857 282 15 21 0.9635817 
678 286 12 18 0.9612188 
416 300 13 17 0.9586895 
702 299 14 17 0.95776206 
0 327 10 15 0.9198376 
14 270 9 11 0.90215296 
23 328 10 13 0.899122 
82 333 9 12 0.8804959 
52 334 9 12 0.86973214 
109 332 9 12 0.83515537 
79 280 9 11 0.81262296 
714 290 11 15 0.7943707 
165 291 11 16 0.7547743 
125 313 9 12 0.73426646 
15 299 10 12 0.730574 
64 268 8 10 0.69579804 
50 253 8 11 0.68092316 
19 240 8 10 0.6789729 
93 316 9 11 0.65599245 
781 290 11 15 0.60745895 
46 282 9 12 0.60483325 
119 226 8 10 0.55576605 
13 283 10 11 0.51916075 
69 228 8 10 0.5010922 
95 228 8 10 0.49362642 
77 249 9 11 0.4881199 
110 237 8 10 0.46523786 
136 290 10 13 0.35024086 
132 329 9 13 0.33121347 
112 231 8 10 0.2968285 
663 291 10 15 0.29024255 
34 255 8 10 0.27291608 
65 301 8 11 0.15992658 
23 363 10 13 0.15990491 
799 283 10 14 0.14763267 
399 304 9 12 0.13994375 
43 279 9 13 0.1375904 
94 376 8 10 0.1323419 
13 277 10 12 0.1270886 
655 290 11 16 0.116262995 
159 350 9 11 0.1103055 
9 301 9 12 0.10892787 
40 351 8 11 0.1085165 
511 187 21 28 0.096165046 
78 239 8 10 0.08401826 
46 320 9 10 0.081480026 
784 310 18 26 0.08085823 
87 300 9 11 0.08078294 
126 241 8 10 0.07920307 
599 288 8 9 0.07674987 
62 349 8 11 0.075683765 
105 232 7 9 0.0742528 
91 229 7 10 0.07270963 
159 326 10 14 0.07258931 
40 299 10 13 0.07233348 
786 292 12 14 0.07088306 
605 272 8 10 0.06907573 
23 285 8 10 0.06889094 
562 281 8 9 0.06859426 
133 355 11 14 0.0666189 
593 288 7 10 0.066414304 
55 304 8 11 0.06570452 
150 326 11 13 0.06506115 
846 201 11 14 0.06497312 
85 360 9 11 0.064718686 
703 286 9 11 0.06377459 
153 380 9 11 0.06296658 
164 327 9 12 0.061177094 
0 358 7 11 0.06105553 
45 299 10 13 0.060851425 
576 272 7 9 0.06001886 
73 349 8 10 0.056954037 
585 294 7 9 0.056187317 
72 236 9 11 0.05562579 
40 356 8 11 0.055125725 
106 270 8 10 0.05389214 
94 343 8 10 0.052824553 
0 278 8 11 0.05272961 
165 348 8 11 0.051254265 
592 273 7 8 0.04867601 
37 259 9 12 0.04772105 
32 277 9 11 0.04680635 
592 309 8 10 0.04641272 
69 265 8 10 0.045800753 
437 336 10 13 0.044977378 
87 264 8 11 0.042438596 
64 367 7 8 0.042029385 
71 324 8 11 0.041801557 
97 324 9 12 0.041460145 
74 251 8 12 0.041100435 
111 255 8 11 0.040531654 
80 295 8 11 0.040431637 
10 280 9 11 0.04004371 
106 263 8 10 0.039968975 
57 309 8 11 0.03804428 
782 294 13 19 0.037763104 
578 277 7 9 0.037090875 
141 341 9 12 0.036902186 
57 237 7 9 0.03664559 
150 215 8 10 0.03621199 
39 272 9 11 0.03591107 
2 309 8 11 0.035570003 
77 376 8 10 0.035545312 
145 332 10 13 0.035319295 
56 294 8 10 0.0349623 
7 359 8 11 0.03468941 
41 328 8 11 0.03444952 
32 260 10 11 0.03444833 
122 244 8 10 0.033910252 
31 272 8 11 0.033518523 
80 366 8 9 0.033379413 
671 289 11 15 0.033376724 
0 350 8 11 0.03179827 
89 350 9 11 0.031796392 
782 278 13 17 0.03140767 
1 303 8 11 0.030946948 
592 293 7 8 0.030480362 
47 327 9 11 0.030436404 
77 380 9 11 0.030114777 
64 247 8 9 0.029976537 
21 243 8 11 0.029916693 
119 326 8 10 0.02925139 
63 375 8 10 0.028951498 
598 309 9 11 0.028849144 
84 329 9 12 0.028744701 
63 344 8 11 0.028226491 
790 287 11 14 0.028193135 
95 334 9 11 0.028070193 
81 302 9 11 0.028039588 
65 360 7 9 0.028039133 
175 349 10 14 0.028018506 
80 231 6 9 0.02738164 
586 310 8 10 0.0273757 
117 278 9 11 0.027332352 
112 279 9 10 0.027285911 
48 359 9 10 0.027273921 
569 285 7 9 0.027158068 
584 273 7 9 0.027041787 
118 334 8 11 0.026683573 
1 264 7 10 0.026569184 
575 285 7 10 0.026432084 
54 286 8 11 0.026183262 
80 338 9 12 0.025627833 
140 357 10 14 0.025488192 
32 343 9 10 0.025106514 
6 308 9 11 0.024828874 
685 386 12 14 0.024681639 
325 320 8 11 0.024613751 
72 368 7 9 0.02445541 
571 271 7 9 0.024223903 
0 271 7 10 0.02417611 
583 277 7 9 0.024109967 
121 343 8 11 0.024082283 
87 365 7 9 0.023848012 
84 279 9 12 0.023739086 
92 348 9 11 0.02354858 
90 269 7 10 0.023536548 
96 255 8 10 0.023533411 
9 256 8 9 0.023531035 
59 268 8 10 0.023517301 
61 309 8 11 0.023515005 
94 302 8 10 0.023379607 
22 269 10 12 0.023056263 
110 270 8 10 0.02301447 
39 346 7 9 0.022661548 
105 279 8 10 0.022427544 
429 352 11 13 0.02221166 
63 296 9 11 0.022190202 
658 81 228 356 0.022050723 
96 280 8 10 0.021839565 
394 303 9 12 0.021500502 
586 288 7 9 0.021402404 
796 313 14 21 0.02118484 
17 359 7 10 0.021153634 
158 319 11 12 0.021124931 
54 360 8 10 0.021021385 
71 358 8 10 0.020960614 
42 317 8 11 0.02085514 
44 352 8 10 0.020842409 
63 381 8 10 0.020659048 
53 249 8 10 0.020610051 
95 245 7 10 0.020567333 
184 263 8 11 0.020364625 
601 278 7 9 0.020081075 
593 278 7 9 0.020074723 
7 295 10 12 0.020065233 
