35_Basketball_basketballgame_ball_35_681
36
454 34 91 121 0.9985884 
939 464 15 19 0.20386833 
925 502 20 28 0.13464622 
697 366 47 68 0.113116525 
964 449 18 20 0.09610101 
72 270 31 39 0.0878834 
0 375 20 31 0.07886479 
113 214 29 35 0.061955903 
128 285 33 38 0.05949341 
43 326 35 42 0.053838614 
856 446 18 20 0.052906457 
706 407 51 69 0.051516633 
307 281 23 30 0.050127108 
655 479 25 32 0.04769827 
14 455 24 34 0.04238687 
243 429 22 26 0.041744016 
255 246 19 22 0.040277362 
212 251 24 32 0.03996118 
172 377 22 26 0.036822844 
736 426 39 50 0.034549218 
80 366 24 29 0.030654266 
139 388 22 29 0.030238189 
0 216 22 36 0.029488193 
994 505 14 23 0.026802868 
955 275 21 27 0.026061643 
210 394 17 22 0.02598872 
894 449 15 20 0.025770793 
172 411 23 27 0.025148926 
1 356 27 43 0.024731345 
717 367 30 45 0.024572246 
200 422 23 29 0.023647536 
886 574 14 19 0.02344707 
698 335 50 68 0.02142611 
85 408 20 28 0.021321027 
81 225 25 29 0.020551378 
993 304 19 22 0.020482756 
