35_Basketball_basketballgame_ball_35_858
57
567 238 70 86 0.9941882 
777 506 88 68 0.96894205 
404 469 13 18 0.21707319 
112 554 13 17 0.20883888 
178 512 14 19 0.17520508 
65 564 20 23 0.15637787 
261 566 13 17 0.15438181 
305 604 17 19 0.14300685 
121 632 15 20 0.118852824 
432 477 11 13 0.11781525 
307 566 13 17 0.10849615 
165 446 12 15 0.10751297 
253 423 10 12 0.10692929 
469 484 9 12 0.08769406 
180 635 15 19 0.08622661 
465 485 8 11 0.08077306 
258 445 13 16 0.07779441 
67 536 17 20 0.073675245 
8 643 18 23 0.06883596 
60 659 16 22 0.060896646 
343 514 15 18 0.057219703 
86 498 12 16 0.053940654 
376 454 10 13 0.052844733 
39 599 16 20 0.052736767 
35 62 114 126 0.05151975 
182 666 16 18 0.051395357 
191 467 12 15 0.047168724 
41 635 17 19 0.04492704 
174 554 14 20 0.040400527 
164 481 15 21 0.03928734 
34 438 13 15 0.03904423 
301 425 11 16 0.037592273 
295 426 10 14 0.036979288 
348 558 17 22 0.03595904 
389 618 14 17 0.035226014 
19 427 12 14 0.03364994 
290 469 16 21 0.033494797 
306 629 15 20 0.031155482 
114 674 14 14 0.02858043 
214 454 10 13 0.028531514 
267 569 11 17 0.028102217 
316 649 24 31 0.02776232 
1 436 8 12 0.026922783 
435 620 13 19 0.025664432 
321 664 17 20 0.025565602 
130 665 18 19 0.025503956 
302 605 24 32 0.025260124 
488 638 13 17 0.025252482 
379 469 14 18 0.023428213 
139 546 14 18 0.022780197 
76 492 14 18 0.022025632 
259 423 9 12 0.021397695 
6 43 182 217 0.020933142 
167 555 14 18 0.020903043 
401 527 17 19 0.020878904 
505 620 17 22 0.020592865 
487 498 12 15 0.02037735 
