35_Basketball_playingbasketball_35_876
179
463 100 82 124 0.99817514 
68 105 73 101 0.9925368 
206 527 23 28 0.9872155 
656 503 23 29 0.9837531 
801 504 22 29 0.9827221 
710 501 22 28 0.98260176 
262 528 24 32 0.98056304 
882 403 18 23 0.9797967 
929 450 18 23 0.9782708 
857 486 20 25 0.97734 
771 499 21 27 0.97100496 
965 343 18 23 0.9677932 
957 506 18 24 0.9665083 
954 314 17 21 0.9633483 
980 518 21 27 0.96287805 
889 319 17 23 0.9551348 
931 415 16 21 0.9547091 
818 449 17 21 0.95290136 
731 524 21 28 0.9521553 
923 490 16 22 0.95070636 
887 513 21 27 0.94839096 
963 447 16 21 0.93900746 
849 422 18 25 0.9300014 
866 447 18 24 0.92047256 
134 463 18 22 0.918186 
895 460 20 25 0.91648066 
815 256 15 19 0.90400493 
930 519 19 25 0.89117086 
104 476 17 22 0.8524369 
914 428 18 22 0.8237985 
1010 504 14 22 0.77599984 
88 465 18 25 0.7743477 
156 479 20 27 0.7396434 
994 380 16 20 0.736557 
992 431 17 22 0.7083584 
723 228 14 18 0.70522696 
723 180 14 19 0.69014883 
210 488 19 25 0.659562 
823 475 19 26 0.6491486 
952 400 17 21 0.6247687 
678 181 15 19 0.60744256 
1001 415 17 21 0.6055691 
864 265 14 18 0.5788341 
232 178 14 18 0.5503567 
328 149 14 19 0.53917783 
790 490 17 23 0.451667 
279 141 14 18 0.38606665 
766 182 15 17 0.38132378 
836 461 14 20 0.3693678 
811 288 15 18 0.3688919 
268 474 16 22 0.32603893 
886 496 23 27 0.32294872 
1002 552 15 21 0.31844452 
284 174 14 19 0.30084044 
943 219 18 23 0.29665285 
185 93 28 33 0.29418677 
242 78 14 20 0.2833969 
714 252 16 20 0.28202277 
841 314 17 20 0.27112174 
340 502 21 29 0.24869356 
332 69 15 19 0.2391057 
908 267 14 18 0.23267826 
285 81 16 21 0.23138918 
812 313 18 22 0.20099662 
1007 339 16 19 0.19117163 
942 340 16 22 0.16123548 
980 460 18 22 0.15471733 
256 202 13 18 0.14654231 
323 94 17 22 0.13755001 
955 196 14 19 0.1320205 
630 183 16 21 0.12654693 
998 178 13 17 0.118852265 
948 450 13 18 0.11298518 
980 218 13 17 0.10672562 
730 318 14 18 0.09384708 
777 492 21 26 0.078224055 
1010 481 13 22 0.07585228 
806 476 17 21 0.07525474 
768 244 14 18 0.07471715 
171 480 14 22 0.07465349 
933 247 16 21 0.07388028 
774 204 15 18 0.072754286 
954 148 15 21 0.071112126 
843 344 18 22 0.06849507 
586 178 13 16 0.062899165 
235 226 14 17 0.06241026 
931 225 14 19 0.06166339 
189 156 14 19 0.059242748 
941 212 16 20 0.05838397 
306 544 19 23 0.055544563 
796 455 16 20 0.054125924 
629 247 342 528 0.05251285 
305 578 16 24 0.051469486 
834 283 16 22 0.050345313 
201 448 17 20 0.050148543 
663 258 14 17 0.047915973 
683 432 52 47 0.047913317 
771 315 16 22 0.047210187 
93 472 21 27 0.04704317 
953 431 16 18 0.046997596 
27 454 20 27 0.046241984 
1010 417 14 18 0.046034027 
682 227 17 22 0.045097157 
877 346 17 21 0.04412494 
284 488 19 24 0.043676402 
934 180 14 18 0.043582268 
110 509 20 27 0.042972866 
868 295 17 22 0.042912442 
359 527 12 15 0.042636935 
150 482 17 23 0.042438254 
288 478 21 27 0.04242246 
789 284 14 20 0.042264543 
719 281 13 18 0.042261332 
31 447 22 26 0.03957412 
1006 356 16 21 0.039286103 
836 308 17 23 0.03893919 
177 479 16 23 0.036973193 
742 302 14 17 0.03695978 
561 357 20 30 0.03558401 
728 224 16 21 0.034606643 
172 581 17 25 0.03404774 
940 191 16 21 0.032893673 
828 468 17 22 0.032712456 
208 475 22 28 0.03243876 
312 552 17 21 0.031943265 
965 176 15 19 0.031406384 
828 455 17 24 0.031345554 
804 453 13 18 0.031147378 
293 468 24 29 0.030658038 
50 459 17 24 0.030576792 
974 489 16 22 0.029675014 
780 228 17 20 0.029234266 
789 452 17 22 0.02883153 
946 194 21 26 0.02858598 
218 135 17 22 0.02846936 
846 362 16 20 0.028106265 
1009 558 16 23 0.028100172 
984 264 23 28 0.02756824 
100 506 21 28 0.027288387 
765 204 12 17 0.026920684 
973 196 14 19 0.026568668 
360 554 13 16 0.026439535 
1013 304 11 21 0.025974892 
758 186 12 16 0.02582838 
109 542 25 29 0.02539151 
171 182 24 30 0.024575315 
303 531 22 28 0.02453229 
767 313 13 20 0.024258653 
185 8 21 24 0.02424105 
782 181 14 19 0.024115955 
885 241 17 20 0.023933144 
728 212 14 17 0.023912093 
997 203 15 19 0.023803612 
869 224 14 20 0.02376291 
974 464 14 18 0.023731891 
749 273 14 19 0.023605382 
276 566 14 20 0.02324655 
323 559 19 27 0.02241866 
196 85 28 34 0.022367112 
222 487 19 29 0.022264596 
181 94 19 27 0.022183442 
723 188 16 21 0.022104917 
140 482 15 20 0.0220339 
866 314 18 22 0.021974321 
231 463 14 18 0.021953098 
925 160 18 21 0.021896051 
21 460 17 27 0.021869086 
740 251 13 17 0.021818457 
722 254 16 21 0.021351853 
291 464 18 23 0.021326171 
272 481 22 29 0.02119142 
206 239 18 21 0.020997286 
284 567 17 22 0.020949623 
601 706 41 47 0.020851275 
381 563 15 21 0.020684196 
773 278 15 19 0.02061864 
850 340 15 21 0.020550204 
202 469 22 25 0.020445976 
39 496 21 26 0.020322545 
