35_Basketball_Basketball_35_754
29
500 108 19 23 0.9729848 
626 14 14 18 0.92889845 
484 18 15 17 0.9048228 
925 294 12 17 0.8247521 
589 432 22 26 0.42629263 
465 29 8 11 0.27158797 
930 298 15 19 0.23588407 
228 224 16 18 0.14885777 
684 352 14 17 0.12923293 
694 348 9 15 0.11022768 
389 125 12 15 0.10129155 
613 89 22 28 0.08533657 
669 345 12 18 0.07174373 
629 7 11 14 0.062933564 
675 350 17 19 0.04929253 
661 395 15 22 0.04861961 
177 328 18 20 0.047923546 
663 341 13 19 0.04502949 
165 341 11 16 0.04243963 
190 332 14 19 0.03488784 
210 255 18 22 0.03466427 
178 338 16 18 0.02604243 
966 300 10 14 0.025391534 
181 376 16 18 0.024194103 
229 229 22 24 0.02333855 
394 125 13 16 0.023235198 
580 133 28 32 0.021899799 
603 449 15 20 0.020872803 
592 446 21 23 0.020841232 
