35_Basketball_basketballgame_ball_35_254
23
624 323 93 75 0.9550459 
15 154 69 90 0.93755066 
316 259 56 76 0.8207213 
322 98 92 117 0.6400378 
17 51 84 114 0.48054785 
202 130 94 125 0.42423108 
249 0 101 95 0.07045131 
307 286 55 82 0.062012002 
324 245 43 59 0.05734916 
70 149 55 86 0.049439494 
596 283 86 100 0.036460966 
386 3 74 76 0.036099456 
236 112 105 129 0.032292865 
38 68 102 126 0.03159828 
443 74 61 81 0.02771939 
133 418 29 35 0.02685833 
114 6 72 78 0.026661167 
520 1 61 64 0.02630315 
77 279 66 80 0.02516506 
39 125 75 115 0.02446382 
7 411 29 51 0.022229185 
461 99 67 87 0.021547038 
120 413 49 75 0.020354498 
