35_Basketball_basketballgame_ball_35_478
478
129 415 69 94 0.9992531 
721 318 9 13 0.7578256 
399 391 8 11 0.72432464 
492 165 10 13 0.4923478 
620 110 9 12 0.41926894 
405 160 8 11 0.40062314 
473 167 9 12 0.36896145 
341 245 8 11 0.3665673 
814 340 9 13 0.33430237 
309 274 17 19 0.32850862 
405 259 9 12 0.28212112 
463 151 8 12 0.2708943 
735 167 9 12 0.25099197 
430 148 9 11 0.24787615 
272 148 9 10 0.2441166 
494 144 8 11 0.23631766 
82 92 9 11 0.23277776 
611 180 10 12 0.2258286 
442 158 8 10 0.22308454 
480 151 8 10 0.17045069 
329 183 8 10 0.16951518 
343 149 7 10 0.15651573 
682 207 9 12 0.1529429 
698 168 8 11 0.14704831 
599 161 9 10 0.14262964 
223 164 10 13 0.1358587 
320 152 8 10 0.13546556 
807 336 11 13 0.13500552 
327 275 12 16 0.1328932 
497 105 10 12 0.13055313 
313 156 9 11 0.1301809 
289 150 8 9 0.12959856 
623 192 8 11 0.12214152 
286 174 8 9 0.120006114 
353 196 9 11 0.11755069 
719 169 9 11 0.11538539 
193 109 7 9 0.11454694 
770 37 8 10 0.11322429 
321 112 8 9 0.112920485 
442 153 7 9 0.11188213 
730 153 7 10 0.11104665 
637 164 9 12 0.11046042 
362 166 8 11 0.106308535 
625 72 8 10 0.10519079 
632 85 8 11 0.10427316 
611 70 7 10 0.099800915 
656 135 8 11 0.09762114 
309 274 26 31 0.093574814 
333 456 9 12 0.0928625 
314 120 8 10 0.09176453 
392 159 7 10 0.09081997 
498 68 8 10 0.0892039 
722 56 7 9 0.088189125 
385 160 8 10 0.08549947 
554 167 8 10 0.08453334 
512 89 8 10 0.08419009 
660 157 11 15 0.08287005 
223 172 9 11 0.082766265 
625 159 8 10 0.082095414 
432 173 8 11 0.08067794 
871 104 7 10 0.08052472 
271 87 8 9 0.07767482 
322 198 8 10 0.07624998 
339 150 7 9 0.07576627 
326 199 8 10 0.07463566 
318 119 7 9 0.073589176 
637 52 8 10 0.0730495 
777 197 8 10 0.07291452 
576 103 8 11 0.07233237 
631 163 10 13 0.07225269 
305 166 8 10 0.071457095 
360 46 8 11 0.0710247 
464 112 8 9 0.07065754 
801 190 9 10 0.06819248 
744 159 7 10 0.067675404 
325 149 8 10 0.06712774 
378 151 8 9 0.06570857 
745 198 7 9 0.06562635 
861 276 9 12 0.06538003 
623 77 9 11 0.06536024 
528 108 10 12 0.06491476 
425 173 7 10 0.06413624 
657 140 8 11 0.06291716 
288 112 8 9 0.060896814 
448 125 7 9 0.06068783 
368 191 8 10 0.060140803 
696 172 7 10 0.05979723 
384 164 8 10 0.059043795 
629 143 9 11 0.05857809 
440 197 8 10 0.058522873 
690 174 7 9 0.058359936 
382 151 8 9 0.057749253 
393 176 9 11 0.057555016 
314 85 7 10 0.056883927 
272 188 8 11 0.056591474 
344 176 8 11 0.056324076 
938 298 13 15 0.055807665 
416 124 8 11 0.055807326 
639 79 7 10 0.054517325 
459 158 8 10 0.05396446 
297 39 6 8 0.05350799 
329 176 8 9 0.053387206 
714 72 8 10 0.052877992 
488 149 9 11 0.052743442 
717 342 12 15 0.052689016 
440 165 8 10 0.05240136 
377 164 8 10 0.052156337 
518 158 8 10 0.05189694 
671 173 7 11 0.051709324 
270 184 8 10 0.051358204 
445 151 8 10 0.05097128 
240 165 10 12 0.05052821 
782 176 7 9 0.05031061 
221 197 9 12 0.05017632 
446 53 8 9 0.050093643 
337 71 8 12 0.050059766 
337 111 8 11 0.04991867 
376 160 8 10 0.04943803 
479 129 8 10 0.049296398 
216 197 9 12 0.04922854 
402 163 8 11 0.04893829 
807 212 8 10 0.048642356 
393 153 7 9 0.04781412 
470 54 7 10 0.047681738 
352 142 8 10 0.046842296 
439 102 7 9 0.04630452 
529 148 8 11 0.04619993 
271 102 7 10 0.04618037 
366 151 7 9 0.045842394 
687 152 8 10 0.045455195 
266 176 8 10 0.045072973 
279 70 9 11 0.044979274 
661 204 11 12 0.04479487 
738 80 9 11 0.044749554 
334 161 8 9 0.04459084 
321 192 7 10 0.044410776 
550 24 7 9 0.044187132 
449 121 7 9 0.043615237 
616 191 9 12 0.0435064 
630 197 8 11 0.043255392 
799 88 8 10 0.043236215 
392 165 7 10 0.043127235 
545 53 8 10 0.04308003 
464 145 8 10 0.042868637 
663 151 9 11 0.042769127 
343 181 9 10 0.042536624 
258 111 8 10 0.042413108 
353 182 8 10 0.042245835 
283 175 8 10 0.042144146 
366 25 8 9 0.041468848 
561 159 8 10 0.041448403 
358 192 9 11 0.041402165 
415 152 7 9 0.041239955 
759 193 8 9 0.041015904 
625 164 9 12 0.040436726 
162 63 8 9 0.040190883 
498 32 8 10 0.039915945 
477 171 9 11 0.03985102 
723 321 11 15 0.03968687 
409 143 8 10 0.039679833 
417 174 7 10 0.03949762 
244 167 10 12 0.039428737 
406 206 9 11 0.03913348 
311 81 8 10 0.039018653 
778 175 7 10 0.038706575 
334 183 8 11 0.038677063 
280 37 9 10 0.038495146 
800 227 11 14 0.038485352 
781 197 8 10 0.038258567 
351 152 8 9 0.03823038 
791 207 8 9 0.038149603 
440 175 9 12 0.03804298 
333 167 8 10 0.037970085 
103 188 11 14 0.037822854 
841 150 8 10 0.037720557 
512 39 8 10 0.037427012 
590 104 9 11 0.03730825 
362 41 7 9 0.037280295 
712 152 8 10 0.037259314 
175 125 8 10 0.03717373 
119 141 7 10 0.037166994 
408 135 7 10 0.037103143 
365 76 9 12 0.037058342 
330 168 7 10 0.036967468 
446 175 8 11 0.036873065 
442 136 7 10 0.036830958 
375 40 8 11 0.036670744 
418 111 8 9 0.036601197 
592 110 8 10 0.036599122 
422 111 8 9 0.03658865 
734 112 7 10 0.036553755 
574 109 9 10 0.036530085 
446 182 9 12 0.036477473 
648 102 8 10 0.036424987 
341 251 12 15 0.036297288 
626 151 8 11 0.036278293 
656 197 8 10 0.03625956 
289 145 7 10 0.036258943 
616 197 9 11 0.036156673 
327 145 7 10 0.036155775 
879 45 8 9 0.035962436 
238 144 9 10 0.03579729 
294 72 8 10 0.035713267 
479 156 8 11 0.035444017 
233 151 9 11 0.035415277 
656 128 8 10 0.035377942 
661 144 8 10 0.035171907 
264 189 8 11 0.035030127 
422 88 8 9 0.034966234 
189 64 8 10 0.03494884 
362 160 7 9 0.034748558 
310 269 40 52 0.034745805 
262 111 8 10 0.034562122 
362 152 7 9 0.03434112 
745 97 7 9 0.034322813 
332 258 11 14 0.03422673 
879 132 8 10 0.034198716 
566 159 8 11 0.03418861 
801 185 7 10 0.034107026 
465 176 8 11 0.034013774 
497 37 8 10 0.03398026 
336 175 7 10 0.033873454 
422 197 9 11 0.033822738 
352 176 8 10 0.03382096 
138 249 14 18 0.033791073 
271 166 10 12 0.033761363 
264 128 7 10 0.033751544 
629 149 9 11 0.03357112 
281 113 8 9 0.033362795 
353 137 8 9 0.033205353 
758 124 9 11 0.03303828 
738 159 8 10 0.03290238 
694 182 8 10 0.032767925 
281 118 8 9 0.03235337 
381 259 10 13 0.03227644 
810 159 7 10 0.03216073 
624 128 8 10 0.032149635 
358 182 9 10 0.03213689 
449 112 7 9 0.032032803 
359 173 8 11 0.031913202 
328 254 12 14 0.03184082 
662 120 9 11 0.031803206 
278 213 9 12 0.031625118 
367 161 7 9 0.031612944 
121 207 9 10 0.03157599 
471 149 8 11 0.03145734 
105 223 8 10 0.0313833 
152 198 9 10 0.03124535 
273 213 8 12 0.03111572 
602 85 8 10 0.031043388 
528 69 8 10 0.030918151 
722 341 11 14 0.030878948 
893 181 8 11 0.030837568 
526 48 8 9 0.030699348 
431 47 8 11 0.030646976 
642 73 8 10 0.030634284 
321 145 7 9 0.030630454 
590 184 8 10 0.030421738 
734 152 7 10 0.030400885 
303 142 8 11 0.030341879 
616 24 7 9 0.030256908 
338 145 7 9 0.030237678 
441 97 7 9 0.030078439 
336 135 7 9 0.029999504 
280 128 8 11 0.029920515 
472 160 8 10 0.029843826 
266 183 8 10 0.029830392 
743 37 8 10 0.029739179 
458 150 8 11 0.02959901 
352 158 7 9 0.029540293 
487 37 7 10 0.029497707 
701 171 9 11 0.0294738 
418 104 8 9 0.02943682 
144 213 8 11 0.029381989 
753 193 8 10 0.029375277 
457 97 8 9 0.029262777 
497 88 7 10 0.029230408 
336 39 7 9 0.029202983 
559 53 8 10 0.029057268 
624 174 9 11 0.029051399 
228 172 9 12 0.028901096 
648 96 8 11 0.028879583 
801 143 8 10 0.028826233 
463 126 7 10 0.028804498 
650 198 7 10 0.028783517 
312 192 7 10 0.028742999 
320 174 8 10 0.028158287 
409 152 8 9 0.028090674 
656 120 8 10 0.028036783 
328 129 8 9 0.02788776 
729 173 7 9 0.027747292 
843 197 11 13 0.02770748 
794 185 7 9 0.027696665 
66 155 12 13 0.027567996 
435 103 7 9 0.027466297 
544 110 9 11 0.027401704 
232 156 10 13 0.027396798 
778 181 8 10 0.027293764 
396 180 10 13 0.027283272 
99 94 7 10 0.027093574 
949 262 15 20 0.02704564 
489 161 9 11 0.026998792 
688 157 7 10 0.026919391 
571 110 7 10 0.026892245 
489 136 7 9 0.026863715 
737 137 7 9 0.026826737 
819 341 10 15 0.026791168 
805 244 13 16 0.026708622 
208 105 7 9 0.026671657 
288 117 7 10 0.026589338 
236 157 11 14 0.026540587 
161 104 6 9 0.026452541 
554 173 9 12 0.026336858 
177 109 7 9 0.026314955 
289 57 7 9 0.026284631 
247 171 9 12 0.026200203 
376 191 8 11 0.026195742 
167 208 7 9 0.02618332 
73 208 10 12 0.02613106 
304 110 8 9 0.026110025 
803 213 7 10 0.026088793 
558 174 9 11 0.025920395 
715 172 8 11 0.025918547 
786 152 7 8 0.025913721 
888 79 9 11 0.025775962 
681 191 7 9 0.025728628 
415 158 7 9 0.025713198 
176 45 8 10 0.02562046 
332 199 9 10 0.025619313 
892 211 14 17 0.025599448 
85 90 8 10 0.02556424 
769 198 6 9 0.02547096 
441 181 9 12 0.025444532 
760 198 8 9 0.025439907 
648 173 8 10 0.025319837 
552 84 9 11 0.025314728 
767 142 8 10 0.025258692 
305 198 7 9 0.025120107 
277 145 9 11 0.02510359 
662 125 8 12 0.025036829 
617 77 8 11 0.024976633 
309 166 7 9 0.024936775 
681 199 7 10 0.024889292 
450 86 8 9 0.024758317 
176 62 7 10 0.024755819 
551 151 8 10 0.024626097 
665 171 9 12 0.024591953 
258 189 8 11 0.024589552 
485 79 8 11 0.024544809 
336 115 8 11 0.024474304 
307 38 7 9 0.024349181 
445 199 9 12 0.024303459 
769 174 8 9 0.024242973 
197 183 10 12 0.024027783 
599 191 8 9 0.0238397 
696 151 8 10 0.023818592 
412 277 15 21 0.0237878 
471 144 8 10 0.02377744 
554 183 7 9 0.02363152 
630 135 9 11 0.023544347 
649 119 7 10 0.023502322 
752 151 7 8 0.023485105 
819 363 12 14 0.02347621 
774 212 8 10 0.023464242 
806 190 7 10 0.02346113 
294 121 8 10 0.023389742 
489 119 8 10 0.02337747 
653 102 9 11 0.02336058 
227 163 11 15 0.023302406 
456 205 7 10 0.023231016 
382 192 9 12 0.023195835 
698 343 10 13 0.023183687 
681 23 8 10 0.02311574 
297 173 8 10 0.02306974 
741 165 8 11 0.023058511 
425 207 8 11 0.023047592 
203 63 8 10 0.02303542 
368 145 8 9 0.023003846 
616 128 8 10 0.022891825 
624 134 9 10 0.022869926 
323 38 7 9 0.022869667 
561 152 8 10 0.022829607 
593 190 7 10 0.022751883 
289 156 7 11 0.022725243 
313 142 7 10 0.022704475 
670 167 8 11 0.022687959 
728 127 7 9 0.022662984 
380 216 10 12 0.022653237 
630 91 9 12 0.022644762 
744 154 7 9 0.022527283 
635 111 8 11 0.022504758 
552 159 8 10 0.022503212 
528 93 7 9 0.022475539 
305 162 7 9 0.022472939 
482 38 7 9 0.022457331 
430 52 8 11 0.022456376 
427 144 9 11 0.022436505 
615 38 8 10 0.022358986 
789 241 9 11 0.02231826 
771 209 7 9 0.022310877 
750 160 7 10 0.022290722 
813 110 9 10 0.022269262 
168 106 7 9 0.02226509 
655 78 8 11 0.022254175 
695 63 8 10 0.022162838 
584 102 8 11 0.022155708 
737 52 8 10 0.022154748 
288 105 8 10 0.022089865 
895 199 8 10 0.022062935 
338 207 7 10 0.021986196 
267 103 7 10 0.0219664 
586 182 7 10 0.021960389 
722 60 7 10 0.021953098 
807 345 12 15 0.021932036 
759 184 8 9 0.021888949 
217 173 8 11 0.021882372 
608 111 7 9 0.021829903 
331 268 12 17 0.021805594 
578 24 7 9 0.021788727 
815 158 7 10 0.021771908 
474 134 8 10 0.02174165 
240 184 9 11 0.021736244 
454 85 7 10 0.021718603 
457 47 7 10 0.021714088 
332 280 11 16 0.02167747 
559 180 8 11 0.021655666 
737 199 8 10 0.021645077 
769 169 8 10 0.021615127 
271 155 11 15 0.02160558 
322 70 8 10 0.021546135 
414 144 8 9 0.021537745 
448 144 9 11 0.021491036 
720 78 7 10 0.021448301 
657 151 7 10 0.02141136 
761 49 7 9 0.021381928 
726 207 9 11 0.021292126 
109 125 8 10 0.02126247 
305 193 8 10 0.02122535 
721 143 7 9 0.021136057 
218 165 9 13 0.021085177 
310 288 13 16 0.020979388 
322 184 7 9 0.02093151 
296 143 7 9 0.020912705 
456 70 7 9 0.020908713 
481 118 8 10 0.020818472 
895 177 7 9 0.02076536 
839 144 9 11 0.020744853 
185 125 7 10 0.020743776 
326 189 8 10 0.020740736 
751 196 8 10 0.020709079 
76 210 11 13 0.020703075 
400 191 9 12 0.020632925 
321 170 8 9 0.020608177 
669 158 9 12 0.02058235 
270 95 8 10 0.020558912 
105 125 8 10 0.020552011 
730 168 7 11 0.020523421 
289 89 7 9 0.020520955 
199 95 8 10 0.020508127 
745 102 7 9 0.020504931 
287 24 8 9 0.020488907 
646 206 9 11 0.020429283 
256 151 8 10 0.020415349 
868 181 10 13 0.020395687 
576 182 8 10 0.020391382 
648 77 7 10 0.020363959 
331 160 7 9 0.020340737 
809 152 7 9 0.020332914 
292 151 8 10 0.020317161 
417 191 9 12 0.020267632 
761 154 7 9 0.02020477 
249 136 8 10 0.020178724 
618 165 8 11 0.020170834 
129 120 7 10 0.020163791 
502 25 8 9 0.020144312 
704 333 9 12 0.020083308 
817 182 7 10 0.020075474 
512 98 9 12 0.020041835 
