35_Basketball_basketballgame_ball_35_565
894
785 469 26 38 0.99735415 
867 431 22 29 0.991458 
540 326 12 15 0.98906636 
687 309 12 16 0.9876617 
533 447 17 24 0.9873417 
869 217 13 18 0.986429 
702 387 21 28 0.9841426 
899 290 15 22 0.9833672 
939 234 14 18 0.9819487 
516 433 15 21 0.98152965 
578 424 17 23 0.9813565 
801 426 21 29 0.9800187 
910 234 12 15 0.97591704 
708 313 13 17 0.9752585 
798 333 16 21 0.9727411 
223 449 14 20 0.9725362 
829 227 11 15 0.9693363 
803 258 12 17 0.9671301 
780 384 22 26 0.9643091 
613 342 14 19 0.9639954 
914 252 13 17 0.9620111 
964 283 17 22 0.9594129 
882 354 20 27 0.95528287 
551 434 14 20 0.9497321 
721 290 12 15 0.94660383 
316 423 13 16 0.94391483 
568 310 10 15 0.9437095 
173 457 13 16 0.93859935 
659 307 13 16 0.93455553 
858 252 13 16 0.9345271 
136 451 14 17 0.93255323 
793 315 15 20 0.93132716 
731 309 14 19 0.930384 
471 379 12 15 0.92527837 
648 348 12 16 0.9238674 
591 473 19 26 0.9186127 
443 371 11 14 0.91761523 
763 251 11 14 0.9167483 
403 415 12 15 0.9159463 
840 277 13 16 0.91022736 
955 244 14 20 0.9069481 
816 277 16 21 0.90347576 
848 179 9 13 0.90278655 
667 369 18 25 0.894281 
443 415 12 16 0.8912636 
875 463 24 34 0.8899896 
978 266 14 18 0.88896894 
632 269 11 14 0.8832141 
256 456 19 23 0.8728174 
383 410 13 17 0.8653148 
646 326 11 14 0.8614183 
950 354 20 27 0.8589816 
424 451 13 16 0.8404375 
870 475 26 33 0.83218515 
828 384 17 24 0.8298045 
785 186 10 13 0.80348814 
377 344 9 12 0.7951112 
672 261 12 14 0.78449535 
500 369 12 15 0.77198523 
605 429 15 22 0.7714795 
916 162 11 16 0.76333165 
879 173 10 12 0.7595633 
118 389 9 13 0.75308615 
879 238 11 14 0.7512136 
332 374 10 12 0.75044435 
418 339 10 12 0.7101096 
926 388 20 26 0.7089586 
278 459 13 21 0.70657766 
704 249 10 13 0.7030034 
196 430 10 12 0.6990289 
662 256 9 12 0.68785965 
639 225 8 10 0.68328387 
464 343 10 13 0.68215674 
514 356 13 16 0.65750057 
670 327 11 15 0.654672 
114 424 10 13 0.6358016 
1008 196 11 14 0.6338959 
454 390 11 13 0.6314076 
159 392 8 10 0.6265611 
787 231 11 14 0.62607354 
707 481 22 26 0.61913145 
889 250 12 15 0.61845595 
401 342 8 11 0.613846 
338 359 9 13 0.6050366 
616 300 11 14 0.60402507 
491 399 11 15 0.6020676 
196 456 12 17 0.59047586 
520 336 10 13 0.58220255 
777 263 13 16 0.57387894 
204 412 9 12 0.5708198 
976 145 12 15 0.5682679 
382 391 12 15 0.5607978 
436 342 9 12 0.53797704 
817 212 11 15 0.51939183 
240 398 9 12 0.5028732 
549 279 9 12 0.49388397 
660 290 13 17 0.48307663 
406 386 11 15 0.48062584 
128 428 11 16 0.46564084 
388 396 11 14 0.4525877 
501 426 13 15 0.45205092 
72 404 10 14 0.45201346 
13 390 8 10 0.4412363 
458 311 8 11 0.42477012 
351 352 8 10 0.4244028 
492 355 10 14 0.41669393 
549 369 11 15 0.3965728 
356 409 10 16 0.39655352 
293 368 9 11 0.39383388 
664 222 9 10 0.38582945 
528 293 8 11 0.3487278 
426 311 8 10 0.34788042 
870 512 23 27 0.34598723 
182 368 8 10 0.34593153 
321 334 8 10 0.34196126 
577 244 8 11 0.33694184 
682 253 9 13 0.33598912 
500 296 9 11 0.33359343 
716 249 10 15 0.33244547 
318 366 8 10 0.3320948 
831 255 12 15 0.33161032 
1002 142 14 16 0.33043095 
392 484 11 15 0.32783887 
742 214 9 11 0.32332903 
286 343 8 10 0.31863227 
382 342 9 12 0.31625873 
726 228 11 14 0.29805344 
510 309 8 10 0.2933522 
15 415 8 10 0.2932331 
310 449 16 20 0.28869757 
702 209 8 11 0.28795937 
485 365 11 13 0.28599733 
975 193 14 17 0.28094795 
615 282 10 13 0.27577484 
614 317 11 14 0.27350658 
546 284 9 11 0.27295423 
434 303 7 9 0.27050716 
201 381 9 10 0.2704214 
992 198 11 14 0.2694776 
950 294 14 18 0.26901856 
362 333 8 10 0.26602012 
314 350 7 10 0.25872046 
352 321 7 10 0.25783795 
113 390 9 12 0.25536656 
399 337 9 11 0.24564725 
506 286 7 10 0.2438997 
294 398 11 14 0.24340999 
581 263 9 11 0.2424056 
175 389 8 10 0.23663646 
415 313 7 9 0.22561477 
39 436 8 10 0.22429705 
710 247 11 15 0.2221328 
106 390 8 12 0.22104049 
246 384 9 11 0.21795751 
495 261 7 9 0.21773113 
200 375 9 11 0.21732102 
760 465 18 22 0.21688867 
377 325 8 9 0.21193157 
566 295 10 13 0.21096724 
185 389 8 10 0.20953703 
400 387 11 14 0.20952815 
305 368 8 11 0.20875667 
749 285 10 12 0.20616484 
102 443 12 16 0.20396157 
863 411 15 18 0.20396022 
709 300 11 15 0.20308474 
426 319 8 11 0.20269473 
536 288 8 11 0.201508 
617 230 9 12 0.20089397 
361 372 10 13 0.20001213 
454 294 7 9 0.19688801 
754 300 12 14 0.19395497 
671 228 8 11 0.19275458 
424 324 9 11 0.18982083 
58 423 9 12 0.1894794 
566 340 11 14 0.18765563 
349 373 10 14 0.1876489 
850 436 15 22 0.18739636 
76 403 10 13 0.18676434 
390 309 7 9 0.18552998 
481 297 8 9 0.18539229 
593 341 12 15 0.18245478 
277 375 9 11 0.17984274 
799 291 14 17 0.17885396 
751 189 9 12 0.17543782 
246 342 8 10 0.17509432 
566 348 12 15 0.17349643 
191 413 8 10 0.17266051 
256 367 8 11 0.17174627 
669 223 9 11 0.1711281 
359 357 8 10 0.17074642 
449 325 8 10 0.16837834 
469 448 15 19 0.16684695 
14 421 8 9 0.16353038 
69 410 9 12 0.16282307 
702 353 16 19 0.16035493 
686 233 9 11 0.16035028 
671 298 11 15 0.15926397 
972 316 13 17 0.15925132 
66 412 8 11 0.15915905 
788 215 11 14 0.15835947 
319 361 8 10 0.15761468 
255 373 8 10 0.15552087 
399 347 10 12 0.1550387 
429 309 8 10 0.15404788 
832 212 11 15 0.15153714 
687 356 11 15 0.14730337 
389 453 12 16 0.14715323 
229 376 8 10 0.14695187 
956 289 16 21 0.14639866 
620 280 9 12 0.14608854 
449 290 8 9 0.14392574 
678 247 8 11 0.13966928 
0 419 8 11 0.13642523 
410 313 8 10 0.13536704 
498 299 9 11 0.13451345 
132 433 12 15 0.13172197 
373 309 8 9 0.13137701 
329 328 7 10 0.13132843 
54 401 8 10 0.13077022 
239 364 8 10 0.12998316 
524 316 10 12 0.12994823 
393 336 8 10 0.1286715 
724 278 12 13 0.12832999 
135 390 8 10 0.12791511 
127 391 8 10 0.1278104 
530 254 9 11 0.12766078 
497 365 11 16 0.1244279 
362 329 8 9 0.1239838 
272 367 9 11 0.12391719 
485 296 8 10 0.12282743 
607 259 10 13 0.12213133 
407 372 11 13 0.12205741 
494 236 8 10 0.120497644 
53 405 8 10 0.11943361 
316 452 15 21 0.119159 
205 381 9 10 0.11863415 
245 429 12 14 0.11836659 
408 290 7 9 0.1180474 
354 357 8 10 0.11770959 
589 232 9 11 0.11616785 
50 405 8 10 0.116121925 
329 464 16 19 0.115167715 
481 422 12 15 0.114200026 
621 231 9 11 0.11348525 
632 305 11 15 0.11041711 
495 285 8 10 0.10944654 
948 329 14 22 0.10933407 
254 343 8 10 0.10927344 
505 310 9 11 0.10907118 
601 221 9 12 0.10904926 
1012 283 11 20 0.109012686 
673 245 9 11 0.10891172 
658 238 8 11 0.10854036 
689 276 10 13 0.10799905 
463 318 9 11 0.10724071 
614 307 13 16 0.107099295 
386 278 8 10 0.10655347 
681 216 9 11 0.10627982 
89 390 9 10 0.105776034 
859 270 12 15 0.105310455 
521 285 8 11 0.1044287 
473 303 8 10 0.103983425 
583 268 9 11 0.10394033 
417 295 8 10 0.10305452 
880 260 12 15 0.102853425 
410 381 14 17 0.10260979 
511 282 8 10 0.10256808 
312 367 8 11 0.102315396 
783 219 11 15 0.102181345 
304 337 7 9 0.100980975 
472 310 8 11 0.100602716 
496 339 11 14 0.10057896 
281 351 8 10 0.100351505 
326 459 14 19 0.10017742 
751 293 11 14 0.09813869 
534 292 8 11 0.09808307 
584 237 9 11 0.097416915 
346 327 8 10 0.097039536 
269 462 14 20 0.09659535 
256 360 9 11 0.0965353 
334 327 7 9 0.09585717 
325 332 8 10 0.09573067 
250 374 8 10 0.095150925 
466 263 7 9 0.09501351 
918 281 13 19 0.09285119 
214 352 8 10 0.09246748 
376 336 9 11 0.091959015 
346 350 7 10 0.0915382 
190 390 9 11 0.09134276 
589 301 10 12 0.09121548 
101 475 9 12 0.091209784 
390 341 8 11 0.09108018 
240 392 9 12 0.0910075 
286 350 8 10 0.09069539 
632 240 8 11 0.090365976 
519 281 8 10 0.08982673 
437 302 8 9 0.08945536 
945 235 14 19 0.0894251 
246 461 11 15 0.0893222 
752 280 9 13 0.089319445 
509 284 8 11 0.088951044 
512 255 8 9 0.088676 
798 393 15 23 0.0881757 
750 184 9 12 0.08751882 
700 290 12 14 0.08737897 
472 287 8 9 0.087345466 
558 340 11 13 0.087210596 
573 223 9 11 0.086544216 
544 248 8 10 0.086307265 
214 381 8 10 0.08581029 
317 350 7 9 0.08518142 
664 217 8 11 0.085076846 
482 367 10 12 0.08391287 
854 196 13 15 0.08356806 
141 476 11 15 0.08354959 
265 382 8 10 0.082695246 
567 300 11 15 0.082508504 
504 256 8 10 0.082398996 
144 392 8 10 0.08228184 
757 277 10 13 0.082168356 
640 254 9 11 0.08146387 
388 405 12 16 0.08091681 
494 327 10 13 0.08081366 
980 332 14 18 0.08077097 
352 310 7 8 0.080484614 
350 366 9 13 0.079445586 
101 451 12 16 0.079385094 
241 348 8 11 0.07891037 
523 437 15 20 0.07847225 
364 368 10 12 0.078417696 
418 303 8 9 0.07837045 
536 309 8 11 0.07807751 
681 232 8 11 0.07807557 
495 332 11 14 0.07786683 
297 336 7 9 0.077617094 
448 356 12 13 0.076549426 
543 349 11 14 0.07483666 
988 329 12 17 0.07436477 
198 368 9 10 0.074250065 
246 336 7 9 0.0740953 
173 422 9 10 0.07405164 
316 381 9 12 0.07371168 
305 342 7 9 0.073646866 
88 405 9 11 0.07332206 
612 259 10 13 0.07287204 
1013 338 11 18 0.07258376 
373 492 18 21 0.0724331 
662 278 11 12 0.072421126 
272 398 9 12 0.07198971 
687 454 20 26 0.07188031 
600 260 10 13 0.07172584 
963 148 13 17 0.07144304 
391 306 7 9 0.071241654 
529 249 8 10 0.07116722 
94 391 8 11 0.07104181 
401 289 7 9 0.07045116 
535 278 9 11 0.06998466 
169 390 8 10 0.06989114 
1013 227 10 15 0.06926986 
340 404 14 15 0.06921494 
657 260 10 12 0.0685469 
184 361 7 9 0.06851972 
474 281 7 9 0.06835444 
170 398 8 10 0.06826566 
831 195 11 13 0.06807781 
592 221 8 10 0.067971185 
453 350 10 13 0.06789457 
562 294 9 11 0.067220844 
30 398 8 10 0.06676845 
497 312 8 11 0.066507615 
161 367 7 9 0.06646555 
210 350 8 11 0.066202044 
167 375 7 8 0.0660273 
565 269 8 10 0.065566555 
308 465 13 17 0.06550698 
478 280 8 10 0.06456109 
247 414 10 12 0.064514525 
438 469 13 17 0.06448009 
469 358 9 11 0.06440387 
906 434 17 20 0.064084016 
687 576 26 37 0.06402344 
192 357 8 10 0.06376861 
756 220 12 14 0.06331675 
179 454 13 17 0.063268125 
72 436 10 13 0.06319444 
263 360 8 10 0.06318451 
751 219 10 13 0.06266076 
561 355 11 15 0.06256074 
489 256 7 9 0.062492497 
184 407 7 10 0.061474364 
213 342 8 10 0.061451893 
1011 191 11 15 0.061112735 
396 395 11 15 0.060637873 
614 255 9 12 0.060315557 
721 231 11 13 0.060277786 
568 335 11 14 0.060087357 
95 397 9 11 0.05957367 
464 325 9 11 0.059400532 
174 437 10 12 0.05919275 
173 431 9 11 0.05913086 
289 399 10 14 0.05887493 
441 318 8 10 0.05882516 
575 229 9 11 0.05864499 
490 286 8 9 0.05844159 
949 155 10 13 0.05835092 
680 237 9 11 0.058251955 
482 255 7 9 0.058199957 
495 409 12 16 0.058153737 
562 271 8 10 0.057640284 
710 199 9 11 0.057270385 
234 456 14 18 0.057070203 
423 304 7 10 0.056620374 
610 435 17 24 0.056261126 
129 384 7 9 0.05624533 
313 345 7 9 0.05586114 
365 358 9 10 0.05546583 
699 212 8 11 0.05541247 
593 216 7 10 0.055364296 
456 315 9 11 0.0553148 
201 458 13 16 0.055215277 
239 412 9 12 0.05505782 
665 230 9 11 0.054955218 
671 239 9 11 0.054731958 
281 357 8 10 0.054528065 
423 296 7 9 0.053798128 
934 128 13 17 0.053785976 
960 354 17 25 0.053779718 
426 288 7 9 0.053476717 
766 465 21 27 0.05340485 
202 326 7 10 0.053032093 
679 220 9 11 0.05300162 
263 376 8 10 0.05278967 
312 309 8 10 0.052744903 
239 404 9 12 0.05271326 
247 407 10 10 0.052664924 
490 502 13 17 0.05230133 
288 338 8 9 0.05185733 
303 358 8 10 0.051693596 
801 296 16 18 0.051524226 
223 416 9 10 0.05151693 
170 383 8 10 0.051371116 
328 351 7 10 0.051283438 
458 343 10 13 0.051167864 
476 406 11 13 0.05112697 
623 254 9 11 0.051121194 
20 436 9 10 0.051117364 
433 272 7 8 0.05024628 
312 373 9 11 0.05017768 
215 356 8 10 0.050062057 
56 414 8 10 0.05005898 
527 289 8 10 0.049946304 
924 277 14 20 0.049786024 
351 306 7 9 0.049606595 
263 365 9 11 0.049508374 
511 352 13 15 0.04928377 
749 195 10 13 0.049033754 
394 295 7 9 0.048837025 
996 201 11 15 0.048706524 
329 304 7 9 0.048633136 
431 287 7 9 0.04856418 
381 324 8 10 0.04839755 
41 420 8 10 0.04830513 
443 287 7 10 0.047534063 
272 319 8 9 0.047504865 
745 196 9 12 0.047166113 
136 384 8 10 0.04699691 
492 526 13 17 0.046948988 
510 396 10 13 0.04693704 
548 358 12 15 0.04684547 
412 375 13 14 0.046717484 
290 372 8 12 0.046714615 
343 294 8 9 0.046662237 
304 352 8 10 0.046591397 
264 336 7 9 0.046354692 
466 288 7 9 0.046254303 
938 481 19 18 0.04625276 
465 295 7 9 0.04618224 
179 372 8 11 0.0461106 
859 297 14 19 0.04563281 
135 406 9 11 0.045431416 
276 368 9 11 0.0454073 
589 284 9 12 0.04521997 
134 397 9 12 0.044843026 
631 333 10 13 0.044803586 
1014 233 10 18 0.04474957 
345 305 7 9 0.044474594 
973 335 18 20 0.044469837 
24 407 7 10 0.044306736 
557 181 8 11 0.04430147 
216 407 9 11 0.044297773 
5 452 10 12 0.04425454 
711 221 9 11 0.04421468 
16 408 9 11 0.044002034 
104 394 9 12 0.043684486 
247 348 9 11 0.04366228 
599 217 10 11 0.04358744 
902 205 9 13 0.043315355 
84 491 12 14 0.04326254 
624 237 8 11 0.043174576 
347 443 14 19 0.04315902 
892 189 11 13 0.043005828 
415 289 7 9 0.04294294 
317 373 8 11 0.042848267 
438 297 7 9 0.042743966 
297 381 9 12 0.04274201 
536 247 8 10 0.042682767 
632 245 8 11 0.042476613 
671 256 11 13 0.04238368 
345 334 8 9 0.042302545 
771 442 20 22 0.04227879 
742 232 9 12 0.04196567 
14 395 9 11 0.04175369 
422 373 10 13 0.041677617 
608 333 11 15 0.041611835 
369 286 7 9 0.041610684 
925 245 11 12 0.041604362 
258 336 7 9 0.041526373 
199 390 8 10 0.04147998 
522 311 8 10 0.041390374 
384 361 9 11 0.041363947 
10 422 7 10 0.041265517 
319 344 8 9 0.041206736 
233 412 8 11 0.04113351 
471 263 7 9 0.04079431 
215 430 9 12 0.0406898 
330 310 7 9 0.040654346 
620 296 11 14 0.040599283 
370 306 7 9 0.040557265 
350 262 8 12 0.040548805 
49 436 8 11 0.04052998 
234 365 7 10 0.040504646 
680 306 12 15 0.040451378 
441 271 7 9 0.040364955 
155 392 7 10 0.040196437 
400 321 8 9 0.040099427 
7 431 9 10 0.040057313 
631 253 9 11 0.039972596 
224 357 8 10 0.03994112 
296 328 8 9 0.039881952 
253 414 11 13 0.039775003 
440 312 7 10 0.039723616 
281 318 7 9 0.03968401 
224 352 8 10 0.039562892 
457 305 7 9 0.039103243 
469 346 9 13 0.0390775 
335 310 7 10 0.039064653 
536 260 8 10 0.038836803 
152 398 8 10 0.038765118 
601 240 8 10 0.038725954 
297 352 8 9 0.038549397 
216 376 8 11 0.038521767 
1009 222 10 14 0.03841698 
553 342 10 14 0.038404442 
874 173 10 13 0.038386405 
1011 322 12 21 0.03833886 
644 505 13 17 0.03811227 
386 306 7 9 0.037919056 
380 484 15 19 0.037780963 
892 197 12 15 0.037717048 
504 261 7 10 0.037624333 
153 366 7 9 0.037528187 
61 425 9 13 0.037517384 
144 396 8 10 0.037465975 
496 421 13 16 0.036990687 
272 336 7 9 0.036987115 
836 197 12 14 0.03696341 
710 277 11 14 0.036810525 
438 337 9 11 0.03678328 
199 359 7 9 0.036722463 
617 224 8 11 0.036690425 
271 360 8 10 0.036612798 
249 369 8 9 0.036453348 
272 351 7 9 0.036336306 
662 245 9 12 0.036081765 
837 204 12 14 0.036047447 
223 421 9 10 0.035920676 
958 205 10 13 0.035889257 
576 287 9 11 0.035817087 
742 209 9 10 0.03580893 
723 486 15 22 0.035795677 
331 455 16 19 0.035737287 
119 408 9 11 0.035623632 
790 299 13 17 0.035598952 
107 448 12 16 0.03554113 
294 319 8 10 0.03552437 
279 414 10 12 0.035518482 
656 268 8 11 0.03550273 
557 278 9 11 0.035423994 
658 522 14 19 0.03532273 
553 304 9 12 0.03525998 
434 297 7 9 0.034993608 
520 269 9 10 0.034832034 
551 247 8 10 0.03475055 
153 408 7 10 0.03471933 
282 312 7 10 0.034707148 
485 371 11 13 0.03466923 
846 239 13 16 0.034662753 
9 415 8 11 0.034648653 
143 375 7 8 0.034466844 
304 328 7 9 0.034313977 
472 295 7 9 0.034305803 
794 215 13 15 0.0340852 
505 422 14 16 0.03408201 
474 246 8 10 0.03398659 
498 271 7 9 0.033967726 
154 376 7 9 0.033950206 
480 248 7 10 0.033911467 
450 304 7 9 0.033798087 
106 386 7 9 0.03379248 
440 279 7 9 0.0335988 
559 253 9 10 0.03352522 
398 469 11 14 0.033476464 
17 431 7 10 0.033216376 
337 345 7 9 0.033187266 
756 189 9 11 0.03316385 
424 406 11 14 0.03316174 
505 282 8 9 0.033097498 
296 359 9 10 0.0330268 
320 293 8 9 0.033005577 
129 396 8 11 0.032849133 
727 270 11 14 0.0326944 
161 374 7 9 0.032611724 
143 384 8 10 0.032502677 
1011 314 12 19 0.032316674 
679 356 11 16 0.032295 
167 368 6 8 0.032071285 
246 423 12 14 0.03196231 
675 294 12 15 0.03164785 
432 346 10 13 0.031601604 
477 374 11 13 0.031508062 
224 399 8 10 0.031503066 
719 276 12 14 0.03145003 
346 309 7 9 0.031385098 
932 175 10 12 0.031357422 
674 499 23 36 0.03130532 
327 500 14 16 0.03119593 
717 295 13 16 0.03115328 
953 206 11 12 0.031125799 
594 403 16 20 0.03110305 
490 280 8 10 0.030827664 
760 199 8 11 0.030664615 
20 414 9 11 0.03065741 
578 269 9 11 0.030478587 
187 414 8 10 0.030296488 
697 327 10 13 0.030294841 
305 319 7 9 0.03019418 
272 403 12 15 0.030130811 
644 253 10 12 0.03012544 
447 270 7 9 0.030089745 
410 520 16 18 0.030054815 
950 186 14 16 0.030046295 
441 245 7 9 0.029917734 
87 399 10 12 0.029809672 
718 345 12 16 0.029697483 
1012 142 11 14 0.029673215 
161 362 7 9 0.029672313 
444 476 14 17 0.02941988 
552 240 7 10 0.029396545 
536 273 8 10 0.029374706 
310 389 9 12 0.02929597 
381 384 12 14 0.029262168 
75 430 11 14 0.02925185 
289 319 8 10 0.029138602 
634 230 7 9 0.0290855 
966 205 11 13 0.029009068 
746 191 9 12 0.028997973 
938 124 12 16 0.028821375 
278 405 11 13 0.028681789 
552 252 8 11 0.028603066 
814 237 10 13 0.028570276 
465 279 7 9 0.028541937 
4 436 10 13 0.028497169 
405 350 9 11 0.02847982 
210 358 8 10 0.028437862 
522 429 15 19 0.028344255 
393 347 9 12 0.028314035 
624 249 8 9 0.028230455 
423 412 11 14 0.02822947 
1 398 7 10 0.028224831 
694 236 9 12 0.027923746 
195 373 8 10 0.027896171 
391 328 8 9 0.02783679 
542 310 9 11 0.02781274 
206 437 10 11 0.027748978 
450 310 7 10 0.027695963 
167 406 8 11 0.027659861 
328 397 9 13 0.027644733 
409 273 7 9 0.02764149 
296 303 8 8 0.027607528 
433 279 7 9 0.027574413 
35 433 8 10 0.027553972 
943 110 8 10 0.027497724 
81 384 8 10 0.027470417 
318 309 8 10 0.027445123 
428 422 12 14 0.02743652 
773 294 12 14 0.027230147 
337 351 7 10 0.027138257 
706 200 8 10 0.027136082 
464 374 10 13 0.02712493 
846 198 12 14 0.027071005 
169 416 8 10 0.02700038 
478 286 7 9 0.026984977 
184 422 8 10 0.026979618 
209 365 8 10 0.026934085 
27 399 7 10 0.02689421 
273 327 7 9 0.02684989 
825 190 9 13 0.026777696 
965 260 17 20 0.026765889 
334 397 12 14 0.026746986 
137 375 8 9 0.02665815 
250 434 14 16 0.026620649 
502 271 8 9 0.026526857 
1015 173 9 13 0.026445745 
844 202 11 13 0.026407523 
397 476 12 16 0.026390579 
675 330 13 16 0.026387446 
316 429 15 18 0.026271729 
854 190 12 14 0.026111377 
429 375 10 12 0.026088959 
521 357 12 15 0.026059456 
441 266 7 8 0.026055256 
563 263 8 11 0.026052754 
399 305 8 10 0.026002588 
253 348 9 11 0.025980564 
312 335 7 9 0.025944313 
914 231 12 14 0.025938801 
918 221 10 13 0.025887856 
455 449 13 17 0.025878364 
230 381 8 9 0.0258451 
265 342 8 10 0.025707023 
64 439 9 13 0.025650619 
481 206 9 10 0.025631363 
195 368 7 10 0.025626091 
271 342 7 10 0.025591979 
1 446 10 14 0.025563715 
744 218 10 13 0.02551644 
248 330 6 9 0.025488814 
1007 308 14 18 0.025466872 
279 379 9 11 0.025413452 
1008 329 14 21 0.025348436 
208 432 9 12 0.02534121 
173 416 8 11 0.025319437 
330 320 7 9 0.025248116 
1000 363 13 16 0.025191111 
709 284 11 13 0.025061056 
640 330 10 15 0.025009643 
583 286 10 12 0.024912683 
401 310 7 10 0.024889266 
416 272 7 9 0.024780672 
958 224 11 13 0.024735726 
433 337 9 11 0.024709681 
544 272 9 10 0.02467539 
139 491 13 17 0.024673857 
547 347 12 14 0.024656454 
505 370 13 16 0.024578026 
822 218 11 16 0.024570819 
682 208 8 10 0.024487443 
558 300 9 14 0.024438536 
838 416 14 18 0.024417086 
446 265 7 9 0.024403092 
374 374 10 13 0.02439786 
638 215 9 10 0.024361413 
391 320 8 10 0.024343347 
646 248 8 11 0.024318472 
145 368 7 8 0.024274917 
519 264 8 10 0.02425563 
523 293 8 11 0.02417732 
248 358 9 11 0.024145974 
193 395 8 11 0.024120403 
476 333 9 12 0.024109418 
570 239 8 11 0.024034565 
73 440 14 17 0.023942165 
342 450 15 18 0.023929399 
335 334 8 10 0.023884518 
583 277 9 12 0.023822017 
350 346 9 10 0.02381174 
556 363 11 14 0.023809906 
501 397 11 14 0.02380355 
550 273 9 11 0.023777751 
878 229 12 16 0.0237414 
216 414 7 10 0.023718676 
867 489 18 25 0.023663845 
30 406 8 10 0.023658663 
252 420 12 13 0.023658449 
492 538 26 30 0.02353861 
618 314 12 15 0.023497535 
438 461 14 17 0.023497129 
239 421 10 13 0.023492327 
458 278 7 9 0.023487056 
526 299 9 12 0.02342428 
576 256 9 10 0.023359736 
296 342 7 10 0.023354903 
704 299 12 14 0.023348171 
657 277 10 12 0.023308765 
283 573 13 14 0.023305325 
480 263 7 9 0.023286745 
560 286 9 11 0.023226434 
360 320 7 9 0.023193391 
760 205 9 11 0.02315441 
213 435 10 13 0.023108007 
12 459 13 14 0.02310721 
425 272 7 9 0.023073608 
409 278 8 9 0.023039883 
750 305 12 15 0.023034431 
527 271 8 10 0.023007974 
503 317 9 11 0.022990093 
479 271 8 10 0.02298795 
1013 267 11 16 0.022948492 
487 232 8 9 0.02292392 
695 231 9 11 0.02287113 
586 223 7 10 0.02282322 
737 308 13 17 0.022767833 
768 292 11 14 0.022646472 
180 438 11 12 0.022633893 
942 359 18 21 0.022598367 
596 416 15 21 0.02253368 
415 278 8 9 0.022512395 
803 306 15 19 0.022443524 
225 380 8 10 0.022392705 
664 505 24 35 0.022387803 
796 378 17 23 0.022331249 
159 385 8 9 0.02230656 
608 284 10 12 0.02228096 
306 311 8 10 0.022262013 
325 356 8 11 0.022243556 
103 408 9 11 0.022231538 
596 387 14 18 0.022190962 
551 308 9 12 0.022186602 
244 456 19 25 0.022172125 
518 254 8 9 0.02210458 
998 135 15 18 0.022080436 
759 227 11 14 0.022079494 
463 304 8 9 0.022054251 
685 219 10 12 0.022017619 
1011 199 13 19 0.02200254 
566 362 11 15 0.021960348 
146 474 15 20 0.021933023 
192 423 9 11 0.021888996 
692 349 13 16 0.021855503 
465 271 7 9 0.021822622 
605 239 8 10 0.021807944 
915 131 12 17 0.021794528 
513 262 7 10 0.021760186 
513 270 8 10 0.021642394 
665 305 13 16 0.021639092 
355 533 13 15 0.021636918 
361 405 13 16 0.021635208 
216 367 7 9 0.021548543 
191 385 7 9 0.02154627 
478 328 8 10 0.021510012 
368 297 7 9 0.021491246 
1 391 8 10 0.02145989 
271 381 8 11 0.021406695 
652 516 15 20 0.021323757 
286 357 9 10 0.021323215 
772 239 9 12 0.021266926 
481 225 7 9 0.021208318 
686 208 7 9 0.021184644 
49 414 7 11 0.021168977 
278 397 11 14 0.02110859 
347 321 7 9 0.021105718 
696 223 9 10 0.021038972 
344 436 13 18 0.02103818 
465 380 11 14 0.021037502 
357 280 8 10 0.021026729 
923 287 14 19 0.021013008 
174 398 8 10 0.020921534 
1014 164 9 15 0.020917578 
35 458 13 15 0.02091676 
47 421 8 10 0.02083153 
336 305 7 9 0.020781858 
832 205 11 14 0.020739216 
459 411 12 15 0.020725217 
55 439 8 11 0.020687819 
871 242 12 14 0.020587182 
815 166 8 11 0.020545686 
311 318 8 9 0.02048611 
296 298 7 8 0.020441735 
143 406 8 11 0.020335458 
939 197 11 15 0.020323113 
380 474 14 17 0.020318776 
735 249 10 12 0.020242587 
835 218 12 15 0.020221137 
1015 241 10 18 0.020212058 
911 408 14 19 0.020209754 
599 428 14 20 0.020197285 
471 328 9 11 0.020196121 
749 446 17 24 0.020173013 
716 374 19 26 0.020148173 
507 362 12 15 0.020122271 
9 396 8 11 0.020115033 
321 305 7 9 0.020104056 
272 392 9 12 0.020054651 
