35_Basketball_basketballgame_ball_35_446
63
467 328 111 157 0.9989749 
869 848 25 33 0.9290102 
763 828 15 21 0.8977644 
255 802 20 26 0.8278244 
809 812 22 30 0.81445104 
763 742 16 20 0.7977405 
832 741 18 24 0.7770299 
790 938 22 27 0.7386252 
882 809 21 26 0.7015216 
862 778 16 22 0.64091206 
867 652 18 25 0.50028306 
722 824 15 19 0.50024223 
234 850 18 24 0.49589455 
407 931 485 406 0.423003 
316 811 21 25 0.41826075 
718 777 15 20 0.31990084 
731 872 18 22 0.3135465 
822 994 23 28 0.25979593 
727 990 23 28 0.24689871 
806 867 17 21 0.23950084 
714 849 17 20 0.20919032 
689 870 18 22 0.1732446 
863 897 27 34 0.13776791 
780 781 14 19 0.13357095 
756 895 20 24 0.1326393 
714 953 24 29 0.113280855 
281 771 18 22 0.11304293 
927 761 18 24 0.11077871 
742 740 14 17 0.086214356 
906 742 16 20 0.079396464 
635 812 18 23 0.077430554 
880 850 25 33 0.073588565 
277 1090 27 34 0.06787599 
290 809 17 22 0.06756921 
797 892 25 30 0.066315 
666 846 18 21 0.06094548 
905 768 17 24 0.058983237 
885 953 20 25 0.05851342 
337 842 28 41 0.058231544 
817 785 17 21 0.050775275 
697 731 18 21 0.048450727 
644 913 18 21 0.04785779 
872 826 16 19 0.04706006 
360 847 25 33 0.037939336 
213 812 20 27 0.034775715 
719 754 13 16 0.033505265 
916 761 21 27 0.03348249 
303 864 24 30 0.03334065 
858 693 16 23 0.02979233 
204 793 15 19 0.02854353 
274 785 18 21 0.028400907 
660 781 15 17 0.027576882 
229 773 20 27 0.025866393 
825 784 18 21 0.022960804 
693 898 22 26 0.02235866 
308 770 18 22 0.021710359 
643 888 17 20 0.021707717 
875 815 19 23 0.021676913 
251 761 19 19 0.02163972 
712 854 23 29 0.021022234 
795 878 26 29 0.020619674 
809 996 33 38 0.020531135 
233 739 17 20 0.02048867 
