35_Basketball_Basketball_35_579
55
901 98 53 69 0.99806625 
410 342 24 29 0.9952932 
79 97 28 32 0.9920089 
735 305 44 57 0.98927605 
267 529 21 29 0.98314226 
478 570 20 28 0.98239386 
77 597 27 32 0.9819005 
203 217 23 26 0.9623015 
487 106 37 55 0.5726175 
702 250 34 30 0.17618151 
105 313 10 12 0.11108563 
104 449 10 12 0.08387317 
104 465 9 11 0.07297411 
106 433 8 11 0.05410201 
178 466 8 9 0.05049678 
601 136 9 12 0.045722216 
127 469 7 10 0.04187323 
105 481 8 11 0.03971884 
324 547 9 13 0.036751524 
957 174 62 95 0.03348418 
157 501 8 10 0.03308622 
105 500 8 11 0.033078734 
72 343 8 11 0.032339547 
518 80 22 30 0.03212445 
699 253 50 52 0.03050641 
163 548 12 14 0.029544812 
391 448 9 12 0.027662242 
399 112 8 10 0.027509484 
31 341 9 10 0.0270134 
678 28 9 11 0.026890248 
58 432 8 11 0.02667987 
186 548 15 16 0.02661505 
105 533 9 12 0.02650589 
30 328 9 11 0.025986817 
477 91 12 17 0.025882797 
104 328 10 14 0.025712844 
170 501 8 11 0.02543883 
196 186 15 18 0.025436433 
104 600 11 13 0.024889693 
465 119 7 9 0.024405748 
573 123 9 11 0.023945412 
396 463 9 11 0.02349586 
150 70 10 13 0.023378028 
105 144 11 13 0.022739295 
455 132 9 11 0.022373568 
162 485 7 10 0.021757105 
602 165 8 10 0.021552261 
320 326 13 16 0.021447262 
399 143 10 12 0.021339083 
456 117 9 10 0.021109218 
105 396 10 13 0.020419152 
464 127 9 11 0.020339062 
205 501 7 11 0.020164542 
856 139 46 72 0.020128675 
167 471 7 9 0.02009678 
