35_Basketball_playingbasketball_35_674
74
374 153 59 75 0.9990422 
860 261 30 36 0.99717724 
290 116 29 38 0.99692684 
214 75 27 36 0.99671715 
90 8 31 36 0.9963258 
173 16 29 37 0.9957995 
152 65 34 43 0.99562573 
186 138 44 55 0.9948419 
599 276 34 41 0.9945239 
17 233 34 44 0.9942677 
0 89 25 47 0.99304384 
267 84 30 39 0.9924304 
563 103 30 36 0.9799084 
982 25 38 83 0.97748077 
356 92 27 31 0.9671047 
633 44 44 70 0.95095456 
409 18 26 35 0.9483561 
453 48 24 31 0.9425788 
602 26 21 29 0.935763 
874 169 27 31 0.93236923 
452 19 24 29 0.9300594 
998 249 23 25 0.92129594 
353 12 21 30 0.9159504 
507 34 21 26 0.8844436 
951 252 21 26 0.83955026 
804 53 21 28 0.8320731 
481 112 22 27 0.81689847 
899 81 24 27 0.8015515 
581 70 23 31 0.76090974 
843 136 22 28 0.7418544 
553 35 22 28 0.7093139 
645 266 35 38 0.47815558 
625 69 22 33 0.47614902 
786 89 25 30 0.34368974 
167 1 28 21 0.29415098 
980 124 21 26 0.28382608 
481 66 18 23 0.2651407 
818 156 26 40 0.25873116 
744 52 23 28 0.15138352 
1009 288 15 22 0.13117537 
910 289 17 25 0.12421114 
931 86 17 22 0.10509301 
268 14 23 28 0.09657567 
227 40 22 27 0.095949724 
795 125 23 24 0.06372274 
789 144 41 52 0.05708137 
874 149 29 35 0.052727908 
276 2 25 27 0.04975 
358 174 27 42 0.048064787 
282 87 25 33 0.047703803 
1004 316 17 23 0.04305391 
299 90 20 28 0.042810567 
257 24 21 26 0.038945682 
977 178 18 21 0.038646564 
479 41 15 21 0.036306325 
432 462 39 38 0.035063103 
530 121 18 21 0.033770457 
489 150 27 33 0.03365662 
807 161 28 42 0.031459335 
946 294 18 26 0.031008437 
822 135 38 55 0.02847917 
799 130 31 33 0.027211031 
410 34 19 27 0.026723295 
967 297 22 28 0.02668831 
633 40 26 44 0.025957774 
935 153 20 21 0.025485236 
972 185 18 21 0.024171885 
541 39 20 28 0.023632366 
122 129 43 52 0.022710329 
439 71 18 26 0.02242883 
983 344 21 28 0.021392234 
810 179 16 26 0.020919269 
295 98 26 36 0.020273587 
887 145 20 24 0.020051362 
