35_Basketball_basketballgame_ball_35_391
32
701 96 88 116 0.9988225 
208 61 83 111 0.9986356 
533 80 86 113 0.9985719 
373 106 79 105 0.99451196 
985 121 27 39 0.4745292 
935 140 27 40 0.1289761 
980 172 20 28 0.11988382 
477 66 20 25 0.100748256 
53 65 15 22 0.084081955 
1006 91 16 18 0.07399525 
755 38 16 18 0.07131292 
515 61 13 16 0.06239425 
0 397 11 22 0.060299423 
397 73 32 37 0.05294397 
859 90 13 15 0.044456586 
863 167 23 29 0.04423838 
395 77 50 67 0.04265533 
108 63 17 24 0.039741382 
18 127 30 35 0.039428167 
996 89 17 18 0.033173583 
803 629 114 113 0.03143873 
942 130 45 60 0.030244572 
852 625 46 55 0.029588398 
905 184 19 21 0.029491745 
964 129 44 60 0.025662921 
938 139 18 25 0.025248671 
12 376 17 20 0.025159327 
995 108 28 40 0.021992685 
993 255 17 24 0.021719059 
149 48 19 23 0.02129533 
915 161 14 18 0.020191688 
1012 265 12 20 0.020115137 
