35_Basketball_Basketball_35_449
469
491 244 24 27 0.98867583 
289 390 10 14 0.9609447 
80 411 10 14 0.850664 
857 397 10 12 0.78740585 
982 411 10 12 0.7648293 
906 418 8 10 0.6753874 
964 437 10 12 0.5285165 
112 438 7 11 0.47142363 
783 448 8 10 0.4585666 
740 471 9 12 0.3736903 
562 451 12 15 0.3612713 
851 438 8 12 0.35537398 
685 359 12 15 0.35273317 
261 454 8 10 0.34556863 
142 453 8 10 0.31791127 
766 461 9 11 0.30732238 
834 452 8 11 0.29227468 
562 424 9 11 0.28969434 
328 475 11 14 0.22917731 
837 449 8 10 0.21221754 
109 384 7 10 0.21109553 
367 421 10 13 0.20709671 
128 436 9 11 0.16725612 
112 406 7 10 0.16117296 
161 389 8 10 0.15997133 
331 472 11 13 0.15935974 
143 405 7 9 0.15680738 
138 383 8 9 0.15648845 
957 456 8 9 0.15556808 
105 405 8 10 0.15329407 
26 398 7 10 0.14884304 
630 446 8 10 0.14686216 
55 399 7 9 0.14427525 
547 477 8 10 0.14346623 
242 447 8 10 0.14281774 
892 428 9 12 0.13831516 
14 390 8 9 0.1366991 
185 446 8 10 0.13565622 
984 453 8 10 0.13279553 
805 470 7 10 0.12981498 
643 455 8 10 0.12813132 
608 453 7 10 0.12533802 
944 455 7 10 0.12498401 
9 390 8 10 0.12283543 
143 449 8 10 0.122801244 
303 405 9 13 0.11710218 
30 438 11 13 0.116219394 
175 432 7 10 0.115743294 
145 421 9 11 0.114645995 
257 390 8 10 0.112521105 
493 496 9 12 0.112334274 
857 454 7 11 0.11215067 
114 431 8 11 0.10932173 
29 415 8 11 0.10857703 
50 398 7 9 0.10790734 
932 438 9 11 0.104655534 
30 397 8 10 0.104268715 
193 408 7 10 0.10401694 
626 456 8 10 0.10373781 
176 439 7 9 0.10348703 
677 376 11 13 0.10214247 
200 408 8 10 0.10150702 
968 431 10 13 0.098302945 
372 422 10 12 0.09727123 
198 381 8 10 0.096900284 
184 406 8 10 0.09511685 
231 432 8 10 0.092646785 
224 421 7 9 0.09106337 
257 430 8 10 0.090670384 
973 437 10 14 0.08938452 
617 471 8 10 0.0880975 
783 470 8 11 0.08778865 
983 447 8 12 0.08671044 
823 478 7 11 0.08607609 
510 480 9 12 0.08373569 
367 427 9 12 0.081622824 
642 473 7 9 0.08144276 
606 487 7 9 0.0796361 
117 428 9 12 0.079617366 
17 384 8 10 0.079578474 
246 404 10 11 0.07907038 
849 457 7 10 0.07868378 
175 454 8 10 0.07845018 
121 423 8 10 0.077202566 
270 428 8 11 0.076559484 
262 390 7 11 0.075267516 
646 471 8 10 0.075077765 
192 414 8 9 0.074449524 
160 386 8 9 0.074324675 
904 462 9 11 0.07430746 
54 446 8 10 0.074238904 
169 431 8 10 0.07332633 
823 471 8 9 0.07199246 
175 406 8 9 0.07118888 
149 421 9 11 0.07088426 
176 446 8 11 0.070721835 
272 392 8 10 0.070469186 
226 453 8 10 0.069797 
142 382 7 10 0.06979134 
889 425 8 11 0.06965013 
0 443 8 12 0.068580896 
286 416 9 10 0.068561494 
861 451 9 12 0.06854126 
126 416 7 9 0.06616946 
641 477 8 10 0.06469367 
70 375 7 9 0.0645452 
627 447 7 9 0.06440025 
170 413 8 10 0.06425216 
18 422 8 11 0.06393532 
854 444 9 11 0.06322707 
264 429 8 10 0.062436804 
66 391 7 10 0.06004845 
126 421 7 10 0.05998082 
760 477 7 10 0.059817698 
128 408 7 9 0.05966925 
880 468 10 12 0.059336282 
590 460 8 11 0.05927462 
160 424 8 11 0.058967162 
1014 445 8 13 0.05850299 
913 443 9 12 0.058330093 
680 489 9 11 0.05793409 
238 388 9 12 0.057323445 
617 477 8 10 0.05702745 
517 496 8 11 0.056656264 
190 448 7 10 0.05603707 
206 408 8 10 0.05571088 
374 428 9 12 0.055567093 
833 460 8 10 0.055373136 
834 479 8 11 0.055192098 
118 465 8 10 0.053899057 
318 385 8 10 0.053251963 
241 438 8 10 0.05307606 
807 465 7 10 0.052985772 
97 432 8 10 0.052225336 
0 407 8 10 0.052142765 
234 390 9 11 0.052018534 
121 383 8 9 0.05163155 
938 454 7 10 0.05136852 
912 430 8 11 0.050876703 
24 455 8 10 0.05081375 
414 431 7 9 0.05074129 
607 480 8 9 0.050513953 
165 495 12 16 0.05032363 
322 407 8 11 0.050179943 
1 492 14 19 0.050146647 
25 391 8 10 0.05010198 
641 462 8 10 0.049999136 
26 407 8 10 0.049929924 
4 430 8 10 0.049756333 
171 454 7 10 0.049744047 
971 429 10 12 0.049670346 
706 488 8 11 0.04943607 
185 425 7 9 0.049392413 
55 392 8 10 0.04904584 
214 429 7 10 0.048840366 
241 421 7 9 0.0485672 
631 461 7 10 0.048215292 
152 441 8 10 0.048204567 
22 384 8 10 0.047933646 
16 398 8 9 0.047823265 
912 440 8 10 0.046959735 
415 460 9 12 0.04695102 
218 423 6 9 0.046908747 
120 399 7 9 0.04683438 
957 461 8 10 0.046444014 
855 461 7 9 0.04631875 
119 407 7 10 0.04596476 
218 400 7 10 0.045956947 
186 414 8 9 0.045869585 
706 493 10 12 0.045757115 
256 385 8 10 0.04546072 
608 433 7 10 0.045393456 
281 433 7 10 0.045373663 
45 484 10 13 0.04532013 
193 399 7 9 0.045056425 
129 399 7 9 0.044999868 
486 469 8 11 0.04482381 
776 495 8 10 0.044616904 
1 413 9 12 0.044464264 
426 431 8 10 0.04432798 
258 425 7 9 0.0442057 
56 382 7 9 0.044123996 
57 406 7 9 0.044028684 
218 390 8 10 0.04328614 
171 408 7 9 0.04323217 
545 493 8 12 0.043041144 
265 424 8 10 0.042991377 
138 423 8 11 0.042924922 
486 444 10 13 0.04286679 
230 449 7 10 0.04284906 
326 414 9 11 0.042342734 
622 478 8 9 0.04217138 
153 406 7 9 0.042106763 
39 392 7 9 0.041974545 
415 439 8 9 0.041631654 
40 397 7 10 0.041431926 
191 425 7 9 0.04108754 
583 484 8 10 0.040904388 
599 437 9 10 0.040860347 
799 493 8 11 0.040842652 
648 462 7 11 0.04038348 
801 464 7 9 0.0402589 
511 461 10 13 0.040177714 
208 414 8 9 0.040166255 
191 453 8 10 0.040130734 
184 401 8 10 0.039763328 
806 477 8 11 0.039568488 
799 455 8 10 0.03947835 
616 447 8 10 0.039102383 
226 439 7 9 0.03882035 
79 455 10 12 0.038760692 
655 461 9 11 0.03874328 
510 468 10 12 0.038685597 
38 384 7 9 0.03825609 
139 405 7 10 0.038238045 
616 438 8 10 0.03802529 
50 449 9 11 0.03801641 
363 422 8 12 0.037842616 
57 439 9 11 0.037832342 
231 462 8 11 0.03782577 
322 412 8 11 0.037821345 
33 393 7 9 0.03772052 
646 477 8 10 0.037672494 
656 454 10 11 0.037634585 
490 452 9 13 0.037568316 
978 444 9 12 0.03732706 
201 413 7 10 0.03726537 
0 383 8 10 0.037193194 
103 417 7 9 0.036965366 
283 415 7 11 0.036892697 
822 501 9 11 0.036867764 
799 489 7 9 0.036735 
134 430 8 10 0.03660119 
259 450 7 10 0.036512196 
71 424 8 11 0.03640349 
839 460 8 10 0.03613084 
600 472 7 9 0.03607968 
690 362 12 16 0.036053065 
166 424 9 10 0.03593081 
593 432 7 9 0.03555871 
753 461 8 10 0.035291057 
225 463 8 11 0.03510758 
246 422 7 9 0.03491505 
112 444 8 11 0.0345676 
795 488 7 9 0.034393888 
8 385 8 10 0.034393735 
779 471 7 9 0.03426114 
200 400 7 9 0.03406431 
548 493 10 13 0.034048446 
918 423 8 10 0.034031954 
408 470 8 11 0.033933055 
69 390 8 10 0.03392508 
184 442 7 9 0.03366682 
31 420 8 10 0.03357684 
242 406 9 10 0.033539064 
601 480 7 9 0.033524923 
1 374 8 11 0.033262223 
253 398 9 10 0.03308909 
216 416 7 9 0.033052985 
21 429 11 12 0.03279188 
149 416 8 11 0.032716822 
182 376 7 9 0.032626208 
31 453 10 11 0.03249671 
280 383 8 10 0.03245943 
2 423 8 11 0.03245896 
15 373 8 10 0.032443345 
351 454 14 15 0.032186184 
752 456 8 10 0.03201437 
185 454 7 10 0.031996105 
822 496 8 11 0.03198625 
446 455 16 20 0.031886082 
41 460 10 13 0.0314328 
356 459 12 13 0.031200927 
490 499 9 12 0.031038444 
672 484 11 14 0.031029979 
217 406 7 9 0.031019626 
582 423 8 10 0.03096388 
945 461 7 9 0.030898014 
763 457 7 9 0.030878237 
633 472 7 9 0.030462286 
545 486 8 12 0.030426564 
302 410 11 15 0.030378377 
72 384 7 8 0.03030851 
463 493 8 11 0.030280368 
791 454 8 10 0.030229626 
40 455 10 12 0.03020036 
868 446 10 13 0.03016592 
77 440 13 17 0.030124918 
659 460 11 12 0.030122716 
218 385 7 10 0.030095799 
192 392 7 9 0.030082773 
114 464 7 10 0.030069629 
903 457 8 10 0.029833045 
433 453 11 15 0.02974681 
312 384 8 11 0.029502261 
328 462 10 14 0.029342202 
223 407 7 9 0.029212227 
231 417 7 8 0.029209586 
362 429 8 11 0.029188843 
285 447 9 11 0.029127253 
754 472 8 10 0.029063378 
222 400 8 10 0.029043926 
246 417 8 9 0.028931482 
7 374 8 11 0.028894398 
526 444 12 13 0.028892668 
990 454 8 10 0.028669212 
381 421 10 12 0.028466191 
238 432 8 10 0.028367884 
137 389 8 9 0.028327577 
110 387 9 11 0.028147718 
769 493 8 11 0.028033637 
17 417 8 9 0.028014824 
110 455 8 9 0.027958224 
170 448 8 10 0.02782236 
84 438 11 14 0.027776435 
561 494 8 9 0.027757045 
686 474 12 14 0.027623337 
26 437 10 13 0.027612435 
686 488 8 10 0.02754069 
896 453 8 12 0.027532812 
146 441 8 10 0.027505793 
660 452 11 12 0.027428107 
103 421 8 10 0.027385404 
766 469 9 10 0.027260529 
273 454 8 10 0.02718105 
265 415 8 9 0.027173504 
960 414 8 9 0.027062858 
702 470 9 11 0.026779806 
578 503 8 10 0.026761184 
120 391 9 10 0.026701178 
840 470 9 12 0.02652373 
333 429 9 11 0.026438696 
779 453 7 10 0.026298562 
549 471 10 13 0.026213579 
974 423 10 12 0.026196143 
482 470 9 12 0.026083121 
602 454 7 9 0.026009189 
389 493 9 12 0.02594467 
351 439 8 9 0.025791435 
65 383 7 9 0.025780266 
792 469 9 11 0.025716288 
98 417 8 9 0.025633613 
680 463 9 10 0.025548635 
166 385 8 10 0.02531348 
996 437 10 12 0.025252871 
86 494 9 11 0.025240056 
95 376 8 10 0.02522456 
1 359 8 12 0.02521807 
817 501 9 11 0.025204742 
64 397 7 10 0.025148291 
62 415 8 10 0.025095912 
50 415 7 10 0.02499723 
57 414 7 10 0.02490019 
472 456 9 11 0.024820587 
657 445 10 12 0.024784101 
968 424 10 12 0.024764476 
992 437 10 13 0.02460372 
3 463 10 12 0.02457597 
856 510 10 12 0.024539243 
780 494 8 11 0.02452133 
282 420 7 10 0.024489779 
617 465 7 9 0.02446991 
677 479 11 12 0.02437379 
120 448 8 9 0.024363238 
789 447 8 10 0.024355298 
501 495 9 12 0.024210226 
257 437 8 9 0.024181195 
285 436 9 11 0.024122551 
200 453 8 10 0.02412183 
1 399 7 11 0.024107872 
777 478 8 9 0.024081727 
584 479 9 12 0.024011858 
1 366 9 12 0.02399485 
298 407 8 12 0.023968996 
263 437 8 9 0.023953551 
270 413 8 11 0.023927955 
614 431 9 11 0.023914484 
185 391 7 9 0.023858055 
594 437 7 10 0.023847314 
155 383 7 10 0.023846958 
601 494 8 10 0.023792583 
925 444 10 13 0.02375759 
673 492 11 13 0.023552623 
967 471 8 11 0.023423396 
754 477 8 11 0.023376873 
857 502 9 11 0.023306757 
158 405 8 10 0.023306176 
160 446 7 9 0.023249302 
160 373 9 10 0.023147441 
385 486 10 12 0.023077292 
287 431 9 12 0.022966014 
24 460 10 12 0.022921942 
83 443 13 15 0.02278413 
177 390 7 9 0.022769615 
372 415 11 13 0.022654193 
705 463 8 10 0.022558395 
232 422 7 9 0.02246875 
841 502 10 12 0.0224545 
166 471 8 10 0.02245361 
917 440 9 12 0.022448367 
647 487 8 9 0.0224381 
377 440 9 11 0.02241912 
549 484 10 12 0.022413412 
833 471 8 10 0.02240818 
480 475 8 12 0.022399385 
567 494 7 10 0.022291578 
87 360 8 10 0.022266824 
8 396 8 9 0.022128802 
982 439 10 14 0.022111671 
799 447 8 10 0.022069851 
303 390 8 10 0.02205452 
161 428 9 11 0.02203056 
177 384 8 9 0.02199138 
710 461 8 11 0.021952549 
382 430 9 10 0.021935884 
5 409 8 10 0.021818804 
793 463 8 10 0.02181215 
217 464 8 10 0.021727588 
684 492 9 11 0.021696428 
171 437 7 9 0.021679442 
861 502 9 11 0.021656485 
366 503 8 10 0.02165159 
29 460 12 13 0.02163171 
139 447 7 11 0.021534042 
246 440 7 9 0.021528518 
73 487 9 10 0.021462528 
107 438 8 11 0.021357486 
95 436 8 10 0.021323733 
887 485 10 11 0.021311505 
216 375 7 9 0.02130754 
67 369 7 9 0.021272484 
894 424 8 11 0.021256516 
138 401 7 9 0.02121903 
753 421 9 11 0.021211505 
1015 422 8 12 0.02119314 
51 382 7 9 0.021161411 
966 462 8 10 0.021130694 
768 477 7 10 0.021102114 
97 422 8 9 0.021085115 
988 412 9 11 0.020969905 
176 402 9 10 0.020903451 
879 446 9 11 0.020890389 
3 390 7 10 0.020853285 
159 400 8 10 0.020790413 
783 477 8 10 0.020773448 
137 377 8 10 0.02071029 
305 384 9 10 0.020691594 
118 438 9 11 0.020688806 
936 445 8 12 0.020674113 
144 428 8 10 0.020650558 
18 426 10 13 0.020646926 
414 426 8 9 0.020639213 
227 431 8 11 0.02058662 
209 424 8 9 0.020556964 
819 479 8 11 0.020464502 
256 416 8 9 0.020432647 
566 457 11 13 0.020419504 
634 478 7 9 0.02035428 
208 391 7 9 0.020334747 
841 507 11 13 0.020302603 
464 472 8 10 0.020223146 
784 464 8 10 0.020214155 
430 492 10 13 0.020185078 
664 484 12 15 0.020165687 
693 476 11 13 0.020162493 
395 453 11 12 0.020093447 
519 499 9 12 0.020060463 
695 486 9 13 0.020032417 
88 432 9 11 0.020004166 
