35_Basketball_playingbasketball_35_283
67
656 351 109 98 0.9487568 
13 240 156 202 0.7050036 
320 1300 19 23 0.36157098 
216 1298 17 23 0.29936722 
425 1271 23 28 0.1860518 
163 1300 14 18 0.092286795 
379 1274 17 21 0.08517067 
373 907 16 21 0.07970652 
341 1299 15 20 0.0691616 
424 1169 20 23 0.06666373 
129 1293 18 20 0.05886331 
1010 692 13 19 0.058249794 
322 908 17 23 0.055484243 
263 1307 19 21 0.053861283 
365 1302 15 22 0.053445507 
2 1099 12 16 0.051785048 
289 1299 20 25 0.049598236 
395 1286 19 23 0.045197256 
326 1360 17 21 0.039133776 
346 906 17 22 0.038592488 
325 888 504 596 0.038281277 
319 957 19 21 0.03802679 
322 1054 17 20 0.037498306 
262 1296 17 21 0.036527842 
236 1 45 43 0.035783533 
151 1315 12 15 0.03392404 
393 1297 17 22 0.03345109 
212 1275 18 21 0.033345245 
453 1105 21 27 0.033263367 
397 1237 23 27 0.032610845 
348 889 15 18 0.032301735 
236 1274 18 21 0.032252867 
51 1099 18 21 0.032218985 
346 1304 16 19 0.03070109 
356 1297 18 25 0.029896 
225 1347 27 28 0.029499123 
426 1284 19 24 0.02921416 
396 1272 18 23 0.02920809 
345 1130 21 24 0.028932203 
262 1283 18 21 0.028609583 
238 1375 16 16 0.02831801 
374 1106 20 26 0.028063249 
0 779 9 14 0.027583836 
396 1224 19 22 0.026489234 
317 1275 19 22 0.026286112 
228 1306 14 18 0.025387429 
974 703 9 11 0.02496197 
452 947 12 15 0.024737205 
378 884 16 17 0.024473758 
204 1308 14 17 0.02412956 
350 1314 13 15 0.02401852 
286 1281 15 17 0.023960464 
243 1297 17 21 0.023256585 
344 1271 21 24 0.022922678 
1012 641 11 19 0.022879168 
263 977 21 25 0.02283474 
46 1307 16 19 0.022537474 
317 1228 17 21 0.021918375 
288 1292 19 20 0.021662133 
400 902 19 22 0.021613784 
370 1289 20 26 0.021389956 
269 1377 18 18 0.021227416 
343 1217 23 27 0.02064969 
347 943 17 20 0.020569094 
395 1260 22 26 0.02026885 
300 981 14 18 0.020200139 
262 1274 18 19 0.02015624 
