35_Basketball_basketballgame_ball_35_287
946
768 386 12 16 0.95424986 
423 358 12 18 0.9456722 
258 437 9 13 0.94475573 
303 411 10 13 0.93802685 
695 415 9 13 0.93464273 
199 398 9 13 0.91455287 
812 419 11 13 0.89675015 
310 438 10 13 0.8854464 
685 443 10 13 0.8705095 
950 424 10 13 0.8665208 
662 413 9 12 0.85440195 
891 446 10 14 0.8528623 
216 447 10 13 0.8302702 
836 362 11 15 0.8041098 
870 363 10 12 0.77897114 
295 428 11 13 0.77354044 
672 399 10 13 0.76157 
634 407 11 14 0.75665313 
244 402 10 12 0.74671113 
648 449 11 14 0.7235085 
971 452 10 12 0.716595 
54 366 10 12 0.7115825 
396 359 9 12 0.6980384 
802 452 11 14 0.69512075 
1002 365 9 11 0.68220186 
685 336 8 11 0.6765515 
714 357 8 10 0.66871464 
609 408 10 15 0.6658735 
765 372 9 11 0.663513 
889 356 8 11 0.6483267 
1006 381 8 11 0.64490783 
374 389 9 12 0.63238454 
275 426 10 14 0.6314066 
184 440 9 11 0.6312384 
797 424 10 13 0.6308979 
685 385 10 12 0.61871266 
950 391 10 12 0.58285767 
792 361 9 10 0.57072884 
978 382 9 12 0.5629723 
60 386 10 14 0.5607706 
933 231 10 13 0.5353599 
830 303 8 10 0.53503764 
823 372 9 12 0.51455176 
702 401 8 11 0.51363236 
985 327 9 11 0.50899184 
1000 424 9 11 0.5066125 
874 309 8 11 0.49354684 
897 380 8 11 0.4851555 
787 308 11 14 0.484254 
929 365 9 11 0.4751333 
802 335 10 12 0.47406176 
794 348 9 11 0.4654918 
702 344 9 11 0.4618386 
994 406 9 12 0.4448663 
676 372 10 12 0.4413644 
661 376 9 11 0.43949455 
928 376 8 11 0.43911663 
981 401 9 11 0.43344414 
272 396 10 13 0.4157948 
821 402 9 13 0.40311968 
725 403 9 12 0.3716358 
923 350 7 10 0.37098375 
629 453 10 13 0.36918214 
239 431 11 14 0.36818218 
647 309 8 10 0.35454908 
617 317 9 11 0.35242072 
775 357 9 11 0.3449534 
734 436 10 13 0.34432942 
831 319 8 11 0.3442672 
206 461 9 11 0.3432826 
935 390 9 11 0.34326297 
890 212 9 11 0.32992122 
785 294 9 11 0.32384136 
932 402 9 13 0.32241046 
687 317 11 13 0.31934813 
953 383 8 10 0.31916425 
724 413 9 14 0.3159801 
945 352 9 10 0.31441957 
413 445 11 14 0.3116172 
705 385 9 11 0.31078 
857 312 8 10 0.3100183 
965 328 8 10 0.30724642 
686 312 9 11 0.30556774 
889 320 9 11 0.30549908 
918 317 9 11 0.2913783 
759 326 9 11 0.28929693 
969 246 10 13 0.28515851 
919 312 7 9 0.2822554 
809 304 8 10 0.27643248 
894 390 9 11 0.27561197 
72 391 10 14 0.27149835 
694 320 9 12 0.2663996 
846 396 12 14 0.26616424 
942 296 7 8 0.26269937 
886 239 8 11 0.25816795 
745 328 9 11 0.25259042 
960 407 9 11 0.248844 
717 324 9 11 0.24351242 
894 320 9 11 0.23946528 
719 385 10 12 0.23837955 
913 367 8 10 0.23749791 
744 374 10 12 0.23730013 
895 342 8 10 0.23568714 
783 327 11 13 0.23205486 
784 396 11 12 0.2299114 
901 436 9 12 0.22586758 
713 320 8 10 0.22479697 
728 315 10 12 0.21910608 
894 304 7 9 0.21908289 
445 304 9 11 0.2151952 
759 232 8 10 0.21503015 
710 384 8 11 0.21407875 
902 231 10 12 0.20990303 
440 365 9 13 0.20416325 
965 374 9 11 0.20390701 
920 245 9 10 0.20358592 
735 385 9 11 0.2020751 
971 296 7 9 0.20181495 
319 357 7 9 0.20180103 
446 360 9 10 0.2015444 
156 412 9 12 0.19777846 
57 312 8 10 0.19495182 
938 317 8 10 0.19416557 
745 312 8 10 0.19158435 
588 373 10 16 0.18930337 
909 454 9 11 0.18890373 
764 417 12 16 0.18683879 
552 549 15 17 0.18464075 
625 471 10 13 0.18122351 
749 413 11 14 0.1803624 
588 342 11 13 0.17936699 
26 332 9 11 0.17898238 
881 422 9 12 0.1783934 
853 334 9 10 0.17830302 
22 350 9 12 0.17830212 
765 484 9 12 0.17814904 
609 436 10 13 0.17814045 
1009 430 9 11 0.17718709 
981 428 8 11 0.17536783 
649 317 9 12 0.17422031 
246 430 9 12 0.17038903 
949 356 8 10 0.16801852 
871 348 9 10 0.16681229 
977 311 8 10 0.16338122 
914 305 7 9 0.16130285 
520 460 10 13 0.16049978 
722 368 8 11 0.16027153 
798 478 12 14 0.15951723 
66 372 10 12 0.15892223 
774 351 9 11 0.15743092 
584 322 10 13 0.15595354 
610 333 8 11 0.15575081 
882 255 8 10 0.15399118 
384 375 9 10 0.15379228 
769 304 8 10 0.15330063 
188 444 9 11 0.15320452 
654 319 8 12 0.15282471 
946 222 10 13 0.15177612 
375 383 10 12 0.1507016 
895 310 8 9 0.15018049 
822 367 9 11 0.14762045 
800 374 8 11 0.14707966 
702 221 8 10 0.14616469 
300 455 11 13 0.14582394 
1006 423 9 11 0.14517534 
433 397 8 10 0.14467692 
783 231 7 10 0.14401788 
33 408 8 11 0.14391053 
337 405 9 12 0.14158602 
870 292 8 10 0.14080703 
725 384 9 12 0.13948826 
329 360 8 11 0.13927706 
82 310 7 10 0.13875873 
639 293 8 10 0.13869576 
800 343 8 11 0.13821782 
418 325 8 11 0.13793123 
646 475 10 13 0.13761419 
913 310 8 10 0.13708122 
711 288 7 9 0.13686875 
631 427 10 13 0.13638987 
657 431 9 12 0.13508421 
609 302 8 9 0.13500652 
967 367 9 11 0.13446763 
846 340 9 12 0.13386843 
748 331 9 12 0.13371602 
311 302 7 9 0.13114035 
936 384 8 10 0.12865756 
745 348 8 10 0.1283887 
200 460 9 12 0.12758194 
752 328 8 10 0.12696037 
994 398 9 11 0.12571631 
384 368 7 9 0.12558906 
55 304 8 9 0.124423735 
775 412 11 15 0.1222969 
178 439 8 11 0.12205401 
318 437 10 13 0.12087263 
832 324 9 11 0.11998639 
706 288 7 9 0.11942025 
355 373 8 11 0.11903115 
998 476 10 12 0.11844401 
1007 416 8 10 0.11665999 
359 411 9 12 0.11516611 
64 367 9 11 0.111564435 
766 328 9 11 0.111562 
655 399 9 11 0.11152486 
167 430 10 12 0.111365825 
964 407 9 11 0.11091754 
729 334 9 10 0.110803805 
751 390 11 14 0.110201195 
698 343 9 11 0.10950012 
829 308 9 11 0.10916565 
191 414 8 10 0.10885659 
966 359 8 10 0.10825426 
951 334 8 10 0.10822128 
744 360 9 11 0.10793381 
622 325 8 11 0.107381344 
951 375 8 10 0.10723681 
745 317 8 10 0.10689841 
743 366 10 11 0.10533292 
285 412 11 13 0.10346882 
848 336 9 11 0.10250992 
342 368 8 11 0.100981735 
818 365 7 10 0.10060832 
362 356 7 9 0.100144625 
634 295 7 9 0.098989405 
648 289 7 9 0.09894863 
933 213 9 12 0.09878488 
609 297 7 9 0.09877289 
222 468 9 11 0.09875671 
1015 407 7 10 0.098614246 
317 375 10 12 0.09839472 
711 294 7 9 0.09800659 
897 430 10 12 0.09776849 
678 470 10 13 0.09652697 
426 312 7 9 0.09648546 
190 453 9 11 0.096485004 
1 243 9 16 0.0964765 
842 229 9 10 0.095922045 
434 327 8 10 0.095496625 
777 344 8 10 0.094471425 
726 240 8 10 0.09393439 
829 288 9 11 0.093483336 
830 296 8 9 0.092766546 
175 391 8 9 0.09225143 
346 359 6 8 0.09091372 
919 413 9 11 0.09081223 
906 311 7 10 0.09072335 
377 361 8 10 0.09037205 
955 423 11 13 0.09006528 
649 404 9 11 0.08955768 
184 406 9 11 0.08949706 
957 453 9 11 0.08829028 
958 318 8 10 0.088007376 
337 351 7 9 0.087717645 
71 318 9 11 0.08726677 
0 320 8 13 0.087099664 
882 197 9 11 0.086801514 
922 375 8 11 0.08658405 
807 308 8 10 0.086514585 
927 446 9 12 0.084462695 
770 352 8 10 0.08423823 
819 373 9 12 0.08392147 
694 469 9 12 0.08383243 
689 353 7 10 0.08382676 
341 389 9 11 0.08350082 
353 383 8 10 0.08333518 
641 290 7 9 0.083309434 
825 288 9 11 0.08306944 
929 198 8 10 0.08247321 
542 293 14 18 0.08243464 
797 366 8 11 0.08076113 
358 390 8 11 0.08030307 
350 357 8 9 0.08029234 
334 399 9 12 0.07987043 
989 373 9 11 0.07978576 
820 510 9 12 0.07909622 
722 400 8 11 0.07897609 
944 328 7 10 0.078600846 
829 370 10 14 0.07846944 
919 325 8 10 0.07842158 
905 397 9 12 0.07822555 
68 304 7 8 0.0777921 
14 384 10 12 0.077772416 
863 311 8 10 0.077605985 
424 341 8 10 0.077511385 
1 290 10 17 0.077251546 
726 232 7 10 0.076702595 
329 399 9 12 0.07665112 
296 452 10 13 0.076573715 
751 360 9 11 0.076226324 
459 303 7 10 0.07592105 
749 345 9 11 0.07563116 
686 253 7 9 0.0755098 
783 343 8 10 0.07547625 
258 321 7 9 0.07435727 
935 439 9 11 0.07408187 
1011 408 7 10 0.07380083 
946 369 8 10 0.073746346 
817 398 10 13 0.07268548 
936 336 8 10 0.072391905 
962 376 8 10 0.0718457 
985 375 9 10 0.07164998 
705 319 8 11 0.07164323 
976 304 7 9 0.071006425 
821 333 9 10 0.07099884 
519 389 14 15 0.07084245 
988 332 9 11 0.070638664 
980 227 10 13 0.07016329 
600 348 8 11 0.07005486 
303 344 8 10 0.070052035 
654 404 9 11 0.06989425 
726 245 7 10 0.069747746 
381 380 8 11 0.06958023 
750 311 8 10 0.069466405 
336 375 8 10 0.06935636 
958 411 10 12 0.0691616 
952 407 9 11 0.06858272 
937 343 8 10 0.0676918 
192 462 10 12 0.067565195 
421 381 9 12 0.0674631 
993 393 8 9 0.0673809 
706 293 8 10 0.067121916 
192 423 8 9 0.06684423 
438 327 9 10 0.06627791 
903 351 8 10 0.0662694 
899 184 8 10 0.066123 
853 347 10 12 0.06535866 
292 446 9 14 0.06469269 
335 382 8 10 0.06428588 
958 312 8 9 0.064139 
256 390 8 10 0.06371327 
282 303 7 9 0.063014224 
800 379 9 13 0.06299166 
880 375 8 10 0.06271231 
691 414 9 12 0.062590584 
894 351 8 10 0.06224219 
339 412 8 11 0.062204793 
742 241 8 10 0.062149707 
847 328 8 9 0.062114157 
681 340 8 10 0.061952148 
759 390 11 14 0.061846197 
69 369 7 10 0.061653636 
535 472 10 13 0.06145571 
889 223 9 12 0.061356973 
719 303 8 10 0.06135107 
442 359 9 13 0.06094909 
960 293 7 9 0.06091383 
402 320 7 10 0.060871948 
887 367 9 11 0.060423426 
727 343 8 10 0.06028408 
815 388 11 15 0.059637822 
695 238 7 9 0.059318583 
448 327 8 10 0.05914793 
917 224 8 11 0.059106346 
206 468 9 11 0.05905169 
649 253 8 11 0.05904711 
954 294 7 9 0.05866899 
65 311 7 10 0.05862056 
978 325 8 11 0.05855809 
643 471 9 13 0.05843482 
761 236 8 11 0.05823013 
409 310 7 9 0.05796978 
700 415 10 13 0.057561144 
983 349 8 10 0.057500437 
312 326 7 9 0.057351768 
900 377 8 10 0.057273608 
761 310 7 10 0.05689043 
642 478 8 12 0.05685954 
377 320 7 8 0.056737293 
805 316 9 12 0.056727085 
886 372 8 12 0.056636665 
697 404 10 12 0.0565929 
826 318 9 10 0.056484167 
942 313 7 10 0.056412365 
934 445 10 12 0.056368068 
777 256 7 9 0.05633401 
432 335 8 10 0.056265585 
661 429 9 12 0.056186195 
945 207 7 10 0.056043662 
826 294 8 10 0.055951618 
969 301 8 10 0.0556943 
330 382 7 9 0.05545469 
918 206 7 10 0.055434715 
0 309 9 14 0.055344436 
801 223 8 9 0.055001732 
432 303 8 8 0.054965027 
778 248 7 9 0.054168306 
183 462 9 11 0.053848103 
478 308 9 11 0.0537844 
880 350 7 10 0.053386867 
697 350 8 10 0.05331857 
957 447 10 11 0.053198863 
354 389 8 12 0.053179406 
576 310 8 11 0.053127594 
680 358 8 10 0.053085346 
847 215 8 11 0.052928038 
913 373 8 10 0.052879203 
185 392 7 9 0.052309908 
888 230 8 10 0.052105527 
296 320 7 9 0.052056745 
944 301 7 9 0.05186847 
922 445 8 12 0.051600106 
366 359 7 9 0.051550798 
77 325 12 15 0.05151395 
367 344 8 10 0.05140426 
889 310 8 9 0.051246397 
944 408 9 12 0.05103681 
351 313 8 9 0.05101496 
71 311 7 9 0.050716635 
62 317 9 12 0.050679334 
877 306 8 10 0.05063803 
739 436 10 13 0.05061163 
903 404 10 12 0.050396044 
682 387 9 12 0.05038065 
984 414 9 11 0.05024542 
945 333 8 10 0.049960356 
673 476 9 13 0.04984986 
759 321 8 9 0.049790792 
742 530 11 14 0.04978416 
279 324 8 9 0.04973143 
815 216 8 10 0.049697433 
166 469 9 12 0.049679644 
934 208 8 11 0.049536463 
761 367 8 11 0.04942812 
572 403 15 19 0.049242325 
1008 456 8 10 0.048868433 
782 420 10 13 0.048817445 
861 208 8 9 0.048630334 
727 351 8 10 0.048613284 
282 352 8 10 0.0485953 
994 429 8 10 0.048518576 
942 345 8 9 0.048221335 
273 277 8 10 0.047559265 
877 380 9 11 0.04747427 
287 373 8 10 0.04733939 
674 279 8 10 0.047339093 
770 261 8 10 0.04690542 
254 464 9 11 0.04689274 
978 223 10 12 0.046582777 
438 391 8 12 0.046541136 
671 447 9 11 0.046466988 
71 324 11 14 0.04595726 
191 407 8 11 0.045915905 
966 352 9 9 0.04583292 
914 205 8 11 0.045746524 
739 246 7 10 0.045686796 
755 257 7 10 0.04558254 
945 390 9 13 0.045419484 
184 399 8 10 0.04522536 
938 301 8 10 0.045182377 
366 351 7 9 0.045068726 
989 345 9 10 0.04497951 
938 348 8 11 0.04496466 
317 459 11 13 0.044855963 
27 313 12 15 0.04476671 
839 325 8 11 0.04456835 
929 319 7 10 0.04456432 
1016 446 7 11 0.044533294 
623 348 9 11 0.04453285 
379 390 10 12 0.044429198 
976 212 9 11 0.0444121 
865 293 9 11 0.044156525 
898 255 8 10 0.04412353 
370 368 7 9 0.044065095 
866 344 8 10 0.04402413 
624 423 10 13 0.043997146 
957 380 9 11 0.043769985 
695 279 8 9 0.04350819 
274 485 8 11 0.04349516 
657 323 8 12 0.043017976 
653 310 8 11 0.042899225 
757 360 8 10 0.04281566 
656 391 8 11 0.042805392 
389 462 8 10 0.042691 
993 460 10 12 0.042654775 
592 221 9 11 0.04263079 
19 389 11 13 0.042618524 
929 391 9 11 0.042590044 
311 298 8 9 0.0425669 
767 239 7 10 0.04237131 
550 443 11 15 0.042205952 
719 353 7 10 0.042182393 
783 357 8 11 0.042146076 
954 198 9 11 0.041928023 
255 432 10 12 0.041668735 
385 351 7 8 0.041627575 
250 423 9 12 0.041566268 
977 377 7 10 0.04149799 
368 328 8 9 0.04145668 
649 337 8 10 0.041445315 
800 310 8 11 0.04141935 
390 324 7 9 0.041403346 
1016 400 7 10 0.041242298 
580 403 14 18 0.041058782 
769 309 9 11 0.040991638 
806 199 8 9 0.040761642 
866 349 7 10 0.040638983 
173 431 9 12 0.040568765 
674 471 9 12 0.040506866 
901 261 8 11 0.04036437 
827 232 7 9 0.040327996 
773 304 8 10 0.040243607 
560 302 8 10 0.040223822 
777 325 8 12 0.040116414 
902 325 7 10 0.040077288 
654 479 9 11 0.040034514 
826 310 9 11 0.039936587 
671 429 10 12 0.039868962 
687 407 8 11 0.039647516 
728 328 8 11 0.039637096 
207 416 9 11 0.039624274 
198 440 9 11 0.039535753 
774 318 8 10 0.039460734 
614 223 8 10 0.039445866 
702 325 8 10 0.03930799 
9 423 23 33 0.03924834 
568 445 10 15 0.039211925 
771 356 8 11 0.03900019 
788 401 12 16 0.03892923 
926 468 9 13 0.03869319 
407 387 13 18 0.038559686 
920 335 8 10 0.038421325 
850 403 11 14 0.03838834 
675 569 19 22 0.038373534 
1010 302 9 11 0.038367648 
589 241 7 10 0.038225755 
969 320 8 9 0.03819328 
1013 355 9 13 0.038190864 
1010 460 8 11 0.03817731 
336 366 9 12 0.038071796 
32 430 9 15 0.03793455 
930 235 9 12 0.037934218 
1010 496 8 10 0.037834436 
273 447 9 12 0.037714835 
785 305 9 12 0.037641276 
742 381 9 12 0.037613105 
918 305 7 9 0.037493993 
694 373 9 11 0.037299417 
663 409 9 11 0.03723953 
1014 319 8 11 0.03707977 
1005 479 9 12 0.036991514 
298 344 7 10 0.03691548 
679 414 9 11 0.036901783 
334 359 8 10 0.036862556 
286 304 7 9 0.036739852 
410 305 7 9 0.036655184 
997 456 10 11 0.036603376 
965 230 8 11 0.03643943 
0 297 10 17 0.036394738 
928 311 7 9 0.036386907 
966 223 8 11 0.03636552 
635 428 12 13 0.036180414 
822 436 10 13 0.03615152 
285 351 8 10 0.03609032 
402 313 7 8 0.03605623 
573 315 9 13 0.03597867 
22 396 10 11 0.035928134 
762 304 7 10 0.03581334 
199 468 10 12 0.035795655 
480 207 10 13 0.035759233 
916 420 10 13 0.035712317 
850 302 7 9 0.035607915 
600 302 8 10 0.035506915 
10 387 9 13 0.035499804 
877 213 8 11 0.035467006 
880 334 8 9 0.035432022 
815 381 11 13 0.035349928 
397 511 9 11 0.035285775 
977 351 9 10 0.035206035 
642 214 7 9 0.03516757 
746 213 8 10 0.035021294 
517 381 15 16 0.03500807 
761 350 8 10 0.035007883 
277 494 10 13 0.034990516 
542 518 14 16 0.034971327 
386 321 7 9 0.034878243 
774 310 9 10 0.034785792 
1015 437 8 12 0.034715205 
733 311 9 11 0.034619603 
463 309 7 10 0.034604196 
926 346 9 10 0.03459523 
817 327 8 10 0.034557376 
920 190 7 10 0.034394827 
296 326 7 9 0.034336943 
1006 360 9 11 0.034239557 
793 240 8 9 0.03423905 
912 416 9 12 0.03420986 
312 334 9 11 0.034172587 
216 469 9 11 0.034159433 
1007 436 9 11 0.03413365 
468 207 10 13 0.03410242 
443 308 7 10 0.03406104 
22 344 9 12 0.033994667 
920 358 8 10 0.033955526 
19 420 12 16 0.033867665 
210 446 8 11 0.03379886 
889 173 7 9 0.03374112 
337 346 7 9 0.03373203 
991 409 9 13 0.033729196 
798 390 10 12 0.03367563 
902 249 7 9 0.03364053 
881 415 9 13 0.033627186 
938 326 8 10 0.03348191 
881 261 8 10 0.03338686 
418 484 18 20 0.03331403 
64 325 9 12 0.033243816 
784 374 8 11 0.033218823 
186 455 9 11 0.0331196 
881 328 7 9 0.03311337 
974 317 9 10 0.03304762 
481 295 8 10 0.03303377 
322 310 7 9 0.032962274 
549 299 11 15 0.032882918 
617 326 8 11 0.032869205 
925 246 8 10 0.032868978 
626 302 7 9 0.032721587 
757 465 11 15 0.03257849 
1012 192 10 16 0.03256687 
749 382 10 11 0.032561906 
816 296 7 9 0.03255268 
192 429 9 10 0.032486666 
831 181 7 9 0.032474265 
1013 381 8 12 0.032331396 
593 302 7 9 0.032295987 
928 326 7 9 0.03223223 
328 320 8 10 0.032077663 
928 336 8 9 0.03206477 
865 288 8 10 0.03196166 
963 332 8 10 0.03193054 
717 468 12 16 0.031918198 
250 463 8 11 0.031860977 
714 400 8 11 0.03184575 
956 398 9 11 0.03179632 
849 311 8 10 0.031793177 
864 334 8 10 0.031746667 
18 427 15 20 0.031513333 
967 380 8 11 0.031453807 
1015 414 7 10 0.03143431 
614 301 7 9 0.031401336 
887 169 8 9 0.03132427 
953 304 7 9 0.03127949 
807 367 9 10 0.03126108 
724 470 12 15 0.03115728 
990 368 9 11 0.031131903 
533 292 18 19 0.031102367 
710 336 8 10 0.031003136 
777 207 8 10 0.03097692 
278 446 9 13 0.03095873 
670 165 8 10 0.030915786 
737 343 8 10 0.030749599 
0 406 8 12 0.030731827 
704 312 8 9 0.030580424 
805 373 9 11 0.030550554 
776 241 7 9 0.03036692 
288 389 9 10 0.030365925 
369 384 10 12 0.030360201 
188 478 12 13 0.030357964 
306 327 7 9 0.030345986 
566 406 14 20 0.030338824 
932 375 9 11 0.030300438 
920 439 9 12 0.030249685 
703 374 9 11 0.030088438 
975 386 10 11 0.03001869 
525 546 14 18 0.029929873 
962 351 8 10 0.029838827 
705 336 8 11 0.029764635 
309 271 8 9 0.029687207 
954 311 8 9 0.029642614 
946 215 8 11 0.029568022 
519 293 11 14 0.02951782 
918 366 7 11 0.029487131 
830 231 7 9 0.029440211 
534 216 8 10 0.029404128 
342 401 8 11 0.029379752 
968 240 9 11 0.029341241 
823 329 7 10 0.02934117 
895 367 8 10 0.029265402 
418 444 11 15 0.029252607 
893 210 8 10 0.029212175 
308 508 13 15 0.029179994 
310 397 9 11 0.029145967 
950 254 9 12 0.02914357 
809 231 7 10 0.029139837 
415 380 11 17 0.029048862 
591 395 9 13 0.029023387 
905 367 8 10 0.028891709 
986 346 8 10 0.028827615 
856 303 7 9 0.028807657 
638 224 7 10 0.028800001 
591 296 7 9 0.02878332 
752 305 8 10 0.028759282 
890 342 8 10 0.028601063 
734 216 8 9 0.028526155 
848 297 7 9 0.028502395 
338 295 7 9 0.028452845 
808 360 8 11 0.02845091 
872 381 9 11 0.028450605 
1015 455 7 11 0.028360683 
429 340 9 11 0.028315466 
838 321 8 10 0.028315242 
614 246 7 10 0.028236933 
430 311 7 9 0.028214881 
845 410 13 15 0.028213691 
913 361 8 10 0.02803672 
22 415 10 13 0.028004661 
919 408 9 11 0.027992819 
79 317 10 12 0.02798078 
452 358 10 13 0.027975274 
634 320 8 11 0.027934242 
68 378 12 17 0.02783237 
698 256 7 9 0.027825134 
553 307 9 13 0.027777622 
610 248 7 8 0.02776456 
191 469 10 11 0.02773321 
288 368 8 10 0.027730927 
632 356 9 11 0.027727524 
959 305 7 9 0.027698439 
886 427 8 12 0.027643643 
441 297 7 8 0.02764044 
782 226 8 10 0.027555017 
926 459 11 15 0.027502634 
587 319 10 13 0.027458373 
943 290 8 9 0.027458323 
718 296 7 9 0.027449183 
313 310 7 9 0.027418362 
329 351 7 9 0.027406596 
921 346 8 10 0.027366575 
581 309 8 11 0.0273641 
0 259 9 14 0.027344061 
794 396 12 15 0.027272616 
1002 304 7 9 0.027181229 
1016 391 8 10 0.027180156 
641 320 9 12 0.027147744 
590 364 11 16 0.027095739 
789 313 11 13 0.027061556 
318 337 8 9 0.02700042 
1009 326 8 10 0.026948577 
789 391 9 12 0.026918773 
767 437 12 14 0.026880303 
953 445 9 12 0.02662028 
447 295 7 9 0.026611386 
293 390 9 10 0.026589498 
757 260 8 10 0.026543394 
414 342 9 11 0.026442565 
797 509 16 23 0.026376126 
737 350 8 10 0.02634683 
697 358 7 9 0.026338214 
910 391 8 11 0.026287828 
474 304 7 9 0.026222346 
679 429 9 12 0.026069323 
839 303 8 10 0.02603638 
879 366 8 11 0.02602016 
672 285 9 10 0.025943002 
326 303 7 9 0.025846792 
303 500 13 13 0.025836013 
570 311 9 11 0.025826978 
933 199 8 10 0.025814516 
681 352 8 11 0.025776876 
288 438 9 13 0.025762748 
911 450 9 10 0.025755007 
802 198 8 10 0.025659868 
983 320 9 11 0.025522362 
858 287 8 10 0.02546799 
694 382 10 12 0.025456753 
1014 325 8 12 0.02534674 
940 445 10 12 0.02534543 
704 357 7 10 0.025332112 
351 295 7 8 0.025317537 
975 359 9 10 0.02529854 
950 329 8 9 0.025191028 
160 380 8 10 0.025188033 
819 514 9 13 0.025185736 
587 296 6 8 0.025157258 
774 363 9 12 0.025128294 
898 189 8 10 0.025058245 
751 407 11 14 0.024947241 
434 319 8 10 0.024940237 
877 344 9 11 0.024883274 
686 485 11 13 0.024843588 
781 489 14 18 0.024834812 
990 444 10 12 0.024814213 
375 528 8 10 0.02480161 
958 193 9 11 0.024800595 
368 335 8 9 0.02477952 
687 470 11 13 0.024731372 
623 494 10 13 0.024727877 
845 224 8 10 0.024558565 
23 382 10 11 0.02455522 
736 329 8 9 0.024480304 
970 390 7 10 0.024463069 
781 450 10 13 0.024454104 
314 421 9 12 0.024409126 
357 370 8 9 0.024351675 
858 231 8 11 0.024315689 
600 424 9 11 0.024268154 
302 373 10 12 0.024264783 
352 354 7 9 0.02422166 
24 374 10 12 0.02412185 
326 296 8 10 0.024091221 
999 393 8 9 0.024089314 
871 333 9 11 0.02407865 
32 401 8 10 0.0240656 
817 221 8 10 0.024053635 
855 330 8 10 0.024020683 
474 309 8 10 0.024011312 
653 469 10 12 0.023982888 
679 465 11 12 0.023934582 
609 205 8 10 0.023888037 
302 494 11 12 0.023859603 
903 318 7 10 0.02384981 
604 391 11 13 0.023847107 
598 390 12 15 0.023840832 
967 346 8 9 0.023754893 
932 361 9 11 0.023735862 
317 368 10 11 0.023733106 
847 247 8 10 0.023729041 
311 458 11 13 0.023706932 
742 388 10 12 0.023698077 
1002 372 9 12 0.023696287 
426 428 11 14 0.023652324 
459 309 7 10 0.023648987 
927 450 10 15 0.023618266 
675 344 7 9 0.023600183 
903 446 8 11 0.023564389 
478 325 11 15 0.023488892 
928 194 7 9 0.023485677 
774 418 11 15 0.023441585 
920 392 8 11 0.023437958 
801 229 8 10 0.023337027 
820 504 10 13 0.023244752 
710 415 10 12 0.023196368 
314 380 9 11 0.023076992 
945 254 10 12 0.023059456 
385 345 7 9 0.023020271 
751 318 8 10 0.023013217 
622 238 7 10 0.023011629 
539 545 24 27 0.022987653 
772 498 12 17 0.022947298 
887 271 8 10 0.022937283 
434 493 33 34 0.022898 
988 439 11 12 0.02289223 
358 383 8 11 0.022886075 
721 344 8 10 0.022827916 
613 444 9 13 0.022740703 
363 344 7 10 0.022736186 
206 476 12 13 0.022580076 
673 358 7 9 0.022545453 
343 385 8 10 0.022517692 
711 248 6 9 0.022513188 
287 384 8 10 0.022467997 
708 527 10 11 0.022441568 
60 359 10 12 0.022436952 
1010 351 9 12 0.022436338 
1014 341 9 13 0.02231128 
198 429 9 11 0.022301422 
840 311 8 10 0.022265036 
677 404 9 12 0.022162931 
313 321 7 10 0.0221504 
452 327 8 11 0.022118764 
228 464 9 11 0.022117931 
658 380 9 11 0.02210702 
885 194 8 10 0.022095727 
397 541 9 11 0.022093458 
279 498 11 13 0.022081023 
928 440 9 12 0.022074196 
710 344 8 10 0.021999309 
980 208 9 11 0.02196017 
681 439 10 15 0.02192993 
862 316 9 11 0.02183803 
919 215 8 10 0.021773411 
344 295 7 9 0.021747364 
814 231 7 10 0.021654245 
912 350 7 9 0.021641253 
760 330 10 13 0.021629361 
759 414 12 16 0.021626191 
711 313 8 10 0.021617461 
719 214 8 10 0.021605412 
800 305 8 10 0.021603428 
673 437 9 12 0.021584414 
886 246 8 10 0.021574952 
418 321 7 9 0.021560442 
584 349 9 12 0.021548918 
822 462 12 15 0.021546409 
283 500 11 13 0.021542726 
663 201 7 10 0.021514673 
950 205 9 11 0.021498999 
646 424 8 11 0.021494823 
912 344 7 9 0.02149026 
898 229 8 11 0.021413958 
354 412 9 11 0.021381745 
573 446 9 14 0.021380238 
437 332 9 11 0.021369953 
952 340 8 11 0.021321515 
480 224 10 12 0.02128257 
263 390 8 10 0.021265667 
618 239 7 10 0.021265019 
696 273 7 9 0.021254973 
585 303 7 9 0.021250058 
1014 375 9 11 0.021200944 
657 484 9 12 0.021178484 
176 462 9 11 0.0210534 
280 296 8 10 0.021040745 
610 223 8 10 0.020965513 
590 336 11 13 0.020885583 
982 388 9 11 0.020865267 
704 257 7 9 0.020861618 
672 393 9 10 0.02082033 
320 342 8 10 0.020815052 
185 411 10 12 0.02081356 
696 311 7 10 0.020807562 
769 246 7 9 0.020778565 
86 316 8 11 0.020757278 
782 427 10 13 0.020755531 
326 311 7 8 0.02072843 
917 428 10 13 0.02072684 
986 368 8 10 0.020679751 
873 181 8 10 0.020609062 
16 393 12 14 0.020605236 
993 278 8 10 0.020584788 
191 391 8 10 0.020538002 
405 319 8 10 0.02053223 
439 320 8 10 0.020531354 
382 360 7 10 0.02048003 
463 297 7 9 0.020453662 
872 208 8 10 0.02044208 
910 228 9 12 0.020407856 
517 456 19 26 0.020403577 
810 296 7 9 0.020398187 
451 509 15 16 0.020370664 
295 359 8 10 0.020365119 
725 371 9 12 0.020362845 
591 389 11 14 0.02029712 
915 190 7 9 0.020286623 
682 316 10 13 0.020271882 
169 447 7 10 0.0202356 
566 297 8 9 0.020223884 
532 547 14 19 0.02020209 
896 175 7 8 0.020151712 
234 429 11 15 0.020083008 
449 321 7 10 0.020074807 
781 182 8 10 0.020068865 
522 548 11 15 0.020053227 
322 304 8 10 0.020046296 
968 214 8 11 0.020030553 
822 362 9 11 0.020016566 
631 301 8 9 0.020014618 
