35_Basketball_basketballgame_ball_35_689
828
480 116 12 15 0.9852078 
806 153 14 19 0.9805493 
413 108 10 13 0.98013103 
245 60 11 14 0.9796832 
581 62 11 14 0.9794638 
437 23 10 13 0.97872204 
317 316 16 22 0.97793764 
576 92 10 14 0.96917725 
581 132 10 12 0.9673217 
61 68 10 13 0.96663195 
270 44 12 16 0.9650424 
353 103 10 13 0.9647493 
871 129 11 15 0.9570609 
524 206 12 15 0.9532213 
652 200 13 17 0.9499007 
392 189 12 16 0.94973654 
212 85 11 14 0.94660306 
988 141 11 14 0.94612485 
515 190 11 13 0.94558364 
295 67 11 15 0.94518614 
229 2 11 14 0.9435351 
77 43 10 12 0.94297284 
284 131 10 13 0.9429313 
518 63 10 13 0.94244045 
21 123 10 13 0.94127625 
206 4 9 12 0.939457 
99 45 10 13 0.93887395 
343 137 11 14 0.9360702 
136 135 12 15 0.93113023 
581 193 11 14 0.9308102 
145 19 10 14 0.9305825 
20 94 9 13 0.9272633 
550 91 11 14 0.92583853 
207 253 14 18 0.92551696 
381 138 11 14 0.9254657 
420 202 12 14 0.9159332 
689 236 11 15 0.9154245 
727 144 10 13 0.91378134 
489 86 12 14 0.91356474 
151 48 11 14 0.9122387 
723 183 12 15 0.9122065 
926 167 12 15 0.91065395 
448 178 11 14 0.9091479 
411 143 10 13 0.90721667 
655 71 11 13 0.9066307 
518 4 10 12 0.90612215 
909 97 12 15 0.90024036 
28 144 12 15 0.89686894 
742 19 10 13 0.8967976 
396 23 9 12 0.89082104 
96 154 11 14 0.88891864 
552 195 11 14 0.8875952 
323 99 11 13 0.88757944 
188 29 10 14 0.886045 
486 53 10 13 0.88518405 
301 10 10 14 0.88213646 
520 90 11 13 0.881084 
624 317 15 20 0.8800133 
351 16 10 13 0.8780261 
54 99 10 13 0.86719143 
183 154 11 14 0.8642986 
83 15 11 13 0.86206126 
959 190 12 15 0.8604398 
665 226 12 16 0.8586954 
444 82 10 13 0.85626507 
173 0 9 11 0.85621876 
699 18 11 14 0.8514415 
840 137 12 16 0.8507454 
452 113 11 14 0.8505861 
616 71 11 15 0.850339 
947 140 11 14 0.84866357 
629 200 12 15 0.8436667 
543 43 10 13 0.8434556 
116 21 10 11 0.8421554 
313 131 12 14 0.8284927 
649 43 10 13 0.822049 
469 220 12 14 0.8164511 
50 39 9 11 0.8132495 
450 201 12 16 0.8080587 
870 198 14 18 0.80631036 
7 71 9 12 0.80465305 
237 153 10 13 0.79524 
551 12 10 12 0.7943861 
882 175 12 14 0.7911705 
310 41 11 14 0.78699124 
615 133 11 14 0.7857216 
475 146 11 14 0.78536624 
35 65 11 14 0.7815266 
74 128 10 12 0.7706788 
392 48 9 12 0.77049047 
98 134 10 13 0.7654246 
174 112 10 13 0.7644618 
67 145 12 16 0.7641939 
803 87 11 15 0.763614 
802 202 12 16 0.76248795 
708 57 9 12 0.76206064 
654 105 11 13 0.7575584 
145 87 10 13 0.7530413 
698 173 12 15 0.75298136 
119 71 10 13 0.75041205 
422 87 10 12 0.7453971 
556 161 11 14 0.7396252 
394 80 9 11 0.73931783 
203 117 10 13 0.7286005 
437 143 11 13 0.7256074 
967 35 13 18 0.71945095 
672 44 11 15 0.7154639 
220 120 10 13 0.7066413 
332 69 10 12 0.70083475 
296 98 10 13 0.6999917 
129 52 10 12 0.6934349 
462 24 9 12 0.6900638 
238 91 10 13 0.6738814 
272 164 11 14 0.6703176 
938 71 11 14 0.66636145 
554 215 12 15 0.6653176 
242 125 10 13 0.6641589 
987 108 11 13 0.6570284 
671 367 17 21 0.65600145 
684 79 11 13 0.6504593 
591 217 12 16 0.64769804 
123 195 11 14 0.6299845 
829 93 11 15 0.6185896 
78 71 11 13 0.5868747 
773 142 11 16 0.58570504 
371 14 10 13 0.5805264 
64 16 9 12 0.579599 
614 11 9 12 0.5736968 
498 36 10 13 0.5690663 
-1 87 8 12 0.5680627 
577 40 11 13 0.54117864 
334 52 9 11 0.5348453 
388 117 9 13 0.52356386 
422 174 11 14 0.52096367 
517 31 10 13 0.51578945 
690 581 21 26 0.5092098 
461 387 15 20 0.506701 
824 66 10 13 0.4888591 
767 203 12 16 0.4875305 
624 102 11 14 0.46525368 
928 6 12 14 0.4642597 
425 52 10 13 0.4629933 
49 126 10 13 0.45639557 
347 180 10 15 0.44578826 
677 23 9 10 0.44139454 
481 0 10 10 0.44054738 
461 52 10 13 0.43903646 
388 111 10 11 0.42988947 
347 370 14 18 0.4225927 
931 37 10 15 0.41771337 
2 15 8 12 0.41498315 
605 37 9 12 0.41474777 
549 127 10 13 0.40361083 
653 19 9 12 0.3801106 
270 96 9 12 0.37984943 
82 103 9 12 0.3704026 
640 247 10 13 0.3539549 
362 54 9 12 0.3497541 
173 43 10 12 0.34830093 
369 77 10 13 0.34603345 
956 20 9 12 0.34318027 
509 159 9 12 0.33334768 
1015 46 9 14 0.31883988 
14 38 9 13 0.3145708 
340 166 12 14 0.31018582 
594 12 10 12 0.30273053 
340 172 13 15 0.30105388 
542 66 11 13 0.2993994 
143 76 10 11 0.29811352 
517 133 9 11 0.2867922 
301 165 11 15 0.28659654 
284 55 11 14 0.2848882 
104 0 8 8 0.2828129 
606 259 15 18 0.281374 
600 230 12 15 0.27084327 
502 163 11 14 0.26826066 
856 55 10 12 0.26721597 
489 196 9 12 0.2651458 
966 227 11 14 0.2623947 
438 118 10 12 0.24955265 
893 127 11 15 0.24597548 
431 149 10 13 0.24484983 
101 92 9 12 0.24440573 
549 299 15 20 0.24413382 
102 71 9 12 0.23886879 
344 91 9 13 0.23839726 
887 76 10 12 0.23537853 
953 16 9 12 0.23368709 
940 207 11 14 0.22617812 
287 343 14 18 0.22379352 
893 79 9 12 0.22271773 
489 190 10 12 0.2194398 
8 6 9 12 0.21548076 
974 78 11 14 0.2148635 
608 172 10 12 0.21416247 
376 165 12 16 0.21144341 
504 141 10 14 0.20817812 
724 292 10 13 0.20801607 
598 91 10 13 0.20590629 
525 143 10 14 0.20247121 
939 110 10 13 0.20050602 
269 64 10 13 0.19305061 
911 69 8 11 0.19097893 
96 69 10 13 0.18681827 
102 11 10 12 0.18447389 
725 223 10 13 0.18426944 
128 23 9 11 0.18398552 
895 46 9 11 0.18184248 
407 0 8 8 0.16976552 
598 142 10 12 0.16676098 
638 39 9 12 0.1656623 
109 31 9 12 0.15605493 
165 131 12 15 0.15363204 
597 168 9 11 0.15118383 
333 181 12 15 0.15116854 
792 228 11 15 0.15028945 
831 131 11 15 0.14948273 
574 116 10 13 0.14487487 
-2 125 8 13 0.1421785 
361 182 9 12 0.14129914 
71 94 9 12 0.13919318 
617 166 9 13 0.13692388 
190 126 9 12 0.13534263 
566 0 9 10 0.12989348 
996 21 10 12 0.12962481 
118 46 9 12 0.12933002 
437 100 10 13 0.12773694 
192 0 9 9 0.12588117 
21 39 9 11 0.12578805 
899 188 11 15 0.12533304 
368 71 10 12 0.12437646 
649 102 11 14 0.124286786 
768 187 11 14 0.121753104 
935 143 10 12 0.118725434 
680 28 9 11 0.117079675 
903 153 11 14 0.11702512 
184 48 9 12 0.11546481 
270 143 10 14 0.114550516 
657 172 9 12 0.11207245 
509 141 10 14 0.11171593 
622 32 10 11 0.111216225 
972 101 11 13 0.111072406 
113 93 10 12 0.110761575 
710 0 9 8 0.110609196 
650 14 10 13 0.11056324 
683 306 13 17 0.11053798 
555 247 13 16 0.109666236 
486 2 9 12 0.109224975 
368 19 9 12 0.108961016 
837 55 11 14 0.10874496 
573 172 11 13 0.10607389 
689 287 10 13 0.10260763 
393 215 16 18 0.10181256 
911 39 9 12 0.10154602 
820 212 13 15 0.09996181 
326 14 10 12 0.096638694 
903 95 12 15 0.0961383 
742 0 8 8 0.096069954 
3 21 10 12 0.09538899 
640 141 11 13 0.09522713 
941 102 10 12 0.093702294 
567 61 8 11 0.09361867 
917 705 28 34 0.09332851 
617 38 9 12 0.09309068 
376 123 8 12 0.09280693 
959 35 12 18 0.09106597 
471 46 11 13 0.09028808 
438 46 9 13 0.08962569 
620 36 10 12 0.089250095 
676 327 14 16 0.088650234 
919 70 8 10 0.086786814 
508 266 10 13 0.08671258 
429 46 11 14 0.08501394 
359 60 9 11 0.08422492 
828 63 10 13 0.08392752 
904 68 10 12 0.08331297 
550 64 9 12 0.083289705 
266 99 9 13 0.08279727 
206 148 11 15 0.08237926 
700 418 28 24 0.08235719 
495 167 11 14 0.082268134 
639 14 7 11 0.08076693 
693 378 21 27 0.08029576 
1014 139 9 15 0.078803055 
606 23 8 11 0.07869596 
594 173 9 11 0.07789312 
897 95 10 13 0.07701986 
300 27 10 13 0.07670298 
686 127 8 11 0.07591365 
544 0 9 9 0.074578755 
615 158 10 12 0.07435809 
632 7 9 13 0.07382653 
70 100 9 11 0.073265105 
373 7 10 12 0.07282601 
394 27 10 12 0.07275219 
946 16 9 11 0.0724399 
158 -1 9 9 0.07180139 
591 30 8 10 0.07173103 
860 16 11 12 0.07075252 
561 0 8 10 0.068235554 
943 92 11 14 0.06798076 
657 6 9 11 0.06797267 
671 68 10 14 0.067966886 
397 52 8 11 0.06728258 
440 0 10 9 0.06702146 
568 172 10 12 0.06685919 
607 156 10 12 0.06666365 
601 31 9 11 0.066286944 
423 37 9 11 0.06616289 
127 245 10 13 0.06580094 
698 393 18 19 0.065749414 
405 37 9 12 0.06563982 
544 261 10 14 0.06532698 
916 125 12 16 0.065019876 
366 93 9 11 0.06387576 
430 38 10 11 0.06358194 
555 190 11 14 0.06260983 
375 82 10 13 0.06254775 
369 8 9 11 0.06249304 
543 292 12 18 0.06238342 
761 288 9 11 0.062332094 
681 124 9 11 0.062327698 
672 75 9 14 0.06199536 
47 31 9 11 0.061950125 
61 53 9 11 0.06154913 
770 181 12 14 0.061233275 
118 119 9 10 0.061156146 
493 203 10 13 0.06088187 
360 47 8 11 0.060878657 
787 150 13 16 0.06065938 
777 0 9 9 0.06045268 
488 183 11 14 0.060387973 
153 0 8 9 0.06036761 
559 124 9 13 0.059908863 
344 0 8 9 0.059164163 
121 133 9 11 0.05897546 
695 327 10 14 0.058904324 
264 69 9 13 0.058618713 
390 104 10 12 0.05852517 
545 132 10 12 0.058025237 
679 0 9 8 0.057811085 
503 1 9 10 0.057244457 
543 181 10 13 0.05678746 
539 61 10 14 0.056676764 
340 158 10 13 0.05662654 
527 78 10 12 0.056249406 
84 106 11 14 0.056187462 
612 169 11 14 0.056107312 
474 13 9 12 0.055846617 
606 32 9 11 0.055599436 
41 29 8 11 0.05543555 
22 29 9 12 0.05542209 
59 100 10 13 0.055260487 
852 155 10 14 0.055128828 
22 180 14 16 0.05507143 
1008 70 10 12 0.054749295 
398 103 10 13 0.054523442 
928 32 10 12 0.05449963 
959 110 8 10 0.054103114 
947 165 11 14 0.0540803 
393 0 8 9 0.05392051 
758 226 11 14 0.053792678 
676 49 11 13 0.053773534 
0 28 7 12 0.053707015 
688 133 8 11 0.053351287 
142 104 10 13 0.053289935 
552 119 10 13 0.053232666 
934 51 8 11 0.053175945 
136 0 8 9 0.053159423 
472 6 9 11 0.052765496 
474 0 9 10 0.052731954 
101 137 10 14 0.052730814 
698 196 13 15 0.052043848 
77 0 9 9 0.051883303 
687 63 8 10 0.0518547 
604 246 14 16 0.051724114 
400 0 9 8 0.05169653 
846 85 10 12 0.05154835 
502 170 12 16 0.05148479 
302 159 12 15 0.05117356 
170 115 11 13 0.05114157 
25 746 20 19 0.05089743 
641 69 10 12 0.05069311 
976 197 11 13 0.050464872 
5 140 9 12 0.050455403 
921 53 9 10 0.05037832 
393 7 9 11 0.04993816 
894 52 9 11 0.04977629 
536 13 8 10 0.049417026 
606 282 11 16 0.0493956 
363 278 11 13 0.049310688 
432 101 11 14 0.049240924 
147 16 10 13 0.04914105 
634 45 8 11 0.04897475 
443 142 10 14 0.048577163 
438 109 10 13 0.04854347 
621 168 11 15 0.04830897 
1010 31 9 11 0.048173822 
968 77 13 16 0.048136313 
606 100 11 12 0.04810902 
58 55 9 12 0.04799515 
376 0 8 9 0.047937535 
640 103 9 11 0.04792276 
455 390 14 19 0.047804546 
559 182 10 13 0.047784004 
191 120 8 11 0.047696684 
657 1 8 8 0.047570504 
85 71 10 13 0.04747206 
456 133 10 15 0.04692384 
942 63 10 12 0.04690785 
77 62 10 13 0.046883147 
610 253 14 17 0.046820223 
680 369 16 19 0.046508133 
890 53 8 10 0.04633308 
293 36 10 13 0.045664962 
546 188 9 13 0.04564604 
57 21 9 11 0.04522171 
889 124 11 15 0.044917956 
606 42 10 12 0.04489591 
583 6 9 12 0.044869356 
390 38 10 13 0.044612218 
15 30 9 10 0.04459908 
368 84 9 11 0.04457769 
197 85 11 13 0.044488944 
274 94 10 13 0.044413924 
350 37 10 13 0.04420437 
422 80 10 12 0.044186234 
1014 76 9 14 0.04404228 
659 74 10 14 0.044012956 
599 0 9 8 0.044011433 
567 5 8 11 0.0438851 
456 28 9 12 0.04365602 
640 22 7 10 0.04358543 
909 721 12 20 0.043425642 
413 189 11 13 0.043372307 
878 46 10 12 0.043333698 
40 5 10 12 0.04326841 
1 170 9 15 0.043089293 
276 147 12 14 0.043007646 
198 141 10 13 0.04298028 
920 46 9 11 0.04271043 
686 29 8 11 0.042643927 
264 126 10 12 0.04257111 
511 103 9 12 0.04251113 
790 342 8 11 0.042381797 
672 150 10 11 0.042353593 
502 136 10 13 0.04226577 
185 126 9 12 0.042028077 
22 25 9 10 0.04180124 
421 33 9 11 0.041787483 
520 141 10 13 0.041773938 
638 31 9 11 0.041577056 
168 94 8 11 0.041425314 
598 243 14 16 0.04130795 
889 63 9 12 0.04110054 
7 135 9 12 0.041060098 
537 8 8 10 0.04102371 
976 150 10 11 0.0408596 
601 23 9 11 0.040624738 
957 278 9 11 0.0403232 
55 62 10 13 0.040297586 
467 383 14 20 0.040197592 
503 56 9 12 0.040059738 
238 130 10 12 0.040054515 
894 62 11 14 0.039980706 
321 85 9 11 0.039901257 
328 48 9 12 0.039829474 
263 132 10 13 0.039813392 
961 27 11 15 0.03971902 
268 123 10 13 0.039393377 
639 8 8 11 0.039226357 
1014 38 9 14 0.039156374 
507 148 12 13 0.03914996 
943 22 10 11 0.03899676 
86 7 9 11 0.038896043 
223 53 12 15 0.038629804 
542 78 10 12 0.038603235 
993 46 10 12 0.038539916 
362 94 8 10 0.038457252 
372 70 9 11 0.038444575 
133 47 10 12 0.038151886 
583 231 10 14 0.038133163 
564 124 10 12 0.037995785 
120 39 9 12 0.037641503 
408 125 9 12 0.03750589 
991 125 12 15 0.03750427 
878 103 9 11 0.037424043 
488 203 10 14 0.0370873 
341 184 13 16 0.03703283 
1006 0 10 10 0.036951847 
545 8 7 10 0.036868945 
1 78 8 12 0.03684263 
309 164 11 14 0.036608722 
457 6 8 10 0.03658957 
1012 107 11 16 0.036580447 
93 103 9 12 0.0363932 
751 78 10 13 0.03637892 
488 167 10 13 0.036156088 
2 8 10 12 0.03603807 
41 133 9 12 0.03599706 
330 186 10 14 0.03596803 
592 0 9 8 0.035660364 
120 201 11 14 0.03552425 
417 36 8 11 0.03551997 
413 60 9 11 0.035388406 
600 251 14 16 0.035242777 
648 0 8 8 0.035067204 
356 19 10 13 0.034980133 
392 286 10 11 0.034974527 
96 127 10 14 0.03458231 
985 5 9 10 0.03454933 
357 40 9 12 0.03453885 
239 110 10 13 0.03449955 
391 170 9 13 0.034476835 
567 206 9 11 0.034411985 
181 -1 11 11 0.03423261 
620 60 10 11 0.034228627 
280 51 10 14 0.034183025 
88 0 9 9 0.033615366 
317 204 11 13 0.033583913 
325 86 10 12 0.03349783 
385 101 9 12 0.033413656 
622 157 9 12 0.03330904 
609 78 10 13 0.033021405 
415 54 8 10 0.03281468 
706 0 9 9 0.032681625 
901 211 10 13 0.03267554 
647 70 10 13 0.032586437 
110 100 11 13 0.03257189 
953 108 8 12 0.032433793 
144 44 9 13 0.032432277 
95 64 10 12 0.03238359 
766 292 9 11 0.032312665 
357 123 10 14 0.032269903 
68 15 8 11 0.03221732 
153 5 9 11 0.032143448 
443 101 11 13 0.03211548 
558 109 10 13 0.032090705 
661 277 9 11 0.03190949 
261 74 9 13 0.03188116 
554 53 9 11 0.03184748 
433 26 11 14 0.031579167 
437 195 10 16 0.031564124 
941 199 11 12 0.03149737 
143 0 8 9 0.03148129 
878 85 9 12 0.031348575 
583 212 10 15 0.031311933 
519 117 9 13 0.03127666 
47 60 10 12 0.031257752 
772 262 11 14 0.031236434 
612 93 10 12 0.031205386 
9 31 8 11 0.031202443 
721 246 9 12 0.03113649 
58 15 9 12 0.031129012 
847 125 13 16 0.031093827 
675 37 11 15 0.031008195 
317 44 10 13 0.030990561 
160 13 9 12 0.030962106 
127 133 8 13 0.030938296 
33 23 8 10 0.030932806 
415 47 8 11 0.030917004 
613 247 11 13 0.03087467 
607 220 10 13 0.030790545 
856 289 16 19 0.030664489 
216 13 9 12 0.030571952 
445 46 9 13 0.030525377 
456 1 8 9 0.030521337 
911 122 11 15 0.030426972 
1015 23 7 12 0.030409196 
925 70 8 11 0.030371232 
889 46 10 11 0.030163702 
134 30 8 11 0.03014495 
765 312 12 18 0.030118428 
791 6 8 10 0.030021187 
308 157 13 14 0.029648554 
792 1 8 9 0.029610105 
517 158 9 12 0.02951979 
648 190 9 12 0.029500213 
813 347 8 12 0.029492302 
350 0 8 9 0.029391 
136 14 9 12 0.029373292 
551 296 24 28 0.02936746 
488 36 9 12 0.029333524 
136 108 9 11 0.029247638 
381 80 9 12 0.029134803 
128 125 8 11 0.02913239 
128 0 9 9 0.02910323 
510 20 9 11 0.029090812 
0 157 8 12 0.02897447 
639 108 8 12 0.02893882 
556 117 10 13 0.028784303 
526 309 8 10 0.028736623 
986 61 13 18 0.028720638 
611 284 12 15 0.02855427 
254 0 10 10 0.028511442 
462 13 9 12 0.028497752 
0 55 9 12 0.028494777 
652 297 13 18 0.028435914 
31 32 9 11 0.028415041 
320 227 10 14 0.028413488 
661 168 11 14 0.02830219 
868 190 13 17 0.028280307 
96 28 10 12 0.028229559 
528 47 8 10 0.028156329 
983 146 12 13 0.027951678 
672 7 8 10 0.02785905 
377 135 10 14 0.027781595 
1014 146 10 15 0.027537618 
882 78 9 11 0.027477587 
384 94 9 12 0.027458819 
788 202 11 15 0.027443485 
902 46 9 11 0.027346916 
361 6 9 11 0.027340071 
772 220 12 16 0.027325531 
57 6 9 12 0.027297145 
720 40 10 13 0.02724963 
541 51 10 12 0.027246932 
397 7 9 11 0.02722229 
233 134 9 11 0.027207138 
44 0 9 9 0.027188672 
524 31 9 13 0.027181324 
176 61 9 12 0.02712118 
254 134 10 13 0.027079064 
773 329 13 17 0.027066873 
663 30 9 10 0.027065787 
547 11 8 12 0.027034113 
2 70 9 12 0.027018476 
975 106 10 13 0.027000485 
698 331 12 14 0.026981093 
97 24 9 11 0.026935441 
248 138 11 13 0.026795235 
447 212 10 13 0.026593564 
158 6 9 11 0.026552467 
279 62 10 14 0.026550831 
524 218 11 13 0.026548328 
768 86 9 11 0.026436567 
181 116 9 12 0.026423316 
885 117 12 14 0.026417674 
46 138 10 12 0.026384147 
138 6 8 10 0.026358869 
368 0 8 9 0.02635577 
48 121 10 13 0.026354631 
360 86 9 11 0.026262801 
630 29 8 11 0.026170501 
702 40 10 12 0.026161106 
585 218 12 16 0.026160778 
927 108 8 11 0.026143579 
702 387 19 20 0.02610383 
918 39 9 12 0.025982253 
780 99 11 13 0.025961287 
352 122 11 14 0.025941933 
113 52 9 12 0.025940184 
903 54 9 12 0.025880946 
560 6 8 10 0.025869014 
119 127 9 11 0.025865832 
606 197 10 12 0.02568614 
648 183 10 11 0.02557031 
125 249 13 17 0.025561014 
725 213 10 13 0.025509171 
1015 83 9 14 0.025389519 
560 203 10 13 0.025360549 
774 21 9 12 0.025335174 
679 70 9 13 0.025291815 
951 88 10 13 0.0251347 
117 26 10 13 0.025015749 
9 157 9 12 0.024952479 
86 94 9 11 0.024924295 
468 22 10 14 0.024877973 
21 171 15 18 0.02485118 
66 128 8 10 0.02477542 
302 20 11 13 0.024728088 
114 117 9 12 0.0247078 
782 0 9 9 0.024707193 
614 101 10 13 0.024651466 
750 249 12 15 0.024563462 
111 70 8 12 0.02456117 
937 93 11 14 0.024470348 
573 78 8 11 0.024424734 
456 37 9 11 0.024366876 
67 21 9 11 0.02425494 
681 102 9 11 0.024254827 
464 0 8 9 0.024243554 
660 178 13 14 0.024238367 
221 30 12 15 0.024217512 
199 122 9 12 0.024207586 
887 95 9 11 0.024126668 
73 7 9 11 0.02410517 
256 76 10 13 0.02407725 
0 131 8 13 0.024033861 
877 0 12 12 0.023942871 
672 29 9 11 0.023910215 
984 92 9 12 0.023726191 
196 134 10 12 0.02370245 
772 151 12 17 0.023690918 
840 84 10 13 0.02368323 
617 31 9 11 0.023656871 
542 285 12 18 0.023589114 
719 108 10 12 0.023570951 
563 246 14 17 0.023555351 
384 122 10 12 0.023533273 
23 78 9 11 0.023515414 
74 69 10 13 0.023474745 
744 78 11 13 0.02344155 
942 143 12 16 0.023369037 
446 221 10 12 0.023330152 
997 285 10 11 0.023309343 
615 0 9 10 0.023297746 
620 137 11 14 0.02329036 
851 108 12 15 0.023265589 
767 220 11 16 0.023263382 
678 314 15 16 0.023224644 
38 24 9 11 0.023212686 
654 180 11 13 0.023177441 
665 123 10 12 0.023165582 
101 128 10 13 0.023130132 
598 61 9 11 0.02307304 
117 87 10 11 0.02306782 
413 0 9 9 0.023051113 
535 78 9 12 0.023018664 
592 178 10 13 0.023015415 
290 351 16 22 0.023012362 
991 17 11 12 0.022990724 
88 116 10 13 0.022890884 
879 52 9 11 0.022886937 
184 15 9 12 0.022836342 
126 39 9 12 0.022823788 
439 295 10 12 0.02277902 
551 0 9 9 0.022778777 
160 128 12 14 0.022738887 
673 16 8 11 0.022672474 
191 5 9 11 0.02264402 
790 13 9 11 0.022623017 
111 147 9 13 0.022576591 
246 132 10 13 0.022572348 
559 60 9 12 0.02255039 
856 48 9 12 0.02253783 
821 84 10 14 0.022487225 
142 6 9 11 0.022430228 
576 12 9 11 0.022392686 
941 190 12 15 0.022388225 
903 78 9 11 0.022378815 
267 133 11 14 0.02236067 
686 70 10 12 0.022348948 
584 0 9 10 0.022342904 
1 38 8 11 0.022304198 
710 219 10 13 0.022277448 
345 38 10 12 0.022176677 
433 116 9 13 0.022152888 
511 84 9 13 0.022091532 
159 103 10 12 0.02207095 
606 191 9 11 0.022061257 
518 128 9 12 0.02203098 
7 42 10 12 0.022029217 
771 195 14 18 0.022023292 
375 175 12 16 0.0220039 
415 126 9 12 0.021977704 
633 86 10 13 0.021947049 
18 181 11 14 0.021871971 
71 57 9 11 0.021823162 
439 69 9 12 0.02177239 
537 68 10 12 0.021745984 
266 140 10 14 0.021726418 
430 77 9 12 0.021721594 
860 59 9 12 0.021712672 
461 39 10 13 0.021711748 
871 0 11 11 0.021654513 
327 20 9 10 0.02160444 
72 109 9 12 0.02154444 
447 132 11 15 0.02153005 
583 185 11 13 0.021487927 
16 135 8 11 0.021456055 
662 365 14 19 0.021276558 
430 93 10 12 0.021243997 
966 89 14 17 0.021236967 
640 53 9 11 0.021230975 
935 134 10 12 0.021188907 
952 38 10 14 0.021164738 
64 119 8 10 0.021120742 
921 77 9 11 0.021079164 
503 246 9 13 0.021070793 
632 52 8 11 0.021069288 
910 77 9 11 0.02102628 
614 83 9 12 0.021021523 
971 92 14 16 0.02100226 
958 76 11 13 0.021002157 
63 9 9 12 0.02099062 
423 0 9 8 0.020966096 
213 0 9 9 0.020959476 
1013 95 10 14 0.02084233 
171 131 12 15 0.02083882 
783 55 9 11 0.020793008 
40 13 9 10 0.02069804 
550 311 15 18 0.020695841 
244 121 10 13 0.02067368 
131 245 11 13 0.020673651 
568 120 9 13 0.02066775 
769 29 9 11 0.020569563 
589 253 11 16 0.020568507 
753 299 9 13 0.02055567 
628 157 10 12 0.020541877 
501 251 10 14 0.020528076 
799 40 9 11 0.020518348 
1008 133 11 15 0.020514552 
97 0 9 8 0.02048375 
184 23 10 15 0.020483663 
982 68 13 15 0.020444343 
367 176 9 11 0.02040567 
365 407 15 20 0.020337587 
1015 157 8 13 0.020313999 
862 85 10 13 0.020308848 
854 84 10 12 0.020277962 
1000 100 11 14 0.020262852 
660 59 10 12 0.020215712 
816 305 11 15 0.02021438 
413 15 10 12 0.020202693 
702 70 9 12 0.020193323 
326 31 9 11 0.02018971 
112 15 9 11 0.020161457 
264 116 10 13 0.020158896 
306 13 10 13 0.020106528 
608 84 9 12 0.020099774 
480 274 12 18 0.020094084 
17 97 9 13 0.020092169 
944 28 9 13 0.020067137 
694 371 15 21 0.020040177 
592 86 10 13 0.02002966 
900 125 12 16 0.02002404 
89 134 9 12 0.020014722 
