35_Basketball_basketballgame_ball_35_389
248
504 227 40 57 0.9844996 
221 612 11 13 0.9378714 
624 588 16 22 0.9217982 
566 619 13 17 0.9188623 
16 612 11 13 0.89035463 
321 614 11 15 0.78373325 
255 626 11 13 0.7278905 
85 620 10 13 0.6993109 
152 623 11 13 0.66524637 
343 564 9 12 0.5458927 
26 596 9 12 0.47509086 
134 586 10 13 0.4487905 
547 612 11 14 0.4049121 
643 582 15 21 0.38050038 
501 584 10 12 0.36221182 
157 590 8 10 0.33031788 
302 558 9 12 0.2870902 
62 581 8 11 0.28129947 
683 621 11 15 0.21158963 
236 619 11 14 0.20875023 
568 592 12 15 0.20198263 
137 567 8 11 0.2009047 
758 620 10 13 0.1667237 
349 605 9 12 0.15954363 
703 628 11 11 0.15668876 
314 595 9 12 0.15468663 
236 550 10 16 0.15361972 
675 578 11 13 0.15187624 
571 571 11 14 0.13874388 
984 400 6 8 0.13335954 
376 592 9 10 0.13030782 
935 405 7 10 0.12065904 
455 541 8 10 0.11571682 
732 604 9 11 0.10918818 
739 619 11 14 0.10697273 
388 579 12 16 0.102963984 
758 602 11 13 0.10222211 
320 568 9 11 0.10005709 
16 585 8 10 0.09876955 
166 566 8 10 0.09855392 
22 563 9 12 0.097104445 
700 568 10 13 0.08940339 
312 573 9 11 0.088244505 
146 543 8 10 0.08764392 
201 572 8 10 0.084726475 
738 549 10 14 0.08469697 
89 583 9 11 0.083306454 
724 619 11 14 0.08253181 
589 574 10 14 0.08221922 
469 582 10 13 0.079940885 
414 613 9 13 0.079424545 
488 572 9 12 0.07900855 
61 604 9 11 0.07450979 
525 565 9 12 0.07433599 
702 595 12 16 0.07209405 
542 627 13 11 0.068043515 
663 594 10 14 0.067597434 
462 520 9 12 0.06646508 
477 560 9 12 0.06601393 
182 624 11 12 0.06596931 
200 511 8 11 0.0641927 
10 599 7 9 0.06200752 
167 560 7 10 0.061572723 
358 583 9 12 0.060702126 
184 596 8 10 0.058804184 
263 605 9 11 0.057567 
41 606 8 10 0.055980586 
286 628 11 11 0.055930227 
487 590 9 12 0.05588241 
152 604 11 14 0.055810373 
348 627 13 11 0.05570184 
110 551 9 11 0.055172015 
294 628 11 10 0.05312498 
259 570 12 16 0.052552648 
91 620 12 14 0.05206493 
112 569 8 11 0.05160412 
513 524 10 13 0.04996996 
177 560 8 10 0.049282316 
518 579 11 14 0.048884198 
287 614 10 13 0.048838526 
97 567 8 11 0.047871213 
726 572 11 14 0.047740683 
633 564 9 11 0.04765903 
317 571 9 11 0.047630496 
177 580 9 11 0.0470477 
913 407 8 9 0.047033466 
359 589 9 12 0.046623517 
716 558 10 13 0.04660555 
1011 398 7 9 0.045982897 
918 405 8 11 0.045353055 
30 628 10 11 0.045346264 
230 614 10 14 0.045259584 
492 603 10 13 0.044925258 
542 590 10 14 0.044761192 
462 566 8 11 0.044688072 
440 541 8 11 0.043805175 
544 567 10 12 0.042661123 
228 582 11 14 0.041875716 
192 590 8 11 0.04134951 
558 597 13 15 0.0413187 
446 558 8 10 0.041288044 
430 615 12 16 0.041031796 
262 613 9 12 0.040756095 
202 542 8 11 0.040303383 
548 620 12 15 0.040062867 
929 401 7 10 0.04001465 
294 574 8 11 0.03932728 
745 571 12 17 0.03826467 
680 614 11 14 0.038199533 
223 559 8 12 0.037431363 
652 581 12 16 0.037216965 
538 550 9 11 0.036530133 
430 597 9 11 0.036499914 
130 566 8 11 0.03592318 
140 588 9 12 0.035633117 
537 523 11 14 0.035460718 
50 570 7 9 0.035330553 
116 615 10 12 0.03517843 
25 628 10 11 0.034748007 
470 604 9 11 0.034371175 
288 607 9 12 0.033607226 
392 604 10 13 0.033270437 
385 589 8 11 0.033197533 
118 573 8 10 0.032712888 
382 613 13 17 0.032485694 
678 603 12 16 0.03223232 
392 539 11 14 0.03218877 
498 586 9 13 0.032126583 
162 558 8 10 0.032085635 
194 612 9 12 0.031978585 
720 616 11 14 0.03188549 
200 588 8 12 0.03185924 
192 597 8 10 0.031353626 
94 581 9 13 0.031288624 
161 575 8 10 0.031171031 
460 619 12 14 0.030502655 
101 573 9 12 0.030483874 
426 582 9 12 0.030298308 
487 599 9 12 0.030038256 
429 580 9 11 0.03001804 
238 543 9 11 0.029853992 
470 550 9 10 0.029827163 
487 524 9 11 0.029778376 
909 592 10 12 0.029730422 
102 568 8 10 0.029541394 
112 619 10 13 0.02941452 
464 604 9 12 0.029259432 
414 555 9 11 0.029215218 
112 590 8 11 0.02917898 
301 627 11 11 0.029074924 
178 543 7 10 0.028788358 
646 576 11 14 0.02854967 
413 571 9 12 0.028385423 
441 556 9 12 0.02815329 
883 627 13 12 0.027999986 
492 618 13 17 0.027712252 
416 608 9 13 0.02755966 
375 564 8 11 0.02733919 
409 537 9 11 0.027016126 
193 608 8 11 0.026745811 
189 623 11 13 0.026734892 
118 607 8 10 0.026652766 
102 579 10 16 0.026607314 
166 575 9 11 0.02656456 
349 519 12 15 0.026541518 
425 598 9 11 0.026341846 
0 607 7 12 0.026337434 
206 568 9 11 0.026161196 
556 548 10 13 0.026106508 
513 542 9 11 0.02601668 
398 581 11 15 0.025731314 
446 567 8 10 0.025165386 
337 572 9 12 0.025157982 
151 614 10 12 0.024912432 
270 627 10 12 0.024810238 
182 614 10 12 0.024617553 
425 519 9 11 0.024531348 
197 608 9 12 0.024451757 
96 616 9 12 0.024435751 
209 528 8 11 0.024331072 
518 588 11 14 0.02432726 
97 560 7 10 0.024138683 
431 576 9 11 0.024107492 
385 556 8 11 0.023952842 
422 606 10 12 0.023946155 
286 590 9 11 0.023755621 
488 544 8 10 0.023583917 
458 524 9 12 0.02352201 
177 623 10 12 0.023497546 
136 561 8 10 0.023432698 
439 573 8 11 0.023273036 
104 588 10 12 0.023229577 
126 539 11 12 0.023081554 
60 622 10 12 0.023078647 
128 561 8 10 0.023016099 
281 628 10 11 0.02293519 
385 573 11 15 0.022730675 
182 543 7 10 0.0227259 
193 584 8 11 0.022683134 
250 508 11 14 0.022680037 
143 573 8 10 0.022614628 
422 612 12 16 0.022602454 
155 597 12 15 0.022588411 
64 560 8 10 0.022511493 
643 625 16 15 0.022508657 
166 517 8 12 0.022353444 
439 594 10 14 0.022338685 
694 550 10 13 0.022243708 
963 400 7 9 0.022221208 
206 587 8 12 0.022185627 
968 399 7 9 0.022161974 
442 568 8 10 0.022070434 
430 606 12 14 0.021974947 
95 600 9 11 0.021923041 
511 611 12 17 0.02188394 
231 512 9 11 0.021872545 
482 526 8 11 0.021870157 
262 559 9 11 0.0216278 
516 611 15 19 0.021620395 
606 527 9 12 0.021509742 
465 587 10 12 0.02145079 
217 573 8 11 0.021441378 
87 604 9 11 0.021225827 
160 553 8 10 0.02115682 
118 591 9 11 0.021108512 
511 623 11 13 0.021084266 
143 561 8 10 0.02107932 
384 606 11 14 0.021030094 
774 544 13 17 0.021007003 
218 558 8 11 0.020929273 
415 598 9 11 0.020827072 
159 585 8 10 0.020790914 
286 568 10 12 0.020763129 
181 580 9 11 0.020684792 
263 481 15 16 0.02066864 
130 588 10 12 0.020592354 
373 558 9 12 0.02056105 
72 565 8 11 0.020537386 
719 302 12 17 0.020501899 
248 622 9 13 0.020455955 
405 583 9 12 0.020361444 
654 575 10 12 0.020282065 
470 544 9 11 0.020249343 
472 535 9 10 0.020234441 
161 518 9 11 0.020204738 
102 615 9 11 0.020177025 
441 581 9 12 0.020163106 
120 599 8 9 0.020037875 
