35_Basketball_basketballgame_ball_35_709
943
222 1009 34 41 0.9986897 
883 1012 30 36 0.9978461 
65 988 30 38 0.99757427 
135 958 26 34 0.99742585 
348 966 28 34 0.99718285 
37 988 27 35 0.9966515 
769 998 30 41 0.995551 
182 984 32 41 0.99476576 
896 980 26 34 0.9936724 
3 1003 37 47 0.9936353 
525 408 72 71 0.99276936 
1002 1001 21 34 0.9918759 
288 993 33 40 0.98973525 
864 976 23 29 0.9883022 
3 967 24 31 0.98610455 
851 920 22 27 0.9856123 
173 940 23 29 0.9855525 
994 930 21 29 0.9849273 
107 644 17 22 0.98169667 
940 981 23 28 0.98112696 
395 870 23 29 0.9795694 
105 828 22 28 0.978013 
898 674 16 21 0.9772461 
297 686 18 23 0.9753175 
218 604 16 21 0.9746731 
242 734 17 23 0.97393066 
246 929 24 30 0.97221047 
97 931 22 26 0.97208875 
932 906 19 25 0.97198415 
308 805 18 25 0.97172767 
788 976 24 35 0.97129166 
905 927 21 25 0.9706726 
994 977 27 35 0.96928686 
270 986 26 37 0.9687309 
26 774 21 27 0.96735954 
948 684 17 23 0.966215 
973 832 21 28 0.9659634 
193 663 17 21 0.9659511 
868 860 20 26 0.96453285 
497 994 27 36 0.96442544 
783 714 16 22 0.96383256 
245 626 15 20 0.9601406 
330 646 17 21 0.9574585 
292 624 15 20 0.95577383 
973 608 15 20 0.9556531 
323 703 19 24 0.94829094 
913 865 20 26 0.948277 
17 858 22 26 0.9478771 
828 721 18 23 0.9472535 
882 737 16 21 0.9457958 
356 555 16 20 0.9450182 
55 962 24 27 0.94427896 
229 685 18 22 0.944019 
410 550 17 21 0.9425367 
269 706 17 22 0.9416613 
355 752 19 24 0.93963814 
138 823 23 31 0.93837744 
185 689 17 21 0.9375688 
371 646 16 21 0.9374384 
219 758 18 22 0.9371833 
107 962 26 34 0.93505913 
415 755 20 25 0.93284595 
997 812 21 27 0.93153733 
31 828 21 27 0.92932194 
910 955 20 25 0.9268662 
984 780 20 24 0.9253634 
148 673 16 22 0.9252498 
323 777 20 27 0.9236124 
868 773 14 18 0.9191338 
924 806 20 25 0.91652614 
0 888 19 26 0.91629684 
391 582 15 20 0.91329885 
182 562 15 20 0.9130797 
81 567 16 21 0.90961504 
181 615 15 19 0.9034594 
266 956 27 32 0.9022001 
439 703 17 23 0.90091026 
975 580 13 17 0.89792794 
0 813 11 22 0.8927383 
926 735 16 20 0.8915118 
276 753 19 24 0.8911254 
975 758 20 25 0.8803283 
762 740 15 18 0.87414134 
834 774 15 20 0.8730999 
54 806 21 26 0.8712056 
373 668 16 20 0.84697556 
303 554 16 21 0.8285989 
83 863 18 22 0.82587564 
798 809 20 23 0.825578 
792 644 18 21 0.8175151 
188 712 16 20 0.8122197 
944 654 18 22 0.8119989 
388 787 22 24 0.8113845 
206 373 14 18 0.8093204 
127 422 13 16 0.80628496 
984 720 18 22 0.801667 
97 981 22 27 0.80096996 
260 580 16 21 0.79941523 
355 835 21 26 0.79352754 
971 906 20 28 0.7921131 
806 780 17 22 0.7868334 
10 556 16 19 0.78540844 
155 710 19 24 0.7780314 
976 864 18 24 0.7696811 
263 777 20 24 0.7612602 
50 638 18 21 0.7525632 
874 787 17 22 0.7396708 
390 629 17 21 0.73847795 
164 993 22 32 0.7346536 
264 661 15 18 0.7292723 
303 729 19 23 0.7232823 
861 810 17 24 0.70831394 
247 324 13 16 0.70754343 
243 550 17 21 0.705426 
795 836 16 22 0.70016074 
186 736 17 22 0.69824743 
995 747 17 21 0.69715387 
1002 718 16 20 0.69708747 
0 930 23 29 0.6855276 
314 865 19 27 0.6715405 
164 585 14 20 0.6664084 
256 612 15 17 0.6651946 
964 970 21 25 0.6442452 
853 896 21 24 0.63213927 
59 595 17 20 0.61091274 
204 793 18 23 0.590846 
166 374 13 15 0.58517027 
145 608 14 19 0.5820487 
510 363 11 15 0.5764095 
212 970 21 28 0.57476854 
807 669 14 18 0.57333404 
231 414 13 16 0.5604356 
840 651 12 16 0.55782217 
842 676 14 17 0.55603606 
418 600 16 20 0.55256695 
909 836 18 21 0.5513738 
793 620 16 18 0.544674 
0 478 12 19 0.53953695 
362 720 18 21 0.53337854 
13 619 17 22 0.5331772 
48 624 25 31 0.5154705 
101 589 14 18 0.51452255 
898 639 15 18 0.5129524 
4 606 24 31 0.5051234 
506 937 22 29 0.4910617 
394 372 12 16 0.49103403 
888 469 11 15 0.49035424 
880 581 16 23 0.48570824 
421 477 15 18 0.48437336 
225 366 12 15 0.48182493 
308 601 15 18 0.4732617 
911 307 10 13 0.459677 
371 381 11 15 0.44723904 
18 462 15 20 0.40412587 
770 928 18 22 0.40282208 
22 583 15 19 0.3938009 
43 422 14 17 0.39375165 
926 785 17 21 0.38765052 
789 311 12 17 0.38622266 
312 387 12 14 0.3799308 
64 433 13 16 0.35898134 
132 625 16 19 0.35630202 
295 433 13 15 0.35475653 
774 691 15 17 0.3509179 
851 620 16 20 0.34291765 
373 818 19 20 0.33885315 
751 491 14 18 0.33482572 
826 698 15 18 0.33065 
796 430 15 17 0.32355288 
172 503 13 15 0.32220852 
432 1023 16 21 0.32071656 
753 968 18 24 0.3151282 
54 352 13 16 0.31314757 
196 980 27 36 0.3091141 
139 501 14 17 0.30712348 
76 336 11 13 0.30149865 
3 449 13 15 0.29995242 
110 408 13 17 0.28313157 
743 703 15 19 0.28213155 
980 699 16 18 0.28006843 
292 322 14 17 0.2766484 
347 489 16 20 0.27533084 
334 274 12 17 0.27131677 
148 356 11 15 0.2693557 
632 599 105 89 0.26157594 
0 751 12 26 0.26095653 
950 311 13 14 0.25983673 
192 532 14 17 0.2578285 
366 205 12 15 0.256582 
189 386 12 15 0.25355875 
940 331 14 17 0.2492 
848 448 11 14 0.24862334 
229 485 14 18 0.23912816 
676 570 17 23 0.23897561 
895 655 13 15 0.23716703 
196 307 11 13 0.23349552 
801 552 17 21 0.22918713 
763 416 16 20 0.22146511 
365 358 13 17 0.2209839 
205 562 12 16 0.21754828 
963 864 15 23 0.21670659 
907 247 11 14 0.21634579 
104 522 13 17 0.21241932 
406 408 15 19 0.21138793 
436 579 12 17 0.21019186 
707 254 12 15 0.20788167 
813 1007 22 27 0.20773704 
39 470 13 17 0.20629223 
800 364 13 16 0.20289892 
867 443 11 13 0.20202327 
170 356 13 15 0.20160459 
358 692 16 19 0.2010505 
975 436 16 18 0.2010418 
867 236 12 15 0.20098129 
802 294 12 15 0.20070754 
261 466 13 15 0.20055293 
812 412 13 16 0.19684328 
925 582 18 23 0.19464459 
227 580 16 19 0.19419087 
173 440 14 16 0.18986064 
217 452 14 17 0.18951815 
327 203 14 17 0.1893153 
924 767 19 21 0.18812248 
861 847 16 21 0.18710642 
697 393 17 24 0.18689047 
316 533 14 17 0.18497263 
87 306 13 15 0.18448465 
791 435 14 17 0.1834185 
252 402 12 15 0.18236183 
765 468 16 20 0.17889473 
404 451 11 14 0.17862588 
110 359 11 15 0.17823277 
890 707 16 19 0.17720085 
424 640 20 26 0.1756724 
830 436 12 16 0.17496791 
893 349 14 16 0.17133142 
205 332 11 14 0.16904943 
779 787 13 16 0.16879843 
740 247 12 15 0.16839388 
291 377 12 16 0.16768141 
871 419 12 16 0.16287826 
263 367 13 16 0.16163613 
936 446 12 15 0.15773198 
167 397 12 15 0.15769489 
722 572 16 19 0.1554107 
660 238 11 13 0.15279976 
226 822 15 21 0.15256402 
7 325 10 12 0.15219893 
318 669 15 18 0.15176313 
305 458 15 19 0.15093175 
172 422 13 16 0.14925355 
856 467 11 15 0.14910908 
1 417 14 16 0.147358 
896 443 12 15 0.14726403 
230 383 13 15 0.147112 
730 374 15 16 0.14617534 
151 470 14 16 0.14445212 
807 603 16 19 0.14269349 
67 462 12 15 0.14226206 
267 975 27 32 0.14136818 
654 366 16 19 0.14094082 
102 560 15 18 0.13894574 
76 412 11 15 0.13728768 
109 464 12 16 0.13624877 
6 365 11 14 0.13488528 
778 668 15 19 0.13419698 
415 385 11 15 0.1339956 
6 522 17 19 0.1319786 
804 867 15 20 0.12838419 
280 356 13 17 0.12613273 
174 516 15 18 0.1257892 
83 492 13 16 0.12518588 
307 707 14 19 0.12482071 
229 294 10 14 0.12370491 
355 416 14 16 0.12064387 
829 491 13 17 0.12034532 
268 434 14 16 0.1193014 
74 520 15 19 0.11819631 
93 428 12 16 0.11657897 
926 476 11 13 0.11576312 
986 750 20 25 0.11446378 
434 642 16 23 0.11352367 
930 591 14 20 0.1120511 
361 601 16 21 0.11175383 
247 997 19 27 0.11146468 
997 430 12 14 0.11124603 
142 648 16 18 0.11074684 
931 419 13 14 0.110064015 
317 419 11 14 0.10989635 
737 301 11 15 0.1089766 
184 474 13 16 0.10895189 
400 212 12 15 0.10820411 
951 354 12 15 0.10778952 
223 586 16 19 0.106671885 
152 391 12 14 0.106653884 
122 550 14 18 0.10537571 
760 722 12 15 0.10534074 
232 453 13 16 0.10315585 
265 428 14 17 0.10271817 
952 483 14 15 0.10244857 
57 500 15 19 0.10064588 
64 466 12 17 0.10052105 
231 478 14 16 0.099974036 
348 461 13 16 0.099700004 
386 467 12 15 0.09873057 
796 515 11 15 0.09789077 
1013 608 10 22 0.09745724 
695 372 13 16 0.09726585 
860 671 14 19 0.09689311 
955 973 20 28 0.09618343 
303 206 12 16 0.096129805 
989 355 11 14 0.09597115 
218 445 14 15 0.09452563 
268 313 13 17 0.09449448 
970 331 13 16 0.09262567 
276 483 11 14 0.09255266 
767 230 10 13 0.09220079 
868 335 11 14 0.09182995 
804 477 11 15 0.091285475 
1005 477 10 13 0.09075447 
684 270 12 16 0.08927048 
43 393 15 17 0.08914247 
775 323 11 14 0.0891276 
437 331 10 14 0.08896677 
737 450 12 16 0.088832386 
698 449 15 19 0.08837235 
269 386 14 16 0.08746053 
886 953 21 26 0.087296896 
430 209 13 16 0.087250106 
876 499 12 15 0.08586347 
138 540 15 19 0.08526871 
1014 359 9 15 0.085090406 
265 592 16 19 0.084961064 
758 606 13 15 0.084496826 
994 396 14 17 0.084240146 
197 946 24 29 0.08282364 
70 359 11 14 0.08261394 
211 981 24 32 0.081862785 
990 434 11 14 0.08173072 
830 514 15 17 0.081678346 
947 430 12 14 0.081513315 
109 333 12 15 0.08141064 
120 501 13 17 0.08114106 
702 294 13 16 0.08065986 
676 433 16 18 0.080654204 
198 555 14 18 0.08050446 
235 228 12 14 0.080128185 
871 779 18 20 0.079510465 
255 242 12 14 0.07935159 
883 811 16 20 0.0781012 
945 260 11 13 0.07804148 
300 305 14 16 0.07801259 
168 425 12 15 0.077594735 
786 401 14 18 0.076529264 
131 785 17 22 0.076343976 
876 382 11 13 0.07529673 
770 457 16 19 0.07449893 
840 278 10 13 0.07290604 
859 309 14 17 0.0725603 
648 381 27 35 0.07234169 
293 583 15 18 0.07202414 
763 332 12 15 0.071289934 
134 399 13 15 0.07122448 
221 485 14 18 0.07081395 
261 499 12 15 0.07000521 
762 803 21 31 0.06983558 
463 201 13 15 0.069611505 
783 919 20 27 0.06941444 
29 992 24 36 0.06934007 
790 484 13 16 0.0690238 
196 403 12 15 0.068984345 
127 621 16 19 0.068685554 
948 256 11 14 0.0683904 
117 594 17 22 0.06742378 
272 996 34 43 0.06733335 
219 405 11 15 0.06710607 
180 869 17 23 0.06641957 
564 353 13 16 0.065879524 
757 388 14 16 0.06564164 
797 480 13 17 0.06532258 
267 226 13 15 0.064766586 
107 591 14 19 0.064743295 
68 371 13 17 0.06468573 
324 338 14 17 0.06458001 
135 492 13 17 0.064577214 
790 340 12 16 0.06394358 
780 347 14 17 0.0638081 
236 311 12 14 0.063766725 
300 402 12 15 0.06341375 
572 451 31 47 0.06341018 
85 266 12 14 0.06299529 
156 779 21 26 0.062445376 
834 523 17 19 0.0623617 
812 533 14 17 0.062198155 
864 275 11 14 0.06196897 
16 194 11 15 0.061552487 
245 355 12 15 0.061414804 
812 330 11 15 0.061375182 
59 626 17 23 0.061310638 
215 483 12 19 0.061278753 
998 341 13 15 0.061062448 
881 725 18 21 0.061042942 
746 594 14 15 0.06100626 
851 402 12 16 0.06093296 
1001 268 10 11 0.06048136 
339 252 12 13 0.06044709 
253 507 11 14 0.06037753 
237 444 14 16 0.060259666 
220 435 13 16 0.059584092 
991 602 15 18 0.0595834 
333 342 13 16 0.059545364 
1012 321 12 18 0.059268516 
239 439 13 14 0.058378275 
379 709 18 22 0.058305852 
327 316 15 17 0.058266018 
686 339 13 16 0.058173276 
935 272 10 13 0.058055017 
76 213 13 16 0.058049083 
789 611 18 22 0.057315096 
662 275 13 16 0.057123255 
23 433 14 16 0.05684025 
48 910 17 23 0.056508828 
832 389 13 15 0.056387544 
699 367 12 15 0.056017485 
186 482 14 17 0.05577742 
808 872 17 20 0.055775605 
341 484 16 19 0.05542585 
1001 682 17 20 0.05540276 
166 366 13 16 0.055381984 
51 237 13 17 0.055184986 
117 326 12 15 0.055177707 
788 600 14 18 0.055064995 
428 291 11 14 0.05476585 
710 349 13 16 0.054748602 
668 431 16 19 0.054659966 
198 340 11 15 0.05427725 
319 482 13 16 0.053563487 
261 379 12 15 0.05339378 
0 437 10 15 0.05336885 
628 362 12 17 0.053148516 
206 280 13 18 0.053135812 
369 712 17 22 0.052902207 
272 206 11 12 0.05279714 
821 283 11 14 0.052342784 
77 616 16 21 0.052270535 
832 1006 21 29 0.05225775 
0 469 12 17 0.052133255 
812 451 12 15 0.05211673 
324 348 13 17 0.052106716 
677 349 13 17 0.052036498 
963 604 14 18 0.051916443 
664 305 12 17 0.05136455 
170 315 15 19 0.05125389 
1013 413 10 15 0.05118945 
320 334 13 16 0.0510031 
808 327 11 15 0.05091902 
72 240 15 19 0.050402313 
522 265 15 19 0.04998176 
148 322 12 15 0.049674265 
982 316 11 15 0.049373902 
800 434 14 18 0.04873032 
973 404 11 13 0.048729077 
995 356 11 13 0.048671503 
757 589 15 17 0.04866318 
928 349 12 16 0.04863359 
657 433 17 20 0.048407033 
196 545 15 20 0.048196692 
763 762 16 23 0.047788788 
210 293 13 15 0.047778957 
916 635 14 20 0.047448993 
301 1006 26 36 0.047320046 
367 259 13 16 0.047235303 
997 347 12 14 0.047219783 
87 393 13 19 0.04695068 
137 585 16 19 0.04687687 
141 404 10 14 0.046608355 
268 339 12 16 0.046530094 
604 341 12 15 0.046344854 
142 551 15 19 0.046003003 
223 342 11 14 0.045960896 
135 517 13 15 0.0458236 
802 875 22 29 0.045589387 
22 364 14 17 0.045533672 
768 371 13 16 0.04539987 
399 253 14 16 0.04539889 
510 333 13 15 0.045396026 
293 340 12 15 0.045103267 
6 939 20 24 0.045005262 
662 339 13 16 0.04479793 
116 359 12 16 0.044582218 
735 332 12 16 0.044567943 
614 277 13 16 0.044549428 
951 269 11 15 0.044524774 
351 267 13 16 0.044401526 
801 999 24 32 0.044252988 
696 326 12 14 0.04398892 
712 314 11 15 0.043683376 
228 253 11 14 0.043624826 
380 241 13 15 0.04349831 
314 595 15 19 0.043474413 
151 182 11 14 0.04346898 
241 587 15 19 0.043355417 
558 365 32 36 0.04330041 
837 429 11 14 0.043262497 
383 342 12 15 0.043165136 
996 694 16 19 0.04305057 
836 637 15 20 0.043025427 
402 480 13 17 0.043004334 
862 339 13 16 0.0427754 
445 271 12 15 0.042715143 
255 373 13 16 0.04266126 
389 338 14 17 0.04239794 
539 361 28 34 0.04233821 
376 474 13 16 0.042224027 
894 449 12 14 0.042181026 
876 253 10 12 0.042143937 
312 730 17 21 0.042060163 
873 414 12 14 0.04164462 
261 993 21 32 0.041425772 
518 340 24 29 0.041144293 
768 293 13 16 0.0410556 
865 852 19 26 0.04088155 
649 572 14 18 0.040790588 
404 299 11 13 0.040766068 
750 348 13 16 0.040707625 
159 307 12 14 0.040696044 
814 227 12 15 0.040465277 
188 372 11 15 0.040363442 
828 363 12 16 0.040329732 
318 467 14 17 0.0403105 
103 459 13 17 0.040200144 
269 421 12 15 0.040081616 
821 566 13 17 0.03970958 
917 422 11 13 0.039689932 
326 443 13 17 0.039586958 
855 355 10 13 0.039573763 
917 374 13 15 0.039420836 
264 386 12 15 0.039318006 
271 441 13 16 0.03921648 
884 712 17 20 0.039205477 
646 367 23 31 0.039193142 
749 355 13 18 0.039187502 
339 477 13 15 0.039179686 
784 227 12 17 0.038959574 
200 275 13 18 0.038767297 
64 378 13 16 0.03825302 
856 387 12 15 0.038159978 
668 605 43 41 0.038028203 
832 302 10 13 0.03796606 
116 380 12 15 0.037961364 
910 278 11 14 0.037943967 
111 442 12 15 0.0378633 
76 487 14 18 0.03783611 
767 283 13 15 0.03777093 
320 353 12 15 0.037731368 
390 1080 25 28 0.037368555 
1012 728 13 20 0.037351742 
669 283 14 16 0.037255637 
1014 580 8 13 0.03714427 
326 438 11 14 0.037124597 
70 300 9 12 0.037087336 
684 585 14 18 0.037034955 
789 221 12 18 0.03696722 
693 330 13 16 0.03690428 
150 460 13 17 0.036871374 
51 316 13 16 0.03662165 
193 501 13 16 0.036535103 
390 397 12 17 0.03628018 
985 352 11 15 0.036266893 
1014 595 10 19 0.036188144 
825 755 16 20 0.035982743 
401 687 16 19 0.03567514 
963 477 12 15 0.03562544 
904 382 11 14 0.03555275 
124 307 11 13 0.035538692 
144 318 12 14 0.035500325 
178 425 14 16 0.035430435 
792 276 12 14 0.035331726 
683 344 13 17 0.035233986 
303 596 15 19 0.035166584 
86 351 11 14 0.0351416 
796 438 14 17 0.035139747 
889 452 10 12 0.03510559 
-1 601 16 22 0.03507803 
831 309 10 13 0.034947526 
912 427 11 15 0.034942616 
183 489 13 16 0.034923613 
338 627 16 19 0.034881365 
889 303 10 13 0.034835923 
12 365 13 16 0.034661017 
964 501 15 17 0.034642115 
448 309 8 11 0.03463979 
764 380 14 16 0.034496628 
365 369 14 17 0.034449108 
909 635 14 19 0.034144476 
180 287 15 18 0.034136355 
1012 450 11 16 0.034106646 
251 305 13 15 0.034104228 
720 477 17 18 0.034063235 
845 427 10 13 0.03405775 
931 354 12 15 0.034043603 
193 962 27 30 0.03403084 
825 1008 18 26 0.0338613 
1008 721 16 20 0.033818807 
165 390 12 15 0.033802148 
228 435 13 16 0.033793926 
224 299 11 14 0.033786003 
334 371 13 16 0.033727974 
259 505 12 15 0.033702258 
856 304 11 13 0.033700503 
104 318 9 11 0.03369882 
724 466 14 15 0.033653166 
730 408 15 19 0.03363467 
949 501 12 15 0.033544935 
937 326 12 16 0.033423606 
104 218 13 15 0.033399757 
829 315 10 12 0.033352546 
416 323 11 16 0.033205338 
758 732 16 21 0.0331824 
808 418 13 16 0.03300329 
265 462 13 15 0.032945253 
363 290 14 17 0.03284252 
97 452 10 13 0.03271797 
352 386 12 16 0.0326785 
165 310 14 17 0.032623094 
943 270 10 12 0.03255804 
972 650 17 21 0.032410495 
13 454 13 17 0.032059383 
400 411 16 18 0.03196458 
1014 842 10 20 0.03191435 
137 255 11 14 0.031911075 
342 466 13 16 0.031796027 
434 253 13 15 0.031658467 
919 524 14 17 0.03164532 
539 368 15 19 0.031624623 
748 603 16 18 0.031587977 
891 307 11 14 0.031569988 
943 370 14 17 0.03156843 
344 237 12 14 0.031460565 
872 387 12 15 0.031455845 
894 631 15 19 0.031390328 
516 333 14 16 0.031275615 
1005 471 11 14 0.03126632 
516 354 16 19 0.031158712 
757 338 13 18 0.031128066 
118 301 12 15 0.031054424 
740 326 12 17 0.031003805 
105 338 11 14 0.030927103 
239 331 10 13 0.03086452 
1007 447 12 16 0.03086099 
680 308 13 17 0.030858966 
247 786 15 19 0.03085644 
0 396 12 16 0.030754447 
260 240 13 16 0.030743439 
1013 573 9 14 0.030606678 
880 324 11 14 0.030395137 
889 353 13 16 0.030380491 
752 315 13 17 0.030099478 
963 294 14 17 0.030075086 
714 427 15 18 0.030030351 
431 327 11 14 0.030003833 
395 258 17 19 0.029919954 
421 317 13 16 0.029891904 
679 317 13 16 0.02983287 
943 434 12 16 0.029812235 
203 338 12 15 0.029715346 
119 291 12 15 0.029707382 
855 326 10 13 0.029575521 
222 410 12 16 0.029573837 
726 427 15 17 0.029538592 
813 349 11 14 0.029529203 
342 246 12 15 0.029494146 
707 386 14 18 0.029452315 
974 455 12 14 0.029448181 
725 315 12 14 0.029426612 
715 354 12 15 0.02927023 
968 438 12 15 0.029213898 
726 332 14 16 0.029143821 
109 299 13 15 0.029074263 
399 302 10 13 0.029021678 
957 501 14 17 0.029021464 
843 719 14 21 0.029004747 
723 341 13 15 0.028918087 
553 352 26 34 0.02890928 
996 727 17 21 0.028855823 
396 653 15 18 0.028563939 
297 317 13 17 0.02854189 
88 381 12 14 0.028500993 
823 484 15 18 0.028483352 
186 367 12 14 0.028457053 
834 484 13 16 0.02842293 
310 674 15 19 0.028386502 
685 597 33 34 0.028252311 
150 405 10 14 0.028190257 
821 325 10 14 0.028183246 
807 446 11 14 0.028167358 
396 402 16 20 0.028161809 
187 557 15 22 0.028150653 
611 310 10 14 0.02812748 
646 316 15 15 0.028101012 
233 313 11 15 0.027948037 
751 389 15 18 0.027945163 
589 294 12 15 0.027877213 
771 375 14 17 0.02779132 
110 370 13 16 0.027735896 
908 501 11 15 0.027677383 
341 437 13 15 0.027563084 
842 1009 17 22 0.027526729 
387 917 21 25 0.027468713 
680 274 13 16 0.027457537 
774 353 15 17 0.027386015 
143 476 14 16 0.02737969 
380 430 13 17 0.027376197 
441 579 15 20 0.027355662 
717 342 13 16 0.027338171 
92 375 11 12 0.027265737 
307 225 17 18 0.027256418 
174 688 15 20 0.027245507 
5 331 13 15 0.02722608 
257 403 13 16 0.027154943 
188 395 14 17 0.027120875 
340 398 13 15 0.027067067 
219 475 15 20 0.02702823 
1015 381 8 12 0.027013216 
216 429 12 14 0.027002601 
266 236 14 17 0.026997063 
246 308 13 15 0.026993312 
813 342 11 13 0.026933914 
641 285 17 20 0.026875334 
981 406 11 13 0.026871923 
149 614 15 20 0.026780771 
360 261 10 15 0.02674564 
958 297 14 18 0.026732014 
991 391 14 18 0.026729485 
798 235 9 12 0.026725972 
76 317 10 14 0.026645392 
518 338 14 17 0.026560752 
702 355 14 18 0.026536906 
78 309 11 15 0.026524369 
871 366 11 13 0.026421888 
956 426 12 15 0.026411342 
836 294 9 12 0.026402393 
611 229 12 15 0.026334077 
387 343 14 19 0.02628682 
221 575 15 19 0.0262226 
687 377 14 16 0.026211193 
38 388 15 19 0.026207283 
635 337 15 18 0.026174635 
800 537 23 26 0.026055202 
494 275 11 15 0.026042601 
672 353 14 17 0.026033154 
867 271 12 14 0.025970114 
274 418 12 15 0.025851961 
724 324 14 18 0.025841307 
766 326 12 15 0.025834821 
773 230 9 12 0.025830874 
756 311 12 15 0.02575789 
394 333 14 16 0.02573706 
43 461 13 18 0.02565541 
288 327 14 18 0.025643392 
227 891 24 31 0.025605178 
50 424 15 19 0.025559293 
398 245 14 16 0.025549717 
846 367 12 14 0.02549632 
120 263 11 14 0.025455827 
846 347 12 15 0.025379114 
403 273 16 18 0.025360761 
4 337 15 17 0.025344511 
742 485 16 20 0.025228962 
824 317 9 12 0.025150314 
631 624 63 80 0.025144538 
139 617 16 22 0.025119208 
115 373 12 15 0.025085265 
559 245 12 14 0.024889158 
144 299 12 13 0.024859603 
764 338 13 18 0.024764812 
871 373 11 13 0.024759363 
767 346 13 18 0.024726871 
588 459 16 26 0.024672743 
798 286 13 15 0.02463152 
151 276 12 15 0.02461772 
334 437 12 16 0.024612207 
63 267 15 17 0.024582556 
357 382 11 15 0.024566242 
233 575 15 18 0.024495076 
109 318 10 12 0.02444665 
341 282 13 17 0.024427056 
555 340 23 30 0.024416355 
830 478 13 16 0.024389597 
892 406 12 15 0.024369001 
796 468 14 19 0.024363536 
710 420 14 18 0.024289785 
855 341 14 18 0.024286278 
797 869 17 24 0.02420582 
453 308 10 13 0.024112077 
678 581 15 20 0.02410245 
878 375 11 13 0.024067573 
717 311 13 15 0.024053676 
430 313 10 11 0.024041798 
438 629 15 21 0.024039352 
859 346 13 17 0.02394431 
173 415 13 16 0.023809846 
302 219 15 19 0.023806194 
838 366 10 13 0.023776066 
922 896 19 27 0.023775378 
425 470 13 16 0.023752261 
956 269 12 14 0.023711197 
333 312 15 18 0.023705702 
992 282 11 14 0.023696972 
347 242 12 15 0.023572853 
153 252 10 13 0.023557272 
683 614 34 43 0.023555802 
401 293 12 15 0.02330375 
378 553 15 19 0.023217019 
747 447 14 19 0.023188088 
143 410 11 14 0.023135498 
391 307 12 15 0.023128629 
381 350 14 20 0.023095664 
208 451 13 16 0.023065882 
753 268 12 14 0.02297434 
315 677 17 20 0.022964742 
362 418 13 15 0.022962047 
306 402 14 16 0.022934878 
70 618 15 22 0.022913529 
76 355 11 14 0.022898246 
331 501 13 14 0.022877302 
900 292 11 13 0.02287199 
885 374 12 13 0.022824002 
550 337 12 15 0.022721846 
861 326 12 13 0.022570927 
383 299 12 14 0.022558235 
491 151 11 14 0.0225578 
753 262 10 12 0.022541465 
109 400 14 16 0.022536987 
562 372 17 20 0.022485325 
120 420 12 16 0.022446504 
896 395 11 15 0.022445774 
877 366 10 12 0.0224075 
740 599 17 20 0.0224042 
916 271 11 12 0.022378935 
86 447 10 13 0.022374768 
311 1016 21 32 0.022361265 
203 424 15 19 0.022350654 
387 700 17 21 0.022304468 
877 800 17 20 0.022294478 
737 373 14 16 0.022278799 
694 378 21 26 0.022271095 
982 431 19 24 0.022235615 
0 276 9 15 0.022221724 
958 263 12 13 0.022160526 
737 269 10 12 0.022144396 
719 333 14 18 0.022126533 
939 422 12 14 0.022111649 
3 426 14 16 0.022087788 
320 242 10 13 0.02208419 
743 351 12 15 0.022035923 
407 437 12 16 0.022031855 
943 301 14 16 0.021993432 
930 469 13 16 0.021983376 
831 633 16 19 0.021958217 
129 231 11 14 0.021941654 
436 292 11 13 0.021917026 
348 403 13 17 0.021878365 
256 462 13 17 0.021838762 
924 575 15 19 0.0218365 
578 317 16 19 0.021828894 
41 480 15 18 0.021759761 
774 343 13 18 0.021753564 
823 358 12 16 0.021721868 
104 323 10 13 0.02169581 
40 313 10 15 0.02168566 
544 362 17 21 0.021646475 
746 711 16 21 0.02164619 
342 452 15 19 0.021645557 
929 394 12 17 0.021619715 
556 338 14 15 0.0216026 
14 222 14 17 0.021552114 
245 282 12 15 0.02153113 
583 338 11 13 0.021530177 
86 622 14 19 0.02149711 
1004 335 13 15 0.02148587 
324 654 20 23 0.02145228 
584 299 13 16 0.021432158 
65 738 20 27 0.021418853 
757 325 13 17 0.021414032 
106 362 11 15 0.02141364 
523 333 14 15 0.021412358 
138 523 12 15 0.021390846 
563 331 12 14 0.02137484 
166 411 11 14 0.021346774 
510 349 14 19 0.021317095 
147 559 14 17 0.021309847 
376 433 12 16 0.021300957 
533 243 12 14 0.021285126 
719 276 12 14 0.021215605 
813 560 14 18 0.021208871 
356 651 15 21 0.021196336 
647 427 24 31 0.021191813 
1015 523 9 15 0.021188866 
51 395 12 16 0.021182861 
140 483 14 16 0.021130666 
869 242 12 15 0.021067418 
72 416 13 16 0.021061216 
748 720 14 20 0.021048484 
744 284 13 16 0.0210138 
573 268 12 16 0.020974332 
710 432 13 18 0.02096749 
762 594 14 17 0.020963168 
360 646 22 27 0.020899609 
649 608 45 45 0.020859616 
311 414 13 15 0.020822652 
855 332 11 13 0.020793226 
225 258 12 15 0.020770866 
825 239 10 11 0.020765884 
413 393 14 20 0.020755598 
322 418 12 15 0.020735018 
861 355 11 14 0.020695016 
874 423 13 17 0.020690985 
336 482 13 16 0.020682108 
965 651 15 19 0.020657495 
280 326 11 15 0.02055321 
19 226 14 16 0.020546839 
6 298 15 17 0.020456856 
389 302 12 14 0.020415027 
341 380 13 16 0.020386534 
325 431 11 13 0.020382632 
1014 478 9 12 0.020333236 
190 435 12 16 0.020293111 
839 442 11 14 0.020285703 
628 349 25 32 0.020270053 
283 283 14 17 0.020246223 
104 244 12 13 0.02023569 
980 364 12 14 0.020219382 
109 253 10 12 0.020205902 
171 401 12 15 0.02016942 
1002 396 13 16 0.020162381 
820 406 12 15 0.020143356 
172 391 11 14 0.02014039 
831 371 12 14 0.020135127 
178 317 13 16 0.020131938 
900 954 15 21 0.020111827 
655 338 14 17 0.020028865 
880 791 17 21 0.02002458 
