35_Basketball_playingbasketball_35_362
331
539 405 20 24 0.9708047 
621 371 20 25 0.95501006 
46 523 10 13 0.95366454 
889 427 15 19 0.94948375 
16 523 11 14 0.92825305 
206 487 11 15 0.9044738 
72 525 10 14 0.901672 
98 528 9 11 0.8076527 
168 520 10 12 0.68599623 
24 495 9 11 0.66766953 
706 466 11 14 0.6521065 
244 525 8 11 0.5875264 
791 493 7 10 0.5605167 
153 493 9 12 0.5557035 
72 501 9 11 0.5248098 
44 501 11 13 0.50849456 
70 471 8 10 0.5074777 
928 504 11 13 0.49501592 
263 525 8 11 0.4622114 
996 487 14 19 0.4609785 
135 488 8 11 0.42987528 
959 503 8 11 0.3908922 
1010 469 10 13 0.35991177 
973 501 10 13 0.35459736 
120 489 8 10 0.32778376 
114 525 9 11 0.32294738 
280 518 8 10 0.3002865 
119 471 8 11 0.290929 
48 480 9 10 0.27047884 
140 525 10 14 0.26841518 
478 390 15 18 0.26201582 
298 518 7 10 0.25284043 
182 495 8 10 0.24814847 
1 508 9 12 0.23757094 
54 479 9 10 0.23374295 
91 477 7 10 0.22861409 
90 473 7 10 0.22081687 
115 472 8 10 0.21764909 
86 548 9 13 0.21254654 
72 476 8 11 0.20820136 
234 493 10 14 0.1940917 
309 541 8 11 0.1935103 
633 468 13 16 0.19281591 
302 518 8 9 0.19245142 
49 464 7 9 0.18412207 
1 478 8 12 0.17917733 
278 535 8 11 0.17917618 
105 488 8 10 0.1716163 
183 519 11 15 0.16359405 
30 493 9 11 0.15467931 
53 485 9 11 0.15094556 
0 485 9 13 0.14633556 
184 502 9 11 0.14432596 
135 532 9 12 0.14319682 
54 573 10 14 0.131866 
26 454 7 9 0.12392041 
117 520 8 11 0.11870588 
294 525 8 10 0.117485344 
33 488 8 10 0.116914876 
257 494 8 11 0.1124624 
103 493 8 10 0.11204624 
128 472 7 10 0.11186503 
958 496 9 11 0.11151147 
145 479 8 9 0.109603 
129 446 8 10 0.10544229 
78 479 8 9 0.10464583 
148 509 9 11 0.101910725 
97 487 8 10 0.10190485 
39 494 8 11 0.09862718 
182 507 10 13 0.09598088 
258 525 9 12 0.09378788 
77 572 10 16 0.09140249 
229 525 9 12 0.08975069 
149 500 9 11 0.08951296 
159 532 9 12 0.08674445 
111 488 8 10 0.08461832 
47 471 8 10 0.084137365 
80 486 7 10 0.079527594 
225 525 9 13 0.07909745 
152 479 7 9 0.0778049 
1013 486 10 17 0.076831736 
0 472 7 11 0.07671538 
101 501 9 11 0.07498646 
98 494 8 11 0.074755244 
768 495 8 9 0.074228145 
135 479 7 9 0.074100226 
147 503 8 10 0.071219444 
314 521 7 10 0.070738584 
279 511 8 10 0.06993941 
77 496 9 11 0.068921395 
153 447 8 9 0.0683227 
374 527 7 9 0.06797417 
30 478 8 10 0.066759124 
497 233 18 21 0.06642428 
140 520 10 11 0.06520627 
130 477 8 10 0.0647464 
239 519 9 12 0.06375384 
295 511 8 10 0.06318211 
328 542 6 9 0.06219175 
160 478 8 10 0.061856836 
192 484 8 11 0.061131187 
705 493 13 15 0.060876645 
318 521 8 10 0.059639875 
130 533 9 12 0.059368383 
322 542 7 10 0.05831174 
232 517 8 11 0.057717506 
5 485 10 13 0.057581894 
918 445 10 13 0.057170745 
174 478 8 9 0.056385126 
927 443 9 13 0.05596911 
55 472 8 9 0.055888303 
225 462 7 9 0.05586241 
310 537 8 10 0.055141546 
198 470 8 9 0.054983955 
113 511 8 11 0.054157946 
80 518 8 10 0.05415518 
187 522 11 14 0.053183343 
115 455 8 10 0.053079903 
237 513 9 11 0.052919775 
168 538 9 12 0.052671283 
31 472 9 10 0.052626934 
281 502 8 11 0.05255089 
169 479 8 10 0.052228905 
353 525 8 10 0.051420514 
4 479 9 12 0.050908625 
984 503 8 12 0.050291993 
119 477 8 10 0.049657855 
110 560 10 12 0.049635597 
70 465 7 9 0.04939076 
80 471 7 10 0.04936307 
113 478 7 9 0.04913819 
53 502 10 12 0.04890298 
166 557 12 15 0.048505902 
838 510 8 10 0.047899075 
288 501 8 11 0.04727853 
165 562 13 17 0.046442326 
286 496 9 10 0.046209052 
56 493 8 12 0.04616544 
238 489 10 12 0.045146722 
208 471 8 10 0.044997767 
152 489 9 10 0.043855354 
295 503 8 11 0.043823026 
273 542 7 10 0.0432177 
65 476 8 11 0.043134272 
959 488 8 10 0.042955212 
247 493 9 13 0.042425074 
80 543 9 12 0.042120054 
232 534 9 11 0.04202094 
388 179 32 35 0.0413406 
224 504 8 11 0.04062045 
887 468 14 16 0.04050848 
159 488 8 10 0.04041534 
295 485 10 10 0.04021175 
118 511 9 10 0.039770782 
40 548 9 13 0.039318 
346 505 7 9 0.038859982 
306 538 9 10 0.038699105 
39 543 9 12 0.03849134 
239 469 8 9 0.038331278 
291 511 8 10 0.038269393 
999 478 9 11 0.03816728 
431 527 8 10 0.03804321 
112 492 8 10 0.03796772 
961 478 8 10 0.037591234 
0 525 9 13 0.037496142 
335 510 7 9 0.037421763 
233 464 7 9 0.03740129 
101 531 8 12 0.03727649 
0 549 8 13 0.03713508 
143 461 7 10 0.036868036 
173 523 8 13 0.03628731 
81 463 8 10 0.03618535 
44 478 7 10 0.03607525 
174 535 9 12 0.036050573 
190 502 8 10 0.03548122 
193 464 8 9 0.03515275 
24 488 8 11 0.035139382 
305 504 8 10 0.03498201 
147 495 8 11 0.03488897 
688 520 10 12 0.034869187 
152 473 8 9 0.03485831 
133 447 8 9 0.03478428 
239 540 10 13 0.034772266 
776 519 9 12 0.034669016 
169 503 8 10 0.034597997 
1006 488 13 17 0.034519725 
94 473 7 10 0.034481745 
73 541 9 13 0.034371875 
362 503 8 10 0.034270246 
15 511 8 11 0.034153994 
160 472 8 10 0.034147117 
15 486 8 11 0.034037225 
744 495 7 9 0.033639763 
168 486 8 9 0.033636067 
271 520 7 10 0.03335251 
87 512 8 10 0.03327724 
194 469 8 10 0.033112746 
201 485 11 14 0.032856647 
119 464 8 10 0.03278205 
305 513 8 9 0.032690994 
65 503 8 10 0.03254265 
335 494 8 9 0.03218085 
246 540 10 12 0.032052845 
145 474 7 9 0.031721853 
801 527 8 11 0.03167318 
893 461 14 18 0.03092754 
286 535 7 10 0.030868335 
291 526 8 10 0.030493002 
289 542 6 9 0.030442292 
81 512 9 11 0.030397385 
151 559 11 13 0.030338898 
38 488 7 10 0.030116752 
970 495 8 11 0.02989481 
158 558 12 13 0.029887618 
42 472 8 9 0.02964375 
310 511 8 10 0.029637175 
296 480 10 11 0.029437847 
230 498 9 13 0.029307218 
837 504 8 11 0.02925258 
286 518 8 10 0.029144784 
114 462 8 10 0.029089188 
393 529 7 9 0.029084353 
79 51 234 212 0.028878218 
989 503 9 11 0.028780522 
102 464 8 9 0.028715126 
961 473 9 10 0.028310873 
168 473 8 9 0.027553452 
331 509 7 9 0.027531397 
156 546 12 14 0.02748933 
335 544 8 9 0.027223783 
256 489 8 10 0.027197603 
247 487 9 12 0.027155492 
143 558 10 13 0.027006406 
178 508 8 12 0.026884377 
151 542 12 15 0.026752235 
6 549 9 11 0.02669191 
399 501 8 10 0.026690582 
852 517 10 12 0.026620172 
112 531 9 12 0.02657085 
834 509 8 10 0.026548626 
144 486 7 10 0.026521266 
812 474 11 15 0.026491197 
9 525 10 13 0.026392289 
53 463 8 10 0.026371706 
238 533 10 13 0.026345707 
310 504 9 10 0.026206722 
104 471 7 9 0.02617438 
65 509 8 10 0.026152752 
438 544 8 10 0.026120888 
174 473 8 10 0.026044512 
449 512 8 10 0.025971755 
26 480 8 9 0.025922041 
120 549 9 11 0.025679547 
1012 464 9 13 0.025674226 
344 525 7 10 0.025473842 
0 464 7 11 0.025427153 
184 488 8 9 0.025357403 
119 504 8 10 0.02533505 
385 497 7 9 0.025163101 
0 516 9 14 0.025025906 
190 447 8 8 0.024943594 
252 539 9 12 0.024860691 
358 528 7 8 0.024848036 
119 543 8 11 0.024818808 
302 478 8 10 0.024590842 
130 488 7 10 0.024583764 
1013 475 10 14 0.024395723 
343 521 7 10 0.024321234 
169 495 7 10 0.024272991 
121 448 7 9 0.02416932 
935 478 10 13 0.024148243 
127 517 9 12 0.024028827 
274 510 7 9 0.024026323 
342 495 8 9 0.024008613 
176 489 8 9 0.02366039 
297 541 7 10 0.023589967 
237 496 11 14 0.023556963 
192 496 8 10 0.023516 
64 542 8 11 0.023451472 
103 510 10 11 0.023451239 
86 501 9 11 0.023407212 
223 532 10 14 0.023155577 
106 480 7 9 0.02313516 
339 521 7 9 0.02287555 
400 528 7 9 0.02284458 
267 524 8 11 0.022738433 
23 541 8 11 0.022633862 
242 549 12 14 0.02254499 
226 472 8 9 0.022483377 
320 538 7 9 0.022433445 
139 462 7 9 0.022354722 
223 518 10 14 0.022316948 
70 506 9 12 0.022305949 
64 495 7 10 0.022295123 
62 487 8 10 0.022174858 
271 548 9 11 0.022138719 
31 557 9 12 0.022088515 
720 543 8 10 0.021999642 
40 506 10 12 0.021920163 
198 464 7 9 0.021859398 
33 463 7 9 0.021637246 
87 495 8 11 0.021592865 
311 494 8 9 0.021570075 
666 493 9 11 0.021558333 
994 476 9 11 0.02126363 
575 400 9 10 0.021147903 
448 517 8 10 0.020995049 
920 441 11 12 0.020991702 
268 564 11 13 0.020917004 
32 525 9 12 0.020850386 
280 526 8 10 0.020789864 
954 487 9 11 0.020771492 
7 492 9 12 0.020679248 
807 527 9 11 0.020570468 
222 540 9 13 0.02053682 
370 486 7 10 0.020530974 
186 480 7 10 0.020504793 
296 535 8 10 0.020416584 
18 463 7 9 0.02036586 
226 476 8 11 0.020309864 
319 510 8 9 0.020275766 
28 498 9 13 0.020259874 
114 504 8 10 0.020221949 
258 520 9 12 0.020184692 
1007 474 10 12 0.020162325 
725 566 9 11 0.02013862 
849 512 9 11 0.020107828 
417 526 7 8 0.020086473 
129 492 7 11 0.020033145 
865 517 8 11 0.020021444 
423 495 8 10 0.020011991 
