35_Basketball_Basketball_35_664
67
45 324 9 13 0.8952779 
22 318 10 13 0.8322843 
52 340 12 15 0.2871949 
141 350 9 11 0.23190816 
117 350 9 12 0.16440926 
83 344 15 18 0.15804482 
0 307 11 19 0.14855881 
134 337 8 9 0.119637355 
77 309 8 10 0.11217741 
135 342 8 10 0.10761343 
130 336 7 10 0.09391886 
377 15 309 284 0.0850318 
92 336 12 19 0.08077923 
162 343 8 10 0.08049246 
0 339 10 15 0.077365115 
98 309 8 10 0.073031746 
144 344 8 10 0.071458794 
753 244 17 21 0.06827273 
166 343 8 10 0.059854746 
645 283 14 16 0.059525874 
177 341 9 11 0.05902033 
142 378 12 19 0.054527793 
27 316 9 13 0.05277811 
73 310 8 10 0.05223008 
130 341 8 10 0.050172307 
47 328 11 16 0.04976014 
113 333 8 11 0.04606239 
652 284 13 17 0.04601643 
113 328 8 10 0.04590708 
101 305 8 10 0.045401555 
659 384 22 28 0.044367746 
884 376 10 12 0.04040118 
692 355 15 19 0.03839904 
181 341 8 11 0.037618656 
741 234 27 33 0.03755095 
9 447 9 12 0.035722833 
59 339 10 14 0.035344053 
0 280 6 11 0.034992043 
17 340 10 14 0.034937266 
193 350 8 11 0.032944676 
0 379 12 19 0.03161817 
700 356 12 18 0.03156573 
119 334 7 10 0.030251818 
0 401 12 17 0.02896142 
691 348 14 17 0.027788034 
150 342 8 11 0.026903564 
800 315 12 17 0.026712762 
686 358 23 29 0.026490562 
3 303 12 16 0.025964255 
152 360 9 11 0.025624903 
529 374 8 11 0.025468983 
25 287 7 8 0.023878358 
791 305 10 15 0.023438524 
120 345 8 10 0.023369374 
730 238 21 31 0.023051772 
535 376 8 11 0.023010397 
161 349 9 10 0.022649387 
100 338 10 16 0.022487089 
652 311 12 14 0.022361632 
797 307 11 16 0.021827905 
29 325 9 12 0.021622468 
152 335 8 10 0.021323953 
2 346 12 15 0.021102458 
520 260 31 31 0.020806529 
5 386 14 17 0.020593168 
747 188 14 16 0.020527741 
559 378 10 12 0.020370048 
