35_Basketball_basketballgame_ball_35_309
26
774 80 174 237 0.99819845 
229 0 66 67 0.9946931 
395 75 78 103 0.9927592 
133 56 74 97 0.9880164 
954 65 24 32 0.7771307 
3 517 58 152 0.5467604 
294 375 40 40 0.3360641 
986 92 24 30 0.28703803 
679 67 33 44 0.1415818 
678 127 22 32 0.088443026 
121 0 34 29 0.08046455 
943 52 29 37 0.06996539 
637 172 58 74 0.06890559 
702 117 25 33 0.056783963 
38 2 70 62 0.05253076 
122 -1 58 57 0.046575863 
217 28 34 42 0.04544212 
986 2 28 33 0.041517 
1010 71 14 27 0.034413613 
637 163 101 109 0.02377247 
214 13 58 65 0.023538046 
937 42 27 37 0.023483764 
917 3 17 20 0.022358948 
85 126 83 92 0.021836603 
687 117 25 34 0.020739876 
23 3 44 44 0.020038035 
