35_Basketball_playingbasketball_35_127
37
636 32 32 42 0.99830246 
318 56 29 37 0.99795616 
492 112 37 45 0.9977404 
595 185 51 66 0.9977336 
887 64 27 34 0.9975616 
531 165 37 49 0.9960659 
91 19 17 22 0.991971 
851 4 25 28 0.98112214 
14 64 16 20 0.9754505 
168 2 18 21 0.9749426 
1003 115 19 32 0.952841 
758 12 21 25 0.90085405 
402 18 15 19 0.8103413 
420 79 18 22 0.74403113 
401 2 22 21 0.66356486 
127 3 13 15 0.4299806 
109 49 20 29 0.11138925 
404 71 15 21 0.0973562 
830 20 13 17 0.09246174 
124 119 14 19 0.059078153 
666 576 20 22 0.05596954 
138 98 16 22 0.055910744 
405 130 26 34 0.055857636 
130 108 19 31 0.05322966 
399 9 17 21 0.05270314 
166 47 16 21 0.052545976 
413 75 14 22 0.04615217 
157 2 14 17 0.04529582 
109 2 17 18 0.037938915 
170 89 23 27 0.033052888 
370 14 16 21 0.03034083 
366 73 12 18 0.028524589 
387 3 17 18 0.028368909 
75 101 21 30 0.026221517 
154 123 16 22 0.024721213 
139 108 24 33 0.022905735 
836 21 15 20 0.021517681 
