35_Basketball_basketballgame_ball_35_998
73
912 284 48 66 0.9972754 
340 99 55 82 0.9970271 
681 70 55 72 0.99593556 
0 311 25 42 0.9949315 
64 281 32 38 0.9920455 
124 285 32 46 0.99017173 
37 200 33 48 0.98645484 
43 391 40 50 0.9863746 
353 323 38 58 0.9825781 
513 50 26 34 0.8482954 
326 407 26 43 0.8033478 
444 140 31 44 0.77541625 
870 302 28 44 0.7311004 
816 321 36 49 0.6861366 
588 52 25 36 0.56066334 
595 15 26 35 0.41816685 
979 288 24 42 0.3967801 
110 110 26 32 0.3125085 
497 18 26 31 0.24440528 
7 427 33 38 0.24274397 
830 96 28 39 0.21444196 
386 106 46 66 0.19244826 
248 52 28 36 0.1682999 
435 47 25 33 0.16592102 
1 249 19 34 0.14547978 
1002 321 23 50 0.13050987 
649 100 35 47 0.11650346 
571 143 28 38 0.08740717 
904 204 47 61 0.08179488 
507 365 51 66 0.07958251 
407 13 23 31 0.07763558 
465 91 45 55 0.07645487 
759 45 44 59 0.07293686 
502 35 31 38 0.07123938 
338 24 18 24 0.0711279 
11 213 21 29 0.06648617 
651 41 26 36 0.06521298 
668 83 45 61 0.06345979 
474 229 30 38 0.06204825 
175 128 41 53 0.057690848 
464 101 28 36 0.05275785 
434 528 14 17 0.052290667 
450 0 25 24 0.051210456 
980 296 33 53 0.04991733 
176 119 28 35 0.04421886 
501 353 45 50 0.040737752 
837 219 32 42 0.038058285 
569 129 28 34 0.034768254 
93 70 21 27 0.0336715 
466 438 26 31 0.032743216 
271 87 28 38 0.031939756 
606 412 14 16 0.031216502 
651 26 44 59 0.03084274 
192 134 32 39 0.03074981 
515 31 30 43 0.030618556 
675 9 43 59 0.029766457 
532 355 29 33 0.02971289 
978 283 17 29 0.029687043 
585 23 38 57 0.029145218 
504 343 31 37 0.029094193 
25 210 24 35 0.027033499 
601 407 26 28 0.025099589 
406 491 16 20 0.025032671 
931 14 25 32 0.023980891 
795 310 49 64 0.023755535 
226 120 26 33 0.023127446 
888 297 38 57 0.022342904 
514 0 19 18 0.022077488 
814 101 46 55 0.021780081 
64 139 25 30 0.021366576 
819 349 18 23 0.021104265 
232 161 61 72 0.020356407 
908 23 52 74 0.020094875 
