35_Basketball_basketballgame_ball_35_375
2240
629 214 9 11 0.85332745 
774 214 10 12 0.82134175 
994 533 13 20 0.8150699 
521 225 9 11 0.7880815 
969 78 7 10 0.7764397 
822 151 8 9 0.76711863 
816 174 8 10 0.7657623 
477 180 8 10 0.7216121 
985 481 15 19 0.71411943 
846 151 8 10 0.7085427 
874 689 27 33 0.7042297 
592 227 9 12 0.6932177 
593 111 7 9 0.65408033 
344 182 8 10 0.64518315 
638 232 8 11 0.63879055 
861 133 8 10 0.6323565 
681 135 7 10 0.615784 
278 190 7 9 0.5994615 
862 197 8 10 0.5966618 
470 201 10 11 0.5787053 
840 173 9 10 0.573904 
566 165 9 11 0.5609239 
861 156 8 10 0.5565902 
658 136 8 10 0.54709655 
517 162 8 10 0.5407659 
574 190 8 11 0.52652013 
573 148 8 10 0.5199972 
807 188 8 10 0.50705093 
502 218 8 10 0.5058409 
593 149 8 10 0.4978805 
559 105 7 9 0.4871468 
446 135 8 10 0.46985748 
465 158 8 10 0.46896076 
635 132 8 10 0.46868512 
575 112 8 9 0.46739507 
907 206 8 9 0.4668463 
350 128 8 10 0.46045032 
677 117 8 10 0.45785424 
871 522 13 19 0.4567487 
685 237 8 10 0.4541655 
606 190 8 10 0.4527007 
494 642 16 23 0.44055983 
674 221 8 10 0.43853596 
400 311 8 10 0.4360103 
739 100 7 9 0.43436894 
1006 15 9 12 0.43153068 
610 232 8 10 0.43018 
614 216 9 11 0.42142546 
361 144 8 10 0.42037007 
624 176 8 10 0.41634896 
895 433 11 17 0.41558218 
494 185 8 11 0.40650728 
592 130 8 9 0.40063283 
319 194 7 10 0.39748356 
520 185 8 10 0.395366 
655 222 8 10 0.39358783 
951 185 9 10 0.38851464 
650 158 8 11 0.3872606 
414 133 8 10 0.38495356 
248 153 7 9 0.38216767 
609 116 8 9 0.37792486 
965 166 8 10 0.37464154 
864 224 8 10 0.37096253 
457 118 8 11 0.3642521 
681 200 8 11 0.36298627 
300 192 8 10 0.34970927 
557 188 8 11 0.34720895 
541 203 9 12 0.34251967 
599 351 9 11 0.34153745 
914 136 8 11 0.33970568 
558 233 8 10 0.3366596 
809 742 19 20 0.33626306 
896 175 8 10 0.33382368 
895 182 8 9 0.33308214 
534 158 8 10 0.33010212 
519 102 8 9 0.32771054 
626 152 7 10 0.3260609 
337 102 7 9 0.3214345 
774 143 10 11 0.3199125 
917 189 8 10 0.31271824 
837 128 8 9 0.31103382 
825 202 7 9 0.30820608 
917 158 8 10 0.30724525 
575 94 7 9 0.30607912 
648 177 8 11 0.30456862 
290 122 7 9 0.3027525 
488 126 7 9 0.29899502 
282 138 7 9 0.29645365 
376 25 8 10 0.29397622 
945 137 8 10 0.2924874 
385 78 7 9 0.29085258 
377 191 9 11 0.2902379 
568 215 8 10 0.2901352 
538 151 8 10 0.2901324 
849 118 8 9 0.2833129 
934 214 7 9 0.28133684 
505 125 8 10 0.28120106 
889 153 8 10 0.27923876 
951 559 15 21 0.27761045 
273 158 7 9 0.27706707 
501 168 8 11 0.27500835 
950 77 7 9 0.27455276 
1009 143 11 13 0.2743661 
191 149 8 9 0.2720604 
479 121 7 10 0.26829213 
490 140 8 10 0.2666583 
996 38 9 12 0.2614491 
424 22 7 10 0.26095074 
290 175 8 10 0.26080695 
535 121 8 9 0.25999174 
319 181 8 10 0.25962335 
675 156 7 10 0.25718433 
547 164 8 10 0.25698167 
586 213 8 11 0.25680164 
296 106 7 9 0.25492346 
486 156 8 11 0.25304726 
879 117 7 9 0.2515238 
646 55 7 10 0.2513217 
999 78 8 9 0.25106543 
407 45 7 9 0.2504185 
721 101 7 9 0.24840659 
696 205 8 10 0.24778724 
454 213 8 11 0.24728565 
164 563 15 18 0.2418424 
258 142 7 9 0.24084496 
610 149 8 10 0.23949851 
93 153 8 10 0.23882788 
430 77 8 11 0.2379631 
576 90 7 8 0.23640327 
449 212 9 11 0.23402387 
2 128 7 11 0.23340435 
657 71 8 10 0.23301217 
394 149 9 11 0.22790419 
521 14 8 9 0.22678486 
303 69 8 10 0.22382765 
410 193 7 10 0.22289483 
428 120 9 11 0.22051108 
118 169 8 10 0.21614671 
865 177 7 10 0.21520236 
941 166 8 9 0.21378294 
110 61 6 9 0.21085267 
159 93 7 9 0.21080852 
471 136 7 10 0.20992285 
713 125 8 10 0.20727803 
890 135 8 10 0.20471579 
320 126 7 9 0.20436919 
982 270 10 13 0.20359713 
1000 57 8 9 0.2035014 
614 24 7 9 0.20322731 
925 72 8 9 0.20086843 
591 53 7 9 0.1995766 
890 142 8 10 0.19806091 
586 190 8 11 0.1970894 
254 176 8 9 0.19597234 
390 22 8 10 0.19536409 
462 29 7 9 0.19478892 
313 104 7 10 0.19468962 
179 63 7 10 0.19388577 
202 165 8 10 0.19336547 
771 69 7 10 0.1922458 
287 158 7 9 0.18981677 
231 151 7 10 0.1870648 
430 167 9 11 0.1857348 
456 181 8 9 0.18460369 
895 154 7 9 0.18211329 
110 157 7 9 0.18030357 
522 205 8 10 0.17973162 
615 87 8 10 0.17972006 
297 143 7 8 0.17939018 
808 149 8 9 0.17833103 
744 694 19 28 0.17771284 
535 165 8 10 0.17762932 
848 191 8 10 0.17658374 
455 101 8 9 0.17627811 
313 160 7 9 0.17435488 
496 118 7 10 0.1742229 
680 88 7 9 0.17318009 
967 143 9 10 0.173126 
542 150 7 9 0.1729582 
217 165 8 10 0.16991483 
23 118 7 10 0.16979471 
222 183 7 9 0.16930412 
155 142 7 10 0.16915587 
74 6 8 11 0.1691363 
474 122 8 9 0.16906334 
271 176 8 10 0.16880754 
873 112 8 10 0.16674419 
450 157 8 10 0.16599105 
473 47 7 9 0.16573362 
359 166 8 10 0.1654829 
255 184 7 9 0.16547062 
414 79 7 9 0.1653044 
882 209 7 10 0.16474277 
856 112 7 9 0.16386709 
406 338 13 18 0.16379637 
695 113 7 10 0.16279031 
134 158 7 9 0.16139486 
61 124 8 10 0.16099273 
1000 469 12 16 0.15922819 
851 94 7 10 0.15811934 
440 183 8 10 0.15760405 
648 101 8 9 0.1575219 
748 222 9 11 0.15730321 
319 143 8 10 0.1572125 
930 102 7 9 0.15666592 
977 2 12 14 0.15639946 
8 511 11 15 0.1563437 
242 15 8 9 0.15547405 
570 127 7 10 0.15460512 
566 220 8 11 0.15420632 
158 176 7 10 0.15323023 
544 104 8 9 0.15303074 
274 119 7 9 0.15279663 
192 177 8 10 0.15196918 
886 233 8 10 0.15174118 
200 62 8 9 0.15159099 
402 89 7 9 0.15057112 
623 199 8 11 0.14978997 
959 493 10 14 0.14948753 
591 15 7 9 0.14931026 
701 22 8 10 0.1491189 
176 117 7 9 0.14853454 
18 118 8 10 0.14804178 
906 150 8 11 0.14769867 
658 109 7 10 0.14648914 
223 111 8 10 0.14629136 
515 86 7 9 0.14594552 
521 97 7 10 0.14541304 
1013 477 10 14 0.14536779 
626 57 6 8 0.14425188 
579 45 7 9 0.14349589 
177 149 7 10 0.14312033 
523 72 7 9 0.14299607 
464 154 8 9 0.14264463 
780 183 10 13 0.14252187 
801 15 8 10 0.14125402 
81 79 7 8 0.14046028 
322 29 7 10 0.13997295 
29 88 8 10 0.13964769 
830 117 8 10 0.13954915 
603 57 7 9 0.13924782 
414 62 7 10 0.13819622 
1015 71 8 10 0.13727666 
986 167 8 11 0.13701251 
350 105 8 10 0.1368148 
535 185 7 10 0.13674824 
683 654 15 19 0.1366889 
705 239 8 11 0.13664015 
528 183 8 11 0.13568991 
367 86 7 10 0.13445182 
942 161 7 10 0.134049 
1008 316 11 13 0.13403203 
854 94 7 9 0.13339557 
353 73 7 9 0.13270147 
913 141 8 10 0.13219236 
705 57 7 9 0.13205762 
998 166 9 11 0.13204256 
560 221 8 11 0.13170107 
1006 276 9 11 0.13166004 
730 65 7 9 0.13161978 
888 110 7 10 0.13054144 
257 95 8 9 0.13028297 
822 136 7 9 0.13019724 
698 158 7 10 0.13009736 
48 519 10 14 0.12979665 
472 124 8 10 0.12976633 
608 132 8 10 0.12963529 
544 183 9 11 0.12907512 
256 88 8 9 0.12892148 
1007 476 11 15 0.12866345 
887 570 12 15 0.12745883 
511 142 8 10 0.12620193 
807 145 7 9 0.12615597 
307 127 7 9 0.12615077 
562 121 7 9 0.12603037 
764 606 17 22 0.12566476 
495 102 7 9 0.12551904 
641 78 6 8 0.12544788 
264 167 7 9 0.1251446 
915 117 7 10 0.12484416 
572 96 6 9 0.12463419 
992 168 8 10 0.12427882 
639 75 6 8 0.12373805 
131 141 7 10 0.123377144 
608 252 10 13 0.123321705 
80 62 7 9 0.12156725 
928 117 8 10 0.12150774 
383 111 9 10 0.121235274 
238 189 7 9 0.12116383 
239 118 6 9 0.12064519 
751 275 10 12 0.120511085 
186 176 7 10 0.119893536 
617 200 8 10 0.11930477 
657 140 8 10 0.11922001 
761 23 7 10 0.118407495 
639 113 8 9 0.117864914 
313 78 7 9 0.11779152 
565 55 8 10 0.11776793 
262 143 7 9 0.11748312 
804 683 16 18 0.11735528 
413 193 9 11 0.11718626 
887 103 8 10 0.1166452 
696 142 8 10 0.11659309 
481 156 9 11 0.11648135 
281 85 7 10 0.11643196 
272 96 7 9 0.116087094 
93 128 8 10 0.1156676 
681 94 8 10 0.11393987 
532 215 9 12 0.113893054 
863 569 12 18 0.113788985 
67 140 7 10 0.11347547 
201 94 8 9 0.11322555 
761 68 7 10 0.1127647 
974 22 9 10 0.11273081 
640 180 8 10 0.112689875 
747 217 8 9 0.11256103 
674 102 7 9 0.11254093 
312 126 7 8 0.11201733 
287 86 7 9 0.11196767 
391 18 8 9 0.111763425 
613 114 7 9 0.11139408 
347 108 8 10 0.11135681 
618 79 7 9 0.111262426 
994 3 10 13 0.111054584 
442 15 8 10 0.110914625 
159 57 7 9 0.11084521 
838 9 8 10 0.11080851 
142 174 7 10 0.1106476 
385 45 7 9 0.11033272 
942 11 10 12 0.109916486 
646 1 8 10 0.109878816 
496 113 7 9 0.10977968 
211 134 7 9 0.109725565 
390 41 8 10 0.10937447 
331 72 7 10 0.10937276 
814 229 7 9 0.10847214 
368 63 8 10 0.1072058 
407 29 7 9 0.107136056 
997 101 9 11 0.106481485 
299 36 8 11 0.1061765 
241 134 8 10 0.10593008 
687 135 7 10 0.105683394 
830 216 9 10 0.10465113 
886 96 8 9 0.104619056 
691 117 8 10 0.10456172 
223 1 8 9 0.10380242 
545 81 7 8 0.10374342 
138 174 8 10 0.10305708 
662 72 7 10 0.102886856 
918 141 7 9 0.10252175 
425 46 7 9 0.10236383 
1012 14 10 13 0.10136868 
649 152 7 9 0.101237245 
867 552 14 17 0.10116126 
400 168 7 10 0.10080951 
896 169 9 11 0.10069649 
729 87 7 9 0.10060049 
151 160 7 9 0.10045717 
696 102 7 9 0.10035703 
515 102 7 10 0.100229725 
665 223 7 9 0.10014695 
1007 442 13 17 0.10001419 
864 619 22 27 0.09964911 
744 63 8 10 0.09934361 
947 78 7 9 0.09890135 
53 522 10 15 0.0987341 
646 239 8 10 0.098707646 
542 110 8 9 0.09847038 
256 81 7 8 0.0983545 
540 70 6 9 0.09718047 
272 101 7 10 0.09671669 
546 97 7 8 0.096271805 
722 182 8 10 0.09620383 
804 184 8 11 0.09617984 
914 113 7 9 0.09608528 
506 151 7 9 0.09537347 
226 80 7 9 0.09527182 
754 191 8 9 0.09518727 
657 104 7 9 0.09513966 
24 144 9 11 0.0945213 
835 145 7 9 0.09433191 
559 87 8 10 0.09423471 
663 56 7 8 0.09416551 
598 94 7 9 0.09409949 
431 73 8 10 0.09391968 
405 93 8 9 0.09386566 
600 145 8 10 0.09380143 
320 150 8 10 0.09364602 
282 158 7 9 0.09346821 
935 189 7 10 0.093278214 
561 80 8 9 0.09326356 
270 62 7 9 0.09319535 
321 25 7 9 0.09319425 
951 102 8 9 0.09302015 
57 161 7 9 0.09299171 
131 58 6 9 0.092697404 
1004 515 13 17 0.092667125 
583 46 7 9 0.09264392 
239 170 7 9 0.09254853 
326 444 11 15 0.09222124 
439 189 10 13 0.092197 
607 145 8 10 0.09207826 
641 150 8 9 0.09195779 
587 8 8 10 0.09193518 
170 174 7 9 0.09149992 
198 129 7 10 0.09125844 
305 136 8 9 0.091068655 
376 174 8 10 0.09088679 
854 117 8 10 0.09027512 
704 62 7 9 0.09015216 
833 111 7 10 0.09001508 
454 157 8 10 0.08997894 
160 78 8 9 0.089902416 
976 110 8 10 0.0897302 
782 26 7 9 0.08966472 
713 87 7 9 0.08963622 
783 174 9 11 0.08928816 
376 184 9 11 0.08892172 
554 89 7 9 0.08892022 
873 129 8 10 0.08885356 
330 78 7 9 0.088508144 
874 117 8 10 0.08816852 
575 185 9 11 0.08811013 
147 159 7 10 0.08802813 
103 110 8 9 0.08768857 
686 204 8 10 0.08767095 
514 164 8 11 0.08743798 
1015 260 8 12 0.08741671 
656 230 8 10 0.08724579 
434 198 8 10 0.08711311 
610 215 8 10 0.087062135 
974 54 8 9 0.08682994 
737 16 7 9 0.08675669 
918 223 9 12 0.086435534 
310 166 8 9 0.086392544 
434 190 8 11 0.08598631 
318 572 14 20 0.08561661 
375 195 8 11 0.08560964 
315 194 8 10 0.08482923 
270 73 8 9 0.084748715 
231 80 7 9 0.08470176 
349 182 8 10 0.08459162 
51 137 7 9 0.08420245 
519 62 7 9 0.08400086 
509 150 8 10 0.083257124 
430 159 8 10 0.08323585 
949 714 13 19 0.083217986 
478 87 7 9 0.08314886 
864 229 8 10 0.082750805 
795 694 13 19 0.08270776 
551 120 7 10 0.08265008 
718 125 7 10 0.082586326 
378 119 7 9 0.08257198 
567 120 7 9 0.082516335 
1000 160 8 10 0.082329676 
447 140 7 9 0.08217469 
400 330 12 17 0.08186369 
936 125 8 10 0.08139617 
738 22 7 9 0.08119041 
250 185 7 9 0.08103339 
706 96 7 9 0.08102654 
630 198 7 9 0.0809033 
305 175 9 11 0.08056255 
267 72 7 10 0.08051819 
329 62 7 9 0.08049874 
39 150 8 10 0.08046797 
778 187 9 12 0.08033922 
397 145 8 10 0.080291204 
480 125 8 10 0.08013177 
441 176 8 9 0.08009961 
145 65 7 9 0.08003089 
855 167 8 10 0.08002755 
582 174 8 10 0.08001783 
320 104 7 9 0.07980873 
936 119 7 10 0.07961473 
767 96 8 10 0.07954485 
470 5 7 9 0.07952208 
643 86 7 9 0.07922462 
413 174 8 10 0.07920846 
94 62 7 8 0.07915974 
591 106 7 8 0.07885447 
359 31 7 8 0.07878678 
448 154 8 9 0.07874943 
553 126 8 9 0.078581885 
904 110 7 9 0.07850619 
721 45 7 9 0.07839539 
161 61 8 9 0.07832449 
299 69 7 10 0.07822654 
198 182 7 9 0.07821024 
227 151 8 10 0.07809254 
424 157 8 10 0.07788844 
833 150 7 10 0.07774331 
560 125 7 10 0.07749144 
584 264 8 10 0.07739792 
194 180 8 10 0.07724677 
792 128 8 9 0.07720216 
528 86 7 10 0.07703301 
286 137 7 9 0.07698319 
611 46 7 9 0.07685285 
616 93 7 9 0.07674216 
913 185 8 10 0.07669836 
680 71 7 9 0.07669561 
222 40 8 10 0.07668023 
242 152 7 9 0.07641701 
327 8 7 8 0.076283924 
321 96 7 9 0.076222576 
69 644 23 23 0.07617213 
449 168 8 10 0.07608569 
576 118 8 9 0.07606177 
675 114 8 10 0.07602382 
336 23 7 10 0.075755015 
441 41 7 10 0.075682074 
337 145 8 9 0.0756727 
712 140 8 10 0.07566466 
530 120 7 10 0.07514334 
867 22 7 10 0.0749251 
657 77 7 10 0.074921876 
376 126 8 9 0.074861474 
901 119 8 10 0.074801244 
602 61 7 9 0.0744734 
245 581 13 16 0.074364334 
669 173 8 11 0.07435591 
670 167 8 12 0.07426467 
793 23 7 10 0.07405847 
56 61 7 9 0.0739011 
888 129 8 10 0.07346715 
752 199 7 9 0.07346473 
969 137 8 10 0.07344542 
252 581 11 15 0.07341862 
966 148 8 10 0.07338588 
135 55 8 9 0.07338163 
614 47 7 9 0.07328684 
154 126 8 9 0.073057905 
728 208 9 11 0.073045015 
921 198 9 12 0.07298279 
11 614 20 28 0.07290083 
85 561 15 20 0.0725912 
594 79 7 9 0.072536536 
800 176 7 9 0.07252456 
218 111 8 10 0.072502814 
666 128 7 9 0.07248327 
331 158 7 9 0.0724306 
59 121 8 10 0.07231544 
362 119 7 10 0.07207294 
648 38 7 10 0.071998276 
801 33 7 8 0.07192887 
655 128 8 9 0.071608156 
78 572 14 19 0.0715158 
976 126 7 8 0.07133266 
264 104 7 9 0.07123146 
510 125 6 9 0.07119904 
30 118 9 10 0.07109331 
313 181 9 11 0.07082853 
674 85 7 9 0.07075661 
97 12 7 9 0.07031049 
362 87 8 10 0.069961734 
495 138 7 9 0.069897905 
494 44 7 9 0.069656834 
769 150 8 9 0.069585636 
767 45 7 9 0.06952446 
337 149 7 10 0.069388926 
555 105 7 9 0.069363505 
703 39 7 9 0.06927013 
691 103 7 9 0.069193505 
199 108 8 11 0.069148555 
257 137 7 9 0.06908508 
872 133 8 10 0.06896368 
527 143 8 10 0.06884781 
839 144 7 10 0.0687683 
904 105 7 9 0.06856302 
879 55 7 9 0.068335734 
917 506 12 16 0.068211846 
544 86 7 10 0.068157025 
642 166 7 9 0.06790882 
719 120 7 9 0.067865595 
466 221 8 11 0.06743251 
368 136 8 10 0.06726198 
610 95 7 9 0.067240976 
426 125 8 10 0.067202315 
496 205 8 9 0.06702318 
446 129 8 10 0.066992864 
378 79 7 9 0.066904105 
697 81 7 9 0.066891484 
774 148 9 11 0.06686095 
858 153 7 10 0.06685447 
538 112 7 9 0.06684964 
410 150 7 10 0.066778004 
426 166 8 11 0.0667701 
218 184 7 9 0.066691086 
270 57 8 9 0.06666428 
921 153 8 10 0.06663627 
209 129 7 9 0.06662137 
608 174 8 10 0.06638356 
254 55 7 9 0.06627708 
560 261 9 12 0.06621958 
632 255 8 10 0.06600552 
506 192 7 10 0.065954536 
505 197 9 11 0.06587552 
585 184 8 10 0.065756984 
858 105 7 9 0.06524436 
514 63 7 9 0.065164365 
665 230 7 10 0.06509646 
680 140 8 10 0.065069504 
530 8 8 9 0.065010905 
465 63 7 9 0.064860255 
793 133 8 10 0.06482869 
288 95 7 9 0.064799085 
297 138 7 8 0.06465173 
819 135 7 9 0.064558774 
448 76 9 12 0.064534195 
720 64 7 9 0.06449295 
226 25 8 10 0.06434101 
391 77 7 10 0.064148284 
487 200 8 11 0.063876316 
824 155 8 11 0.063770205 
841 120 7 9 0.06366484 
611 86 7 10 0.06364673 
263 184 7 9 0.06364505 
80 166 7 9 0.063604005 
840 111 7 9 0.06359706 
270 77 8 10 0.06340864 
1014 77 8 11 0.063179284 
235 118 7 9 0.06302426 
553 230 8 11 0.06293752 
912 32 8 9 0.06282896 
905 201 8 10 0.06273138 
544 133 7 10 0.062725686 
648 203 9 12 0.06256418 
912 301 13 17 0.062327225 
441 24 8 10 0.062276646 
336 120 8 9 0.062274013 
438 195 9 12 0.062208325 
537 66 7 9 0.062123913 
329 121 8 10 0.062026568 
454 199 9 10 0.06180297 
257 117 8 9 0.06179782 
328 125 8 10 0.06173774 
998 1 10 11 0.061623756 
258 168 8 9 0.061587617 
385 145 7 9 0.061411373 
696 137 8 10 0.061400503 
616 166 8 10 0.06139311 
799 69 8 10 0.061330285 
385 94 9 10 0.061177507 
826 97 7 9 0.06115764 
473 103 7 9 0.06108757 
335 111 7 9 0.06101642 
185 105 7 9 0.06090272 
136 13 8 10 0.060744446 
543 146 7 9 0.060730685 
534 1 8 9 0.06072547 
384 149 7 10 0.060693942 
489 87 7 9 0.06065576 
632 96 7 9 0.060619723 
753 25 8 9 0.060586985 
209 151 8 10 0.060544144 
527 151 8 10 0.060448177 
568 209 8 11 0.060332287 
823 32 8 9 0.060286265 
568 133 7 10 0.0601469 
121 95 7 8 0.06003407 
107 532 12 16 0.06000794 
509 70 7 8 0.059979375 
137 153 7 10 0.059927717 
297 157 8 10 0.059927456 
105 104 7 10 0.059926283 
91 157 7 9 0.059675194 
431 153 8 9 0.05967166 
738 82 7 8 0.05957736 
266 175 8 10 0.059378333 
704 87 7 9 0.059348844 
425 134 8 10 0.05927315 
898 54 7 9 0.05926856 
491 189 8 10 0.059239533 
674 197 9 11 0.05908949 
641 103 7 9 0.05898498 
583 88 8 9 0.058965415 
943 63 7 9 0.058950286 
65 89 7 9 0.05894675 
825 684 23 24 0.058879994 
759 208 7 9 0.058866814 
143 49 7 9 0.05886182 
544 128 7 9 0.0588503 
703 206 8 10 0.058789354 
365 142 8 11 0.058731332 
30 126 8 9 0.058683746 
647 82 7 8 0.05867093 
307 122 7 9 0.058636323 
970 125 7 9 0.058634963 
272 168 7 9 0.05849733 
865 143 8 9 0.058394656 
447 41 7 9 0.058282994 
809 168 7 9 0.058137584 
455 124 8 10 0.058122247 
528 136 8 10 0.058069307 
89 133 8 9 0.05798879 
241 113 7 9 0.057904013 
295 56 7 10 0.057834808 
223 129 7 9 0.05771139 
682 63 7 10 0.057653796 
442 129 8 10 0.057596385 
432 185 8 10 0.057530157 
709 237 9 11 0.057521265 
498 173 8 10 0.057227768 
208 143 7 9 0.057056416 
273 89 7 9 0.056947716 
794 70 8 10 0.05663314 
905 80 7 9 0.05657951 
51 141 7 9 0.056454796 
984 127 7 9 0.056439567 
882 169 7 10 0.056417495 
686 95 7 9 0.056383517 
376 168 8 9 0.056344137 
512 138 8 9 0.05631361 
827 118 7 9 0.05630838 
174 174 7 10 0.056306593 
362 62 7 9 0.05624118 
241 70 8 9 0.05620097 
191 78 7 9 0.05615496 
130 87 7 10 0.056069296 
642 23 7 9 0.05605221 
647 247 9 10 0.05599391 
618 73 7 9 0.05597317 
835 182 7 10 0.055972528 
318 158 7 10 0.05587154 
478 29 8 10 0.055870157 
670 180 8 10 0.055857223 
281 154 7 9 0.055847876 
39 144 7 9 0.0558478 
552 184 9 12 0.055805575 
304 87 7 9 0.055795915 
49 102 8 10 0.05577392 
542 261 8 10 0.055691995 
965 492 11 14 0.05566998 
800 736 21 27 0.05560988 
629 151 8 10 0.05558689 
461 182 8 9 0.055573203 
666 7 8 9 0.0555426 
615 132 8 10 0.055498064 
729 196 8 11 0.05549523 
129 137 8 10 0.05540687 
720 70 7 9 0.055370584 
574 196 8 10 0.055326205 
424 16 8 10 0.05530477 
389 93 8 10 0.055290647 
234 14 7 9 0.055228695 
538 145 7 10 0.055177923 
545 258 8 10 0.055146463 
339 183 8 10 0.055144973 
895 49 8 9 0.055071343 
154 137 7 9 0.05505215 
968 29 9 11 0.05494219 
745 30 7 9 0.054937303 
382 159 8 10 0.0549235 
347 133 7 9 0.054679085 
870 151 7 9 0.05466994 
353 63 7 9 0.054572552 
208 63 7 10 0.054541264 
441 29 8 10 0.054536544 
613 248 11 13 0.054405153 
217 118 7 9 0.054349296 
248 112 7 9 0.054304723 
552 93 7 9 0.054257594 
250 80 7 9 0.05423646 
872 209 8 10 0.05413394 
392 1 8 8 0.05410492 
993 152 8 9 0.054041494 
415 167 8 11 0.05401642 
440 8 7 8 0.053996332 
593 72 7 9 0.053944167 
633 103 6 8 0.053905882 
525 202 9 10 0.053808678 
369 81 7 9 0.05371618 
622 78 7 8 0.053693727 
887 214 7 9 0.053561483 
705 71 8 9 0.05351593 
330 174 8 10 0.053453807 
64 94 7 10 0.05343222 
871 214 8 10 0.053423945 
234 174 7 9 0.053414416 
378 48 7 9 0.053386677 
431 135 7 9 0.053314477 
235 169 6 9 0.053278364 
420 23 7 9 0.05325475 
657 65 7 9 0.053198524 
115 172 7 9 0.05318888 
912 105 7 9 0.05311551 
360 180 9 11 0.0530853 
629 176 8 11 0.053037383 
361 113 7 8 0.052973494 
567 80 8 9 0.052935164 
826 102 7 10 0.05291737 
535 264 11 12 0.05286502 
240 144 8 9 0.05277353 
497 126 7 10 0.05273745 
145 70 7 9 0.05269339 
91 556 14 19 0.052686848 
590 184 9 11 0.052632935 
633 181 7 10 0.052586634 
943 119 6 9 0.052541513 
784 310 9 11 0.052454446 
817 127 8 10 0.052319556 
90 61 7 9 0.052310083 
266 161 7 9 0.052300014 
81 73 7 9 0.052291434 
224 176 7 9 0.05226655 
569 197 8 10 0.05226351 
959 101 7 10 0.052228708 
833 6 10 11 0.05216168 
423 9 8 9 0.052012023 
483 9 7 9 0.051999353 
6 88 7 9 0.051987235 
74 168 7 10 0.051873617 
397 173 8 9 0.051796056 
478 103 7 10 0.051777344 
279 187 7 8 0.051733565 
994 172 8 10 0.051719554 
586 105 7 9 0.051712066 
551 145 8 10 0.051699184 
359 0 8 7 0.05168647 
521 121 8 10 0.05167565 
742 24 8 9 0.051599044 
251 86 7 9 0.05159828 
350 198 9 12 0.051583894 
959 96 8 10 0.05154852 
408 167 9 11 0.051541053 
447 61 7 9 0.051397327 
195 128 7 9 0.051336247 
145 167 8 9 0.051258374 
1016 173 6 11 0.051257502 
369 70 7 9 0.05124683 
906 145 7 9 0.051236585 
235 185 7 9 0.05123108 
736 64 6 8 0.05113635 
272 182 7 10 0.05111994 
906 31 8 10 0.05108586 
144 26 7 9 0.05081505 
73 2 8 9 0.050726064 
882 150 7 10 0.050592627 
392 62 8 9 0.050556246 
593 21 7 9 0.050447226 
715 655 21 25 0.050439592 
617 206 8 9 0.050368138 
890 184 8 10 0.05034219 
833 134 7 9 0.05031214 
489 121 7 9 0.05024823 
679 38 7 10 0.050225828 
587 13 7 10 0.05019561 
633 78 7 9 0.050159425 
656 237 8 10 0.050037935 
648 255 9 10 0.049919292 
38 518 11 15 0.049878445 
482 214 8 11 0.04986021 
870 176 7 9 0.04984479 
183 71 7 8 0.04981242 
822 145 7 9 0.049803052 
472 55 7 10 0.0497843 
200 58 7 8 0.04968055 
677 218 8 10 0.0495859 
763 85 7 9 0.049580887 
625 95 7 9 0.04951732 
360 25 7 8 0.049443863 
263 137 6 9 0.049289636 
752 28 7 10 0.049241666 
753 208 8 9 0.049162522 
993 126 7 9 0.0491395 
689 81 7 9 0.049098276 
974 103 8 11 0.049027763 
599 73 7 8 0.049019527 
941 580 15 19 0.048855465 
81 575 17 22 0.048770346 
218 94 8 10 0.04875323 
224 134 7 9 0.0487345 
198 176 7 10 0.04862897 
841 158 8 9 0.048619956 
211 192 6 8 0.048601814 
227 45 7 10 0.048400752 
177 136 7 8 0.048339296 
921 174 9 11 0.048326645 
338 88 7 9 0.048268296 
834 167 7 10 0.048264004 
467 2 7 9 0.0482425 
943 128 8 10 0.048206124 
241 129 7 9 0.048106086 
530 125 7 9 0.04801356 
976 95 8 11 0.04798167 
218 14 6 9 0.047969922 
945 581 21 27 0.0478689 
680 81 7 9 0.047859535 
959 174 8 11 0.04780143 
703 215 8 11 0.047795452 
106 89 6 9 0.04776668 
482 13 8 9 0.047746867 
304 95 8 9 0.047742117 
297 86 6 9 0.047617443 
553 223 8 10 0.04757087 
975 121 8 9 0.047530442 
513 175 7 10 0.0474883 
689 141 8 10 0.04748368 
893 514 12 16 0.0474257 
496 0 8 8 0.04729961 
263 110 7 10 0.047240768 
362 137 7 9 0.04723855 
571 112 7 9 0.047172785 
755 184 7 10 0.0470885 
386 23 8 11 0.047061343 
775 200 8 9 0.046934124 
706 127 7 9 0.04688415 
635 113 7 9 0.046817828 
983 112 7 10 0.04680612 
818 587 14 19 0.046764094 
521 257 9 10 0.04673678 
782 143 8 11 0.046719015 
968 84 8 10 0.046703175 
592 116 8 9 0.04670075 
416 31 7 9 0.046700582 
634 73 7 9 0.046686616 
437 239 10 13 0.046675958 
169 168 8 9 0.046608686 
288 181 8 10 0.04659981 
640 47 7 9 0.046546154 
654 200 9 10 0.04646648 
680 56 7 9 0.046440165 
167 78 7 9 0.04643822 
969 183 9 11 0.04643633 
574 213 7 10 0.046411283 
812 570 15 16 0.046302073 
647 273 8 9 0.046296638 
353 88 7 10 0.046228427 
251 54 7 10 0.04609103 
355 167 7 9 0.046044413 
514 183 8 10 0.045995176 
697 62 7 10 0.045942478 
231 113 7 9 0.04593828 
265 95 7 9 0.0459249 
594 88 7 9 0.04591383 
379 112 8 10 0.045833778 
31 518 10 13 0.045806255 
705 120 7 9 0.045796894 
51 96 7 9 0.04579339 
479 111 8 9 0.045775507 
81 58 7 8 0.04576628 
430 83 8 12 0.04574275 
72 152 8 10 0.04567191 
872 144 7 9 0.045626994 
200 146 7 8 0.045483533 
681 172 8 11 0.045448657 
626 62 7 8 0.04543017 
1015 36 8 11 0.045362573 
214 151 8 9 0.045321748 
97 180 11 14 0.045311797 
688 87 7 9 0.04523329 
127 104 7 9 0.045156755 
608 196 8 11 0.04515475 
554 73 7 9 0.04506892 
520 245 8 11 0.04502615 
678 101 8 10 0.045022156 
161 73 8 10 0.044995386 
664 15 7 9 0.044976395 
40 57 7 8 0.044966206 
160 48 7 9 0.044937935 
154 78 7 9 0.044931643 
208 15 7 9 0.04493048 
187 150 7 9 0.044900384 
728 117 8 10 0.044837713 
554 48 7 8 0.04481245 
969 223 11 14 0.04478169 
161 160 7 9 0.04470901 
176 128 6 9 0.04463953 
1007 1 10 10 0.044535678 
802 10 7 9 0.044514954 
909 588 14 19 0.044491265 
651 222 8 10 0.044322986 
258 129 7 9 0.04420004 
873 521 21 26 0.044198852 
496 98 7 8 0.044170134 
312 72 7 9 0.044116292 
830 0 11 11 0.044059478 
217 144 6 8 0.044039648 
737 235 9 11 0.04400951 
106 539 14 16 0.043954328 
1016 169 6 10 0.043937575 
215 189 7 9 0.043930016 
496 62 8 9 0.04390892 
586 111 7 9 0.04384005 
257 71 7 9 0.043781683 
336 45 7 9 0.043711524 
511 28 8 10 0.043629315 
331 42 7 8 0.043576475 
993 111 8 11 0.04347957 
949 569 14 18 0.043465845 
352 24 7 9 0.043457184 
440 152 8 10 0.04344801 
257 112 8 9 0.043441515 
953 97 8 10 0.043413263 
186 78 7 9 0.043409538 
665 90 7 9 0.04339954 
264 89 7 9 0.043354362 
904 156 8 10 0.043342184 
31 113 8 10 0.0433041 
809 21 8 10 0.043276 
486 13 7 9 0.043260194 
570 41 7 9 0.043217108 
465 164 8 10 0.043194447 
263 129 7 9 0.04317582 
599 209 9 10 0.04314697 
346 71 7 10 0.043142207 
914 222 9 12 0.043132078 
511 121 7 10 0.04313187 
903 126 8 9 0.043127466 
857 144 7 9 0.04312719 
952 87 8 9 0.043094832 
505 159 7 10 0.043077424 
994 79 8 9 0.04305395 
377 93 7 10 0.043023974 
688 64 6 9 0.043016348 
744 70 8 9 0.042942554 
322 15 7 9 0.042936113 
111 192 9 10 0.042909548 
663 78 7 9 0.042906173 
783 13 7 9 0.042905554 
824 0 10 10 0.04290382 
655 97 7 9 0.042847846 
143 153 8 9 0.042838052 
642 177 7 10 0.042829946 
352 40 7 9 0.042827863 
478 95 7 9 0.04279784 
986 680 36 51 0.042786278 
322 89 7 9 0.042783946 
455 71 7 10 0.04272264 
848 128 7 9 0.042696636 
699 40 6 8 0.042683706 
896 127 8 10 0.0426371 
376 54 7 10 0.042487476 
481 141 8 10 0.042452764 
336 126 7 9 0.042407934 
200 78 7 9 0.04240614 
202 0 8 9 0.042348273 
897 103 7 10 0.042303223 
560 74 7 8 0.04226157 
256 152 7 9 0.042254083 
883 102 7 10 0.042232204 
746 198 7 10 0.04219409 
705 103 7 9 0.042193886 
33 103 6 8 0.04218492 
513 111 7 9 0.042157877 
610 42 7 8 0.04211511 
303 158 7 9 0.042082828 
185 15 7 8 0.04206659 
647 260 10 11 0.04203589 
447 183 8 9 0.042023852 
177 16 6 9 0.0419864 
602 212 8 11 0.04196191 
1001 18 10 12 0.041957635 
369 167 7 9 0.04194308 
930 189 8 10 0.041898355 
479 39 8 11 0.04183298 
616 30 7 8 0.04182772 
394 174 8 9 0.04181931 
920 167 8 10 0.04180926 
663 64 7 8 0.041760035 
995 473 14 17 0.041729983 
459 14 7 9 0.041714996 
805 15 8 11 0.041698758 
629 57 7 8 0.041620392 
30 94 7 9 0.041579597 
473 166 8 10 0.04153009 
584 80 7 9 0.041490555 
360 176 9 10 0.041444767 
552 78 8 9 0.041435745 
984 172 8 11 0.04142962 
122 104 7 9 0.04142899 
670 6 8 9 0.04140529 
477 45 7 9 0.04138342 
624 88 7 9 0.04135782 
528 79 6 9 0.041354463 
586 149 7 10 0.041325554 
552 149 8 10 0.04132073 
872 71 7 9 0.041314714 
520 79 8 9 0.04130573 
475 94 7 10 0.041263215 
640 39 8 10 0.041217294 
505 81 8 10 0.041214373 
12 535 9 12 0.04117022 
7 157 7 9 0.041144874 
544 120 7 9 0.041131098 
696 239 8 10 0.04110433 
0 118 7 11 0.04108152 
599 88 7 9 0.041035537 
880 128 7 10 0.041012827 
466 215 7 10 0.040990125 
486 8 7 9 0.040938422 
352 17 7 8 0.04087004 
528 65 7 8 0.040784623 
353 95 7 10 0.040770944 
519 261 8 9 0.040758025 
752 151 9 11 0.040752873 
57 103 7 9 0.04071595 
400 118 9 11 0.040651083 
329 153 7 9 0.040635493 
495 152 7 10 0.040631212 
193 199 7 9 0.0406051 
255 2 9 9 0.040593445 
303 181 8 10 0.04056818 
822 273 8 10 0.04053467 
313 97 7 9 0.040465742 
945 55 7 9 0.04044496 
962 150 8 10 0.04042124 
600 79 7 9 0.040406004 
395 168 7 10 0.040384118 
359 127 8 10 0.040382937 
912 175 7 9 0.040380873 
873 79 8 9 0.04036226 
680 129 8 10 0.04035216 
210 177 7 8 0.040347915 
926 200 8 10 0.040347528 
765 22 8 10 0.04032169 
408 0 8 9 0.040295895 
897 110 7 10 0.040273532 
576 209 8 10 0.040260598 
807 81 7 9 0.040235456 
367 180 8 12 0.040223528 
992 88 7 10 0.040202472 
377 7 7 9 0.040191986 
247 71 7 9 0.04013819 
373 135 9 11 0.04011218 
368 57 7 9 0.0400996 
353 31 7 9 0.040088117 
346 24 7 9 0.040011227 
984 119 7 9 0.039892435 
418 7 7 9 0.03989026 
255 189 7 9 0.03988646 
741 235 10 12 0.039840277 
166 62 7 9 0.03972134 
359 95 8 9 0.039711423 
381 117 8 9 0.039675564 
583 167 9 11 0.039672744 
88 58 7 8 0.03965844 
223 199 8 10 0.03963245 
975 637 22 32 0.03957576 
297 81 7 9 0.039543964 
216 174 7 10 0.039525256 
525 97 8 9 0.0395215 
170 32 8 10 0.039468452 
969 190 8 11 0.039446007 
961 62 7 10 0.039440766 
441 62 7 9 0.039394386 
992 144 8 9 0.03932371 
775 168 9 10 0.039320216 
697 154 8 9 0.039312687 
520 125 8 10 0.0392477 
23 159 7 8 0.039224703 
597 111 7 10 0.039172925 
902 176 8 10 0.03914693 
179 71 7 9 0.0391246 
307 168 7 10 0.039106503 
1016 48 7 11 0.03910181 
73 103 7 9 0.039085686 
897 81 7 8 0.039017294 
137 50 8 9 0.03899315 
137 106 7 8 0.038945165 
82 102 7 9 0.03890565 
714 102 7 10 0.038897987 
768 66 7 9 0.038866688 
882 63 7 9 0.038862865 
782 206 8 11 0.03885926 
561 144 7 10 0.03884326 
591 158 8 10 0.03880008 
333 610 16 18 0.038719397 
40 103 7 9 0.038707696 
993 57 7 9 0.038693357 
838 105 8 9 0.038623393 
712 110 8 9 0.038622104 
651 127 8 10 0.038611233 
281 71 7 9 0.038581047 
836 684 16 19 0.038567394 
822 239 10 12 0.038564567 
800 136 7 9 0.03853977 
367 120 7 10 0.03845182 
561 135 8 10 0.03843048 
453 167 8 10 0.03841159 
529 176 8 11 0.038340457 
944 39 8 9 0.038335457 
218 40 7 9 0.038305514 
190 120 8 9 0.038300462 
134 62 7 9 0.038290884 
86 103 8 9 0.038290158 
721 57 7 9 0.038271386 
362 58 7 9 0.03824697 
851 284 10 12 0.038239535 
347 40 7 9 0.038228218 
943 199 8 10 0.038222153 
842 95 7 9 0.038185503 
200 90 7 9 0.038090754 
575 166 9 11 0.03807498 
612 236 8 10 0.03802767 
154 121 8 9 0.038018946 
857 174 7 10 0.03801677 
63 103 7 9 0.037982404 
591 64 7 9 0.03796145 
274 113 7 9 0.03795955 
65 562 15 19 0.03795081 
729 230 9 11 0.0379502 
674 38 7 9 0.037846524 
900 430 13 18 0.037839808 
102 168 8 8 0.037814174 
375 15 8 9 0.037804857 
720 191 9 11 0.037792917 
577 79 7 9 0.03775652 
480 61 8 9 0.037746917 
96 73 7 8 0.037713677 
472 62 7 9 0.0377081 
913 65 6 9 0.03766338 
487 175 8 10 0.03765621 
447 174 8 10 0.03760805 
986 160 8 10 0.037532665 
468 135 7 10 0.037511762 
168 128 7 9 0.037442666 
649 144 8 9 0.03738859 
653 204 10 11 0.03730866 
267 56 7 9 0.037284486 
505 9 6 9 0.037239514 
696 57 7 9 0.03718499 
263 189 7 9 0.037179213 
480 80 7 10 0.037115104 
712 17 7 9 0.03711297 
993 118 9 10 0.03709546 
871 64 8 9 0.037061136 
940 596 25 29 0.037019756 
431 172 8 11 0.03699188 
280 103 7 9 0.036990166 
898 65 7 9 0.036889475 
554 110 7 9 0.036855087 
39 71 8 10 0.036841173 
903 55 7 10 0.0368355 
802 36 8 10 0.036820017 
696 290 7 9 0.036815096 
970 103 8 10 0.036794096 
529 188 8 11 0.036751863 
239 96 7 9 0.036738414 
908 430 11 13 0.03671157 
129 14 7 8 0.036708176 
129 80 8 9 0.036679067 
322 62 7 9 0.03667046 
278 118 7 10 0.036656145 
537 80 7 9 0.03660975 
552 260 8 11 0.036574803 
496 158 8 10 0.036567528 
634 46 7 8 0.036564168 
559 150 7 9 0.03655266 
159 127 7 9 0.03655156 
327 58 7 9 0.03652671 
526 12 8 10 0.03647784 
591 209 8 10 0.036452755 
427 183 8 10 0.03644094 
647 294 9 11 0.03641488 
496 86 7 9 0.036408916 
410 57 8 10 0.036398634 
665 94 7 9 0.036391787 
945 1 9 10 0.036390726 
839 134 7 9 0.036381427 
728 269 8 9 0.036368676 
905 230 8 10 0.036349088 
999 111 8 11 0.03633728 
474 42 7 9 0.036262028 
71 137 6 9 0.036220394 
958 182 8 11 0.036198437 
577 42 7 9 0.036148 
319 109 8 10 0.03610498 
679 192 8 10 0.03608173 
993 62 6 9 0.03608026 
370 736 26 26 0.036061972 
279 113 6 8 0.03605542 
327 13 7 9 0.03602056 
384 104 9 11 0.036003027 
872 192 8 9 0.035994012 
395 311 9 12 0.035983987 
833 105 7 8 0.035956945 
537 136 8 9 0.035933495 
458 64 6 9 0.035874315 
864 111 7 9 0.035857353 
720 1 7 9 0.03584836 
399 110 9 11 0.03584683 
712 96 7 9 0.03579961 
305 80 7 9 0.03579761 
631 63 6 8 0.03577078 
404 30 7 9 0.035760667 
303 141 8 9 0.03574885 
719 81 6 9 0.035746686 
687 172 8 11 0.03569606 
5 615 17 25 0.035684958 
951 13 10 11 0.03564156 
751 156 10 11 0.035612673 
100 113 6 8 0.03557074 
815 181 8 11 0.035567913 
60 639 14 20 0.03552621 
467 205 8 11 0.035503242 
297 152 8 10 0.03549386 
89 14 8 8 0.035474848 
953 174 8 11 0.03544153 
216 129 7 9 0.035437737 
585 71 7 9 0.0354369 
416 1 7 8 0.035409376 
534 53 7 9 0.03540321 
511 206 8 11 0.035396587 
434 240 8 11 0.035385754 
80 128 6 9 0.035359118 
352 45 7 9 0.035337918 
8 153 7 8 0.03526922 
801 150 7 10 0.035209313 
86 96 8 9 0.03515788 
801 201 7 9 0.035137832 
232 146 7 9 0.03512065 
946 101 8 10 0.035111163 
745 40 7 9 0.03510768 
234 134 7 9 0.035098463 
647 164 7 10 0.035082035 
287 141 7 9 0.03507222 
392 134 8 10 0.035049394 
456 154 8 10 0.035041504 
489 0 7 9 0.0350408 
215 56 7 9 0.035023753 
161 150 7 9 0.0349955 
691 112 7 10 0.034988083 
734 196 8 11 0.034980193 
347 30 7 10 0.034970336 
326 193 8 9 0.034956668 
927 152 7 11 0.0349503 
343 46 7 9 0.03493827 
622 73 8 9 0.03490276 
104 95 7 9 0.03487652 
913 15 8 9 0.034839265 
934 98 8 10 0.034832858 
656 192 9 9 0.034832027 
111 103 8 10 0.034815848 
495 236 10 13 0.034801062 
193 207 8 11 0.03479237 
642 161 7 9 0.034779947 
346 16 7 9 0.03474758 
391 186 9 13 0.034736995 
120 90 6 9 0.034726672 
466 254 8 10 0.03472387 
718 643 25 29 0.034698755 
263 119 6 9 0.034607776 
224 87 7 9 0.03455095 
130 25 7 8 0.034549225 
983 136 8 10 0.034548756 
249 118 7 9 0.034541916 
798 64 8 10 0.03454009 
777 45 7 9 0.034491878 
48 87 7 9 0.034487627 
491 102 7 9 0.03448599 
793 78 7 9 0.034484707 
929 183 8 10 0.0344535 
985 141 7 9 0.034441113 
733 191 8 11 0.034437075 
566 261 9 12 0.034423176 
489 248 8 11 0.034362044 
649 118 8 9 0.034324702 
199 198 8 9 0.03429932 
478 232 8 10 0.03421698 
384 86 8 10 0.03421308 
63 606 11 15 0.034201004 
331 112 7 8 0.034174588 
806 85 8 10 0.034149036 
519 176 8 10 0.034145474 
862 236 8 10 0.034142885 
873 158 6 9 0.03413689 
534 49 7 9 0.034116544 
392 629 20 23 0.034112774 
328 1 7 9 0.034099523 
647 49 7 8 0.034084048 
24 113 7 10 0.034016237 
1011 79 7 10 0.03401543 
318 137 8 9 0.034004766 
155 56 7 9 0.03398809 
751 144 8 10 0.03398189 
778 174 8 10 0.033974 
9 102 8 11 0.033968113 
913 168 8 9 0.033944827 
931 207 8 10 0.0339415 
430 22 8 10 0.03390196 
310 176 9 11 0.0338947 
531 55 7 8 0.033890154 
949 140 7 10 0.0338757 
654 120 8 9 0.03385497 
779 29 7 9 0.03383362 
583 254 8 11 0.03380416 
998 153 8 10 0.033788607 
427 73 8 9 0.03376087 
728 224 9 10 0.033753615 
864 119 7 10 0.033732325 
209 104 7 10 0.033723127 
96 119 8 10 0.033697188 
176 57 7 9 0.033685464 
771 199 7 9 0.033683907 
417 160 8 10 0.033662952 
489 267 9 11 0.033652958 
908 537 14 21 0.033644345 
927 175 8 11 0.033641897 
429 228 9 11 0.033631 
400 71 8 9 0.03362027 
504 103 7 9 0.033598952 
463 102 8 10 0.033571154 
377 143 8 10 0.033547167 
854 89 8 10 0.03350421 
534 174 9 11 0.033502918 
721 6 7 9 0.033457983 
602 185 7 10 0.033431485 
1013 84 8 12 0.0334087 
825 112 7 9 0.033373322 
291 55 7 10 0.03335638 
631 8 7 8 0.03333008 
272 127 7 8 0.033327192 
617 160 7 10 0.033281907 
654 272 8 10 0.033274416 
41 78 7 9 0.03326671 
475 177 8 11 0.03323806 
498 14 7 10 0.03321503 
26 125 7 10 0.03320739 
513 0 8 9 0.033202186 
560 255 10 12 0.03317893 
600 134 7 10 0.033177443 
624 128 8 9 0.033169907 
828 201 8 9 0.03316087 
425 85 8 10 0.03314196 
208 158 7 9 0.033138767 
665 151 7 10 0.033132512 
876 534 16 22 0.033121984 
120 73 6 8 0.03308485 
1011 447 13 18 0.0330786 
209 183 7 9 0.03303784 
946 47 7 9 0.033004917 
177 158 7 10 0.03299692 
290 64 7 9 0.03296973 
343 88 7 8 0.032958902 
195 134 8 9 0.032941416 
802 85 7 9 0.032932315 
719 286 9 12 0.032927513 
575 17 7 9 0.032918025 
208 80 8 9 0.03289155 
503 1 7 8 0.032866288 
401 64 7 9 0.03285129 
57 151 7 9 0.032826163 
33 173 8 11 0.032814734 
728 39 7 9 0.032812707 
918 114 7 9 0.0328093 
312 15 8 9 0.032774262 
586 64 7 9 0.032735977 
201 16 7 8 0.032716945 
342 120 8 9 0.032709233 
370 126 7 9 0.032705687 
743 81 7 8 0.032684054 
369 93 7 10 0.03266161 
937 113 7 9 0.032639258 
453 76 8 11 0.03261878 
186 118 8 11 0.032607984 
791 174 7 11 0.032600444 
280 33 8 10 0.032591153 
802 143 7 10 0.03258659 
478 166 8 10 0.032566637 
936 55 8 9 0.03255559 
90 88 6 9 0.032549787 
643 5 8 10 0.032526765 
378 88 7 9 0.032482576 
208 46 8 9 0.032471713 
376 72 7 9 0.03245822 
327 87 7 9 0.032446764 
720 196 8 11 0.03243054 
450 95 8 10 0.03241802 
567 47 7 9 0.03241005 
993 95 8 10 0.032407 
592 167 8 10 0.03236822 
599 128 7 10 0.03236801 
30 143 8 11 0.032313634 
75 62 8 10 0.032281067 
957 190 9 11 0.032200713 
815 14 7 9 0.03217508 
222 6 8 9 0.032098494 
763 45 7 9 0.03207398 
153 47 7 9 0.03206651 
417 87 7 10 0.03205969 
346 64 7 9 0.032045893 
297 96 7 9 0.032044366 
271 217 8 10 0.032035165 
42 87 7 10 0.032006364 
441 111 8 9 0.03195809 
478 206 7 10 0.03191934 
166 73 7 9 0.031836517 
602 104 7 9 0.031823695 
58 112 7 9 0.03178327 
13 101 8 10 0.031762827 
48 120 7 8 0.031760074 
185 168 7 9 0.031740583 
677 659 21 25 0.031739295 
348 702 25 34 0.031738136 
407 159 8 11 0.031732496 
793 149 8 10 0.031730738 
315 24 7 8 0.031725682 
233 129 7 9 0.03172392 
169 161 7 9 0.031710863 
805 37 8 10 0.031655416 
722 743 27 24 0.03162562 
568 103 7 9 0.031568553 
887 118 7 10 0.03154663 
906 135 7 10 0.031541582 
414 150 8 10 0.031499278 
824 5 9 11 0.03148229 
807 64 7 10 0.03147745 
859 222 7 10 0.031446617 
539 105 6 9 0.03140798 
79 120 7 8 0.031374257 
547 56 7 8 0.03137323 
715 81 7 9 0.031345345 
695 174 8 10 0.03134458 
608 81 8 9 0.031334892 
856 16 7 9 0.03129372 
514 96 7 9 0.03128308 
392 89 7 10 0.031229094 
294 121 6 9 0.031158207 
583 94 8 9 0.031156305 
762 95 7 10 0.03112572 
576 104 7 9 0.031121753 
664 50 6 8 0.031100072 
312 136 8 9 0.031099368 
618 1 7 8 0.0310856 
257 65 6 8 0.031050388 
960 197 9 11 0.031013366 
704 111 7 9 0.031013066 
258 103 8 9 0.031004025 
877 549 12 16 0.030997729 
832 159 7 9 0.03098952 
760 28 8 10 0.030986438 
64 78 6 8 0.03095393 
406 184 8 10 0.030952573 
752 102 8 10 0.030912908 
207 41 8 9 0.030891448 
424 192 8 10 0.03087962 
416 72 7 9 0.030850263 
422 197 7 9 0.030849151 
561 161 8 10 0.030826375 
912 505 11 16 0.030804165 
826 37 8 10 0.030782277 
1007 167 8 10 0.030755443 
880 190 8 10 0.030716646 
889 189 7 10 0.030678986 
472 71 8 10 0.030678876 
809 159 7 9 0.030646378 
727 97 7 9 0.030646253 
467 57 7 9 0.030578164 
222 159 8 10 0.030571992 
801 80 7 9 0.030560048 
302 153 8 10 0.030539267 
945 73 7 9 0.030509597 
976 135 7 10 0.030500023 
711 233 8 11 0.03048928 
144 54 7 9 0.030486807 
936 85 7 9 0.03047916 
1007 103 8 10 0.030464014 
842 192 7 10 0.03042219 
623 169 8 9 0.030414507 
353 0 7 8 0.030360488 
310 239 12 13 0.030354189 
630 278 9 11 0.0303338 
617 105 7 8 0.030332362 
305 104 7 9 0.03032337 
330 102 7 10 0.030314771 
949 6 9 12 0.030265767 
600 168 8 10 0.03023059 
433 64 7 9 0.030213494 
398 182 10 13 0.030207949 
470 255 8 10 0.0302054 
544 228 9 12 0.030189935 
704 48 7 8 0.030160861 
392 108 9 12 0.03005489 
360 17 7 9 0.030051284 
745 86 7 9 0.030023284 
869 182 8 10 0.030009832 
721 177 8 10 0.029996904 
1009 111 7 9 0.029981222 
624 103 7 9 0.029970866 
904 64 7 9 0.029960744 
897 70 7 9 0.029939149 
405 118 9 11 0.02990705 
655 86 7 9 0.029897645 
100 174 11 12 0.029893994 
654 278 9 10 0.02987576 
794 586 15 17 0.029855713 
744 231 9 11 0.029843569 
515 263 7 9 0.02984115 
867 71 6 9 0.029826088 
526 102 7 9 0.029773865 
905 72 7 9 0.029749397 
968 95 8 10 0.029722907 
409 245 8 10 0.029693007 
608 167 8 10 0.029679105 
153 62 7 9 0.029668631 
224 191 7 8 0.029665787 
239 87 7 9 0.029598111 
26 56 8 10 0.029596077 
550 55 8 9 0.029595962 
320 56 8 10 0.029593436 
465 143 8 9 0.029574657 
57 25 7 9 0.029570732 
663 105 7 9 0.029492453 
148 363 15 18 0.029483734 
818 9 7 9 0.029443007 
241 65 7 9 0.029427025 
666 253 8 10 0.029351365 
208 88 7 9 0.0293346 
134 88 7 9 0.029330878 
562 49 7 8 0.029288944 
778 14 7 9 0.02928828 
377 2 7 7 0.029275471 
928 157 7 10 0.029257983 
982 239 11 15 0.029234191 
835 13 8 11 0.029224552 
703 79 7 10 0.029205712 
392 5 8 10 0.029188573 
1016 126 7 10 0.02915647 
151 166 7 10 0.029149834 
386 62 8 9 0.0291419 
585 120 6 9 0.029140469 
201 72 7 9 0.029109517 
407 205 7 10 0.02909347 
16 125 8 10 0.029079031 
648 62 7 9 0.029075904 
801 169 7 9 0.029062368 
623 220 8 11 0.029048702 
906 25 8 9 0.029041398 
383 184 8 11 0.029039448 
153 41 8 9 0.029032651 
920 492 12 16 0.02902879 
194 109 8 10 0.029028034 
520 110 7 10 0.029005203 
543 176 9 12 0.028999945 
401 306 9 11 0.02899138 
855 0 9 9 0.02898032 
618 174 8 10 0.028959356 
315 142 8 10 0.028955977 
462 113 7 10 0.028863689 
40 62 7 9 0.028839763 
736 32 7 9 0.028827915 
736 69 6 10 0.028799 
986 89 8 10 0.028773643 
31 56 8 9 0.028738286 
970 25 9 11 0.028730111 
554 236 8 12 0.02871285 
250 143 6 9 0.028709704 
247 135 7 9 0.02869578 
865 217 8 10 0.02867279 
673 144 8 9 0.028646395 
119 120 8 9 0.02863882 
242 103 8 9 0.02863748 
873 168 8 10 0.028632673 
641 96 7 10 0.028624732 
936 81 7 9 0.028619843 
673 193 8 10 0.028613174 
246 104 7 9 0.028596671 
103 118 7 9 0.02859248 
449 198 9 11 0.028566165 
466 46 7 9 0.02851755 
634 41 7 9 0.028507851 
105 48 7 9 0.028502902 
290 103 7 10 0.02846267 
587 127 7 10 0.028445544 
529 239 8 11 0.028411489 
470 213 8 11 0.028399058 
999 85 9 10 0.02839221 
937 438 9 12 0.028367404 
399 136 8 10 0.028279684 
775 232 10 11 0.02826583 
385 1 7 8 0.028264461 
399 79 8 10 0.028237645 
215 46 7 8 0.02820475 
369 160 7 9 0.028177185 
589 245 11 13 0.028164824 
146 89 7 9 0.028160008 
489 237 9 12 0.028156511 
294 126 7 9 0.028147899 
312 8 9 11 0.028101733 
382 167 7 10 0.028059611 
986 78 8 10 0.028033022 
299 64 7 10 0.028020477 
784 169 8 10 0.028010558 
608 159 8 10 0.027990066 
697 17 7 8 0.027986266 
159 136 8 9 0.027986094 
208 56 7 9 0.027957013 
105 78 7 9 0.027817423 
999 396 11 15 0.027811991 
837 180 8 10 0.027787583 
446 86 9 12 0.027695356 
255 16 9 11 0.02767797 
311 40 7 9 0.027664337 
819 31 7 10 0.027639318 
400 158 8 11 0.027615517 
696 166 8 10 0.02760984 
55 97 6 8 0.027604835 
107 153 8 10 0.027586043 
201 193 7 9 0.027567258 
158 182 8 9 0.02755925 
312 47 7 8 0.027543997 
751 701 19 24 0.027520634 
768 80 6 9 0.027510472 
709 647 20 28 0.027505051 
234 96 7 10 0.027489958 
478 25 9 10 0.02743909 
81 97 7 9 0.02738553 
930 126 8 10 0.027379842 
537 86 7 9 0.027360115 
495 253 7 10 0.02735206 
963 705 23 26 0.027307892 
487 79 8 10 0.027280044 
352 176 7 10 0.02725895 
50 56 6 9 0.027256014 
759 152 8 10 0.027205382 
327 143 7 9 0.027200816 
464 39 7 10 0.027197303 
660 56 6 9 0.02717515 
300 598 13 17 0.027172888 
645 21 8 10 0.02714177 
607 102 7 9 0.027064228 
328 24 7 10 0.027060738 
335 79 6 9 0.027047994 
384 7 7 9 0.027036848 
920 227 8 11 0.027029028 
288 82 7 9 0.027026096 
680 183 9 11 0.027025724 
874 56 7 9 0.027015908 
913 71 6 9 0.027004821 
205 94 7 9 0.026983324 
200 150 7 9 0.02693864 
847 146 8 9 0.0269332 
624 121 7 8 0.026922196 
298 195 8 10 0.026920423 
769 173 8 10 0.026860174 
850 186 7 9 0.026764948 
297 182 7 9 0.026747359 
727 135 8 11 0.026726395 
446 189 8 12 0.026650699 
225 145 7 8 0.026644308 
1008 7 10 11 0.02663521 
119 126 8 10 0.026622605 
619 55 6 9 0.026620997 
705 142 7 10 0.026604153 
115 629 24 27 0.026585162 
432 142 7 9 0.026573619 
991 159 8 9 0.026564045 
410 128 8 11 0.026559088 
506 144 8 10 0.02654847 
239 55 8 9 0.026515592 
696 214 8 11 0.026496379 
479 199 8 11 0.026495941 
346 79 7 9 0.02648212 
680 48 7 8 0.026479932 
520 214 9 10 0.026446916 
969 109 9 11 0.026428783 
643 272 8 10 0.026408188 
378 41 7 8 0.026380075 
465 247 8 11 0.026379175 
857 24 8 9 0.026333153 
503 13 7 10 0.026330085 
101 10 7 9 0.026325539 
378 160 8 9 0.026269507 
822 129 7 9 0.026265398 
719 665 20 20 0.026260976 
512 81 7 10 0.026242614 
535 219 9 13 0.026236167 
759 17 7 9 0.026198111 
449 1 8 9 0.026171064 
472 192 8 10 0.026161838 
113 89 7 9 0.026134456 
75 126 6 9 0.02611621 
818 205 8 9 0.026092395 
378 150 8 9 0.026081016 
990 472 13 16 0.026060045 
880 132 8 10 0.025981965 
185 180 7 10 0.025970437 
777 645 18 23 0.025965616 
381 174 8 10 0.025925137 
233 72 7 9 0.025916772 
569 86 7 9 0.025913943 
576 158 8 12 0.025859678 
439 71 8 10 0.025855929 
598 245 9 12 0.025842488 
905 37 8 10 0.025808794 
889 89 7 8 0.025750114 
888 39 7 9 0.025727754 
861 627 16 24 0.025716236 
65 74 7 9 0.025693305 
184 126 8 10 0.025687017 
280 168 7 9 0.02565051 
910 229 9 11 0.025632784 
880 145 7 10 0.025618771 
728 141 9 11 0.025596628 
673 97 8 9 0.025587397 
983 93 7 10 0.025581837 
946 191 7 9 0.025575941 
830 207 7 8 0.025564661 
288 70 6 9 0.025546845 
192 87 7 9 0.025526002 
792 144 8 11 0.025525475 
694 231 9 11 0.025517821 
792 95 7 10 0.025507135 
758 198 8 10 0.025504036 
23 517 9 14 0.025499348 
683 296 7 10 0.025493652 
280 196 8 10 0.025438467 
665 1 9 10 0.025436068 
884 237 7 10 0.025435321 
127 0 7 8 0.025388349 
25 149 8 10 0.02537959 
872 631 18 19 0.025365103 
281 95 7 10 0.025346419 
522 151 8 9 0.025342721 
400 126 8 11 0.025342027 
576 22 7 9 0.025327874 
1013 7 9 12 0.025314435 
425 222 12 14 0.02530884 
665 32 7 9 0.025301676 
945 205 9 11 0.025298722 
490 112 7 9 0.025295265 
735 142 8 11 0.025275525 
634 118 8 9 0.025259895 
886 168 8 11 0.025257789 
664 217 7 9 0.02525569 
336 18 7 9 0.025255617 
402 200 8 10 0.02524796 
144 106 7 8 0.025246896 
770 169 9 10 0.025203234 
471 153 7 10 0.02518402 
387 16 7 9 0.025164615 
727 127 8 10 0.025164157 
128 9 7 9 0.025158042 
113 185 8 11 0.02515777 
998 117 9 11 0.025110183 
173 167 8 10 0.025109926 
714 70 6 9 0.025107956 
993 45 8 10 0.025077008 
370 16 6 8 0.025076717 
560 62 7 9 0.025056966 
735 184 7 9 0.025044456 
343 96 7 9 0.025023252 
293 0 9 9 0.025016535 
503 111 7 9 0.025012946 
81 134 7 9 0.025003769 
719 85 7 9 0.024985053 
941 438 9 13 0.024967391 
706 190 8 10 0.024943653 
446 30 7 10 0.02490952 
1011 34 8 10 0.024879063 
968 36 9 11 0.024878869 
65 13 8 11 0.024878472 
640 145 7 10 0.024878014 
232 103 7 9 0.024873514 
496 57 8 10 0.024870975 
383 128 8 10 0.024870588 
859 129 7 10 0.024857996 
687 190 8 10 0.024852369 
799 221 9 12 0.02485193 
466 127 7 9 0.024809875 
304 110 7 9 0.024778116 
670 228 9 11 0.024771009 
752 64 6 9 0.024765197 
1004 55 9 10 0.024740472 
648 231 7 10 0.02470303 
947 183 8 11 0.024652464 
280 174 7 9 0.024648715 
359 78 7 9 0.024644623 
863 105 7 9 0.024637356 
326 181 8 10 0.024623105 
697 98 6 9 0.024591364 
457 113 8 11 0.024580643 
848 206 7 9 0.02456751 
26 597 17 17 0.024562575 
553 62 7 10 0.024551 
566 171 9 11 0.024501733 
631 287 8 10 0.02450079 
10 96 7 9 0.024497846 
168 103 8 9 0.02448994 
328 167 8 11 0.024460314 
146 135 6 9 0.02445671 
991 224 8 10 0.024448339 
336 136 7 9 0.024440417 
103 13 7 9 0.024431512 
729 32 7 9 0.024427164 
194 104 7 10 0.024421796 
585 246 10 13 0.024420286 
119 141 8 10 0.024394885 
945 86 8 9 0.024371656 
921 56 7 10 0.024352953 
760 245 9 12 0.024332942 
549 256 9 11 0.02433249 
27 102 7 8 0.024324397 
137 170 7 9 0.024290344 
209 70 7 9 0.02427875 
654 247 7 9 0.024268836 
217 89 7 8 0.024263913 
71 88 7 9 0.024260325 
117 185 9 10 0.024213897 
97 78 7 9 0.024206918 
127 166 7 10 0.024125455 
949 239 9 11 0.02411698 
391 28 8 10 0.024116194 
641 255 8 10 0.024083449 
384 56 7 9 0.024075614 
441 87 8 11 0.02406441 
480 222 8 10 0.024026379 
296 24 8 10 0.024011735 
960 89 7 9 0.023993481 
114 96 6 8 0.023985121 
623 1 7 8 0.023928925 
455 1 7 8 0.023897415 
409 14 7 9 0.023897402 
159 24 8 9 0.023884013 
755 16 7 9 0.023877587 
505 97 7 9 0.023875834 
774 137 11 13 0.023852896 
335 175 8 10 0.023799652 
247 129 7 9 0.02378935 
792 207 8 10 0.023785997 
927 167 7 10 0.023774007 
121 136 8 10 0.023770265 
242 158 7 8 0.023767037 
900 438 15 19 0.023751155 
770 101 7 10 0.023748955 
223 106 9 10 0.023740642 
197 207 9 11 0.023735505 
983 225 8 11 0.023718517 
560 40 7 9 0.023701617 
936 173 8 11 0.023701297 
602 118 6 9 0.023698762 
327 198 7 9 0.023664694 
417 39 7 10 0.023642328 
632 193 7 10 0.023625916 
659 16 7 9 0.023594812 
603 350 9 11 0.023592506 
648 33 8 9 0.0235892 
424 143 7 10 0.023564357 
912 79 6 9 0.02354756 
670 252 9 12 0.023546483 
638 215 8 11 0.023545384 
86 165 7 9 0.023542974 
899 508 11 15 0.023511807 
352 7 7 9 0.023502305 
733 207 8 11 0.023500029 
670 16 7 10 0.023499133 
468 198 8 12 0.023498332 
425 173 9 11 0.023497626 
270 49 8 9 0.023454333 
648 277 7 9 0.023447355 
848 198 8 9 0.02343125 
138 72 7 9 0.02341988 
849 0 8 9 0.023406649 
721 158 8 11 0.023390474 
457 8 7 9 0.023390308 
222 117 8 9 0.023374645 
824 169 8 10 0.023354974 
322 8 7 9 0.023346018 
706 183 7 10 0.023334192 
799 215 9 12 0.02332229 
838 0 10 10 0.023315467 
938 71 7 9 0.0232909 
620 644 25 30 0.023277277 
946 243 11 14 0.023275772 
473 110 8 9 0.023247033 
985 55 8 10 0.02324288 
413 245 9 11 0.02322591 
769 17 7 9 0.023220781 
409 144 8 10 0.023200361 
735 37 8 10 0.023198688 
432 207 7 9 0.023180408 
492 40 7 10 0.02315095 
624 144 8 9 0.023129413 
921 102 7 9 0.023129396 
978 269 10 13 0.023128962 
754 96 7 10 0.023126895 
824 193 8 9 0.023116231 
565 254 10 13 0.023098037 
566 248 10 12 0.02303281 
442 119 7 10 0.023020238 
143 14 7 9 0.023015747 
1004 464 13 16 0.023005843 
400 187 9 12 0.022993036 
464 69 7 10 0.022989988 
889 224 8 10 0.022972574 
80 112 7 9 0.022967594 
901 167 8 10 0.022949811 
536 238 7 10 0.022908237 
154 181 8 10 0.022896945 
976 176 8 10 0.022894016 
752 88 7 9 0.02289192 
896 97 8 9 0.022886109 
857 217 7 9 0.022875099 
452 101 7 10 0.022855237 
559 94 6 9 0.02284607 
159 41 7 9 0.022804642 
122 13 7 9 0.022784159 
562 207 8 11 0.022768373 
633 167 7 9 0.022766337 
80 86 8 9 0.022743149 
750 263 8 10 0.022737943 
779 9 7 9 0.022714136 
887 65 7 9 0.022710947 
585 239 7 10 0.02269634 
151 72 7 9 0.022689005 
968 174 8 11 0.022666108 
505 64 6 9 0.02264796 
57 79 7 9 0.022636564 
88 79 7 9 0.02263636 
544 244 9 11 0.022630667 
857 204 7 10 0.022621267 
122 63 7 9 0.02259891 
584 161 8 10 0.02258221 
135 25 7 9 0.022559596 
952 711 20 27 0.02252463 
690 70 7 9 0.02251958 
904 85 8 10 0.02249784 
603 254 9 12 0.022482043 
966 196 9 12 0.022472609 
846 169 8 10 0.022430629 
74 112 7 9 0.022416314 
488 62 8 10 0.022412248 
847 134 7 9 0.02240186 
1013 294 8 11 0.022381986 
640 31 8 10 0.022367738 
222 13 8 9 0.022310048 
345 188 8 10 0.022289064 
823 232 9 10 0.022260724 
336 1 8 8 0.022252662 
922 76 7 10 0.022250326 
992 481 16 19 0.022233274 
87 47 8 9 0.02222249 
752 690 18 24 0.022221772 
366 150 8 10 0.022220979 
695 69 7 9 0.022216678 
73 119 7 9 0.022190725 
736 10 7 8 0.02218679 
670 293 8 10 0.02218627 
256 207 8 11 0.022183836 
169 95 8 10 0.02214212 
538 268 11 12 0.022138236 
61 159 8 10 0.02213144 
348 202 11 14 0.022127822 
544 64 7 9 0.022122854 
446 23 7 10 0.022109486 
629 157 8 10 0.022109145 
320 79 6 9 0.022104206 
973 226 10 13 0.022085927 
670 127 7 9 0.022072794 
927 223 8 10 0.02206479 
647 113 8 9 0.022057997 
601 173 8 10 0.022049129 
359 73 6 9 0.02203489 
456 40 8 10 0.022000875 
229 27 8 11 0.02200043 
232 55 7 9 0.021999156 
681 32 7 9 0.021996405 
705 135 7 10 0.02197137 
726 177 8 10 0.021968031 
783 160 7 9 0.021964852 
69 568 14 18 0.021956047 
729 8 6 8 0.021954305 
215 103 7 9 0.021928694 
750 257 8 10 0.021919763 
724 252 10 12 0.02191608 
169 88 7 9 0.021912772 
153 89 7 9 0.021870466 
665 287 9 11 0.021865647 
418 15 7 9 0.021863915 
735 337 8 10 0.021842193 
673 33 7 9 0.021830274 
405 326 10 13 0.021814054 
704 18 7 9 0.021794435 
744 58 7 9 0.021791872 
891 80 6 9 0.021789484 
744 255 9 10 0.0217792 
128 95 7 9 0.021776738 
119 31 7 8 0.021767307 
913 214 8 10 0.021754747 
614 192 8 10 0.021741616 
372 197 8 10 0.021737697 
561 176 7 8 0.021720884 
927 142 8 10 0.02171748 
184 111 7 10 0.021714339 
858 232 7 10 0.021713695 
192 194 7 8 0.021707287 
825 221 8 10 0.021696042 
624 232 7 10 0.021686794 
337 29 7 10 0.02168024 
929 39 7 10 0.021679431 
625 193 8 9 0.02166515 
514 223 7 9 0.021628961 
977 244 10 12 0.021617176 
687 184 8 10 0.021610634 
530 165 8 10 0.021599753 
883 538 15 20 0.021597464 
814 577 14 16 0.021595798 
941 113 8 10 0.021582473 
170 150 8 9 0.021531612 
184 193 7 8 0.021526147 
232 158 7 8 0.021523673 
814 63 8 11 0.021506792 
497 80 7 9 0.02147755 
496 651 19 22 0.02145838 
700 654 13 24 0.021447675 
697 128 7 10 0.02144678 
721 112 7 10 0.021437932 
171 112 7 9 0.02142304 
715 671 19 21 0.021417903 
64 152 8 10 0.021408862 
76 0 9 10 0.021408321 
441 56 8 10 0.021402204 
966 269 10 12 0.021380538 
746 261 8 10 0.021350568 
589 263 8 10 0.021349696 
927 65 7 9 0.021348936 
798 22 8 10 0.021339161 
345 166 8 9 0.02133725 
869 537 15 20 0.02132757 
758 156 9 11 0.021312134 
907 436 14 17 0.021304108 
623 205 8 10 0.021300163 
802 623 17 23 0.02129222 
47 126 8 10 0.021276008 
202 47 7 9 0.021269243 
455 219 9 11 0.021261506 
500 238 11 13 0.021250863 
992 72 8 10 0.021216484 
358 103 7 10 0.021208776 
374 64 7 9 0.021204505 
896 86 8 9 0.02118544 
623 135 7 9 0.021167252 
39 118 7 9 0.02116403 
812 557 16 21 0.021160329 
449 5 8 10 0.021150215 
611 30 7 9 0.021149192 
689 288 7 9 0.021145605 
770 183 8 10 0.021103373 
0 548 10 15 0.021098921 
193 15 7 8 0.021096675 
480 72 8 10 0.021087835 
881 49 7 9 0.021087026 
651 71 7 9 0.02108618 
951 151 8 10 0.02106913 
487 57 7 9 0.021046648 
47 80 8 10 0.021042405 
769 191 8 10 0.021036005 
418 93 7 9 0.02103549 
440 2 8 9 0.021027768 
728 57 7 9 0.02101625 
95 57 7 9 0.020994734 
494 247 8 12 0.02097459 
294 598 12 16 0.020965602 
233 85 7 10 0.020962637 
737 58 6 8 0.020956045 
936 37 8 10 0.020922314 
875 602 14 18 0.020910608 
225 73 7 8 0.020904176 
687 152 7 10 0.020900087 
865 18 8 9 0.020899694 
160 9 7 8 0.020890828 
818 239 9 11 0.020881351 
178 7 7 8 0.020877462 
767 300 9 11 0.020860517 
887 200 9 11 0.020859446 
901 529 12 16 0.020820437 
439 76 9 12 0.020790204 
479 189 9 10 0.020779366 
153 152 6 9 0.020778405 
1013 529 11 20 0.02075627 
578 74 6 8 0.020745404 
790 580 16 19 0.020730967 
985 153 8 9 0.020720968 
880 158 7 9 0.02071825 
65 635 21 25 0.020704133 
815 121 8 9 0.020696968 
933 581 17 21 0.020694137 
729 81 7 9 0.020690884 
641 261 8 10 0.020687606 
811 174 7 9 0.020648997 
1016 65 8 11 0.02064328 
651 177 9 10 0.020617101 
894 189 8 10 0.020611294 
913 129 7 9 0.020581625 
826 215 9 10 0.020579835 
928 56 7 9 0.020571139 
611 9 6 8 0.020568391 
168 183 8 9 0.02056736 
86 205 10 12 0.020562941 
782 603 13 15 0.020549271 
80 152 7 9 0.020545177 
870 198 9 11 0.020540578 
938 199 8 10 0.02053694 
869 746 15 21 0.02052242 
195 61 7 10 0.020521665 
194 9 7 8 0.020517983 
783 262 12 14 0.02047105 
773 236 13 15 0.020469252 
97 29 7 9 0.02044025 
674 56 6 8 0.020436304 
245 38 9 11 0.020410184 
0 48 6 10 0.020386882 
1005 418 10 13 0.02037289 
794 18 7 8 0.020362731 
116 189 10 11 0.02035885 
567 73 7 9 0.020356556 
803 749 20 19 0.020342613 
951 158 8 10 0.020312587 
249 8 7 9 0.020309504 
720 16 7 9 0.0203093 
334 205 8 10 0.020308431 
290 111 7 9 0.020300787 
656 31 7 8 0.02029854 
398 247 10 12 0.020295048 
192 74 6 9 0.020282205 
958 268 11 13 0.020268075 
952 169 8 9 0.020262882 
788 595 13 14 0.020260142 
635 31 7 9 0.020246763 
219 9 7 9 0.020228406 
33 135 7 9 0.020220889 
1014 638 10 20 0.020209536 
662 198 8 11 0.020207196 
726 157 9 11 0.020205833 
289 170 7 8 0.02016983 
698 47 6 9 0.020160189 
775 604 24 27 0.020156516 
95 87 7 9 0.020119855 
489 72 7 10 0.020106768 
314 152 8 10 0.020102657 
8 109 8 10 0.020098912 
712 190 8 11 0.020097803 
720 135 8 11 0.020075833 
527 245 9 10 0.02007547 
624 49 7 9 0.020035813 
351 192 8 10 0.020015702 
170 144 7 10 0.020008944 
434 7 8 9 0.020008853 
