35_Basketball_Basketball_35_209
526
500 136 35 45 0.99739563 
418 108 33 42 0.9961718 
899 185 17 22 0.9867351 
978 222 14 18 0.91205525 
150 229 9 12 0.84462905 
134 229 9 11 0.76333535 
13 260 9 12 0.6930582 
50 241 9 11 0.63821983 
950 188 9 11 0.61752844 
830 256 15 18 0.6068777 
18 231 9 12 0.5544942 
143 253 9 11 0.54776716 
109 208 9 11 0.5053918 
957 262 13 17 0.50008523 
78 229 8 11 0.49714494 
20 183 9 11 0.49051774 
175 195 11 15 0.4720231 
926 180 8 11 0.4487544 
178 229 9 13 0.41541982 
614 236 9 11 0.41081154 
85 265 9 11 0.40185213 
712 237 7 10 0.37551042 
32 198 8 11 0.37178257 
49 220 8 10 0.34007138 
120 228 8 11 0.33008808 
124 292 10 12 0.3273747 
88 208 9 11 0.3241515 
712 264 9 11 0.31087044 
117 269 8 11 0.3060087 
86 293 9 11 0.29950777 
846 250 11 13 0.29536602 
253 199 8 11 0.290874 
311 200 8 10 0.28525048 
726 206 8 11 0.27516168 
69 293 9 11 0.24565634 
879 189 11 14 0.2409831 
127 200 9 10 0.2403915 
143 293 8 10 0.23615405 
661 262 9 11 0.22555147 
49 196 8 11 0.22455843 
32 264 9 10 0.22300489 
724 252 9 12 0.22077401 
127 248 10 12 0.21832824 
108 237 8 11 0.21490575 
742 268 11 12 0.21125056 
16 207 10 12 0.2082277 
821 157 9 10 0.20721167 
134 204 8 10 0.20516986 
177 277 9 10 0.20228393 
86 238 8 10 0.20093812 
806 183 9 11 0.18013461 
951 201 10 15 0.17844942 
176 203 11 15 0.17738117 
338 212 9 11 0.17516625 
127 79 7 10 0.17197537 
32 268 11 14 0.17088519 
966 219 9 13 0.17020243 
167 271 9 12 0.17013851 
64 267 10 13 0.16878343 
888 164 8 11 0.16034555 
96 197 8 10 0.15824291 
103 263 8 10 0.14953142 
970 149 7 10 0.14903608 
23 279 8 11 0.1476935 
992 217 11 15 0.14601056 
145 191 9 11 0.1459873 
752 205 8 10 0.14402509 
883 194 11 15 0.14215723 
871 243 13 16 0.14116073 
19 236 10 12 0.13486937 
7 230 9 11 0.13262089 
769 126 7 9 0.13071376 
0 221 8 11 0.13038257 
981 144 9 10 0.12981527 
26 55 7 9 0.12975986 
127 273 8 10 0.1286489 
866 167 9 12 0.12833096 
38 231 8 10 0.12812302 
920 174 9 12 0.12324269 
874 150 8 11 0.12293867 
166 214 9 12 0.12243193 
62 206 9 11 0.12189829 
877 184 10 12 0.119913585 
33 229 9 12 0.119573355 
54 294 7 11 0.11879379 
54 217 8 10 0.118706636 
673 199 8 9 0.117577225 
926 191 10 13 0.11513852 
196 226 15 21 0.11225279 
0 182 8 12 0.11124175 
725 298 10 12 0.11033405 
16 199 8 10 0.109634735 
807 164 9 11 0.109297894 
944 158 8 10 0.10709889 
898 148 7 10 0.10661594 
747 144 7 9 0.103509925 
721 192 6 9 0.102915466 
19 213 10 12 0.101198636 
82 293 9 11 0.10093632 
990 158 8 11 0.099703245 
138 65 7 10 0.09803984 
141 276 9 11 0.09415104 
856 181 9 12 0.09363493 
33 224 8 10 0.09060646 
64 191 10 11 0.09054797 
21 188 9 11 0.08982673 
288 215 7 10 0.089560464 
774 145 8 9 0.088961035 
121 288 9 12 0.088915974 
95 279 8 9 0.088318795 
161 215 9 12 0.087454826 
274 198 8 10 0.08720284 
683 213 7 9 0.08624401 
703 256 8 9 0.08593717 
966 161 9 11 0.085536666 
3 47 7 11 0.08527085 
183 247 10 12 0.084193796 
70 187 9 12 0.08398392 
698 256 8 10 0.083972074 
142 213 9 10 0.08138385 
62 213 8 10 0.0804557 
130 203 8 11 0.08012095 
640 145 9 12 0.07967592 
63 196 10 12 0.07781012 
48 48 8 9 0.07779834 
150 288 9 12 0.07652556 
114 321 8 10 0.07646098 
754 214 8 11 0.075773634 
999 164 8 11 0.075711 
878 158 9 11 0.07519296 
761 173 8 9 0.07506099 
75 225 8 9 0.07378111 
175 273 9 11 0.072919935 
94 213 8 10 0.072869405 
2 239 7 12 0.07155634 
50 294 8 10 0.07105924 
713 216 7 9 0.0708008 
754 125 7 10 0.0704765 
298 206 7 9 0.070228554 
736 209 7 10 0.069557875 
830 167 9 11 0.069204494 
32 203 9 12 0.06791305 
942 203 11 13 0.06759386 
82 207 7 10 0.06716869 
122 198 8 10 0.06708441 
703 198 7 10 0.0666079 
160 260 8 10 0.066475034 
0 175 7 11 0.06623115 
632 236 8 10 0.06318282 
93 207 8 11 0.06315861 
770 144 8 9 0.062931396 
800 144 8 9 0.06256331 
56 313 9 10 0.062539674 
975 149 8 10 0.062301558 
7 225 8 10 0.062161893 
935 198 11 14 0.06197503 
146 81 7 9 0.061698306 
1014 220 8 15 0.06149283 
694 230 9 10 0.060569957 
162 292 8 11 0.060107127 
55 317 9 11 0.06004428 
893 166 9 10 0.059695635 
722 295 10 13 0.059571505 
41 246 7 9 0.058982883 
712 247 8 9 0.058982454 
154 69 8 10 0.0588567 
16 244 9 11 0.05869768 
825 164 9 12 0.058262244 
149 269 8 10 0.058046732 
1 245 8 11 0.057938706 
863 190 9 13 0.0576698 
318 247 8 9 0.057506893 
68 263 9 12 0.057089694 
917 167 9 11 0.05700466 
88 232 8 10 0.056545973 
72 207 8 10 0.05617027 
179 190 13 17 0.05580068 
867 204 15 20 0.055584837 
173 208 12 15 0.055584252 
809 175 9 12 0.0553059 
623 238 8 10 0.055253174 
672 232 7 9 0.055033945 
205 186 12 15 0.05456094 
145 196 9 11 0.054246396 
729 135 7 10 0.054146543 
24 199 8 11 0.054090038 
998 139 9 11 0.05258262 
991 154 7 9 0.05213369 
838 196 12 15 0.051972095 
143 207 10 12 0.05186178 
226 87 7 9 0.051775333 
158 71 7 9 0.051639054 
191 233 14 21 0.051470675 
48 289 8 10 0.051190045 
168 236 9 11 0.050949372 
874 145 7 10 0.05083147 
78 189 9 11 0.05059948 
737 120 7 8 0.050329972 
813 195 12 15 0.050309055 
748 253 11 13 0.050076906 
94 239 8 10 0.05000911 
1009 168 8 11 0.049955465 
690 239 7 10 0.04945458 
71 324 8 11 0.049162585 
855 187 10 13 0.04901288 
938 174 8 12 0.0489635 
94 302 8 11 0.048370082 
183 78 8 10 0.048260495 
106 213 9 10 0.048256427 
150 263 8 10 0.048025224 
726 231 8 10 0.047992013 
37 196 8 10 0.047432527 
40 192 7 10 0.047328703 
919 195 9 13 0.047096685 
79 249 8 10 0.046870876 
48 233 8 10 0.046434823 
203 63 7 10 0.046426013 
1 52 8 11 0.046284914 
666 141 8 10 0.046248805 
914 165 8 10 0.045901056 
838 120 8 9 0.04567677 
874 157 8 10 0.045550168 
93 246 8 10 0.04553566 
42 239 7 10 0.0453589 
682 192 7 9 0.045226153 
93 294 8 11 0.045221698 
110 221 8 10 0.045215856 
114 265 8 11 0.045184974 
36 273 10 14 0.04494016 
691 231 8 10 0.044824183 
930 158 7 10 0.044574525 
721 223 8 9 0.044305827 
23 221 8 10 0.044043764 
217 70 6 9 0.04397258 
72 254 8 10 0.043496985 
271 208 8 10 0.043363303 
138 292 8 11 0.04335371 
666 232 7 9 0.043279674 
704 248 8 10 0.043266933 
9 200 8 9 0.043153893 
143 273 9 11 0.04272634 
695 226 8 8 0.042666886 
959 143 8 9 0.042440027 
746 260 12 15 0.042406987 
95 231 8 9 0.042331655 
111 253 8 9 0.042272754 
704 192 7 8 0.04223236 
330 200 8 10 0.04220299 
840 228 11 13 0.042028192 
179 207 15 18 0.04177424 
96 224 8 9 0.041705407 
105 53 9 10 0.041660685 
164 289 10 11 0.041458786 
49 54 7 9 0.041246224 
872 189 11 14 0.04081965 
984 149 7 10 0.04065326 
105 233 9 10 0.040575773 
758 214 9 12 0.040558197 
720 231 8 10 0.040343776 
264 229 8 10 0.040279865 
88 246 9 11 0.040208533 
1000 289 12 17 0.039794486 
696 247 8 9 0.039742563 
-1 261 8 13 0.03959733 
181 183 11 12 0.03934441 
105 222 8 10 0.039009966 
5 237 8 11 0.03871686 
729 191 7 8 0.03853081 
130 228 8 12 0.038487896 
359 213 8 9 0.038480226 
864 171 10 14 0.038369715 
990 163 9 12 0.03832608 
188 241 13 17 0.037893143 
113 289 8 9 0.037581515 
155 53 7 10 0.037428133 
649 205 7 9 0.037405137 
703 113 7 8 0.037360195 
58 65 7 10 0.03721991 
50 63 7 9 0.036914255 
639 232 8 9 0.03690949 
184 176 9 11 0.036870882 
699 198 7 10 0.036850367 
279 71 7 8 0.036811095 
1013 229 9 16 0.036719814 
65 256 7 10 0.036542203 
165 261 10 12 0.036413625 
91 53 7 10 0.036412533 
71 240 8 9 0.036404807 
329 248 8 10 0.036265906 
727 224 8 9 0.03598014 
935 159 8 9 0.03577312 
587 125 10 13 0.03552007 
103 294 8 9 0.03545033 
713 198 7 10 0.03500364 
166 255 9 11 0.034813114 
8 175 8 10 0.034791198 
136 273 8 10 0.034626283 
110 247 9 11 0.03448451 
705 215 7 9 0.034428135 
839 176 9 11 0.034253266 
847 167 8 10 0.034246113 
806 143 8 9 0.034167252 
180 292 10 13 0.03400469 
704 261 8 10 0.033950146 
33 193 9 11 0.033852775 
261 263 9 11 0.03382322 
875 248 13 18 0.033766378 
113 293 8 10 0.03375892 
34 214 8 10 0.03371416 
182 224 10 14 0.03367994 
745 247 10 12 0.033623587 
217 66 6 8 0.033588067 
844 258 12 16 0.033500172 
104 257 8 9 0.0333838 
913 161 7 10 0.03336929 
664 215 7 8 0.03332979 
22 244 9 11 0.033300713 
955 203 10 14 0.03328825 
956 175 9 10 0.03320961 
10 206 8 12 0.033154603 
313 223 8 9 0.032511886 
727 269 8 11 0.03240801 
65 289 8 10 0.032306787 
175 233 10 14 0.032249056 
689 287 9 12 0.032244086 
48 203 8 11 0.0321406 
53 196 8 11 0.032066043 
281 87 6 9 0.032000706 
24 176 8 9 0.03194778 
961 133 8 10 0.031851985 
890 136 8 8 0.03180128 
80 288 9 10 0.031707287 
145 260 9 11 0.031663593 
1015 212 8 15 0.031622212 
72 214 8 10 0.031619642 
1009 173 8 11 0.031572677 
71 290 8 11 0.031516757 
736 231 7 9 0.03147283 
41 253 8 11 0.031446397 
663 238 8 10 0.03141644 
191 79 6 10 0.031360507 
66 53 7 8 0.03131955 
608 263 9 12 0.03127845 
53 324 9 11 0.031194922 
88 199 8 11 0.031174934 
641 270 8 12 0.03108882 
64 223 7 10 0.030640388 
721 198 7 9 0.030454388 
698 214 8 9 0.030339079 
5 181 9 11 0.030311983 
634 209 7 8 0.03024706 
359 193 8 10 0.030231623 
710 145 7 9 0.030107826 
86 252 9 11 0.029900417 
112 303 7 9 0.02985262 
179 79 7 9 0.029813314 
299 201 7 9 0.029779755 
353 287 8 11 0.029687725 
840 166 8 11 0.029628186 
56 289 7 10 0.029617772 
117 324 10 12 0.029611452 
706 186 6 8 0.029571606 
54 191 8 11 0.029532582 
662 257 9 11 0.029509712 
1014 173 8 12 0.029479478 
922 135 7 9 0.029452482 
150 206 9 12 0.029243605 
974 165 9 11 0.029196993 
273 193 8 9 0.029150948 
296 79 7 9 0.029069874 
99 263 8 10 0.028936597 
765 168 8 11 0.028912513 
6 190 8 11 0.028808907 
726 200 8 10 0.028759731 
783 135 7 9 0.028698105 
894 173 11 12 0.02860683 
136 318 8 10 0.02856494 
81 216 8 9 0.028499085 
72 50 7 8 0.028496511 
304 215 7 10 0.028292788 
0 206 8 12 0.028224768 
126 74 8 9 0.028218834 
289 221 7 10 0.028174562 
207 88 7 9 0.02812273 
953 144 7 8 0.02810718 
0 187 8 13 0.028074073 
319 208 8 10 0.028066905 
66 240 7 9 0.02790379 
689 245 7 10 0.027897846 
711 207 7 9 0.027642837 
855 137 7 9 0.027632937 
648 229 7 9 0.02756475 
840 245 14 17 0.027345665 
665 208 6 9 0.027337821 
186 204 13 16 0.027332047 
97 272 7 9 0.027249916 
303 206 7 9 0.02722432 
663 265 9 12 0.027088575 
125 326 9 10 0.026860218 
713 192 7 9 0.026802817 
1013 267 10 16 0.02675218 
678 230 7 9 0.026629237 
209 46 7 9 0.026528778 
117 191 10 11 0.026466446 
101 197 8 10 0.02642609 
855 141 8 9 0.02640802 
721 215 8 9 0.02633651 
318 239 9 11 0.02630588 
38 214 8 10 0.026304701 
0 254 8 13 0.026292693 
202 183 11 14 0.026235573 
984 135 7 9 0.02622942 
7 246 8 10 0.026211487 
65 183 10 11 0.026179617 
944 166 8 10 0.026163675 
746 213 7 10 0.02586959 
104 289 8 10 0.025818868 
758 207 8 10 0.025765488 
220 189 13 16 0.025670694 
89 301 9 11 0.025639826 
922 152 7 9 0.02558954 
721 249 8 10 0.025565773 
649 225 7 9 0.02556122 
18 276 10 13 0.025558053 
37 207 8 11 0.02551198 
640 216 7 9 0.025359003 
320 213 8 10 0.02531577 
167 174 9 11 0.025290223 
697 208 7 9 0.025207516 
110 233 8 11 0.025152989 
878 145 7 9 0.02513239 
120 205 8 12 0.025009273 
858 120 7 8 0.02500847 
638 237 8 10 0.025003536 
918 158 8 10 0.024977157 
135 313 8 9 0.024971673 
746 208 7 9 0.02495951 
63 230 8 10 0.024829928 
6 56 8 10 0.02482854 
128 240 8 10 0.02466383 
678 198 7 9 0.024560845 
93 287 8 10 0.02454018 
223 55 8 10 0.024416184 
182 232 11 16 0.02440518 
1007 263 12 18 0.024374062 
173 196 21 26 0.024334831 
135 233 9 12 0.024287032 
62 65 8 10 0.02427288 
965 243 11 15 0.024233926 
795 144 7 9 0.024197217 
112 69 7 9 0.024084073 
16 225 8 10 0.024044182 
298 214 7 10 0.024042116 
0 267 8 13 0.024036499 
122 253 9 11 0.023923926 
32 239 8 10 0.023908 
253 220 8 11 0.023859354 
54 299 9 11 0.023835232 
983 216 19 22 0.023826381 
608 217 7 8 0.023706008 
2 300 16 23 0.023658676 
152 213 9 11 0.023624789 
694 239 9 11 0.023602635 
720 318 8 11 0.02357968 
281 108 9 12 0.023548137 
696 271 8 10 0.02354764 
272 213 8 10 0.023340648 
688 265 8 10 0.023335155 
203 89 7 9 0.023271061 
717 268 8 11 0.023227522 
111 180 12 13 0.022907073 
145 289 9 12 0.022833863 
329 205 9 11 0.022821523 
697 261 8 10 0.022813117 
634 249 8 10 0.02272912 
506 110 12 14 0.02261473 
736 244 7 11 0.02260363 
80 199 9 11 0.022542303 
79 281 8 9 0.022511445 
657 127 7 9 0.022504603 
106 246 8 10 0.022456013 
880 119 6 8 0.022409307 
590 220 7 10 0.022382336 
832 160 9 11 0.022238733 
134 252 9 12 0.022200527 
0 169 7 11 0.02211563 
663 246 9 11 0.022049 
22 256 9 11 0.021719338 
128 319 8 10 0.021719009 
1 230 8 11 0.021705488 
190 220 13 19 0.021698816 
121 276 8 11 0.021695482 
673 237 7 10 0.02167941 
850 128 7 9 0.021664416 
240 88 7 9 0.021619376 
88 223 8 11 0.021600746 
838 161 8 10 0.021593612 
639 207 7 9 0.021551052 
703 224 7 9 0.021496369 
264 207 7 10 0.02142146 
714 222 7 9 0.021415373 
33 245 6 8 0.021390945 
116 182 11 13 0.02131266 
126 299 10 11 0.021219792 
234 72 6 9 0.021200271 
170 312 8 10 0.021157676 
760 125 7 9 0.021156164 
38 223 8 10 0.021112425 
144 84 7 10 0.021111866 
122 65 6 9 0.021015089 
91 280 7 9 0.020962099 
329 185 7 9 0.020876799 
672 206 7 8 0.0208449 
751 187 10 13 0.020718932 
819 153 8 10 0.020692715 
353 213 7 10 0.020593885 
385 89 8 10 0.020539843 
733 191 8 9 0.020510362 
706 239 8 10 0.020463116 
645 144 8 10 0.020455422 
30 173 8 11 0.020452041 
114 312 7 9 0.020404188 
746 201 8 10 0.02023053 
1014 276 10 16 0.020174641 
86 70 8 10 0.02007057 
73 247 8 10 0.020027747 
