35_Basketball_Basketball_35_185
22
291 434 62 69 0.9959823 
711 480 63 82 0.98662287 
607 721 22 26 0.97850674 
457 637 50 56 0.72502 
559 747 12 15 0.2967239 
556 752 22 30 0.13016233 
644 717 19 23 0.10055629 
552 717 13 15 0.09471944 
563 743 12 16 0.08971891 
554 721 14 17 0.07439868 
989 764 34 53 0.036187273 
552 712 11 13 0.029020015 
991 734 10 13 0.028718434 
557 730 16 20 0.028504709 
493 509 10 11 0.026759507 
596 43 231 294 0.025725089 
563 765 16 20 0.024438977 
565 718 10 14 0.023807198 
640 717 13 19 0.02274089 
1012 640 11 16 0.022685988 
562 723 13 17 0.02245699 
919 739 11 14 0.020496504 
