35_Basketball_Basketball_35_791
84
768 40 80 120 0.9976615 
519 301 10 12 0.38957417 
516 280 8 12 0.27951425 
543 285 8 10 0.27150303 
558 281 8 10 0.27119818 
504 287 7 10 0.2605921 
585 295 9 11 0.23110816 
442 318 10 14 0.22732632 
488 310 8 11 0.18286905 
285 278 9 11 0.17970099 
542 304 9 12 0.16551735 
434 302 9 11 0.16179676 
619 288 9 12 0.1544225 
588 205 10 13 0.15366742 
505 306 10 12 0.15200865 
570 276 8 10 0.14283517 
262 317 9 11 0.1296565 
285 294 9 11 0.12487956 
433 339 10 12 0.11692983 
575 316 10 11 0.115352795 
591 312 10 12 0.0915194 
482 328 9 12 0.08208291 
482 346 11 14 0.069596805 
595 272 8 11 0.06924546 
271 300 10 12 0.068434976 
233 290 9 11 0.064783625 
570 300 9 11 0.06364125 
549 343 10 13 0.061758798 
450 301 8 10 0.058081463 
480 293 8 10 0.057985924 
509 304 8 11 0.05587555 
425 321 9 11 0.055720728 
613 326 9 12 0.052295905 
516 222 9 11 0.048961096 
414 365 9 10 0.048263 
494 261 8 10 0.04554391 
566 339 12 14 0.044981476 
457 357 9 10 0.04215642 
550 301 9 11 0.040963855 
504 292 9 10 0.039646484 
559 265 8 10 0.03840279 
551 270 9 11 0.03801356 
298 292 8 11 0.03745781 
573 274 8 10 0.037347198 
158 501 8 11 0.036936093 
607 309 10 12 0.036544878 
560 319 10 12 0.036257736 
302 288 9 10 0.035390314 
258 264 8 9 0.035016637 
206 294 9 11 0.03459109 
498 198 11 14 0.0328407 
545 269 8 10 0.03272361 
551 296 8 10 0.03247362 
572 360 11 15 0.03203594 
454 335 8 11 0.030802669 
429 360 9 11 0.030523466 
225 358 12 15 0.028498683 
598 331 11 15 0.027712477 
234 270 8 10 0.026819026 
490 173 12 16 0.026758056 
465 312 6 9 0.026625345 
586 262 7 9 0.025827423 
466 302 7 10 0.025822204 
234 324 9 12 0.025728745 
556 364 12 13 0.025687994 
545 293 9 11 0.02490772 
589 353 8 11 0.024842003 
95 276 8 10 0.024480509 
457 317 7 10 0.024413152 
207 273 8 10 0.024407135 
258 285 8 10 0.02428617 
298 279 7 10 0.0242219 
473 310 8 11 0.024002785 
601 289 8 10 0.023180358 
174 281 8 9 0.022735247 
628 324 11 13 0.022362055 
208 232 10 12 0.021849912 
456 256 7 10 0.021327097 
256 431 10 10 0.021317642 
615 254 7 9 0.021176886 
436 297 8 10 0.021045666 
442 358 8 11 0.020948436 
465 318 7 9 0.020882186 
581 188 10 11 0.020589098 
