35_Basketball_basketballgame_ball_35_80
43
492 97 102 122 0.9995523 
293 12 40 50 0.9961675 
33 113 35 45 0.99616337 
262 130 46 63 0.99425596 
168 0 40 52 0.9940948 
808 75 49 54 0.9935654 
65 208 45 54 0.9903476 
889 65 48 59 0.98931915 
382 16 38 51 0.9846905 
4 167 41 49 0.98438835 
94 183 37 49 0.98319674 
140 152 31 34 0.9822121 
165 233 37 47 0.98204523 
2 364 41 54 0.97949255 
0 234 33 57 0.97096956 
903 373 38 53 0.9679556 
351 144 29 37 0.53032225 
79 266 45 60 0.3769518 
697 204 26 40 0.2889115 
99 489 23 30 0.21270198 
81 196 37 42 0.18101041 
364 110 45 51 0.107875034 
50 171 26 34 0.104246534 
353 126 45 50 0.102785945 
2 277 30 34 0.09081021 
700 201 16 22 0.08133783 
618 184 33 37 0.078241825 
72 231 50 55 0.056236643 
137 36 28 40 0.0513114 
496 4 35 36 0.04912288 
192 297 32 48 0.04731972 
456 84 19 26 0.035445135 
394 163 15 21 0.03308172 
386 122 18 24 0.03187304 
986 291 25 46 0.03110259 
85 477 35 36 0.030702597 
190 180 25 37 0.02889994 
504 14 44 45 0.026053485 
437 202 30 39 0.02473124 
41 160 31 36 0.022599926 
459 62 42 53 0.021005033 
988 288 34 81 0.020840697 
922 439 31 34 0.020737298 
