35_Basketball_playingbasketball_35_65
30
852 413 15 20 0.9898425 
906 353 18 23 0.9895969 
620 387 17 24 0.9759219 
1006 416 15 20 0.97567004 
921 376 20 28 0.9625501 
744 376 16 20 0.9595663 
968 404 20 26 0.9594235 
230 426 21 36 0.9416739 
801 421 14 19 0.90555453 
680 230 10 13 0.7693602 
717 413 13 18 0.6046859 
453 345 24 25 0.56918854 
533 312 15 25 0.14512305 
496 349 12 20 0.12193717 
82 494 17 36 0.1038507 
526 304 12 21 0.092217304 
479 40 11 13 0.06450446 
445 360 14 18 0.062830836 
502 302 22 29 0.05714242 
506 349 16 21 0.051421072 
787 427 13 19 0.041430023 
467 342 23 29 0.037349194 
1003 386 11 14 0.034574803 
514 310 15 21 0.03132197 
686 477 15 23 0.024670899 
479 343 19 27 0.02355854 
796 493 14 17 0.02262182 
520 303 12 18 0.022174591 
1 50 10 17 0.020839332 
816 316 12 16 0.020510778 
