35_Basketball_basketballgame_ball_35_479
1388
106 618 21 32 0.69675386 
501 540 10 13 0.66603076 
471 504 8 10 0.65719366 
461 488 8 10 0.6410258 
388 502 10 13 0.5832221 
648 526 10 12 0.55556726 
498 311 9 12 0.5080298 
83 516 14 16 0.4658967 
200 516 10 13 0.4617794 
358 526 9 11 0.450281 
272 576 11 16 0.43774673 
469 526 9 13 0.42184773 
715 293 8 11 0.39066336 
871 661 11 14 0.38964048 
479 584 11 14 0.3753315 
182 253 8 10 0.35123816 
503 595 12 16 0.34561184 
158 445 9 11 0.34313622 
17 509 12 15 0.33261764 
134 437 9 11 0.32653424 
140 531 10 15 0.3179808 
23 369 8 9 0.31511146 
364 575 10 12 0.31299096 
125 424 8 11 0.30673367 
513 195 11 14 0.30163756 
188 503 9 11 0.30014056 
616 517 9 12 0.2940472 
312 559 12 14 0.2825564 
102 423 8 10 0.27888444 
336 526 9 10 0.27871904 
5 328 10 12 0.27339822 
422 575 10 13 0.26645017 
274 486 8 10 0.2640138 
541 503 9 10 0.25684536 
21 404 8 10 0.23979512 
509 510 9 11 0.23561598 
195 539 15 17 0.23396097 
922 286 7 9 0.22714595 
537 349 8 10 0.22386657 
387 606 13 17 0.22146705 
246 578 10 16 0.21941677 
84 574 11 17 0.21933596 
287 503 8 10 0.21634498 
380 579 11 13 0.2091944 
580 525 11 13 0.2087622 
669 536 9 11 0.20718977 
583 198 8 9 0.20625924 
441 525 8 11 0.20189708 
175 231 7 9 0.19979922 
434 519 9 11 0.1980545 
965 202 8 10 0.19484134 
16 476 9 13 0.1899666 
148 511 10 12 0.18823737 
255 545 10 14 0.18776968 
41 383 8 10 0.1845428 
48 406 8 10 0.18317111 
305 511 8 10 0.18257985 
214 506 10 13 0.18236752 
687 226 7 10 0.17879875 
99 423 7 9 0.17761953 
725 558 11 13 0.17738298 
816 584 10 12 0.17552987 
20 554 12 15 0.17379971 
991 205 8 10 0.16331531 
885 296 8 10 0.1630039 
400 201 7 9 0.16199555 
323 239 7 10 0.16195886 
74 441 7 9 0.15976512 
818 293 7 9 0.15854764 
216 542 10 13 0.15751292 
2 294 9 13 0.15743855 
310 233 8 10 0.15710954 
334 572 9 13 0.15701249 
8 472 9 11 0.15659438 
363 501 7 10 0.15213427 
347 495 7 9 0.15086249 
362 498 7 9 0.14778607 
542 191 7 10 0.14707163 
25 432 8 10 0.146946 
426 479 7 9 0.14649825 
158 245 7 9 0.1461403 
193 476 8 10 0.14584088 
311 518 7 10 0.14508791 
279 169 7 9 0.14246821 
336 249 7 10 0.14176525 
582 519 10 12 0.141409 
254 509 10 12 0.14088342 
8 392 9 10 0.13974708 
559 572 11 14 0.13833728 
300 590 13 17 0.13822389 
93 479 8 12 0.13794093 
970 233 7 9 0.13731515 
542 509 9 12 0.13562125 
416 517 8 12 0.13544598 
635 192 8 10 0.13457698 
345 207 7 10 0.13115765 
841 317 8 9 0.1308499 
814 664 14 23 0.1301737 
86 335 8 9 0.12952666 
648 532 11 13 0.12730451 
78 438 8 10 0.12718923 
262 508 9 11 0.1263326 
423 240 7 10 0.12597057 
889 279 8 10 0.12580577 
30 509 10 14 0.12232787 
961 222 7 9 0.12131324 
891 190 7 9 0.12113551 
174 496 7 9 0.11991625 
176 519 9 11 0.118277736 
881 688 18 20 0.11774772 
281 534 9 11 0.11586553 
150 503 9 10 0.11536936 
879 264 7 9 0.11397134 
5 537 14 17 0.11307634 
690 270 8 10 0.111583196 
433 525 8 10 0.11115487 
238 277 8 9 0.10962443 
410 473 7 10 0.107521504 
256 261 7 9 0.106604755 
109 471 9 11 0.105342306 
779 717 29 40 0.10478556 
846 350 8 9 0.104551844 
952 169 8 10 0.1036876 
328 572 10 13 0.10267837 
6 149 8 10 0.10251344 
145 487 7 10 0.10139686 
525 551 10 12 0.101006106 
17 456 9 11 0.09941389 
817 645 15 18 0.09936535 
350 495 7 9 0.097491905 
79 512 11 15 0.09746667 
242 207 7 8 0.097253226 
82 432 8 10 0.097234994 
129 285 8 10 0.09693724 
1002 198 7 9 0.09625506 
791 220 8 10 0.095122375 
208 551 9 13 0.095088586 
357 278 8 10 0.09501626 
905 248 7 9 0.093474686 
181 534 9 13 0.09336385 
48 425 8 10 0.09313047 
439 313 9 11 0.093044184 
823 341 8 9 0.09271271 
592 614 9 12 0.092613615 
237 647 20 23 0.09259462 
567 604 11 14 0.09230605 
267 269 8 10 0.09139978 
20 598 28 28 0.091295436 
855 361 8 9 0.090879165 
885 327 9 11 0.0901599 
172 618 14 21 0.090142004 
248 470 7 9 0.0893793 
958 261 9 10 0.08918503 
512 505 8 10 0.08860741 
330 489 7 9 0.088515334 
459 150 7 9 0.08850457 
414 473 8 10 0.088503934 
944 234 7 9 0.0879134 
524 620 10 13 0.08787715 
623 336 9 11 0.08759097 
449 196 8 10 0.08751009 
473 165 8 10 0.08724108 
424 501 8 10 0.0871997 
106 431 7 10 0.085721366 
21 513 12 14 0.08438256 
899 325 8 11 0.0843545 
1 448 8 10 0.08345648 
216 484 8 10 0.083161786 
135 535 13 17 0.08314935 
441 175 7 9 0.08282286 
169 450 8 9 0.0823937 
392 555 11 13 0.08226324 
377 576 9 12 0.08199666 
302 547 9 11 0.0812913 
318 551 11 16 0.08087778 
145 515 11 14 0.08068612 
936 240 8 9 0.080047175 
938 287 9 12 0.07992959 
819 277 7 9 0.079777464 
621 596 11 14 0.07975641 
361 197 6 9 0.07970989 
24 437 9 11 0.079502925 
142 480 8 10 0.07936575 
65 397 7 10 0.07887307 
859 376 7 9 0.07887248 
89 476 9 13 0.07862927 
373 230 8 9 0.07845687 
239 574 13 17 0.0779804 
494 196 8 10 0.077936426 
865 350 7 9 0.07787748 
375 245 7 9 0.07756889 
35 398 7 10 0.07727139 
86 432 9 10 0.07707943 
82 183 7 10 0.07685537 
654 285 8 10 0.076668136 
252 578 13 17 0.076567344 
209 481 7 9 0.0762874 
608 205 8 9 0.07583516 
336 271 7 9 0.07569131 
1 407 8 10 0.07564662 
545 667 24 28 0.07563368 
561 182 7 9 0.07555683 
287 559 9 12 0.075547904 
416 245 7 9 0.07519222 
864 249 7 10 0.075187705 
183 540 9 15 0.07515395 
199 477 7 9 0.07485695 
137 504 8 10 0.07479637 
144 504 9 11 0.074697174 
662 602 16 18 0.074408755 
57 158 8 10 0.074294604 
178 183 7 9 0.073989585 
181 578 14 18 0.073008195 
472 509 9 10 0.07287777 
333 662 15 21 0.072837055 
174 525 11 15 0.072665334 
843 720 21 29 0.071310736 
857 326 8 9 0.07120094 
467 504 8 10 0.07117013 
143 167 7 9 0.0711584 
113 173 9 11 0.07102582 
546 254 7 10 0.07096501 
621 518 8 11 0.070955224 
222 486 8 10 0.070915386 
59 336 7 10 0.07078672 
119 158 6 9 0.0703213 
133 526 13 16 0.07021069 
1007 334 8 10 0.07008392 
90 462 8 10 0.07003597 
430 479 7 9 0.06939059 
190 544 14 18 0.06867805 
793 288 7 10 0.06863978 
815 313 7 9 0.06799852 
831 289 7 9 0.06790401 
630 142 7 9 0.06785141 
541 269 7 10 0.067516975 
857 320 7 9 0.067484416 
99 449 7 9 0.06656144 
657 265 8 9 0.066496335 
6 397 8 10 0.06627631 
597 598 13 16 0.06589105 
826 321 7 10 0.06577677 
304 505 8 9 0.06564159 
154 183 7 10 0.06539195 
422 519 8 11 0.06519732 
397 602 14 19 0.06505538 
465 292 8 10 0.064804144 
543 516 8 11 0.06458961 
428 573 13 17 0.06430441 
919 353 8 10 0.06363475 
65 461 9 10 0.06358394 
431 691 13 16 0.06347271 
206 253 8 9 0.06321289 
16 502 12 15 0.063198954 
551 168 7 9 0.063107096 
134 288 8 10 0.06310262 
646 580 11 15 0.06297587 
921 215 8 10 0.0629179 
627 636 14 19 0.06290576 
978 190 7 10 0.062877685 
453 196 9 11 0.062567815 
127 525 13 17 0.062161118 
1015 190 7 12 0.062157635 
398 241 8 9 0.06211665 
319 526 7 10 0.062056176 
830 293 7 9 0.06195444 
554 351 8 9 0.06168602 
31 301 8 10 0.061572246 
213 569 12 16 0.061494693 
905 377 8 9 0.060750265 
312 201 6 8 0.060523238 
69 461 9 11 0.05974659 
150 620 13 19 0.05958214 
639 748 13 16 0.059396304 
125 510 9 11 0.059393823 
495 192 8 11 0.059341557 
390 614 14 21 0.059210602 
416 199 7 9 0.05918168 
409 149 7 9 0.059169788 
584 225 8 10 0.05897062 
841 188 8 10 0.058900975 
898 295 8 11 0.058888827 
412 594 13 15 0.058830526 
912 303 7 11 0.05878711 
647 175 8 10 0.058743306 
166 278 8 9 0.058670167 
1 453 8 10 0.058646776 
595 232 8 12 0.0585887 
902 301 9 12 0.0585166 
413 220 8 10 0.05843267 
870 286 8 9 0.058431465 
798 320 7 9 0.05819813 
359 521 9 11 0.058135916 
144 439 7 9 0.05768761 
40 461 8 10 0.057359517 
162 209 7 9 0.057303686 
70 399 7 11 0.0572881 
366 525 10 13 0.05725351 
753 233 8 10 0.057180602 
751 343 8 10 0.057064984 
53 613 16 24 0.05706321 
976 675 25 40 0.056959804 
847 294 6 8 0.056882545 
875 365 7 10 0.056722794 
467 605 16 18 0.056702014 
7 445 8 10 0.05667159 
491 198 7 9 0.056510806 
121 504 8 11 0.056391813 
1000 305 9 10 0.056292657 
101 610 20 31 0.05622051 
112 453 8 10 0.055944983 
200 473 8 9 0.0559094 
814 319 7 8 0.05582691 
351 232 7 9 0.05579058 
352 191 7 9 0.055705912 
858 304 7 9 0.055565644 
426 473 7 9 0.055228766 
224 232 7 9 0.055187277 
578 641 16 19 0.054961696 
284 539 11 13 0.054943185 
970 137 7 10 0.05457715 
336 521 8 10 0.05432028 
15 440 9 11 0.054319426 
734 398 8 10 0.05428187 
926 261 8 10 0.05394047 
643 629 14 17 0.053900227 
512 325 8 10 0.05384943 
143 246 10 13 0.053570356 
871 309 6 9 0.053546753 
85 471 11 13 0.05353134 
190 534 12 16 0.053398505 
6 416 8 10 0.053178083 
879 364 8 10 0.053089056 
834 278 7 10 0.053027492 
395 619 13 21 0.05289146 
984 264 10 12 0.052672032 
843 352 7 9 0.05258894 
137 316 8 10 0.052354373 
254 532 11 14 0.05224817 
392 517 9 11 0.052083664 
168 193 7 9 0.05207227 
263 206 7 9 0.051686622 
597 614 12 15 0.051674314 
26 301 8 10 0.051649578 
799 335 8 10 0.051569242 
567 183 7 9 0.051379584 
333 594 13 17 0.05096323 
766 351 7 9 0.050907496 
867 310 6 9 0.05090716 
633 324 9 11 0.050740927 
480 518 8 10 0.05063309 
541 349 7 10 0.050570987 
848 346 7 9 0.050504133 
123 428 8 9 0.050417483 
785 361 7 9 0.050366588 
42 424 8 10 0.05035693 
336 158 7 9 0.050184093 
145 215 7 9 0.050170634 
326 191 7 9 0.050061237 
64 473 8 10 0.049989153 
361 247 7 10 0.049910344 
418 574 9 12 0.04991033 
283 504 7 9 0.04978326 
288 310 8 10 0.049744353 
260 573 12 17 0.04973997 
418 241 8 9 0.04966126 
750 348 8 10 0.049045496 
825 293 7 9 0.048974734 
1006 197 7 10 0.048969015 
969 338 8 10 0.048914783 
71 408 7 8 0.048839726 
103 147 8 11 0.048823003 
110 433 7 9 0.04878462 
175 501 8 10 0.048756093 
297 549 9 12 0.04863009 
46 476 10 12 0.048576955 
201 253 8 10 0.048524067 
16 337 9 9 0.048370127 
18 373 8 9 0.04828277 
529 272 7 9 0.048211776 
89 422 8 9 0.04817028 
683 228 7 9 0.047622584 
455 577 11 15 0.04751233 
225 266 6 8 0.047419645 
37 506 11 16 0.047413185 
927 185 7 9 0.047223005 
580 198 7 10 0.04710432 
982 190 8 9 0.047033764 
973 232 7 9 0.047024116 
306 287 8 9 0.046975505 
476 605 14 17 0.046934005 
267 295 7 9 0.046825595 
400 270 7 8 0.04679597 
695 225 7 9 0.046730522 
784 328 8 10 0.046621565 
71 164 9 10 0.046484146 
690 205 7 9 0.04644434 
376 535 10 12 0.04644254 
568 326 7 9 0.0463516 
177 625 17 21 0.046341654 
2 415 8 10 0.04624686 
390 680 24 26 0.046155736 
555 624 15 19 0.046041485 
840 358 8 9 0.04594144 
313 526 8 10 0.045857847 
1010 297 7 9 0.04581945 
953 249 8 9 0.045776293 
830 304 7 9 0.045742325 
24 462 8 10 0.045727313 
551 641 15 19 0.045667637 
647 233 7 9 0.045633268 
931 224 7 9 0.045628164 
82 416 7 9 0.04557736 
560 563 12 17 0.045481686 
890 229 7 10 0.045437198 
323 555 10 13 0.04541055 
936 206 8 10 0.045392957 
518 518 8 10 0.0453542 
844 296 7 8 0.045251478 
62 485 12 14 0.045214295 
335 493 7 9 0.045205053 
839 254 8 10 0.045187827 
819 338 6 9 0.04485495 
380 611 17 22 0.044838324 
871 305 7 8 0.04476093 
362 265 8 9 0.044755194 
410 477 8 10 0.044753283 
62 432 8 9 0.04472211 
560 297 8 10 0.044644225 
865 305 7 9 0.04458177 
306 516 8 11 0.044496637 
34 177 6 9 0.044430807 
393 247 9 11 0.044304833 
215 222 8 9 0.044267327 
248 238 8 9 0.044258658 
873 325 8 10 0.044077702 
71 493 11 13 0.04400487 
365 497 7 9 0.0439788 
393 223 8 9 0.043967307 
55 423 7 10 0.04392404 
215 535 12 14 0.043869626 
270 503 8 10 0.043826 
403 603 14 17 0.043452445 
915 309 8 11 0.043368608 
22 456 8 10 0.043348428 
56 477 9 11 0.043165516 
62 342 8 9 0.04309544 
966 175 7 9 0.043007776 
112 438 8 9 0.042994924 
0 421 8 11 0.04299162 
261 541 11 16 0.04298558 
937 201 8 10 0.04294207 
437 578 12 16 0.042707477 
9 440 9 11 0.042649128 
382 568 10 13 0.04263865 
88 418 7 8 0.0426301 
64 438 7 9 0.04254338 
48 462 8 11 0.042535912 
346 489 7 10 0.04247409 
470 519 10 13 0.042427808 
80 463 8 10 0.042364974 
737 359 8 10 0.042339917 
819 669 13 21 0.042309016 
350 238 7 10 0.04229861 
78 492 8 12 0.042278595 
863 239 7 9 0.042274695 
64 424 8 9 0.042263404 
320 572 11 14 0.04225603 
678 325 8 10 0.042248495 
843 165 7 10 0.04222482 
578 176 7 9 0.041938048 
831 366 8 10 0.04187709 
23 337 8 9 0.04187576 
943 178 7 8 0.0418743 
151 496 9 10 0.041791998 
615 523 9 12 0.041762315 
927 164 7 10 0.041741233 
553 526 8 11 0.0416181 
637 321 9 10 0.041551773 
32 483 8 12 0.04148665 
58 327 7 9 0.04146468 
969 237 7 9 0.041444767 
401 204 8 10 0.0414125 
253 515 11 13 0.04126507 
794 359 7 9 0.04113667 
273 482 7 9 0.041108083 
337 229 7 9 0.041098688 
161 622 19 25 0.041036446 
397 551 10 12 0.0409823 
595 625 14 19 0.040843576 
337 511 8 11 0.040802725 
935 222 7 9 0.04077954 
8 421 8 11 0.040728737 
38 302 8 10 0.04069318 
975 248 8 10 0.04061973 
49 471 9 11 0.040608637 
1016 184 7 11 0.04060368 
366 566 11 13 0.040538512 
71 487 10 13 0.04047258 
998 183 7 9 0.040421028 
61 477 10 12 0.040333092 
177 538 10 16 0.040233195 
208 206 9 11 0.040129673 
832 337 7 9 0.039917737 
205 471 8 10 0.039895307 
104 517 11 13 0.039847787 
794 312 7 9 0.039834123 
352 501 7 9 0.039776187 
163 465 7 9 0.039771616 
334 489 7 9 0.039674632 
551 627 12 18 0.03965202 
31 460 8 10 0.039569017 
628 568 12 17 0.03952524 
1013 213 9 14 0.03931332 
520 536 8 11 0.039246418 
219 707 18 25 0.039176147 
327 535 9 11 0.039128475 
952 645 9 13 0.039073456 
162 278 8 10 0.03905738 
672 238 7 9 0.039025504 
519 249 7 9 0.039015416 
926 295 8 10 0.039000172 
30 413 8 10 0.038981847 
495 273 8 9 0.0389735 
784 318 7 8 0.03894597 
731 400 7 9 0.03890667 
208 280 7 9 0.03876936 
362 222 7 10 0.038692433 
342 518 8 11 0.03847116 
225 270 7 8 0.03824555 
298 653 18 20 0.038244057 
248 216 7 9 0.038239587 
38 484 11 14 0.03821855 
606 261 8 10 0.038181424 
331 650 17 20 0.03813861 
954 344 8 11 0.038092833 
24 445 8 9 0.038088102 
170 249 7 8 0.037917834 
365 264 8 9 0.037908033 
81 423 7 9 0.037904534 
497 596 13 17 0.03788104 
64 350 7 10 0.037847795 
29 431 8 10 0.037824538 
428 501 9 11 0.037823737 
31 407 7 10 0.037798777 
510 516 9 11 0.037703898 
526 533 9 12 0.037703034 
938 178 8 9 0.037641663 
298 511 7 10 0.037586946 
288 497 8 10 0.03746508 
841 222 7 9 0.03743615 
170 197 7 9 0.037416242 
366 558 12 13 0.03715684 
220 548 10 12 0.037156828 
15 324 9 12 0.037092835 
255 278 7 9 0.03709035 
960 269 9 10 0.036780596 
822 276 7 9 0.036653634 
178 178 6 8 0.03659223 
328 185 7 9 0.036566727 
6 453 8 11 0.036566067 
253 305 8 10 0.036508545 
441 222 7 10 0.036425833 
406 597 14 16 0.036334533 
632 305 8 11 0.03626496 
30 440 8 10 0.036258943 
208 508 10 13 0.036252204 
97 453 7 9 0.036211636 
792 293 8 10 0.036129594 
887 319 8 9 0.03609089 
161 469 8 10 0.03607867 
987 206 7 9 0.036073666 
344 500 7 10 0.03602218 
382 278 8 10 0.036014844 
650 287 8 10 0.03601033 
174 453 7 9 0.035989694 
367 151 6 8 0.035952885 
17 295 8 10 0.035949122 
350 576 10 11 0.035937414 
943 264 8 9 0.03581716 
590 329 8 10 0.035776764 
104 494 9 12 0.03577559 
537 159 7 9 0.035769302 
690 184 7 10 0.035687607 
25 296 7 9 0.035676945 
105 438 8 9 0.03564695 
400 542 10 12 0.03563178 
234 312 7 9 0.03553373 
626 174 7 9 0.03551978 
419 633 16 18 0.035493206 
0 501 9 13 0.03549172 
616 254 8 10 0.035438918 
870 296 8 9 0.035427984 
958 344 9 11 0.03527209 
273 303 6 9 0.035253864 
578 519 9 11 0.035204105 
1006 301 9 11 0.035123847 
58 440 7 9 0.03502178 
397 515 11 13 0.035014316 
720 224 7 9 0.03498892 
367 519 8 11 0.03498001 
39 444 8 10 0.034908067 
136 292 7 10 0.03488325 
1015 196 7 11 0.034879003 
57 392 7 10 0.034829717 
760 303 7 9 0.03481073 
329 526 8 10 0.03480158 
434 200 7 9 0.034782395 
805 658 19 30 0.034770902 
840 333 8 9 0.03474542 
883 301 7 9 0.03472442 
184 509 9 11 0.034703176 
831 361 8 10 0.034689587 
401 177 7 9 0.034641493 
973 253 9 9 0.034639534 
809 294 7 9 0.03459043 
211 190 7 9 0.03450606 
327 539 11 14 0.034501057 
350 596 11 17 0.03447875 
345 230 7 9 0.034458388 
572 604 10 13 0.034431845 
931 241 7 9 0.03442244 
635 633 16 18 0.03436876 
891 225 7 9 0.034349702 
994 184 7 9 0.03432907 
471 551 13 18 0.0343166 
153 190 7 10 0.034301408 
484 606 11 16 0.03425362 
54 472 8 11 0.03424149 
336 266 7 9 0.03412152 
513 579 9 13 0.03403945 
70 571 14 19 0.03399193 
166 531 13 15 0.033937477 
910 375 7 10 0.033827472 
830 341 7 9 0.03376893 
481 302 9 10 0.033756267 
239 486 10 12 0.0337394 
38 174 8 9 0.03371949 
838 279 8 9 0.033703346 
171 231 8 10 0.03369334 
455 166 7 9 0.033690285 
309 511 8 10 0.033671778 
1002 193 7 9 0.033645958 
126 506 8 10 0.03362474 
70 456 8 11 0.03355423 
800 342 7 9 0.033528477 
321 245 7 9 0.033483334 
712 335 8 10 0.033454202 
602 152 7 9 0.033384953 
222 602 14 22 0.03337178 
839 368 8 10 0.03312746 
728 301 7 9 0.033116624 
345 550 9 11 0.033102 
57 430 7 10 0.033075895 
59 321 7 9 0.03293098 
215 496 10 12 0.03292932 
576 358 8 10 0.032905728 
554 184 7 9 0.032852747 
477 505 8 10 0.03284647 
586 631 16 22 0.032836698 
1 494 9 13 0.03278905 
177 238 7 9 0.032784738 
221 509 9 11 0.032783967 
914 191 7 8 0.03271046 
225 580 11 16 0.032702595 
201 278 8 10 0.032696035 
911 295 7 10 0.0326545 
601 217 7 9 0.032592803 
506 516 8 10 0.032589238 
654 221 8 10 0.032573003 
723 346 7 9 0.032554656 
1016 319 7 11 0.032410704 
238 310 7 9 0.032355405 
40 478 9 13 0.032319743 
6 464 10 11 0.03230986 
50 326 7 10 0.032299902 
270 297 8 9 0.032291323 
648 217 8 11 0.032277744 
414 567 11 13 0.032275274 
1 400 7 10 0.032234345 
920 221 7 10 0.032156445 
350 489 7 10 0.03215612 
72 415 6 8 0.032145504 
326 210 7 9 0.032129284 
177 512 8 10 0.03212445 
161 509 8 11 0.03195183 
538 511 8 10 0.03192964 
348 674 16 20 0.031894784 
43 429 7 10 0.031882197 
192 270 8 10 0.03185326 
983 168 7 9 0.03177539 
665 541 9 11 0.03177359 
872 343 7 10 0.031738196 
337 198 7 9 0.031729873 
760 247 9 10 0.03172695 
903 269 8 10 0.031726107 
512 173 8 11 0.03170751 
696 310 8 9 0.0316733 
737 288 8 9 0.031649675 
761 295 7 9 0.03154359 
922 262 7 9 0.031533234 
826 189 7 9 0.031530984 
169 504 7 10 0.031509984 
232 471 8 9 0.031475723 
936 138 8 9 0.03144265 
222 493 10 12 0.031440794 
344 255 7 9 0.031440258 
954 350 7 10 0.031438038 
454 281 7 8 0.031426188 
766 327 8 10 0.031421255 
511 534 9 13 0.031411923 
385 557 10 11 0.031389877 
184 157 8 9 0.03138929 
501 546 10 13 0.031358756 
472 359 9 10 0.031327844 
951 191 7 9 0.031307455 
656 169 9 10 0.03129609 
941 291 9 11 0.031246755 
278 557 11 13 0.031148959 
554 635 15 17 0.031128338 
477 350 9 11 0.031122658 
872 321 8 10 0.031107353 
267 241 7 9 0.031070134 
970 254 7 9 0.03105255 
274 629 22 26 0.031052358 
342 512 7 10 0.030971758 
229 587 15 17 0.030904518 
896 185 7 8 0.030843524 
488 520 7 9 0.030820986 
897 208 7 9 0.030813675 
218 501 12 14 0.030712701 
32 444 8 10 0.030699067 
314 185 6 9 0.030636763 
698 327 8 10 0.030547215 
320 533 9 12 0.030515283 
589 518 8 12 0.030486587 
1 479 8 10 0.030440297 
13 174 8 9 0.030427843 
279 529 9 11 0.030363789 
89 448 7 9 0.030328374 
193 625 17 18 0.030297764 
994 320 8 11 0.030260466 
59 342 6 9 0.030086948 
62 326 8 9 0.030076021 
615 321 7 9 0.030039484 
589 263 8 11 0.030037994 
266 246 8 10 0.030029701 
39 391 7 9 0.029985312 
793 304 7 9 0.029955663 
375 565 9 11 0.029950397 
857 691 18 19 0.029931365 
117 312 8 10 0.029923119 
560 321 7 9 0.029913662 
944 352 7 9 0.029909113 
46 413 9 11 0.029890172 
970 249 7 9 0.029870661 
878 198 7 9 0.029868543 
552 573 10 15 0.02985117 
682 263 6 8 0.029741291 
987 201 7 10 0.029734936 
612 588 14 16 0.029685369 
198 487 8 10 0.029674588 
425 525 8 10 0.029669879 
120 470 9 11 0.02966224 
272 494 9 10 0.029618964 
955 262 7 10 0.029601581 
305 295 7 9 0.029588073 
792 374 9 11 0.029586168 
153 245 8 11 0.02957641 
513 525 9 11 0.029563323 
904 214 7 8 0.02953391 
310 531 11 13 0.02947248 
954 254 8 11 0.029471898 
246 207 6 9 0.029451998 
21 470 11 15 0.029433463 
992 353 8 9 0.029415082 
887 364 8 11 0.02937078 
751 337 7 9 0.029355353 
359 271 8 9 0.02933504 
552 520 8 10 0.029320292 
704 318 9 11 0.029316993 
651 626 13 17 0.029299399 
55 295 7 9 0.029291194 
976 239 7 10 0.029258199 
89 193 7 10 0.029203292 
477 554 10 16 0.029200431 
983 224 7 8 0.029186305 
419 594 12 15 0.02915727 
239 294 7 8 0.029143665 
361 579 9 11 0.029052673 
21 493 11 14 0.029009562 
554 191 7 9 0.029006243 
287 508 8 11 0.029003879 
995 239 7 10 0.028996328 
176 225 7 10 0.028956756 
184 185 6 9 0.028955622 
351 581 9 11 0.028911412 
954 23 7 9 0.028908862 
158 518 9 11 0.028895691 
787 222 8 10 0.028895544 
466 166 7 10 0.028809926 
396 200 6 9 0.028746933 
222 480 8 11 0.028745234 
193 217 7 9 0.028702743 
689 265 8 10 0.028671356 
478 510 8 10 0.028649526 
568 277 8 10 0.028617768 
865 220 7 10 0.028610738 
17 359 8 10 0.028505318 
713 55 9 12 0.028502343 
927 215 7 10 0.02847436 
409 265 6 9 0.028458845 
904 208 7 9 0.028446257 
512 161 8 9 0.028445374 
582 176 7 9 0.028392112 
311 549 11 15 0.028286053 
272 528 8 11 0.028241187 
153 441 8 10 0.028166402 
175 270 8 10 0.028147882 
494 526 8 11 0.02813038 
48 458 7 9 0.028123705 
467 615 20 19 0.028121576 
898 321 8 11 0.028097615 
393 217 7 9 0.0280836 
32 318 7 10 0.028053174 
669 607 13 17 0.028047971 
626 272 7 9 0.028043766 
433 191 7 9 0.028008986 
278 493 9 10 0.02798139 
310 544 9 12 0.027934957 
38 490 13 18 0.027931176 
524 541 11 17 0.027884645 
222 304 7 9 0.027882047 
614 201 8 9 0.027880082 
39 336 8 9 0.027862461 
458 492 8 10 0.027828334 
928 279 8 10 0.027778195 
185 497 8 9 0.02777509 
296 503 7 9 0.027772678 
862 155 9 12 0.027760118 
717 269 10 11 0.027754135 
422 205 8 10 0.027719518 
363 602 14 19 0.027708907 
752 157 7 9 0.027662365 
78 310 9 10 0.027660143 
905 242 6 8 0.027654514 
321 212 7 10 0.027630406 
447 575 11 15 0.02762737 
42 416 7 10 0.027565936 
984 241 7 9 0.027549323 
931 245 7 9 0.027497115 
775 313 8 9 0.027478086 
902 307 9 12 0.027451627 
429 588 11 13 0.02743805 
935 245 8 9 0.027431367 
90 279 7 9 0.027406903 
87 437 8 10 0.027368402 
831 310 7 9 0.027325114 
159 431 8 10 0.027247053 
642 257 7 9 0.027237158 
951 199 7 9 0.027228871 
801 391 9 11 0.02715342 
211 503 10 13 0.027132254 
701 693 11 14 0.027056705 
166 509 8 10 0.027043615 
33 161 6 8 0.026999429 
568 321 7 9 0.026993094 
865 279 7 9 0.02697769 
240 470 8 10 0.026977157 
521 152 7 10 0.02680002 
318 519 9 11 0.02679761 
124 625 15 24 0.026791645 
865 345 7 9 0.026749909 
418 501 7 10 0.026745094 
848 313 7 9 0.026715377 
977 176 7 8 0.02669422 
277 566 12 14 0.026693812 
841 328 7 10 0.026693236 
719 262 9 12 0.026689796 
67 407 7 9 0.026643338 
830 320 7 9 0.026643079 
991 358 7 9 0.026607577 
424 591 10 12 0.026563304 
236 593 13 17 0.026562553 
447 556 11 15 0.026546504 
338 502 8 11 0.026541106 
376 224 8 10 0.026517449 
545 250 8 9 0.026511753 
560 177 7 9 0.026497336 
447 657 14 18 0.026479794 
451 286 7 8 0.026460126 
895 230 7 9 0.026452951 
349 549 10 13 0.026439028 
169 255 7 9 0.026430637 
952 207 7 9 0.026406253 
896 199 6 9 0.026396766 
424 176 7 8 0.026366293 
601 619 14 17 0.026357457 
997 231 10 11 0.02635207 
721 368 9 12 0.026343005 
231 486 9 11 0.026316343 
729 224 7 10 0.02628538 
630 175 6 8 0.02627629 
1014 219 8 13 0.02626797 
405 581 10 11 0.026250552 
751 185 7 9 0.026205238 
895 409 10 11 0.026162082 
502 360 8 10 0.026161037 
383 310 7 9 0.026136314 
61 515 12 15 0.026093638 
714 270 8 10 0.02608873 
839 148 8 10 0.026077198 
623 524 9 12 0.026071357 
321 542 9 12 0.026054246 
761 385 7 9 0.026040519 
561 326 6 8 0.02603313 
473 586 13 15 0.02603145 
553 200 8 10 0.026027393 
35 394 7 9 0.026017696 
735 739 26 29 0.026011385 
598 674 21 27 0.026002115 
543 316 8 11 0.025999961 
418 496 7 10 0.025999721 
119 440 8 9 0.025994625 
604 603 14 17 0.02598632 
187 191 6 8 0.025974626 
514 278 8 10 0.025974143 
353 518 8 11 0.0259668 
96 418 8 9 0.025965085 
679 206 7 9 0.02594293 
270 240 7 9 0.025913619 
243 603 15 19 0.025882738 
705 269 7 9 0.025882017 
637 556 12 14 0.02584737 
446 607 15 19 0.025812412 
393 309 8 10 0.025773332 
62 493 11 12 0.02576767 
662 215 7 9 0.025751775 
244 176 7 9 0.02570703 
809 271 7 8 0.025704553 
951 319 9 11 0.025659284 
576 208 7 9 0.025647676 
192 223 8 9 0.025643392 
737 294 8 10 0.025629032 
603 207 6 8 0.025606027 
632 223 7 9 0.02558816 
58 399 7 9 0.025558077 
386 581 11 13 0.025542773 
261 533 10 13 0.025537943 
600 294 8 10 0.025534188 
842 302 7 9 0.025526578 
146 524 13 17 0.025503037 
463 245 7 10 0.025482887 
394 290 7 10 0.025463339 
817 199 7 9 0.025447262 
438 605 12 17 0.025418662 
481 281 7 8 0.025412975 
583 612 12 14 0.02540482 
383 274 8 9 0.025396368 
52 405 8 11 0.025338152 
369 199 6 8 0.025337033 
998 238 8 10 0.025307225 
517 524 9 11 0.025305081 
174 198 7 9 0.025291573 
728 262 9 11 0.02528417 
405 571 11 13 0.025280587 
5 286 9 10 0.025262976 
5 493 11 13 0.02525541 
58 446 7 9 0.025233254 
321 494 8 9 0.025223497 
975 216 8 9 0.02521828 
251 309 8 10 0.025214307 
207 569 12 17 0.02520983 
87 330 7 9 0.025203774 
103 452 8 10 0.025175484 
767 333 8 10 0.025164401 
849 263 8 8 0.02516425 
215 190 7 8 0.025118368 
22 326 9 11 0.02511816 
1010 209 8 11 0.025111156 
238 601 14 19 0.025106804 
399 535 10 12 0.025011413 
273 231 8 9 0.024966184 
824 143 8 11 0.02495523 
875 198 6 9 0.024955053 
509 698 12 17 0.024948653 
890 185 7 10 0.024937177 
329 520 8 10 0.024897281 
368 240 7 9 0.024892548 
830 189 7 9 0.024890684 
322 160 6 9 0.024889588 
545 295 8 9 0.024879111 
24 425 8 9 0.024865141 
4 298 10 12 0.02484932 
210 222 8 10 0.02482374 
433 150 7 9 0.02477115 
960 137 7 9 0.024752904 
46 376 9 11 0.02475117 
508 540 10 13 0.02474851 
273 208 7 8 0.024732964 
736 313 8 9 0.024715995 
214 216 9 12 0.024706766 
48 440 7 9 0.024705237 
988 266 11 14 0.02468569 
360 610 13 19 0.024683846 
919 241 7 9 0.024683742 
144 586 11 14 0.024679562 
943 279 8 11 0.024647677 
21 148 8 10 0.024637954 
331 253 8 10 0.024631532 
634 238 8 10 0.024626028 
11 390 9 11 0.02462486 
80 456 7 10 0.024602322 
143 185 7 9 0.024589088 
698 334 7 9 0.024577705 
0 584 19 23 0.024575898 
808 367 7 9 0.024575647 
0 507 8 14 0.024560008 
282 509 8 10 0.024540193 
662 169 8 10 0.024535581 
976 199 7 10 0.02453557 
667 716 16 22 0.0245325 
359 595 12 17 0.024530513 
501 688 15 21 0.024477864 
122 286 7 8 0.024472967 
354 273 7 9 0.024461415 
806 642 14 17 0.024415562 
928 258 8 9 0.024370804 
57 495 8 11 0.024368733 
37 556 13 18 0.024351196 
344 202 7 8 0.024348035 
937 279 7 9 0.024347685 
215 281 7 9 0.024347601 
446 590 12 15 0.02432581 
138 166 7 9 0.024315847 
553 319 8 10 0.02429821 
417 176 7 9 0.02429317 
646 341 8 11 0.024279624 
999 325 8 10 0.024277661 
224 168 6 9 0.024267966 
855 222 7 9 0.02425415 
966 311 9 12 0.024169873 
624 296 8 10 0.024144072 
391 167 7 9 0.024136858 
562 627 16 18 0.024119975 
342 248 8 9 0.024116548 
516 192 10 13 0.024107972 
464 241 8 9 0.02410162 
849 359 7 10 0.02409376 
348 190 7 9 0.024089629 
1 279 8 10 0.024083884 
846 317 8 9 0.024053128 
655 360 9 11 0.024051333 
656 216 7 10 0.024025412 
457 254 8 10 0.024024552 
929 208 7 9 0.023966106 
26 414 8 10 0.023954976 
205 522 10 14 0.023946306 
210 175 6 9 0.023919126 
229 647 14 21 0.023901585 
56 483 10 14 0.023889206 
554 327 7 8 0.02387614 
973 337 8 10 0.023875369 
271 533 9 11 0.023853412 
240 232 7 9 0.023811845 
753 319 7 9 0.023795554 
146 531 12 17 0.023775104 
626 288 7 9 0.02377454 
121 196 9 12 0.0237487 
1013 207 9 13 0.023745975 
623 373 9 11 0.023743732 
89 457 8 9 0.02373606 
99 286 7 9 0.023715103 
8 384 8 9 0.02366855 
530 310 7 10 0.023667151 
857 277 8 9 0.023660364 
268 541 10 14 0.023655012 
486 551 9 11 0.023639351 
977 224 7 9 0.023634646 
337 184 6 8 0.023628188 
610 518 9 11 0.023622813 
922 721 65 44 0.023620479 
922 191 7 9 0.023618102 
641 342 9 11 0.023615772 
343 543 9 11 0.023604278 
249 121 7 9 0.023602119 
874 193 7 8 0.023602042 
889 240 7 9 0.023577478 
466 260 7 10 0.023566067 
296 517 8 11 0.023557745 
349 567 10 10 0.023535477 
146 198 6 9 0.02351645 
542 629 10 14 0.023496255 
798 312 7 9 0.023490047 
423 144 7 9 0.023482965 
818 391 8 12 0.023466153 
842 161 8 10 0.02344452 
17 302 8 10 0.023442194 
503 184 8 9 0.023428814 
250 542 10 15 0.023416681 
930 273 7 9 0.02341245 
392 542 11 14 0.023400126 
135 484 9 12 0.023395572 
6 484 11 13 0.023388939 
626 205 7 10 0.023367567 
536 236 9 10 0.023293057 
401 618 15 21 0.023291023 
454 286 7 9 0.023286078 
233 190 7 9 0.023209067 
703 335 7 10 0.023169896 
361 509 8 10 0.023166535 
445 174 8 10 0.023158787 
711 300 8 10 0.023151033 
432 484 8 10 0.023144096 
664 222 7 9 0.023102036 
954 231 7 9 0.023067094 
999 225 8 10 0.023015896 
794 334 8 11 0.023004554 
423 534 9 11 0.022995895 
751 190 8 9 0.022979544 
617 248 8 10 0.022947079 
840 272 7 9 0.022946015 
1014 295 7 11 0.022933118 
262 526 10 13 0.022887057 
863 273 7 8 0.022884734 
464 310 8 10 0.022877024 
758 253 8 10 0.022864295 
559 345 8 9 0.022860222 
968 222 7 10 0.022859393 
186 480 7 9 0.022855438 
369 246 7 9 0.022853103 
6 430 8 9 0.022848062 
410 218 8 9 0.022836609 
54 367 10 11 0.022828078 
725 349 7 9 0.02282322 
159 504 8 11 0.022767399 
49 344 7 8 0.022752995 
791 721 28 36 0.022648314 
784 314 7 9 0.022643652 
568 248 8 10 0.022642853 
410 601 14 18 0.022600016 
65 416 8 9 0.022592317 
438 286 7 8 0.022568354 
840 373 7 9 0.022566067 
14 483 10 13 0.022551384 
714 223 7 9 0.02253281 
24 360 8 10 0.022523662 
519 511 7 10 0.022520564 
512 167 7 10 0.022507995 
889 351 7 9 0.022497153 
560 247 7 10 0.022495704 
126 198 8 12 0.022482822 
938 263 7 9 0.022448618 
17 320 8 12 0.022436677 
70 470 8 10 0.022436233 
706 265 7 9 0.022387948 
951 285 8 11 0.022382027 
441 269 7 9 0.022376936 
869 207 9 10 0.022375716 
481 285 8 9 0.022371184 
373 527 10 12 0.022370521 
808 280 7 9 0.022358473 
528 302 8 10 0.022353645 
361 254 7 9 0.022345334 
245 486 9 12 0.022306696 
510 601 11 14 0.022301808 
424 200 7 9 0.022301558 
343 271 7 9 0.022288462 
960 230 7 10 0.022281475 
826 310 7 9 0.022275021 
255 272 7 10 0.022273878 
402 573 9 12 0.022253843 
859 274 7 8 0.022243688 
834 273 7 8 0.022243243 
97 336 8 10 0.022233395 
121 531 11 16 0.022201061 
698 318 9 11 0.022194812 
624 301 8 11 0.022131458 
130 519 14 17 0.022118216 
587 649 14 18 0.022117851 
184 240 7 9 0.022116704 
836 668 14 19 0.022116145 
416 375 9 14 0.022109415 
937 216 7 9 0.022104621 
231 209 7 10 0.022101443 
363 151 7 9 0.022100527 
529 528 8 10 0.022094738 
334 531 10 12 0.022092862 
319 278 7 9 0.022049563 
574 295 9 10 0.022043312 
978 168 7 9 0.022041976 
386 518 8 10 0.022038694 
576 300 9 11 0.02203318 
538 517 8 10 0.022031503 
169 289 7 9 0.022026574 
15 547 19 23 0.022009356 
507 626 15 17 0.02195189 
251 273 7 9 0.021951396 
912 248 7 9 0.021948779 
944 217 7 9 0.021945814 
384 222 7 10 0.02193422 
28 368 8 10 0.021932518 
352 511 8 10 0.02191582 
524 563 11 12 0.021910936 
343 212 8 9 0.021905202 
394 270 7 9 0.02190074 
646 596 9 13 0.021897927 
15 494 12 14 0.021883423 
343 533 8 11 0.021863336 
624 254 7 10 0.02185474 
528 175 7 9 0.021824786 
918 246 7 9 0.021813963 
703 326 7 10 0.021808408 
287 518 9 11 0.021797473 
363 240 7 9 0.021792747 
255 294 6 9 0.021782534 
857 381 8 10 0.021772508 
202 463 7 10 0.02177069 
710 319 7 9 0.021761738 
200 456 8 10 0.021756804 
575 637 14 18 0.021741997 
694 206 7 9 0.021722944 
92 471 10 12 0.021716872 
78 304 8 10 0.02171248 
944 199 7 10 0.021712353 
943 320 10 12 0.021692684 
368 224 7 9 0.021666493 
728 229 8 10 0.021655334 
871 213 9 12 0.021650424 
826 669 15 19 0.02163663 
192 192 7 8 0.021634439 
424 484 8 10 0.021620775 
181 629 22 25 0.021610579 
676 363 10 12 0.021607136 
473 342 10 12 0.021605464 
96 438 8 9 0.021600496 
495 603 11 14 0.021591196 
434 312 9 11 0.0215908 
797 359 7 9 0.021587325 
206 464 8 10 0.021554528 
643 336 8 9 0.02154565 
407 270 7 8 0.021543581 
1 287 9 12 0.021541018 
335 277 8 9 0.021539465 
710 206 7 9 0.021532547 
584 280 7 9 0.021519395 
736 318 7 9 0.02150684 
761 389 7 9 0.021501996 
18 287 7 10 0.021490023 
412 246 6 9 0.02148757 
591 605 11 14 0.021478783 
552 205 8 9 0.021475527 
865 660 11 14 0.02143158 
181 517 8 11 0.021426579 
221 572 10 15 0.021420792 
915 353 7 10 0.02139826 
706 239 7 9 0.021384519 
470 289 7 9 0.021379005 
381 600 14 18 0.021373285 
517 574 10 13 0.021368587 
680 302 7 9 0.021330426 
313 168 6 8 0.021325974 
608 527 9 12 0.021321325 
955 223 6 9 0.021309258 
41 169 7 8 0.02129838 
681 288 7 8 0.021292448 
162 478 7 9 0.021281121 
454 561 12 16 0.021241145 
297 660 22 24 0.02123187 
976 302 7 9 0.021228915 
496 519 7 10 0.021226704 
247 649 18 21 0.02122097 
896 215 7 8 0.02121198 
423 257 7 9 0.021210313 
282 518 8 11 0.02116167 
856 344 7 9 0.021148736 
89 482 11 15 0.021132678 
862 369 6 8 0.021125508 
145 494 8 10 0.021121625 
248 234 7 9 0.021120818 
101 311 8 11 0.021104995 
311 271 8 10 0.02109384 
258 230 7 9 0.021076163 
312 176 7 9 0.021071166 
581 302 9 11 0.021063475 
463 327 7 10 0.021054884 
350 542 10 12 0.021041727 
457 502 7 10 0.021031274 
375 312 9 10 0.02102846 
911 271 7 9 0.02102482 
904 289 6 9 0.021023367 
831 174 7 10 0.021000061 
747 344 8 9 0.020960541 
647 335 7 9 0.02095446 
30 532 14 18 0.020950895 
31 607 20 22 0.020946024 
767 289 7 9 0.020936819 
340 595 15 17 0.020926164 
513 286 8 10 0.020916233 
497 534 11 14 0.020911818 
897 383 7 9 0.020902945 
848 329 7 9 0.020902224 
611 319 7 9 0.020882191 
713 264 8 10 0.020839965 
393 145 7 9 0.020834882 
376 510 7 10 0.020824976 
866 214 8 12 0.02079168 
520 564 10 13 0.02078573 
166 615 16 19 0.020780686 
1016 311 7 11 0.02077571 
889 253 8 9 0.020761965 
127 455 8 9 0.020758167 
759 312 8 9 0.020746402 
1 429 8 11 0.020743037 
574 237 8 9 0.020727307 
981 637 10 12 0.020713076 
129 166 7 9 0.020712195 
466 530 9 12 0.020708483 
418 206 8 9 0.020697847 
766 368 9 11 0.020679452 
840 287 7 9 0.020677028 
441 182 7 9 0.020663409 
662 340 9 11 0.020659892 
328 143 7 9 0.020655898 
722 182 7 9 0.0206553 
328 594 12 16 0.020647671 
406 515 11 14 0.020592952 
167 292 8 9 0.020592451 
312 570 12 15 0.020588411 
849 222 7 9 0.020570979 
270 247 7 10 0.020560572 
569 369 7 10 0.020548977 
808 287 6 9 0.020525835 
165 468 8 10 0.020522172 
889 248 7 10 0.020502051 
393 266 7 9 0.020497149 
439 149 7 9 0.020481264 
969 189 8 10 0.020476172 
269 508 9 11 0.020470643 
425 192 7 8 0.020464577 
856 310 7 9 0.020455977 
152 197 7 10 0.020448782 
569 295 8 10 0.02041402 
630 286 7 9 0.020411862 
55 290 7 8 0.02041046 
395 502 10 13 0.020402176 
840 217 7 9 0.020399762 
374 254 7 9 0.02039167 
938 321 8 10 0.0203853 
341 574 9 11 0.020376995 
625 201 7 10 0.020348543 
530 276 7 10 0.02033085 
80 446 8 10 0.020316659 
119 317 7 9 0.020298274 
373 559 9 13 0.020287935 
611 750 11 13 0.020269798 
313 190 7 9 0.020259583 
888 313 7 9 0.020256337 
834 254 7 9 0.020253103 
250 294 7 9 0.020248717 
293 582 14 18 0.020240577 
551 296 7 8 0.020237429 
43 507 13 18 0.020219274 
121 151 7 9 0.020214401 
427 633 14 19 0.020210968 
856 294 7 9 0.020206438 
496 289 8 10 0.020164238 
994 433 9 10 0.02014978 
249 504 9 12 0.020139635 
128 176 7 9 0.020120202 
433 513 9 11 0.020110343 
857 81 7 9 0.020110324 
63 498 11 13 0.020102134 
825 247 7 9 0.020102123 
921 336 8 10 0.020102115 
568 198 7 9 0.020090856 
896 332 9 11 0.020086516 
81 475 10 12 0.020083364 
598 175 7 10 0.02004844 
527 361 8 10 0.020027278 
902 77 8 10 0.02002725 
767 390 8 10 0.020024003 
610 281 8 9 0.020022025 
213 602 15 22 0.020020178 
382 658 22 26 0.020013703 
43 406 8 10 0.020010503 
226 295 7 9 0.02000373 
331 539 12 15 0.020001307 
