35_Basketball_Basketball_35_327
33
790 170 30 39 0.99940085 
84 164 27 35 0.9987091 
764 147 28 35 0.9984855 
540 154 27 35 0.99834013 
829 148 26 34 0.998195 
24 177 24 31 0.99807477 
738 157 23 30 0.9980211 
665 154 26 31 0.99750024 
915 144 39 50 0.99742895 
384 174 23 29 0.9966815 
969 184 29 36 0.9965838 
465 180 22 29 0.9936614 
324 184 18 24 0.9898991 
982 159 24 27 0.9800133 
184 182 21 26 0.97782886 
407 234 55 77 0.9763569 
436 162 20 27 0.9717601 
250 169 20 26 0.97120225 
491 178 18 23 0.97022015 
598 162 20 26 0.96413654 
636 171 20 25 0.93310374 
564 161 15 24 0.79380083 
272 144 10 11 0.16218637 
509 193 17 18 0.09553607 
953 158 15 19 0.08676254 
1011 173 12 21 0.08509219 
276 143 9 11 0.059994616 
460 163 15 17 0.052032556 
419 161 14 17 0.039752163 
761 396 22 35 0.02586858 
229 171 12 15 0.024081891 
276 148 10 12 0.023921557 
876 347 17 23 0.021432025 
