35_Basketball_playingbasketball_35_219
63
242 679 105 124 0.9989767 
463 963 70 81 0.9985013 
699 1052 71 89 0.9982621 
922 863 72 96 0.99792826 
811 953 79 103 0.9921399 
582 860 35 48 0.98321885 
686 918 22 40 0.97952807 
178 373 14 18 0.21561399 
395 1145 67 65 0.13513367 
233 278 10 13 0.12989557 
363 531 10 13 0.12458779 
174 494 10 12 0.07173884 
222 297 12 15 0.058718625 
235 435 11 13 0.05822362 
629 31 13 17 0.049122702 
204 421 15 21 0.03957021 
1005 938 18 32 0.03898643 
136 382 13 14 0.037507594 
616 144 11 13 0.037403364 
267 520 15 19 0.037102357 
224 80 10 12 0.035643384 
193 279 11 13 0.035463102 
529 508 12 15 0.034749836 
514 0 15 14 0.033410452 
579 278 12 16 0.03241887 
878 252 10 12 0.031811677 
741 902 39 54 0.031321526 
192 298 10 13 0.031241832 
264 330 10 13 0.030708095 
721 50 244 305 0.029598646 
686 238 12 15 0.02948645 
206 403 11 12 0.029034529 
197 72 349 489 0.027779719 
189 332 11 11 0.027370205 
829 887 25 33 0.026827674 
257 572 18 22 0.026517173 
227 451 11 14 0.026363675 
626 528 16 19 0.026167091 
100 435 10 12 0.026161272 
40 557 11 14 0.025621522 
238 237 10 13 0.025600547 
100 415 11 13 0.024955178 
730 1107 52 68 0.024424588 
205 367 12 15 0.02397619 
389 412 11 13 0.023972804 
874 163 13 17 0.023864536 
476 549 11 14 0.023827186 
175 478 8 11 0.023448827 
551 586 13 14 0.022891961 
464 532 11 14 0.022841217 
432 585 13 17 0.02202829 
623 233 15 20 0.021561258 
905 139 18 20 0.021254066 
817 91 11 13 0.021205392 
671 233 14 18 0.02115119 
773 323 25 34 0.021041906 
262 402 14 18 0.020895861 
-59 206 347 501 0.020820472 
756 1094 97 116 0.020781947 
329 456 10 11 0.020599158 
602 124 12 16 0.020592576 
307 82 422 558 0.02052534 
215 448 9 11 0.020270016 
