35_Basketball_Basketball_35_737
20
845 16 87 115 0.99856734 
52 31 69 92 0.9982135 
230 314 26 35 0.9964702 
766 17 86 115 0.9934691 
644 242 57 80 0.9917127 
956 432 17 25 0.9869365 
940 467 18 22 0.82946116 
202 336 31 29 0.7865715 
699 250 59 71 0.69725966 
392 96 10 13 0.45493376 
203 354 26 27 0.11698993 
432 100 9 12 0.05207406 
361 277 11 13 0.03608348 
520 63 7 10 0.03426978 
62 332 22 34 0.031229703 
980 427 12 16 0.026534287 
732 242 63 76 0.025885526 
54 328 61 55 0.02569719 
215 328 26 32 0.023013802 
454 268 8 10 0.020790612 
