35_Basketball_basketballgame_ball_35_276
26
492 131 57 65 0.9995833 
277 167 56 75 0.99948174 
939 154 63 73 0.9991431 
68 179 57 69 0.9991211 
959 40 55 71 0.99910766 
14 -1 58 55 0.9985024 
670 123 67 86 0.99736553 
236 -1 58 51 0.996461 
18 129 41 63 0.9836348 
424 57 60 46 0.8890728 
576 1 35 24 0.1736771 
0 3 27 42 0.079684116 
1008 531 12 15 0.07383052 
994 556 11 15 0.06965463 
406 23 31 45 0.060479794 
742 0 44 24 0.055513687 
38 126 30 49 0.04185821 
683 91 50 67 0.037418872 
247 578 29 38 0.036880773 
602 0 16 12 0.03377624 
459 3 45 53 0.033471223 
960 29 24 35 0.029577771 
949 477 14 16 0.028620796 
46 122 27 32 0.02742559 
48 144 27 53 0.024690479 
816 0 19 18 0.023391988 
