35_Basketball_Basketball_35_457
657
608 145 38 45 0.99486035 
940 319 13 16 0.9405812 
377 328 9 12 0.7973838 
41 350 9 12 0.57507366 
212 403 11 14 0.5696034 
407 335 9 10 0.5471239 
213 358 7 9 0.5453023 
247 390 7 10 0.5061536 
10 356 8 11 0.45879513 
886 360 9 12 0.4438786 
173 405 8 12 0.43960217 
50 379 9 11 0.41849214 
152 349 8 10 0.40127015 
157 369 8 10 0.4007144 
81 256 8 11 0.38121316 
304 366 8 11 0.3699437 
80 345 9 11 0.35345668 
127 269 9 11 0.3247055 
182 351 9 11 0.31888425 
192 368 8 10 0.31276995 
165 271 7 10 0.30912143 
19 198 7 9 0.3025351 
185 253 9 11 0.26464647 
166 316 8 10 0.25492474 
167 389 8 11 0.24490406 
160 341 9 10 0.2440337 
80 309 8 10 0.24113294 
153 296 7 10 0.23720668 
344 341 7 10 0.23056476 
357 326 9 11 0.22911447 
245 318 8 10 0.2207361 
425 349 8 10 0.2202885 
358 320 8 9 0.21916781 
86 360 8 9 0.21592562 
288 335 8 10 0.215705 
289 328 8 10 0.2125791 
57 261 9 11 0.21181339 
931 205 24 26 0.21033075 
205 388 8 11 0.2066707 
184 358 9 11 0.20047869 
66 181 7 10 0.19746196 
112 228 8 10 0.19423409 
24 245 7 10 0.18456852 
208 334 7 10 0.1796821 
51 248 7 9 0.179363 
287 375 8 10 0.17857625 
208 315 7 10 0.17209017 
142 333 8 10 0.17112371 
398 310 8 10 0.1684319 
408 342 8 11 0.16464764 
-1 350 6 10 0.15700948 
166 341 8 11 0.14952594 
97 310 7 9 0.14626993 
320 337 7 9 0.13924292 
179 301 7 10 0.13911378 
94 378 7 9 0.13740487 
63 304 10 11 0.1358188 
130 382 8 12 0.13563555 
233 294 7 10 0.13360672 
200 413 8 10 0.13293362 
120 338 8 9 0.13230354 
104 312 7 9 0.13021393 
223 311 9 10 0.12737834 
20 275 13 16 0.12569138 
14 392 10 11 0.1245783 
40 254 8 10 0.12408755 
186 365 8 11 0.12019974 
255 328 8 9 0.11965449 
152 287 7 10 0.11902258 
257 377 8 10 0.116744444 
272 361 7 10 0.114290826 
199 408 8 10 0.11411137 
342 301 7 10 0.113976285 
283 376 7 10 0.11307068 
126 305 7 8 0.111938864 
314 336 7 10 0.111556664 
114 264 7 9 0.11002533 
216 317 7 9 0.11001794 
127 370 7 9 0.10944175 
128 373 8 10 0.10901879 
201 374 7 9 0.10849191 
511 360 8 10 0.10587795 
954 302 8 11 0.1058362 
80 206 8 10 0.105488956 
154 222 7 10 0.10512165 
38 190 7 10 0.10483224 
123 303 7 9 0.10418863 
88 364 7 10 0.103712715 
266 309 8 10 0.103005864 
158 301 8 10 0.10141498 
263 279 7 9 0.10091448 
263 349 8 10 0.09811987 
381 351 8 10 0.09794598 
154 345 8 10 0.09752344 
31 262 8 10 0.09715734 
40 333 7 9 0.09685521 
354 279 7 9 0.0966801 
137 213 7 10 0.09609041 
66 276 9 11 0.09500542 
129 253 8 10 0.094766915 
293 326 8 11 0.09318536 
319 277 8 10 0.09307201 
185 310 7 9 0.09275886 
209 301 8 10 0.09220913 
257 352 8 9 0.09196234 
21 283 13 14 0.091286615 
178 298 7 9 0.09061388 
232 345 8 9 0.09008773 
466 368 7 9 0.08941181 
95 289 7 9 0.0893124 
422 309 7 9 0.087813236 
282 287 8 10 0.08655298 
153 253 7 9 0.08520185 
49 206 7 9 0.08404403 
81 230 8 9 0.08343751 
847 316 9 10 0.08251876 
182 303 7 10 0.081984274 
210 297 7 10 0.08139734 
97 225 8 10 0.08038047 
254 335 9 10 0.08026086 
0 332 8 12 0.08005741 
242 351 7 9 0.079972066 
96 230 7 9 0.079543844 
870 352 8 10 0.07869001 
199 303 7 9 0.07864748 
2 199 8 10 0.078363284 
297 341 8 11 0.077240266 
395 310 7 10 0.07711988 
41 224 8 10 0.07619748 
194 372 8 10 0.07605714 
239 412 8 10 0.074868 
114 270 8 10 0.07369508 
68 273 9 10 0.07347734 
118 358 9 10 0.07347702 
136 286 8 10 0.07237337 
201 269 8 11 0.07080608 
57 257 8 9 0.070705496 
57 420 9 11 0.07063775 
137 247 7 9 0.07058682 
193 228 8 10 0.07049647 
145 285 7 10 0.0699782 
327 312 7 9 0.06927418 
113 350 8 9 0.06765413 
169 302 7 9 0.06753124 
176 336 7 10 0.06695311 
239 313 8 9 0.066856876 
158 407 9 12 0.06683972 
120 247 7 10 0.066746645 
86 278 8 10 0.06596471 
343 264 7 9 0.06582452 
249 285 8 10 0.06567205 
46 308 7 10 0.0650515 
191 310 8 10 0.064505264 
183 263 8 9 0.06424281 
73 384 7 9 0.06421741 
114 359 8 11 0.06386698 
319 255 7 9 0.063796066 
214 296 7 10 0.06344985 
128 309 7 10 0.06337447 
71 403 11 14 0.063067794 
370 287 8 10 0.062693655 
335 312 8 10 0.0625925 
153 248 7 10 0.061714713 
865 351 9 11 0.061571218 
399 319 8 10 0.060710162 
434 327 7 9 0.060148004 
161 239 8 10 0.059988078 
120 407 11 12 0.05992388 
29 286 10 13 0.05978853 
329 288 7 9 0.059139848 
281 364 8 11 0.05882403 
134 253 7 10 0.058472164 
129 250 7 9 0.05844245 
321 341 8 10 0.05833575 
474 385 7 9 0.05753328 
6 241 8 11 0.05747878 
192 317 7 9 0.05724161 
234 318 7 9 0.05723267 
870 421 8 9 0.057230372 
96 305 7 10 0.056887485 
201 264 8 9 0.05660614 
178 287 7 9 0.05597309 
216 278 8 9 0.055924263 
224 305 8 9 0.055818792 
302 341 8 10 0.05577797 
185 269 7 9 0.055322886 
81 364 8 10 0.05467033 
248 353 7 9 0.05418205 
214 367 8 10 0.05373521 
105 316 7 10 0.05342241 
31 241 7 10 0.05329181 
279 361 8 10 0.05321963 
167 337 7 10 0.0530137 
91 381 7 9 0.052536875 
233 349 8 9 0.052322507 
177 343 7 9 0.052291222 
163 316 7 10 0.05217364 
113 334 7 10 0.051611423 
83 361 8 9 0.051512647 
408 347 8 10 0.051448356 
383 310 8 10 0.051426694 
903 389 10 11 0.051277522 
543 349 8 10 0.05127373 
121 390 8 10 0.05127031 
473 389 8 10 0.051239785 
212 422 9 10 0.050880067 
265 345 8 10 0.050571926 
312 327 7 9 0.05037569 
32 294 9 11 0.05021291 
222 316 9 11 0.049858566 
334 360 8 10 0.049806215 
81 226 7 9 0.049718846 
862 373 7 10 0.04969902 
183 287 7 8 0.049140625 
222 238 8 10 0.04906552 
199 288 7 9 0.04848861 
206 373 8 10 0.047892135 
258 257 7 9 0.04766448 
69 182 8 10 0.04712089 
20 247 7 9 0.047082093 
1 279 8 12 0.04697112 
257 343 7 9 0.04675265 
61 417 9 10 0.046653986 
80 201 7 9 0.04652142 
214 329 8 10 0.046300042 
213 411 11 13 0.046070985 
112 345 8 10 0.045961086 
198 229 7 9 0.045907717 
121 255 8 9 0.045492202 
265 305 8 10 0.04543627 
265 365 8 10 0.045360383 
265 360 8 10 0.045332406 
113 329 7 9 0.04533033 
57 224 7 9 0.04532159 
215 252 9 10 0.045159712 
859 374 7 10 0.04512317 
306 295 7 9 0.045067135 
327 335 7 10 0.04491468 
95 269 9 11 0.044912044 
288 270 8 10 0.044655453 
241 277 7 10 0.04439325 
392 353 7 9 0.04415383 
49 335 7 10 0.04412808 
125 359 8 9 0.044071935 
394 319 7 10 0.04402603 
81 273 9 10 0.043991067 
133 375 8 10 0.043686457 
313 341 7 10 0.043526433 
175 382 8 11 0.043508053 
222 278 8 10 0.043442734 
379 366 7 9 0.042853095 
29 173 8 10 0.042759597 
118 353 8 9 0.042529486 
231 328 8 9 0.042354885 
203 317 7 10 0.04228711 
49 176 8 9 0.042278986 
382 367 8 10 0.042154487 
286 368 9 11 0.042103894 
274 296 7 9 0.04182598 
441 321 7 9 0.041580103 
66 214 7 9 0.041541368 
105 207 7 9 0.04150759 
497 398 9 12 0.04141508 
440 325 7 9 0.041190367 
169 400 8 10 0.04116855 
879 396 7 9 0.040892966 
322 311 8 9 0.04085209 
47 230 7 9 0.04083084 
134 406 8 10 0.040708013 
136 302 7 9 0.040374655 
207 341 7 9 0.04019936 
258 279 7 9 0.040063895 
118 263 8 10 0.04001999 
215 301 7 10 0.039992586 
86 416 8 10 0.039605934 
194 304 8 10 0.039546605 
872 445 9 11 0.039451517 
142 281 9 10 0.039419368 
240 274 7 9 0.03939628 
173 319 9 10 0.03936746 
138 281 8 10 0.0392969 
902 210 22 25 0.039267458 
405 361 10 12 0.03909514 
120 366 8 10 0.03898541 
448 321 7 9 0.038823437 
232 313 7 9 0.038772773 
80 414 9 11 0.03876654 
7 276 10 13 0.038676973 
23 291 10 12 0.03840816 
121 269 7 10 0.038249355 
33 198 7 10 0.038216162 
33 257 8 10 0.038176384 
136 416 7 11 0.038156778 
136 242 7 9 0.038130265 
88 208 7 9 0.03807964 
6 154 11 13 0.0380291 
322 304 7 9 0.037965402 
188 350 8 11 0.037894234 
69 304 9 11 0.037796162 
334 287 7 9 0.037708633 
87 351 7 10 0.03767061 
73 224 6 9 0.037630387 
80 392 8 9 0.037563775 
258 320 8 10 0.0375516 
41 229 8 10 0.037548225 
326 342 7 9 0.037545256 
183 374 7 10 0.037487853 
72 215 6 8 0.037487686 
136 296 8 10 0.037423335 
329 359 8 11 0.03736443 
97 264 8 11 0.037315685 
144 246 7 10 0.03730699 
263 256 7 9 0.03723073 
310 294 7 9 0.037175506 
247 374 8 10 0.037130557 
32 366 7 10 0.037040226 
124 337 8 10 0.03699756 
96 214 7 10 0.03691929 
127 388 9 11 0.036882464 
49 242 7 8 0.03687655 
269 345 9 11 0.03675449 
298 272 8 10 0.03663288 
871 383 7 9 0.036456514 
130 229 7 9 0.03643302 
160 246 7 10 0.03626423 
124 411 10 12 0.03625098 
48 343 7 10 0.036236722 
127 399 8 10 0.03618713 
528 394 11 14 0.036157124 
79 398 9 10 0.036089916 
69 412 11 12 0.036069732 
138 421 7 10 0.035908896 
246 368 8 11 0.03578994 
385 318 8 10 0.035743028 
1 240 8 11 0.035530616 
33 300 8 10 0.035500377 
73 310 8 9 0.035466935 
80 249 8 8 0.03546202 
355 319 8 10 0.03534003 
96 199 7 9 0.0352876 
147 296 7 10 0.03523773 
254 262 9 9 0.035153717 
136 351 9 11 0.035138577 
401 289 7 9 0.034970377 
72 367 8 10 0.0349667 
104 262 7 10 0.0349173 
392 325 8 10 0.03486154 
168 238 7 9 0.03481749 
15 271 12 16 0.03477886 
385 357 8 10 0.034593575 
879 341 9 11 0.0344345 
241 237 8 10 0.034210335 
204 335 6 10 0.0342055 
113 277 7 10 0.03408945 
864 357 8 10 0.033982653 
145 384 8 10 0.03392924 
209 329 8 11 0.033927772 
132 319 9 12 0.033818346 
167 234 7 8 0.03379399 
426 325 7 9 0.033626623 
84 260 8 10 0.033576258 
879 465 14 17 0.033557676 
121 297 7 9 0.033556435 
74 348 8 10 0.033454534 
123 372 9 11 0.03334009 
256 272 7 9 0.033227626 
207 270 8 10 0.033088923 
25 223 8 9 0.033060186 
202 342 7 9 0.033014346 
216 274 7 9 0.032896552 
25 173 7 10 0.032875143 
153 239 7 10 0.032815736 
367 342 9 11 0.03270133 
82 420 8 10 0.03247502 
114 217 7 8 0.032301318 
136 326 8 11 0.032286134 
343 297 7 9 0.032227084 
183 346 8 9 0.0321179 
153 218 7 9 0.03202086 
87 231 7 8 0.031958472 
167 415 9 11 0.03185081 
33 328 9 10 0.031737316 
260 380 8 10 0.031714655 
423 306 7 9 0.0316862 
335 365 8 10 0.031622373 
55 398 8 10 0.03161163 
179 376 7 9 0.031610467 
120 241 7 9 0.03155438 
230 335 8 10 0.0315153 
0 230 7 10 0.031508952 
226 359 8 9 0.031472687 
81 157 8 11 0.031461913 
270 303 8 10 0.031409953 
89 309 7 10 0.03135916 
65 209 7 9 0.031261526 
250 337 8 9 0.031052107 
533 382 7 9 0.03105053 
278 294 7 10 0.030824345 
184 215 7 10 0.030782135 
327 352 8 10 0.030746164 
320 329 7 9 0.03073781 
199 240 7 9 0.030732034 
73 389 7 9 0.030698298 
310 289 8 10 0.030631112 
517 359 9 11 0.030556401 
449 326 7 10 0.0304768 
218 288 8 9 0.030423118 
128 296 7 8 0.030354757 
208 415 9 12 0.030314637 
352 313 7 9 0.030243734 
78 383 8 10 0.030195465 
72 376 7 9 0.030191641 
57 311 8 10 0.03010269 
872 341 8 11 0.030054169 
192 272 7 10 0.030028582 
55 404 9 12 0.029964933 
57 215 6 9 0.029887706 
17 194 8 10 0.029840715 
159 254 8 10 0.02960496 
17 224 8 10 0.029598832 
47 414 8 11 0.029580243 
176 240 7 9 0.029563546 
90 213 8 10 0.029292852 
256 357 8 9 0.029276652 
27 277 12 14 0.029267702 
86 397 8 10 0.029228332 
39 261 8 10 0.02920432 
105 389 7 9 0.029159507 
233 247 7 9 0.029151365 
45 354 9 12 0.02915135 
47 398 8 11 0.029132854 
195 278 6 9 0.029054686 
344 269 8 10 0.028878542 
127 276 9 10 0.028862143 
376 346 9 12 0.02883104 
328 317 7 10 0.02881465 
111 416 9 12 0.02880492 
210 278 7 10 0.02871056 
46 224 8 10 0.028688444 
175 327 8 9 0.02866676 
136 356 9 12 0.028661285 
112 401 7 9 0.028646288 
40 416 9 11 0.028605556 
199 277 8 10 0.02857917 
883 364 8 10 0.028519662 
507 382 7 10 0.028386595 
447 382 8 10 0.028304713 
65 224 7 8 0.028295033 
210 368 8 10 0.028148923 
447 376 8 10 0.028141903 
18 390 11 13 0.028064292 
165 422 10 11 0.028055605 
295 375 7 10 0.028046438 
243 374 8 10 0.028039021 
359 366 8 9 0.028023284 
37 296 8 10 0.027895324 
472 320 7 9 0.027868457 
505 376 7 10 0.027804606 
217 312 8 10 0.02762673 
42 398 8 10 0.027577007 
122 384 9 11 0.027524004 
203 383 9 11 0.027510274 
64 405 11 14 0.027423559 
178 270 6 8 0.027422749 
137 342 8 11 0.027322719 
179 357 8 11 0.027225144 
133 310 8 10 0.027192337 
135 224 7 10 0.027167784 
120 229 7 9 0.027162073 
120 400 9 10 0.027073788 
123 309 7 9 0.026898438 
63 392 7 8 0.026879318 
50 183 7 9 0.026867349 
242 359 7 9 0.026836159 
182 297 8 9 0.026704209 
169 254 9 10 0.026673328 
220 432 10 11 0.026336864 
89 247 8 9 0.026278475 
128 184 8 10 0.026177235 
63 297 10 13 0.026095916 
878 335 9 12 0.026059052 
223 273 7 9 0.026042482 
84 343 8 11 0.025913369 
249 342 8 9 0.025897197 
328 380 8 11 0.025890423 
522 329 7 9 0.025853397 
434 391 7 10 0.025786266 
349 343 8 11 0.025778813 
112 189 7 10 0.025710989 
161 401 7 9 0.02566192 
247 394 8 12 0.02559721 
134 229 7 9 0.025581654 
195 287 7 9 0.025560783 
94 389 8 9 0.025387576 
130 240 7 9 0.02524828 
109 312 7 9 0.025213497 
529 351 7 10 0.025089694 
150 327 8 10 0.025085196 
86 274 8 9 0.025018746 
231 360 7 8 0.024927318 
327 294 7 9 0.024920423 
172 388 9 12 0.024900911 
418 374 9 11 0.024891358 
407 330 8 10 0.024832327 
390 356 7 10 0.024790343 
391 336 8 10 0.024762888 
246 302 7 9 0.02475391 
162 383 8 11 0.02473713 
352 274 7 9 0.024660194 
558 346 13 18 0.02464104 
32 319 8 10 0.024604104 
198 370 7 9 0.02460163 
104 289 7 9 0.024591336 
430 382 9 11 0.024575569 
311 391 9 11 0.024569176 
89 293 8 10 0.024565477 
39 302 7 10 0.024541186 
205 265 8 9 0.024507249 
169 296 7 9 0.024502482 
326 279 7 10 0.024484621 
106 405 8 10 0.02446868 
114 246 8 10 0.0244611 
916 314 13 15 0.02442658 
55 208 7 9 0.024382614 
103 384 7 9 0.024358105 
279 317 7 9 0.024311522 
313 303 7 9 0.024267785 
975 328 8 10 0.024185624 
144 349 9 11 0.02411166 
90 287 8 10 0.024087263 
328 330 7 9 0.024054052 
523 334 7 10 0.023976548 
369 336 7 9 0.02396519 
178 264 7 9 0.023934893 
352 423 10 13 0.023926986 
199 296 7 9 0.023878224 
48 329 7 9 0.0238501 
876 397 7 9 0.023833076 
315 278 7 10 0.023769965 
438 397 7 10 0.02370753 
141 358 9 11 0.02364072 
18 175 7 10 0.0236371 
48 202 7 8 0.023566287 
234 277 8 10 0.023522213 
210 399 10 12 0.02349188 
95 255 8 10 0.023376567 
249 325 8 10 0.023369387 
279 301 8 10 0.023354337 
951 365 11 14 0.023316083 
286 360 8 11 0.0233003 
188 359 8 11 0.023276007 
243 303 7 9 0.023200003 
94 247 7 10 0.023186544 
400 350 7 9 0.023153834 
120 224 6 9 0.023087844 
112 386 7 9 0.023047045 
154 336 7 10 0.023038762 
857 394 8 10 0.023008885 
456 392 7 10 0.022981465 
440 352 8 10 0.022941386 
878 327 9 11 0.022924174 
229 302 8 9 0.022897575 
274 316 7 9 0.022889543 
95 336 8 11 0.022851892 
294 311 9 10 0.022843601 
66 385 7 9 0.022832468 
262 334 8 10 0.022818707 
85 421 8 11 0.022807354 
265 393 8 9 0.022761688 
159 289 8 9 0.02275939 
310 320 8 10 0.022754306 
464 373 7 9 0.022737741 
197 225 8 10 0.022708887 
224 372 8 10 0.02269431 
119 216 6 8 0.022641089 
227 342 8 11 0.02262725 
258 369 7 9 0.022535214 
375 380 10 12 0.022525523 
24 229 8 10 0.022481613 
433 321 7 9 0.022467403 
101 293 8 10 0.022455893 
408 278 7 9 0.022395784 
153 358 7 9 0.022356033 
53 335 8 11 0.022342138 
97 207 7 9 0.02233604 
298 276 9 12 0.022257958 
150 385 8 10 0.022250798 
25 169 7 9 0.022167742 
145 241 7 9 0.02216766 
410 304 7 10 0.022145364 
863 317 8 10 0.022086868 
855 316 7 11 0.02205124 
544 357 8 11 0.022034664 
262 318 7 9 0.022027541 
377 304 7 9 0.022011377 
315 272 7 10 0.022001576 
866 383 7 10 0.02196409 
140 422 8 11 0.021946188 
273 376 7 9 0.021929229 
304 325 9 11 0.021929143 
383 346 7 10 0.021927003 
887 397 7 9 0.02192157 
203 312 7 9 0.021845369 
927 396 9 12 0.021831378 
279 313 7 10 0.021828119 
36 318 9 10 0.021743182 
280 253 7 9 0.021740193 
378 309 8 10 0.021738835 
912 421 9 11 0.02166308 
873 335 9 12 0.021582957 
297 297 6 8 0.021567876 
239 346 7 9 0.021535847 
328 375 8 11 0.021438163 
295 302 8 10 0.021401621 
922 389 11 12 0.021358458 
74 208 7 9 0.02135215 
87 391 8 10 0.021296138 
195 295 7 10 0.021286726 
457 344 8 9 0.021273507 
169 289 7 9 0.021261407 
418 349 8 11 0.02125463 
156 348 8 11 0.0212512 
150 319 8 10 0.021243045 
39 365 8 10 0.021218464 
62 430 10 13 0.021207893 
21 397 10 13 0.021188632 
289 303 8 9 0.02116217 
90 240 7 9 0.021099847 
903 352 7 9 0.021099461 
368 293 8 10 0.021085024 
497 352 7 9 0.021067757 
73 230 7 9 0.021058457 
82 191 6 9 0.021048412 
322 350 8 10 0.021048063 
100 374 9 11 0.021036213 
417 306 7 9 0.020997865 
193 406 7 9 0.020967485 
65 199 7 9 0.02095885 
102 305 7 9 0.020928703 
231 385 9 11 0.020885153 
233 262 7 9 0.020821702 
113 240 7 9 0.02069804 
0 343 8 12 0.020603215 
177 282 7 8 0.020578701 
80 286 8 10 0.020558348 
382 304 8 10 0.02053759 
925 331 11 13 0.020403998 
65 241 7 9 0.020393172 
223 287 7 10 0.020382788 
62 247 8 9 0.02034766 
8 398 8 10 0.020207666 
254 285 7 9 0.020202216 
912 310 11 13 0.020071002 
272 240 7 9 0.020061068 
232 413 8 10 0.020036107 
93 429 14 17 0.020035112 
457 350 7 9 0.020033479 
