35_Basketball_playingbasketball_35_795
301
52 269 67 92 0.9974533 
221 73 24 30 0.9948613 
83 36 24 31 0.9947825 
485 497 14 20 0.9910019 
558 58 41 55 0.9793158 
845 83 45 56 0.9747318 
971 76 18 26 0.9679828 
912 436 22 34 0.96727633 
950 26 21 28 0.9665287 
39 14 10 13 0.95379317 
136 111 21 27 0.9414267 
608 518 13 16 0.93970937 
642 16 14 20 0.9299284 
851 594 11 15 0.9254553 
772 7 16 23 0.87366647 
196 128 12 17 0.8116348 
10 454 25 29 0.7796785 
783 517 8 10 0.6842962 
595 29 12 15 0.64869916 
382 72 8 11 0.58210105 
1001 98 17 25 0.57656044 
725 548 9 14 0.56740767 
391 7 13 15 0.51563257 
519 505 15 18 0.5035458 
331 3 13 15 0.49816296 
476 113 14 21 0.49200338 
572 554 11 14 0.45570013 
355 4 11 13 0.40947166 
743 549 8 10 0.39383304 
589 510 9 11 0.3671726 
520 466 11 14 0.32452065 
39 384 43 42 0.30439037 
784 551 7 10 0.3001868 
878 583 8 9 0.28149855 
663 549 8 11 0.2548814 
395 48 8 10 0.23530726 
695 541 10 15 0.22280751 
362 84 8 10 0.22103362 
452 181 12 16 0.21989387 
725 519 7 10 0.20221761 
629 580 9 11 0.19622868 
436 518 11 15 0.17813805 
681 561 9 11 0.16756673 
791 518 7 9 0.14566949 
816 63 25 32 0.13289738 
839 2 14 15 0.13266367 
770 536 9 11 0.12934275 
750 526 8 9 0.12693417 
751 567 8 10 0.123616084 
345 81 8 10 0.12212436 
620 503 10 11 0.11762506 
688 548 9 12 0.115034945 
713 526 9 10 0.114843436 
825 520 8 10 0.11009307 
736 560 10 13 0.10265061 
296 5 12 13 0.10142806 
279 30 11 15 0.09924377 
865 32 25 27 0.09531119 
774 568 8 10 0.087583885 
822 60 15 19 0.086941056 
249 77 12 16 0.086271815 
694 429 8 11 0.08534225 
679 536 10 11 0.08418965 
695 570 11 15 0.08289688 
807 468 12 16 0.08189083 
794 543 8 9 0.08141503 
330 110 13 15 0.07748086 
631 485 8 10 0.07725874 
797 543 8 10 0.074837364 
621 508 10 11 0.07463329 
351 80 8 10 0.07184419 
700 547 10 15 0.07093072 
328 37 9 10 0.07036481 
317 94 9 12 0.06872965 
730 485 7 9 0.066329114 
936 570 10 12 0.06632605 
644 499 10 12 0.06284477 
774 575 7 9 0.061634265 
608 547 10 13 0.06045311 
741 15 15 19 0.059499 
155 95 16 20 0.05923395 
779 551 7 10 0.05897875 
825 558 8 10 0.056934193 
607 556 13 19 0.056475982 
825 66 26 38 0.05573107 
369 65 7 9 0.055558927 
713 485 7 9 0.055168733 
509 461 11 14 0.055100337 
836 37 21 28 0.053161006 
365 35 9 12 0.053001996 
595 530 11 14 0.052658264 
353 70 8 10 0.052393522 
751 481 7 9 0.052288696 
846 451 12 17 0.051082492 
877 186 50 53 0.04988781 
439 547 11 13 0.04970095 
785 479 8 10 0.048881985 
589 579 10 12 0.04854177 
761 423 10 11 0.04770766 
735 481 7 9 0.04711509 
611 550 11 14 0.046430986 
928 347 16 19 0.046234336 
335 37 8 11 0.0458641 
369 69 9 10 0.045465644 
438 86 9 12 0.04539252 
712 425 8 9 0.044973202 
742 563 9 13 0.044438805 
655 485 8 10 0.04386828 
741 558 9 12 0.043208934 
746 486 7 8 0.043073736 
752 535 9 10 0.04138196 
351 140 13 16 0.04088082 
599 500 9 11 0.040299032 
608 485 8 10 0.039743938 
690 425 8 9 0.03960257 
734 424 9 11 0.039157778 
591 505 9 11 0.038978793 
337 68 7 10 0.038676973 
771 567 8 10 0.038594496 
761 519 7 10 0.038514476 
745 496 7 9 0.037977003 
797 518 7 9 0.037745256 
785 471 9 10 0.037569873 
597 42 15 19 0.03751927 
409 79 9 11 0.037033476 
659 549 8 11 0.036865447 
55 68 10 13 0.036801394 
839 76 27 39 0.0367251 
689 496 8 10 0.036418036 
746 481 7 9 0.036187936 
1000 450 16 19 0.03611823 
685 525 8 11 0.035960503 
351 136 10 13 0.03576105 
825 553 8 10 0.03546929 
734 429 10 13 0.035216607 
858 1 17 16 0.035041027 
704 485 7 9 0.034924287 
581 565 9 12 0.034675196 
22 59 15 18 0.0344063 
532 507 11 15 0.034377504 
630 432 8 10 0.03425348 
378 77 8 10 0.034012064 
727 555 10 13 0.033973467 
827 70 16 23 0.033926822 
649 424 8 9 0.033922974 
998 103 24 44 0.03374857 
791 551 8 10 0.03370556 
917 133 27 34 0.033683028 
618 497 7 9 0.033636548 
761 551 7 9 0.033086542 
557 508 14 17 0.03296206 
720 484 7 10 0.032937992 
743 431 9 12 0.032764252 
682 521 8 10 0.032693863 
444 570 13 16 0.03268803 
350 52 9 10 0.032557122 
636 596 9 12 0.03247402 
625 485 9 11 0.032115113 
829 519 9 11 0.031647835 
655 430 7 10 0.031628843 
743 511 8 9 0.03140389 
602 439 7 10 0.03139554 
789 8 15 21 0.031395406 
356 119 11 14 0.031281326 
321 40 8 10 0.031221835 
752 496 7 9 0.031118717 
352 48 8 10 0.030897567 
793 537 7 9 0.030483497 
862 43 27 27 0.030460667 
720 542 12 18 0.030381512 
789 478 9 11 0.030116698 
672 424 7 9 0.030021477 
377 89 9 11 0.030015523 
752 560 7 10 0.029927004 
404 393 22 31 0.029836342 
883 583 10 12 0.029633604 
737 497 7 9 0.029209185 
919 298 17 20 0.029069526 
449 159 11 13 0.029065017 
713 430 9 11 0.028951256 
625 424 8 9 0.028789973 
303 15 9 11 0.028756805 
998 424 9 10 0.028693281 
7 88 11 15 0.0283638 
574 543 12 15 0.028098088 
790 439 8 9 0.028035639 
745 521 8 9 0.02796981 
775 560 7 9 0.027942182 
343 101 7 9 0.02791415 
966 431 24 33 0.02791207 
13 69 10 13 0.027759826 
761 495 7 9 0.027665101 
334 102 10 12 0.027580148 
678 572 10 13 0.02748754 
351 65 9 10 0.02745183 
696 485 7 9 0.027064009 
782 525 9 10 0.026998546 
833 88 28 41 0.026929354 
879 584 11 15 0.026902005 
671 485 8 10 0.026745476 
527 485 9 13 0.02669532 
708 469 10 11 0.026577653 
869 625 12 14 0.026465468 
399 51 8 11 0.02644361 
732 55 24 32 0.026349261 
686 534 10 13 0.026193762 
724 576 14 18 0.025999393 
360 45 8 10 0.025936803 
359 124 10 13 0.025737964 
549 505 15 17 0.025710132 
812 64 18 22 0.025656031 
783 496 7 9 0.025564143 
493 570 11 13 0.025406862 
751 542 8 10 0.025231762 
593 494 8 11 0.02513377 
655 424 7 8 0.025016828 
511 498 13 17 0.024989141 
385 7 10 13 0.024983484 
713 497 7 9 0.02495658 
410 87 8 9 0.02491515 
1008 429 10 14 0.024830988 
689 486 7 9 0.024751052 
896 627 14 17 0.024682257 
333 95 10 12 0.024671655 
296 13 11 12 0.024555739 
787 439 7 9 0.02450944 
769 550 7 9 0.024442766 
770 561 8 9 0.024399564 
625 576 10 13 0.024395475 
670 496 9 11 0.02439448 
600 584 8 11 0.024266759 
841 445 21 30 0.02407686 
31 31 8 10 0.023917 
566 541 11 13 0.023905324 
786 465 8 9 0.023848247 
694 496 8 10 0.0238054 
621 496 9 9 0.023801059 
852 442 14 21 0.023800138 
339 4 12 14 0.023725446 
455 177 10 13 0.023697365 
807 500 9 11 0.02369369 
331 229 31 44 0.023625536 
396 134 11 15 0.023583852 
792 431 8 10 0.023416435 
606 502 8 10 0.02333016 
760 512 7 9 0.023320245 
751 485 7 9 0.02323277 
751 522 7 9 0.0231783 
314 41 8 9 0.023162393 
669 551 8 11 0.023094352 
1001 124 21 35 0.02300254 
623 515 11 14 0.022906153 
607 570 11 14 0.022710761 
630 438 9 12 0.022692375 
810 462 13 17 0.022607269 
672 573 8 11 0.022578629 
362 32 10 11 0.022300143 
869 444 14 19 0.02224399 
853 435 13 18 0.022220772 
358 10 9 12 0.02219324 
846 615 8 11 0.022144543 
653 443 9 12 0.021823173 
638 484 8 10 0.021789555 
631 424 7 9 0.021762455 
762 470 7 9 0.021744901 
738 549 9 11 0.021528378 
406 54 8 10 0.021516507 
320 31 9 12 0.0214945 
779 495 7 9 0.02143499 
427 538 11 14 0.021339426 
674 536 9 11 0.021329928 
319 60 9 10 0.021271858 
823 511 10 12 0.021252092 
770 591 8 11 0.021242227 
701 520 8 10 0.02115602 
576 566 10 13 0.021152651 
845 493 12 15 0.021141803 
784 534 7 10 0.0210477 
321 44 9 11 0.021041766 
762 481 7 8 0.021033635 
848 437 11 16 0.021016559 
729 430 11 13 0.020962626 
783 486 8 9 0.020943737 
799 429 8 11 0.020942193 
877 594 15 19 0.020939995 
326 55 9 12 0.020902328 
443 544 11 13 0.020764388 
677 443 9 12 0.020755252 
841 614 9 11 0.020750104 
778 487 7 9 0.020718675 
774 580 8 11 0.020718066 
376 22 8 10 0.020694077 
356 133 11 12 0.020540526 
624 480 8 10 0.020536324 
653 597 10 12 0.02045794 
566 491 9 12 0.020408643 
789 464 9 10 0.020400472 
753 510 7 9 0.020260254 
328 100 13 13 0.02024869 
885 213 41 40 0.020138904 
767 486 7 9 0.020104557 
