35_Basketball_playingbasketball_35_417
35
368 17 46 53 0.9963575 
285 256 30 48 0.98721945 
214 248 28 50 0.9809825 
962 52 29 41 0.9752338 
184 50 23 29 0.973215 
887 163 29 33 0.9728104 
356 240 29 46 0.9637073 
245 57 25 31 0.9402686 
308 55 32 37 0.9086396 
741 89 31 35 0.874068 
51 64 28 36 0.83746994 
918 113 28 33 0.6223571 
527 41 27 28 0.41529077 
224 132 33 38 0.3439647 
52 197 26 31 0.31450215 
165 70 21 28 0.17661838 
117 127 19 23 0.16543286 
845 47 23 28 0.14262791 
601 59 20 29 0.14146306 
439 40 40 49 0.08181021 
631 51 18 23 0.07190625 
112 164 19 23 0.047375377 
58 129 24 30 0.04166093 
608 0 17 17 0.040104408 
617 89 18 22 0.038788985 
960 159 29 30 0.037677575 
444 33 26 38 0.035100993 
36 132 20 30 0.03491037 
106 164 38 47 0.033535086 
84 226 38 39 0.031021284 
994 124 30 41 0.026582606 
884 178 28 34 0.025018273 
900 97 43 52 0.02388737 
956 307 20 29 0.022120109 
50 209 22 26 0.020666674 
