35_Basketball_basketballgame_ball_35_178
140
838 188 28 37 0.99587953 
196 470 21 27 0.987523 
85 394 26 33 0.98365504 
454 382 30 33 0.9736485 
305 486 16 22 0.8605418 
581 239 14 16 0.748311 
556 440 41 47 0.52879286 
29 656 9 11 0.43381697 
588 271 17 23 0.37454167 
842 670 8 10 0.27532363 
56 661 7 9 0.18534844 
514 250 14 17 0.15860325 
576 265 25 28 0.14899592 
947 663 7 10 0.14414524 
931 669 7 10 0.13913791 
958 648 8 10 0.11911773 
815 688 9 11 0.11568684 
126 486 12 16 0.106978886 
13 660 8 11 0.10584042 
23 673 8 10 0.1039648 
628 227 12 15 0.096004695 
398 431 7 10 0.09592706 
920 656 8 11 0.092242904 
43 665 7 9 0.08150126 
794 687 8 11 0.07973473 
861 654 8 10 0.07683747 
263 508 12 14 0.07413797 
920 662 8 10 0.073656924 
109 668 9 12 0.071930364 
404 233 11 15 0.06461555 
378 425 7 10 0.062143844 
913 670 8 10 0.061327368 
16 676 7 10 0.059861023 
807 648 7 9 0.057396386 
786 657 6 9 0.05601646 
872 678 7 9 0.05592494 
317 582 11 15 0.054642446 
571 267 16 20 0.05445316 
48 663 7 10 0.048083086 
826 646 6 9 0.04795766 
79 664 8 10 0.047695346 
897 672 7 9 0.04654856 
903 672 7 10 0.046050597 
831 679 7 9 0.04585214 
262 493 10 12 0.044217713 
73 689 7 10 0.043343667 
432 238 36 25 0.04250624 
376 428 7 10 0.04088157 
873 672 7 10 0.04087657 
857 674 7 9 0.04045658 
879 694 7 9 0.04025927 
68 52 103 155 0.04014459 
890 686 8 10 0.039987072 
65 662 6 9 0.039588146 
927 680 7 9 0.039053153 
136 693 8 11 0.038703255 
426 674 7 8 0.037612483 
691 387 26 27 0.037543137 
121 674 8 9 0.03752395 
72 663 8 10 0.03475714 
648 689 8 9 0.034470227 
903 631 7 10 0.033787526 
1007 637 8 9 0.033507206 
991 647 8 8 0.033394802 
922 681 7 9 0.032927398 
762 678 8 10 0.03285525 
456 398 24 28 0.032850515 
824 665 7 9 0.03284765 
5 28 103 152 0.03278019 
917 670 7 10 0.032713417 
893 648 9 11 0.032356463 
833 640 7 8 0.03227985 
880 673 7 9 0.032212216 
8 670 8 12 0.032187205 
810 671 7 9 0.03181633 
785 661 7 9 0.03170911 
559 652 8 9 0.030314537 
137 689 8 10 0.030154495 
632 694 8 9 0.02986657 
142 687 8 10 0.029715339 
402 674 8 9 0.029678898 
778 658 6 8 0.029609146 
792 655 6 9 0.029393937 
803 648 7 8 0.028723843 
927 638 8 9 0.028422132 
934 666 7 9 0.028300932 
541 703 7 9 0.028172666 
307 19 169 187 0.028076123 
319 88 61 94 0.028058385 
761 632 6 8 0.02762377 
738 638 7 9 0.027341023 
730 656 7 8 0.027315328 
768 646 7 9 0.027083034 
381 430 8 10 0.026766859 
434 688 7 9 0.026479809 
858 663 7 9 0.026407234 
578 262 16 18 0.026122373 
111 685 8 10 0.025949292 
393 701 6 9 0.025667286 
974 649 8 9 0.025565472 
736 649 6 8 0.025488708 
79 647 8 9 0.024974246 
679 669 8 10 0.024840863 
800 679 7 9 0.024624161 
79 655 8 10 0.024427155 
528 376 31 38 0.024302697 
386 670 7 10 0.02428136 
504 369 29 35 0.024257954 
551 55 8 9 0.024002785 
648 695 7 8 0.023981871 
8 657 9 11 0.023741549 
744 662 7 8 0.023668736 
562 694 7 8 0.023624513 
78 669 9 10 0.023370015 
617 694 8 9 0.023205245 
895 679 8 10 0.022873906 
547 679 7 10 0.022353832 
839 639 7 9 0.022163996 
742 638 7 9 0.022137152 
873 630 7 9 0.022112956 
735 655 7 8 0.021969967 
809 653 7 9 0.021928016 
577 670 6 8 0.021799192 
462 215 20 31 0.021645151 
72 656 8 10 0.021536706 
927 685 7 9 0.02151984 
745 657 6 8 0.0214982 
871 688 8 9 0.02131614 
534 567 9 11 0.021134743 
962 664 7 9 0.021121535 
571 43 127 130 0.02099172 
369 696 6 8 0.020844847 
542 662 7 10 0.020659627 
831 647 6 8 0.020438125 
801 654 7 9 0.02028667 
815 665 8 9 0.020226719 
626 650 7 9 0.020201467 
121 663 8 9 0.020146929 
946 668 7 10 0.020092199 
971 648 7 9 0.02002242 
