35_Basketball_Basketball_35_635
25
544 289 30 39 0.9993463 
597 263 31 40 0.9991881 
422 317 28 38 0.99899405 
358 332 29 34 0.99892175 
510 477 29 33 0.99892163 
620 303 35 41 0.9988953 
814 302 33 40 0.998642 
282 309 30 36 0.9982241 
458 277 28 33 0.9980926 
484 322 28 36 0.9979042 
448 418 31 39 0.9977252 
370 413 26 33 0.9973449 
211 317 26 31 0.9971631 
277 274 27 34 0.99712026 
313 452 25 36 0.99656737 
753 313 33 41 0.99608153 
699 341 29 37 0.9959716 
569 450 31 35 0.9938559 
82 322 13 16 0.11859608 
216 393 18 20 0.07511456 
240 321 18 21 0.059036408 
338 326 20 21 0.05470457 
844 294 19 29 0.05329013 
76 345 19 22 0.03899949 
215 293 15 17 0.020465076 
