35_Basketball_basketballgame_ball_35_290
504
907 136 33 41 0.9990263 
639 118 35 48 0.9955941 
472 179 36 47 0.99428433 
410 255 44 53 0.9921868 
32 267 10 12 0.91869956 
59 204 17 23 0.9090459 
8 269 11 14 0.8877235 
3 314 13 16 0.85372275 
143 328 11 14 0.8506816 
137 301 11 14 0.73703337 
5 240 11 13 0.6267726 
199 261 11 15 0.60426086 
34 232 9 12 0.5408795 
152 309 10 13 0.50756586 
4 224 9 11 0.41139123 
268 291 11 13 0.3892926 
207 238 8 10 0.36604792 
182 236 8 10 0.3606181 
111 237 13 16 0.35758334 
52 282 10 13 0.35365108 
261 260 9 11 0.32167885 
164 248 10 12 0.30699384 
184 252 9 10 0.3053027 
578 331 9 12 0.28007862 
157 231 9 10 0.27648738 
103 212 8 10 0.27635852 
160 145 7 10 0.27351537 
111 229 8 10 0.26409552 
144 261 10 12 0.26318228 
221 287 9 11 0.25980192 
55 156 7 10 0.25646546 
112 153 8 10 0.23179735 
218 256 8 10 0.22942206 
60 234 10 14 0.21587023 
129 208 8 10 0.21573365 
1 238 9 13 0.21152246 
461 322 11 12 0.20224889 
207 166 8 10 0.19161199 
88 196 8 10 0.18416965 
150 240 9 11 0.17788146 
38 158 8 9 0.1769884 
200 254 9 11 0.17639124 
288 238 7 10 0.16830312 
196 223 8 10 0.16363849 
221 199 8 10 0.16099729 
74 134 7 9 0.15694097 
58 135 7 9 0.15019934 
184 267 10 13 0.14676626 
46 330 10 13 0.14627731 
96 197 7 9 0.13126168 
223 255 8 10 0.1297716 
103 142 7 10 0.12969221 
222 165 7 10 0.12588973 
107 183 8 10 0.12559836 
162 294 9 12 0.12417226 
240 278 8 11 0.1224056 
198 248 8 10 0.120486625 
279 231 7 9 0.119482495 
173 264 10 12 0.11914436 
254 207 7 10 0.118921794 
222 161 7 9 0.113895044 
151 160 7 8 0.112241685 
166 177 8 9 0.11165351 
450 213 8 9 0.11140016 
766 231 14 18 0.111244924 
13 206 10 13 0.11097682 
559 194 9 12 0.1101812 
241 169 7 10 0.10988443 
203 239 8 10 0.10810351 
182 192 8 10 0.1077219 
49 127 7 9 0.10700957 
82 112 7 8 0.10518733 
1 228 9 12 0.10503212 
7 263 12 14 0.10457536 
161 299 10 14 0.1039622 
115 240 13 17 0.10377776 
885 334 8 10 0.1036251 
254 215 8 9 0.10355893 
152 174 7 10 0.10334264 
145 144 7 9 0.10326788 
40 153 7 9 0.10023258 
121 277 9 12 0.10012779 
298 224 7 10 0.099768475 
256 137 7 9 0.09934969 
168 182 8 10 0.09879002 
248 240 8 9 0.09846689 
71 142 7 9 0.09827518 
229 278 10 13 0.09806231 
130 189 8 10 0.0969281 
347 220 7 10 0.095851205 
421 214 8 9 0.09439219 
96 383 9 11 0.08988428 
436 213 9 10 0.08969121 
369 221 8 10 0.08867522 
74 129 7 9 0.08856867 
200 183 8 10 0.086992085 
250 215 8 9 0.08627535 
87 142 8 9 0.084976636 
169 286 10 12 0.08470848 
115 135 7 9 0.08457438 
319 230 9 10 0.08380976 
2 149 7 12 0.08361398 
22 229 8 12 0.082293816 
232 256 7 11 0.081862256 
113 200 8 10 0.081809625 
127 212 9 10 0.07921808 
137 169 8 9 0.07912557 
256 169 7 9 0.07870125 
30 175 7 10 0.07407326 
122 168 7 9 0.073576115 
48 121 8 10 0.0725706 
38 196 8 10 0.07236865 
23 153 7 9 0.071938954 
158 349 12 16 0.0717007 
110 256 10 12 0.07168475 
230 238 8 10 0.07131435 
145 151 7 9 0.07094081 
533 237 24 32 0.07087783 
273 252 8 10 0.07082878 
110 205 9 11 0.07053152 
133 401 15 16 0.0701695 
153 168 7 9 0.06951021 
145 244 9 10 0.06930457 
198 229 8 10 0.0688991 
266 208 7 10 0.06880974 
320 198 8 9 0.06839841 
99 144 7 8 0.06786746 
592 343 8 10 0.06717667 
304 197 7 10 0.06679714 
224 215 8 9 0.06656779 
183 169 7 9 0.06639129 
278 199 8 9 0.06501476 
170 268 8 10 0.064889334 
319 212 7 9 0.063450366 
259 256 9 12 0.06301332 
194 200 7 9 0.062875465 
138 151 7 9 0.06254008 
77 156 9 11 0.062273458 
193 248 8 10 0.062059946 
621 351 9 10 0.061858136 
189 252 8 11 0.061663277 
128 169 7 9 0.06164071 
345 217 7 9 0.060901128 
179 191 7 9 0.06066981 
250 191 8 10 0.060475096 
302 214 8 9 0.059128024 
133 190 8 9 0.056656525 
193 184 7 9 0.05628022 
384 223 7 9 0.05592581 
136 264 9 10 0.055561658 
160 279 9 10 0.055521805 
163 175 7 10 0.05551088 
87 137 7 9 0.054900415 
272 216 7 10 0.05487904 
829 207 8 10 0.05474302 
22 158 7 9 0.053814456 
289 246 8 10 0.053776078 
110 176 7 9 0.053660292 
51 158 7 10 0.05332064 
159 285 9 12 0.052993212 
265 215 7 10 0.052582774 
19 154 7 9 0.052462567 
329 225 7 9 0.051688924 
120 152 7 9 0.05162996 
185 174 8 10 0.051505405 
35 158 7 9 0.05125623 
136 173 8 9 0.05118707 
41 167 7 9 0.050941948 
40 176 8 10 0.050913468 
233 261 7 10 0.050743666 
288 208 7 9 0.050659332 
20 339 9 13 0.05040147 
275 231 7 10 0.050242912 
296 245 7 10 0.0500561 
221 194 8 10 0.049550455 
136 252 8 11 0.049235214 
135 247 9 11 0.048592385 
153 199 7 9 0.048383445 
240 257 8 11 0.04832649 
148 255 9 12 0.04828512 
81 105 7 9 0.04821242 
295 241 8 9 0.0479772 
144 168 8 10 0.047851883 
337 240 7 8 0.047704037 
183 220 7 10 0.04694617 
192 261 10 15 0.04689048 
26 130 8 9 0.04612747 
122 223 8 11 0.045543514 
63 181 10 12 0.045487378 
298 215 8 9 0.045326035 
190 266 10 15 0.04505292 
376 223 7 9 0.04497138 
281 217 7 9 0.044898402 
287 216 7 9 0.04481042 
283 302 29 28 0.04439277 
29 133 7 9 0.044024993 
152 183 7 8 0.04386433 
200 200 7 9 0.04377359 
130 145 7 9 0.04356323 
207 335 8 10 0.043391798 
184 217 7 9 0.04315466 
119 159 8 9 0.04309212 
141 348 10 13 0.043043137 
272 222 7 9 0.042975634 
197 218 8 9 0.04287944 
56 130 7 8 0.042598866 
178 168 7 9 0.04245259 
283 237 8 10 0.042165216 
275 199 7 9 0.042099282 
248 168 7 10 0.041947655 
250 222 7 9 0.041837793 
123 282 11 14 0.041725766 
183 160 7 8 0.041624367 
304 193 7 9 0.041609336 
63 104 7 9 0.04153878 
25 207 8 10 0.041482635 
222 206 8 10 0.041204304 
16 82 7 9 0.041202378 
183 197 7 9 0.040973634 
353 239 7 9 0.040767793 
183 127 6 9 0.040537216 
265 221 7 10 0.040438723 
274 176 8 9 0.04040208 
296 142 7 8 0.040073123 
176 185 7 9 0.040007725 
87 111 6 9 0.039668124 
278 181 8 10 0.03963815 
315 214 7 8 0.03958489 
231 234 7 9 0.039284345 
9 198 8 11 0.039273683 
154 144 7 9 0.039017886 
35 193 7 9 0.038933933 
896 444 11 15 0.038575266 
153 193 7 9 0.038521823 
176 223 8 10 0.038186822 
274 181 8 10 0.03815864 
41 300 9 11 0.038113616 
137 159 7 8 0.037660327 
118 228 9 11 0.037650872 
65 176 9 10 0.037615962 
214 238 8 10 0.037188906 
281 223 7 9 0.037114024 
297 197 7 9 0.0371024 
195 162 7 8 0.036590654 
61 374 12 15 0.03654035 
230 247 8 10 0.036468636 
126 223 7 10 0.03640785 
347 191 8 10 0.03636017 
235 160 6 9 0.036075883 
129 231 8 10 0.036031116 
207 135 7 9 0.035953525 
123 215 7 9 0.035948273 
207 198 7 9 0.035832874 
41 145 7 8 0.035747997 
206 254 8 10 0.035566207 
320 226 9 10 0.035391413 
362 223 7 9 0.03537694 
135 238 8 10 0.03537656 
193 192 7 9 0.03494981 
39 223 10 12 0.034902394 
398 366 31 31 0.034868564 
474 165 8 11 0.03456437 
166 279 9 11 0.034471508 
434 209 9 11 0.03400649 
129 150 6 9 0.034006074 
265 136 7 10 0.03399937 
288 234 7 9 0.03396067 
90 158 7 10 0.033829946 
62 110 8 9 0.033777382 
353 216 7 9 0.033646125 
145 174 7 9 0.033391286 
208 279 9 11 0.03333956 
68 315 11 13 0.033333723 
104 137 7 9 0.033209648 
207 162 8 9 0.03314152 
47 197 8 11 0.033055376 
254 200 8 9 0.032985736 
120 342 10 13 0.03291988 
216 152 8 9 0.03273279 
80 135 6 9 0.032631144 
296 193 7 9 0.0325496 
224 175 7 9 0.032549012 
419 340 15 18 0.03241124 
154 63 9 11 0.032359794 
248 233 7 9 0.032334022 
31 182 8 9 0.0323325 
158 236 9 10 0.032233108 
163 182 7 10 0.03188325 
244 278 9 11 0.03171563 
203 165 7 10 0.031703647 
266 168 7 9 0.03162582 
248 244 8 10 0.031553384 
201 191 7 9 0.03136732 
235 166 7 10 0.031342495 
0 167 8 10 0.031325944 
30 247 11 13 0.031298354 
837 128 7 10 0.031230519 
50 153 7 9 0.031199494 
207 246 8 10 0.031088382 
8 181 8 10 0.031080617 
288 223 7 9 0.03104337 
321 237 7 10 0.030930476 
304 209 7 9 0.030826999 
226 248 8 10 0.030826667 
128 239 9 10 0.03081806 
65 169 8 9 0.030638603 
19 190 8 11 0.030483747 
134 185 7 10 0.030331053 
112 192 8 9 0.03008728 
216 232 8 10 0.030061923 
124 272 8 10 0.030008247 
199 162 7 8 0.030004565 
147 158 7 10 0.029981805 
194 166 7 9 0.029696317 
161 192 8 10 0.029601522 
218 291 10 11 0.029572045 
17 134 7 9 0.029547412 
9 176 8 10 0.02950506 
95 120 6 8 0.02940666 
0 286 7 12 0.029335726 
86 175 7 10 0.02926344 
255 239 8 10 0.029247811 
207 193 8 10 0.029186046 
224 232 8 10 0.029164597 
343 239 6 8 0.028993273 
491 44 12 15 0.028969144 
567 319 9 12 0.028914556 
0 158 8 11 0.028839625 
146 137 7 9 0.028792651 
308 275 24 31 0.028699841 
49 133 7 9 0.028542448 
157 224 8 9 0.028480582 
271 192 7 9 0.028474858 
62 134 7 9 0.028459506 
128 247 8 10 0.028386293 
54 197 10 14 0.028354364 
112 169 7 9 0.028277187 
82 175 8 10 0.028275782 
94 158 8 9 0.028194485 
135 233 8 9 0.028162114 
865 341 8 10 0.028107334 
272 167 7 10 0.028073424 
58 182 8 10 0.028020542 
270 136 8 10 0.027971638 
114 143 7 9 0.027970333 
226 182 7 9 0.02788431 
244 261 9 10 0.027861105 
243 239 7 10 0.027841685 
264 270 8 10 0.027751015 
362 241 7 9 0.027674288 
265 278 8 10 0.02765641 
391 223 7 9 0.027654296 
277 252 8 10 0.027587956 
62 187 11 12 0.027508672 
488 303 10 12 0.027369944 
31 214 8 10 0.02727003 
208 174 7 9 0.027242435 
43 134 6 8 0.027223246 
96 152 7 8 0.026839692 
140 304 11 14 0.026661873 
8 257 10 13 0.026617868 
277 176 9 10 0.026415244 
263 248 9 11 0.026187683 
297 229 8 9 0.026173808 
43 128 7 9 0.026145887 
608 336 7 8 0.02607557 
418 209 7 8 0.025999466 
291 192 7 9 0.025933929 
246 173 7 10 0.025859786 
166 304 13 20 0.025792688 
178 121 7 8 0.025687326 
366 240 7 9 0.02563893 
37 246 11 13 0.025569458 
255 220 7 10 0.025555821 
100 387 10 14 0.025511326 
384 254 9 10 0.025486002 
314 176 8 10 0.025382182 
220 328 13 16 0.025364343 
412 348 15 15 0.025215443 
175 247 7 10 0.025203094 
591 192 8 11 0.025136067 
357 214 8 9 0.025107196 
290 199 7 9 0.025084447 
142 267 8 11 0.025069408 
1 192 8 11 0.025041511 
121 173 7 10 0.025028918 
309 278 15 19 0.025010819 
13 199 9 11 0.02490644 
267 192 6 9 0.024898225 
215 323 12 17 0.024726272 
153 152 6 8 0.024724374 
81 196 8 10 0.024479609 
70 197 11 13 0.024451436 
161 169 7 9 0.024399197 
119 130 6 8 0.024390042 
449 197 8 10 0.02422304 
564 192 9 11 0.024215423 
216 320 9 12 0.02421322 
361 245 7 9 0.024152605 
185 183 7 10 0.024077559 
135 200 7 9 0.023939282 
26 213 8 11 0.023900028 
298 210 7 8 0.023890598 
34 392 8 10 0.023751393 
224 270 9 12 0.023646588 
244 309 11 13 0.023632433 
333 182 9 10 0.023631368 
410 229 9 12 0.023569953 
14 110 9 12 0.023528354 
230 269 10 12 0.02342218 
168 200 7 9 0.023377787 
416 152 10 12 0.02330711 
281 192 8 10 0.02329394 
37 397 9 11 0.023265243 
194 205 8 10 0.023248605 
314 198 7 10 0.023246806 
232 183 7 9 0.023177192 
328 215 7 9 0.0231657 
373 216 8 9 0.023089012 
550 191 12 14 0.023088308 
83 142 7 10 0.02299466 
895 450 9 13 0.022986585 
137 144 6 9 0.022983084 
115 130 6 8 0.022931857 
343 209 8 9 0.022908768 
390 254 8 10 0.022885773 
167 240 9 10 0.022877328 
104 229 8 10 0.022812657 
256 159 7 9 0.022801382 
17 103 8 10 0.022775361 
85 236 10 14 0.02276182 
178 198 8 9 0.022686707 
465 222 8 11 0.022674968 
167 119 7 8 0.02264078 
271 270 9 10 0.022598984 
103 198 8 11 0.02258859 
314 181 8 10 0.022563368 
32 169 7 9 0.022486117 
592 336 9 11 0.022456985 
250 199 7 9 0.022444852 
600 327 7 9 0.022418197 
170 225 7 9 0.022396447 
176 174 7 9 0.0222921 
271 207 7 9 0.022243908 
338 215 7 9 0.022233194 
383 241 7 8 0.022211293 
265 200 7 8 0.022149473 
167 146 6 8 0.022093808 
105 128 7 9 0.022066457 
106 151 7 10 0.021968009 
215 279 8 11 0.02195586 
121 192 7 9 0.021897068 
246 286 8 11 0.021878723 
91 119 7 9 0.021808244 
151 136 8 9 0.02172277 
56 119 7 9 0.021683162 
245 256 8 10 0.021667419 
239 273 9 11 0.021596849 
413 342 25 29 0.021592403 
855 248 8 9 0.021571139 
249 186 7 9 0.021527413 
23 224 9 11 0.02151245 
871 128 7 8 0.021442045 
47 166 7 9 0.021390485 
129 252 8 11 0.021318413 
230 330 10 15 0.021295987 
59 111 7 9 0.021293642 
174 280 9 12 0.021280944 
146 183 7 9 0.021264562 
48 295 9 13 0.021253442 
218 214 8 10 0.021196688 
57 140 7 9 0.021171652 
231 348 10 15 0.021111282 
88 168 7 9 0.021057732 
65 128 7 9 0.021017343 
330 247 7 9 0.021000449 
67 143 7 9 0.020961978 
288 251 10 12 0.020920947 
422 209 7 9 0.020901734 
263 232 7 9 0.02087992 
315 231 6 9 0.0207848 
199 204 8 11 0.020781549 
322 82 14 17 0.020729799 
177 217 8 9 0.020654669 
223 261 9 10 0.020647531 
167 169 7 9 0.020610584 
856 198 7 10 0.02060977 
229 215 7 9 0.020573571 
250 160 7 9 0.020548644 
25 182 7 10 0.020543864 
90 152 7 9 0.020315405 
178 395 16 16 0.020309735 
105 224 8 11 0.020277621 
300 245 8 10 0.020264441 
3 348 12 14 0.020254927 
1 198 8 10 0.020218225 
278 270 10 12 0.020170268 
437 393 9 11 0.020101523 
272 289 31 31 0.020086331 
136 136 7 9 0.020080602 
328 240 7 10 0.020063747 
156 313 11 16 0.02003472 
216 145 7 8 0.020027895 
242 209 7 9 0.020003643 
