35_Basketball_basketballgame_ball_35_216
552
293 393 12 14 0.86930794 
46 448 10 12 0.83504856 
639 420 9 11 0.7612163 
707 407 8 11 0.7505368 
637 489 9 11 0.5249379 
718 488 8 11 0.49708027 
104 393 7 10 0.43325743 
24 397 7 8 0.41940954 
197 429 7 10 0.39770505 
66 417 8 10 0.3854934 
118 433 8 11 0.3768456 
229 416 8 10 0.34564784 
159 432 7 9 0.30163062 
372 170 18 22 0.26996422 
94 377 7 9 0.26813883 
736 462 9 13 0.26578405 
69 419 9 11 0.26060447 
105 416 7 9 0.24992475 
63 407 7 10 0.23078524 
96 413 7 10 0.2057133 
218 445 7 10 0.18376261 
175 384 7 9 0.17811999 
625 501 9 14 0.17599636 
241 391 7 10 0.17557159 
184 438 8 9 0.16668096 
86 433 7 9 0.16667691 
73 375 7 9 0.16504852 
174 424 7 9 0.16323006 
43 383 7 9 0.16219622 
65 373 7 9 0.15877284 
2 368 8 10 0.1581175 
159 390 7 8 0.15664189 
193 416 7 9 0.15148705 
601 471 9 12 0.14979625 
664 407 9 11 0.14379722 
131 437 7 9 0.14191031 
575 402 9 13 0.14160964 
292 428 14 16 0.13886784 
663 414 8 11 0.13758163 
353 405 8 10 0.13485514 
785 480 9 11 0.13110952 
590 479 9 12 0.13063033 
97 463 9 13 0.12917012 
30 381 7 9 0.12231131 
215 376 7 9 0.12204598 
169 447 7 10 0.11979553 
7 360 7 10 0.118941836 
111 414 7 9 0.11877234 
198 471 9 11 0.11440592 
929 17 26 37 0.113401145 
273 420 8 10 0.11279352 
175 416 7 9 0.11269761 
40 413 8 10 0.10848117 
631 375 8 9 0.10414404 
153 457 8 10 0.103016675 
151 382 7 9 0.102243505 
24 422 7 10 0.10207984 
46 409 7 9 0.10150885 
493 84 35 42 0.10114662 
23 415 8 11 0.09836957 
535 408 8 11 0.098144 
872 469 8 10 0.09725723 
171 424 7 9 0.09643255 
247 440 8 10 0.09360135 
143 398 7 9 0.0934584 
160 437 7 10 0.09326658 
233 391 7 9 0.09291998 
248 445 8 10 0.09239118 
16 422 7 10 0.09136071 
79 375 6 9 0.089554004 
136 422 7 9 0.089422 
159 423 7 9 0.088695705 
261 93 24 30 0.086933896 
694 429 8 11 0.086683095 
135 416 7 9 0.086147465 
863 481 7 9 0.08568648 
320 455 10 12 0.08525152 
120 391 7 8 0.08497197 
556 480 9 12 0.08430555 
310 412 8 11 0.08403603 
302 376 9 11 0.08343886 
120 464 8 10 0.08262123 
740 81 29 34 0.082178466 
234 374 8 10 0.0817745 
131 417 7 9 0.08069383 
655 497 8 11 0.08051203 
813 478 8 11 0.08040589 
29 353 7 10 0.08036755 
127 453 9 10 0.07984823 
208 392 7 9 0.07948237 
614 399 7 10 0.07943834 
147 381 7 10 0.07921754 
640 399 7 9 0.07919265 
746 438 8 10 0.078359894 
654 390 8 10 0.0782664 
862 485 7 10 0.078032576 
193 423 8 10 0.07789948 
256 399 7 10 0.074819356 
671 400 7 9 0.07315189 
42 391 8 10 0.072109364 
177 409 7 9 0.07178487 
115 436 8 10 0.0717223 
97 381 7 10 0.07077066 
694 424 9 11 0.0700979 
88 357 7 9 0.069402695 
171 383 8 10 0.06899752 
210 442 7 9 0.06854808 
609 495 9 11 0.06835256 
175 389 8 10 0.06823774 
222 445 7 10 0.068204366 
143 448 7 10 0.0665377 
159 407 7 9 0.06616942 
194 408 8 9 0.06570442 
601 350 9 11 0.065420605 
609 400 8 10 0.06525701 
622 424 8 10 0.06525096 
277 367 8 11 0.064793386 
158 417 8 9 0.06416587 
101 438 7 9 0.06390568 
249 421 7 10 0.06318304 
553 484 8 11 0.06317271 
727 439 7 10 0.06307356 
334 420 8 10 0.062512964 
176 429 7 10 0.062356345 
765 479 9 10 0.06221572 
277 417 9 11 0.061941035 
688 479 8 10 0.061801147 
859 439 7 10 0.060955524 
598 474 10 13 0.060835406 
25 369 6 9 0.06082787 
11 422 8 10 0.06067307 
32 377 7 8 0.060559683 
479 374 8 11 0.060518242 
750 438 8 10 0.06046975 
625 396 8 11 0.059826843 
171 416 7 9 0.059681084 
10 392 7 9 0.05921134 
91 413 8 10 0.05914383 
632 399 8 10 0.059136037 
144 408 7 9 0.05902218 
648 405 8 10 0.058325425 
130 421 8 9 0.05814883 
694 501 9 11 0.058025327 
663 419 8 11 0.05780691 
233 384 7 9 0.05776451 
226 399 7 10 0.057464667 
137 408 7 9 0.0573884 
182 456 7 9 0.056767773 
138 399 7 9 0.055966973 
243 440 7 10 0.055891216 
637 60 44 58 0.055866778 
343 396 8 11 0.0546791 
242 398 7 9 0.054666612 
631 407 8 10 0.054657493 
211 376 7 9 0.054284 
27 356 7 10 0.053849284 
168 441 7 9 0.05363916 
82 437 7 10 0.053219184 
43 359 7 9 0.052779995 
256 405 7 10 0.052546237 
470 121 24 31 0.05235558 
830 420 8 10 0.052353363 
265 416 7 10 0.052138843 
575 373 8 11 0.052062787 
42 409 7 10 0.05194703 
825 455 9 12 0.05123202 
64 446 9 13 0.05091684 
680 373 7 9 0.05061984 
1014 433 7 10 0.050435603 
72 407 7 10 0.050204635 
14 392 7 9 0.050191168 
1011 437 7 10 0.050150886 
136 452 7 10 0.050109472 
41 397 8 10 0.049946398 
548 397 11 14 0.049783126 
143 394 7 9 0.049412593 
766 485 8 11 0.04938192 
746 446 8 12 0.04909508 
241 447 7 9 0.049024973 
374 429 9 12 0.048964847 
737 421 9 11 0.048754778 
590 432 8 11 0.048383385 
199 414 7 9 0.04824064 
167 366 8 9 0.048055146 
983 381 8 9 0.047538385 
670 479 8 10 0.046650954 
937 453 8 9 0.045956694 
930 429 7 10 0.04585 
83 357 7 10 0.045842938 
626 415 7 10 0.045105133 
257 390 8 10 0.04460731 
347 455 7 9 0.044537615 
483 209 15 19 0.04431882 
154 406 7 9 0.044245243 
689 438 9 12 0.044210203 
591 438 8 10 0.044148494 
746 388 7 11 0.04412104 
186 416 7 10 0.04407304 
150 377 7 9 0.043857787 
708 436 11 14 0.043849103 
226 420 7 9 0.043834098 
114 343 7 9 0.043730885 
624 429 8 10 0.04342614 
600 464 9 10 0.043396924 
392 69 47 55 0.043337155 
66 356 7 9 0.04303843 
722 422 7 10 0.043024965 
697 496 8 11 0.043010455 
552 503 11 13 0.042096417 
121 368 7 9 0.04204575 
184 433 8 9 0.041945305 
790 463 8 11 0.041394357 
102 447 7 9 0.04134987 
193 401 8 9 0.041076098 
600 419 9 12 0.04101251 
777 479 8 10 0.04094042 
142 326 8 10 0.04022555 
609 405 7 10 0.040222608 
113 392 7 9 0.040161002 
671 486 8 10 0.040115133 
8 343 7 9 0.0397955 
120 424 7 9 0.03978463 
26 382 8 10 0.039691605 
278 372 9 11 0.039667297 
503 419 9 12 0.039542146 
695 377 9 10 0.03944124 
726 416 7 10 0.039236985 
143 415 7 9 0.039118666 
393 450 11 14 0.038942177 
198 409 8 9 0.038816012 
59 407 7 10 0.038643725 
717 10 31 37 0.038517248 
257 385 8 10 0.038451295 
341 354 13 16 0.038328774 
128 367 7 9 0.038302466 
705 509 8 11 0.038264982 
273 373 8 10 0.03805184 
710 443 10 12 0.03794411 
343 416 8 11 0.03747471 
138 392 7 9 0.03745454 
664 472 9 11 0.037451617 
135 433 7 10 0.037203938 
396 446 14 16 0.037081458 
784 445 8 10 0.03704759 
106 358 7 9 0.036998693 
18 398 7 9 0.036909476 
464 374 9 11 0.036903188 
618 423 8 10 0.03678092 
738 416 8 10 0.036732916 
745 453 8 11 0.036642656 
357 404 9 11 0.03653327 
682 369 7 10 0.03651064 
643 422 8 11 0.03646933 
760 439 7 10 0.036128532 
815 462 7 10 0.036086068 
769 455 7 10 0.036039717 
833 472 7 9 0.036021948 
241 421 8 9 0.03596964 
98 433 7 9 0.035886984 
667 401 7 9 0.035828907 
155 422 7 10 0.03582284 
862 513 9 11 0.035803396 
266 447 8 11 0.035772074 
842 439 9 12 0.03570113 
681 487 8 10 0.035658523 
210 397 7 9 0.035535995 
175 345 8 10 0.035526168 
8 352 8 9 0.035263497 
723 417 7 9 0.035248563 
0 391 7 10 0.035136715 
784 439 9 11 0.035064403 
264 408 7 9 0.034778368 
286 381 8 10 0.034733236 
528 478 8 10 0.034603007 
96 456 9 11 0.034599517 
1 407 7 10 0.034597762 
170 430 7 9 0.0345209 
170 390 7 10 0.034458943 
574 356 9 10 0.03442106 
155 417 7 9 0.034374125 
664 494 8 11 0.0341831 
241 368 7 9 0.033991408 
185 392 7 9 0.03375381 
854 376 8 9 0.033735696 
248 400 7 9 0.0335956 
218 461 8 11 0.03355609 
681 494 8 10 0.033452574 
122 373 7 10 0.033406287 
267 421 7 9 0.033357583 
679 415 8 10 0.03334387 
605 351 8 11 0.033320636 
248 418 6 8 0.033193536 
127 391 7 8 0.033133212 
767 398 8 10 0.033057205 
669 405 8 11 0.033050787 
119 386 7 8 0.03300285 
478 380 9 10 0.032850333 
735 509 10 12 0.032819096 
737 480 7 9 0.03273318 
217 381 7 10 0.032638323 
632 369 7 10 0.032603096 
312 397 9 11 0.032529972 
706 431 8 11 0.032483503 
886 437 8 10 0.0324272 
1009 502 9 11 0.032242585 
278 429 8 11 0.03222797 
225 408 8 9 0.032093152 
207 382 7 10 0.03199362 
648 400 7 9 0.03190663 
33 414 7 10 0.031884488 
785 365 9 11 0.031773128 
441 364 9 11 0.031692687 
87 392 8 9 0.031405386 
374 425 9 10 0.03133847 
155 390 7 9 0.031174364 
273 399 8 10 0.031088613 
829 455 8 11 0.031066587 
898 440 7 10 0.030953838 
374 185 14 17 0.03092723 
8 337 7 9 0.030841827 
64 441 8 10 0.030796383 
727 487 8 10 0.030722471 
766 473 8 9 0.030663127 
690 430 8 12 0.030530846 
588 507 11 17 0.030489363 
826 438 8 10 0.030485265 
312 368 10 12 0.030445391 
106 353 6 9 0.03034672 
962 465 6 9 0.030335985 
298 481 8 11 0.030293133 
242 407 7 9 0.030205214 
784 413 8 10 0.030049698 
690 503 9 10 0.030030131 
617 461 8 11 0.029933216 
18 375 6 8 0.029780416 
111 421 8 10 0.029707147 
376 366 12 14 0.02956028 
144 439 7 9 0.02951055 
466 484 7 9 0.029497284 
73 382 7 9 0.029471714 
721 361 8 10 0.029428959 
622 461 9 11 0.02940915 
273 447 8 12 0.029313235 
839 470 7 10 0.029209524 
0 415 6 10 0.029157484 
445 417 15 15 0.02914766 
666 488 8 10 0.02910439 
186 421 8 10 0.029054862 
200 354 7 9 0.029032536 
241 416 7 10 0.028971529 
242 385 7 10 0.028968353 
330 415 7 10 0.02890257 
74 400 7 9 0.028899733 
650 495 8 11 0.02867771 
854 357 8 10 0.028535469 
178 440 7 9 0.028515926 
248 406 7 10 0.028439794 
590 445 8 11 0.028385568 
552 438 8 11 0.028361624 
790 471 7 10 0.028302465 
106 410 7 9 0.02830197 
115 385 7 8 0.028185258 
112 359 6 9 0.0280608 
866 415 8 9 0.027919533 
426 22 45 49 0.027848333 
517 479 9 11 0.02773739 
838 464 8 10 0.02773038 
203 391 7 9 0.027672099 
234 448 7 9 0.027668199 
336 350 13 16 0.027632713 
472 485 8 10 0.027604194 
471 374 8 10 0.02758006 
791 456 8 9 0.02752361 
605 420 9 12 0.027483853 
561 408 7 10 0.02735391 
122 455 7 10 0.02732951 
160 401 7 9 0.027262898 
478 445 10 12 0.027201356 
543 486 11 13 0.027094265 
585 388 9 11 0.027004678 
115 464 7 10 0.026983561 
48 399 7 10 0.026766252 
480 369 7 10 0.02665255 
687 472 9 11 0.026577339 
467 480 8 10 0.026472386 
544 403 10 12 0.026469542 
230 409 7 9 0.026460841 
720 438 9 11 0.026311535 
477 487 9 11 0.026247377 
464 116 42 51 0.026224889 
19 416 7 10 0.026196193 
671 511 8 10 0.026171649 
129 318 8 9 0.026109673 
263 361 7 9 0.026047202 
728 432 7 9 0.026034666 
906 407 7 10 0.02601445 
589 368 8 10 0.025991969 
30 424 8 10 0.025930064 
714 491 8 11 0.025919262 
70 353 7 10 0.02578284 
1 399 7 10 0.025607234 
800 432 7 9 0.025588436 
738 503 9 11 0.025577597 
602 64 93 110 0.025576102 
361 400 8 11 0.02556801 
891 472 7 9 0.02546315 
7 447 11 14 0.025395565 
640 367 8 10 0.025373952 
585 431 9 11 0.025367284 
697 487 8 9 0.025355423 
664 502 8 11 0.025275476 
583 472 8 10 0.025265075 
247 385 7 9 0.025196576 
26 375 6 8 0.025191685 
822 460 9 11 0.025169954 
80 370 7 8 0.025162803 
40 378 6 9 0.025154894 
367 458 7 9 0.025143392 
552 431 9 10 0.02510446 
254 422 7 9 0.02509009 
498 173 41 65 0.025061859 
569 462 10 12 0.02502906 
881 480 7 10 0.024945231 
494 166 29 52 0.024929974 
79 383 7 8 0.024868073 
125 464 8 11 0.024865292 
666 476 8 11 0.024782196 
839 481 7 9 0.024715357 
942 377 8 9 0.024384685 
904 479 8 10 0.024359921 
865 473 7 9 0.024346009 
139 114 23 29 0.024269171 
702 494 7 10 0.024246017 
312 461 8 10 0.024191903 
513 477 9 12 0.024173064 
930 480 8 11 0.024113739 
71 438 8 10 0.02409779 
844 445 9 10 0.024000652 
376 358 12 15 0.023980903 
618 430 8 10 0.023898339 
887 342 7 10 0.023887165 
574 454 8 10 0.023855006 
547 49 48 52 0.023839412 
81 391 7 9 0.02377831 
624 470 9 12 0.023724724 
317 395 8 12 0.023680385 
881 391 7 10 0.023623595 
78 422 7 10 0.02362117 
629 453 9 12 0.023539808 
88 397 7 9 0.023505544 
245 390 8 10 0.023441682 
176 447 7 9 0.023417978 
641 56 32 36 0.023365593 
312 427 10 12 0.023329336 
477 493 9 11 0.023284568 
614 499 10 14 0.023276264 
202 384 8 9 0.023275875 
980 484 10 11 0.023217896 
729 510 8 10 0.023211211 
834 479 7 9 0.023184631 
522 390 8 11 0.023160389 
629 392 8 11 0.023121111 
604 475 10 12 0.023059178 
706 411 8 11 0.023048703 
570 64 50 58 0.023010492 
743 479 8 10 0.022962958 
741 415 8 10 0.022960568 
280 359 8 11 0.02295598 
183 408 7 9 0.02293177 
199 358 8 9 0.02287436 
814 456 8 10 0.022857696 
46 366 7 9 0.022815842 
230 398 8 10 0.022798236 
527 485 9 12 0.022787511 
627 376 8 9 0.022729311 
233 370 7 9 0.022725722 
32 398 7 9 0.022626175 
904 473 7 9 0.022536337 
118 409 7 10 0.02238139 
262 384 8 10 0.022378815 
129 345 7 9 0.0223231 
880 384 7 9 0.022296932 
659 415 8 11 0.022246033 
190 438 7 9 0.022158293 
225 393 8 9 0.022137925 
586 485 8 11 0.022134345 
239 432 8 9 0.022096355 
517 484 10 13 0.02200586 
274 429 8 11 0.021998817 
136 366 7 9 0.02199473 
672 413 9 12 0.021980098 
553 424 8 11 0.021912394 
543 478 10 12 0.021910373 
9 397 7 10 0.021899309 
718 460 8 10 0.021885127 
118 343 7 8 0.02182752 
913 479 7 10 0.021821333 
536 486 10 13 0.021662042 
695 481 7 10 0.021661386 
720 457 8 10 0.021565001 
711 508 9 11 0.021505414 
101 391 7 10 0.021472206 
623 76 57 69 0.021445137 
685 366 9 11 0.021405324 
217 457 8 10 0.02140174 
385 397 9 11 0.021386461 
206 148 49 55 0.021369824 
810 471 7 10 0.021368988 
395 66 29 36 0.021357443 
151 351 7 9 0.021317452 
872 478 8 11 0.021276457 
261 390 8 10 0.021220466 
344 449 8 10 0.02117305 
983 422 6 8 0.021169757 
277 451 9 12 0.021165254 
245 366 8 9 0.021132322 
785 433 8 9 0.021130584 
494 413 11 16 0.02111879 
193 375 7 8 0.021086674 
0 326 8 10 0.021028055 
96 358 7 9 0.020968968 
550 493 10 12 0.020905238 
139 375 6 9 0.020853218 
647 430 8 9 0.020816356 
617 391 8 11 0.020750534 
586 446 8 11 0.020662082 
683 121 27 34 0.0206473 
646 446 11 13 0.020598155 
30 428 9 10 0.020546302 
768 448 7 9 0.020516755 
800 439 7 10 0.020447401 
182 383 7 10 0.020438613 
753 486 8 10 0.020432547 
574 421 9 11 0.020406561 
701 456 9 11 0.020391183 
763 472 7 10 0.020373236 
641 404 7 11 0.02036433 
152 367 7 9 0.02034139 
279 391 8 10 0.020323815 
681 390 7 10 0.020246377 
718 518 9 12 0.020149421 
880 511 10 13 0.020116478 
902 441 7 9 0.020103505 
153 401 7 9 0.02008844 
712 456 8 9 0.020086236 
142 423 8 9 0.020074526 
750 452 8 11 0.020069322 
571 403 8 12 0.020067388 
59 369 7 9 0.020048093 
670 503 8 11 0.020037642 
105 366 7 9 0.020032207 
655 386 8 9 0.02000446 
