35_Basketball_basketballgame_ball_35_64
96
475 224 62 78 0.9994191 
295 243 60 75 0.9994074 
126 289 57 73 0.99929976 
904 172 60 90 0.99892515 
693 222 70 88 0.99888176 
590 212 67 88 0.9987165 
33 243 56 69 0.9978569 
0 244 29 39 0.997841 
657 106 33 41 0.997773 
239 246 32 41 0.9969842 
492 161 32 37 0.99643564 
343 155 26 32 0.99543756 
439 110 32 40 0.995408 
273 127 26 32 0.99435115 
466 63 24 32 0.994269 
101 199 40 52 0.99319035 
872 59 24 34 0.99256116 
150 140 25 32 0.99252796 
95 128 25 34 0.9923035 
141 108 23 31 0.99159485 
592 79 26 32 0.99148506 
566 201 30 40 0.99138004 
535 17 24 33 0.99036765 
389 68 25 31 0.9900642 
398 147 26 34 0.9898582 
278 222 29 39 0.98912966 
236 191 30 37 0.9889419 
194 218 28 34 0.98893493 
805 182 40 51 0.9874155 
954 182 69 111 0.98559266 
526 93 24 33 0.98516965 
415 15 22 28 0.970722 
242 164 27 33 0.9465238 
450 6 24 29 0.94491726 
416 115 23 29 0.9277919 
56 193 20 27 0.92228943 
25 77 19 26 0.91499376 
34 155 24 26 0.9122348 
623 4 22 30 0.9062305 
351 209 26 35 0.9009641 
214 107 26 28 0.900562 
209 10 18 23 0.89252007 
269 7 19 22 0.85830206 
0 292 38 66 0.8458178 
158 5 18 23 0.8149797 
376 168 23 29 0.79595613 
455 44 21 29 0.7391052 
336 0 21 19 0.70771146 
298 94 23 27 0.69269425 
76 213 28 35 0.6617131 
89 42 18 25 0.638197 
723 84 36 47 0.6362955 
48 42 18 24 0.51317495 
491 6 21 25 0.49331018 
295 2 16 17 0.44246918 
65 0 17 15 0.4067275 
688 195 40 52 0.32347724 
182 80 23 28 0.3223223 
243 70 24 25 0.28852397 
742 69 53 58 0.23700166 
6 95 20 30 0.18838571 
198 47 21 26 0.17684032 
173 250 32 40 0.17122512 
4 218 23 30 0.15283856 
155 43 20 23 0.14613561 
219 90 20 23 0.13777289 
262 105 23 29 0.13447592 
545 423 44 42 0.1308325 
396 0 19 13 0.11121387 
287 228 43 63 0.10792738 
673 252 30 40 0.08649879 
580 199 51 78 0.07606893 
2 105 20 29 0.07221781 
959 0 13 11 0.06789354 
0 227 28 39 0.04563494 
203 105 18 26 0.042390723 
689 67 22 29 0.03981578 
766 86 29 45 0.039085638 
376 77 21 30 0.0377956 
460 308 27 31 0.035556514 
700 66 42 57 0.03532742 
174 121 23 29 0.03490994 
579 135 27 33 0.03415679 
67 205 26 32 0.03371559 
283 1 21 24 0.032020338 
150 46 17 22 0.03191877 
208 50 19 22 0.029596368 
588 184 31 43 0.028409394 
281 277 34 41 0.027691389 
491 -1 20 17 0.025396895 
303 1 17 18 0.024713604 
708 58 76 85 0.023487775 
341 42 20 28 0.021991063 
405 6 23 28 0.021847181 
485 1 19 24 0.021230768 
445 2 21 24 0.0202693 
