35_Basketball_basketballgame_ball_35_256
52
227 71 54 64 0.99892884 
527 55 68 97 0.99771297 
933 357 49 57 0.99725986 
888 372 38 50 0.99471176 
761 353 47 57 0.9927585 
467 160 47 59 0.987462 
357 153 35 48 0.98368615 
870 329 41 52 0.9754682 
985 340 37 54 0.97112805 
755 324 41 49 0.96495336 
847 196 35 43 0.9344293 
953 53 31 40 0.8799316 
721 239 43 53 0.869169 
778 113 33 44 0.82643765 
736 152 41 47 0.8102568 
955 166 42 49 0.7856681 
923 121 30 37 0.7826415 
844 168 29 38 0.6128088 
504 98 38 50 0.6114463 
365 66 35 41 0.6045649 
285 132 28 52 0.5288754 
820 214 35 43 0.52609754 
226 143 53 59 0.46492532 
676 266 33 48 0.376548 
423 26 31 38 0.26683113 
541 14 40 54 0.23073284 
435 106 44 53 0.14088173 
701 209 29 35 0.1282668 
831 206 32 39 0.12011153 
328 124 30 39 0.11072141 
260 136 44 58 0.10238177 
803 331 43 54 0.09916109 
23 265 33 48 0.07858625 
671 104 30 37 0.07436259 
395 253 30 41 0.06408216 
875 130 30 38 0.055245027 
442 73 41 51 0.041124694 
797 357 29 40 0.04059068 
0 304 42 72 0.040227257 
715 223 33 51 0.039908126 
63 243 21 25 0.03252345 
976 509 23 31 0.03193811 
915 288 46 56 0.030442929 
798 214 46 56 0.029433347 
665 40 21 28 0.028031508 
20 247 32 46 0.027220462 
417 33 42 57 0.026346723 
429 51 43 55 0.025332542 
739 111 29 35 0.025185846 
919 10 25 33 0.023974372 
630 540 121 151 0.023487316 
971 319 29 38 0.022814108 
