35_Basketball_Basketball_35_361
56
700 116 26 33 0.9988952 
870 237 29 35 0.9987948 
909 130 31 40 0.99868876 
517 245 25 32 0.9981248 
777 241 27 35 0.99799013 
262 126 26 32 0.99742055 
71 165 27 31 0.9973123 
477 117 25 31 0.997274 
652 254 26 32 0.9972367 
165 251 26 34 0.99708647 
405 248 25 32 0.9968051 
161 127 27 34 0.99642366 
596 121 26 32 0.9962655 
301 253 24 33 0.9942362 
364 131 26 31 0.9934017 
826 116 25 29 0.99004424 
385 477 14 16 0.29903263 
44 168 17 20 0.24482067 
467 469 11 14 0.23458706 
619 446 12 14 0.22800247 
385 446 12 14 0.18043691 
506 460 15 17 0.17705877 
487 468 14 17 0.17528142 
583 467 13 16 0.17230804 
309 477 16 18 0.15504542 
403 469 15 17 0.13128568 
565 459 14 16 0.12968507 
6 166 20 24 0.12519911 
501 443 10 13 0.06806997 
453 445 12 15 0.056832332 
677 473 15 17 0.049835723 
413 159 9 13 0.04634825 
607 467 11 14 0.044015452 
341 475 15 18 0.04371689 
550 469 10 12 0.03706335 
570 466 13 16 0.037006825 
359 477 12 14 0.034930814 
1 208 10 18 0.033037197 
327 484 12 15 0.032159206 
459 445 11 13 0.031026058 
547 461 11 13 0.030924002 
278 452 15 17 0.026727771 
804 444 11 14 0.02650087 
358 453 9 12 0.02629221 
366 483 12 14 0.025775773 
0 136 9 16 0.025713457 
293 481 10 15 0.024439389 
685 430 10 12 0.024410097 
471 444 9 12 0.023420174 
345 480 14 18 0.021940937 
359 469 11 15 0.021937782 
187 247 14 20 0.021475246 
802 429 9 12 0.021430835 
582 443 10 12 0.0206672 
597 426 12 14 0.020334082 
166 219 17 19 0.020300603 
