35_Basketball_basketballgame_ball_35_50
78
950 271 29 39 0.9989103 
276 168 23 30 0.99620134 
410 207 24 32 0.9955745 
584 127 37 44 0.99363106 
209 280 42 53 0.9872623 
771 334 41 43 0.9595996 
877 92 9 12 0.4990031 
832 55 10 14 0.28669414 
941 102 8 10 0.23270023 
831 86 8 10 0.2301692 
1005 78 8 10 0.1594194 
862 100 8 10 0.15819912 
770 67 12 15 0.13865322 
927 95 8 10 0.13701293 
848 53 8 10 0.12839907 
928 118 11 13 0.12106367 
723 77 7 10 0.10919322 
998 107 9 12 0.104897104 
922 96 7 9 0.08981505 
938 97 7 9 0.08932618 
846 84 9 11 0.08839136 
701 77 10 13 0.07114995 
998 71 8 9 0.062634744 
841 85 8 11 0.058458935 
183 29 15 17 0.057581455 
890 95 8 11 0.0531883 
169 375 42 43 0.05238649 
913 94 7 9 0.051955488 
843 81 7 10 0.050470024 
711 88 8 11 0.048107482 
927 102 8 9 0.045846913 
970 103 7 9 0.045673944 
749 54 8 11 0.04453834 
657 48 7 9 0.04221117 
686 70 7 10 0.039738014 
174 54 15 16 0.037209496 
891 87 6 9 0.037102938 
840 103 8 10 0.03635765 
839 96 7 9 0.036056977 
966 117 12 15 0.034845877 
879 81 7 10 0.03330689 
703 72 10 12 0.03289234 
1015 85 8 12 0.03253055 
895 111 7 10 0.032301392 
889 119 8 9 0.03165304 
830 80 8 10 0.030888425 
899 72 7 9 0.030652074 
944 86 8 10 0.030029234 
23 83 11 16 0.029002348 
905 79 7 9 0.028996052 
704 85 9 11 0.028688086 
895 87 7 8 0.027307682 
904 72 7 9 0.02642445 
905 87 7 10 0.026209319 
1014 79 8 11 0.026081746 
4 86 11 14 0.025356688 
922 101 7 9 0.025307965 
673 372 30 36 0.024916168 
180 46 12 14 0.024909196 
834 92 8 10 0.024335023 
991 80 8 10 0.024293723 
929 112 9 12 0.02424508 
875 87 8 11 0.023937875 
994 104 10 13 0.02302719 
906 302 18 25 0.02268201 
1016 70 7 11 0.022654282 
961 102 7 9 0.022574529 
847 112 8 10 0.02236203 
726 47 8 12 0.022332788 
1 90 9 14 0.022231651 
725 73 8 11 0.02221091 
752 83 11 13 0.022137357 
874 113 7 8 0.02101857 
773 83 12 14 0.020836253 
890 113 7 9 0.020606905 
897 80 7 8 0.0205697 
913 119 7 9 0.020349791 
657 53 9 12 0.020333339 
