8_Election_Campain_Election_Campaign_8_32
21
221 261 28 36 0.99925846 
109 238 28 37 0.9991098 
872 287 26 33 0.9983209 
616 293 23 30 0.997575 
468 280 25 34 0.99703264 
362 287 25 31 0.9969212 
792 290 25 32 0.99689794 
662 274 26 33 0.9965933 
561 304 22 30 0.996212 
723 277 22 28 0.9959389 
322 292 22 29 0.9951722 
34 261 24 34 0.99397284 
952 273 24 30 0.9914779 
913 264 29 35 0.97323 
958 254 21 26 0.8475441 
991 257 19 23 0.82673347 
955 264 21 26 0.07029864 
862 516 9 10 0.048909813 
968 257 15 21 0.030322962 
884 515 11 15 0.026129058 
908 528 10 12 0.020490918 
