8_Election_Campain_Election_Campaign_8_437
74
648 53 25 30 0.99260336 
150 161 14 18 0.98939425 
730 49 24 30 0.98713803 
283 60 14 19 0.98606443 
476 253 23 28 0.98588085 
683 259 23 27 0.9823826 
150 64 14 18 0.9816813 
570 52 23 29 0.9806692 
753 144 16 21 0.9798732 
215 162 14 18 0.9790718 
586 147 15 20 0.97773564 
521 34 15 20 0.97672504 
640 146 16 21 0.97210175 
697 144 16 21 0.9720528 
436 64 23 27 0.9718502 
259 164 19 25 0.9707051 
581 256 22 27 0.96809006 
132 264 17 22 0.9666722 
364 65 22 27 0.96595776 
252 266 19 24 0.9653068 
26 157 15 18 0.9423621 
89 67 13 17 0.9278078 
369 255 20 25 0.923546 
215 62 14 19 0.90631324 
88 161 14 17 0.8979804 
23 69 13 19 0.8937722 
524 374 49 50 0.8904229 
622 62 13 17 0.88023984 
456 313 29 52 0.6379414 
413 74 11 16 0.6314924 
703 63 13 17 0.6288728 
303 172 13 17 0.6155735 
255 51 13 18 0.56448895 
125 56 12 17 0.40118647 
188 153 11 16 0.35087872 
63 150 12 17 0.24919039 
295 275 11 14 0.24246222 
631 266 12 17 0.21398775 
524 263 12 16 0.21295986 
63 59 12 17 0.20478974 
190 54 12 17 0.16517568 
1 147 12 18 0.14598113 
733 269 12 16 0.14066458 
1 204 54 83 0.122288465 
140 46 13 17 0.12218247 
784 60 12 15 0.120088734 
769 159 11 14 0.10049522 
126 151 11 16 0.089598514 
160 223 16 20 0.074562624 
140 142 13 17 0.06321299 
408 352 39 38 0.060428765 
352 137 19 22 0.056636706 
172 270 11 15 0.052950047 
790 395 11 12 0.04313375 
78 49 13 16 0.042578757 
493 94 22 30 0.0398083 
204 144 14 16 0.03930316 
196 57 12 18 0.037076864 
599 157 12 17 0.0368591 
68 63 13 17 0.034641698 
296 122 17 20 0.03295459 
0 59 10 18 0.032042906 
0 218 12 21 0.031710815 
131 153 13 17 0.02704042 
158 196 13 17 0.025283547 
126 171 11 16 0.025232032 
18 139 14 17 0.024868546 
130 58 13 17 0.02426774 
77 141 13 17 0.024246207 
14 53 12 15 0.022726206 
353 151 23 30 0.022494506 
701 54 14 17 0.022336312 
483 37 16 18 0.02185421 
1 253 24 38 0.021436678 
