8_Election_Campain_Election_Campaign_8_297
54
498 279 36 45 0.9986589 
782 241 50 59 0.99849474 
598 274 35 43 0.997787 
163 452 55 64 0.997373 
641 262 42 52 0.99661875 
414 318 31 39 0.9962812 
922 299 30 42 0.98887306 
947 301 25 43 0.6821504 
539 272 24 30 0.51645154 
484 157 11 15 0.4427338 
582 278 23 32 0.26992813 
583 35 11 17 0.18393098 
763 181 17 24 0.18309855 
374 302 22 32 0.16823214 
719 141 11 13 0.15904197 
37 445 66 71 0.12728387 
822 184 9 10 0.121791154 
669 154 15 18 0.105609015 
768 300 26 39 0.09963852 
428 238 24 30 0.08946995 
237 189 7 9 0.07808777 
508 143 15 21 0.070881054 
755 259 20 30 0.06726276 
712 198 13 16 0.06516268 
406 235 13 17 0.06354635 
706 210 36 55 0.062029365 
403 299 25 28 0.058193315 
583 30 20 29 0.052745294 
541 617 17 21 0.048639223 
501 139 16 22 0.0478004 
235 185 8 10 0.0446428 
867 313 24 29 0.04307542 
349 377 16 22 0.040982213 
401 230 23 28 0.03939039 
381 273 15 17 0.034345895 
605 72 28 29 0.031266943 
195 444 36 41 0.030740136 
766 200 13 16 0.030052347 
692 160 11 13 0.02877543 
561 299 25 35 0.026120722 
887 128 8 10 0.026007643 
487 128 7 9 0.02569937 
60 460 39 48 0.024829531 
531 158 18 20 0.0247787 
326 229 11 14 0.024349838 
608 84 26 32 0.023938727 
434 253 17 21 0.023471575 
404 164 13 16 0.023180919 
654 236 13 16 0.022481887 
581 72 14 21 0.022381768 
892 284 27 40 0.022356633 
381 247 9 11 0.020916115 
116 204 20 28 0.020396575 
385 305 26 34 0.020171916 
