8_Election_Campain_Election_Campaign_8_357
28
196 290 132 183 0.7918749 
264 790 8 11 0.39222136 
238 808 8 11 0.3182114 
238 773 8 11 0.3161286 
294 823 7 10 0.30726367 
293 789 8 10 0.23594593 
269 757 8 10 0.13380855 
269 823 8 10 0.12554899 
264 822 9 11 0.11229957 
295 849 8 10 0.058616936 
358 841 11 14 0.05445004 
293 757 8 10 0.049792908 
268 789 8 11 0.048570473 
222 827 10 12 0.04790391 
270 850 8 9 0.040611796 
671 824 7 10 0.033418346 
246 807 9 11 0.029637275 
357 664 16 22 0.027329715 
229 828 9 12 0.026973158 
668 732 9 12 0.026671343 
656 452 13 16 0.02503495 
238 828 10 12 0.022984426 
255 839 7 10 0.022759305 
192 796 8 10 0.022568312 
54 609 57 56 0.022292443 
263 817 9 11 0.022245897 
879 793 13 16 0.020950591 
263 785 8 11 0.020633401 
