8_Election_Campain_Election_Campaign_8_412
956
808 138 28 36 0.9991978 
250 172 26 33 0.99806887 
899 353 32 42 0.9977976 
963 205 32 37 0.99744 
6 260 34 42 0.99707246 
356 232 31 38 0.9969994 
269 258 32 39 0.9960821 
548 146 28 34 0.9955314 
424 421 34 45 0.9954354 
930 319 31 39 0.99449843 
165 245 30 39 0.99415994 
616 290 29 37 0.99354964 
299 564 45 65 0.9929563 
974 260 31 38 0.9928653 
620 390 35 42 0.99247813 
698 204 30 36 0.99162334 
645 305 31 41 0.99069726 
728 499 34 49 0.9902576 
773 596 47 62 0.98967767 
559 555 48 53 0.9895459 
767 433 34 46 0.98757833 
981 318 29 41 0.9865789 
636 425 41 47 0.98585445 
513 180 23 29 0.9854504 
569 216 23 31 0.9841212 
103 350 40 40 0.983413 
273 488 33 41 0.98288536 
331 398 42 48 0.98226786 
694 450 42 56 0.9792474 
859 456 39 45 0.97901386 
241 124 23 27 0.97837925 
968 535 35 46 0.9782138 
373 66 18 22 0.9780937 
276 17 15 18 0.9760083 
904 593 47 58 0.97552705 
671 241 23 31 0.9751511 
483 257 38 41 0.97366774 
621 515 40 55 0.97087204 
136 301 30 45 0.96975535 
490 138 23 25 0.9673139 
841 318 29 40 0.9671892 
92 328 27 33 0.9670621 
465 27 17 20 0.96558005 
14 506 32 55 0.965162 
176 382 31 40 0.9646578 
280 96 18 22 0.96267253 
495 218 25 28 0.9602983 
355 121 17 21 0.95839894 
669 185 24 31 0.95814484 
364 143 19 24 0.95593077 
368 499 33 42 0.9558489 
148 549 44 56 0.95568335 
557 114 17 20 0.9528808 
395 114 15 19 0.95037 
801 357 28 38 0.94807434 
82 531 33 54 0.94589776 
775 127 23 27 0.94154495 
485 581 30 37 0.94009316 
862 348 30 38 0.9387855 
349 180 23 28 0.93842643 
322 132 19 24 0.9381224 
466 84 13 18 0.9235028 
214 270 19 29 0.9212818 
944 190 22 28 0.9158829 
595 127 21 31 0.90819 
374 399 28 35 0.90811324 
273 216 22 26 0.9068635 
523 80 16 19 0.90655607 
304 12 12 16 0.8968022 
627 142 19 22 0.89623314 
584 85 11 16 0.89561194 
795 537 41 55 0.89559764 
537 115 17 21 0.89122057 
246 32 16 18 0.8878715 
293 35 14 18 0.8875529 
638 118 15 18 0.8766388 
862 264 24 34 0.8730594 
113 220 27 36 0.87133926 
400 370 27 36 0.8700727 
623 255 27 35 0.8619084 
268 548 40 52 0.85504204 
662 274 22 26 0.85255 
31 459 22 33 0.84713393 
562 186 20 27 0.8457615 
457 249 32 44 0.83702403 
95 421 23 32 0.83431494 
403 69 14 19 0.8271355 
917 300 22 27 0.8202145 
406 208 29 40 0.8156899 
91 456 23 34 0.8148802 
414 239 28 32 0.8136578 
337 275 22 30 0.81292516 
232 67 16 20 0.8127517 
569 460 32 52 0.80528766 
84 124 24 32 0.8039945 
303 65 14 17 0.80395 
813 414 29 52 0.8033362 
73 182 25 32 0.8013613 
159 206 24 35 0.8007239 
780 155 22 25 0.79278415 
816 624 54 63 0.78593147 
643 172 19 21 0.7838581 
609 76 18 22 0.7781779 
372 44 13 14 0.7656606 
554 380 34 43 0.74591756 
696 28 13 16 0.73841715 
996 320 26 41 0.73237544 
734 121 14 19 0.7312674 
914 179 13 17 0.7300102 
325 86 14 20 0.7251697 
420 69 14 17 0.7233717 
207 7 13 18 0.7204382 
483 400 28 39 0.71887827 
721 318 23 29 0.712542 
164 3 15 18 0.7120937 
856 575 33 44 0.70574254 
614 102 12 15 0.69559664 
285 37 13 17 0.69251394 
661 207 22 26 0.68216705 
718 102 14 16 0.6773551 
291 112 17 22 0.6504323 
660 128 20 30 0.6431674 
718 173 20 28 0.63813895 
810 241 18 22 0.63668144 
367 97 16 17 0.62706965 
226 421 32 48 0.6158325 
386 149 18 22 0.6054383 
533 34 12 16 0.6018507 
387 97 14 18 0.6006204 
337 160 20 27 0.5982647 
181 41 15 19 0.5970449 
997 373 25 30 0.5967875 
374 588 29 47 0.5838369 
651 102 14 17 0.5834437 
369 13 11 16 0.582596 
0 146 21 34 0.57794696 
586 59 13 16 0.57649577 
789 268 25 26 0.5670174 
881 100 14 18 0.56364304 
694 84 16 20 0.56172067 
231 45 13 17 0.55909735 
123 132 13 16 0.53917074 
946 404 33 52 0.53642714 
520 424 30 41 0.5318294 
524 31 13 18 0.51960146 
0 108 11 20 0.5052995 
702 117 14 16 0.50317603 
752 211 36 40 0.49619156 
599 164 22 28 0.47695193 
507 12 13 18 0.47458494 
344 23 10 13 0.46197262 
851 78 12 16 0.4583477 
100 337 31 37 0.45457116 
735 1 21 25 0.44643903 
922 521 33 48 0.44561905 
546 2 14 20 0.44384912 
696 416 21 28 0.43596658 
145 416 23 31 0.43257168 
350 494 39 48 0.42588156 
943 88 12 17 0.41974652 
601 28 10 13 0.41889128 
236 93 15 20 0.3993314 
192 98 20 26 0.39582187 
342 75 13 18 0.3901349 
536 582 29 45 0.38000315 
498 165 19 23 0.37959456 
861 45 10 12 0.37628743 
666 102 13 16 0.37413135 
389 161 22 24 0.37278178 
342 167 21 30 0.36746067 
726 286 17 22 0.36671364 
160 170 21 27 0.36349505 
761 99 11 15 0.36347675 
765 139 14 19 0.36128938 
429 101 14 19 0.35495973 
991 169 13 16 0.35483453 
497 476 28 34 0.3503089 
635 89 13 18 0.34722665 
958 428 35 49 0.3416788 
405 34 11 14 0.34065533 
639 68 15 17 0.3402306 
948 165 11 15 0.33943263 
946 627 39 52 0.33101267 
117 491 30 40 0.32502586 
846 41 10 15 0.3206918 
121 299 21 27 0.3146627 
154 98 14 19 0.31212112 
104 259 26 35 0.31037375 
255 152 21 28 0.3083076 
469 106 11 15 0.30754134 
875 185 14 17 0.30612847 
431 83 12 16 0.30382964 
1 192 20 42 0.29714972 
318 414 27 36 0.29418764 
458 172 22 28 0.28854254 
609 238 18 24 0.28846115 
122 89 14 19 0.2842969 
966 143 13 14 0.28314272 
996 69 14 16 0.2829127 
511 114 15 18 0.28240284 
172 8 13 17 0.28186718 
246 538 28 34 0.28031382 
452 139 16 22 0.27552113 
545 138 22 32 0.27026013 
619 589 39 60 0.269747 
53 103 12 15 0.2685837 
389 27 10 14 0.26855245 
116 3 11 15 0.26788068 
631 84 11 17 0.26657286 
201 4 12 17 0.26535448 
467 371 25 31 0.26376632 
872 75 12 15 0.260215 
587 134 17 24 0.25860542 
883 219 23 31 0.25369722 
1015 62 8 12 0.24665658 
291 75 12 15 0.24446552 
350 67 13 16 0.24351452 
28 121 13 17 0.24316406 
123 405 22 30 0.2417799 
107 22 11 14 0.24037193 
259 262 26 35 0.23842809 
956 116 14 16 0.23755574 
204 149 13 18 0.23746711 
305 174 19 22 0.2373497 
856 15 9 12 0.23701088 
196 239 23 36 0.23501563 
860 133 11 15 0.23493697 
217 509 27 32 0.23371412 
584 54 12 15 0.23198795 
151 20 11 15 0.23045753 
640 73 19 20 0.22870828 
931 200 16 21 0.22612996 
431 138 20 27 0.21348156 
406 9 12 16 0.21144699 
598 83 11 16 0.21131858 
976 1 10 11 0.20508943 
618 247 23 33 0.20256588 
685 140 12 14 0.20136367 
1011 186 12 20 0.197064 
820 46 9 12 0.19384095 
146 0 14 11 0.19220454 
877 204 16 21 0.18830286 
895 88 9 11 0.18648916 
319 86 14 18 0.18613344 
385 35 11 15 0.18611223 
420 32 11 16 0.18539545 
926 64 10 12 0.18527885 
142 99 11 15 0.18409134 
716 423 28 36 0.1836922 
958 71 12 15 0.1835521 
768 134 24 29 0.18090293 
568 19 9 12 0.180369 
278 124 16 20 0.17976886 
227 236 23 32 0.1791149 
158 11 11 14 0.17835541 
147 168 14 19 0.1763431 
346 77 15 20 0.1738829 
326 30 10 13 0.17375281 
533 260 21 31 0.17292826 
888 123 12 15 0.17248331 
495 2 11 14 0.16961515 
335 490 35 42 0.16871972 
441 240 22 29 0.16602865 
668 121 13 19 0.16581105 
636 22 11 14 0.16462992 
109 98 10 14 0.15994252 
393 47 12 15 0.1573031 
810 100 15 18 0.15425149 
224 108 13 16 0.15045966 
372 314 28 40 0.15027842 
620 44 11 14 0.14922261 
261 247 26 35 0.14770702 
951 168 12 16 0.14768557 
649 14 10 12 0.14691976 
377 1 10 11 0.14485155 
981 52 10 12 0.1414113 
990 119 11 13 0.14056164 
904 336 38 49 0.13782363 
700 76 16 19 0.13753882 
376 189 21 29 0.1355076 
195 541 27 38 0.13536052 
766 80 9 11 0.13355881 
238 468 31 44 0.13322222 
544 113 22 25 0.13120478 
836 92 12 14 0.13081455 
228 365 29 35 0.13054782 
625 295 34 41 0.12893699 
245 52 15 19 0.12786484 
572 383 29 40 0.12614007 
435 18 12 15 0.12507091 
31 339 24 30 0.12390324 
-1 22 8 13 0.12388295 
550 58 11 14 0.12292621 
441 137 20 28 0.12280526 
0 372 22 37 0.12266868 
514 356 25 31 0.12146345 
104 40 10 13 0.120776944 
727 122 11 18 0.118383706 
781 329 27 31 0.11773296 
410 67 17 23 0.1170229 
310 47 10 13 0.11632956 
226 440 39 59 0.116301075 
219 433 24 41 0.115702875 
981 0 11 10 0.11552226 
149 54 10 14 0.11524376 
790 106 12 14 0.11426035 
432 162 18 22 0.11412329 
986 664 31 24 0.11409684 
473 176 16 22 0.11310377 
763 103 13 18 0.11302767 
817 23 10 12 0.11273043 
34 15 8 11 0.11230474 
166 73 12 15 0.1122136 
197 439 29 42 0.11220248 
719 130 12 15 0.11186816 
380 253 30 34 0.11131332 
400 0 11 12 0.11070822 
1001 27 12 14 0.108947076 
231 483 28 37 0.108033024 
75 152 17 19 0.1049347 
67 132 13 16 0.10342947 
578 117 14 17 0.103001975 
573 67 9 12 0.10285909 
627 62 12 14 0.10271577 
53 0 9 9 0.10084416 
310 420 25 33 0.098831624 
12 350 25 31 0.09861349 
388 105 16 19 0.09814884 
115 152 13 18 0.09744734 
340 113 16 19 0.09564078 
452 102 12 14 0.09506575 
428 76 13 18 0.094277956 
17 14 9 10 0.09396768 
276 75 13 18 0.09385582 
420 93 12 16 0.09294832 
23 380 29 38 0.09248005 
549 468 49 67 0.09163156 
920 131 13 15 0.09126915 
959 39 11 14 0.09123655 
713 272 21 30 0.09062199 
637 35 11 14 0.08999111 
787 623 62 59 0.08877925 
848 332 36 46 0.087622106 
843 592 44 57 0.08741203 
497 43 13 17 0.087323174 
141 128 12 18 0.08670809 
551 39 12 16 0.08648005 
641 84 20 23 0.08447206 
689 4 13 16 0.08412186 
198 0 11 12 0.083059266 
55 61 8 11 0.08180928 
91 263 37 50 0.08168346 
191 0 11 11 0.08096208 
909 100 10 13 0.08077511 
233 84 17 21 0.080271 
762 322 17 24 0.07997598 
546 571 31 46 0.07909894 
443 199 23 29 0.07909101 
289 309 30 40 0.0789591 
861 99 11 13 0.077666186 
684 145 14 18 0.077357136 
680 131 13 18 0.07656798 
557 43 11 14 0.07647454 
919 1 10 10 0.07634651 
413 33 13 17 0.07629001 
496 325 24 31 0.076271586 
4 386 28 31 0.075796366 
21 13 9 11 0.07564461 
886 93 11 14 0.075549416 
654 31 11 13 0.07550774 
173 149 11 14 0.075107776 
1012 158 10 15 0.07427515 
507 330 16 22 0.07404687 
118 62 11 14 0.07367606 
249 114 17 18 0.073166214 
614 11 12 13 0.073123924 
261 8 11 17 0.073123 
164 224 27 39 0.07288124 
117 94 13 18 0.0727697 
932 29 11 14 0.07264124 
178 241 28 39 0.072171964 
462 130 15 20 0.07149582 
68 432 22 26 0.07108085 
302 45 12 16 0.07105097 
381 3 10 13 0.07080463 
135 130 12 16 0.07061148 
699 46 13 15 0.07041479 
342 44 11 16 0.07017571 
542 547 22 32 0.06931007 
612 92 15 17 0.0692944 
134 169 25 29 0.068600595 
900 294 27 36 0.06825544 
128 50 12 15 0.06812262 
807 2 13 16 0.06805554 
964 94 10 12 0.067559205 
706 166 20 28 0.06750389 
867 198 21 26 0.06743987 
57 85 9 11 0.066690154 
190 299 25 33 0.06651816 
221 491 29 38 0.06635065 
80 28 9 11 0.06585309 
949 5 11 15 0.06580755 
514 13 13 17 0.06572936 
324 423 15 22 0.06562274 
935 82 13 18 0.06527757 
123 14 13 18 0.06527712 
991 60 13 16 0.065258086 
128 435 22 30 0.06495812 
797 410 27 37 0.06458288 
650 94 15 18 0.06437564 
77 219 16 20 0.06280938 
472 0 11 11 0.062715895 
353 75 14 18 0.06265128 
189 107 14 21 0.06250419 
789 422 38 48 0.062460814 
573 92 12 16 0.06244518 
79 44 11 12 0.062231068 
398 270 29 39 0.061443754 
909 201 14 18 0.061344188 
669 129 20 25 0.061175503 
791 78 9 11 0.06111654 
487 186 12 16 0.06069142 
113 0 12 13 0.060650967 
177 35 12 18 0.06061912 
846 0 9 8 0.060596876 
14 146 22 29 0.060436137 
146 128 14 19 0.060316723 
791 86 10 14 0.060133956 
729 381 23 30 0.06011329 
905 118 10 12 0.05991598 
500 37 12 17 0.059312716 
446 63 12 14 0.059107304 
808 94 12 15 0.059090845 
401 30 12 15 0.059025276 
368 49 14 17 0.05888445 
900 45 10 14 0.05870661 
132 169 16 17 0.058292706 
492 172 21 26 0.05814125 
664 117 12 15 0.057277743 
607 13 9 12 0.0571561 
797 500 25 33 0.05665457 
119 116 10 13 0.056557126 
58 102 13 17 0.05624538 
217 360 27 39 0.055834122 
873 40 8 11 0.05563933 
449 240 26 34 0.05551365 
230 0 12 11 0.055345584 
904 31 8 10 0.055009056 
573 21 8 11 0.054880425 
304 51 12 14 0.054663848 
590 161 22 27 0.05459774 
180 65 15 18 0.054363653 
341 90 15 19 0.053838547 
128 414 26 35 0.05376305 
125 111 12 14 0.0537451 
82 274 23 32 0.053725112 
141 118 11 13 0.053040996 
861 61 11 13 0.052744742 
26 144 14 22 0.052365474 
388 263 30 36 0.0521405 
940 197 16 23 0.052058343 
648 20 10 14 0.052027 
699 146 12 14 0.05138618 
0 478 12 25 0.05105758 
71 104 9 13 0.051021453 
857 95 11 14 0.05096487 
442 286 25 35 0.050868377 
924 208 16 20 0.050751705 
870 80 11 15 0.050627314 
159 0 13 13 0.050471853 
153 459 26 36 0.05030682 
62 80 9 13 0.050187446 
339 179 16 26 0.04959288 
603 23 12 15 0.049486477 
893 423 24 30 0.049223635 
428 91 15 21 0.048967518 
120 11 11 17 0.048678182 
601 193 24 33 0.04861461 
64 37 9 11 0.04843935 
923 225 17 22 0.048040498 
632 25 12 14 0.048036896 
318 46 11 13 0.04803566 
497 183 22 27 0.047849156 
206 127 16 20 0.04777217 
455 359 31 39 0.047730282 
741 61 12 17 0.04771352 
605 33 11 14 0.04760906 
10 400 17 19 0.047607556 
648 27 11 15 0.047475297 
855 69 10 13 0.047424935 
877 53 10 13 0.04720177 
902 95 10 13 0.047106486 
435 154 16 21 0.04707946 
269 55 12 14 0.04687473 
537 557 30 45 0.046805713 
495 12 11 17 0.04678045 
707 417 26 33 0.04670643 
870 45 10 12 0.04657956 
635 127 17 19 0.04630902 
991 54 10 12 0.046196036 
510 60 11 15 0.046134 
1011 265 11 21 0.04585261 
123 60 13 16 0.045815844 
349 41 13 18 0.045774233 
929 33 9 13 0.04573133 
956 27 12 16 0.045696914 
421 2 13 17 0.045440566 
836 312 23 35 0.04541646 
32 99 12 17 0.045157615 
749 273 24 31 0.045124236 
202 308 22 33 0.0450728 
986 124 11 14 0.0450297 
583 30 8 11 0.044886727 
713 478 39 51 0.04476791 
239 358 30 40 0.044746168 
909 118 10 12 0.044493515 
131 91 13 18 0.044465534 
727 24 11 14 0.044255514 
118 182 24 32 0.044109095 
159 121 12 17 0.04400456 
55 115 11 14 0.043945532 
696 161 20 26 0.04340121 
479 376 16 22 0.043037333 
4 357 26 42 0.042951066 
856 63 12 13 0.042928353 
912 36 9 12 0.042881817 
132 45 12 16 0.04286447 
950 118 16 19 0.04280756 
0 201 12 30 0.042554375 
103 68 9 11 0.04248329 
963 74 11 15 0.04242549 
73 71 9 12 0.04222096 
501 0 11 11 0.042188484 
472 389 25 33 0.042186905 
479 175 20 26 0.04205442 
78 106 10 14 0.042011127 
71 1 8 9 0.041979644 
895 37 9 11 0.041942153 
903 38 9 11 0.04186028 
136 66 12 16 0.041323226 
344 267 24 31 0.041256685 
870 53 10 13 0.04124705 
638 13 9 12 0.041222412 
933 134 12 15 0.041164406 
585 22 10 13 0.041141782 
927 50 13 17 0.04110552 
258 315 24 31 0.040952943 
136 421 26 36 0.040892456 
57 179 28 36 0.040808197 
100 217 26 32 0.04071144 
998 182 12 15 0.040680725 
522 112 20 26 0.04055692 
766 308 20 32 0.040551424 
479 324 35 44 0.04052114 
897 32 8 10 0.04047848 
864 50 11 14 0.04044703 
1000 141 11 14 0.040299825 
163 45 13 16 0.040222898 
294 80 14 18 0.04015468 
84 67 15 19 0.039909605 
242 90 15 21 0.039854866 
440 1 10 11 0.039677322 
952 111 13 16 0.039637115 
458 135 20 26 0.03944387 
897 52 10 12 0.039335873 
349 28 11 13 0.0390929 
796 88 11 15 0.038898695 
864 111 10 14 0.038861938 
890 37 8 11 0.03845963 
654 108 13 18 0.03825302 
468 334 34 42 0.03818906 
397 205 24 34 0.03811434 
997 0 14 10 0.038082838 
573 542 50 55 0.038055606 
1010 63 9 13 0.038055487 
202 159 21 26 0.038021557 
707 129 14 16 0.03787079 
832 88 10 13 0.037803918 
55 56 9 12 0.037803642 
912 198 20 26 0.03777602 
710 105 20 24 0.03769494 
465 164 18 24 0.03749085 
31 596 24 34 0.03742009 
214 519 17 24 0.03732999 
386 195 25 31 0.03732017 
921 16 9 11 0.037268486 
996 53 12 14 0.037253164 
854 116 10 14 0.037050758 
520 486 23 32 0.03704271 
676 124 12 16 0.03704226 
940 79 13 18 0.037041757 
904 124 11 14 0.037017055 
881 30 9 12 0.036934856 
172 67 13 18 0.036914263 
898 13 9 11 0.036755156 
492 187 14 17 0.0366784 
748 616 32 39 0.03665201 
112 60 10 13 0.036508534 
80 68 10 13 0.036403235 
561 11 11 15 0.036336433 
97 39 9 12 0.03620844 
61 46 8 12 0.036165632 
24 327 13 18 0.036124602 
905 131 10 14 0.036119856 
235 5 12 13 0.036005426 
219 100 15 18 0.035967216 
933 76 12 17 0.035948947 
95 7 9 11 0.03591895 
215 93 13 15 0.03585598 
200 529 27 39 0.035811447 
209 257 20 30 0.035611816 
953 22 11 14 0.035504095 
777 69 9 13 0.0353714 
958 99 13 17 0.035311144 
153 416 28 35 0.03525978 
581 108 14 17 0.034929387 
943 115 14 18 0.034897186 
632 13 9 11 0.03480757 
931 69 10 13 0.034796726 
814 86 10 13 0.03452416 
1006 34 11 14 0.03439568 
140 105 14 17 0.034304943 
241 548 36 50 0.03421161 
620 13 11 13 0.034162395 
43 184 27 36 0.034066625 
868 60 10 12 0.03399598 
476 97 13 19 0.03391998 
1005 142 11 13 0.03383273 
832 77 8 10 0.033816777 
434 134 14 20 0.033759177 
142 62 11 16 0.033752687 
64 32 9 11 0.0335701 
21 22 8 11 0.033477467 
118 126 14 17 0.033471603 
1010 294 14 29 0.0334638 
623 21 9 12 0.033459544 
831 38 9 11 0.033456407 
17 335 27 38 0.033403687 
152 616 24 37 0.033356905 
454 172 16 23 0.03325847 
650 82 15 17 0.033216365 
796 77 10 14 0.03318653 
323 79 14 17 0.033160713 
57 48 8 11 0.03315124 
5 0 9 8 0.033072352 
814 70 9 11 0.033010237 
627 159 17 20 0.03276838 
0 142 12 23 0.032720476 
300 87 12 15 0.032662854 
680 404 37 42 0.03265741 
862 530 39 51 0.032558836 
439 82 16 18 0.03254601 
272 14 14 17 0.03252386 
334 184 15 22 0.03210524 
786 87 10 13 0.032005243 
795 294 27 30 0.031886578 
315 137 22 27 0.03186976 
390 13 11 12 0.03183238 
10 394 30 35 0.03177611 
102 417 27 33 0.031731483 
445 105 16 19 0.031591725 
713 180 27 36 0.031576958 
791 44 9 11 0.031555012 
8 52 9 12 0.03142976 
621 6 12 14 0.031285364 
92 102 12 14 0.031241423 
386 315 30 39 0.031177802 
878 577 50 62 0.031091457 
860 68 12 14 0.031081779 
411 5 14 17 0.031068815 
692 142 14 16 0.031005306 
38 196 23 32 0.030978093 
101 217 14 21 0.030971156 
389 5 9 12 0.03080142 
65 0 9 10 0.030781295 
400 467 25 26 0.03072862 
132 303 15 28 0.030588396 
532 554 25 30 0.030550174 
405 255 27 34 0.030501453 
199 198 22 31 0.03047213 
252 98 13 15 0.030399743 
0 54 8 13 0.030335205 
359 11 10 14 0.030211696 
68 77 11 14 0.030122284 
229 403 42 51 0.030111589 
890 88 9 12 0.029943602 
246 109 15 17 0.029936243 
846 618 37 58 0.029930929 
35 117 12 18 0.029852204 
786 76 9 12 0.029819723 
342 61 11 16 0.02979532 
630 399 34 45 0.029793266 
991 46 13 15 0.029756177 
664 458 40 51 0.029740782 
981 30 12 14 0.029701993 
115 54 13 17 0.029626466 
706 80 15 19 0.029595947 
509 423 27 35 0.029587226 
548 17 11 14 0.029561568 
615 38 12 15 0.029499618 
556 5 12 17 0.02944727 
863 78 10 13 0.029408693 
347 116 15 21 0.02920175 
427 51 13 16 0.029161425 
856 38 10 13 0.02916013 
871 110 9 11 0.029054947 
0 59 9 16 0.028946321 
637 373 30 39 0.028933434 
353 14 10 12 0.028889405 
934 23 11 13 0.028854612 
201 536 38 53 0.028812863 
275 67 14 19 0.028790332 
424 83 13 18 0.028724061 
297 108 14 19 0.028633228 
48 46 8 11 0.028569894 
896 24 9 10 0.028409235 
515 57 13 17 0.028402977 
33 239 25 31 0.02839719 
861 278 17 24 0.028360644 
446 37 12 17 0.028333131 
137 496 26 35 0.02826145 
372 196 16 23 0.028249875 
132 14 12 16 0.02823366 
452 37 11 16 0.028173782 
824 308 19 29 0.028165177 
136 39 10 12 0.028154427 
1014 142 9 12 0.028145032 
775 37 10 13 0.028081816 
36 96 12 16 0.027954647 
543 91 12 15 0.027950255 
656 172 21 29 0.027947994 
244 162 15 20 0.027857088 
151 155 14 16 0.027805751 
176 61 13 16 0.027801577 
802 500 15 20 0.027801178 
796 105 13 18 0.027773783 
54 4 9 10 0.027743021 
708 434 41 50 0.027670944 
646 36 12 14 0.027667942 
66 7 7 9 0.027651032 
699 84 22 27 0.027488029 
654 62 12 16 0.027483853 
913 5 9 11 0.027344333 
0 319 11 26 0.027337627 
784 534 36 45 0.027333783 
588 47 12 13 0.027330559 
850 15 11 13 0.027286813 
394 238 39 44 0.027268723 
636 592 32 48 0.027154662 
7 33 9 11 0.027091404 
583 47 10 13 0.027078843 
989 128 12 14 0.026912168 
918 116 10 14 0.026911288 
761 83 12 13 0.026841294 
949 75 14 18 0.026819583 
126 1 10 10 0.026790347 
617 80 15 19 0.026734494 
172 0 14 16 0.026657851 
718 111 15 20 0.026463952 
438 39 13 17 0.026429692 
998 44 11 15 0.026356028 
989 0 13 11 0.026345434 
582 100 12 16 0.026294619 
999 133 11 13 0.026219558 
84 39 11 13 0.02619269 
355 42 13 17 0.02617503 
393 93 15 18 0.026172971 
344 97 16 19 0.02609493 
157 399 40 51 0.026043942 
1005 43 11 15 0.02603931 
509 493 16 21 0.02603007 
886 31 10 13 0.025988672 
643 474 42 49 0.02588749 
815 41 10 11 0.0258243 
81 16 8 10 0.025752613 
765 109 13 18 0.025723044 
377 41 13 17 0.025660323 
841 38 11 16 0.025630591 
108 84 12 16 0.025606193 
876 83 12 13 0.025509745 
839 76 8 11 0.025493613 
648 249 39 46 0.025480863 
56 92 10 13 0.025470443 
229 28 12 15 0.025440723 
707 70 15 19 0.025438972 
86 1 8 9 0.025282618 
876 47 10 12 0.025259867 
47 41 8 11 0.025199033 
239 35 12 17 0.025183149 
781 31 10 12 0.025142763 
313 89 12 17 0.02500555 
423 9 13 18 0.024947766 
543 59 13 16 0.024931634 
71 6 9 10 0.02480992 
36 204 15 22 0.024804113 
88 13 9 10 0.024789212 
325 426 27 40 0.02472695 
862 31 8 10 0.024703123 
385 286 40 59 0.024680592 
157 165 15 20 0.024629464 
431 1 10 11 0.024616854 
889 62 9 11 0.02443147 
841 0 9 11 0.0244238 
524 95 16 19 0.024246909 
463 5 11 12 0.024201406 
383 342 26 35 0.024158346 
708 320 23 28 0.024108803 
577 449 29 43 0.024102602 
685 191 31 44 0.024022868 
944 160 11 14 0.024007546 
332 268 18 23 0.023888942 
443 19 11 14 0.023853565 
998 442 25 39 0.023837214 
870 102 9 11 0.02382264 
167 84 13 17 0.023800684 
857 31 9 11 0.023759758 
126 327 28 40 0.023700774 
1009 182 11 16 0.023668308 
105 314 29 34 0.023620162 
235 481 16 23 0.023612529 
159 51 12 15 0.023606328 
924 135 15 17 0.023569066 
207 151 17 23 0.023562877 
501 29 12 17 0.023549715 
284 27 15 18 0.023500193 
13 53 9 13 0.023495818 
406 16 13 16 0.023461828 
784 268 37 45 0.02345222 
428 111 16 20 0.023439476 
607 72 11 15 0.023373554 
295 167 23 31 0.023344519 
997 125 12 15 0.023325143 
694 69 12 17 0.023299292 
44 186 13 21 0.023295928 
879 21 10 13 0.023170322 
89 7 8 10 0.023140425 
990 4 14 12 0.023116631 
880 14 9 12 0.023097029 
928 21 10 13 0.023068331 
331 577 52 66 0.023038434 
286 5 12 13 0.023033395 
992 114 10 11 0.02298991 
935 0 10 9 0.022909716 
534 440 45 54 0.02283422 
183 0 12 12 0.022829534 
37 19 9 12 0.02278991 
782 36 12 13 0.022786504 
475 0 14 15 0.022735655 
248 38 17 20 0.022734975 
125 309 24 38 0.02271116 
925 0 10 10 0.02269033 
587 154 18 23 0.02261659 
357 6 11 12 0.022562433 
978 47 11 14 0.022542132 
931 62 10 13 0.022541553 
62 91 10 13 0.022530256 
869 115 10 15 0.02251705 
723 284 36 53 0.022505108 
535 122 22 25 0.022501541 
318 67 12 16 0.022396993 
915 102 11 13 0.022362962 
224 0 11 10 0.022337267 
205 363 27 38 0.022333372 
1014 151 9 14 0.0222871 
917 35 8 12 0.022269277 
623 0 11 11 0.02224456 
898 242 24 34 0.022241324 
439 164 20 27 0.022208426 
247 349 29 37 0.022198465 
218 195 23 32 0.022177786 
107 91 18 22 0.022168916 
599 78 18 26 0.022110004 
909 70 8 11 0.022085086 
142 204 28 36 0.022062378 
925 119 10 13 0.022039607 
632 72 20 26 0.02203728 
23 347 29 36 0.022028465 
574 108 14 16 0.021985024 
598 177 25 34 0.021839699 
88 432 34 49 0.021837559 
1009 329 16 30 0.021834876 
612 30 11 14 0.021787725 
235 0 13 10 0.021780837 
60 243 26 32 0.021775289 
632 159 23 28 0.02177078 
237 11 11 14 0.021730581 
0 377 11 27 0.021685453 
928 304 17 23 0.021654323 
135 1 10 10 0.021632798 
799 40 8 11 0.021624137 
256 4 10 13 0.021619963 
910 108 12 15 0.021609524 
798 240 26 28 0.021592908 
918 210 14 18 0.021587258 
668 573 41 49 0.021536436 
968 0 10 11 0.02148315 
93 93 13 15 0.021446316 
747 59 13 16 0.021428607 
337 43 10 15 0.02135406 
70 37 9 11 0.021329321 
889 69 10 13 0.021279411 
293 91 14 18 0.021253303 
118 42 12 16 0.021243466 
862 196 17 20 0.021242267 
131 212 29 35 0.021199113 
606 128 18 24 0.021172922 
798 44 8 11 0.021150233 
992 20 13 14 0.02108866 
209 443 29 46 0.021021131 
102 0 8 9 0.021020116 
570 246 21 22 0.021008397 
172 162 15 19 0.020945322 
199 62 13 18 0.020924773 
611 281 14 20 0.02089573 
271 24 13 18 0.02089551 
583 37 9 11 0.020860799 
812 79 9 11 0.020782651 
772 77 9 12 0.020777147 
3 160 17 29 0.020757983 
640 9 8 9 0.020690378 
331 93 15 21 0.020664837 
347 48 14 19 0.020656541 
423 43 12 16 0.020621445 
660 83 10 13 0.020602839 
498 155 18 20 0.020500138 
424 20 11 14 0.020494767 
169 145 19 24 0.020487405 
428 205 27 34 0.020454295 
497 247 32 40 0.020425996 
306 142 20 27 0.02042128 
37 32 8 11 0.020411542 
438 61 12 15 0.020403944 
735 64 13 20 0.020390878 
155 5 19 23 0.020390572 
109 105 12 16 0.020380527 
72 330 28 34 0.020314228 
12 73 14 19 0.02029759 
390 0 11 11 0.020284869 
109 69 11 12 0.0202797 
776 62 10 13 0.020278327 
647 9 10 11 0.020276953 
957 598 47 65 0.020262178 
923 226 26 33 0.020240631 
880 96 11 15 0.02023103 
78 50 10 13 0.020228557 
934 637 37 47 0.020223515 
631 8 8 11 0.02018991 
648 43 12 14 0.020185305 
86 102 12 16 0.020178469 
204 113 14 19 0.020174434 
112 444 27 35 0.020168824 
331 280 18 27 0.020124434 
894 225 24 32 0.020121332 
164 117 11 15 0.020116199 
499 48 14 18 0.020105945 
953 34 11 16 0.02007086 
