8_Election_Campain_Election_Campaign_8_498
27
684 43 124 156 0.9997253 
575 146 69 81 0.9991517 
347 155 59 78 0.9987602 
70 121 90 117 0.9987318 
481 184 51 66 0.9984383 
919 260 106 169 0.9976255 
260 139 88 108 0.9965153 
399 154 45 63 0.99567777 
200 185 63 73 0.990225 
770 139 63 89 0.98389846 
542 163 37 49 0.98063964 
883 207 40 50 0.9121406 
222 167 79 95 0.38388205 
449 168 32 51 0.14640136 
962 179 51 57 0.11598724 
0 1 26 23 0.115426116 
535 141 28 37 0.09562971 
848 209 34 39 0.063751146 
26 179 54 66 0.05239267 
0 457 11 24 0.035228513 
220 155 55 74 0.03472796 
471 157 46 61 0.029424682 
457 198 33 52 0.024596317 
854 215 41 53 0.024559593 
0 371 12 26 0.02396076 
869 207 34 43 0.022243181 
735 141 65 79 0.020032061 
