8_Election_Campain_Election_Campaign_8_252
211
294 443 51 68 0.9989009 
492 379 27 34 0.9978523 
413 393 27 33 0.9969553 
365 389 27 30 0.99651104 
923 312 27 35 0.9955792 
141 451 83 95 0.9952089 
791 337 15 18 0.9887888 
876 310 17 21 0.98764694 
854 302 14 18 0.98450214 
109 422 14 18 0.9795645 
885 332 18 23 0.9760567 
896 297 16 20 0.9583454 
754 334 15 18 0.9543511 
987 288 22 26 0.94367474 
844 327 19 21 0.932345 
708 292 22 24 0.92168176 
669 349 17 20 0.91846335 
827 350 18 30 0.9114846 
88 452 17 24 0.90878904 
607 363 15 18 0.8722342 
646 347 15 19 0.8719935 
950 314 16 23 0.8573327 
652 364 14 17 0.83143955 
725 351 15 20 0.7108834 
631 341 13 18 0.67316025 
836 247 11 14 0.547202 
79 412 12 16 0.47828585 
1006 320 17 28 0.4446066 
736 335 11 14 0.43402654 
577 360 15 18 0.38060603 
707 355 12 15 0.37616506 
77 427 15 18 0.35745057 
979 297 15 19 0.33938253 
838 276 11 14 0.324428 
913 301 14 19 0.3126856 
79 420 13 17 0.2975905 
659 322 12 14 0.29009438 
771 313 11 15 0.27603558 
865 284 12 15 0.26635784 
677 378 11 15 0.25272837 
265 390 8 9 0.24752861 
790 362 11 14 0.23012969 
59 476 19 29 0.22409052 
715 379 14 18 0.22019483 
238 391 8 10 0.18867049 
730 457 34 33 0.18826981 
789 302 11 14 0.1700027 
715 345 16 26 0.16616282 
0 420 12 17 0.16569287 
637 346 12 16 0.16438252 
650 356 15 17 0.16034515 
460 135 19 21 0.15970773 
747 309 13 15 0.14709543 
685 370 13 20 0.14459738 
869 291 12 15 0.14170653 
673 411 16 19 0.14005071 
693 360 9 13 0.13370898 
688 364 11 16 0.13128777 
654 300 10 11 0.12753548 
665 302 8 11 0.11306057 
117 404 8 11 0.112578034 
301 380 15 17 0.10908735 
776 293 13 16 0.108132824 
300 388 14 16 0.10590105 
759 415 35 37 0.102626845 
247 399 7 9 0.09859002 
670 402 16 19 0.0929624 
577 401 21 33 0.09115612 
739 339 11 15 0.09014566 
684 333 10 14 0.088768214 
38 424 12 13 0.08522448 
129 399 9 11 0.0839117 
833 250 11 14 0.07759858 
655 318 13 15 0.07590778 
830 229 10 12 0.07569061 
225 382 6 8 0.07546064 
371 361 17 21 0.07417608 
540 349 14 15 0.073547415 
999 189 9 10 0.07235222 
251 494 37 58 0.07081945 
572 349 11 14 0.06806948 
631 408 16 22 0.066275954 
100 412 10 13 0.06585538 
1008 271 11 13 0.06566042 
939 293 11 13 0.06507759 
727 307 11 17 0.06437074 
275 373 8 10 0.06354452 
177 407 12 13 0.06351844 
820 316 10 12 0.062299915 
741 346 13 17 0.060977586 
783 297 11 15 0.058273405 
669 303 8 11 0.056875955 
806 327 11 13 0.056677613 
531 362 13 16 0.05631698 
718 360 13 19 0.055822156 
209 392 7 9 0.0533418 
454 391 13 17 0.051181592 
291 374 9 11 0.0505891 
201 421 8 10 0.050444853 
454 93 13 16 0.048831705 
623 357 11 13 0.048543956 
938 297 15 19 0.04804015 
295 378 11 14 0.046794098 
207 398 8 10 0.04660756 
652 343 14 19 0.045563728 
305 386 15 16 0.04536588 
81 430 16 20 0.044340592 
221 406 12 12 0.04432023 
394 249 19 21 0.043851007 
797 358 11 14 0.04363847 
965 305 12 16 0.042946342 
621 362 13 17 0.042155314 
240 396 9 11 0.041901905 
400 347 12 16 0.041759253 
659 341 13 15 0.0412552 
853 244 9 13 0.0411489 
184 391 11 12 0.040964123 
208 406 8 11 0.038189996 
133 403 11 13 0.038164638 
233 382 7 10 0.03796089 
281 396 11 14 0.03785579 
307 414 13 15 0.037783567 
292 405 11 14 0.03749565 
159 393 8 10 0.03678695 
623 402 19 30 0.03677163 
848 245 9 13 0.036574293 
208 414 8 11 0.036004286 
190 397 9 11 0.0359647 
674 361 16 19 0.035873804 
296 396 10 13 0.035720475 
264 386 8 10 0.035660915 
905 297 18 23 0.03525676 
461 371 15 19 0.034759272 
868 329 15 21 0.034477685 
284 403 14 16 0.034465764 
725 297 14 18 0.03384324 
216 407 9 12 0.033797894 
35 431 16 19 0.033512782 
153 394 8 9 0.03331584 
0 455 10 20 0.032758527 
496 341 11 12 0.0325518 
303 397 28 34 0.032217782 
663 347 14 17 0.03216271 
132 202 51 71 0.031638682 
883 326 17 20 0.031487804 
259 390 7 10 0.030788396 
201 400 8 10 0.030752033 
45 446 12 16 0.030701151 
660 308 11 12 0.030524144 
199 405 8 10 0.029967234 
744 296 11 13 0.029742902 
443 386 15 17 0.029649198 
152 397 7 9 0.029606191 
399 343 11 14 0.029518928 
215 413 8 11 0.029289825 
923 299 16 18 0.029129492 
225 377 6 9 0.02906181 
892 313 15 19 0.02897968 
215 373 7 10 0.028786441 
720 427 19 34 0.028764626 
269 396 9 12 0.028183088 
278 368 8 10 0.028180437 
229 406 10 12 0.027822694 
850 230 9 11 0.027636634 
781 412 24 32 0.027361691 
962 244 9 12 0.026815932 
69 431 14 18 0.02661463 
658 329 15 17 0.026352994 
725 440 27 43 0.026276967 
690 374 13 20 0.025610192 
295 382 23 27 0.025488779 
247 405 8 12 0.025393182 
377 368 13 18 0.025317246 
501 205 130 129 0.025026305 
214 391 8 9 0.024744345 
524 337 11 16 0.02468676 
32 421 13 14 0.024623193 
48 483 28 31 0.024561867 
618 377 15 20 0.024361802 
280 391 10 11 0.02430283 
95 416 12 17 0.024260854 
435 401 16 23 0.02374059 
559 368 12 14 0.023653131 
569 24 9 12 0.023553949 
206 359 7 9 0.023521507 
237 385 8 9 0.023385223 
218 384 7 8 0.02330107 
761 332 12 16 0.023238668 
440 380 14 17 0.022951428 
167 404 10 13 0.022922317 
204 420 9 11 0.022743888 
193 405 9 12 0.022539025 
24 -14 400 409 0.022511384 
480 495 52 54 0.022463491 
734 468 42 33 0.022268424 
579 418 17 29 0.02205663 
223 411 11 12 0.022010848 
538 360 13 17 0.021928908 
165 398 9 12 0.021481378 
373 91 438 491 0.021443352 
279 403 12 15 0.02113542 
766 299 10 13 0.020958673 
367 357 14 17 0.020713732 
38 442 14 18 0.020538962 
444 373 12 14 0.020515213 
114 401 9 11 0.02040963 
525 480 21 41 0.020304723 
925 294 14 15 0.020183736 
305 374 14 16 0.020152956 
592 372 12 16 0.020097356 
178 404 26 29 0.020092081 
