8_Election_Campain_Election_Campaign_8_118
111
292 165 54 68 0.9994023 
408 208 69 86 0.9987037 
715 384 106 126 0.9982109 
530 167 38 48 0.9976834 
649 202 37 42 0.9967435 
214 190 45 54 0.99649745 
362 176 46 60 0.9958637 
888 334 61 71 0.9958151 
531 299 65 93 0.9957897 
996 237 27 39 0.9914391 
173 215 39 49 0.9901501 
212 281 35 48 0.9888587 
696 249 79 106 0.9744494 
958 272 40 47 0.9559287 
48 193 26 41 0.94800293 
141 196 45 57 0.943348 
920 489 96 208 0.760349 
891 230 21 31 0.6607539 
961 226 16 18 0.6231575 
884 253 24 32 0.6200698 
824 184 8 11 0.5069788 
722 197 18 20 0.36894697 
983 204 11 14 0.35770315 
638 196 15 22 0.31030697 
586 165 8 11 0.28874165 
950 238 28 31 0.27667218 
772 187 11 14 0.25856555 
989 328 34 51 0.2355236 
812 223 39 60 0.21030198 
957 200 9 11 0.17879021 
861 184 9 12 0.17450394 
982 199 10 13 0.16987112 
769 184 9 12 0.16002643 
805 184 9 12 0.15432255 
98 201 38 52 0.14345571 
711 188 10 13 0.12599383 
599 197 11 14 0.12561433 
902 200 9 10 0.12058521 
985 210 18 19 0.118706636 
928 196 8 11 0.113824464 
714 197 31 36 0.11321944 
193 203 40 52 0.10632269 
0 534 28 50 0.1013652 
929 192 9 11 0.08605896 
910 253 24 29 0.07768627 
955 234 19 22 0.07027166 
719 172 9 11 0.06656003 
644 198 26 33 0.062299106 
97 247 33 38 0.058392353 
921 199 8 9 0.057530135 
624 166 10 12 0.05480267 
830 239 30 50 0.053294335 
954 259 36 43 0.053030234 
808 173 10 12 0.050604273 
813 172 10 12 0.04940316 
896 199 9 11 0.048642766 
54 242 24 31 0.04671429 
389 197 44 63 0.04303188 
996 282 24 32 0.04220899 
840 181 8 11 0.04196335 
978 198 9 13 0.04182489 
625 172 9 11 0.041198388 
813 215 28 40 0.03990937 
932 196 9 11 0.039768282 
817 182 9 12 0.036858138 
942 247 29 35 0.03579051 
858 188 11 14 0.035635594 
715 189 11 16 0.034990244 
839 176 8 11 0.034671567 
763 212 19 22 0.03391344 
798 166 9 11 0.032748256 
948 235 17 21 0.032326337 
61 239 12 15 0.03187307 
809 213 17 20 0.031092534 
627 157 11 13 0.030767625 
952 202 11 13 0.029872937 
876 229 32 44 0.02880499 
736 183 11 12 0.027916348 
897 203 11 14 0.02786423 
798 160 9 12 0.027405314 
714 174 8 11 0.02722588 
984 215 23 24 0.027105758 
856 328 53 71 0.027036306 
726 173 9 10 0.027017616 
981 190 13 16 0.02693129 
987 200 12 14 0.02629295 
889 192 8 9 0.025168136 
655 164 13 15 0.023800038 
5 214 49 75 0.023716297 
846 182 8 11 0.023297155 
163 178 27 44 0.023124166 
977 278 35 43 0.022868294 
921 193 7 8 0.022730326 
707 189 9 12 0.022637498 
750 181 9 12 0.022634031 
824 64 26 36 0.02260622 
926 252 24 30 0.022234872 
829 189 9 11 0.022068623 
964 198 10 12 0.02202675 
894 192 7 9 0.021997664 
725 168 9 11 0.021794435 
830 183 8 11 0.021767493 
945 198 9 12 0.02166478 
729 205 19 23 0.021519048 
24 475 11 13 0.021328898 
948 186 11 14 0.021156572 
1015 181 8 15 0.020878045 
640 159 9 12 0.020468738 
642 164 8 11 0.020425094 
92 244 16 20 0.020356368 
960 192 10 13 0.020125754 
