8_Election_Campain_Election_Campaign_8_86
37
118 173 55 71 0.9992011 
10 154 55 74 0.9979479 
378 218 42 58 0.9975368 
478 277 35 46 0.9933276 
577 231 52 69 0.9925517 
211 231 40 50 0.9918345 
462 252 29 34 0.97676224 
347 260 30 40 0.92729825 
908 276 29 43 0.45677036 
755 252 39 56 0.420771 
804 303 31 33 0.10004306 
836 237 24 28 0.0845873 
789 260 19 21 0.0724639 
696 28 99 139 0.07037569 
880 -7 105 138 0.06993643 
500 595 11 15 0.057663247 
360 254 29 41 0.050782997 
61 164 26 32 0.042085245 
830 368 11 14 0.04078907 
817 228 28 35 0.03199524 
778 264 29 35 0.031530384 
266 667 27 21 0.031034036 
916 290 18 27 0.031010645 
185 666 11 14 0.03079941 
227 668 15 15 0.029661067 
806 232 28 37 0.028411672 
811 1 182 194 0.027985558 
499 672 18 16 0.02647737 
643 46 133 224 0.026142236 
914 162 34 49 0.024705611 
335 261 27 36 0.0245777 
743 259 33 51 0.024145996 
789 274 15 20 0.023758912 
790 279 43 49 0.023300722 
867 250 17 19 0.022632714 
666 304 14 17 0.02119662 
908 278 18 25 0.02021784 
