8_Election_Campain_Election_Campaign_8_76
28
356 229 32 37 0.9992508 
711 229 26 36 0.99873465 
445 228 34 42 0.99872833 
344 295 35 44 0.998711 
614 271 32 44 0.99855334 
780 286 34 44 0.99854255 
712 310 30 39 0.99830544 
643 230 30 41 0.99825734 
513 247 37 47 0.9977608 
685 290 30 40 0.9976331 
554 256 29 41 0.9973271 
150 304 40 43 0.9971163 
390 236 26 34 0.99704593 
297 221 29 38 0.99692374 
413 279 35 42 0.9966993 
71 308 38 48 0.99581295 
255 283 38 46 0.9955568 
842 273 40 50 0.9954353 
19 290 43 50 0.98588485 
579 245 26 34 0.9702939 
206 235 26 33 0.9604065 
195 305 25 39 0.7846315 
605 220 26 32 0.61575025 
266 269 32 42 0.43527147 
516 222 23 28 0.095762216 
535 250 35 48 0.06897865 
-1 28 158 121 0.035337187 
200 297 40 47 0.020878749 
