8_Election_Campain_Election_Campaign_8_244
20
104 67 136 166 0.9997875 
387 98 108 150 0.99975866 
509 129 120 165 0.9997359 
648 73 94 115 0.99921143 
783 120 68 84 0.9989857 
848 139 88 109 0.99867624 
737 135 51 71 0.99720675 
252 158 84 98 0.99554104 
0 162 56 106 0.92637736 
967 93 59 147 0.66085285 
19 157 63 90 0.31824952 
351 360 41 46 0.15584043 
947 128 51 103 0.098292455 
750 104 15 20 0.081840694 
706 122 52 75 0.039391194 
735 104 29 35 0.03457071 
958 153 36 57 0.03424564 
651 619 15 20 0.032549948 
350 161 49 73 0.029319856 
834 133 58 84 0.022255316 
