8_Election_Campain_Election_Campaign_8_347
30
215 132 29 46 0.99598676 
754 166 25 39 0.99529284 
923 587 12 16 0.9684101 
24 571 13 20 0.8953697 
177 563 12 18 0.79175943 
146 567 16 18 0.55192006 
961 587 10 14 0.42912892 
966 579 13 15 0.40142798 
1011 571 11 17 0.38680103 
477 581 13 19 0.12688762 
931 614 13 16 0.12623167 
967 634 10 14 0.1084337 
852 575 11 14 0.09871479 
891 580 10 13 0.075676665 
957 594 11 15 0.07101677 
1001 640 8 10 0.06945829 
135 568 10 13 0.036346573 
54 575 8 10 0.035131693 
472 581 11 17 0.03480954 
964 591 12 16 0.034803435 
1005 641 8 9 0.032233376 
953 596 11 15 0.030968534 
128 715 12 14 0.030456485 
49 574 10 12 0.028457647 
41 656 10 13 0.02797201 
952 589 10 13 0.026088845 
911 591 8 12 0.026011579 
34 571 13 18 0.023813687 
464 582 10 13 0.022063104 
912 622 10 14 0.021003678 
