8_Election_Campain_Election_Campaign_8_218
27
435 323 58 72 0.9989272 
600 341 49 54 0.99850416 
534 342 55 59 0.99847645 
845 251 97 129 0.99777275 
695 332 48 61 0.99752825 
671 552 61 74 0.9946689 
174 380 82 99 0.9934267 
788 254 61 71 0.9702847 
285 330 78 87 0.96582705 
158 340 39 46 0.95590657 
128 291 45 57 0.9526446 
398 335 34 44 0.87144226 
472 332 31 50 0.6601983 
82 320 59 73 0.5555129 
808 255 83 100 0.21958299 
430 127 43 76 0.08185216 
1 322 28 58 0.059853487 
669 371 31 40 0.035762455 
39 169 59 56 0.03524426 
242 336 9 12 0.033504803 
285 287 48 48 0.02994604 
815 303 48 78 0.027017387 
666 343 41 56 0.024826221 
810 0 16 13 0.024301056 
259 331 55 72 0.022331199 
582 309 38 42 0.021771157 
243 351 49 70 0.020495905 
