8_Election_Campain_Election_Campaign_8_84
98
209 508 25 37 0.9972349 
34 526 29 36 0.99293476 
490 191 16 22 0.9925724 
122 542 44 56 0.9916991 
310 495 25 31 0.991593 
75 503 22 29 0.98147696 
445 185 16 21 0.97611666 
524 174 15 21 0.97288406 
975 490 25 28 0.9661519 
535 514 21 27 0.96569264 
290 501 20 29 0.9626821 
879 507 21 26 0.9625613 
631 203 19 22 0.95493287 
127 483 20 26 0.9506067 
257 430 18 23 0.94556457 
94 502 22 35 0.93015575 
185 487 16 21 0.86594534 
923 601 31 58 0.848172 
445 538 25 33 0.8378902 
564 180 15 17 0.71002764 
675 248 13 18 0.65197515 
777 487 18 29 0.6403048 
175 559 25 37 0.58077145 
226 440 12 17 0.542571 
166 466 12 16 0.49876958 
844 485 12 15 0.43984124 
605 215 11 14 0.2825334 
879 723 39 38 0.1988012 
176 474 11 16 0.19518709 
832 461 11 14 0.19420446 
215 481 14 18 0.16421786 
196 458 12 14 0.15813644 
227 428 12 15 0.1523312 
172 469 12 17 0.1515615 
288 420 12 15 0.14696553 
220 464 12 16 0.1364451 
33 408 10 12 0.13056974 
175 381 7 10 0.12832804 
156 448 11 13 0.12814206 
542 173 13 17 0.119283 
208 437 10 13 0.10817538 
944 507 15 18 0.099299125 
182 423 9 11 0.08944149 
205 429 11 14 0.087955125 
837 462 14 19 0.07235644 
161 465 12 17 0.07107131 
10 531 17 24 0.069633126 
36 412 10 13 0.068359286 
286 428 13 18 0.063843556 
663 250 22 33 0.061976537 
28 424 13 20 0.05937457 
772 389 13 16 0.056472093 
225 422 11 14 0.056406476 
56 416 8 11 0.0532909 
611 214 13 17 0.051491257 
293 432 11 18 0.047964938 
201 430 10 13 0.045980547 
207 425 9 11 0.043559756 
973 454 14 16 0.04295065 
559 175 12 17 0.042621758 
838 478 15 19 0.041290727 
953 470 11 15 0.04025266 
840 488 14 18 0.036683366 
570 185 12 17 0.03625337 
175 416 8 10 0.03560498 
543 202 15 22 0.035261597 
822 359 8 11 0.03505601 
23 398 8 10 0.03454176 
832 644 29 41 0.03371472 
775 499 16 23 0.031223563 
830 424 8 11 0.031177413 
826 424 8 10 0.030232886 
169 416 8 10 0.02992028 
967 409 9 11 0.029865505 
166 398 10 13 0.029393774 
179 470 12 15 0.029258035 
800 397 11 15 0.028694957 
137 415 8 10 0.028017402 
825 461 10 15 0.027811587 
842 466 14 18 0.027207965 
982 430 13 18 0.026950467 
169 377 8 10 0.025944756 
184 427 9 11 0.02575521 
549 168 12 15 0.025648007 
845 650 28 35 0.025282228 
540 237 18 23 0.025067998 
200 435 10 13 0.024431601 
861 464 14 18 0.024295203 
264 414 11 13 0.024150772 
855 429 9 11 0.023982497 
619 237 16 18 0.023721047 
301 434 10 16 0.02257578 
789 468 17 21 0.022308432 
666 266 15 22 0.022253513 
832 429 8 10 0.021948706 
790 657 28 46 0.021718755 
170 381 8 10 0.021229926 
612 225 16 17 0.02096557 
