8_Election_Campain_Election_Campaign_8_148
287
815 287 64 74 0.9995771 
238 365 107 138 0.9995372 
963 294 61 74 0.9994222 
675 254 60 70 0.99894184 
572 320 71 85 0.9988192 
741 265 55 64 0.99806875 
0 212 70 89 0.99770397 
719 450 99 140 0.99767953 
505 212 53 63 0.9974395 
624 353 88 109 0.99737036 
429 227 56 66 0.99722195 
501 286 66 92 0.99714005 
371 241 60 83 0.9970976 
585 188 44 54 0.9966415 
311 273 79 95 0.9964893 
478 149 28 36 0.9963062 
426 296 84 105 0.9961224 
885 423 75 82 0.99308455 
372 122 16 21 0.991041 
195 111 23 30 0.9909746 
757 219 26 29 0.990033 
898 565 103 152 0.9812943 
101 205 55 60 0.98078203 
129 85 26 31 0.97701365 
995 141 17 22 0.97252196 
753 101 11 14 0.9718678 
782 100 9 13 0.9690049 
614 135 16 19 0.96521443 
481 112 15 20 0.9651707 
170 96 20 23 0.96287984 
635 179 23 28 0.96116394 
660 107 12 14 0.9575542 
566 150 20 24 0.94776595 
723 131 18 21 0.94507366 
8 9 12 16 0.94017553 
323 100 18 24 0.9346036 
799 123 13 16 0.93360627 
552 120 15 20 0.92524683 
509 152 20 25 0.9218915 
301 69 9 13 0.90014356 
764 117 13 17 0.8883868 
860 497 79 119 0.87791973 
686 92 10 14 0.86879694 
213 55 9 11 0.86166096 
1 368 70 151 0.852055 
686 120 13 17 0.8283743 
232 53 9 11 0.8248231 
808 97 11 14 0.805124 
602 158 19 22 0.7544123 
797 160 12 19 0.7417182 
268 79 11 13 0.7104121 
223 101 14 20 0.64955425 
621 85 9 11 0.6395497 
115 22 11 15 0.6261514 
659 148 13 18 0.61595196 
273 66 10 13 0.5258293 
649 86 9 12 0.525693 
604 86 10 13 0.52286196 
37 12 10 14 0.51858646 
557 73 9 11 0.5184234 
851 120 13 19 0.49142793 
247 85 11 16 0.46403995 
728 96 9 12 0.46382222 
486 87 9 11 0.4425604 
590 103 12 15 0.40739262 
600 84 10 13 0.40499908 
152 265 52 82 0.3917323 
702 99 10 13 0.39117634 
347 256 62 87 0.37223473 
708 117 12 14 0.3571578 
873 154 22 26 0.34090596 
704 125 12 15 0.32429338 
681 87 9 11 0.3180535 
631 95 11 14 0.29901275 
494 71 9 12 0.27243748 
93 15 10 12 0.25278518 
927 134 19 28 0.2453685 
838 131 15 17 0.22277525 
270 204 9 11 0.20495644 
887 124 14 18 0.19825873 
217 294 75 87 0.19612816 
474 292 62 83 0.19495602 
156 10 9 13 0.19094597 
725 67 10 13 0.17218292 
519 77 9 12 0.17015344 
639 79 10 12 0.1652843 
728 78 10 13 0.16384979 
824 110 12 14 0.15792336 
588 92 10 13 0.15349561 
528 79 8 11 0.15138906 
725 113 13 16 0.1436455 
947 144 15 20 0.14235093 
732 94 10 13 0.13836156 
519 70 8 11 0.132898 
878 457 86 105 0.13008222 
927 177 20 32 0.12622367 
598 80 10 13 0.1258251 
491 151 26 32 0.11856044 
506 95 9 11 0.11575311 
940 137 13 21 0.113054425 
293 14 9 11 0.10968434 
290 36 8 11 0.10962471 
654 48 9 11 0.10722957 
834 196 27 36 0.10601938 
736 101 9 12 0.10586715 
584 88 9 11 0.09745296 
709 112 10 12 0.09666729 
773 133 12 16 0.094866976 
697 84 9 12 0.093748756 
702 164 14 17 0.09370002 
996 179 12 16 0.093542024 
773 115 12 17 0.09352883 
625 101 10 14 0.091067396 
137 13 11 14 0.0896161 
127 12 10 13 0.08462796 
797 163 19 27 0.08349727 
416 242 52 83 0.08323134 
760 121 13 17 0.0807247 
901 126 11 16 0.08033548 
534 79 8 10 0.07875056 
25 53 11 14 0.07721133 
184 51 9 12 0.07582061 
898 246 41 54 0.075031996 
652 90 11 13 0.07500167 
817 83 10 12 0.07384133 
574 72 8 10 0.073441766 
943 191 13 22 0.073077306 
886 117 13 16 0.072640225 
720 115 11 15 0.07249243 
717 125 13 21 0.06953226 
250 90 13 16 0.06812717 
709 128 12 18 0.06715227 
923 168 15 24 0.06664465 
583 101 12 16 0.06370819 
313 29 9 11 0.062112972 
590 86 10 12 0.061232608 
701 86 8 10 0.058706824 
59 0 18 18 0.05820265 
257 31 9 12 0.057725023 
271 3 13 16 0.05611941 
780 115 12 17 0.05537991 
575 99 11 15 0.055046435 
190 11 9 11 0.054401588 
641 243 30 37 0.053340524 
552 102 11 13 0.053035323 
704 106 12 14 0.052854706 
722 64 9 13 0.05272153 
150 259 36 58 0.052462857 
94 0 12 11 0.05215653 
735 107 11 13 0.051561642 
187 97 14 18 0.050017215 
514 78 9 12 0.04932397 
622 91 10 15 0.04756111 
742 102 9 12 0.04721513 
312 63 8 10 0.046864655 
0 505 45 112 0.045731883 
67 30 13 16 0.04572465 
242 84 11 15 0.04566611 
877 -1 12 11 0.04522572 
397 226 50 67 0.045219015 
250 278 88 98 0.04438908 
14 85 11 14 0.043926235 
935 181 19 31 0.043124415 
756 130 11 15 0.04273272 
488 90 9 12 0.04219907 
631 43 10 13 0.042013973 
712 87 8 10 0.04118755 
665 87 8 10 0.041136052 
786 54 10 13 0.04111325 
175 22 8 11 0.041085444 
773 121 14 19 0.04067129 
596 107 11 15 0.04058537 
237 322 86 114 0.04043393 
598 70 10 13 0.040378854 
585 78 8 11 0.04001377 
631 61 9 11 0.03914876 
514 70 7 9 0.03899533 
646 80 9 11 0.038930908 
189 52 9 12 0.038456045 
621 175 37 46 0.0384444 
127 222 50 66 0.0379152 
146 91 16 21 0.03774116 
344 131 18 21 0.03764695 
216 99 13 20 0.037349306 
155 94 12 16 0.037185 
108 0 16 18 0.037174184 
670 86 9 10 0.03717184 
534 713 15 18 0.037041605 
54 0 15 14 0.036792748 
592 79 9 11 0.036103096 
827 114 12 15 0.035667807 
735 64 10 11 0.034992926 
629 105 12 14 0.03483523 
92 4 13 14 0.034472447 
100 0 15 13 0.03437782 
505 65 8 9 0.034349628 
1000 175 18 20 0.034091584 
741 92 10 12 0.033870686 
734 86 9 11 0.033561572 
189 76 12 16 0.03346422 
569 71 9 11 0.033008862 
692 93 10 13 0.032795686 
888 94 8 11 0.032557838 
241 68 9 12 0.032159515 
654 81 9 10 0.03207743 
24 14 10 15 0.03165181 
1007 416 17 37 0.03128256 
650 46 9 12 0.030318195 
544 313 56 79 0.030235486 
275 0 11 12 0.030169183 
775 109 11 14 0.030167993 
923 143 22 36 0.030153831 
23 95 11 13 0.030153155 
120 13 10 13 0.029453833 
570 77 9 11 0.02916995 
141 17 11 14 0.02906588 
297 75 9 11 0.028926445 
731 126 15 19 0.028732078 
535 72 8 10 0.028634964 
226 107 17 21 0.028461153 
533 83 10 14 0.028402353 
616 103 10 14 0.028305156 
27 99 13 17 0.02819776 
607 69 10 12 0.028068606 
722 79 10 12 0.027949734 
223 30 8 10 0.027375523 
200 67 9 12 0.02654495 
339 183 17 20 0.026488747 
187 103 21 29 0.026177417 
680 81 8 11 0.026003916 
752 83 10 12 0.02589229 
895 186 12 17 0.025853612 
31 47 12 15 0.025853142 
175 17 7 10 0.02564776 
223 25 8 9 0.025549974 
231 57 11 14 0.02530224 
1012 124 11 16 0.025234077 
527 72 8 10 0.025037495 
140 7 13 15 0.024593087 
915 101 13 16 0.024526728 
502 70 8 10 0.024444742 
634 77 10 12 0.02444446 
493 92 8 11 0.024411485 
663 91 10 12 0.024383007 
671 80 9 11 0.024342982 
544 71 8 10 0.02428248 
727 329 62 83 0.024246806 
708 94 9 11 0.023987899 
0 105 11 19 0.023884414 
757 80 9 11 0.023871407 
419 279 62 85 0.023827739 
907 130 11 14 0.023810988 
270 8 11 16 0.02378353 
830 221 40 51 0.023564616 
830 124 14 18 0.023556754 
510 84 9 11 0.023440817 
118 4 12 14 0.023295563 
458 274 60 82 0.023213169 
902 0 10 10 0.023183562 
247 63 8 10 0.022929264 
740 64 10 12 0.022580285 
822 103 12 16 0.022545572 
179 283 67 87 0.02242727 
1014 140 11 18 0.022370027 
950 191 23 26 0.022315482 
288 61 9 11 0.022186162 
309 68 9 12 0.021956732 
46 101 10 13 0.021905232 
14 -1 13 13 0.02163499 
576 84 8 12 0.021576494 
69 23 9 12 0.021436922 
21 0 11 11 0.021392424 
192 30 8 10 0.021370254 
845 0 10 11 0.021275032 
169 13 8 11 0.02123731 
111 17 11 13 0.021087404 
616 92 10 14 0.021034302 
1 11 10 14 0.020735199 
654 142 14 20 0.020635527 
819 78 11 13 0.020498183 
605 80 10 12 0.020447282 
69 93 10 12 0.020360563 
814 123 13 17 0.020347605 
402 192 43 50 0.020267176 
963 194 16 19 0.020208053 
829 104 12 14 0.020117316 
186 7 10 13 0.020086586 
