8_Election_Campain_Election_Campaign_8_174
555
738 485 62 68 0.9990594 
207 434 33 38 0.9989967 
267 452 32 39 0.9989286 
897 508 58 70 0.99866486 
129 414 34 42 0.99864715 
817 581 87 110 0.99796534 
7 479 46 57 0.9977799 
167 525 75 82 0.99770397 
168 456 35 40 0.9972445 
741 444 32 34 0.9957632 
503 344 30 38 0.99566394 
851 386 17 23 0.9956033 
951 466 41 48 0.9955558 
387 536 72 86 0.99549615 
579 413 31 34 0.9954715 
311 441 30 34 0.9952285 
930 418 28 41 0.995037 
822 441 29 37 0.99427754 
955 419 23 32 0.99403596 
70 472 42 51 0.99393976 
34 384 23 32 0.99338734 
168 425 28 33 0.9932307 
878 462 38 47 0.9930902 
199 479 37 44 0.9918001 
584 458 40 44 0.99139917 
622 505 41 52 0.99073595 
656 422 23 27 0.99000555 
456 448 39 45 0.9897014 
435 448 27 35 0.98957425 
989 334 12 14 0.9887947 
420 430 26 29 0.9879111 
259 422 25 28 0.98677063 
47 447 32 39 0.98448217 
320 475 35 44 0.9843779 
301 484 41 53 0.9838404 
611 417 21 27 0.9838035 
889 391 17 24 0.98308843 
161 607 96 83 0.98211974 
91 394 21 28 0.9802632 
692 399 18 21 0.97760814 
755 373 15 19 0.97595644 
771 379 18 23 0.9730517 
854 307 11 14 0.97215635 
727 399 18 20 0.95986974 
980 406 22 26 0.9593752 
434 382 17 21 0.9522746 
937 338 17 21 0.94504875 
796 399 17 20 0.9420689 
52 408 20 23 0.940073 
212 405 22 24 0.9305447 
183 350 9 12 0.9286747 
578 377 15 18 0.9238363 
173 375 11 14 0.915773 
434 619 88 70 0.914155 
346 395 12 15 0.9042498 
1001 440 21 33 0.90388024 
542 374 16 19 0.8997378 
806 413 19 23 0.8953644 
309 417 22 24 0.8927337 
115 342 12 16 0.89030296 
336 380 11 13 0.8871327 
1011 362 12 20 0.88674325 
626 380 13 16 0.8753355 
423 499 48 67 0.8654352 
614 359 12 16 0.8535115 
151 391 15 20 0.8169177 
88 448 24 30 0.80660963 
672 605 64 61 0.80588317 
444 415 22 27 0.8001277 
640 342 10 13 0.79938537 
933 399 23 25 0.79639596 
493 332 11 14 0.79475033 
598 381 9 12 0.7901641 
291 426 17 24 0.7842631 
674 384 16 18 0.7712301 
1002 391 17 21 0.7665124 
895 340 10 12 0.76479876 
657 398 22 25 0.76157343 
556 359 10 13 0.7488779 
760 411 24 25 0.7277779 
248 420 21 30 0.71367955 
179 405 13 15 0.7067679 
643 383 13 15 0.7033615 
579 342 10 14 0.6776303 
959 78 67 87 0.6732925 
185 365 11 14 0.67302305 
943 418 26 39 0.668206 
495 381 12 15 0.65919167 
623 344 9 12 0.65664506 
164 348 10 13 0.6540644 
0 371 12 19 0.6488613 
128 375 12 15 0.64064395 
971 338 11 14 0.6192685 
572 359 10 12 0.6191011 
399 401 15 17 0.6074821 
241 402 15 18 0.6039689 
870 384 16 22 0.6014281 
919 320 9 11 0.58187366 
281 374 10 12 0.5751274 
292 403 15 18 0.5591081 
363 379 12 16 0.5554081 
787 463 29 32 0.5397208 
666 458 26 36 0.52572507 
705 373 10 12 0.5168182 
228 382 11 13 0.5124036 
982 292 8 11 0.5073033 
160 374 9 12 0.4997529 
666 339 9 12 0.49898773 
915 393 14 20 0.48968318 
314 380 9 11 0.46471268 
821 381 12 14 0.44966063 
422 387 10 13 0.43591276 
94 360 11 14 0.41282135 
254 383 10 12 0.41215217 
407 374 9 12 0.4061182 
152 336 9 11 0.3836787 
456 381 12 14 0.35025686 
686 327 7 9 0.35012046 
51 428 18 22 0.345172 
256 366 10 12 0.3398021 
800 379 13 15 0.3107053 
302 375 8 10 0.30975258 
220 372 10 13 0.30854863 
225 342 7 10 0.30825847 
191 333 8 10 0.29832938 
442 327 8 11 0.29539153 
671 360 12 15 0.2940548 
835 400 16 17 0.29217437 
379 379 13 17 0.29133618 
889 340 10 13 0.28636017 
37 332 9 11 0.28581324 
994 296 9 10 0.26634526 
929 300 8 10 0.26305923 
919 303 8 10 0.25749645 
301 418 19 26 0.25393346 
353 366 9 11 0.24894513 
391 327 8 9 0.23330814 
231 358 8 10 0.2310447 
474 598 71 67 0.23075658 
400 562 91 95 0.23046894 
915 347 12 14 0.22772714 
470 308 8 11 0.22446465 
473 372 11 14 0.22434495 
130 386 16 19 0.21854858 
726 373 10 13 0.21740341 
942 296 9 11 0.21366109 
89 373 15 17 0.21363357 
1015 301 8 12 0.21306172 
297 380 10 13 0.21242094 
459 385 13 16 0.21223806 
903 301 9 10 0.21069409 
741 371 11 14 0.20441605 
756 439 26 31 0.19941135 
728 344 9 10 0.19896157 
315 329 7 9 0.19862619 
297 375 9 11 0.19537908 
656 320 8 10 0.17857441 
290 357 8 10 0.17815495 
828 378 11 15 0.1689897 
659 380 14 15 0.16666248 
157 336 8 10 0.16518447 
375 325 7 9 0.15622853 
477 367 10 12 0.15191914 
425 410 14 16 0.14902353 
831 375 12 14 0.14852475 
787 377 13 17 0.14659867 
995 396 20 23 0.1447069 
274 365 8 10 0.14428341 
456 376 10 12 0.14370014 
262 358 8 10 0.13840114 
341 357 8 10 0.13813229 
482 360 9 11 0.13649502 
376 374 9 12 0.13631292 
317 350 8 10 0.13498306 
659 389 14 16 0.13438453 
722 440 22 24 0.13355185 
413 374 9 12 0.13304907 
338 359 8 10 0.13276102 
200 373 9 11 0.13261746 
218 367 10 13 0.1296347 
279 368 8 10 0.12956883 
697 366 8 11 0.124995634 
140 390 20 24 0.12331571 
793 309 8 11 0.121576935 
394 410 16 19 0.11913948 
326 365 8 10 0.11844259 
382 375 11 14 0.11616387 
410 325 7 10 0.11488806 
607 381 9 12 0.11253572 
465 349 11 14 0.10854438 
453 336 9 11 0.10768483 
936 297 7 10 0.105510965 
803 374 13 15 0.10464925 
744 317 8 9 0.103807166 
257 335 8 9 0.1022632 
693 380 10 12 0.10047338 
272 362 8 9 0.10032491 
258 359 8 9 0.09954174 
948 355 13 15 0.09950441 
753 393 14 17 0.099194154 
778 313 8 9 0.09858047 
355 330 7 9 0.09733918 
64 444 26 34 0.09684071 
613 381 10 12 0.096540436 
207 366 9 12 0.095963635 
4 420 15 21 0.09526178 
388 404 14 17 0.09341845 
305 342 7 9 0.092600994 
273 326 7 8 0.08999516 
329 381 10 13 0.089607015 
720 372 10 14 0.089016184 
5 316 10 13 0.08802813 
651 381 15 18 0.08674623 
696 374 9 12 0.085178494 
351 372 9 12 0.08473618 
305 360 8 9 0.08360261 
816 385 13 16 0.082697414 
146 342 9 11 0.082067214 
913 343 10 14 0.08189493 
735 371 11 14 0.08110601 
639 337 9 13 0.080233864 
22 335 9 11 0.08006298 
336 341 7 10 0.07980193 
199 343 8 11 0.078830644 
677 372 10 12 0.07882278 
494 619 66 66 0.07875229 
665 126 31 37 0.07810677 
188 385 10 12 0.07781081 
990 379 13 16 0.077732034 
129 392 20 23 0.077256024 
127 341 10 13 0.07718637 
371 325 8 10 0.07706968 
237 378 11 13 0.076188296 
924 320 9 12 0.0757216 
360 377 10 12 0.075208664 
320 344 8 10 0.07493652 
968 297 8 10 0.0748173 
187 334 7 10 0.07448244 
161 343 9 12 0.07440543 
205 372 10 12 0.07427103 
844 176 14 16 0.073578194 
470 341 10 11 0.07351648 
358 329 7 9 0.07316853 
566 383 10 12 0.07276525 
328 342 8 10 0.07215376 
257 353 8 9 0.07196252 
711 368 11 13 0.07186579 
996 299 10 12 0.07127049 
400 337 8 9 0.07028073 
613 397 14 15 0.07002569 
387 327 7 9 0.06945568 
5 341 8 11 0.06851834 
754 317 8 10 0.0669331 
414 326 7 9 0.066649675 
719 319 7 9 0.066003464 
471 381 9 12 0.06584955 
0 397 11 19 0.06567213 
133 342 8 12 0.06555069 
239 421 21 32 0.06543766 
361 351 8 10 0.06534298 
247 360 8 9 0.065233715 
431 368 10 13 0.065032154 
592 366 11 12 0.06458783 
453 270 8 11 0.064523645 
637 366 11 12 0.064186685 
915 318 9 12 0.06338389 
259 404 15 15 0.06336987 
813 414 20 26 0.0633322 
122 401 17 21 0.06262916 
723 376 13 18 0.062090673 
767 363 13 16 0.060660925 
255 373 10 12 0.06036006 
212 398 15 17 0.060123343 
721 425 20 20 0.06001939 
13 371 12 15 0.05998246 
960 302 8 10 0.059930526 
275 427 18 24 0.05984427 
149 416 26 35 0.058746964 
231 336 7 9 0.058489308 
611 387 12 15 0.058294643 
280 390 10 12 0.05806159 
966 415 20 29 0.05789603 
322 366 8 10 0.057623826 
73 339 10 12 0.05736378 
655 333 9 12 0.05736002 
565 340 8 11 0.05677614 
922 395 15 19 0.056045026 
249 352 7 9 0.055900995 
497 331 14 17 0.055826798 
101 348 9 11 0.054777257 
877 376 12 16 0.054493506 
210 335 7 9 0.054326635 
413 402 12 17 0.053952735 
39 366 11 13 0.053678796 
825 420 21 24 0.053591575 
687 380 11 14 0.053579956 
229 342 8 9 0.05302778 
138 387 15 18 0.05302531 
946 346 15 18 0.05261344 
718 367 9 12 0.052207235 
342 354 9 9 0.051977478 
399 341 8 10 0.05177947 
384 342 8 10 0.051648933 
4 365 14 18 0.0514724 
914 303 7 9 0.051430505 
453 366 11 13 0.051297855 
359 359 7 9 0.049759284 
644 346 11 13 0.048737254 
769 444 18 24 0.04858625 
218 342 7 10 0.048403915 
910 388 14 19 0.048346996 
69 253 14 18 0.04820549 
249 365 8 11 0.047800917 
35 370 15 17 0.047783587 
684 396 13 17 0.047292985 
237 367 9 10 0.04720845 
302 368 9 10 0.046988886 
415 349 7 9 0.046962667 
232 375 11 13 0.046916552 
280 380 10 11 0.046668682 
798 405 21 24 0.04640574 
213 392 11 13 0.04627191 
180 369 12 14 0.045822013 
359 383 12 17 0.04577121 
51 347 11 13 0.04479805 
543 360 9 11 0.044629812 
296 344 7 9 0.044459663 
154 374 9 12 0.04416578 
173 309 9 10 0.04403009 
232 329 8 9 0.04379568 
296 388 11 13 0.043729153 
150 382 12 13 0.0429348 
304 338 7 9 0.042789754 
199 348 9 11 0.0424617 
996 358 12 15 0.04235197 
286 398 13 16 0.04132138 
632 363 10 12 0.04109447 
327 361 8 10 0.041004505 
251 403 15 17 0.040999122 
399 367 9 10 0.040941637 
21 326 9 11 0.040675573 
408 322 8 9 0.040524606 
394 351 7 9 0.040519636 
354 361 7 9 0.040443644 
936 319 8 10 0.040366013 
257 329 7 9 0.040199436 
214 358 9 11 0.03999218 
768 312 8 10 0.039748494 
903 312 9 12 0.039513003 
661 320 8 10 0.03925282 
183 345 10 11 0.038998995 
326 376 9 10 0.038945604 
22 258 13 15 0.038826052 
227 358 8 10 0.038694493 
313 454 32 35 0.03850531 
22 351 9 12 0.03835566 
869 373 12 15 0.038122773 
208 384 9 11 0.038099755 
725 385 14 16 0.03798805 
628 348 10 11 0.037960578 
86 340 9 13 0.03777609 
318 377 8 11 0.03762051 
262 353 8 9 0.037558585 
646 374 11 12 0.037525024 
208 360 9 11 0.036374267 
344 342 8 9 0.03631374 
142 382 11 14 0.03625769 
391 322 7 9 0.036155194 
192 343 9 10 0.035811596 
600 342 8 10 0.035673022 
720 313 7 9 0.035657313 
385 358 7 10 0.035606995 
319 333 7 9 0.03535416 
299 396 12 16 0.035293747 
372 377 17 23 0.034894455 
415 365 10 12 0.034423996 
290 353 8 9 0.034375794 
888 472 45 51 0.03413529 
671 352 9 10 0.033997614 
618 343 9 11 0.033971094 
118 259 13 18 0.03390783 
417 360 8 11 0.03384613 
240 343 8 9 0.033701994 
884 380 12 19 0.033630285 
718 360 9 10 0.03348861 
607 300 7 9 0.033430357 
17 316 10 15 0.0330789 
758 313 8 10 0.033063915 
280 326 7 8 0.033020027 
436 366 9 11 0.03287552 
449 364 10 12 0.032875396 
249 343 7 9 0.032783907 
505 310 9 10 0.032610193 
452 359 10 11 0.03260994 
78 338 9 14 0.0325665 
201 367 10 13 0.03244735 
832 369 10 12 0.032445822 
344 337 7 9 0.032174896 
44 364 11 14 0.03215249 
175 399 12 16 0.03198281 
471 304 9 12 0.031810068 
154 495 46 57 0.031758614 
78 461 33 41 0.03160018 
337 364 8 11 0.03154917 
328 337 7 9 0.031474534 
989 264 11 13 0.03139174 
99 374 12 15 0.031067025 
416 379 10 13 0.03103517 
606 341 9 10 0.030968545 
255 342 7 9 0.030919073 
227 392 14 17 0.030815449 
479 269 8 11 0.030421576 
978 289 10 11 0.030389404 
498 333 22 30 0.030267892 
748 400 14 19 0.030201178 
260 372 10 12 0.029933134 
261 335 8 10 0.02987623 
695 361 8 10 0.029874573 
995 379 15 19 0.02966439 
279 351 8 9 0.02964917 
768 470 47 53 0.02963835 
75 390 15 19 0.029464789 
756 405 16 21 0.029047193 
173 390 10 12 0.02897486 
298 410 15 20 0.028855963 
393 333 7 10 0.028578803 
618 399 17 19 0.028550217 
584 375 17 22 0.028542671 
422 303 8 9 0.028497567 
240 359 8 10 0.02842208 
375 359 8 10 0.02834395 
459 393 15 17 0.02813332 
36 314 11 14 0.028071744 
18 341 9 11 0.028048607 
344 327 7 8 0.02800947 
1014 326 9 13 0.027762167 
779 411 16 19 0.02772051 
526 319 8 10 0.027663814 
385 336 8 10 0.0276442 
928 348 11 15 0.02763461 
589 374 11 14 0.02752204 
557 423 22 31 0.027514841 
660 325 9 11 0.02741593 
607 319 8 10 0.027413283 
898 297 7 9 0.02738275 
967 318 9 11 0.02730692 
361 320 7 9 0.027250104 
436 442 18 23 0.027077114 
881 303 8 10 0.027060857 
88 271 10 11 0.02704766 
849 141 10 13 0.026941603 
134 349 9 11 0.026940258 
424 295 8 10 0.026870597 
0 387 11 18 0.026570842 
190 368 10 15 0.026333386 
199 334 7 9 0.026256552 
384 351 7 10 0.02622702 
415 345 8 9 0.02604243 
56 288 10 11 0.02603108 
485 360 10 14 0.025672125 
911 465 29 39 0.02554796 
183 382 11 13 0.025375191 
709 376 12 14 0.025296735 
287 326 7 9 0.025182322 
473 296 9 11 0.025114508 
1014 350 9 14 0.024876107 
322 360 7 9 0.024852186 
352 380 9 13 0.02484195 
284 392 11 13 0.024778036 
248 390 9 11 0.024774844 
742 358 10 13 0.024634492 
438 287 8 10 0.024515152 
976 302 7 10 0.024483196 
260 383 11 13 0.02445957 
462 401 12 16 0.024386851 
18 350 8 11 0.024381666 
290 345 7 9 0.024356108 
809 304 8 10 0.024034565 
267 436 27 29 0.023994857 
990 356 11 14 0.02398127 
257 413 23 26 0.023980947 
591 313 9 10 0.023743218 
386 380 11 15 0.023729239 
2 336 8 12 0.023691835 
960 297 8 10 0.023687568 
625 311 7 9 0.023676936 
341 377 11 13 0.023516832 
127 336 9 11 0.023315215 
271 344 7 9 0.023224313 
393 344 7 9 0.023181459 
542 275 12 16 0.023172375 
840 304 8 10 0.02313792 
197 329 8 10 0.023134662 
780 316 9 10 0.023008851 
704 378 10 13 0.022963312 
645 368 11 13 0.022883434 
703 369 9 12 0.022860723 
877 285 7 10 0.022760864 
771 406 16 20 0.022742527 
207 397 11 16 0.022737691 
287 419 15 22 0.022576286 
640 373 11 12 0.022574035 
542 368 12 14 0.022554692 
407 337 8 9 0.02253395 
208 342 8 9 0.022459257 
146 335 9 12 0.022448028 
461 367 9 12 0.022373054 
93 269 10 12 0.022345059 
440 347 10 12 0.022251517 
262 388 10 12 0.02219818 
186 403 12 15 0.022196842 
246 411 21 25 0.022040753 
265 343 7 9 0.022007529 
34 330 9 10 0.02194367 
410 351 8 9 0.021903414 
442 380 13 18 0.021874748 
239 336 7 9 0.02187336 
653 348 9 11 0.021762291 
740 396 14 18 0.021756437 
310 358 7 9 0.021747487 
423 318 8 10 0.021693472 
944 395 17 20 0.021568097 
327 387 11 13 0.021527845 
21 266 16 17 0.02152712 
241 313 7 9 0.021492602 
622 252 10 13 0.021421688 
440 331 9 11 0.021404747 
645 387 22 23 0.021402068 
1009 389 15 19 0.02140176 
592 342 9 11 0.0213326 
697 320 7 9 0.021315336 
86 365 13 16 0.021275256 
823 417 14 21 0.021267084 
60 364 13 16 0.021262921 
898 317 8 10 0.02121167 
424 372 10 13 0.021078588 
810 394 14 18 0.020958873 
369 359 7 10 0.02095116 
950 311 9 10 0.020904418 
187 348 9 13 0.020889662 
423 312 8 9 0.020796012 
898 301 8 10 0.020696785 
286 368 8 11 0.020674076 
298 369 8 10 0.0205626 
615 296 8 10 0.020487549 
267 405 15 15 0.020467067 
280 396 12 14 0.020465877 
614 374 10 13 0.020456033 
666 359 12 14 0.020445384 
116 409 18 19 0.02042217 
168 334 8 10 0.020236785 
6 358 12 15 0.020224517 
909 397 14 21 0.02021581 
241 352 7 9 0.020097531 
900 336 10 14 0.020035524 
