51_Dresses_wearingdress_51_327
43
458 155 140 173 0.9996785 
869 1395 14 17 0.29778123 
73 4 49 55 0.14231466 
837 1409 17 21 0.081028126 
953 1 24 25 0.071840145 
5 101 32 44 0.05920356 
932 166 12 16 0.054913715 
927 165 11 14 0.04849864 
1013 149 9 15 0.047946066 
1011 556 12 22 0.042021338 
1011 735 13 21 0.03892619 
766 831 10 12 0.03754702 
949 1 17 20 0.036562324 
81 123 25 35 0.033743877 
858 24 20 30 0.033587847 
903 1389 12 15 0.033152666 
1013 129 10 19 0.03139641 
125 110 32 36 0.0308675 
241 428 28 37 0.030391883 
53 67 30 38 0.028842298 
877 1399 13 16 0.02810725 
1012 139 10 18 0.028051624 
905 1413 21 31 0.027764063 
831 1389 12 16 0.026997302 
973 648 17 22 0.026790557 
66 13 35 40 0.026582515 
862 1391 18 18 0.026240164 
386 26 57 74 0.025793783 
907 784 16 21 0.025535058 
187 157 37 58 0.025331251 
837 1384 10 11 0.024699563 
786 237 12 16 0.024522375 
1005 1613 16 20 0.02307678 
850 1416 16 18 0.022974107 
921 164 12 14 0.022340314 
21 54 12 14 0.021889882 
137 142 39 56 0.021700079 
896 705 9 11 0.021642067 
926 0 14 12 0.02046121 
0 959 34 56 0.020333929 
860 364 11 11 0.020193633 
772 133 53 60 0.020150807 
946 718 26 31 0.02005052 
