51_Dresses_wearingdress_51_549
21
863 38 85 120 0.99918014 
343 46 74 103 0.99743724 
603 39 74 106 0.9958224 
88 30 82 103 0.9901524 
64 583 7 9 0.09417024 
96 589 7 9 0.04548456 
134 558 7 10 0.0444295 
80 577 8 9 0.04042204 
141 598 7 9 0.04006695 
185 688 7 9 0.035159133 
150 750 7 9 0.03471821 
153 537 7 9 0.034674726 
107 574 7 9 0.03136423 
162 509 8 10 0.030475816 
58 608 8 10 0.030266762 
66 620 8 10 0.028554862 
56 576 8 9 0.022729725 
95 576 7 9 0.02173784 
74 462 8 10 0.021645252 
63 567 7 9 0.020666642 
194 472 8 10 0.020297656 
