51_Dresses_wearingdress_51_306
55
423 154 98 140 0.99964654 
124 346 13 15 0.28973442 
158 342 11 13 0.1684028 
180 316 11 13 0.100482106 
188 341 10 14 0.08485637 
108 320 11 15 0.08439433 
14 332 8 10 0.08094529 
185 334 10 11 0.071640715 
245 364 13 19 0.0714863 
154 341 9 13 0.05773675 
22 346 10 12 0.05691569 
748 663 11 14 0.05617607 
172 146 11 14 0.050393973 
816 1229 115 142 0.04903573 
9 332 9 11 0.04799783 
235 368 14 18 0.0477034 
149 376 22 25 0.047244914 
125 314 14 16 0.04485491 
201 345 8 10 0.038586535 
60 253 11 13 0.038474366 
165 348 10 12 0.037706204 
44 324 12 16 0.03765637 
112 295 9 12 0.036676995 
1010 1134 14 22 0.036023647 
164 361 14 16 0.035069443 
95 594 11 14 0.034999743 
213 356 10 12 0.03305903 
207 343 8 10 0.032824602 
175 311 12 14 0.032683138 
116 296 10 12 0.031797804 
0 294 11 16 0.031681452 
61 247 11 12 0.031627018 
184 326 10 11 0.031141546 
298 559 225 305 0.029409995 
284 424 10 12 0.029080242 
56 268 9 12 0.028504945 
3 348 14 17 0.028167976 
76 341 11 13 0.028157791 
176 343 10 13 0.0274111 
183 345 10 13 0.027223138 
108 368 13 17 0.027204445 
46 239 8 11 0.026565937 
77 356 11 15 0.025866829 
30 455 9 10 0.025596403 
28 192 10 12 0.025137607 
168 316 9 12 0.024131889 
148 447 26 34 0.02411626 
174 1219 10 14 0.023598054 
1011 256 8 11 0.022812428 
29 389 10 14 0.022326076 
287 468 15 19 0.0213717 
38 422 10 14 0.020787772 
189 329 9 10 0.020725537 
141 370 15 21 0.020175772 
231 340 12 16 0.020027323 
