51_Dresses_wearingdress_51_1012
20
518 176 112 143 0.9998271 
0 544 45 61 0.9936346 
118 470 38 47 0.9923258 
40 508 33 46 0.98520595 
84 498 34 46 0.98192304 
167 468 33 43 0.93427247 
228 428 37 44 0.9100594 
247 445 27 42 0.41665244 
171 435 35 43 0.14646785 
648 0 18 15 0.11790021 
692 0 17 15 0.06360189 
-29 839 485 522 0.032924693 
123 741 25 32 0.02917327 
0 522 26 36 0.02715815 
675 1 17 14 0.025751933 
93 722 36 43 0.025561199 
444 1481 34 35 0.024335897 
786 0 13 14 0.02374119 
0 776 17 39 0.023734532 
97 601 46 58 0.022527322 
