51_Dresses_wearingdress_51_140
35
448 88 103 135 0.99943703 
136 360 43 67 0.98713535 
615 150 25 31 0.95411015 
255 317 36 46 0.9104275 
188 304 36 47 0.7151174 
1001 452 22 31 0.27576616 
706 140 23 30 0.18937087 
985 280 33 41 0.14465043 
938 353 42 49 0.10974784 
982 265 29 42 0.071106985 
947 248 21 29 0.06298913 
172 311 46 59 0.0525628 
886 366 27 33 0.050370853 
923 265 26 37 0.047847733 
0 421 24 47 0.04411227 
1001 233 24 33 0.04306823 
944 481 38 43 0.04083196 
981 492 23 28 0.03297868 
929 349 34 33 0.03152355 
936 253 27 34 0.030910874 
513 1305 18 22 0.028103232 
809 280 18 23 0.025316529 
922 344 28 31 0.024428567 
307 322 48 64 0.023605807 
25 472 27 34 0.023315864 
846 265 18 20 0.022792185 
875 326 23 26 0.022544235 
941 248 17 23 0.022291834 
375 1180 193 346 0.021629617 
797 1145 30 37 0.021362701 
948 328 54 69 0.02090676 
866 307 17 21 0.020555113 
887 319 27 30 0.020412184 
927 249 14 16 0.020341085 
807 250 15 17 0.020147296 
