51_Dresses_wearingdress_51_739
31
437 108 134 183 0.9995152 
254 170 28 36 0.99890614 
639 261 31 37 0.99871516 
907 278 33 42 0.9978556 
268 294 34 42 0.9978116 
225 240 29 36 0.99744993 
725 216 75 98 0.9966757 
866 240 33 42 0.9955844 
572 290 55 68 0.9955165 
997 252 26 41 0.9952997 
358 225 26 37 0.9883441 
683 182 30 38 0.97626364 
45 254 54 105 0.5144353 
343 230 26 33 0.26637578 
221 303 24 34 0.06983976 
191 192 28 33 0.06770238 
536 240 53 68 0.053813796 
665 161 9 11 0.04892505 
987 343 27 33 0.04313008 
473 1474 29 26 0.035996508 
50 700 15 18 0.031166939 
152 239 41 55 0.029638156 
85 279 98 116 0.029108003 
329 255 30 40 0.028619789 
691 229 42 63 0.026008595 
37 357 49 58 0.02457272 
188 206 29 33 0.023895426 
555 225 27 33 0.023586959 
327 271 35 39 0.022430595 
768 690 46 36 0.02132436 
25 274 89 128 0.021015385 
