51_Dresses_wearingdress_51_1035
34
171 239 113 131 0.9996264 
408 48 84 114 0.9990675 
582 283 85 91 0.9937651 
855 183 87 96 0.99366367 
289 53 16 21 0.94332117 
735 28 18 23 0.93273634 
330 47 17 21 0.7822698 
599 40 14 21 0.64988387 
605 37 13 20 0.4293112 
516 0 26 23 0.3246453 
668 33 17 19 0.24478665 
264 101 18 22 0.22330663 
646 35 15 23 0.17325613 
610 33 15 22 0.15571898 
539 27 12 14 0.10607799 
706 15 17 22 0.10466252 
988 15 24 30 0.05498676 
619 32 15 23 0.05295409 
534 41 20 32 0.051423628 
338 27 13 16 0.04592316 
626 35 14 19 0.03642767 
717 49 17 21 0.036393583 
624 91 37 50 0.03437823 
288 114 12 14 0.031727105 
662 39 14 20 0.031603634 
637 36 14 20 0.027935533 
689 51 14 18 0.02445959 
654 51 14 18 0.023310231 
677 1 17 18 0.022971189 
4 62 15 16 0.02242496 
592 41 15 20 0.02228152 
673 37 15 20 0.021918926 
991 55 11 13 0.021626882 
659 58 15 18 0.020356834 
