51_Dresses_wearingdress_51_633
44
429 103 115 139 0.9997285 
215 836 12 14 0.21736096 
218 1029 51 53 0.21399313 
35 1048 45 61 0.115359016 
420 8 21 31 0.11059974 
372 11 12 16 0.09412176 
234 796 13 18 0.07967199 
29 1007 91 105 0.054104533 
872 4 18 17 0.04652925 
81 399 10 14 0.044128753 
1011 143 12 21 0.042493816 
973 148 18 22 0.036687728 
13 188 9 12 0.036517974 
393 0 17 14 0.035408344 
373 46 11 14 0.034441624 
42 1013 54 64 0.032946233 
398 67 9 12 0.0318044 
220 829 15 19 0.031572003 
942 437 55 78 0.031425297 
227 828 15 21 0.0313429 
136 326 8 9 0.031319454 
347 0 16 14 0.030594138 
800 16 56 79 0.030380597 
120 1039 28 37 0.028947935 
935 18 20 20 0.028336566 
146 392 14 19 0.02780437 
313 16 11 14 0.026472514 
1 431 9 11 0.026374921 
433 15 16 22 0.026119156 
198 791 28 36 0.023623424 
955 115 22 30 0.022988617 
-49 530 347 478 0.02248261 
231 484 9 10 0.022116218 
404 22 13 17 0.021997236 
186 803 13 16 0.021591617 
806 7 31 30 0.021428535 
3 396 11 15 0.02126001 
1001 181 11 13 0.020883908 
52 1010 29 32 0.02084387 
720 12 13 16 0.020795025 
62 406 9 12 0.020708935 
200 1042 56 64 0.020395378 
230 788 15 22 0.020374464 
667 2 77 71 0.020126661 
