51_Dresses_wearingdress_51_445
23
183 327 74 108 0.9953896 
863 311 78 99 0.99442565 
349 310 79 104 0.9893153 
958 925 43 51 0.1275958 
221 747 14 16 0.08940137 
5 128 59 85 0.0764832 
129 1057 33 32 0.07323159 
170 755 26 27 0.05272977 
353 670 29 30 0.04791881 
454 776 10 11 0.0425974 
1012 744 10 20 0.037028085 
419 8 16 22 0.0278053 
104 97 39 52 0.02677957 
418 714 19 20 0.024999889 
162 142 56 58 0.023940934 
453 780 13 13 0.02304923 
39 848 11 12 0.022553721 
223 752 25 27 0.022187661 
550 737 22 27 0.021646561 
242 739 15 17 0.021139812 
314 840 19 19 0.020874077 
523 741 41 52 0.020820923 
257 708 18 21 0.020609654 
