51_Dresses_wearingdress_51_727
50
607 50 59 77 0.99959666 
275 81 107 176 0.99876297 
792 32 62 91 0.99856514 
498 51 18 24 0.9146334 
541 66 19 28 0.8242908 
964 0 13 15 0.46397126 
466 255 48 68 0.4379077 
892 4 13 17 0.43719417 
640 3 26 27 0.42269677 
566 59 13 17 0.30337742 
517 68 14 19 0.286065 
500 20 13 18 0.24075796 
908 69 15 20 0.2133823 
764 28 14 16 0.1791286 
660 4 15 19 0.1696768 
583 19 12 16 0.122151986 
585 67 17 19 0.11839168 
694 67 25 31 0.10879913 
919 11 16 19 0.10495335 
883 53 16 22 0.10390063 
889 8 19 29 0.097470194 
419 232 49 70 0.0895778 
635 5 41 43 0.0797425 
977 14 17 20 0.071051545 
529 81 15 19 0.06882357 
599 25 13 16 0.066372484 
524 76 14 19 0.050414618 
939 74 16 22 0.04907546 
1011 0 12 16 0.04430788 
902 18 13 18 0.042822327 
687 55 29 35 0.042160552 
690 0 16 16 0.04174087 
923 92 15 19 0.035922814 
582 63 14 19 0.033244323 
373 148 49 86 0.033111453 
793 1 31 32 0.031685434 
743 45 28 38 0.028238263 
951 58 13 17 0.026477106 
642 0 17 17 0.025551235 
912 77 23 29 0.025527615 
882 87 17 21 0.025081428 
945 1 20 19 0.02398797 
893 39 10 11 0.023915207 
684 59 15 19 0.023726765 
984 55 12 16 0.022888966 
907 24 14 17 0.021726571 
591 0 12 10 0.021576483 
757 34 15 19 0.021217369 
698 47 30 41 0.021044891 
352 170 79 117 0.02096843 
