51_Dresses_wearingdress_51_464
43
397 243 254 344 0.99988925 
26 393 132 158 0.9995347 
742 416 61 69 0.99607545 
894 390 24 30 0.80952567 
808 326 19 23 0.3222068 
1006 323 18 36 0.322046 
787 274 21 25 0.31339905 
842 416 27 34 0.27608943 
910 447 24 30 0.19905312 
990 314 23 34 0.19684601 
993 605 30 51 0.17695777 
893 289 22 32 0.17497398 
913 515 45 65 0.13905947 
42 1060 108 77 0.08628944 
706 361 20 21 0.06575774 
896 324 19 32 0.061414063 
807 132 24 38 0.054638896 
869 524 32 54 0.05447389 
805 383 39 57 0.053592153 
952 300 27 34 0.048468992 
781 378 36 40 0.04613436 
959 526 47 61 0.0449297 
892 396 41 48 0.043349776 
18 889 418 552 0.040738247 
797 376 32 45 0.03529505 
925 427 27 34 0.030832628 
826 397 37 50 0.030240742 
791 285 19 22 0.02937101 
848 526 44 62 0.028813947 
948 316 30 37 0.028065918 
844 432 33 37 0.027729636 
994 448 32 62 0.027321678 
783 354 44 56 0.026496863 
973 551 33 41 0.026464233 
934 509 55 75 0.025156358 
902 384 29 36 0.024569435 
975 377 31 33 0.024113653 
938 576 33 44 0.02407941 
1003 554 21 37 0.023102885 
747 106 14 20 0.021825196 
921 453 25 35 0.021732945 
873 103 24 32 0.0215927 
1012 541 12 22 0.020121763 
