51_Dresses_wearingdress_51_339
25
443 203 167 237 0.9989453 
655 329 111 139 0.9972566 
707 222 98 124 0.11894668 
979 386 29 36 0.11157773 
866 380 49 64 0.07941512 
200 1081 213 288 0.07625502 
238 404 64 93 0.05784684 
726 345 85 133 0.051632274 
154 370 24 30 0.043544114 
765 327 88 160 0.039814524 
270 96 32 46 0.03908335 
115 0 190 195 0.036690764 
9 984 410 471 0.032739397 
978 400 39 54 0.027390894 
869 254 130 146 0.025773073 
169 930 354 458 0.025355676 
790 854 33 39 0.024702596 
826 108 56 81 0.024588626 
957 274 30 37 0.023058277 
890 108 124 133 0.022853395 
155 367 44 54 0.0226106 
957 279 53 71 0.022210402 
954 166 53 73 0.02128679 
202 376 83 112 0.020632688 
831 141 173 292 0.020460716 
