51_Dresses_wearingdress_51_150
61
721 69 72 100 0.9986381 
193 66 79 112 0.99683434 
13 534 10 13 0.5349603 
109 399 9 12 0.26168826 
13 129 14 18 0.2216804 
78 140 22 26 0.19748892 
118 403 9 14 0.19443671 
29 477 13 15 0.18674946 
16 78 18 22 0.17482957 
79 70 11 14 0.14196032 
33 117 23 29 0.13633685 
59 5 16 17 0.10029663 
308 113 8 10 0.09835632 
83 99 12 15 0.09603501 
146 94 15 19 0.08410535 
40 129 17 20 0.075962506 
96 94 10 14 0.07497019 
118 106 15 20 0.07458354 
131 481 19 23 0.058911137 
111 402 10 13 0.05716318 
82 411 14 15 0.054854658 
325 100 10 13 0.049606353 
853 507 31 53 0.04869097 
73 76 13 16 0.045720473 
77 78 14 18 0.04393479 
23 523 10 13 0.04104898 
306 116 8 11 0.040562045 
78 106 15 18 0.038370173 
32 655 10 11 0.036435943 
23 479 14 17 0.03643238 
151 394 12 15 0.03506922 
128 92 12 19 0.03352935 
682 524 13 17 0.033260193 
80 172 21 26 0.03268593 
163 466 15 19 0.032652397 
81 44 10 14 0.032296676 
1006 141 9 12 0.03198233 
1002 485 8 11 0.030409534 
20 531 12 15 0.029914621 
9 341 13 18 0.027659854 
142 87 13 15 0.026881691 
30 116 17 21 0.026197292 
8 645 10 12 0.025957463 
68 13 10 13 0.025734484 
80 6 12 15 0.025625963 
8 78 16 23 0.025523834 
14 527 12 17 0.02498179 
92 536 15 19 0.024417378 
106 195 55 76 0.024407407 
79 427 23 28 0.02400491 
25 81 14 18 0.023833225 
12 717 11 14 0.023356315 
133 90 20 25 0.022998938 
108 362 15 17 0.022907935 
59 383 15 21 0.022423208 
16 135 14 18 0.022309305 
1004 211 10 13 0.021915855 
108 603 13 17 0.021131169 
104 402 11 12 0.020510409 
26 524 12 16 0.020233683 
685 476 10 14 0.020137725 
