51_Dresses_wearingdress_51_377
21
309 330 375 521 0.9999405 
781 651 172 233 0.9986596 
204 817 109 192 0.99159473 
296 807 181 220 0.58580214 
1 607 97 307 0.4604978 
285 0 26 30 0.14089337 
242 798 152 210 0.082406856 
443 92 352 434 0.08040032 
8 578 89 160 0.059316058 
158 521 55 78 0.057062086 
357 1 26 28 0.054713078 
549 7 26 24 0.05143399 
102 510 92 103 0.033779543 
139 444 30 37 0.031228598 
160 514 33 46 0.028652033 
100 510 54 68 0.027557144 
105 497 35 40 0.026950357 
86 476 36 46 0.026432917 
146 443 14 16 0.02540319 
90 288 370 503 0.024611257 
123 503 28 32 0.024294494 
