51_Dresses_wearingdress_51_606
21
621 85 113 149 0.99976104 
256 233 97 121 0.9991561 
406 226 14 19 0.98142046 
99 117 15 17 0.17850618 
487 237 12 18 0.13245066 
360 242 13 19 0.11534938 
231 4 20 22 0.09886194 
379 236 9 12 0.061436787 
470 232 13 20 0.05122248 
137 232 8 10 0.045629986 
113 244 9 12 0.03843705 
475 234 16 19 0.038425617 
142 0 21 27 0.035074357 
478 195 14 20 0.031877615 
175 20 23 30 0.031502943 
525 232 11 14 0.026287174 
205 0 16 14 0.02534681 
148 77 13 15 0.024758466 
148 58 12 16 0.022684338 
463 260 11 16 0.02124762 
139 27 42 60 0.020926625 
