61_Street_Battle_streetfight_61_50
25
451 152 40 53 0.96465147 
220 211 31 38 0.27182168 
829 162 103 143 0.2578055 
429 106 28 32 0.13890263 
407 118 45 59 0.13688782 
82 163 13 17 0.09771288 
553 146 25 33 0.0451874 
273 50 15 22 0.041613515 
280 47 28 35 0.039761126 
262 121 28 36 0.03895606 
826 159 57 112 0.030693145 
195 83 29 33 0.03054987 
404 125 30 40 0.030198395 
512 146 40 53 0.03018244 
292 51 25 29 0.028981736 
543 82 39 47 0.02871704 
172 93 13 15 0.026470568 
523 125 15 17 0.024695255 
99 159 17 20 0.024272194 
290 133 24 42 0.024074966 
305 57 15 20 0.02328627 
93 161 15 19 0.023178149 
158 172 22 27 0.022630043 
191 98 29 37 0.021101175 
203 84 17 18 0.020478586 
