61_Street_Battle_streetfight_61_211
43
322 541 34 42 0.99812216 
35 508 43 57 0.99415284 
273 523 35 46 0.9939528 
222 530 30 39 0.9932509 
126 544 39 52 0.9909464 
173 531 37 45 0.98969775 
910 564 32 41 0.9892447 
977 623 37 47 0.9892315 
349 568 28 35 0.9856309 
882 622 35 45 0.9810992 
990 579 33 41 0.9753456 
953 580 21 27 0.90696174 
823 177 81 145 0.8956809 
113 870 58 62 0.62603575 
888 554 23 30 0.5733781 
335 429 44 95 0.35294282 
200 533 24 40 0.31084 
971 563 17 23 0.26902565 
1010 514 13 23 0.2575136 
755 178 147 204 0.20126711 
961 531 15 19 0.17195164 
259 892 224 253 0.11552959 
405 956 179 196 0.08919812 
740 226 88 130 0.081112534 
80 514 29 38 0.049038924 
483 840 282 289 0.04829845 
156 532 40 51 0.04238489 
265 516 30 41 0.039291266 
260 488 12 14 0.03476982 
398 692 484 432 0.03190924 
111 832 90 104 0.031272285 
452 775 244 225 0.030069478 
339 558 27 35 0.029081209 
348 448 59 89 0.028693097 
3 532 22 28 0.028267184 
221 754 395 403 0.026932871 
310 770 255 249 0.02636195 
892 563 24 33 0.025035152 
847 149 53 107 0.02358159 
254 499 25 31 0.02255483 
55 508 44 57 0.021179177 
200 861 198 242 0.020763556 
881 711 40 31 0.020744588 
