61_Street_Battle_streetfight_61_432
87
637 518 33 41 0.9987859 
807 418 27 39 0.9987739 
500 298 27 35 0.99875844 
645 321 27 34 0.99841046 
500 504 34 40 0.9983577 
143 297 32 46 0.9981188 
739 324 26 34 0.99798787 
966 376 27 32 0.997456 
101 155 29 35 0.9969779 
148 236 36 45 0.9969072 
179 151 26 34 0.99388367 
846 325 23 28 0.99319744 
417 534 30 39 0.99153894 
622 271 22 29 0.9883956 
586 217 18 25 0.9878734 
900 283 15 20 0.98670095 
713 398 29 40 0.98439157 
824 268 13 17 0.98316216 
762 247 15 21 0.98257107 
653 204 13 17 0.9802684 
855 399 22 30 0.9769812 
834 288 15 19 0.9760994 
633 216 17 22 0.97566074 
846 273 15 20 0.9722403 
524 209 16 23 0.9660054 
796 263 13 17 0.9520495 
887 325 22 24 0.9516703 
793 287 19 25 0.9447302 
549 237 22 27 0.9179124 
214 214 26 35 0.912471 
264 174 17 21 0.9067571 
934 271 10 12 0.87291044 
301 209 22 25 0.78787094 
318 151 19 28 0.6684494 
614 244 11 15 0.6596649 
453 306 26 42 0.46566358 
401 169 40 52 0.42624065 
455 190 21 30 0.41216782 
509 188 12 17 0.2899725 
643 245 12 16 0.27358457 
948 335 18 20 0.16569315 
325 181 17 21 0.12729475 
472 168 11 13 0.12092288 
460 182 13 18 0.11902406 
226 107 16 20 0.11663715 
927 401 13 19 0.10855343 
320 117 11 14 0.10774948 
911 276 11 13 0.102748334 
981 380 20 31 0.10056245 
279 247 18 20 0.0953744 
215 287 33 39 0.09206144 
543 244 21 30 0.09179259 
425 166 20 42 0.05961702 
954 373 23 30 0.054579083 
188 108 13 14 0.04989126 
943 371 22 31 0.043303628 
940 295 14 16 0.0406673 
229 191 23 26 0.0392157 
823 316 12 16 0.03860649 
127 118 10 12 0.038562253 
226 309 42 52 0.03830957 
834 345 13 20 0.035734918 
158 133 14 19 0.03486404 
733 231 12 17 0.033967692 
840 274 14 18 0.03286091 
989 306 24 37 0.03266203 
539 251 17 28 0.031276587 
836 372 17 20 0.029976007 
638 168 8 11 0.02966312 
966 276 10 12 0.0296292 
952 343 18 20 0.028671375 
735 266 12 19 0.028540805 
943 332 15 18 0.028308203 
443 182 22 37 0.027928019 
369 173 50 55 0.027199188 
198 96 8 9 0.026837792 
618 243 14 18 0.02633912 
278 199 15 18 0.025043072 
455 317 31 52 0.024394251 
431 174 22 43 0.024142232 
464 175 10 11 0.02400491 
885 286 9 13 0.023935063 
492 268 17 25 0.02368192 
926 386 24 31 0.022629777 
968 298 13 17 0.022584777 
285 304 29 44 0.021770533 
465 167 10 13 0.020968068 
