61_Street_Battle_streetfight_61_158
24
613 181 85 108 0.9960824 
747 165 28 31 0.99359375 
871 191 35 53 0.972072 
807 136 35 42 0.5103965 
346 372 53 63 0.4657575 
316 273 46 59 0.40708902 
389 412 59 77 0.19416925 
310 276 27 37 0.1597851 
314 279 16 21 0.0714051 
365 383 58 77 0.051623836 
791 145 49 60 0.05064468 
477 591 15 21 0.042184148 
855 172 11 15 0.035557438 
568 102 27 38 0.03229847 
315 295 16 21 0.03083667 
369 548 31 43 0.02894475 
372 292 23 35 0.028428111 
519 169 26 31 0.027617335 
982 167 11 13 0.027140448 
321 289 16 23 0.025884602 
855 171 24 31 0.025111163 
949 172 10 12 0.024766112 
319 262 30 45 0.02308877 
309 288 17 22 0.020064173 
