61_Street_Battle_streetfight_61_276
29
345 61 25 32 0.998083 
778 43 26 34 0.9979134 
198 61 26 35 0.9977779 
255 47 25 34 0.9973597 
938 29 24 31 0.99693066 
390 37 27 30 0.9969234 
523 37 25 32 0.99662954 
9 52 23 30 0.9965733 
636 39 25 31 0.99651176 
810 21 25 31 0.9961312 
51 76 24 31 0.9954332 
64 124 28 34 0.9951119 
174 45 23 30 0.99356234 
669 40 24 30 0.9934229 
152 60 25 31 0.993156 
313 22 26 35 0.9930402 
440 54 24 27 0.9905109 
582 36 26 28 0.9899984 
126 47 21 26 0.98718923 
487 48 20 25 0.96275795 
963 33 19 26 0.9339419 
467 43 19 24 0.810227 
190 57 24 33 0.06909365 
388 335 13 16 0.06705387 
451 336 18 16 0.06053883 
461 65 15 21 0.03700832 
952 27 22 33 0.03515062 
149 25 13 15 0.032682817 
382 337 14 14 0.03007223 
