61_Street_Battle_streetfight_61_430
147
570 470 26 36 0.9940017 
138 450 18 23 0.99046624 
796 459 13 17 0.99009144 
290 452 18 25 0.9852888 
918 581 21 27 0.98352206 
841 459 17 22 0.97387326 
864 484 19 24 0.9692839 
163 457 18 22 0.96479666 
952 435 20 23 0.9623764 
233 463 19 24 0.9620782 
922 431 19 24 0.9612244 
36 452 19 22 0.9511454 
476 452 16 18 0.94690394 
692 454 16 20 0.94453955 
453 450 19 22 0.94232637 
91 462 16 21 0.93650323 
199 461 16 21 0.9330913 
139 379 13 16 0.9295052 
906 431 16 21 0.9288589 
519 462 21 25 0.9269631 
912 390 14 18 0.9170805 
427 476 16 21 0.90979755 
272 460 12 16 0.8840291 
624 465 20 23 0.87024057 
550 467 18 20 0.80593264 
369 462 19 31 0.67865264 
309 462 16 18 0.64117265 
595 444 14 19 0.6312498 
860 454 14 16 0.6206501 
748 24 16 20 0.60208154 
976 453 16 18 0.5633421 
962 527 38 68 0.5629681 
217 433 16 18 0.5606161 
737 460 19 19 0.54348433 
877 441 11 16 0.5353676 
66 446 15 18 0.43445563 
319 429 11 15 0.42164946 
762 450 15 20 0.40613815 
710 457 17 20 0.38000935 
1002 392 19 24 0.35234463 
68 459 14 19 0.23457392 
659 476 12 15 0.20608115 
758 446 13 16 0.2055059 
422 462 12 15 0.18575083 
214 449 17 20 0.1837511 
842 484 18 20 0.15358882 
621 460 16 21 0.13251643 
136 417 16 17 0.12553626 
1007 372 14 20 0.111341685 
405 424 9 11 0.10492569 
413 439 11 13 0.102488 
852 456 15 21 0.09632284 
250 482 15 20 0.09578697 
381 456 14 23 0.09274808 
67 420 13 16 0.087613344 
764 104 23 28 0.081101455 
909 357 13 15 0.07867649 
846 436 11 13 0.075642765 
750 451 14 20 0.075094685 
551 419 12 14 0.069841 
61 391 11 14 0.06724297 
323 432 13 16 0.06525422 
13 454 12 13 0.056194328 
170 421 12 15 0.053722437 
1013 451 10 18 0.052652206 
214 439 17 20 0.0502251 
1003 404 17 22 0.050129924 
390 422 8 10 0.049368434 
208 453 19 24 0.048459437 
677 436 9 12 0.046572883 
380 480 13 19 0.04503905 
905 348 11 15 0.044994812 
672 446 10 13 0.044959515 
637 455 12 15 0.044914808 
0 474 14 19 0.044298675 
894 588 9 12 0.04389317 
52 451 14 18 0.043849498 
382 441 13 16 0.043280967 
180 482 14 17 0.04245829 
61 435 16 17 0.04155831 
563 465 20 27 0.040578146 
674 439 9 13 0.0395756 
956 419 15 16 0.039165642 
388 442 12 15 0.03851091 
77 177 348 472 0.038416594 
147 366 10 13 0.037859183 
861 437 11 13 0.036682084 
622 455 11 15 0.036639422 
913 362 13 16 0.035685997 
56 394 12 15 0.035434417 
300 465 14 19 0.03504801 
359 428 11 13 0.03497507 
1010 388 14 21 0.033284076 
553 413 13 15 0.03189979 
235 444 14 16 0.0315688 
386 454 14 19 0.030887898 
285 533 22 38 0.030505903 
401 427 11 13 0.030448066 
85 414 10 14 0.029849403 
739 29 20 26 0.02960787 
732 453 16 20 0.028943174 
590 440 13 16 0.028821668 
240 460 16 21 0.028368255 
266 569 18 19 0.028329792 
550 405 15 18 0.027846051 
2 469 17 19 0.027615396 
19 465 16 21 0.027527729 
95 422 11 16 0.027505489 
92 476 15 20 0.027164014 
228 450 15 19 0.027084969 
850 487 14 19 0.027043346 
959 513 29 56 0.026946248 
727 28 18 29 0.026631337 
932 358 12 16 0.02663067 
1 415 8 14 0.026625244 
54 377 12 16 0.026622487 
119 463 12 15 0.026185878 
10 466 19 20 0.025656939 
125 540 11 16 0.025568862 
843 473 16 18 0.025438113 
37 410 17 19 0.024717854 
0 433 9 17 0.02453315 
54 458 13 17 0.024484513 
99 405 12 14 0.024352036 
527 459 17 20 0.02423415 
4 432 14 19 0.023931053 
614 460 12 17 0.023316573 
67 389 11 15 0.023301737 
715 456 20 25 0.023245944 
1012 365 11 19 0.02293692 
757 104 17 24 0.022774804 
77 419 12 17 0.022691656 
584 444 14 16 0.022619331 
886 452 11 13 0.022506462 
647 453 8 13 0.022491688 
746 40 16 20 0.02212561 
238 470 20 26 0.02207959 
429 430 11 13 0.021942431 
138 407 16 18 0.021931618 
853 436 11 13 0.02155608 
409 438 9 11 0.021181012 
3 390 13 17 0.021028165 
212 489 17 21 0.020892108 
909 342 11 13 0.020404609 
437 452 11 16 0.020400008 
78 411 12 16 0.020210406 
227 174 360 504 0.02015991 
