52_Photographers_photographertakingphoto_52_358
19
400 186 116 153 0.87939495 
592 271 29 40 0.19578706 
676 364 14 18 0.14593804 
583 249 46 58 0.076341726 
519 508 33 44 0.07572301 
838 126 17 21 0.05849207 
321 166 192 241 0.053247493 
527 245 10 13 0.052217342 
528 527 35 36 0.0448096 
446 189 71 93 0.036320478 
539 543 36 31 0.03572792 
611 275 30 48 0.031921923 
675 363 24 28 0.028666329 
718 196 22 31 0.028319584 
834 111 25 34 0.02714633 
819 158 14 19 0.027037937 
376 120 16 20 0.02454018 
796 119 15 18 0.024156615 
671 435 18 22 0.02020163 
