52_Photographers_photographertakingphoto_52_428
19
495 308 130 141 0.98682225 
999 261 12 15 0.12265952 
998 223 10 13 0.09304196 
968 246 11 14 0.056769278 
584 285 96 103 0.052143376 
638 285 62 94 0.04746527 
853 241 12 16 0.042085577 
926 238 12 13 0.042011857 
982 283 16 19 0.041851465 
888 235 10 11 0.03905182 
1003 224 11 12 0.030605333 
1014 243 9 14 0.030334936 
981 232 8 10 0.029940367 
999 245 9 12 0.028689547 
1005 255 10 15 0.025642812 
911 247 10 13 0.024795808 
959 277 12 14 0.021744575 
847 236 13 16 0.020322809 
923 260 11 14 0.020058937 
