52_Photographers_taketouristphotos_52_328
165
248 135 142 217 0.99507374 
988 716 10 12 0.13910016 
898 651 12 16 0.1151268 
856 623 12 14 0.10687889 
672 508 9 11 0.08888349 
885 620 11 13 0.086499855 
717 615 9 12 0.08528817 
758 508 10 15 0.07872884 
659 517 13 14 0.07476549 
744 497 8 10 0.06477985 
755 572 11 13 0.06410258 
678 641 12 15 0.061255936 
774 590 12 15 0.058572654 
692 506 12 15 0.056758102 
704 519 10 13 0.055261362 
963 637 12 15 0.052188974 
881 623 11 12 0.05103201 
941 599 12 15 0.048032008 
607 478 10 12 0.047330298 
968 526 10 12 0.045477316 
904 604 12 14 0.04508143 
750 598 11 13 0.044771712 
846 610 10 13 0.04395073 
928 726 12 16 0.04389193 
820 578 10 14 0.043819327 
862 674 13 16 0.042992778 
685 539 10 13 0.042575013 
577 613 10 13 0.042303275 
653 521 13 16 0.041913636 
643 618 18 22 0.04180766 
649 517 10 14 0.041376796 
758 513 13 16 0.041353196 
742 522 14 16 0.041331273 
781 550 12 13 0.040471893 
893 620 9 11 0.04002804 
766 515 12 14 0.039914463 
32 673 18 19 0.039290246 
820 516 13 16 0.039254896 
883 642 13 17 0.037974738 
566 499 12 12 0.03675651 
746 649 14 20 0.036428854 
779 588 13 17 0.035299364 
888 569 9 11 0.03515956 
687 501 13 16 0.03493705 
733 555 14 15 0.034832906 
833 656 9 11 0.03449569 
649 525 9 12 0.03427194 
726 684 11 13 0.034031197 
708 517 11 14 0.033936866 
782 468 10 11 0.03380802 
893 567 8 11 0.033752505 
839 630 10 12 0.033681184 
767 622 10 12 0.032954615 
755 595 11 14 0.032593448 
594 546 13 15 0.03224257 
684 642 11 16 0.032187633 
831 541 9 12 0.0320251 
718 508 14 17 0.032007173 
688 493 10 11 0.031757824 
624 685 10 13 0.031754963 
943 721 20 19 0.031689018 
806 613 9 12 0.031670697 
759 613 11 14 0.031439945 
733 549 13 14 0.031049525 
673 525 8 12 0.030768879 
652 484 11 14 0.030232064 
823 708 10 12 0.03007692 
815 608 12 13 0.03006878 
936 561 14 15 0.029934041 
943 685 13 14 0.029424682 
986 627 14 16 0.029268062 
669 636 13 15 0.02910862 
669 687 22 24 0.029056784 
675 620 12 14 0.028991554 
832 628 9 12 0.028807692 
984 712 11 12 0.028564034 
1000 708 9 11 0.028448407 
768 595 9 11 0.027958436 
592 543 11 13 0.027711386 
752 591 11 14 0.027052669 
902 613 12 14 0.026874106 
637 603 11 12 0.026832398 
727 607 8 11 0.026650999 
676 524 11 14 0.026604017 
519 601 9 10 0.026580034 
908 599 11 12 0.026514703 
596 649 14 18 0.02622355 
814 722 12 14 0.02617433 
648 606 13 17 0.026099559 
852 612 10 13 0.02603004 
860 595 11 13 0.02596833 
735 565 13 14 0.025927028 
652 510 13 15 0.025554975 
844 629 11 14 0.025375227 
718 502 12 15 0.025358224 
1011 531 11 15 0.025176432 
798 720 10 12 0.025137328 
965 532 13 14 0.025111722 
590 634 12 15 0.024994047 
745 599 9 11 0.024972402 
697 517 10 13 0.024896123 
735 517 15 17 0.024850337 
694 627 10 11 0.024792304 
760 467 10 12 0.024766332 
922 524 13 14 0.024715185 
704 469 10 11 0.024442144 
675 628 13 14 0.024268419 
921 613 10 13 0.024264913 
766 542 9 11 0.02396898 
615 534 8 10 0.02380179 
603 661 13 15 0.023723189 
908 620 11 13 0.023715049 
864 556 11 13 0.023695672 
766 534 9 11 0.023497535 
807 518 9 11 0.023284689 
751 495 8 10 0.023049813 
885 558 10 10 0.022976706 
1008 527 11 13 0.022832682 
824 460 12 14 0.022813907 
639 581 10 13 0.022811392 
760 535 9 11 0.022789916 
753 487 8 10 0.022751914 
837 479 12 12 0.022649406 
780 749 17 15 0.022472218 
877 649 14 17 0.02240916 
782 741 13 14 0.02235647 
680 533 10 13 0.022283131 
772 621 11 12 0.022130577 
888 486 8 10 0.022109134 
616 737 25 26 0.02208096 
678 519 11 14 0.022062674 
764 612 13 15 0.022050273 
843 537 14 17 0.02185269 
826 573 14 15 0.021833895 
738 497 8 10 0.021819487 
746 604 10 11 0.021789229 
475 753 18 15 0.021757213 
778 468 9 11 0.021689355 
920 606 9 12 0.021675931 
711 510 13 16 0.02163764 
804 563 15 16 0.021443453 
726 564 13 17 0.02134539 
859 749 13 15 0.02133249 
605 668 12 15 0.02122264 
678 503 9 11 0.021206554 
839 597 11 12 0.021206358 
1013 716 9 13 0.021060053 
820 611 10 14 0.021032829 
670 562 12 16 0.021019142 
823 563 14 15 0.020948518 
742 678 10 12 0.020865958 
984 701 11 11 0.02083627 
750 519 10 14 0.020733714 
679 475 11 14 0.020719687 
841 607 12 13 0.020712543 
768 567 9 12 0.020702742 
998 614 10 13 0.020594774 
806 525 10 13 0.020578125 
725 612 9 12 0.02056215 
847 503 8 12 0.020490833 
936 581 9 11 0.02030146 
846 520 11 12 0.020202288 
853 565 10 12 0.020185668 
902 619 11 13 0.020155339 
724 652 13 14 0.020009207 
