52_Photographers_photographertakingphoto_52_263
27
628 261 25 37 0.9982475 
136 293 21 32 0.9935056 
753 284 22 36 0.99330574 
402 294 24 30 0.99204296 
351 299 23 30 0.9909986 
686 247 22 38 0.98906285 
801 287 24 37 0.9829558 
38 278 22 31 0.9744376 
471 305 14 19 0.8302023 
315 308 14 19 0.6830777 
267 301 15 18 0.4499087 
172 314 16 18 0.35716105 
673 369 41 50 0.27768302 
65 392 15 19 0.22485608 
76 317 20 24 0.09327648 
178 317 16 21 0.08089366 
465 305 13 18 0.046333276 
797 383 41 51 0.03456414 
873 341 18 26 0.03276344 
294 20 13 17 0.03271083 
268 308 17 21 0.032227 
661 374 33 54 0.029751807 
335 304 14 18 0.029667022 
23 367 32 42 0.023282308 
69 385 20 27 0.021731058 
78 388 13 18 0.02129543 
428 282 14 20 0.02036316 
