52_Photographers_taketouristphotos_52_51
47
448 935 35 44 0.99843806 
752 709 18 20 0.24320467 
839 870 11 13 0.20196259 
432 1302 10 14 0.15902483 
782 880 8 11 0.12345343 
722 720 10 12 0.119819306 
463 1199 9 11 0.10285171 
446 1313 11 13 0.10259374 
711 734 9 11 0.09648006 
913 857 9 11 0.07938436 
698 765 24 29 0.06053857 
858 830 17 19 0.058116112 
422 1303 9 12 0.05501218 
926 908 9 11 0.05316055 
289 739 16 19 0.052527394 
709 717 9 11 0.051980834 
922 701 9 13 0.048304256 
422 1271 8 10 0.047565848 
310 801 10 11 0.04498455 
418 1304 9 11 0.040856436 
704 719 10 11 0.0381583 
453 1228 8 10 0.03592563 
820 840 14 16 0.034848098 
434 1217 7 9 0.03443376 
741 714 13 16 0.031496093 
711 713 8 10 0.031119687 
423 1233 9 11 0.030360628 
735 726 10 12 0.029741209 
697 725 10 13 0.027706001 
861 709 9 10 0.027605472 
849 878 9 11 0.025874518 
701 723 11 14 0.02574472 
754 719 15 18 0.024908526 
487 1256 8 9 0.024496946 
820 858 13 17 0.024178388 
701 752 10 12 0.023959452 
454 1246 7 10 0.023795083 
806 726 13 16 0.023630597 
738 718 10 13 0.023423893 
846 853 12 14 0.023310155 
709 727 11 14 0.022201333 
908 735 11 12 0.022015631 
446 1100 9 11 0.021845328 
858 870 9 12 0.021456847 
422 1206 8 10 0.020994293 
863 870 9 12 0.020431044 
396 840 10 12 0.020023178 
