52_Photographers_taketouristphotos_52_266
116
321 388 26 34 0.9956241 
604 448 56 89 0.9954709 
243 410 24 41 0.9648882 
453 373 33 42 0.92744464 
347 379 13 19 0.7835035 
377 341 11 17 0.5519906 
310 301 16 19 0.54093826 
279 338 14 19 0.36665574 
467 339 14 19 0.26303583 
311 329 15 21 0.22403046 
93 413 23 48 0.1780519 
187 261 11 15 0.17567177 
175 336 20 28 0.17486909 
458 304 16 21 0.1643585 
413 341 9 11 0.13358442 
412 300 12 14 0.123993315 
589 320 24 30 0.12101191 
391 340 11 14 0.1099258 
495 308 22 24 0.10157641 
230 349 12 16 0.087426186 
420 387 14 18 0.07843716 
107 247 11 13 0.07835681 
613 380 27 38 0.077687085 
596 300 14 15 0.076453425 
390 358 12 17 0.07503856 
448 376 23 33 0.07498653 
261 275 12 15 0.07157711 
381 336 11 15 0.071197644 
397 342 8 11 0.070591025 
442 315 20 20 0.07001877 
590 305 23 26 0.06195254 
353 342 10 13 0.061712377 
231 344 10 12 0.061309293 
911 359 11 14 0.060531598 
572 324 15 19 0.059950955 
725 590 106 153 0.058675837 
818 358 12 15 0.05690332 
616 366 57 66 0.056201383 
415 384 13 20 0.054537848 
546 304 21 22 0.054150805 
126 220 11 14 0.051945556 
357 365 13 17 0.05193966 
452 300 17 20 0.051011063 
352 333 11 11 0.050049428 
557 338 14 18 0.048362903 
373 373 14 18 0.04480535 
262 285 14 17 0.044071592 
310 342 16 22 0.04371622 
333 378 22 27 0.04369678 
341 346 11 14 0.04362148 
492 301 18 21 0.04287302 
744 328 11 13 0.042696856 
432 342 10 12 0.04166187 
446 378 14 21 0.041365333 
333 354 11 13 0.04044504 
438 324 17 18 0.039886862 
407 336 9 10 0.039594628 
618 379 18 24 0.03942789 
406 369 16 19 0.039100178 
773 305 15 19 0.038708642 
126 216 10 11 0.038567394 
178 401 17 23 0.03790555 
158 316 13 16 0.036269642 
128 245 9 11 0.035896003 
788 354 12 16 0.0358847 
580 318 22 27 0.035048466 
637 300 19 20 0.033656377 
352 377 15 20 0.03260866 
184 254 13 17 0.03239722 
351 323 15 17 0.032362375 
599 314 18 21 0.031766634 
349 314 18 20 0.031673346 
436 343 11 14 0.03128851 
131 219 13 16 0.031119887 
161 221 11 14 0.029401354 
915 361 12 16 0.029258078 
621 388 35 40 0.02921665 
121 220 10 13 0.028887114 
639 309 21 25 0.028561136 
181 236 14 20 0.028336344 
174 226 12 16 0.02767545 
176 213 12 14 0.027536208 
291 385 23 35 0.027373405 
121 215 10 11 0.026475623 
233 352 13 19 0.02626815 
179 218 14 16 0.026170222 
137 495 236 207 0.026079027 
541 311 25 26 0.025926778 
784 351 10 15 0.025542673 
391 277 15 17 0.024858149 
198 395 24 31 0.024575867 
287 462 27 33 0.024066284 
531 340 14 16 0.024027536 
365 371 16 19 0.024012083 
779 312 17 20 0.023347013 
158 249 12 14 0.023164328 
779 302 16 19 0.022574004 
291 414 17 22 0.022082156 
106 187 12 15 0.022021694 
277 277 11 13 0.022012917 
279 262 12 16 0.021963496 
141 261 10 14 0.021773623 
323 330 12 19 0.021382758 
473 342 16 20 0.021330768 
403 375 21 28 0.021081436 
139 402 24 40 0.021040047 
252 251 14 17 0.020864742 
347 305 18 19 0.020656059 
504 301 16 19 0.020565381 
432 335 11 13 0.020519268 
780 324 15 16 0.02046124 
121 246 9 11 0.020377994 
183 413 29 43 0.0202988 
589 333 16 20 0.020218717 
233 279 14 20 0.020185234 
785 304 17 20 0.020115184 
