52_Photographers_taketouristphotos_52_536
26
528 228 125 223 0.9872936 
246 118 83 92 0.253367 
968 419 55 103 0.19046476 
150 224 34 45 0.045358792 
800 301 158 173 0.043295156 
271 40 86 124 0.03671467 
168 187 46 54 0.035423312 
565 0 44 46 0.032119747 
544 1 44 51 0.029581297 
811 647 209 297 0.026472108 
559 -1 32 34 0.025568776 
1 958 364 517 0.025476309 
141 454 33 35 0.025064504 
515 2 59 70 0.02466926 
476 887 545 559 0.02443 
357 22 56 65 0.023083322 
77 163 18 22 0.022693003 
396 1 50 58 0.02256211 
442 12 14 16 0.02226306 
69 453 13 16 0.022147363 
721 690 338 602 0.020968009 
619 30 30 37 0.02068904 
127 469 28 32 0.020677801 
148 458 16 16 0.020523313 
307 68 56 80 0.020367172 
253 58 45 67 0.020101879 
