52_Photographers_photographertakingphoto_52_578
24
948 167 64 74 0.9995926 
807 150 50 67 0.99897027 
753 174 58 76 0.9985667 
281 181 68 80 0.998221 
352 137 54 71 0.997549 
110 117 66 94 0.9949443 
499 255 55 63 0.99076265 
65 147 83 105 0.9848903 
572 150 49 66 0.9453663 
461 211 10 13 0.25156012 
876 210 36 48 0.21701078 
673 200 7 9 0.17737855 
614 210 27 44 0.102286756 
639 274 33 49 0.088847384 
468 214 11 14 0.08321827 
625 182 17 20 0.081255995 
527 619 11 13 0.060256965 
581 284 34 46 0.06011023 
620 183 25 32 0.02986101 
631 176 13 15 0.029683087 
247 121 38 56 0.025798826 
636 175 11 13 0.025325378 
462 216 14 17 0.022413474 
626 216 16 23 0.020122008 
