52_Photographers_photographertakingphoto_52_506
176
434 300 50 60 0.98976606 
719 597 8 10 0.2667756 
783 563 9 12 0.22559027 
87 532 8 10 0.14410828 
773 533 8 10 0.13334285 
915 629 7 9 0.12162786 
194 536 9 13 0.110985644 
647 388 9 11 0.088734984 
0 477 7 10 0.082290746 
831 573 8 10 0.08177572 
535 525 9 10 0.0808849 
239 409 8 10 0.07510791 
208 412 8 10 0.07308854 
143 445 7 9 0.071569845 
123 447 7 9 0.07039681 
849 542 8 11 0.066199176 
814 545 9 11 0.06558546 
57 496 8 9 0.063570164 
619 348 7 10 0.06298156 
77 638 8 11 0.06289025 
174 544 7 10 0.06086162 
481 557 9 12 0.0590601 
958 643 11 15 0.05462862 
671 524 8 10 0.053223528 
982 312 7 8 0.047585562 
17 381 8 11 0.045782898 
210 536 8 12 0.04530708 
804 507 10 13 0.045211248 
1001 617 8 11 0.045167606 
817 648 9 11 0.04512638 
240 545 8 9 0.043158505 
472 530 9 12 0.042407025 
556 304 9 11 0.042054888 
967 320 7 10 0.041295767 
70 537 8 10 0.040544014 
458 317 36 57 0.04016339 
630 380 8 10 0.039843272 
67 309 7 10 0.039729636 
538 317 7 9 0.039124113 
658 372 9 11 0.039021946 
566 462 8 10 0.038933568 
958 429 8 11 0.03839546 
776 346 8 9 0.03812975 
574 391 7 10 0.03795565 
151 588 9 10 0.03677966 
168 536 7 9 0.03649702 
14 331 8 12 0.036438912 
967 644 12 15 0.036312994 
45 398 7 9 0.035656936 
128 528 9 12 0.035608187 
889 632 8 10 0.035599932 
339 58 11 13 0.035368662 
581 342 10 13 0.035102557 
8 297 8 10 0.03493019 
758 559 8 10 0.03492928 
1013 621 9 12 0.033879243 
56 451 8 10 0.033751134 
679 535 9 11 0.03261504 
725 572 9 11 0.032245517 
96 422 8 11 0.0316488 
16 538 8 10 0.03157155 
210 596 8 11 0.031565145 
663 372 8 11 0.03132398 
814 327 7 9 0.031303365 
95 346 7 9 0.030896906 
694 405 9 12 0.030778553 
90 453 7 10 0.030768836 
624 326 8 10 0.030616973 
326 601 9 11 0.030607479 
823 510 8 10 0.030480515 
239 548 8 10 0.030443702 
554 307 9 13 0.03041282 
166 446 7 10 0.030052736 
66 393 7 9 0.029802267 
635 342 7 9 0.029741954 
125 423 10 11 0.029672585 
533 294 8 10 0.029480213 
350 565 7 9 0.029450534 
139 446 8 10 0.029449463 
838 342 7 9 0.029431 
947 163 16 20 0.029381422 
745 599 9 12 0.029338427 
15 311 8 10 0.029116124 
794 550 8 10 0.029012777 
442 582 9 12 0.028857661 
745 542 9 12 0.02859949 
526 313 8 10 0.028585944 
245 544 8 10 0.02852049 
9 301 7 11 0.02844735 
853 540 9 12 0.028386267 
834 343 7 10 0.028080922 
128 462 7 8 0.028065879 
319 393 8 9 0.027677732 
744 549 9 12 0.027482875 
376 520 8 10 0.027353188 
800 516 9 11 0.027141908 
617 519 8 11 0.027075576 
181 608 8 10 0.026987217 
813 605 10 12 0.02694718 
0 375 8 10 0.026848692 
893 551 9 13 0.026729321 
39 421 8 10 0.026683526 
212 540 9 11 0.02664835 
367 651 10 12 0.02639858 
110 633 9 10 0.026242968 
905 310 8 10 0.026226236 
233 589 8 11 0.025918348 
339 621 7 10 0.02580994 
673 535 9 11 0.025524147 
855 535 10 12 0.025390018 
650 343 8 10 0.025369696 
157 589 8 10 0.025331125 
266 422 6 9 0.025286045 
342 623 7 9 0.02509058 
811 549 8 10 0.025078345 
811 328 7 8 0.024894038 
733 540 9 11 0.024745908 
63 495 8 9 0.02461519 
583 437 8 10 0.024538456 
55 436 9 9 0.024214284 
776 552 8 10 0.024063429 
576 345 10 13 0.02400224 
685 534 9 11 0.023999818 
103 551 9 11 0.023971226 
798 551 7 10 0.023943797 
774 529 8 10 0.023741582 
29 358 8 10 0.023741083 
319 537 7 9 0.023671111 
839 605 8 10 0.023604382 
111 343 8 9 0.023462854 
613 318 9 11 0.0234609 
654 343 8 9 0.023438187 
5 359 8 11 0.023392487 
749 585 8 10 0.023361294 
553 428 9 12 0.0232263 
732 534 10 13 0.023084996 
538 457 9 11 0.022981044 
381 596 9 12 0.02297737 
902 328 8 11 0.022974962 
656 333 9 11 0.022877898 
939 630 7 9 0.022560395 
709 549 9 12 0.02255182 
1014 336 7 10 0.022472477 
623 410 8 10 0.022326013 
626 378 8 9 0.022303738 
592 536 9 11 0.022260305 
767 469 9 10 0.022220096 
752 352 7 10 0.022038842 
55 545 9 11 0.021984704 
810 351 6 8 0.021948785 
111 441 7 9 0.021817686 
606 585 8 10 0.021630354 
31 551 8 11 0.02158338 
101 429 8 10 0.02152004 
17 376 8 11 0.021515666 
826 551 7 10 0.02148551 
815 590 7 9 0.021379631 
379 197 15 20 0.02137736 
91 349 6 9 0.021345282 
938 625 7 9 0.021343125 
665 400 7 9 0.02119398 
532 510 9 10 0.021140285 
210 510 9 10 0.021138143 
112 530 7 9 0.021097315 
296 517 8 10 0.021010866 
41 369 8 9 0.020986836 
760 567 9 10 0.020975765 
591 437 8 10 0.02093377 
66 352 6 8 0.020897705 
745 590 9 11 0.020756235 
649 352 7 9 0.02065683 
144 574 8 10 0.02059353 
336 582 10 13 0.020260232 
682 447 8 11 0.020177826 
200 407 6 9 0.020132653 
787 565 9 11 0.0200297 
