29_Students_Schoolkids_Students_Schoolkids_29_684
53
455 40 51 64 0.99937433 
206 61 57 67 0.9971507 
788 479 8 11 0.60303944 
960 465 13 17 0.2576956 
992 472 7 9 0.15869875 
216 538 8 9 0.14689752 
830 464 8 10 0.1186407 
660 494 9 10 0.10319565 
987 472 8 9 0.097977504 
355 129 41 49 0.09759738 
293 509 8 10 0.09003133 
698 501 8 11 0.082748346 
849 440 9 12 0.07756222 
831 468 8 11 0.0672528 
673 496 7 9 0.060439743 
842 456 8 11 0.053647768 
638 502 9 12 0.049697075 
550 496 9 11 0.049170222 
558 531 13 15 0.04739368 
648 479 8 12 0.045396723 
117 193 32 39 0.044401117 
564 529 11 15 0.04362622 
998 469 8 10 0.04316853 
815 488 8 10 0.039782625 
854 472 8 10 0.03389185 
785 502 7 10 0.0330079 
797 493 8 10 0.030802917 
786 511 8 10 0.030103218 
647 497 7 10 0.029883169 
836 470 9 10 0.029025933 
550 527 13 16 0.026977204 
697 497 8 9 0.026245119 
527 495 9 11 0.02523422 
825 468 8 11 0.02468824 
840 461 9 10 0.024618326 
322 519 6 8 0.023948409 
784 495 7 11 0.023796707 
640 497 8 11 0.02358479 
876 491 11 14 0.02343773 
687 487 9 11 0.023272432 
793 494 8 10 0.022716487 
778 501 8 10 0.022529528 
711 495 8 10 0.022354227 
778 496 8 11 0.022331322 
657 488 9 10 0.022287933 
845 461 9 11 0.02221266 
838 445 9 10 0.021795228 
852 442 10 12 0.021055406 
998 480 14 19 0.021003462 
854 477 9 11 0.02081692 
830 501 8 11 0.020532094 
811 488 8 9 0.020425845 
703 496 8 10 0.020294674 
