29_Students_Schoolkids_Students_Schoolkids_29_221
56
263 229 27 37 0.99769384 
524 194 13 19 0.98117274 
228 220 34 59 0.9435173 
382 218 21 47 0.9408602 
735 190 9 12 0.9232503 
291 234 17 26 0.7695169 
757 215 10 12 0.7204252 
446 271 21 49 0.7104826 
716 195 9 12 0.575489 
567 196 8 10 0.5122268 
814 215 7 9 0.5103322 
768 192 8 11 0.46107864 
164 243 12 15 0.4501791 
494 201 7 10 0.38442582 
562 198 8 10 0.2575794 
786 190 9 13 0.20919237 
752 196 8 10 0.14240481 
153 242 21 22 0.110730305 
737 223 9 11 0.10047472 
169 243 12 16 0.083791144 
542 199 7 9 0.08344223 
784 184 8 10 0.073377706 
789 221 10 11 0.072396226 
781 205 9 11 0.067673616 
258 218 15 18 0.0609686 
781 236 10 13 0.06057436 
798 220 8 10 0.057504028 
560 204 8 10 0.054627627 
500 207 8 10 0.046242498 
783 230 9 12 0.043984503 
777 237 10 12 0.042757884 
762 192 7 10 0.04235015 
739 188 9 14 0.04162533 
801 167 7 9 0.041334894 
762 215 10 12 0.039853845 
790 237 11 13 0.033957023 
147 248 28 28 0.031704467 
542 206 8 11 0.03057549 
550 244 11 14 0.030252714 
799 216 8 10 0.029716982 
524 323 16 24 0.028794933 
573 197 8 11 0.027545 
759 196 8 11 0.026288833 
788 195 9 12 0.025964158 
542 194 8 10 0.025695203 
688 207 9 10 0.025238883 
735 173 8 10 0.023065375 
814 220 8 10 0.022984803 
71 276 13 17 0.022107784 
535 203 10 14 0.021984499 
781 241 10 14 0.02118313 
736 215 8 11 0.021159168 
663 199 9 11 0.02115513 
552 239 12 15 0.020990834 
785 217 10 11 0.02071611 
782 167 8 9 0.020066489 
