29_Students_Schoolkids_Students_Schoolkids_29_10
50
658 366 25 33 0.99713707 
575 336 23 29 0.9959145 
482 366 21 30 0.9918257 
525 377 23 27 0.98831 
526 317 17 22 0.9867749 
557 280 15 18 0.98593545 
424 354 23 29 0.9845487 
458 294 18 22 0.9842659 
466 329 18 25 0.97692 
484 301 14 16 0.9703719 
524 276 12 14 0.94209826 
629 353 20 22 0.92924124 
509 287 12 14 0.8322764 
595 291 12 15 0.8220629 
613 322 16 19 0.25718156 
614 318 11 14 0.22213405 
485 275 10 13 0.12767312 
427 340 15 17 0.11865694 
618 326 15 19 0.1046549 
420 345 22 27 0.090514876 
147 431 104 299 0.08363607 
582 415 17 18 0.07856268 
515 285 11 15 0.071705475 
714 482 96 227 0.07136864 
833 482 91 205 0.07092521 
504 290 13 15 0.067502536 
607 314 11 14 0.06623153 
619 318 13 16 0.066163234 
189 265 136 581 0.062124852 
500 299 14 18 0.05718325 
538 196 22 28 0.05257027 
569 207 49 56 0.052389566 
524 362 19 20 0.051018618 
649 353 17 22 0.04586628 
700 619 26 33 0.04173686 
601 311 10 13 0.03625501 
608 322 12 16 0.035405178 
366 281 11 14 0.033663403 
644 398 237 295 0.03232294 
223 195 373 506 0.03207065 
423 368 24 29 0.029405745 
597 315 12 14 0.024708338 
470 278 12 13 0.024626495 
494 294 11 15 0.024600388 
591 315 12 14 0.023510175 
507 297 15 17 0.023370786 
549 298 11 13 0.02158777 
124 192 15 17 0.0214872 
479 295 12 16 0.020678477 
614 261 13 15 0.020279162 
