29_Students_Schoolkids_Students_Schoolkids_29_494
52
295 320 60 65 0.9975721 
787 129 30 37 0.9964533 
463 157 31 35 0.99570024 
353 243 50 58 0.99429375 
718 128 30 47 0.99350387 
383 166 33 36 0.993294 
541 147 29 34 0.9924919 
437 161 25 29 0.9856548 
283 29 40 47 0.9852406 
861 140 27 31 0.93224955 
822 132 22 28 0.9199684 
608 195 25 44 0.88724965 
352 160 21 32 0.88548064 
261 298 34 53 0.63456136 
657 140 25 39 0.58664805 
905 141 27 28 0.5832739 
674 242 40 41 0.4177154 
895 136 21 29 0.31613532 
245 233 29 39 0.24684367 
169 310 32 49 0.19679537 
504 149 24 29 0.17768085 
208 345 42 57 0.16207647 
568 162 24 33 0.13901088 
279 311 48 61 0.12834129 
530 207 17 19 0.09027201 
557 156 24 36 0.085290246 
470 243 37 41 0.07713057 
663 150 31 35 0.07094421 
631 135 22 30 0.062174335 
702 141 24 37 0.060350664 
581 168 29 32 0.055863872 
353 404 36 50 0.052627295 
628 150 21 26 0.052009888 
869 130 23 30 0.040621966 
201 353 29 50 0.04060288 
37 90 104 157 0.04026753 
285 567 43 39 0.039926562 
620 134 21 29 0.037841406 
146 315 51 70 0.034318633 
597 180 25 40 0.03301014 
253 215 26 47 0.031878345 
0 425 60 118 0.03151601 
887 133 14 27 0.03029721 
153 341 50 81 0.02987263 
184 347 39 67 0.028340021 
490 151 24 32 0.026921371 
505 161 25 29 0.026872056 
243 287 41 59 0.026129046 
561 247 37 36 0.024083909 
220 274 39 51 0.020891204 
367 164 37 42 0.020471068 
167 446 46 53 0.020185068 
