29_Students_Schoolkids_Students_Schoolkids_29_585
27
463 51 79 84 0.9974819 
110 166 45 55 0.9943651 
347 237 11 13 0.27823094 
304 238 12 14 0.13793682 
279 220 8 10 0.11850781 
328 236 11 12 0.109954804 
988 144 15 18 0.073027685 
853 16 14 19 0.05760459 
307 242 10 13 0.056702238 
272 222 9 11 0.05275336 
332 232 10 13 0.052681766 
288 247 9 10 0.04955222 
994 141 16 20 0.044165686 
1013 144 10 18 0.041255865 
48 357 10 11 0.037911452 
386 339 14 17 0.036409516 
263 257 8 10 0.03069039 
267 223 9 12 0.030237984 
286 251 10 11 0.027336584 
180 229 11 13 0.024925612 
292 272 10 12 0.023493685 
1004 144 14 18 0.023488795 
905 77 9 12 0.021787055 
190 224 8 11 0.021593582 
184 224 9 12 0.020805879 
799 5 11 13 0.020625511 
988 143 26 29 0.020248882 
