29_Students_Schoolkids_Students_Schoolkids_29_21
48
460 156 108 130 0.9998111 
742 201 123 169 0.999534 
207 104 54 69 0.9995229 
314 92 58 76 0.99943477 
614 56 52 70 0.99819833 
945 62 56 65 0.9971495 
11 72 27 35 0.99702317 
729 37 36 46 0.9967925 
878 13 38 48 0.9967257 
73 61 38 46 0.99654096 
766 61 54 66 0.99628085 
113 55 41 50 0.99598545 
75 146 69 81 0.9954437 
450 59 46 56 0.9953206 
663 28 28 35 0.99409974 
803 20 33 39 0.99343383 
990 31 33 41 0.9909695 
581 53 34 47 0.9888254 
581 15 27 34 0.9886615 
152 81 49 64 0.9880476 
927 38 37 47 0.9810674 
406 52 22 30 0.97869027 
437 35 30 40 0.97832674 
468 25 24 28 0.978127 
506 48 31 37 0.9128999 
357 77 36 42 0.60368216 
737 16 28 33 0.2631133 
502 86 53 66 0.23544885 
153 59 26 35 0.1916568 
430 41 24 33 0.15056089 
525 90 55 66 0.09955096 
0 109 16 31 0.07576777 
173 92 46 67 0.072958216 
500 57 45 57 0.05996776 
628 42 51 57 0.04832501 
449 43 35 47 0.040815942 
417 78 28 38 0.036571067 
376 77 25 36 0.03484076 
336 83 53 65 0.027331984 
477 55 41 53 0.025646674 
430 54 15 23 0.025036141 
704 525 23 34 0.023314252 
527 122 59 75 0.023221929 
505 135 64 85 0.023115292 
551 82 43 62 0.02311214 
150 66 37 45 0.022606585 
787 1 34 25 0.022580922 
492 100 79 91 0.020871803 
