29_Students_Schoolkids_Students_Schoolkids_29_161
25
576 164 110 157 0.9984559 
843 85 88 106 0.99660826 
520 150 73 99 0.9956809 
365 184 26 34 0.8557736 
469 181 16 25 0.19008829 
547 139 88 144 0.18525413 
892 13 55 60 0.12585661 
466 246 14 19 0.074862674 
966 73 22 31 0.051896345 
802 64 95 116 0.04606151 
476 197 44 62 0.04511271 
212 307 25 30 0.04282503 
258 284 24 32 0.041068714 
469 189 23 31 0.0346631 
894 32 67 73 0.03227434 
894 13 33 39 0.031948235 
751 45 94 134 0.029599322 
249 298 28 37 0.029381176 
308 261 24 36 0.026036303 
222 311 27 26 0.025539573 
486 208 51 71 0.025469111 
904 2 83 71 0.025140623 
809 125 55 77 0.023515731 
232 271 29 33 0.02297014 
479 235 13 16 0.0218151 
