29_Students_Schoolkids_Students_Schoolkids_29_358
38
490 382 16 21 0.9904867 
573 391 17 21 0.98734295 
939 421 23 27 0.9845184 
268 362 17 22 0.9824623 
433 400 17 22 0.9819341 
545 380 17 22 0.98029286 
624 376 20 25 0.9723908 
844 409 21 27 0.9648523 
712 373 20 25 0.9494254 
498 422 18 21 0.9429938 
671 388 18 23 0.94088566 
769 389 20 27 0.9271153 
738 425 16 22 0.9058565 
338 444 17 19 0.8950198 
309 438 16 19 0.81083417 
363 424 14 19 0.6750841 
886 397 19 25 0.5120595 
250 434 15 19 0.3420745 
801 410 17 21 0.26655358 
327 445 12 19 0.11641971 
283 439 16 19 0.098004855 
778 381 13 16 0.05707527 
535 404 15 19 0.05381615 
1000 466 20 26 0.049918186 
534 420 17 20 0.04670729 
809 407 15 22 0.04117025 
458 427 12 17 0.034293775 
473 434 15 18 0.032077305 
825 398 17 20 0.030408055 
290 435 15 20 0.02977275 
276 426 25 30 0.025346573 
704 367 20 29 0.023736432 
627 364 18 20 0.023485163 
403 410 14 16 0.02202352 
816 396 20 25 0.0217128 
369 425 14 19 0.020627555 
811 397 14 20 0.020252362 
893 390 13 13 0.020214211 
