29_Students_Schoolkids_Students_Schoolkids_29_158
26
577 698 74 90 0.99916184 
594 397 47 54 0.9968798 
551 502 47 56 0.9960776 
42 951 428 400 0.26252413 
438 165 10 12 0.17685771 
687 170 12 15 0.102161095 
508 236 12 16 0.09991542 
443 166 10 12 0.08745481 
0 1040 41 97 0.07211 
617 321 9 11 0.06677159 
72 1126 324 275 0.043281313 
455 222 11 14 0.029312931 
428 277 10 13 0.028993541 
620 323 10 12 0.028159384 
488 294 10 13 0.027976228 
432 271 9 11 0.027201984 
599 248 10 11 0.026045624 
437 269 8 12 0.025826694 
504 230 11 14 0.022502352 
455 188 9 12 0.021858245 
513 294 10 12 0.021014089 
708 537 27 35 0.02076341 
590 267 11 14 0.02076241 
645 173 9 11 0.02065463 
493 295 10 12 0.020589584 
517 157 12 12 0.020568466 
