29_Students_Schoolkids_Students_Schoolkids_29_316
29
634 191 109 133 0.9996326 
258 19 68 77 0.99951637 
165 156 104 124 0.999376 
27 134 75 87 0.99899584 
939 0 66 72 0.99881625 
98 0 57 65 0.99881625 
830 13 78 88 0.9983606 
329 19 55 68 0.9983537 
290 126 76 94 0.9977083 
157 22 50 59 0.99682295 
408 0 45 51 0.99606484 
764 -1 50 59 0.99509513 
885 100 83 97 0.9946861 
710 0 58 54 0.99358773 
0 59 60 79 0.99206245 
554 111 83 103 0.98970747 
564 1 46 56 0.9889599 
655 1 31 40 0.9886573 
207 22 42 55 0.98569816 
501 -1 69 58 0.9823393 
61 1 43 38 0.97494304 
484 14 34 53 0.5137716 
123 16 51 63 0.06821942 
497 8 40 46 0.058212858 
295 27 55 68 0.04888694 
535 -4 55 55 0.030209344 
372 18 31 43 0.030019782 
467 18 35 48 0.027884524 
7 92 75 106 0.025650227 
