29_Students_Schoolkids_Students_Schoolkids_29_432
47
891 174 78 90 0.9659515 
585 0 84 69 0.96350825 
149 482 15 21 0.40561262 
734 73 72 77 0.33402196 
257 575 85 116 0.15446587 
204 483 15 18 0.13226224 
178 482 14 17 0.1317696 
144 490 12 15 0.09186438 
472 324 30 39 0.08983224 
197 470 11 14 0.06983918 
172 487 15 17 0.06372601 
65 518 9 11 0.058712568 
167 486 11 15 0.0583785 
511 -1 36 38 0.056314677 
122 450 221 270 0.053580947 
126 466 15 17 0.04887971 
103 502 13 15 0.045574225 
151 327 10 12 0.04053764 
149 470 14 18 0.03817467 
135 417 12 16 0.037161533 
116 435 10 13 0.035168443 
132 471 14 18 0.033275705 
7 276 313 457 0.032029152 
109 493 12 15 0.028252227 
258 548 14 17 0.02808969 
191 474 11 16 0.02737662 
111 447 9 12 0.02728421 
456 334 49 73 0.026520079 
211 392 17 19 0.025573328 
775 18 41 51 0.02547762 
160 480 20 25 0.0245894 
326 371 14 15 0.023944689 
371 300 16 18 0.023882894 
142 476 13 20 0.023357611 
280 442 13 16 0.02326974 
188 481 13 20 0.02303626 
53 427 14 18 0.022908762 
211 512 190 209 0.022655772 
86 477 13 16 0.022554696 
129 461 14 16 0.02246602 
795 475 43 75 0.022288721 
339 423 14 18 0.021911034 
143 458 11 14 0.021668263 
254 443 10 14 0.021185383 
119 589 11 14 0.020408016 
105 495 11 15 0.02005719 
126 427 10 13 0.020028027 
