29_Students_Schoolkids_Students_Schoolkids_29_312
44
501 75 85 117 0.9992078 
818 19 13 16 0.30072376 
745 23 9 12 0.29064628 
718 12 10 12 0.1930461 
767 5 8 11 0.14430717 
790 28 10 11 0.10170182 
940 6 15 18 0.092237964 
728 253 19 22 0.07212543 
686 38 8 10 0.071520805 
1013 4 9 14 0.070366114 
766 23 8 10 0.057550035 
717 32 9 12 0.054740928 
818 0 8 9 0.053690106 
9 122 17 22 0.045108356 
698 16 8 10 0.041137353 
735 9 8 10 0.037719782 
989 260 25 30 0.035809383 
860 21 11 15 0.0351022 
895 19 11 13 0.03287993 
732 29 10 14 0.031398453 
871 16 11 13 0.03136556 
286 62 11 14 0.03031155 
34 146 16 21 0.029772308 
766 13 8 11 0.02936485 
52 80 17 21 0.028968615 
976 315 37 37 0.028759234 
846 21 10 14 0.028422326 
849 1 10 10 0.028359462 
792 0 8 9 0.027539974 
886 51 25 26 0.026910482 
708 318 259 270 0.026375208 
734 23 9 12 0.025197553 
981 456 11 12 0.02463931 
704 187 23 28 0.024627274 
126 127 9 12 0.024057684 
749 8 9 10 0.023462636 
860 38 12 14 0.02282246 
701 189 15 18 0.022557635 
865 14 10 12 0.022298368 
231 165 12 14 0.022249082 
864 7 9 11 0.021378484 
857 26 11 15 0.020668909 
899 14 11 13 0.020184465 
373 53 11 14 0.020172972 
