29_Students_Schoolkids_Students_Schoolkids_29_524
19
207 29 40 49 0.99430203 
564 314 38 35 0.9911612 
187 153 45 58 0.99074274 
429 65 42 48 0.98699355 
416 322 45 32 0.90743315 
125 240 50 34 0.8950668 
616 356 39 48 0.88875216 
170 443 49 71 0.39124838 
674 550 52 51 0.1361467 
794 170 14 16 0.13110888 
356 376 50 60 0.11841302 
524 581 11 12 0.062965095 
513 145 16 20 0.03779902 
310 365 42 59 0.03555841 
662 246 12 16 0.03433731 
599 603 13 15 0.030874185 
715 561 60 48 0.029806232 
591 209 15 18 0.022261377 
612 335 40 52 0.02120822 
