29_Students_Schoolkids_Students_Schoolkids_29_311
27
300 379 13 16 0.98983604 
233 377 18 23 0.9852249 
204 378 14 18 0.97843665 
445 393 16 19 0.9749171 
47 373 15 18 0.97461104 
447 365 11 15 0.93483883 
120 369 12 15 0.81911635 
0 363 8 15 0.7680684 
829 424 10 13 0.25389066 
75 389 10 13 0.17263271 
11 375 8 11 0.088247254 
690 461 19 23 0.08463506 
686 424 15 19 0.061670844 
438 440 15 22 0.053773478 
31 372 9 12 0.041148018 
203 390 14 18 0.036228396 
93 390 9 12 0.03572878 
695 482 16 18 0.0275488 
836 383 11 14 0.027159685 
23 371 10 13 0.02579217 
368 391 9 11 0.023375914 
176 421 10 12 0.02290794 
954 452 9 13 0.022892026 
162 375 9 12 0.022747595 
832 387 11 14 0.021835644 
647 440 7 9 0.02167169 
5 366 9 13 0.020838117 
