29_Students_Schoolkids_Students_Schoolkids_29_251
31
484 470 59 72 0.99976784 
382 478 66 77 0.99967384 
501 217 65 85 0.9996038 
263 466 69 83 0.9995809 
639 170 57 73 0.99947387 
52 313 58 67 0.99934524 
316 330 56 68 0.9993175 
113 195 58 73 0.99919504 
732 296 72 86 0.9991647 
907 213 63 72 0.9990741 
657 269 61 75 0.99862576 
214 266 69 71 0.9982925 
46 558 77 84 0.9981645 
747 493 72 90 0.9981505 
898 97 48 57 0.9979804 
549 354 69 70 0.99662507 
375 273 52 59 0.99498713 
406 110 54 64 0.99218655 
221 193 47 53 0.9850729 
379 207 49 55 0.97868586 
510 142 45 57 0.68491733 
249 354 53 61 0.08736955 
628 294 39 65 0.045936815 
539 146 35 52 0.03992194 
776 94 12 16 0.03362585 
595 513 33 35 0.03038215 
981 335 39 57 0.028465906 
581 496 17 20 0.02659375 
773 117 14 20 0.025580697 
861 84 12 14 0.020568268 
579 495 29 35 0.020022828 
