40_Gymnastics_Gymnastics_40_242
73
494 457 75 49 0.80722344 
340 587 10 13 0.3065265 
411 580 17 22 0.19243374 
750 423 10 13 0.16957325 
1007 542 12 15 0.15862279 
373 575 18 24 0.15130988 
903 556 11 13 0.11960577 
328 570 11 14 0.09630893 
108 534 12 16 0.07020979 
776 527 12 15 0.07004797 
108 487 11 14 0.06621828 
799 594 12 16 0.06476769 
210 569 16 18 0.0637416 
799 484 10 14 0.06160119 
957 506 11 16 0.05939859 
835 419 11 14 0.05616042 
376 429 11 14 0.05291294 
879 518 9 11 0.05263515 
420 517 16 19 0.05099285 
756 547 14 18 0.050953686 
271 554 13 17 0.050726052 
977 485 12 15 0.050571032 
211 501 12 14 0.048761465 
21 520 15 19 0.048568882 
972 472 11 12 0.047776897 
232 508 12 15 0.046453446 
723 422 12 15 0.045894288 
52 510 11 13 0.043435764 
1 518 10 15 0.042499386 
990 511 10 13 0.042390607 
909 478 13 17 0.041676875 
244 574 14 16 0.04149556 
772 474 11 15 0.040474344 
751 484 11 15 0.038025517 
816 474 12 15 0.036802467 
469 437 112 83 0.036288783 
294 434 13 15 0.03563196 
81 495 9 11 0.03448457 
963 510 15 16 0.034127686 
912 502 11 15 0.033737503 
961 545 14 16 0.033609007 
903 482 14 19 0.03218706 
79 508 13 19 0.031366043 
330 427 14 17 0.030640772 
80 500 13 17 0.029211473 
123 173 19 22 0.028507086 
997 473 12 17 0.028347967 
979 388 13 14 0.028187478 
430 157 12 16 0.028021649 
805 438 14 20 0.027549593 
933 508 10 14 0.027142217 
973 476 12 14 0.02670588 
860 559 15 19 0.026579883 
-1 530 9 17 0.026215928 
1015 519 9 13 0.025988009 
947 470 11 15 0.025903508 
714 548 16 22 0.025668822 
295 571 13 16 0.025385883 
288 477 14 16 0.02470395 
757 573 14 20 0.024447594 
741 561 14 18 0.024126206 
75 566 14 17 0.02386107 
780 494 14 17 0.023020713 
190 540 11 15 0.022829235 
803 548 12 14 0.02260246 
102 516 13 16 0.022009289 
1012 489 11 16 0.021696333 
212 557 15 18 0.02160753 
207 484 14 15 0.021287063 
978 450 14 19 0.020624654 
414 535 10 14 0.020434357 
21 549 11 14 0.020100921 
968 515 14 15 0.020025246 
