40_Gymnastics_Gymnastics_40_762
38
587 450 114 146 0.99482006 
124 944 31 40 0.5185166 
163 1146 34 44 0.4158384 
291 1126 35 43 0.28838938 
215 1071 40 46 0.18903452 
661 906 53 67 0.16812116 
979 1103 36 41 0.1443749 
773 896 43 59 0.12533848 
19 957 42 60 0.08462582 
709 955 53 94 0.076542765 
977 905 34 41 0.07251016 
882 907 38 55 0.06947072 
850 959 26 38 0.065737024 
8 826 52 67 0.052594908 
930 781 38 54 0.04432469 
669 896 36 51 0.04325271 
818 627 24 28 0.03837519 
572 1122 54 71 0.037800245 
0 1127 25 52 0.03763488 
670 999 50 63 0.036663167 
911 794 75 105 0.033838805 
537 809 56 73 0.031553943 
76 414 33 48 0.030947363 
250 1247 24 28 0.028863007 
66 1216 23 36 0.028769579 
569 877 37 45 0.028293928 
684 925 50 67 0.02693235 
62 872 37 54 0.026465049 
130 420 39 43 0.02621494 
918 965 43 53 0.025680145 
686 975 59 83 0.024578717 
915 1059 59 55 0.023322664 
749 751 108 133 0.02320506 
162 328 25 35 0.022996979 
998 576 24 47 0.02229966 
782 909 47 64 0.021326931 
843 1004 27 37 0.020939432 
844 972 40 59 0.020731179 
