40_Gymnastics_Gymnastics_40_492
65
472 152 37 50 0.9972299 
549 46 25 32 0.99680054 
359 150 41 53 0.9953389 
556 131 41 49 0.9950748 
653 124 40 52 0.9945104 
308 7 24 31 0.99398166 
511 54 21 31 0.9920414 
208 17 24 31 0.984608 
486 64 20 28 0.98416674 
467 77 21 29 0.9836078 
379 0 22 24 0.96418047 
363 77 21 27 0.96048313 
586 80 23 27 0.9580041 
36 0 20 29 0.94351053 
269 18 20 28 0.93935436 
309 73 20 31 0.92628914 
338 0 24 23 0.90142155 
447 109 21 26 0.8904209 
449 0 23 18 0.8323443 
414 0 19 18 0.7680639 
167 16 20 28 0.69333285 
307 47 20 27 0.5312726 
72 0 19 15 0.5140847 
403 67 15 21 0.4995773 
356 0 19 19 0.43482977 
427 80 15 19 0.4217616 
420 114 20 28 0.26322147 
404 26 19 22 0.25462696 
234 31 17 22 0.22377193 
99 37 13 18 0.22195499 
258 4 23 27 0.15723614 
478 72 21 30 0.13282563 
284 0 16 12 0.12310035 
5 85 12 15 0.11273317 
606 105 14 18 0.08037155 
915 0 15 11 0.07912961 
79 51 11 14 0.07743338 
212 0 23 19 0.07300782 
332 94 16 19 0.06352612 
141 0 15 12 0.060576074 
495 1 15 19 0.056217242 
571 1 18 25 0.050307143 
386 68 15 18 0.05001185 
59 0 25 25 0.03929902 
538 14 19 21 0.03605667 
394 115 14 19 0.033889525 
918 18 12 14 0.030746376 
600 80 17 22 0.02919164 
478 48 16 20 0.028163249 
326 90 14 21 0.027113305 
113 16 19 22 0.026938433 
923 0 16 12 0.026650084 
978 0 15 13 0.026544522 
289 -1 20 18 0.026529824 
327 126 29 40 0.0258659 
253 7 18 21 0.025535515 
61 0 15 14 0.025349952 
374 73 20 27 0.024578877 
267 10 18 25 0.023947338 
271 0 24 22 0.023150725 
268 71 16 26 0.02187795 
929 2 16 13 0.021769457 
318 4 23 27 0.021632124 
224 0 17 14 0.02150861 
909 3 12 12 0.021164391 
