40_Gymnastics_Gymnastics_40_255
80
772 452 11 15 0.2997252 
138 368 15 19 0.15541992 
746 397 12 15 0.14895824 
553 491 10 14 0.1255852 
191 353 12 15 0.12282624 
572 445 13 17 0.114310384 
506 405 9 11 0.09991478 
512 484 11 12 0.08027183 
322 464 14 16 0.07978735 
754 365 13 17 0.07499416 
792 446 10 12 0.06352212 
663 481 13 18 0.06315202 
662 422 10 13 0.059251785 
99 257 16 26 0.05707714 
608 419 18 21 0.056814753 
861 418 12 14 0.053936224 
651 449 13 18 0.053496163 
348 436 10 12 0.05184195 
163 185 15 17 0.051504143 
898 450 15 18 0.04958723 
703 371 10 11 0.045035526 
256 413 9 12 0.04429461 
293 436 8 11 0.04110262 
749 442 13 18 0.04073713 
251 434 11 14 0.040449455 
839 414 11 15 0.040271524 
474 445 8 11 0.039997227 
113 356 11 16 0.039742302 
791 468 12 15 0.039152578 
407 470 12 13 0.037106242 
901 406 10 12 0.036523238 
721 354 11 14 0.036384575 
649 428 10 12 0.034406826 
527 494 11 14 0.034230392 
850 464 19 21 0.0341798 
228 446 13 16 0.033827804 
312 428 9 12 0.03358843 
800 422 13 17 0.033008598 
723 471 17 21 0.032110035 
791 476 13 15 0.032070644 
386 412 9 11 0.031747926 
654 429 11 13 0.031145569 
456 449 12 16 0.029388323 
747 476 12 16 0.028774286 
536 444 11 14 0.02847413 
792 450 12 15 0.028434657 
756 361 9 11 0.027903335 
610 477 14 17 0.02729655 
590 459 14 16 0.027286993 
484 414 9 11 0.026988069 
927 449 12 15 0.026965128 
730 433 15 17 0.02687662 
855 428 9 13 0.026752418 
656 482 13 17 0.02633449 
743 392 12 16 0.026220039 
247 408 10 12 0.026171742 
625 405 11 13 0.025984388 
556 445 11 14 0.02565548 
785 443 11 13 0.025403239 
388 408 10 12 0.025331264 
867 489 15 19 0.025020791 
142 414 11 15 0.024531096 
187 171 12 15 0.024443036 
870 430 10 13 0.02442367 
350 482 12 14 0.024263397 
768 455 12 17 0.023809869 
171 370 13 15 0.0234267 
467 483 15 16 0.02321755 
235 342 12 15 0.02230498 
632 436 12 15 0.02201802 
885 436 11 16 0.021897828 
878 435 13 18 0.021533282 
531 498 12 14 0.02150912 
159 427 15 18 0.020772971 
799 377 16 19 0.020445287 
907 485 13 17 0.020412052 
885 429 12 15 0.020249799 
838 458 11 16 0.020209804 
878 428 12 16 0.020190341 
653 412 10 12 0.020145733 
