40_Gymnastics_Gymnastics_40_24
19
705 287 58 63 0.85951 
692 273 59 58 0.15035512 
962 360 16 17 0.083306454 
174 532 16 22 0.06763459 
119 521 14 18 0.04805992 
114 444 18 19 0.038252793 
664 208 42 52 0.03605865 
99 496 13 18 0.032080833 
988 478 14 17 0.03040838 
609 476 15 19 0.027322033 
142 444 13 17 0.02337796 
535 446 13 16 0.023205873 
971 545 19 29 0.022878848 
112 233 26 30 0.022817174 
138 555 16 22 0.022671726 
796 552 16 18 0.022469858 
69 551 12 15 0.022082075 
667 450 14 15 0.02167262 
792 577 19 20 0.02007039 
