40_Gymnastics_Gymnastics_40_887
23
873 103 50 68 0.99953806 
760 375 54 66 0.99950373 
522 380 56 69 0.9994747 
660 276 54 60 0.9994242 
135 398 52 67 0.9993975 
330 399 51 65 0.9993286 
248 276 49 65 0.9991774 
520 271 51 67 0.99912304 
745 101 46 57 0.9989826 
809 267 48 65 0.9989323 
95 144 47 60 0.9987142 
481 137 51 58 0.9987135 
552 62 44 58 0.99866176 
686 41 45 57 0.9982759 
105 277 48 63 0.9982735 
314 73 43 59 0.9980843 
385 290 47 60 0.99796826 
359 145 48 60 0.99780554 
214 136 46 57 0.997703 
433 80 42 58 0.9972887 
626 132 45 54 0.99703 
838 59 47 54 0.99570763 
187 83 42 55 0.99375486 
