40_Gymnastics_Gymnastics_40_894
18
141 1189 567 498 0.9999988 
417 182 128 174 0.99980277 
133 507 18 22 0.9318137 
97 519 18 23 0.90953654 
117 513 13 18 0.7537379 
875 1102 101 276 0.32501388 
21 598 11 14 0.117743574 
31 504 10 13 0.10443636 
360 859 480 477 0.094189554 
108 513 16 24 0.08851265 
601 1147 105 221 0.07505846 
826 1111 96 305 0.053518545 
62 581 12 14 0.0393287 
125 508 17 25 0.036763784 
53 580 13 15 0.03466175 
968 819 52 92 0.03235637 
579 1016 105 443 0.020915763 
95 510 14 16 0.02026019 
