40_Gymnastics_Gymnastics_40_171
101
486 322 96 132 0.999542 
893 1306 38 46 0.979011 
820 1217 30 43 0.9699612 
271 1181 28 35 0.9694788 
785 1335 26 34 0.9673779 
699 1300 30 39 0.9366848 
692 1181 27 34 0.9242873 
888 1056 22 28 0.89115524 
796 1185 26 33 0.8705216 
1 1303 28 36 0.8665382 
96 1320 26 35 0.8457617 
766 1104 25 32 0.78046256 
323 1177 24 29 0.7625081 
314 971 24 31 0.6886766 
239 917 26 33 0.6438458 
249 1136 25 37 0.60983497 
908 1112 23 29 0.6030246 
123 973 18 24 0.57830125 
843 1100 21 28 0.5595009 
197 1108 25 30 0.5396263 
979 1061 26 32 0.5290923 
272 1081 29 35 0.5282469 
674 1277 24 31 0.5127397 
192 1189 23 32 0.5052676 
325 862 18 23 0.50434077 
177 880 23 33 0.43584913 
0 1120 24 34 0.3964581 
943 1168 27 34 0.39607632 
940 1103 23 29 0.37108418 
614 1208 33 42 0.3524959 
130 1012 18 22 0.3490067 
116 795 22 30 0.33175686 
717 1154 24 31 0.33055356 
374 869 19 27 0.319518 
53 1127 30 40 0.31071946 
721 1224 27 33 0.2914904 
173 1028 24 31 0.27320248 
193 829 27 36 0.25646898 
169 933 22 30 0.25322476 
767 852 22 27 0.25033772 
932 1259 27 31 0.2477959 
197 993 21 29 0.24514876 
635 1000 25 30 0.23503368 
0 1157 23 53 0.2339124 
69 1077 27 36 0.20368725 
133 900 22 29 0.19266905 
132 849 23 25 0.17885226 
262 884 23 32 0.17594379 
154 1160 22 28 0.1709204 
29 1035 24 32 0.16032696 
56 1335 30 37 0.15808241 
169 1262 31 37 0.13361026 
714 994 26 38 0.12649849 
250 849 21 25 0.12010666 
817 887 24 32 0.11935669 
1005 1022 18 31 0.11483277 
375 1124 24 31 0.10617042 
442 1071 21 30 0.10173364 
328 854 17 22 0.09981557 
240 1109 24 30 0.092093684 
91 873 30 39 0.086851075 
103 1114 29 38 0.08363832 
655 964 22 30 0.08206899 
401 1208 47 57 0.07065719 
855 905 28 32 0.060310364 
32 855 31 39 0.059374537 
66 768 19 26 0.053906877 
974 1302 35 35 0.053571288 
77 914 19 23 0.05248827 
748 1053 38 54 0.048792254 
83 862 29 41 0.043500494 
338 1088 42 47 0.042305384 
985 1145 24 30 0.0397979 
197 822 19 24 0.03918203 
251 1292 39 48 0.037681583 
762 984 29 37 0.037442185 
752 1046 24 31 0.03483621 
-3 1122 34 72 0.033544786 
671 1386 58 52 0.032296713 
123 1046 26 30 0.029684449 
706 996 41 57 0.028837727 
244 1033 27 34 0.028369226 
0 932 17 27 0.027650759 
979 1134 37 50 0.027143998 
827 1043 17 21 0.026616555 
39 849 43 51 0.026075425 
976 1106 20 22 0.025938412 
332 1024 48 48 0.025576182 
140 1139 42 47 0.02539537 
338 887 17 22 0.02479562 
865 1195 28 29 0.024790095 
699 863 24 27 0.024357587 
957 964 43 55 0.024137678 
738 855 20 26 0.023176782 
198 921 25 32 0.023067236 
724 1003 31 38 0.022275105 
281 627 25 26 0.022204146 
37 1396 55 45 0.020807646 
897 1269 26 30 0.020679103 
880 911 28 32 0.020273123 
907 1000 19 24 0.0200548 
