40_Gymnastics_Gymnastics_40_47
32
592 69 71 96 0.99651283 
992 477 29 53 0.966343 
441 77 24 30 0.9608608 
812 497 28 39 0.9083717 
991 5 25 29 0.90531343 
106 120 22 31 0.4719953 
334 42 23 30 0.33605975 
1 133 21 28 0.26761526 
876 14 34 49 0.14886191 
285 31 21 29 0.13431281 
324 102 21 29 0.097602874 
97 541 29 35 0.09472736 
363 100 25 26 0.09080526 
769 50 16 18 0.08688781 
734 45 25 29 0.083804704 
130 171 17 23 0.07118469 
220 186 23 27 0.0659753 
153 176 17 21 0.06567084 
42 131 22 29 0.051427163 
101 158 17 22 0.048370168 
301 113 16 19 0.04599846 
773 131 46 56 0.030400654 
293 24 29 35 0.029532442 
475 146 24 33 0.028999154 
558 56 45 73 0.02669602 
499 79 15 20 0.026370753 
786 126 32 39 0.024743285 
92 161 23 29 0.023848435 
833 27 24 29 0.023583675 
498 38 25 32 0.020573633 
218 198 20 24 0.020490775 
137 174 19 23 0.020038884 
