40_Gymnastics_Gymnastics_40_593
159
302 192 42 58 0.99782205 
939 300 38 50 0.99731606 
753 196 36 50 0.99663585 
843 255 38 50 0.99525 
420 210 35 47 0.99497247 
544 183 40 52 0.99249625 
171 268 41 55 0.99243015 
629 210 39 53 0.9923023 
36 250 48 59 0.989734 
72 290 37 49 0.9876287 
24 48 21 29 0.92817837 
16 108 21 28 0.90942657 
17 218 17 22 0.85740757 
168 139 18 23 0.83238727 
99 40 19 27 0.8322398 
772 0 18 22 0.8214554 
972 72 16 22 0.7844835 
948 119 17 21 0.7679198 
911 29 15 20 0.7289702 
112 117 17 22 0.6691446 
867 193 18 22 0.6633343 
549 73 14 19 0.6369731 
93 163 22 28 0.59742373 
626 152 23 34 0.5667303 
706 98 25 35 0.46770597 
931 176 16 21 0.43614802 
841 36 16 19 0.42374617 
559 133 20 26 0.41293874 
460 93 10 13 0.3576049 
230 253 21 27 0.3391064 
362 19 16 18 0.31948543 
233 34 15 19 0.30416736 
843 80 16 26 0.29366574 
712 33 17 23 0.293234 
658 65 16 20 0.2858214 
237 190 15 22 0.2769291 
695 30 14 18 0.2760825 
0 274 23 38 0.25853735 
836 83 13 19 0.25187454 
412 68 16 20 0.24682313 
163 29 17 23 0.22417144 
112 449 18 22 0.21906039 
76 61 14 18 0.17584804 
748 168 23 32 0.15849942 
508 36 12 15 0.15639785 
797 72 14 22 0.15615077 
455 67 12 14 0.14076003 
644 15 14 16 0.13336493 
954 90 13 17 0.13281772 
697 4 17 20 0.12225105 
67 233 25 31 0.12151017 
507 85 12 14 0.11612766 
142 235 21 28 0.104740545 
1009 34 14 20 0.10351955 
866 51 15 20 0.09684288 
664 34 14 17 0.093860805 
76 469 18 25 0.084766135 
853 161 15 21 0.07682523 
635 37 14 19 0.07539865 
940 254 26 28 0.07230791 
415 115 21 26 0.06926583 
667 67 12 16 0.066401005 
161 20 16 23 0.06465372 
11 50 14 21 0.062970996 
794 107 15 20 0.06246902 
790 65 14 20 0.058236066 
889 35 15 20 0.057713144 
750 59 16 20 0.055569317 
980 0 16 14 0.05535709 
886 165 16 23 0.053853843 
966 104 14 18 0.05343521 
281 19 17 23 0.053246222 
561 105 20 22 0.052472908 
620 0 17 20 0.051768806 
-3 281 34 61 0.05128621 
1 267 17 24 0.049360793 
653 59 15 20 0.048481334 
650 32 14 17 0.047413483 
500 11 15 16 0.046805393 
84 193 18 22 0.046778753 
154 63 17 20 0.04644916 
652 52 13 16 0.045955285 
410 216 28 40 0.04525101 
53 239 37 40 0.04497868 
357 88 17 19 0.04490312 
0 67 8 16 0.0438735 
886 116 14 19 0.043711904 
574 19 16 17 0.043222945 
357 23 21 26 0.04307352 
911 88 13 18 0.04293435 
557 85 26 30 0.0425188 
828 0 17 13 0.04138049 
936 263 34 38 0.040894248 
643 24 18 23 0.040109087 
437 11 15 22 0.039824087 
508 77 11 14 0.038455598 
349 53 12 15 0.03793643 
460 62 12 15 0.037664507 
897 0 15 13 0.03645529 
825 201 17 21 0.036388952 
930 37 15 21 0.03535572 
476 103 13 20 0.03529704 
701 185 16 20 0.035085745 
418 41 15 17 0.034366995 
626 165 30 38 0.034068204 
801 53 10 13 0.033960532 
920 0 15 12 0.033593964 
780 175 23 28 0.03305812 
304 0 18 13 0.033050664 
600 17 13 16 0.032907296 
508 71 11 13 0.032283794 
249 65 21 26 0.030477738 
380 89 16 20 0.030183153 
358 70 11 13 0.030140275 
886 60 13 17 0.030103566 
558 0 13 11 0.029938929 
715 70 17 21 0.029008929 
645 59 14 18 0.028841289 
28 0 14 13 0.02881745 
124 393 12 14 0.028725425 
421 0 14 12 0.0284781 
578 13 18 20 0.02825181 
843 68 15 21 0.0280382 
842 0 17 12 0.027898874 
678 64 13 20 0.027805593 
461 70 13 16 0.027803058 
385 537 17 19 0.027492166 
796 60 14 22 0.027203837 
832 61 10 14 0.027073136 
85 179 25 32 0.026921548 
343 50 12 16 0.026760433 
436 23 17 21 0.025800452 
490 108 13 15 0.025240876 
911 52 15 19 0.02476655 
557 98 17 20 0.02457632 
702 32 20 27 0.024250813 
174 236 25 27 0.024075799 
349 35 15 17 0.023801923 
490 91 13 17 0.023257311 
694 0 15 16 0.02272516 
954 106 22 25 0.022419656 
455 53 14 17 0.02209069 
1003 38 20 31 0.022002295 
366 0 13 11 0.021802856 
801 66 16 21 0.021762041 
724 68 15 21 0.021546515 
331 88 17 19 0.021390265 
402 205 28 38 0.02109181 
718 -1 13 11 0.021070782 
815 53 12 15 0.021048546 
645 136 18 20 0.021048052 
237 95 20 28 0.021038158 
753 172 27 40 0.021009242 
132 159 18 25 0.020880032 
467 68 14 19 0.020411639 
519 28 11 15 0.020397794 
74 444 8 11 0.020374807 
325 91 16 19 0.020303499 
989 107 20 25 0.020177495 
