40_Gymnastics_Gymnastics_40_273
26
692 125 35 42 0.9995023 
756 66 28 38 0.999433 
792 124 34 42 0.9993986 
581 74 29 38 0.9993814 
894 128 33 41 0.99929655 
823 57 30 40 0.9992805 
490 126 33 40 0.999268 
98 110 37 45 0.9992587 
591 126 33 40 0.99917907 
232 66 29 37 0.9991314 
201 125 33 41 0.99912685 
671 250 36 46 0.99907243 
147 68 29 38 0.9990577 
317 69 29 38 0.99905366 
389 121 34 42 0.99903655 
299 128 34 44 0.9990073 
671 73 30 38 0.99893993 
826 233 38 46 0.9989141 
407 78 29 38 0.9988319 
487 260 35 47 0.9987727 
487 61 29 38 0.99874413 
181 229 36 45 0.9986234 
551 276 34 44 0.99850744 
375 232 36 46 0.9984654 
539 233 35 37 0.029687935 
545 240 41 44 0.023056827 
