40_Gymnastics_Gymnastics_40_740
78
386 781 240 342 0.99987495 
879 1303 12 15 0.4423921 
972 1302 13 15 0.21808799 
986 1366 14 16 0.15101233 
956 1408 17 22 0.14884093 
172 1370 12 15 0.14674364 
70 1294 13 15 0.14080375 
841 1307 11 13 0.13380243 
981 1227 12 14 0.12866801 
28 1410 13 16 0.1236298 
990 1428 13 17 0.109245054 
955 1364 15 19 0.105426766 
944 1225 12 15 0.10194517 
983 1299 12 15 0.089766964 
148 1283 11 13 0.08932508 
80 1495 18 22 0.0876488 
911 1326 13 16 0.08654932 
108 1282 14 17 0.074919045 
864 1363 13 17 0.06617845 
980 1270 17 19 0.06609855 
798 1305 16 25 0.06564896 
838 1326 14 16 0.06144455 
972 1336 15 20 0.060938306 
976 1386 22 28 0.055117305 
1002 1367 16 21 0.048088893 
71 1435 14 21 0.045533217 
962 1398 21 27 0.044787176 
57 1306 15 16 0.044668715 
156 1455 12 15 0.043826737 
207 1465 23 30 0.04369121 
1005 1331 11 14 0.04336536 
828 1386 11 13 0.043315247 
25 1422 26 30 0.04217601 
874 1229 11 14 0.040974297 
23 1392 12 15 0.039588135 
983 1254 11 13 0.039012235 
37 1433 15 16 0.03890904 
916 1222 14 17 0.038698945 
979 1339 15 19 0.038343772 
134 1347 12 15 0.03828433 
955 1433 30 38 0.037593916 
38 1475 16 19 0.036816936 
59 1300 16 17 0.036355242 
1014 1421 9 16 0.03596801 
124 1387 11 14 0.034890153 
917 1301 11 14 0.034225244 
172 1330 12 15 0.034132496 
149 1432 14 18 0.0331328 
47 1349 14 17 0.03262038 
373 22 268 245 0.03178546 
27 1418 16 19 0.03133987 
140 1368 15 17 0.03003372 
120 1381 13 16 0.029444598 
779 24 216 235 0.02804151 
963 1476 15 19 0.027922167 
123 1452 15 20 0.026991267 
902 1349 12 16 0.025313227 
125 1260 10 12 0.024927225 
28 1293 15 18 0.024751047 
201 1413 8 12 0.02381786 
1013 1356 10 15 0.023083348 
125 1408 17 19 0.023058893 
798 1293 13 20 0.022612626 
122 1425 16 17 0.0225825 
949 1294 12 14 0.022544432 
22 1424 16 20 0.022198796 
950 1420 25 36 0.021997279 
981 1259 15 18 0.021883339 
1007 1357 12 16 0.02187443 
810 1309 13 18 0.021865183 
140 1477 17 21 0.021861937 
978 1382 16 20 0.021845907 
817 1371 11 14 0.021789778 
113 1445 21 26 0.021459205 
1011 1364 13 18 0.021213422 
81 1409 14 18 0.020842696 
955 1447 18 24 0.02057337 
940 1331 13 14 0.020450786 
