40_Gymnastics_Gymnastics_40_364
18
559 1240 134 104 0.9734042 
842 1419 59 80 0.13598217 
542 1169 120 162 0.10205299 
871 1320 26 31 0.058749206 
818 25 52 75 0.05864984 
588 1403 54 80 0.053952772 
821 23 82 117 0.03707773 
651 1407 29 36 0.030591452 
952 1410 27 40 0.03026528 
119 1327 34 42 0.027909772 
218 1460 44 50 0.02628233 
355 1404 56 72 0.026196277 
123 1388 28 37 0.021191033 
371 1077 233 247 0.02096093 
957 1479 21 28 0.020825485 
944 1395 48 63 0.020789169 
729 1211 18 26 0.020120243 
325 800 228 243 0.020084407 
