40_Gymnastics_Gymnastics_40_646
37
770 315 54 67 0.99950314 
916 301 57 67 0.9993573 
593 303 48 60 0.9988807 
839 163 48 56 0.99861085 
262 254 45 57 0.9984101 
379 274 49 61 0.9983752 
119 293 49 56 0.9975406 
548 196 47 59 0.99750704 
394 151 38 51 0.9974159 
502 309 48 59 0.99588156 
713 167 42 53 0.99574924 
958 66 17 21 0.93765295 
999 78 12 15 0.9159158 
172 80 17 21 0.8164951 
934 82 12 15 0.78515124 
1000 42 12 15 0.6380146 
894 79 13 17 0.27081162 
273 63 11 15 0.25145668 
179 77 16 20 0.117244415 
928 76 11 17 0.07944969 
894 72 11 14 0.079354495 
994 74 11 17 0.04359907 
1014 94 10 15 0.041486446 
187 81 13 19 0.03973175 
953 66 13 19 0.038190458 
375 64 7 9 0.03648334 
1014 45 9 14 0.033235617 
182 72 13 16 0.030408897 
1005 98 13 18 0.028773086 
274 70 15 20 0.028117184 
846 85 8 11 0.027856378 
898 83 12 16 0.023916565 
10 71 26 32 0.02373467 
15 100 26 34 0.023577824 
492 44 12 16 0.02271798 
45 110 14 18 0.021240044 
4 106 14 17 0.020490732 
