40_Gymnastics_Gymnastics_40_48
18
28 419 14 22 0.9606766 
813 173 22 24 0.5105799 
144 300 29 41 0.17387387 
197 282 14 19 0.108621255 
132 282 20 36 0.06707336 
138 291 24 40 0.043691594 
814 182 23 28 0.043132875 
176 251 14 18 0.039806686 
155 307 31 34 0.038201325 
207 430 11 14 0.028724153 
791 204 13 17 0.026728889 
136 270 23 35 0.025777789 
55 473 17 22 0.02399303 
230 319 15 19 0.02326469 
141 257 15 21 0.023031244 
1 433 10 19 0.021891112 
160 266 15 18 0.021650443 
794 198 25 28 0.021363208 
