40_Gymnastics_Gymnastics_40_612
25
308 218 97 94 0.9935306 
40 461 40 50 0.49527133 
942 549 32 46 0.35718873 
147 551 29 41 0.22799054 
28 537 40 57 0.09778172 
163 608 35 25 0.096876 
94 94 47 47 0.0705912 
243 104 56 69 0.0697818 
58 33 47 53 0.057919003 
782 606 38 25 0.05662048 
19 12 69 66 0.05086068 
80 34 32 41 0.048316356 
84 147 63 72 0.04741422 
198 116 26 33 0.040416367 
0 129 44 84 0.036328778 
684 297 43 62 0.035511456 
494 101 69 88 0.03499887 
43 138 93 114 0.027778214 
218 108 85 109 0.02690857 
2 112 86 125 0.025103543 
13 527 42 57 0.023817638 
88 86 36 40 0.022469094 
257 98 35 52 0.02211234 
238 9 47 59 0.021569025 
23 2 45 38 0.020254932 
