40_Gymnastics_Gymnastics_40_911
18
491 369 70 85 0.8890017 
995 410 19 21 0.13536446 
195 228 17 21 0.11502513 
992 448 19 22 0.06483932 
994 474 23 27 0.050305214 
807 310 25 28 0.045419767 
0 443 18 24 0.040288527 
162 156 23 26 0.035873536 
454 611 30 36 0.033352446 
904 346 53 65 0.031865492 
302 176 21 23 0.030923637 
924 12 44 58 0.02988495 
267 189 39 51 0.02726556 
946 428 31 39 0.02174268 
929 471 27 36 0.021648549 
791 133 26 33 0.021552276 
898 472 25 37 0.020384958 
233 273 19 22 0.02002186 
