40_Gymnastics_Gymnastics_40_401
17
414 429 149 191 0.9988256 
657 537 375 463 0.4162168 
85 582 382 516 0.16860305 
38 585 262 267 0.09100454 
782 1475 101 143 0.08981938 
975 1535 46 75 0.056299735 
701 131 12 14 0.054310545 
3 1221 52 103 0.033283606 
519 1466 94 151 0.032006484 
744 1018 53 63 0.030344112 
822 1506 64 95 0.027440924 
894 622 59 73 0.027251672 
938 1526 81 103 0.02712859 
761 1419 182 198 0.026178218 
844 746 58 65 0.025908154 
676 836 95 122 0.02429056 
473 42 267 311 0.020591019 
