40_Gymnastics_Gymnastics_40_642
21
869 244 54 66 0.9996395 
624 287 51 62 0.9994179 
784 297 48 59 0.998852 
415 272 46 57 0.9987785 
86 280 47 58 0.99852246 
264 340 40 47 0.9984535 
527 288 50 54 0.9984365 
337 317 40 50 0.9970693 
207 271 41 52 0.9948554 
296 293 18 26 0.96668863 
276 290 13 18 0.5994289 
268 289 15 20 0.39239153 
260 282 17 21 0.094628766 
601 297 30 44 0.075507425 
283 291 10 15 0.07131018 
823 275 25 30 0.03738122 
286 288 11 15 0.03034229 
304 296 16 21 0.029711803 
317 287 12 17 0.02958129 
1 299 10 17 0.026528629 
332 302 22 32 0.02091337 
