40_Gymnastics_Gymnastics_40_260
46
196 527 31 42 0.99830246 
453 217 37 49 0.9929744 
999 588 25 44 0.99261636 
61 530 28 36 0.97443527 
356 276 36 62 0.9570328 
768 540 22 30 0.9470101 
799 544 22 28 0.94319314 
909 556 22 32 0.89034915 
676 664 9 12 0.3199156 
701 658 10 13 0.19693504 
606 656 8 11 0.18983635 
607 660 9 12 0.15749183 
649 631 8 10 0.13544336 
637 654 11 12 0.10697392 
681 630 8 10 0.10130748 
602 654 8 11 0.089164175 
493 341 26 47 0.082536325 
637 661 8 11 0.07955206 
625 670 9 12 0.07234208 
789 540 22 31 0.06962344 
561 654 8 10 0.06644944 
671 647 8 10 0.06115546 
656 662 9 12 0.05616712 
638 647 10 12 0.052531812 
567 653 8 10 0.04512919 
724 691 11 13 0.04484582 
535 679 9 13 0.039457195 
545 647 8 10 0.038406044 
661 660 9 13 0.036452893 
710 653 11 15 0.035613477 
285 565 38 57 0.030371847 
560 649 8 10 0.03010086 
687 636 8 10 0.030024534 
550 647 8 10 0.029846841 
646 634 10 13 0.029700207 
0 621 20 42 0.02900607 
610 661 11 12 0.02844789 
590 654 11 13 0.026179293 
671 653 10 12 0.025026748 
582 668 9 11 0.024834337 
664 655 9 12 0.023637364 
584 663 11 13 0.02348647 
654 634 9 12 0.023125596 
791 582 26 30 0.02110534 
660 630 11 13 0.021010969 
573 653 8 10 0.020515002 
