40_Gymnastics_Gymnastics_40_484
34
494 275 79 104 0.99456465 
640 90 48 64 0.95367044 
122 110 46 56 0.8994188 
833 78 42 56 0.84661 
463 101 65 89 0.6285141 
820 417 57 69 0.5963628 
480 82 45 63 0.556753 
802 212 49 60 0.5299355 
141 0 36 35 0.3877851 
982 193 38 61 0.31427115 
457 234 66 82 0.204255 
972 3 45 51 0.19073355 
974 331 46 65 0.11908693 
995 102 27 51 0.10291903 
86 108 46 55 0.065342486 
0 191 22 51 0.0650568 
304 106 55 77 0.05878806 
104 243 50 59 0.057501316 
585 251 80 109 0.050973516 
218 226 44 48 0.049786326 
457 271 56 77 0.0415001 
315 89 40 50 0.041499566 
303 111 80 127 0.032030944 
361 45 32 43 0.030822072 
854 50 57 72 0.02983783 
601 1 82 59 0.02653948 
78 181 43 56 0.026274217 
478 66 77 98 0.02554232 
485 248 63 89 0.024890961 
435 115 71 87 0.024568802 
645 37 27 33 0.02439644 
788 645 131 87 0.024117194 
181 96 53 52 0.023176039 
984 312 38 52 0.021820841 
