40_Gymnastics_Gymnastics_40_331
64
502 102 52 58 0.98622584 
786 409 16 20 0.6080511 
799 291 11 14 0.3334344 
853 410 15 19 0.17754032 
747 180 15 19 0.16583097 
915 298 17 22 0.14230205 
774 372 14 17 0.12647553 
820 276 13 17 0.121510215 
1007 305 13 18 0.11287287 
717 283 16 19 0.10876558 
961 354 21 30 0.09449796 
899 401 17 24 0.08230488 
860 397 14 17 0.08166393 
708 160 15 17 0.07856886 
857 402 16 21 0.076905 
1004 259 13 18 0.07685221 
915 397 16 21 0.07047465 
917 266 13 17 0.06866622 
851 296 16 18 0.05717636 
747 307 12 16 0.056577932 
904 247 16 19 0.05590722 
954 411 15 20 0.053363882 
975 422 24 31 0.04739142 
1002 413 16 21 0.04631633 
760 250 13 17 0.04380774 
905 394 21 27 0.040767744 
947 305 26 28 0.040364403 
939 331 15 18 0.03877656 
94 347 10 13 0.03874623 
4 260 16 21 0.037255887 
869 288 15 21 0.03709655 
778 364 15 19 0.036668424 
825 275 17 20 0.036452807 
884 414 14 19 0.033773918 
764 254 15 19 0.032635827 
876 279 22 28 0.030584246 
805 252 16 17 0.030043712 
1011 308 13 21 0.029089896 
746 331 14 16 0.028972715 
965 443 14 19 0.028709445 
47 534 8 9 0.028537223 
931 258 14 17 0.02843814 
962 257 21 25 0.028196624 
701 116 10 13 0.027783018 
20 241 13 17 0.027157236 
925 259 13 18 0.027070245 
934 357 16 20 0.026813505 
893 406 15 23 0.025402213 
792 286 13 16 0.025320036 
996 395 13 16 0.025297403 
995 333 18 23 0.025094835 
973 330 18 18 0.024445027 
955 354 16 27 0.022749392 
206 309 10 13 0.022534141 
1002 386 14 16 0.022178456 
848 257 14 19 0.022176553 
756 310 11 14 0.022134518 
883 402 21 28 0.021398949 
758 317 12 14 0.020877315 
957 446 15 18 0.020700727 
874 252 19 20 0.02056461 
502 442 14 15 0.020502647 
912 243 15 18 0.020367065 
803 287 12 16 0.020016424 
