40_Gymnastics_Gymnastics_40_422
38
389 305 78 73 0.92409813 
812 525 9 11 0.09651072 
914 655 15 16 0.09111132 
63 436 13 16 0.07792 
397 328 56 39 0.055186953 
782 544 10 13 0.05283986 
838 507 10 13 0.047557063 
860 494 9 11 0.044902403 
111 235 16 20 0.041401852 
1010 465 9 10 0.040204916 
759 501 9 11 0.039763834 
497 551 8 10 0.038463335 
670 517 8 10 0.03671314 
852 580 10 13 0.03658878 
849 526 7 9 0.03642721 
148 243 14 18 0.034518648 
808 484 9 11 0.034374252 
631 565 8 10 0.03392439 
510 526 9 11 0.03355286 
702 562 13 15 0.030815214 
154 531 15 18 0.029919796 
879 422 8 10 0.02916803 
817 573 8 10 0.028922008 
21 237 15 17 0.028212769 
794 535 9 10 0.024582347 
728 500 9 11 0.023583183 
290 235 18 20 0.023528956 
900 470 10 14 0.023473071 
650 550 8 12 0.023147373 
966 655 14 15 0.02247902 
27 235 17 19 0.0222136 
857 500 9 12 0.02206088 
14 486 12 15 0.021633683 
820 655 10 11 0.0210516 
353 126 23 29 0.021022808 
179 239 16 17 0.020974526 
81 552 8 10 0.020676311 
975 517 8 10 0.020197654 
