40_Gymnastics_Gymnastics_40_638
29
971 319 12 15 0.8149865 
1004 238 12 14 0.32756057 
455 324 31 41 0.2423568 
866 328 8 10 0.16886806 
959 375 9 12 0.11593958 
657 357 16 20 0.09412733 
645 374 11 16 0.074476644 
872 331 8 12 0.06940725 
901 368 13 17 0.057741795 
919 374 11 15 0.055922247 
893 340 9 12 0.050731763 
972 352 14 18 0.042215005 
670 363 12 15 0.04135554 
121 458 10 13 0.039968044 
831 348 13 19 0.03526017 
877 333 9 13 0.032272477 
788 328 13 19 0.029450675 
937 381 10 12 0.029287357 
955 316 14 18 0.028253006 
848 335 9 13 0.028072987 
910 410 14 21 0.026708592 
848 323 10 13 0.02610982 
909 373 10 15 0.024998847 
853 325 8 11 0.02417895 
971 364 12 15 0.022753099 
685 234 28 31 0.022327283 
124 440 11 12 0.021649906 
625 383 8 9 0.02023569 
784 321 15 20 0.02009309 
