40_Gymnastics_Gymnastics_40_727
33
80 476 29 35 0.98142505 
215 538 38 41 0.9765953 
667 172 17 23 0.95379806 
697 558 35 38 0.80378515 
323 126 12 15 0.74324805 
867 433 25 30 0.52141935 
417 126 11 14 0.4180295 
589 73 18 20 0.4169329 
656 543 27 36 0.17439246 
630 109 15 18 0.12927984 
503 206 11 14 0.10705125 
703 517 10 11 0.10419129 
852 435 31 31 0.08205065 
593 129 19 22 0.07910433 
321 119 9 12 0.051178433 
340 134 9 11 0.043224484 
429 194 11 13 0.042642187 
361 188 17 22 0.041363046 
419 119 12 15 0.039129216 
359 95 10 11 0.036738344 
401 126 9 12 0.032575324 
107 443 14 16 0.029287709 
392 156 13 17 0.028890435 
601 74 15 20 0.026864784 
333 125 10 14 0.02601933 
345 102 10 12 0.025113046 
430 125 10 14 0.024733454 
408 128 8 12 0.022544995 
534 222 12 13 0.02120813 
13 105 29 50 0.021185186 
359 99 12 14 0.021092381 
392 152 11 13 0.0205475 
687 533 40 51 0.020460557 
