40_Gymnastics_Gymnastics_40_891
28
260 280 28 38 0.99943405 
678 488 30 39 0.9993623 
676 394 31 38 0.99921536 
69 307 32 38 0.99912244 
477 386 29 34 0.99899143 
760 331 29 38 0.9989826 
670 282 28 36 0.99897313 
122 297 31 40 0.9989716 
606 391 30 39 0.99894434 
547 379 29 38 0.99893135 
380 287 29 37 0.9988733 
581 322 26 34 0.9988256 
523 304 28 36 0.9988188 
874 351 31 40 0.9988147 
521 480 30 38 0.9987331 
458 478 28 35 0.9986909 
387 483 29 34 0.9986798 
185 311 28 35 0.99855334 
451 305 27 34 0.9983871 
696 336 29 35 0.9983296 
607 485 31 38 0.9982003 
737 499 33 40 0.998176 
922 359 32 40 0.99803823 
843 347 27 34 0.9980342 
763 414 29 33 0.9978607 
322 294 29 38 0.99773186 
824 337 24 31 0.99478596 
504 486 13 15 0.02178547 
