40_Gymnastics_Gymnastics_40_805
20
485 793 166 215 0.9981255 
933 1026 46 63 0.49266723 
106 1112 23 29 0.29850525 
63 689 45 62 0.15246035 
282 599 26 34 0.1388907 
285 578 17 20 0.070334285 
165 1096 39 59 0.06028835 
963 1017 54 69 0.040254187 
132 1016 26 30 0.039650053 
1 1340 23 35 0.038029093 
281 580 25 32 0.031156037 
953 979 40 63 0.029045593 
51 1550 54 50 0.028710524 
843 672 24 40 0.02647804 
47 1660 687 610 0.0218393 
646 385 39 47 0.021819634 
200 590 28 33 0.020857982 
724 471 43 54 0.020693589 
20 635 32 43 0.02041146 
810 1601 59 80 0.020389294 
