40_Gymnastics_Gymnastics_40_698
23
862 39 34 40 0.9980063 
357 74 37 42 0.9968196 
583 42 36 42 0.9961307 
252 43 40 52 0.9912669 
779 90 49 41 0.9679823 
164 2 15 18 0.43212196 
121 13 31 31 0.31363067 
631 41 23 25 0.13916305 
622 278 56 49 0.13595875 
113 8 48 55 0.08954483 
148 0 26 27 0.08137701 
523 482 37 51 0.08111915 
531 15 26 33 0.0722973 
201 28 34 42 0.056203596 
296 121 52 42 0.055062197 
177 46 28 44 0.052825402 
131 1 33 32 0.042792607 
42 277 22 28 0.041170713 
975 1 22 19 0.024330214 
193 44 29 43 0.02409343 
622 19 43 45 0.022366907 
533 6 13 14 0.022268675 
521 -1 18 14 0.021255942 
