22_Picnic_Picnic_22_444
211
618 426 13 18 0.9392588 
295 397 11 13 0.8518229 
375 415 12 17 0.84751976 
511 400 12 18 0.84312576 
137 344 10 13 0.81513906 
586 389 15 18 0.7030145 
211 403 15 20 0.66768944 
400 351 9 11 0.6205993 
505 337 9 12 0.6195999 
569 334 9 12 0.52764153 
580 423 13 18 0.42698976 
497 389 11 15 0.4100861 
532 328 10 12 0.3621996 
454 339 9 12 0.35663053 
764 335 11 14 0.34626254 
548 416 10 13 0.34427765 
605 328 9 11 0.34028932 
680 339 10 13 0.32259923 
799 337 7 9 0.32142475 
564 433 12 17 0.32027045 
649 359 11 13 0.31334233 
425 368 10 13 0.2927523 
812 347 10 12 0.26731083 
526 316 10 13 0.2553084 
517 364 12 17 0.22149214 
638 349 9 10 0.21257213 
781 349 10 13 0.19168131 
716 334 9 11 0.17173547 
623 356 9 11 0.17061387 
487 420 9 13 0.14817108 
450 335 10 12 0.14045449 
218 410 15 19 0.12407014 
591 332 8 10 0.11568006 
136 322 9 12 0.113116086 
394 350 9 11 0.113055944 
535 438 10 12 0.10436541 
282 379 17 18 0.10386334 
422 357 8 10 0.10376611 
261 340 11 15 0.099915296 
480 421 9 12 0.09525294 
593 363 11 14 0.093060546 
543 436 10 14 0.09121949 
404 350 8 11 0.0908933 
619 375 11 13 0.08951834 
111 337 8 10 0.086865075 
153 345 8 11 0.08599609 
663 333 8 12 0.0844634 
430 404 9 11 0.08385218 
775 344 12 14 0.08004732 
407 366 8 11 0.07860867 
634 350 8 10 0.07750122 
647 350 8 9 0.0768336 
585 425 14 18 0.07626063 
721 349 9 11 0.07546387 
501 392 12 17 0.07505376 
725 348 9 12 0.07329268 
252 380 16 20 0.07278608 
368 360 9 11 0.072092004 
220 396 11 15 0.07191061 
142 359 9 13 0.07086604 
407 358 8 11 0.07064858 
769 317 9 12 0.07057245 
245 385 12 17 0.06914314 
721 299 9 13 0.06738443 
258 384 16 19 0.06717311 
529 440 9 12 0.06715723 
550 436 10 15 0.06528056 
544 325 9 11 0.06115098 
808 353 11 16 0.060526244 
795 341 7 10 0.058566555 
439 405 10 13 0.05568234 
470 419 10 12 0.055112213 
145 318 9 13 0.053659145 
593 315 9 12 0.053238276 
424 437 10 14 0.052958548 
465 420 8 12 0.052817814 
471 332 12 14 0.052726217 
658 333 8 11 0.052359626 
494 416 12 14 0.05208871 
174 343 8 11 0.050183903 
464 436 9 13 0.050021455 
443 440 8 11 0.04966552 
586 332 8 10 0.048306283 
464 428 9 13 0.048165526 
655 326 9 13 0.04660584 
769 311 8 11 0.04641481 
648 327 10 13 0.046392 
537 381 10 13 0.045993496 
684 335 10 13 0.044906482 
433 388 8 12 0.04447877 
655 343 8 11 0.044029 
229 405 13 17 0.042827394 
414 376 8 11 0.04244694 
622 327 8 9 0.04170828 
649 345 8 10 0.041673616 
442 445 9 12 0.04146699 
92 417 15 19 0.041323848 
493 309 8 10 0.04109015 
268 310 10 12 0.040668987 
808 344 10 13 0.040175248 
463 320 10 11 0.039774 
673 339 12 14 0.039383903 
277 413 12 16 0.039335907 
408 381 8 13 0.039292037 
358 601 8 9 0.03921232 
408 374 9 12 0.038882203 
415 461 14 14 0.037675086 
489 310 8 9 0.03690973 
630 357 8 11 0.036633234 
420 398 12 15 0.036519922 
291 381 14 17 0.03618572 
568 415 9 11 0.035470758 
720 343 8 11 0.035468105 
301 402 10 13 0.03529192 
521 367 14 18 0.034523953 
417 357 8 11 0.034456626 
550 326 9 11 0.03394994 
464 445 9 13 0.033492435 
672 334 9 12 0.033279948 
500 428 12 14 0.033244528 
406 386 9 12 0.032939956 
501 385 11 15 0.032671448 
488 342 8 10 0.032355826 
377 381 9 11 0.031994473 
662 328 9 12 0.031800877 
603 332 8 11 0.031732965 
465 452 10 12 0.031251907 
174 348 9 12 0.03124187 
498 340 8 10 0.030673454 
532 442 10 13 0.030461932 
227 420 12 16 0.030142989 
464 310 8 10 0.029397322 
717 326 9 12 0.028767863 
582 414 14 18 0.028756062 
295 319 8 12 0.028687939 
209 340 11 14 0.028440366 
790 348 8 12 0.028299212 
511 421 10 13 0.0281889 
341 365 9 11 0.027994065 
713 326 9 11 0.027820142 
576 351 8 11 0.027657066 
773 311 9 13 0.027208455 
512 360 10 16 0.027183706 
522 318 8 11 0.027061768 
524 453 11 13 0.026895724 
500 421 11 15 0.026875941 
160 360 7 10 0.026863074 
495 365 10 12 0.026861215 
618 358 9 11 0.026804553 
719 372 11 14 0.026556157 
464 304 8 10 0.026518593 
518 453 12 14 0.026488354 
427 441 11 14 0.026301228 
513 320 8 10 0.026120285 
664 339 8 11 0.02596487 
716 318 10 13 0.025706857 
422 334 9 11 0.025496803 
370 344 8 10 0.025408078 
383 380 9 13 0.024940377 
280 360 9 11 0.024919583 
495 305 8 10 0.024832066 
448 326 8 11 0.024579877 
660 360 10 13 0.024469648 
567 420 12 17 0.024401229 
558 326 8 10 0.02419422 
702 344 9 11 0.024087528 
622 334 8 10 0.023827054 
595 311 10 12 0.023774821 
169 336 8 11 0.02365151 
734 334 9 11 0.023645706 
157 345 8 10 0.023506908 
653 380 9 12 0.023430515 
406 328 8 10 0.023195637 
399 345 9 11 0.023136562 
405 454 13 14 0.023117417 
583 350 10 12 0.023084458 
284 439 10 12 0.023064608 
720 367 10 12 0.023036633 
390 455 10 14 0.02302867 
618 326 7 10 0.02301654 
220 401 21 27 0.022979982 
641 333 8 11 0.022847412 
513 325 8 10 0.022691073 
371 364 10 12 0.022532966 
655 317 10 15 0.022527715 
805 334 9 11 0.02244698 
326 389 11 11 0.02238356 
239 382 11 16 0.0223609 
615 394 12 15 0.02235362 
401 366 9 12 0.022335978 
286 360 8 11 0.022140909 
584 356 10 13 0.022120317 
399 455 10 14 0.021979721 
270 411 11 14 0.021961644 
392 310 8 9 0.021815365 
316 414 11 15 0.02148168 
820 346 11 14 0.021422094 
422 431 11 14 0.021284511 
507 388 11 14 0.021241013 
805 360 12 18 0.02118228 
296 362 8 9 0.02062767 
366 381 9 11 0.020534808 
512 368 11 16 0.020531438 
393 305 8 10 0.020479782 
890 335 10 12 0.020414434 
202 404 10 15 0.020408802 
460 341 8 10 0.020235805 
436 399 10 13 0.020225726 
399 372 11 15 0.020131074 
390 379 11 15 0.02012494 
394 356 9 10 0.020102534 
