22_Picnic_Picnic_22_541
133
85 625 53 74 0.99717486 
360 1111 12 15 0.9060067 
533 111 9 12 0.5926139 
941 82 12 16 0.3966038 
682 152 10 13 0.28105453 
461 158 10 13 0.20509398 
482 84 8 12 0.16247967 
50 903 9 13 0.15596081 
971 109 15 17 0.14537717 
480 57 10 12 0.12884155 
520 148 10 12 0.12685184 
454 97 8 10 0.12457871 
892 882 18 20 0.117134124 
430 1072 10 12 0.11175689 
552 107 11 14 0.09552118 
723 13 13 16 0.09331266 
697 150 8 12 0.09200067 
789 100 9 11 0.08885063 
478 117 8 11 0.08768972 
508 182 11 12 0.08246866 
551 102 10 13 0.08150437 
481 1197 7 9 0.081410915 
554 159 10 14 0.07294637 
701 150 9 12 0.07191522 
483 60 10 13 0.07189591 
70 135 327 427 0.06870223 
645 88 13 15 0.06504831 
498 197 8 10 0.06428111 
149 1109 9 11 0.063552745 
559 5 14 16 0.06087724 
486 1197 7 9 0.05737392 
508 157 10 13 0.05441061 
905 883 24 25 0.051577874 
683 131 10 12 0.049066782 
703 180 9 12 0.048903473 
264 1087 8 10 0.045625832 
591 13 8 10 0.04552757 
725 58 10 14 0.045188427 
270 1092 9 12 0.043536462 
978 109 13 16 0.042994324 
450 101 7 9 0.042867873 
168 334 10 12 0.04249259 
552 97 9 11 0.042014677 
981 77 9 13 0.04108759 
541 135 11 15 0.04073091 
433 1136 10 12 0.039927315 
908 151 9 11 0.03907269 
471 188 10 12 0.03855812 
712 1068 9 11 0.038471635 
600 102 9 11 0.036088273 
721 55 10 15 0.035275504 
542 165 10 13 0.035011202 
217 1128 9 12 0.034869626 
351 1061 11 13 0.034826826 
710 282 8 10 0.03413605 
485 80 10 13 0.033728637 
490 157 9 12 0.033475507 
808 112 7 10 0.033369433 
261 1081 8 9 0.033235125 
505 189 9 11 0.032691296 
62 322 16 17 0.032519147 
926 84 12 15 0.032060843 
579 101 9 13 0.03193061 
495 166 9 11 0.03192453 
558 97 8 10 0.031307522 
934 147 10 13 0.030483767 
1000 206 7 9 0.030128276 
599 21 10 13 0.030127356 
790 84 10 12 0.03010897 
993 144 16 19 0.0301089 
701 1154 15 17 0.029972792 
801 116 8 11 0.02994715 
880 153 10 11 0.029803798 
433 88 7 9 0.02973433 
707 1156 17 19 0.02956645 
528 101 7 10 0.029188843 
576 46 10 13 0.029126696 
599 95 9 11 0.02898075 
807 102 8 10 0.028972609 
678 1079 9 10 0.02895558 
651 149 13 15 0.028290324 
426 1076 10 12 0.027862811 
186 345 7 9 0.027789341 
456 151 10 13 0.027692156 
800 79 8 11 0.027644923 
524 143 9 11 0.027565103 
920 84 9 12 0.02703879 
56 254 12 16 0.02677281 
621 143 9 12 0.026678547 
907 847 13 14 0.02637958 
181 301 10 12 0.025796505 
173 338 10 13 0.025338026 
448 119 10 12 0.025116023 
488 152 9 11 0.024886288 
556 101 10 12 0.024838967 
806 116 8 11 0.024771791 
480 124 8 10 0.024416436 
697 157 8 10 0.024246935 
88 1133 8 10 0.023889452 
496 1255 8 10 0.023842243 
949 172 10 12 0.023576066 
639 84 14 18 0.023534246 
844 58 15 17 0.023533788 
888 141 9 12 0.023520008 
585 62 8 10 0.023502173 
265 1091 9 12 0.023494443 
177 178 44 40 0.023328453 
664 1070 8 12 0.023224939 
766 149 9 13 0.023027204 
176 299 11 12 0.022987006 
376 1046 12 15 0.022885488 
584 5 7 10 0.02275756 
893 140 9 13 0.022749867 
501 81 9 11 0.022664199 
605 45 12 14 0.022600273 
253 1086 11 14 0.022524426 
538 139 9 13 0.022434162 
606 108 9 11 0.02240233 
870 111 8 11 0.022292199 
936 88 13 15 0.021989351 
695 183 11 12 0.021838486 
712 200 7 9 0.021183575 
736 80 8 9 0.021028489 
644 76 16 21 0.020810703 
268 1099 12 18 0.020793999 
837 46 11 16 0.020535033 
466 189 9 12 0.020488868 
884 156 10 11 0.020308565 
375 199 8 10 0.020277934 
734 62 10 13 0.020132663 
965 136 10 11 0.020101804 
511 151 9 12 0.020064251 
262 1102 13 19 0.02005077 
