22_Picnic_Picnic_22_537
20
560 599 196 172 0.99188614 
383 768 150 203 0.97946435 
89 930 225 246 0.89104813 
153 1038 159 152 0.109558225 
39 766 343 408 0.06625518 
1009 196 11 14 0.05684929 
290 87 440 446 0.0561133 
710 563 32 52 0.055781484 
852 479 52 65 0.043656766 
722 571 30 48 0.034078617 
992 204 13 16 0.032461345 
268 701 259 248 0.03208539 
659 560 110 126 0.03198873 
665 57 14 19 0.029262878 
978 220 15 18 0.028993567 
514 32 46 85 0.026769495 
374 1491 70 55 0.023654053 
560 649 235 276 0.022509778 
987 236 16 19 0.022184368 
999 143 8 10 0.021277288 
