22_Picnic_Picnic_22_732
1165
282 602 12 17 0.9614999 
606 610 12 16 0.95902413 
425 572 11 14 0.93663293 
150 588 10 14 0.93173045 
58 655 15 20 0.91523707 
769 534 9 12 0.9015879 
338 612 12 17 0.8742418 
849 619 13 18 0.8662051 
223 588 11 13 0.8454262 
669 625 17 20 0.790828 
408 573 9 11 0.7553993 
735 590 10 13 0.7137387 
295 544 9 11 0.68086505 
585 542 8 10 0.67704487 
212 549 9 11 0.67016447 
214 608 11 13 0.66016966 
657 589 10 13 0.6273912 
324 584 10 12 0.5951515 
957 533 11 14 0.5912787 
240 574 9 12 0.58971083 
723 582 10 13 0.58587 
789 545 9 12 0.5842046 
5 548 10 15 0.58203554 
199 527 9 11 0.56852984 
990 566 10 13 0.5653866 
319 581 9 12 0.556112 
503 547 10 13 0.5505227 
191 605 11 15 0.5484089 
87 525 7 10 0.519978 
215 629 13 17 0.51454896 
593 579 10 14 0.5065248 
256 583 9 12 0.4782038 
516 564 10 12 0.4756602 
577 558 9 12 0.47251102 
889 534 8 10 0.47220203 
368 587 10 13 0.46753126 
158 537 9 11 0.46671233 
138 576 13 16 0.45564818 
149 521 8 9 0.45377642 
5 518 8 9 0.42149302 
976 540 10 13 0.4053931 
185 544 9 10 0.38586912 
110 560 9 11 0.38078308 
489 519 8 10 0.3724341 
367 565 9 10 0.37130898 
701 549 9 10 0.36328283 
615 550 8 10 0.35395542 
15 502 9 11 0.35351488 
399 559 9 11 0.34543484 
982 540 8 12 0.3436012 
246 589 9 11 0.3320833 
347 581 11 14 0.32447731 
630 581 8 11 0.31893122 
525 602 11 15 0.3164343 
409 580 10 12 0.3125083 
708 567 9 13 0.31117404 
352 565 8 10 0.3040511 
254 600 10 12 0.30354348 
511 526 7 9 0.30112538 
702 581 10 13 0.29520488 
424 528 8 10 0.2942054 
190 544 9 11 0.29395366 
561 541 8 10 0.2922925 
561 537 7 9 0.286687 
75 518 8 10 0.28074518 
242 556 9 11 0.27884513 
66 504 8 10 0.27862582 
684 575 10 13 0.26675615 
314 580 9 12 0.2662175 
448 538 8 9 0.2652183 
330 551 9 12 0.261036 
634 548 8 11 0.25856316 
798 526 8 9 0.25165728 
993 540 10 12 0.24567309 
629 567 8 12 0.24198109 
854 557 9 12 0.24123734 
208 503 7 9 0.24117418 
719 536 8 10 0.23983893 
798 534 10 12 0.23526411 
109 588 11 15 0.22971569 
696 519 8 10 0.22417013 
105 495 7 9 0.22275263 
926 541 8 10 0.21710908 
269 544 8 11 0.21690296 
528 549 8 11 0.21478675 
279 511 7 9 0.21468443 
722 611 11 15 0.20546837 
606 526 8 10 0.20536985 
662 573 8 10 0.20323302 
638 544 8 9 0.20271447 
926 535 8 10 0.20234823 
742 521 8 9 0.20109555 
129 527 7 10 0.1987712 
628 603 10 14 0.19853549 
625 534 8 9 0.19845952 
70 569 9 10 0.19447415 
71 552 9 12 0.19224349 
488 565 9 10 0.18851559 
589 587 10 13 0.18495256 
1015 566 8 13 0.18490465 
239 512 7 9 0.18410654 
413 582 9 12 0.18344532 
143 501 7 9 0.18117818 
783 529 8 10 0.17965952 
394 598 9 12 0.17822486 
831 534 9 11 0.17628941 
178 511 7 9 0.1761463 
86 503 8 9 0.17497729 
61 536 8 10 0.1729405 
239 537 8 9 0.17257133 
417 542 8 11 0.17000948 
255 534 8 10 0.16997099 
898 520 7 9 0.16961914 
829 518 9 10 0.16886897 
185 549 8 10 0.16737504 
935 510 7 10 0.16723582 
862 580 10 13 0.16574416 
874 509 7 9 0.1656299 
602 527 7 9 0.16501804 
166 496 7 9 0.16495344 
159 607 9 12 0.16485177 
413 621 10 17 0.16405626 
922 481 8 10 0.16263008 
881 534 8 10 0.1622835 
526 535 8 10 0.16191685 
975 521 8 10 0.1608332 
295 526 7 9 0.15934768 
372 583 9 12 0.15695716 
433 543 8 10 0.1569218 
136 534 8 10 0.15633887 
127 521 8 8 0.15470096 
537 572 10 12 0.15414682 
360 527 7 10 0.15390484 
103 527 7 9 0.1518623 
922 535 7 10 0.15183409 
856 580 9 13 0.15173286 
143 628 14 17 0.15137282 
442 563 9 12 0.1510989 
438 605 12 18 0.14962822 
401 529 7 9 0.14825216 
487 560 9 11 0.1480182 
752 528 8 9 0.14777423 
894 535 7 9 0.14590941 
682 552 8 10 0.1456642 
633 527 8 9 0.14558497 
641 535 8 10 0.14553466 
944 513 7 9 0.14547646 
344 537 8 9 0.14444387 
598 550 7 10 0.144151 
550 550 8 9 0.14406285 
263 533 8 11 0.14396323 
848 560 9 11 0.14387557 
194 528 9 10 0.14256874 
569 513 7 8 0.13898475 
758 622 12 15 0.13721494 
224 505 7 8 0.13716762 
847 518 7 10 0.13716261 
191 504 7 10 0.13652706 
914 462 7 9 0.1364172 
512 511 7 8 0.13579917 
543 535 8 10 0.13492106 
585 510 7 9 0.1345531 
888 513 7 9 0.13423719 
200 495 7 8 0.13423689 
289 495 7 9 0.13140416 
79 556 9 11 0.13135143 
594 550 8 11 0.13128798 
249 534 8 10 0.13105722 
135 543 8 10 0.13100694 
377 528 7 9 0.12988554 
625 598 10 14 0.1293222 
962 512 7 9 0.1284408 
697 579 9 14 0.12650087 
196 609 12 15 0.12632184 
216 537 7 10 0.12607342 
322 521 7 9 0.12577069 
710 526 8 9 0.12509832 
61 519 8 10 0.12470949 
496 497 6 8 0.12463186 
759 496 7 9 0.124332115 
713 520 7 9 0.123341545 
937 535 8 11 0.1230494 
47 549 9 11 0.12300694 
263 527 8 9 0.12282209 
415 519 7 9 0.12234168 
1000 525 8 10 0.1218024 
265 520 7 9 0.12165274 
624 510 6 9 0.12089389 
913 535 8 10 0.12027253 
241 543 7 9 0.12021809 
60 540 9 12 0.12007127 
23 526 8 10 0.11894414 
153 607 9 12 0.117682636 
154 541 9 10 0.117028825 
401 565 9 11 0.11681647 
489 525 7 9 0.11664844 
809 520 8 9 0.11660601 
407 542 8 10 0.1163728 
0 502 7 10 0.11608645 
694 535 8 10 0.11581635 
383 528 6 9 0.11481101 
494 566 8 10 0.11474986 
745 511 8 9 0.11474053 
654 520 8 10 0.11444099 
330 535 8 10 0.114176854 
879 544 8 10 0.11368604 
650 520 7 10 0.11360009 
464 497 6 8 0.11348286 
85 592 9 12 0.11280994 
234 520 7 9 0.112802595 
65 509 8 10 0.112241395 
357 546 7 9 0.11167092 
264 597 9 13 0.111455604 
822 556 9 11 0.11115756 
170 525 8 10 0.11086575 
264 513 7 8 0.110845864 
616 528 7 9 0.11029554 
241 503 7 9 0.11027247 
846 564 10 11 0.11003643 
714 536 8 10 0.109963894 
782 518 8 9 0.10945906 
69 503 8 10 0.10892057 
876 670 18 18 0.10645557 
389 574 8 11 0.10644764 
290 521 7 9 0.106220536 
215 544 8 10 0.10600635 
610 552 8 10 0.10583194 
455 557 8 11 0.105441585 
245 554 8 11 0.10539318 
686 556 8 11 0.1053115 
455 540 8 10 0.10523123 
553 527 8 10 0.10515643 
913 528 7 9 0.104592554 
619 510 6 8 0.104216434 
608 541 7 10 0.10398669 
238 519 7 9 0.103926376 
351 673 13 14 0.102603026 
878 462 8 10 0.102540374 
472 559 9 10 0.10221098 
426 510 7 9 0.101884484 
720 541 8 10 0.10146044 
666 519 7 10 0.10132196 
455 520 7 9 0.10112875 
306 493 7 9 0.100920536 
144 534 8 9 0.100778885 
665 551 8 10 0.10070304 
681 557 9 11 0.100065984 
907 511 7 9 0.09944194 
350 587 10 13 0.0990928 
776 513 8 9 0.09894399 
1000 598 13 15 0.09878634 
521 543 8 10 0.09770529 
553 505 7 8 0.09742207 
106 559 9 12 0.09705537 
696 514 7 8 0.097005524 
135 560 8 10 0.09670025 
39 532 8 11 0.0962865 
616 546 7 9 0.09621 
905 557 8 10 0.096174106 
327 520 7 10 0.096126914 
639 527 7 9 0.09607397 
475 520 7 8 0.095992915 
169 522 7 9 0.095649116 
344 529 7 9 0.09561863 
528 506 6 8 0.09546817 
377 534 7 9 0.09465525 
392 545 8 10 0.093546204 
904 536 8 9 0.093470946 
441 537 7 9 0.093100995 
336 558 8 11 0.093044706 
234 527 7 9 0.09239206 
204 526 8 11 0.092331626 
605 536 8 10 0.09197936 
794 525 8 10 0.09186239 
327 526 7 9 0.09184114 
402 533 7 10 0.09158315 
121 496 7 9 0.09116695 
410 521 7 9 0.09068102 
921 541 8 10 0.09053397 
727 585 11 16 0.09045486 
945 517 8 10 0.09005606 
522 510 7 9 0.09000165 
98 527 7 9 0.089729585 
313 560 7 10 0.0896014 
224 509 7 9 0.08939329 
471 527 8 10 0.08921896 
657 534 7 9 0.08906081 
418 535 7 10 0.089028366 
480 544 8 10 0.088903904 
568 518 7 9 0.08881889 
225 496 7 8 0.08871546 
543 599 10 13 0.088455506 
400 552 8 10 0.08840166 
246 595 10 14 0.08775348 
127 581 8 12 0.087686166 
105 504 7 9 0.0875792 
183 558 10 12 0.08746768 
463 501 7 9 0.087459624 
135 565 9 11 0.087065555 
242 569 9 11 0.08661762 
147 527 7 9 0.08629542 
930 519 7 9 0.086289294 
232 551 8 10 0.08627952 
336 519 7 9 0.08589916 
521 600 10 14 0.08545759 
87 496 7 9 0.08530128 
670 543 8 10 0.0852888 
977 465 9 10 0.08507087 
206 509 8 10 0.08474469 
114 520 7 9 0.084554315 
739 525 7 10 0.08436758 
964 533 10 12 0.08428371 
65 567 8 11 0.084158406 
784 511 7 9 0.08404554 
343 559 8 10 0.083771765 
512 506 6 8 0.08312754 
34 527 7 10 0.08292676 
498 543 9 12 0.08291797 
544 510 7 9 0.08291161 
352 550 8 9 0.0821731 
361 590 10 12 0.08181319 
751 533 8 10 0.08176076 
712 542 8 10 0.0815545 
778 517 8 10 0.08141481 
270 592 9 11 0.08104009 
178 496 6 9 0.08036045 
935 505 8 10 0.08011515 
847 504 7 9 0.07968138 
559 529 8 9 0.07945889 
194 495 7 9 0.079149686 
265 565 8 11 0.07901345 
217 520 8 9 0.07887294 
931 511 7 9 0.07869802 
176 521 7 9 0.078614555 
305 560 8 10 0.07844746 
275 512 7 9 0.07827493 
770 513 6 8 0.0782683 
317 559 8 10 0.078214094 
113 511 7 8 0.07761497 
264 547 9 11 0.07734751 
744 557 10 13 0.077280395 
719 517 7 9 0.07709784 
809 524 9 11 0.07707963 
815 540 9 11 0.07705994 
112 526 7 10 0.07691284 
650 511 7 8 0.07674427 
593 526 7 9 0.07660598 
861 495 7 9 0.076487914 
878 509 7 9 0.07635639 
185 525 7 10 0.075909 
39 573 10 14 0.07575335 
815 497 7 8 0.075520195 
601 543 8 10 0.07496374 
135 529 7 10 0.07473388 
64 551 8 12 0.074251525 
78 514 8 9 0.07417724 
807 542 9 10 0.07413282 
462 566 10 12 0.074060075 
927 527 8 10 0.07396331 
584 527 7 9 0.073733196 
673 566 8 11 0.07331581 
696 526 8 10 0.07331029 
570 551 7 10 0.073229775 
71 497 8 8 0.072817095 
406 551 8 10 0.07261641 
473 551 8 10 0.07237357 
161 512 7 9 0.07236873 
578 512 6 8 0.07224052 
768 530 8 10 0.07216753 
898 526 8 10 0.071542464 
997 571 11 13 0.07148681 
433 549 8 10 0.071115844 
739 521 7 9 0.07105418 
41 579 10 15 0.07103178 
942 557 9 13 0.07082758 
248 528 8 10 0.070703566 
139 496 7 10 0.07040965 
575 553 8 10 0.07031223 
816 502 7 9 0.07028007 
129 534 8 10 0.06994435 
785 505 7 9 0.06977103 
646 561 8 10 0.06949579 
474 544 7 10 0.06941245 
7 514 8 10 0.069253996 
729 518 7 9 0.06914226 
466 527 7 10 0.06885146 
931 463 8 9 0.06869764 
153 573 8 10 0.06867601 
545 527 7 10 0.068475984 
998 536 10 11 0.06846037 
901 567 9 12 0.06820388 
880 528 8 10 0.06819513 
63 557 8 11 0.06776531 
351 513 7 9 0.06773704 
471 534 7 9 0.06745872 
648 527 8 9 0.06726208 
257 497 7 9 0.067132175 
713 550 10 12 0.06699358 
511 575 8 10 0.06686772 
120 520 7 9 0.06672548 
647 534 8 9 0.066720225 
98 512 6 8 0.06668136 
995 566 11 13 0.06657708 
481 565 9 10 0.06607372 
176 504 7 9 0.06593265 
37 517 9 11 0.06573594 
856 535 8 9 0.06571002 
541 566 9 12 0.06535813 
552 520 8 9 0.064934716 
1007 566 10 13 0.064835824 
73 536 8 9 0.06478996 
105 509 8 10 0.06468539 
421 533 8 9 0.06465712 
831 513 8 9 0.06434748 
258 502 7 9 0.06426472 
183 511 7 9 0.06421145 
850 463 7 9 0.06404988 
166 588 10 13 0.0638623 
174 524 8 10 0.06372774 
873 527 8 10 0.063698955 
793 521 8 9 0.0633968 
903 542 7 10 0.0633344 
170 568 8 11 0.06308034 
201 522 7 9 0.06299646 
430 505 8 9 0.06291639 
902 520 8 9 0.06271617 
225 525 7 9 0.06238452 
295 521 6 9 0.06220961 
30 557 10 13 0.062154964 
831 527 9 11 0.061945774 
251 611 11 14 0.061797503 
503 559 9 12 0.061623327 
30 567 10 14 0.061540127 
880 548 8 10 0.06141747 
379 670 14 16 0.061263528 
826 453 8 11 0.06118736 
761 503 7 9 0.061131593 
12 542 9 12 0.061065987 
139 501 7 9 0.060606148 
379 511 7 8 0.060446065 
14 508 9 11 0.060295817 
902 526 8 9 0.06029491 
754 495 6 9 0.060187407 
135 550 8 10 0.060043506 
203 510 7 9 0.059928395 
670 519 7 9 0.059740487 
918 462 6 9 0.059681773 
632 520 7 9 0.059594672 
608 521 8 10 0.059555437 
248 671 12 14 0.059491076 
537 527 7 9 0.05921258 
298 511 7 9 0.059077 
351 561 8 10 0.059013862 
89 544 8 10 0.058470156 
561 519 8 9 0.05820573 
229 584 9 12 0.058154315 
128 565 8 11 0.05799557 
268 596 9 12 0.057838485 
461 582 9 11 0.057626422 
469 614 10 15 0.057569474 
591 559 9 10 0.057355337 
151 552 8 9 0.057333007 
112 543 7 9 0.057153925 
209 611 11 13 0.057100892 
118 564 8 11 0.056989904 
314 526 6 9 0.0567654 
953 478 7 10 0.056737706 
1004 592 12 13 0.056624703 
397 590 9 11 0.0565697 
497 535 8 10 0.05651583 
345 502 8 9 0.05651463 
138 489 7 9 0.05646419 
280 506 6 8 0.056208108 
970 541 10 12 0.05620496 
672 537 7 9 0.05619164 
257 529 8 10 0.05616712 
757 648 16 17 0.056107745 
976 524 9 10 0.05608445 
585 507 7 8 0.055941455 
458 581 8 11 0.05571567 
223 521 7 9 0.05568021 
626 518 7 10 0.055665042 
857 528 8 10 0.055558458 
625 530 7 9 0.055536885 
105 535 7 9 0.055512052 
235 512 7 9 0.055359907 
816 513 7 9 0.05525285 
72 512 7 10 0.055133272 
440 496 7 9 0.055039838 
208 591 9 11 0.0549837 
240 527 7 9 0.05481999 
438 591 8 12 0.054664664 
777 503 7 10 0.05460944 
162 520 7 9 0.05456013 
465 535 7 9 0.054555137 
562 512 7 9 0.054465514 
522 549 7 9 0.054392375 
814 519 8 9 0.054206673 
671 560 8 10 0.05392326 
842 517 7 10 0.053866483 
690 518 7 10 0.053801306 
406 536 7 9 0.05364748 
537 534 8 10 0.053345367 
617 597 11 13 0.053200725 
321 511 7 9 0.053132392 
425 520 7 9 0.05308308 
446 560 8 11 0.052986316 
985 510 9 11 0.05279471 
952 510 7 10 0.052787952 
280 518 8 9 0.05276575 
263 591 8 11 0.05275287 
121 501 7 10 0.052441604 
565 543 8 9 0.052289903 
526 544 7 9 0.052288845 
913 542 8 9 0.052276876 
741 631 13 15 0.052116115 
97 520 7 9 0.052080344 
656 527 7 9 0.05198615 
539 510 6 8 0.05192617 
210 545 8 10 0.051850084 
582 573 10 14 0.05178449 
456 525 7 10 0.051681563 
826 494 8 9 0.05163275 
552 511 7 9 0.051134404 
341 649 15 20 0.050960597 
993 525 8 10 0.050956566 
473 513 7 8 0.050889265 
356 637 13 17 0.05082873 
813 525 9 11 0.050822895 
690 535 8 10 0.05061638 
1010 543 8 10 0.050525345 
983 504 8 10 0.05028684 
39 513 8 9 0.05001733 
38 594 10 14 0.049835682 
482 494 6 9 0.049801994 
461 571 10 14 0.049722027 
503 589 9 12 0.049715452 
287 566 9 11 0.04965111 
751 511 7 9 0.0495388 
761 511 7 9 0.04952544 
120 542 7 9 0.049488757 
654 511 7 8 0.049447265 
360 521 7 8 0.04943121 
369 497 6 8 0.049359944 
896 568 10 13 0.04929784 
346 497 7 8 0.049214065 
277 582 9 11 0.04921069 
385 520 7 9 0.049106784 
831 647 10 13 0.048830356 
961 517 8 10 0.0488201 
160 557 9 11 0.04878827 
841 513 7 9 0.048499156 
0 536 7 10 0.04849255 
174 568 9 11 0.04847582 
235 535 7 10 0.0484196 
990 512 9 11 0.048385166 
682 518 6 9 0.04837941 
729 527 7 9 0.048268978 
937 541 8 10 0.048183277 
862 527 8 10 0.04815417 
609 505 6 9 0.047916863 
591 565 8 10 0.04784218 
34 519 8 10 0.047837317 
207 596 10 12 0.047789015 
151 558 8 10 0.04775608 
847 513 7 9 0.047704097 
271 561 7 10 0.047660824 
381 590 10 14 0.04761378 
907 506 7 8 0.047492396 
302 544 7 10 0.047427658 
838 527 8 10 0.04742372 
536 521 7 9 0.047345404 
288 490 7 8 0.04733174 
167 537 7 10 0.047173142 
360 565 8 11 0.04700125 
578 527 7 9 0.046850923 
303 525 7 9 0.046830844 
463 560 8 10 0.046806306 
15 535 8 11 0.04679197 
522 536 8 9 0.046643786 
992 519 8 9 0.0465448 
181 588 10 12 0.046533458 
983 526 8 10 0.04621977 
664 535 8 10 0.0460637 
345 518 7 9 0.046001334 
921 529 7 9 0.045955665 
183 520 8 10 0.0459135 
569 496 7 8 0.045902014 
888 550 8 10 0.045841046 
554 593 13 16 0.045807566 
573 587 10 13 0.04575828 
144 560 8 10 0.045529157 
430 509 7 9 0.04544708 
950 519 8 10 0.045296893 
401 521 7 9 0.045170173 
407 526 7 9 0.045043163 
271 528 7 9 0.04500602 
392 519 7 9 0.044877037 
793 510 7 10 0.044743847 
655 550 8 9 0.04459657 
320 552 8 10 0.04458809 
866 669 20 20 0.044568438 
744 541 8 10 0.044456758 
409 626 12 17 0.044431392 
319 504 7 9 0.04438424 
761 519 7 9 0.044337 
706 526 8 10 0.04430648 
768 552 8 10 0.04427423 
624 544 8 10 0.044266723 
449 512 7 9 0.044245932 
439 541 8 10 0.044244703 
769 518 7 9 0.044091146 
312 543 8 10 0.044025764 
650 548 8 10 0.043687016 
57 550 9 12 0.043617386 
873 534 8 9 0.043517817 
849 527 7 9 0.04349814 
831 494 7 9 0.04349123 
966 510 7 9 0.043397997 
677 566 8 10 0.043268695 
690 514 7 8 0.043265305 
569 504 7 9 0.043202974 
1000 521 7 9 0.04311858 
393 582 8 11 0.043042734 
378 494 6 9 0.042755745 
630 533 8 10 0.04249545 
496 502 7 9 0.042475227 
188 566 9 12 0.042408593 
765 556 10 12 0.042373843 
391 496 7 8 0.042370554 
648 544 8 10 0.04232535 
208 497 7 9 0.04231309 
921 512 7 9 0.042257868 
103 549 8 11 0.042236336 
296 496 6 9 0.042234 
166 599 9 11 0.04222314 
366 575 10 12 0.042181924 
104 544 8 10 0.042077865 
407 495 7 8 0.042027358 
610 510 6 9 0.041948047 
948 550 10 12 0.04178881 
450 519 7 9 0.041556735 
447 623 11 15 0.041496087 
983 547 9 12 0.041415494 
792 572 10 14 0.04127131 
664 526 7 10 0.041269723 
393 503 6 8 0.041236028 
507 511 7 8 0.041184794 
486 621 9 12 0.041121542 
218 525 7 9 0.04102041 
298 503 6 9 0.040960312 
249 520 7 9 0.04088816 
850 581 10 12 0.04087249 
666 544 8 10 0.04077264 
576 488 6 7 0.040710192 
737 512 7 9 0.040698834 
97 548 8 11 0.040615942 
370 527 7 9 0.04054465 
111 536 7 9 0.040537827 
863 535 8 10 0.04050354 
336 543 7 9 0.040455803 
417 513 6 8 0.040334824 
448 487 7 8 0.040324908 
416 566 8 11 0.040291816 
591 511 7 8 0.04026975 
581 580 11 14 0.04026397 
727 501 8 10 0.04024646 
289 503 8 9 0.04024029 
305 522 7 8 0.0402368 
943 541 8 11 0.040125635 
54 590 12 17 0.040062904 
513 494 6 8 0.04004045 
532 599 11 14 0.040002912 
552 546 8 9 0.039939683 
122 537 7 9 0.039919365 
232 495 7 9 0.039894063 
630 574 8 11 0.039880246 
640 567 8 11 0.039842695 
577 519 7 9 0.03983304 
746 536 8 10 0.039821047 
638 615 13 14 0.03968757 
953 505 8 10 0.039608955 
544 506 7 8 0.03958769 
509 590 9 12 0.0395456 
871 549 8 10 0.039537087 
773 550 8 10 0.039487127 
226 550 7 10 0.039392482 
212 664 16 20 0.039164834 
882 629 14 21 0.03915824 
329 505 6 9 0.039153747 
18 527 8 10 0.03910358 
315 504 7 10 0.038940668 
303 504 7 9 0.038939454 
519 527 7 9 0.038902994 
193 533 8 11 0.03877702 
312 551 7 10 0.03870051 
303 510 7 9 0.03867817 
130 542 7 10 0.03861943 
417 528 8 9 0.03849276 
462 541 8 10 0.038465027 
288 512 7 9 0.038460683 
230 669 10 12 0.03843308 
935 456 7 9 0.03842739 
401 505 8 9 0.03832427 
347 618 12 17 0.038289893 
14 668 13 16 0.03828665 
887 530 8 9 0.03823769 
329 511 7 9 0.03820968 
337 495 6 8 0.038207594 
1015 560 8 12 0.038161643 
608 556 8 10 0.038069896 
934 517 8 10 0.038066164 
618 534 7 9 0.03786097 
198 543 8 10 0.037775137 
113 495 6 9 0.037745688 
546 550 8 10 0.037636437 
888 542 9 11 0.037614625 
896 541 8 10 0.037606247 
690 497 6 8 0.03759932 
62 527 8 9 0.03757882 
580 563 10 13 0.03753489 
346 513 7 9 0.0375286 
936 495 8 9 0.037473097 
969 519 7 10 0.037418574 
362 513 6 8 0.0373365 
713 641 17 18 0.037056506 
681 497 6 8 0.03699917 
202 504 7 9 0.036988646 
402 543 7 10 0.036957454 
666 555 8 11 0.03682448 
303 579 9 13 0.036811993 
95 565 8 10 0.036679402 
295 535 8 10 0.03657433 
217 503 7 9 0.036511865 
689 528 7 9 0.03646133 
584 521 7 9 0.036442474 
674 503 7 8 0.03644144 
1014 541 8 12 0.03635702 
383 534 7 9 0.036255173 
191 581 8 11 0.036219988 
186 504 7 9 0.0361768 
87 509 7 9 0.0360793 
545 520 7 9 0.036015954 
247 502 7 8 0.036001395 
365 594 13 15 0.035985537 
909 558 8 11 0.035964496 
759 527 7 9 0.035817128 
272 519 7 9 0.03577364 
57 528 8 10 0.035771843 
366 604 13 16 0.03557294 
615 521 7 9 0.03556903 
414 587 10 13 0.03552276 
798 566 9 13 0.035462823 
759 542 7 10 0.035291407 
799 521 8 10 0.035240438 
882 520 7 9 0.035212237 
314 510 7 9 0.035210263 
707 581 11 15 0.03508176 
529 520 7 9 0.035027023 
164 605 9 12 0.034920312 
639 575 9 11 0.03488434 
457 575 9 12 0.034848895 
896 487 8 9 0.03479015 
569 558 8 10 0.03476055 
792 505 7 9 0.034664124 
878 457 7 9 0.03457888 
799 512 7 8 0.03456721 
595 494 7 9 0.034553304 
483 503 6 9 0.034539077 
489 514 7 9 0.03452785 
377 490 7 8 0.03452436 
73 542 9 11 0.034521967 
802 559 8 10 0.034474287 
625 573 8 10 0.03445217 
209 633 13 17 0.034380198 
560 628 12 16 0.034335822 
487 598 9 11 0.034281697 
65 653 13 19 0.03422404 
232 544 8 10 0.03422209 
136 512 7 9 0.0340242 
905 591 9 12 0.033915013 
509 581 9 11 0.033904303 
91 598 13 15 0.033856153 
99 505 6 8 0.03382056 
696 544 9 10 0.033751994 
348 575 11 13 0.0335608 
400 510 8 8 0.033522036 
506 505 6 9 0.033498395 
84 525 7 10 0.0333934 
838 533 9 11 0.033350136 
263 489 7 8 0.033184048 
753 521 7 9 0.03314768 
641 520 7 9 0.033022437 
826 513 7 10 0.033011723 
462 587 9 12 0.032967597 
282 494 7 9 0.032919537 
415 561 8 10 0.032848038 
167 489 7 8 0.03273505 
953 527 8 10 0.032724366 
825 535 8 11 0.03268144 
157 588 9 14 0.03267045 
264 495 7 9 0.032566678 
450 527 7 8 0.032554965 
727 641 13 16 0.032541014 
663 623 14 18 0.032495484 
880 487 8 8 0.03247076 
791 494 7 8 0.032457963 
685 597 9 12 0.032455068 
790 368 8 11 0.03242074 
263 504 7 8 0.03241796 
443 610 12 18 0.03235321 
95 544 8 10 0.032312796 
602 511 6 8 0.032202743 
435 538 7 9 0.032171156 
636 580 10 13 0.032031234 
0 497 7 10 0.032026876 
729 514 7 9 0.03199564 
894 577 11 15 0.031878415 
129 561 8 10 0.03181053 
385 505 6 8 0.031781275 
697 503 7 8 0.031727605 
165 558 8 11 0.031645846 
589 535 8 9 0.031608447 
621 549 7 10 0.031597428 
122 527 7 9 0.03153505 
930 505 8 9 0.031516615 
655 545 8 10 0.03149801 
462 613 12 17 0.03149695 
755 629 22 23 0.031324863 
704 503 7 9 0.03129199 
15 566 11 14 0.031201076 
631 511 6 9 0.031170761 
952 541 9 11 0.031140715 
865 549 8 10 0.031134546 
627 488 7 9 0.031123636 
910 505 7 9 0.031106248 
273 495 6 8 0.03105254 
351 496 7 8 0.031034904 
430 521 8 9 0.030966071 
508 543 10 13 0.030953588 
421 543 8 10 0.030919116 
1 513 8 10 0.030909004 
643 488 6 8 0.030734513 
370 535 7 9 0.030689856 
520 520 7 10 0.03066106 
650 506 7 8 0.030600958 
939 476 7 10 0.030567309 
982 596 9 12 0.030564077 
352 502 7 9 0.030484986 
407 489 6 9 0.030480305 
313 536 8 10 0.03044688 
350 640 14 19 0.030347537 
607 574 10 12 0.030312674 
937 472 7 10 0.030282063 
968 527 8 10 0.030247761 
438 597 11 17 0.030224508 
464 521 7 9 0.030155646 
394 528 7 9 0.030149113 
11 547 10 15 0.03013314 
128 501 6 9 0.02988448 
207 572 9 12 0.029869223 
943 478 7 9 0.029861903 
801 494 7 8 0.029859275 
368 502 7 9 0.02985262 
465 511 7 9 0.02981497 
752 541 8 11 0.029782606 
121 582 9 12 0.029757533 
465 488 6 7 0.02973195 
890 504 7 9 0.029694427 
849 456 7 8 0.029562604 
548 574 9 12 0.0295561 
943 472 7 9 0.029484931 
336 514 6 8 0.029481053 
115 588 10 15 0.029452981 
208 520 7 9 0.029426605 
751 598 13 16 0.02930271 
856 488 7 9 0.029246269 
0 630 9 14 0.029237473 
144 594 10 13 0.029039407 
752 503 7 9 0.0289915 
270 533 9 10 0.028979344 
23 557 11 14 0.028932283 
718 566 9 12 0.028928934 
496 561 7 11 0.028851422 
681 514 6 8 0.028846439 
600 487 6 8 0.028795714 
512 597 9 13 0.028733706 
375 560 8 9 0.02866893 
23 566 11 14 0.028660223 
863 520 8 10 0.028600095 
248 497 7 8 0.02846116 
895 551 8 10 0.028413318 
345 552 8 10 0.02832607 
592 506 7 8 0.02825578 
673 512 7 9 0.02821016 
703 559 11 12 0.028205646 
728 497 7 9 0.028185487 
617 495 7 9 0.028121864 
479 519 6 9 0.028094891 
393 489 8 9 0.02799139 
43 550 8 10 0.02788965 
334 536 7 10 0.027836846 
622 507 7 8 0.027820142 
481 535 7 10 0.027695812 
217 496 7 9 0.02761107 
199 549 7 10 0.027602607 
407 505 7 9 0.02757789 
703 574 10 13 0.027542427 
725 535 8 10 0.027505696 
806 643 12 15 0.027492484 
532 549 8 10 0.027430234 
481 621 10 13 0.02737329 
810 514 7 9 0.027324595 
233 575 9 11 0.027321858 
542 561 9 11 0.027294751 
320 496 7 8 0.027293999 
868 580 9 13 0.027264256 
985 568 11 14 0.027229736 
717 556 10 14 0.027226556 
996 469 9 11 0.027222823 
207 534 8 11 0.02719179 
382 582 9 11 0.027157765 
214 599 9 11 0.027154567 
850 488 7 9 0.027075205 
327 575 10 13 0.02703877 
614 554 10 12 0.027037017 
386 544 8 10 0.02702956 
193 489 7 9 0.0270079 
595 489 6 7 0.026969168 
429 526 7 9 0.0269623 
879 495 7 9 0.026951581 
946 463 7 9 0.026894178 
722 502 8 9 0.02689314 
460 503 6 8 0.026882648 
737 505 7 8 0.026861912 
369 544 7 9 0.026813144 
248 541 8 10 0.026669608 
441 487 7 8 0.026667925 
329 542 8 10 0.02663878 
522 506 7 8 0.026627617 
215 573 8 12 0.026621303 
646 487 7 8 0.026590575 
23 520 8 10 0.026579924 
689 501 7 9 0.02656981 
896 463 7 9 0.02655487 
130 514 7 8 0.026541414 
456 513 7 9 0.026502196 
110 551 9 10 0.02650016 
199 490 7 9 0.026446057 
142 565 9 11 0.026419586 
470 563 9 11 0.026397627 
808 550 8 11 0.02637845 
329 488 7 9 0.026372448 
301 654 9 13 0.026335137 
217 589 9 12 0.026331848 
4 630 10 13 0.026320212 
406 557 8 11 0.02631121 
184 538 8 9 0.026308322 
889 463 7 9 0.026243249 
46 587 13 18 0.02624289 
640 618 16 17 0.026214043 
127 497 7 8 0.026207507 
312 564 9 11 0.026206546 
713 494 6 9 0.026205875 
565 536 7 9 0.026190786 
543 488 6 8 0.026189223 
599 495 7 9 0.02616603 
208 584 8 11 0.026149679 
745 496 8 8 0.026136778 
798 505 7 9 0.026111273 
935 528 8 10 0.026109232 
826 490 7 8 0.026099648 
437 550 9 11 0.026065478 
361 503 7 8 0.02602428 
843 503 7 9 0.026006846 
479 561 8 10 0.025928752 
753 488 7 9 0.025913442 
311 493 6 9 0.025872387 
517 570 10 12 0.025867425 
312 522 6 8 0.025864419 
967 506 8 9 0.02585987 
912 521 7 8 0.025814863 
657 568 8 11 0.025776744 
46 488 7 9 0.025738597 
376 521 7 9 0.025675358 
486 590 10 12 0.025582075 
480 490 7 8 0.02553437 
103 521 7 9 0.025512172 
16 556 10 15 0.025492415 
657 628 10 14 0.02542132 
682 605 9 12 0.025366766 
258 489 7 8 0.025364362 
393 590 10 13 0.025355855 
703 520 7 9 0.025350897 
745 505 8 8 0.025323 
690 542 8 10 0.025308741 
183 495 6 9 0.025300274 
304 550 7 10 0.025260326 
7 563 10 15 0.025246356 
855 540 9 12 0.025189875 
539 494 7 9 0.0251672 
249 488 7 8 0.025166228 
554 534 7 9 0.025100155 
815 366 7 9 0.02509879 
642 512 7 9 0.02507294 
504 621 9 12 0.024992036 
744 552 9 12 0.024842625 
959 471 7 9 0.024834082 
147 550 7 9 0.024758408 
47 660 15 17 0.024686355 
1 606 9 14 0.024629695 
274 505 7 9 0.024555413 
805 454 8 10 0.024512198 
250 604 10 14 0.02448039 
364 642 11 16 0.024468439 
864 512 7 8 0.02443084 
261 602 11 13 0.024384435 
242 497 6 8 0.024377393 
602 505 7 8 0.024355931 
480 512 7 8 0.024353158 
408 510 7 8 0.024336278 
538 506 6 8 0.024287015 
8 537 9 11 0.024237193 
850 533 7 10 0.024196833 
909 591 10 12 0.024191443 
1016 527 7 10 0.024164964 
127 652 10 13 0.024163464 
983 497 8 9 0.024157513 
655 505 8 8 0.02405407 
881 482 7 9 0.02401656 
47 534 7 9 0.023972778 
943 489 7 9 0.023953792 
918 458 7 9 0.02393979 
943 583 12 13 0.023924837 
686 591 8 11 0.023916164 
118 513 7 9 0.023877913 
336 527 7 9 0.023877647 
711 557 10 13 0.023870857 
641 495 7 8 0.023781192 
62 571 10 12 0.023776747 
672 487 7 8 0.023767998 
224 490 7 8 0.023760522 
439 501 8 9 0.023700535 
841 496 7 9 0.023694634 
1015 518 8 11 0.02369297 
777 495 7 9 0.023680001 
281 490 6 8 0.023591958 
103 675 12 11 0.023581292 
1015 535 7 11 0.023484929 
393 512 7 9 0.02347319 
487 503 7 8 0.023471456 
144 544 7 9 0.023448132 
673 573 7 10 0.023446199 
224 543 7 10 0.023415513 
161 502 7 9 0.023393372 
895 503 7 9 0.023281056 
157 573 9 11 0.02322946 
610 487 6 8 0.023210065 
330 495 6 8 0.023201609 
495 572 9 11 0.023179645 
351 517 7 9 0.02312081 
88 534 9 10 0.023120109 
112 505 7 8 0.023077736 
895 513 7 8 0.023052955 
318 565 8 10 0.023023607 
642 559 8 10 0.022987723 
161 553 8 10 0.022983355 
725 541 8 11 0.022977576 
543 480 7 8 0.022972183 
319 543 7 9 0.022964412 
1013 548 9 13 0.022803422 
458 565 9 12 0.02275762 
774 605 9 12 0.02270908 
792 490 8 9 0.022690285 
85 558 8 11 0.02266564 
831 489 7 9 0.022646058 
104 491 7 8 0.022618363 
364 610 13 18 0.022557154 
821 540 8 11 0.022488698 
529 529 7 8 0.022488616 
948 556 11 13 0.022480272 
756 652 24 26 0.022445586 
220 665 13 18 0.022383993 
507 521 7 9 0.022379806 
806 557 8 11 0.022378908 
559 580 10 12 0.022315035 
801 490 6 8 0.02228469 
345 564 8 11 0.022265557 
767 605 10 12 0.022242952 
818 489 7 8 0.022233719 
719 600 13 16 0.022156963 
85 583 9 12 0.022147052 
960 506 7 9 0.02214556 
739 641 17 20 0.022142889 
700 613 10 13 0.022094645 
569 581 9 12 0.022081029 
506 575 8 11 0.022075385 
176 589 9 11 0.022059808 
604 580 11 13 0.021989148 
545 543 8 10 0.02196593 
34 532 8 10 0.02194241 
954 472 7 9 0.021860681 
711 660 10 13 0.02185737 
543 494 6 8 0.021827467 
621 591 10 13 0.02181726 
447 495 7 9 0.021798553 
351 536 7 9 0.021785777 
831 369 7 9 0.021775393 
810 495 7 8 0.021769531 
256 559 8 10 0.021765262 
977 510 8 9 0.021738866 
419 639 13 21 0.021705776 
776 489 7 9 0.021680612 
497 589 9 13 0.02167639 
1014 603 9 14 0.021660354 
863 489 7 9 0.021587608 
776 528 8 10 0.021576403 
485 542 8 10 0.021493562 
217 488 7 9 0.021470577 
488 534 7 10 0.0214219 
415 548 8 11 0.021414302 
494 528 8 9 0.021401292 
369 520 7 9 0.02131814 
665 513 7 8 0.02128704 
341 671 14 14 0.021151831 
488 496 6 8 0.021126062 
307 605 13 17 0.021122092 
548 601 12 14 0.021110268 
280 576 9 11 0.021092638 
377 552 7 9 0.021047592 
336 503 7 8 0.02102316 
375 543 7 9 0.020990107 
415 613 11 17 0.02085805 
442 513 7 8 0.020845037 
296 581 9 11 0.020834869 
976 495 8 9 0.020765426 
152 568 8 11 0.020765096 
274 489 6 8 0.020732487 
25 512 8 10 0.020685878 
732 637 12 16 0.020656997 
350 628 13 16 0.020612866 
725 597 11 14 0.02055331 
215 555 9 12 0.020538107 
1010 487 9 11 0.020509582 
992 503 8 10 0.020492239 
985 519 7 10 0.020472873 
944 528 7 9 0.02046497 
170 501 6 9 0.02046457 
704 512 7 9 0.020449327 
501 536 8 10 0.020424696 
833 504 7 9 0.02042246 
395 559 8 10 0.020370523 
632 494 7 8 0.020359183 
896 479 8 10 0.020358708 
641 504 7 8 0.020301715 
838 551 10 12 0.020290736 
1009 548 9 11 0.020182556 
631 607 9 15 0.020164637 
863 543 9 11 0.020156894 
792 479 8 9 0.020123798 
803 599 11 14 0.020096675 
77 542 8 10 0.020061221 
824 503 7 9 0.020044949 
832 539 9 11 0.020026725 
99 495 7 9 0.020018851 
