22_Picnic_Picnic_22_140
34
418 348 24 29 0.99382704 
785 382 26 34 0.9926075 
568 370 22 28 0.98046356 
313 342 25 31 0.9797816 
869 377 26 29 0.842602 
920 375 18 27 0.67771256 
635 387 22 27 0.6478862 
923 429 15 26 0.6004719 
618 452 24 36 0.26092926 
855 414 22 36 0.15986322 
35 411 19 32 0.081607014 
714 488 25 30 0.072343946 
450 411 25 38 0.060841575 
853 408 14 25 0.049022596 
67 413 21 33 0.047604896 
436 430 24 33 0.042761274 
703 483 25 33 0.04136774 
317 36 12 14 0.039105706 
784 471 11 15 0.03771397 
622 376 25 34 0.036434725 
893 422 21 35 0.03540954 
959 383 12 16 0.033623908 
912 377 19 29 0.032972727 
35 401 16 25 0.027733672 
37 423 22 31 0.026769318 
360 52 10 12 0.026659286 
742 447 13 15 0.025221493 
626 391 23 28 0.024726687 
653 362 16 17 0.02464467 
841 452 18 20 0.023558747 
737 449 29 30 0.02347227 
245 469 21 29 0.022743598 
891 379 23 30 0.020624101 
427 2 46 50 0.020210959 
