22_Picnic_Picnic_22_36
39
636 226 32 41 0.9988471 
459 440 36 43 0.9982345 
289 505 24 36 0.9923665 
638 651 36 50 0.9802526 
123 503 38 67 0.94317883 
777 430 43 74 0.8299854 
46 369 16 20 0.6065576 
383 284 8 10 0.44174182 
170 491 40 49 0.38744113 
693 574 24 42 0.17238027 
155 493 39 56 0.15498388 
480 352 8 10 0.13939255 
554 283 9 12 0.11670659 
846 114 11 15 0.10216273 
797 277 9 12 0.075581074 
473 162 10 14 0.070120834 
368 298 8 10 0.03998878 
811 283 12 14 0.0380948 
457 313 7 9 0.034817405 
186 486 30 44 0.034127302 
732 575 48 69 0.03337374 
52 366 16 25 0.030034782 
876 105 12 15 0.029098764 
39 364 15 18 0.026896238 
619 663 29 37 0.026870253 
456 325 11 14 0.025399791 
872 102 11 15 0.025197083 
871 124 30 33 0.024862355 
863 111 54 66 0.02438819 
358 252 9 13 0.024254479 
553 565 22 36 0.02408333 
388 285 8 11 0.022792608 
424 343 7 10 0.022346236 
709 291 12 15 0.020838428 
487 472 26 45 0.02079819 
846 423 39 62 0.020787613 
876 123 15 17 0.020594923 
615 553 24 36 0.020227348 
293 261 12 15 0.020139953 
