22_Picnic_Picnic_22_594
67
495 267 55 73 0.99958783 
793 312 41 63 0.96446 
786 260 192 301 0.1246796 
128 383 10 12 0.11039606 
399 264 67 92 0.08628001 
476 56 18 20 0.069919 
52 399 18 21 0.061287556 
129 387 12 14 0.057406366 
8 401 12 15 0.053038854 
35 217 15 22 0.049785357 
34 407 16 19 0.04903136 
0 395 10 17 0.048695907 
393 113 17 19 0.047389288 
671 248 29 36 0.045890555 
142 0 14 16 0.04498262 
63 249 14 18 0.044602964 
604 13 26 30 0.041443903 
297 190 41 57 0.037315883 
163 37 15 19 0.036706086 
708 200 316 477 0.035607748 
0 137 14 21 0.035478763 
525 4 14 16 0.033689342 
509 131 17 20 0.03305643 
819 277 43 68 0.03301979 
134 216 15 21 0.030248154 
935 174 66 54 0.030244062 
493 30 17 24 0.029729785 
57 383 8 10 0.029700603 
51 205 21 28 0.029425643 
297 250 16 22 0.028692018 
702 287 24 27 0.028187113 
411 125 23 32 0.028116845 
494 20 14 19 0.027819898 
227 141 19 22 0.02771921 
157 256 15 19 0.027163196 
260 27 14 17 0.026828501 
75 185 16 19 0.025410937 
445 63 17 19 0.02477149 
163 214 17 21 0.023559116 
388 117 26 32 0.02332349 
672 316 22 28 0.022863278 
478 99 15 19 0.022840483 
54 389 14 17 0.022785887 
138 222 15 21 0.022748543 
834 254 50 86 0.022518497 
405 114 15 19 0.022276752 
744 308 12 14 0.022237772 
270 92 12 14 0.02211363 
924 189 94 144 0.022068927 
743 97 13 18 0.021679845 
2 110 7 13 0.02152296 
354 1 24 27 0.021412613 
44 187 16 20 0.021386247 
220 246 16 21 0.021161975 
381 181 17 19 0.021146605 
474 62 24 29 0.020922843 
59 160 17 20 0.020889092 
68 257 16 21 0.020836795 
195 271 16 20 0.020814119 
360 125 10 13 0.020717802 
182 103 10 13 0.020617923 
396 82 12 15 0.020541426 
374 140 29 34 0.020409498 
367 76 11 14 0.020323833 
412 121 16 21 0.020199325 
446 74 23 32 0.020081874 
2 391 14 17 0.020059148 
