22_Picnic_Picnic_22_313
57
304 309 26 36 0.99855036 
157 304 30 38 0.99835736 
699 276 24 33 0.9975967 
619 190 24 30 0.99679154 
512 238 17 24 0.949528 
77 210 11 14 0.81107736 
773 358 28 41 0.6937889 
646 340 23 27 0.57566124 
223 298 19 33 0.5309067 
741 265 21 28 0.45647684 
416 326 28 42 0.2229775 
-1 203 9 15 0.124941505 
785 372 19 27 0.11739588 
568 240 11 12 0.097727 
350 606 37 37 0.0869971 
40 205 9 12 0.063393466 
471 192 10 13 0.062316287 
22 197 9 11 0.057063125 
46 205 8 11 0.052349623 
771 359 17 28 0.04803988 
367 496 39 37 0.04342659 
97 192 10 11 0.043063715 
741 277 16 22 0.04229947 
40 200 9 11 0.041126173 
489 190 9 13 0.04085773 
572 241 13 15 0.03942602 
58 201 8 11 0.036490697 
102 217 10 12 0.033437468 
394 557 9 11 0.032655288 
558 222 9 11 0.032509502 
523 229 11 14 0.03194391 
63 204 9 12 0.031497695 
793 274 32 38 0.030376341 
61 199 9 12 0.030058062 
543 223 8 10 0.029374136 
750 243 11 16 0.027451564 
780 262 51 62 0.027136458 
81 206 12 14 0.026953073 
9 207 9 12 0.026552863 
381 591 40 52 0.026535524 
433 268 10 14 0.026163096 
119 168 9 11 0.025693413 
232 299 16 29 0.025636192 
6 223 9 11 0.025256112 
436 205 14 18 0.025224457 
242 600 9 10 0.02491808 
101 196 9 11 0.024339145 
336 625 16 19 0.023935223 
392 613 26 35 0.023701938 
9 214 9 11 0.021963961 
34 207 9 12 0.02191125 
525 222 10 12 0.021901669 
406 590 13 13 0.021898072 
448 268 12 15 0.021553371 
580 238 13 17 0.02127588 
469 629 25 31 0.021254314 
476 195 9 13 0.020136576 
