22_Picnic_Picnic_22_933
25
719 39 162 195 0.9954651 
647 191 48 42 0.95841986 
252 36 148 172 0.94804037 
635 405 43 49 0.9426944 
0 482 21 27 0.9408921 
686 305 51 34 0.28877044 
572 450 39 50 0.080899976 
147 552 46 57 0.061598036 
124 558 12 16 0.054614354 
179 541 23 27 0.048673507 
344 597 27 32 0.04681516 
703 472 41 47 0.046499047 
514 572 13 19 0.03290692 
3 533 23 28 0.032307576 
50 546 14 17 0.03180216 
54 536 22 26 0.031241069 
181 135 215 272 0.03104611 
481 582 10 13 0.029931836 
684 295 36 30 0.02581615 
610 475 52 53 0.024998847 
20 -6 441 541 0.024773441 
507 563 14 18 0.024168918 
503 560 11 15 0.022433894 
46 540 15 17 0.021283131 
66 224 160 161 0.020776996 
