50_Celebration_Or_Party_birthdayparty_50_479
71
355 546 104 146 0.9996093 
274 73 42 43 0.9500231 
886 198 10 13 0.57506096 
909 39 10 13 0.39869338 
132 369 11 15 0.118606694 
111 377 9 10 0.11658599 
335 89 22 28 0.10190112 
540 74 13 16 0.08452535 
268 420 13 15 0.084403716 
287 344 7 10 0.08026696 
82 386 11 14 0.076489836 
953 143 9 12 0.07281862 
339 84 16 20 0.071933545 
229 384 9 12 0.07143327 
135 396 9 12 0.06283912 
603 225 11 16 0.062542334 
93 552 16 18 0.05709577 
629 247 9 11 0.05537116 
141 343 9 10 0.052038673 
896 199 8 11 0.052011546 
221 421 9 10 0.051182244 
480 68 13 15 0.049312994 
92 36 16 17 0.049000394 
878 431 10 12 0.045443572 
737 373 25 34 0.043391462 
274 421 12 15 0.042284194 
70 593 16 18 0.040823836 
123 394 7 9 0.039919466 
481 75 11 13 0.039793562 
263 415 13 16 0.03936305 
902 200 8 10 0.038260248 
518 111 11 15 0.038205214 
88 629 8 10 0.03783668 
128 393 8 10 0.037669174 
863 150 8 10 0.037285995 
360 429 15 17 0.036208842 
534 55 14 16 0.035755254 
271 332 9 12 0.035618488 
267 426 14 17 0.03323015 
202 60 37 49 0.031348135 
129 361 8 9 0.03053844 
899 149 10 12 0.030530423 
101 429 10 13 0.030266607 
317 348 10 13 0.030007724 
142 62 39 52 0.029986285 
481 61 13 15 0.02935561 
16 62 48 64 0.029298991 
270 398 10 11 0.02897428 
306 398 7 10 0.028734101 
87 547 14 18 0.028330049 
361 91 27 34 0.02815574 
142 372 11 14 0.02771168 
17 423 7 10 0.027104111 
801 348 61 78 0.027066479 
151 373 10 13 0.026923783 
270 404 10 12 0.026469149 
282 345 8 9 0.0255374 
106 382 8 9 0.025357047 
91 541 19 22 0.024889024 
198 376 8 10 0.024323348 
285 369 12 15 0.02397356 
938 268 18 22 0.023851098 
254 411 11 15 0.023844605 
256 398 8 9 0.023113163 
367 82 37 49 0.023079839 
86 539 15 17 0.02260307 
874 437 11 13 0.022139588 
249 408 8 11 0.021887949 
159 546 11 16 0.021797484 
18 74 29 37 0.021776361 
208 389 8 10 0.020305794 
