50_Celebration_Or_Party_birthdayparty_50_283
27
811 179 37 43 0.9985708 
595 308 36 45 0.99851817 
250 373 51 69 0.99742717 
438 270 28 36 0.99644995 
127 455 55 75 0.9960012 
467 356 29 37 0.9893072 
890 296 28 37 0.9892426 
18 459 69 106 0.9887903 
457 315 24 27 0.9885719 
653 166 41 53 0.9871919 
365 354 35 53 0.974701 
779 332 35 55 0.8837297 
766 342 25 38 0.8135192 
182 113 42 60 0.7401642 
765 468 49 84 0.20159268 
483 258 20 22 0.10883272 
357 187 39 53 0.0784956 
852 231 24 35 0.074538335 
128 531 31 41 0.03842292 
678 528 41 64 0.03811552 
748 458 43 71 0.038074054 
132 113 38 70 0.03237205 
781 488 58 66 0.027220784 
211 95 24 47 0.025555357 
677 526 23 45 0.023487527 
911 354 41 56 0.021850461 
724 235 17 25 0.020011235 
