50_Celebration_Or_Party_birthdayparty_50_134
167
852 283 33 38 0.99814546 
81 352 16 22 0.9450233 
798 301 9 11 0.9040212 
617 310 8 11 0.87714475 
15 338 19 22 0.770392 
558 344 15 19 0.7079232 
540 348 11 15 0.63830274 
581 312 9 11 0.57058394 
141 386 15 18 0.57028806 
599 334 10 13 0.4426807 
612 349 9 12 0.4359684 
445 349 9 11 0.40605146 
422 341 8 10 0.37218183 
384 364 10 14 0.30968815 
409 364 9 13 0.2886065 
507 336 8 10 0.2751597 
485 321 8 11 0.25875658 
552 312 10 11 0.2564801 
653 304 8 10 0.25412717 
640 309 8 10 0.2536876 
552 317 11 13 0.23443398 
527 335 8 10 0.22465104 
486 339 13 18 0.19783728 
725 297 8 11 0.18849498 
447 344 8 10 0.1835375 
487 332 10 13 0.18146764 
759 304 10 12 0.18107639 
431 344 8 10 0.16572697 
766 302 10 11 0.164679 
557 523 15 20 0.14829771 
493 332 10 12 0.14009686 
804 361 17 20 0.13415137 
722 332 13 18 0.12751682 
493 341 10 15 0.11866476 
583 315 10 12 0.114032686 
594 355 16 19 0.10933808 
432 350 8 11 0.10458456 
505 340 9 12 0.10318453 
551 342 13 15 0.10071096 
433 364 9 13 0.09852167 
398 358 9 13 0.09544763 
803 301 9 13 0.094789006 
477 344 15 20 0.0944232 
639 337 12 17 0.09256541 
479 332 11 14 0.090966076 
481 324 10 13 0.090617836 
710 303 7 8 0.08973754 
382 349 10 11 0.08900501 
543 331 11 13 0.08794491 
603 333 10 13 0.08567121 
636 358 10 12 0.08540662 
424 349 9 12 0.08050334 
510 342 8 11 0.079424724 
504 349 10 14 0.0794244 
471 347 12 16 0.07856443 
419 338 8 10 0.078448564 
753 303 9 11 0.07819746 
510 349 9 12 0.07695291 
808 317 9 11 0.07629332 
932 333 25 34 0.074048795 
596 350 12 14 0.0737339 
554 322 12 14 0.07285805 
479 339 12 16 0.0689206 
563 527 13 17 0.06643059 
383 344 9 11 0.06455614 
441 344 8 10 0.064389005 
594 514 16 18 0.06027687 
558 431 44 51 0.058242407 
544 326 13 14 0.058080837 
520 344 8 10 0.057664715 
703 300 9 11 0.057391427 
431 356 8 13 0.05623643 
935 334 42 52 0.05611489 
68 74 255 263 0.055791356 
473 340 10 14 0.055147007 
508 353 12 17 0.054365695 
623 324 10 12 0.05259773 
629 321 8 9 0.052388627 
527 340 9 11 0.052376878 
753 329 17 21 0.05213174 
569 519 21 26 0.051933922 
647 309 8 10 0.05188071 
447 338 8 9 0.05170683 
574 349 10 15 0.050958462 
453 343 9 10 0.04986683 
496 357 8 13 0.049042385 
814 312 10 12 0.04829495 
551 524 14 19 0.047265947 
405 380 9 12 0.04605627 
740 309 11 13 0.045621954 
808 309 9 12 0.045132745 
474 334 10 12 0.044368338 
519 348 9 12 0.04344773 
412 360 11 14 0.041912295 
716 325 14 16 0.04174619 
941 355 58 75 0.041655794 
485 351 13 18 0.040701453 
567 350 12 19 0.03990356 
425 354 10 13 0.038571056 
715 315 12 13 0.038557027 
635 309 8 10 0.037988327 
625 351 10 13 0.037869558 
578 523 13 19 0.037807148 
564 517 14 20 0.037351023 
587 356 26 30 0.03651594 
572 355 11 15 0.036117416 
582 323 10 13 0.035665847 
536 343 11 16 0.035113975 
588 318 9 11 0.034018178 
894 338 23 30 0.033801664 
532 522 13 15 0.033088725 
523 336 7 9 0.03279641 
694 354 17 20 0.03276504 
633 342 9 14 0.032522157 
710 298 8 9 0.032479998 
616 331 10 13 0.032260414 
546 511 24 30 0.032207698 
419 363 11 15 0.032173533 
548 330 13 14 0.031830482 
517 355 12 16 0.030836113 
540 523 11 16 0.030361822 
551 515 12 17 0.030283919 
699 361 15 20 0.029816527 
464 356 9 12 0.029695958 
391 359 9 13 0.029275067 
465 350 9 13 0.028935941 
742 303 10 11 0.028896106 
415 382 12 14 0.028646538 
441 337 8 9 0.027799688 
630 350 9 12 0.027730804 
591 521 12 16 0.027709022 
736 304 8 10 0.02683788 
455 554 22 27 0.026486412 
576 326 9 13 0.026426954 
607 341 11 15 0.026399514 
606 355 11 16 0.02620214 
693 328 9 12 0.026010444 
519 363 12 16 0.025870534 
598 502 11 13 0.025578342 
730 330 14 19 0.025212659 
588 310 9 11 0.025129965 
686 329 12 16 0.02440455 
728 309 8 11 0.023453591 
6 339 18 19 0.02337705 
550 509 12 15 0.023285916 
714 310 10 12 0.023164058 
638 345 12 17 0.02266649 
582 355 15 17 0.02263381 
413 369 12 14 0.022456205 
446 354 11 13 0.022378756 
438 354 10 14 0.022151317 
599 328 10 13 0.022129752 
378 351 8 10 0.022048328 
516 390 11 16 0.021932213 
693 298 14 18 0.021620225 
536 514 24 28 0.0213857 
400 363 9 13 0.021286353 
508 539 17 22 0.021225518 
608 327 9 12 0.021177497 
588 600 12 15 0.02101487 
350 334 8 10 0.02057375 
557 510 11 15 0.020437766 
536 334 9 10 0.020353818 
417 348 9 12 0.020312395 
352 350 10 12 0.020103138 
147 364 18 20 0.020060267 
510 360 12 17 0.020023488 
