50_Celebration_Or_Party_birthdayparty_50_170
43
700 103 38 44 0.99152094 
942 252 32 35 0.9749604 
892 565 10 12 0.31788006 
1013 475 8 13 0.097011134 
120 464 30 31 0.08289125 
1012 414 11 16 0.06777281 
982 446 9 12 0.06591706 
965 485 9 12 0.06492238 
998 468 9 11 0.06260329 
919 479 9 11 0.056121647 
981 429 11 13 0.05249947 
265 329 8 10 0.050630443 
982 472 11 13 0.050185557 
985 389 9 12 0.047395743 
994 440 8 10 0.046038363 
269 334 8 9 0.043450087 
74 591 12 13 0.039128367 
29 589 9 12 0.036177434 
925 479 8 10 0.035912737 
89 235 10 14 0.034751065 
871 405 12 17 0.03230999 
23 587 11 13 0.031474575 
180 455 25 24 0.030550202 
226 334 7 9 0.029284636 
921 461 9 10 0.029140659 
201 357 8 10 0.027791174 
953 441 7 10 0.02731765 
991 442 9 12 0.026612168 
225 330 7 9 0.025554763 
993 469 9 12 0.024681203 
56 196 9 12 0.024533397 
73 201 7 8 0.024269676 
921 457 7 10 0.023564897 
78 205 7 9 0.023471793 
184 207 7 10 0.022959616 
1014 436 8 12 0.02273737 
122 558 32 32 0.022559583 
175 458 13 17 0.022372639 
79 201 8 9 0.021968419 
981 437 10 12 0.02177559 
936 451 11 14 0.021253843 
912 432 10 11 0.021066759 
209 335 7 9 0.020075755 
