50_Celebration_Or_Party_houseparty_50_19
27
520 396 37 48 0.9979608 
654 443 29 43 0.9966523 
864 430 41 55 0.99085605 
454 423 22 29 0.98743755 
134 374 42 52 0.9792606 
407 437 22 39 0.83745044 
772 430 22 29 0.8231259 
216 417 27 48 0.6948267 
549 461 25 33 0.2589097 
204 408 29 51 0.24786934 
580 673 13 17 0.13097912 
261 476 18 20 0.12487475 
767 432 15 24 0.11160696 
748 493 13 18 0.10266288 
466 377 31 39 0.070163496 
326 365 28 44 0.052587677 
151 373 32 40 0.04918279 
253 340 40 66 0.037504166 
579 683 13 17 0.03517325 
416 432 16 25 0.031388994 
58 580 12 17 0.030560544 
681 475 16 18 0.025986817 
341 369 15 21 0.02437653 
61 289 24 30 0.022188578 
227 418 28 45 0.022165887 
113 260 18 18 0.021091638 
688 468 12 14 0.020616403 
