50_Celebration_Or_Party_birthdayparty_50_249
22
575 235 52 65 0.99950194 
661 189 54 67 0.99928963 
150 272 61 69 0.99921894 
805 186 63 75 0.9991721 
350 267 56 63 0.9990466 
541 135 25 37 0.17010531 
85 103 47 36 0.16945837 
157 207 16 26 0.14166117 
908 69 13 16 0.11338575 
590 152 25 45 0.09520907 
604 87 39 51 0.06429437 
576 159 45 57 0.050652098 
31 150 52 66 0.04656392 
557 145 45 52 0.02881579 
794 540 32 34 0.028625226 
851 537 38 38 0.026854796 
758 26 13 18 0.025014702 
544 134 44 52 0.023649482 
200 224 30 42 0.0232635 
244 245 37 47 0.023237985 
548 163 54 69 0.021223947 
524 124 39 55 0.020486046 
