50_Celebration_Or_Party_birthdayparty_50_18
30
233 375 24 33 0.99704367 
849 376 24 33 0.99509096 
134 402 25 37 0.9949385 
334 365 25 30 0.9945024 
640 338 19 24 0.98996115 
612 344 21 28 0.9869609 
546 353 18 24 0.9862677 
717 332 20 28 0.983862 
764 400 19 30 0.97733045 
807 347 20 24 0.9757194 
468 354 16 23 0.9073881 
666 397 18 33 0.87962526 
395 370 18 25 0.86242867 
380 371 14 19 0.61514807 
531 441 15 17 0.44683802 
929 379 18 20 0.10979411 
234 209 13 17 0.09650807 
397 211 13 16 0.08699183 
531 208 25 30 0.056988902 
457 351 23 27 0.052937016 
280 239 12 14 0.041450396 
630 337 14 20 0.028993744 
550 434 24 31 0.028132617 
217 219 10 13 0.026122106 
120 412 22 31 0.02589231 
424 432 24 28 0.025506968 
377 295 23 31 0.021334939 
876 364 14 22 0.021183902 
327 198 8 10 0.020073775 
217 196 8 11 0.020038135 
