50_Celebration_Or_Party_houseparty_50_715
387
774 580 14 17 0.18339343 
670 557 11 13 0.1725603 
732 601 14 19 0.13509263 
359 650 13 16 0.12248954 
558 578 14 16 0.11339036 
726 571 11 15 0.10647824 
807 557 14 16 0.10629222 
497 542 9 13 0.102932036 
493 525 9 11 0.100951746 
652 579 12 14 0.09802871 
646 463 8 9 0.09707023 
559 518 9 11 0.09682157 
631 457 8 9 0.094008826 
599 469 10 12 0.09298201 
162 478 8 10 0.08843909 
900 619 17 23 0.085543215 
700 600 14 15 0.084722385 
521 571 11 16 0.08316796 
815 517 9 11 0.08295697 
436 565 11 13 0.08082659 
151 440 7 10 0.08002715 
630 564 14 19 0.07700244 
877 574 21 27 0.076846324 
100 506 12 14 0.0750126 
652 555 10 14 0.07460386 
122 476 8 11 0.07316232 
579 579 14 16 0.07252326 
618 547 12 14 0.07216038 
529 541 11 12 0.07171499 
666 493 9 12 0.07073919 
93 531 13 16 0.070508875 
625 112 17 21 0.07023932 
835 563 14 20 0.06793011 
679 532 12 14 0.067786776 
801 532 11 14 0.067383 
613 454 9 11 0.067256026 
463 564 9 12 0.06636305 
672 468 9 11 0.06546963 
112 490 10 12 0.06531664 
687 455 8 10 0.06510463 
755 562 15 19 0.06498584 
223 454 9 11 0.06384171 
783 555 10 13 0.06239417 
720 525 10 13 0.06114473 
143 477 7 10 0.059862148 
686 581 13 17 0.05746023 
725 548 11 15 0.056867406 
742 511 9 11 0.05676798 
835 557 12 15 0.056247327 
208 498 11 14 0.055758484 
681 485 9 12 0.05464075 
501 548 9 12 0.05410985 
595 591 11 14 0.05386103 
675 555 12 14 0.053685162 
589 447 9 11 0.05313576 
198 470 8 10 0.052230317 
844 532 11 15 0.051722825 
608 572 13 16 0.050855417 
750 542 10 12 0.05059307 
721 496 8 10 0.050025605 
805 643 12 16 0.049816653 
517 501 10 12 0.04953441 
327 425 7 9 0.049375176 
612 498 11 15 0.04924955 
503 462 8 10 0.04913408 
137 480 8 10 0.048952993 
160 472 7 9 0.047992013 
455 486 8 10 0.04796333 
865 540 10 13 0.04771115 
160 534 11 14 0.04750931 
993 601 18 21 0.047416225 
917 585 12 15 0.045850728 
726 543 10 13 0.045716982 
597 557 11 13 0.04570447 
842 567 15 19 0.045694135 
938 564 14 20 0.0455638 
28 481 11 15 0.04520468 
940 597 25 33 0.045179214 
540 520 9 11 0.04452615 
607 564 13 17 0.04449701 
735 565 11 15 0.0443126 
230 407 8 9 0.043752387 
438 496 7 9 0.043744605 
595 564 12 16 0.04350807 
142 455 8 9 0.043408014 
832 589 11 15 0.043372896 
238 484 11 13 0.04298308 
129 131 23 26 0.04271268 
541 148 16 20 0.04235201 
666 631 16 19 0.041633014 
487 511 8 10 0.04138347 
689 649 19 23 0.04134705 
563 575 13 16 0.040886115 
765 477 9 11 0.040742446 
860 598 15 20 0.040379092 
513 468 8 11 0.03974518 
382 536 8 10 0.0392286 
311 599 8 9 0.038928982 
158 517 10 11 0.038734145 
581 461 9 12 0.03871981 
721 501 7 9 0.038693633 
794 446 8 12 0.038255498 
343 606 9 11 0.038193353 
576 523 11 14 0.038003955 
1013 492 9 16 0.03794044 
105 477 7 10 0.037790865 
778 651 14 18 0.037598833 
151 533 9 12 0.037555825 
235 127 23 29 0.03706505 
644 531 12 15 0.03685953 
663 446 8 10 0.03658708 
192 510 11 13 0.036530588 
607 557 9 12 0.036208235 
159 430 8 9 0.03599091 
616 480 10 11 0.035805423 
489 541 9 11 0.035632323 
191 515 11 15 0.035470393 
509 557 9 12 0.035414424 
590 135 13 18 0.035351165 
417 591 10 12 0.035003368 
535 569 16 20 0.034898136 
663 517 10 12 0.034859434 
800 526 10 12 0.034788463 
87 463 8 11 0.034722682 
536 470 8 10 0.034710415 
239 106 26 34 0.034534063 
529 340 15 19 0.034528803 
888 523 10 12 0.034399435 
485 472 9 11 0.034300886 
739 431 7 10 0.033937477 
791 508 8 11 0.033797983 
38 526 13 16 0.03349018 
824 668 14 14 0.033286896 
273 424 7 9 0.033080753 
666 656 14 18 0.033047877 
737 493 9 11 0.032798707 
1007 580 12 14 0.032790694 
467 564 10 13 0.032634906 
712 524 9 12 0.03254856 
506 478 7 9 0.03217144 
679 551 10 13 0.032042276 
291 127 15 21 0.03203735 
271 406 7 9 0.032017905 
566 438 8 9 0.03191233 
13 482 12 14 0.03176225 
461 610 11 14 0.031755045 
763 225 15 19 0.0316939 
458 564 9 11 0.03164623 
216 399 7 8 0.031546593 
612 631 12 15 0.031413622 
489 520 9 11 0.03139225 
984 485 9 11 0.031384207 
120 473 8 10 0.030986162 
810 574 14 16 0.030839348 
466 517 8 10 0.030825568 
500 134 24 27 0.030779146 
127 512 9 12 0.03059885 
159 425 7 9 0.030543586 
882 544 15 17 0.030529032 
528 536 9 11 0.03034557 
535 547 12 15 0.030340971 
336 629 9 11 0.030326657 
828 508 10 12 0.03029967 
126 532 13 16 0.029915407 
495 430 7 9 0.029670855 
738 511 8 11 0.029664554 
513 463 8 11 0.02964873 
462 542 9 10 0.029642249 
913 526 10 12 0.029633999 
751 526 9 10 0.029629502 
37 463 9 12 0.029549146 
214 407 6 8 0.02946177 
161 463 8 10 0.029451849 
794 601 15 20 0.02933676 
988 484 10 12 0.029290818 
145 423 7 9 0.029245296 
641 448 7 9 0.029191062 
134 523 11 14 0.02916464 
495 90 15 20 0.029081136 
143 390 8 9 0.028858896 
464 578 11 16 0.0288373 
54 453 9 12 0.028677836 
297 407 7 8 0.028533384 
830 449 7 9 0.028497022 
270 440 7 9 0.0284383 
601 438 8 9 0.028372342 
23 391 8 10 0.028134877 
752 597 12 16 0.028035015 
364 408 9 11 0.027952958 
209 399 6 9 0.027714623 
536 433 8 9 0.027473176 
718 520 10 12 0.027379474 
128 470 8 9 0.027353743 
731 569 12 16 0.027295392 
153 479 7 9 0.027285028 
200 432 8 10 0.02715582 
135 470 8 10 0.027136307 
626 456 7 9 0.027018841 
611 604 13 16 0.026960012 
622 511 10 13 0.026948592 
528 471 9 11 0.026934663 
767 547 12 14 0.026806997 
680 572 10 14 0.026712505 
244 101 15 17 0.026570424 
480 456 7 9 0.026533937 
736 489 8 10 0.026526375 
712 512 8 10 0.026496962 
1009 495 9 13 0.026493445 
606 551 10 12 0.026481973 
6 486 10 13 0.026474359 
135 498 12 15 0.026428096 
481 519 7 10 0.026419044 
361 412 8 10 0.026363604 
684 551 10 13 0.026333204 
363 133 15 17 0.026319684 
166 503 9 10 0.026300678 
366 607 8 11 0.026237113 
145 473 7 10 0.026218584 
855 553 14 18 0.026150763 
243 417 7 9 0.02605014 
777 555 11 14 0.026040237 
280 549 7 10 0.025998155 
287 407 6 8 0.02596605 
623 438 8 10 0.02596364 
329 637 11 14 0.025915524 
750 569 13 16 0.025776934 
385 588 8 11 0.025753196 
835 617 17 21 0.025736481 
114 384 7 9 0.025679009 
138 455 8 9 0.025659977 
152 547 11 15 0.025607456 
481 511 8 10 0.025561724 
964 571 16 20 0.0255342 
513 493 11 14 0.025528595 
505 456 7 9 0.025480105 
782 663 13 18 0.025476476 
625 431 8 11 0.025386693 
185 414 7 9 0.025338372 
570 617 17 21 0.025285251 
518 469 9 10 0.025272056 
847 503 7 9 0.025245767 
175 430 8 10 0.02508464 
537 524 9 11 0.025060354 
780 575 14 18 0.024914838 
594 469 9 12 0.024906753 
805 501 10 13 0.024890719 
975 460 9 11 0.024823587 
478 606 12 15 0.024785314 
173 424 9 10 0.024736583 
463 456 8 10 0.024686681 
448 575 9 11 0.024666112 
479 462 7 9 0.024646869 
495 535 9 11 0.02461076 
700 557 11 13 0.024558818 
820 596 11 15 0.024435269 
102 462 8 10 0.024388459 
70 469 10 12 0.02438456 
753 518 9 10 0.024360478 
974 586 14 18 0.024308963 
537 437 7 10 0.02427137 
586 175 16 20 0.024191983 
589 496 10 11 0.024180425 
537 558 11 13 0.024109047 
1014 485 9 16 0.02410141 
200 501 10 13 0.024082607 
575 430 7 10 0.024045484 
709 572 11 13 0.024010234 
788 556 10 13 0.02399182 
998 525 9 11 0.023954805 
520 454 7 9 0.023953006 
448 550 7 10 0.02394008 
722 439 8 9 0.023876933 
561 439 7 9 0.023872612 
691 430 7 9 0.02385936 
272 116 16 19 0.023852997 
609 453 8 12 0.023848066 
483 477 7 10 0.023831895 
657 446 8 9 0.023716263 
703 434 7 8 0.023687068 
144 432 7 9 0.023640225 
987 570 14 18 0.023626205 
668 570 11 16 0.023592021 
1 385 9 10 0.023511566 
0 490 11 16 0.023450905 
130 465 7 9 0.023424713 
826 448 8 10 0.02341415 
158 538 10 14 0.023387756 
197 407 7 8 0.0233836 
710 486 8 11 0.023316696 
680 481 8 11 0.02330782 
540 540 12 15 0.023290569 
650 431 8 11 0.023239372 
512 455 8 10 0.023182167 
774 501 11 12 0.022987286 
877 517 10 13 0.022980528 
737 560 10 13 0.022977412 
573 476 10 12 0.022953777 
524 577 11 13 0.022925753 
431 470 8 9 0.022913115 
151 444 8 10 0.022893285 
97 502 12 14 0.02283847 
453 517 8 10 0.022813348 
894 495 9 11 0.022749381 
499 449 7 9 0.022739682 
437 559 10 12 0.022714265 
455 606 12 15 0.022688907 
970 605 12 17 0.022671804 
804 536 12 15 0.02263172 
151 486 8 10 0.022618098 
455 550 8 10 0.022610921 
585 501 10 12 0.02258801 
467 660 16 18 0.022547007 
673 509 10 12 0.022494644 
575 574 12 16 0.022417488 
655 491 9 12 0.022404805 
638 495 9 11 0.022381881 
453 592 10 11 0.022378772 
513 485 9 10 0.022377234 
184 393 7 9 0.02229411 
535 465 8 9 0.022291401 
105 471 8 12 0.022251446 
720 553 11 13 0.02220394 
140 524 9 13 0.022179052 
119 534 12 14 0.022015864 
527 477 9 12 0.02196349 
673 479 8 10 0.02190327 
753 511 8 11 0.021847965 
648 448 7 9 0.021818379 
612 557 9 12 0.021777276 
640 527 12 16 0.021564677 
777 210 30 29 0.021517832 
570 408 6 9 0.021495255 
780 532 11 14 0.021489568 
127 414 7 8 0.021445895 
606 438 8 10 0.021395283 
762 558 14 18 0.021386476 
5 492 11 15 0.02119076 
629 428 8 11 0.021071784 
420 595 10 12 0.021062562 
339 607 7 10 0.021028776 
745 540 10 13 0.021026686 
453 471 9 11 0.021026189 
718 589 10 13 0.02100317 
692 586 12 15 0.020981137 
681 580 12 17 0.020935763 
840 528 10 13 0.020910589 
31 468 9 11 0.020887682 
232 402 7 9 0.020883009 
272 447 7 9 0.020860799 
598 487 8 10 0.020850508 
657 463 7 10 0.020839412 
648 457 8 9 0.020836404 
696 432 7 9 0.020831259 
936 559 13 17 0.020825561 
509 480 7 9 0.020811222 
602 454 8 10 0.020782955 
672 531 11 14 0.020775737 
270 639 10 12 0.020766843 
607 533 8 10 0.020736242 
6 499 12 14 0.020727715 
608 598 12 15 0.020696552 
607 448 9 12 0.020665562 
798 520 10 12 0.020609932 
893 500 9 11 0.020606708 
775 510 8 10 0.020554824 
680 538 12 14 0.020546898 
828 504 9 11 0.020533668 
811 518 9 11 0.02051779 
960 539 11 14 0.020478733 
687 424 8 10 0.020465251 
879 525 9 11 0.0204586 
58 530 15 18 0.020451259 
559 525 9 11 0.020415578 
689 469 8 10 0.02038126 
340 628 10 12 0.020370923 
217 459 8 11 0.02032186 
663 487 10 14 0.020297874 
698 438 7 9 0.020293482 
576 423 8 10 0.020276029 
535 501 10 13 0.02022189 
832 550 10 13 0.02020461 
118 508 13 16 0.020184748 
670 137 14 20 0.020153584 
502 563 12 17 0.020058747 
599 515 10 13 0.02004933 
705 307 15 19 0.02002981 
873 486 7 10 0.020018537 
