50_Celebration_Or_Party_houseparty_50_17
24
497 387 66 73 0.9993068 
29 399 94 115 0.99930537 
644 136 52 69 0.99926037 
474 100 57 77 0.9991026 
221 62 64 79 0.99887615 
810 104 60 72 0.9988551 
381 391 69 89 0.99874425 
352 156 55 67 0.99871576 
720 353 73 92 0.9975938 
924 387 88 103 0.9965383 
192 389 80 100 0.99639326 
22 71 11 14 0.9548047 
249 134 46 51 0.12589629 
807 136 27 44 0.10446722 
253 0 44 54 0.05070305 
27 101 15 20 0.0457429 
14 63 10 13 0.03851358 
76 117 13 18 0.0329742 
437 139 13 17 0.032529626 
469 77 30 34 0.025401272 
25 112 17 24 0.023735996 
445 143 29 34 0.023575183 
77 221 11 13 0.022834964 
131 242 55 101 0.020324547 
