50_Celebration_Or_Party_birthdayparty_50_75
81
116 605 30 33 0.99820364 
238 384 31 38 0.9981554 
237 453 31 42 0.99770796 
178 598 30 36 0.9961719 
115 383 30 34 0.99447787 
56 457 30 34 0.9940321 
404 199 88 105 0.9931605 
51 600 35 45 0.9840732 
177 386 30 32 0.98388255 
662 127 28 32 0.97701967 
158 473 16 20 0.94527835 
60 389 14 17 0.9196497 
59 529 26 31 0.84313065 
178 472 22 29 0.32484192 
943 428 10 12 0.28533307 
953 399 9 11 0.22212994 
823 400 8 10 0.1963441 
540 469 9 13 0.19246458 
541 463 9 10 0.15669747 
594 200 19 21 0.12596565 
285 523 26 29 0.095290706 
621 472 11 13 0.07907543 
560 462 10 13 0.06367834 
773 492 196 243 0.05779966 
552 460 9 11 0.056977488 
696 505 17 19 0.05460728 
958 399 9 12 0.05459032 
563 467 11 14 0.047702234 
977 383 8 11 0.04737608 
600 469 9 12 0.04655986 
785 457 19 18 0.044361863 
625 492 17 22 0.043618303 
5 137 43 81 0.04239181 
758 160 8 11 0.042013425 
651 507 13 15 0.04043628 
687 459 13 18 0.04037072 
999 399 9 12 0.038600367 
607 480 9 12 0.038327333 
566 473 10 14 0.03820591 
369 414 20 21 0.03735766 
579 460 13 17 0.037224453 
617 479 23 33 0.03556428 
781 149 9 11 0.03540853 
921 400 7 8 0.0350955 
498 474 15 22 0.034635402 
574 464 15 19 0.0344222 
599 475 10 12 0.034238767 
615 475 13 16 0.03384987 
301 408 15 21 0.033358593 
767 144 8 11 0.0330769 
590 479 9 11 0.032970876 
558 456 10 13 0.03253174 
11 125 39 53 0.032308526 
317 360 38 58 0.031860355 
569 218 52 57 0.030914908 
758 518 14 16 0.029324876 
715 475 14 16 0.029123547 
716 467 15 18 0.028539432 
726 575 13 17 0.027900431 
806 383 8 10 0.02719391 
583 476 10 13 0.026857067 
966 399 9 12 0.026725134 
801 125 9 13 0.02649336 
605 461 13 15 0.025118394 
804 447 10 13 0.02500373 
777 149 8 11 0.024997734 
598 463 10 13 0.02445903 
910 372 9 11 0.024068559 
953 394 7 9 0.023763299 
575 474 11 15 0.023726845 
927 393 6 8 0.02350945 
603 468 11 13 0.023000827 
838 430 9 10 0.022496207 
945 398 7 10 0.021629917 
575 500 14 16 0.021366423 
786 631 9 12 0.020551369 
302 398 12 19 0.02051411 
832 386 7 8 0.02047325 
722 462 16 19 0.020452395 
922 392 6 9 0.020359026 
536 472 11 15 0.02001203 
