50_Celebration_Or_Party_houseparty_50_432
161
628 826 31 39 0.99961036 
566 827 31 38 0.9991798 
718 36 59 79 0.9991357 
720 840 37 45 0.9988127 
402 602 25 32 0.9984617 
470 319 24 34 0.99807584 
416 64 26 35 0.99752206 
629 74 37 50 0.99746835 
313 614 26 31 0.9973502 
512 841 37 44 0.9972627 
335 284 30 42 0.99531794 
149 565 12 17 0.9924218 
393 319 18 25 0.9892575 
618 279 21 29 0.9885107 
314 59 23 39 0.98779315 
693 271 23 34 0.98434377 
251 613 25 37 0.9832281 
539 288 21 32 0.98271376 
569 87 20 34 0.97781724 
887 351 10 13 0.96307325 
443 71 22 35 0.9570028 
374 56 20 26 0.9347395 
251 319 19 27 0.91921115 
480 599 22 31 0.8932466 
354 73 19 29 0.89106774 
496 67 40 65 0.88554794 
142 852 12 14 0.8565166 
397 863 10 13 0.7914864 
14 826 12 15 0.7784343 
126 102 9 10 0.74458283 
203 561 14 17 0.707988 
834 325 14 20 0.68477523 
493 62 14 20 0.6445629 
181 99 8 11 0.62803066 
652 605 9 12 0.6013983 
158 96 8 11 0.54921705 
297 871 15 22 0.546515 
985 318 13 16 0.47115946 
821 309 9 11 0.4577209 
346 868 8 11 0.44772205 
118 571 13 15 0.4165762 
672 605 7 10 0.40372667 
180 565 12 16 0.40325913 
477 587 16 22 0.37523708 
410 863 8 12 0.3534813 
106 100 8 10 0.29164302 
4 573 9 11 0.2631044 
447 861 8 11 0.2557073 
623 598 8 11 0.24156404 
459 856 13 17 0.23184139 
6 824 13 15 0.19238183 
330 870 8 11 0.19197915 
298 843 13 16 0.175602 
334 871 8 11 0.14718814 
124 568 10 13 0.14434063 
470 591 15 19 0.13278252 
470 858 12 15 0.12661035 
432 856 8 10 0.114075206 
268 876 13 20 0.10708799 
609 598 8 10 0.102464594 
738 603 10 13 0.10150135 
333 44 13 18 0.10077398 
366 61 21 30 0.09522971 
382 862 8 11 0.09446622 
293 838 13 15 0.09217174 
209 557 13 16 0.09030116 
23 804 12 16 0.08585063 
98 117 9 12 0.08458646 
184 564 16 19 0.0843731 
442 862 8 10 0.08205075 
432 65 23 36 0.08029307 
133 572 9 13 0.07842988 
375 860 9 12 0.07738743 
696 613 9 11 0.0737872 
50 878 15 21 0.07167403 
732 668 18 19 0.057002213 
272 860 12 17 0.054206826 
54 87 10 12 0.05401124 
631 598 7 11 0.052579533 
335 874 9 13 0.04974345 
329 865 9 11 0.049576305 
204 94 13 17 0.04819733 
349 865 9 11 0.046534367 
440 856 8 10 0.044642907 
214 294 18 22 0.044585936 
664 599 8 10 0.04449904 
32 813 9 13 0.04421027 
341 58 23 30 0.043290157 
616 597 8 11 0.04326638 
235 885 15 21 0.04056434 
327 47 18 27 0.040179443 
2 569 9 12 0.039200738 
176 560 10 14 0.037785534 
667 605 8 10 0.03775043 
175 80 9 11 0.037562754 
383 869 8 12 0.037302446 
430 860 9 11 0.037163544 
300 863 13 18 0.036603544 
425 856 9 11 0.035931658 
337 51 16 20 0.034804635 
413 866 9 12 0.034453843 
954 392 17 20 0.034013413 
475 855 11 13 0.033510655 
37 820 10 13 0.03304004 
206 88 11 13 0.0327609 
220 835 12 17 0.032494627 
593 601 8 10 0.03220449 
316 860 10 13 0.03195022 
289 837 10 12 0.03139104 
151 116 9 10 0.03096541 
276 853 15 18 0.030945731 
94 611 12 18 0.030200465 
599 600 8 11 0.030098706 
370 860 9 13 0.028809471 
829 320 15 20 0.028584655 
644 621 10 12 0.028422074 
648 600 8 10 0.028000284 
461 850 21 23 0.027501242 
609 603 8 10 0.026864057 
174 853 11 15 0.02685431 
185 79 8 11 0.02660143 
986 347 14 18 0.02655031 
639 597 8 10 0.025985492 
293 864 14 19 0.025850706 
87 374 10 12 0.025173912 
37 840 13 18 0.025148746 
286 845 13 15 0.025091695 
132 102 8 10 0.02497026 
294 847 13 17 0.024782972 
935 392 17 21 0.02464764 
181 918 23 30 0.024385564 
11 800 22 31 0.024381055 
451 852 19 24 0.024365118 
649 613 9 11 0.024166442 
995 346 14 18 0.023792896 
842 325 12 19 0.023787845 
728 615 8 10 0.02374146 
432 848 8 10 0.023687331 
722 686 13 15 0.023520863 
288 870 15 19 0.023288075 
113 579 11 14 0.023230491 
289 332 26 32 0.023212198 
169 85 8 11 0.023196807 
96 568 8 10 0.02309692 
259 866 16 20 0.022978118 
187 557 13 18 0.022977956 
717 690 18 19 0.022880713 
262 860 12 17 0.02275762 
615 593 8 10 0.022644218 
214 874 13 17 0.022600148 
328 881 11 15 0.022491738 
235 324 11 14 0.022074975 
329 875 11 14 0.021931913 
38 827 12 14 0.021628128 
45 827 10 13 0.021585794 
592 615 11 13 0.021533903 
304 872 14 21 0.021420132 
273 857 20 27 0.021274837 
818 305 9 11 0.0210912 
276 874 13 19 0.02032816 
53 871 14 20 0.020006586 
