50_Celebration_Or_Party_birthdayparty_50_43
25
640 253 38 45 0.99921465 
754 241 38 48 0.9989077 
583 42 37 42 0.99881005 
397 262 37 45 0.9984528 
462 95 33 44 0.99836594 
520 255 37 45 0.99820113 
625 406 45 57 0.9979584 
298 111 39 48 0.99752 
353 417 43 54 0.9967123 
205 267 44 55 0.9966673 
715 94 36 42 0.99630994 
487 442 43 54 0.99540246 
202 73 39 50 0.99271846 
772 414 43 51 0.9861486 
794 548 18 22 0.87126225 
625 546 19 23 0.6688111 
197 388 22 23 0.27715564 
397 319 21 25 0.11969927 
210 159 18 19 0.04781987 
473 423 30 36 0.045422167 
152 202 11 13 0.034812935 
362 496 21 21 0.024097877 
144 478 10 13 0.02335051 
8 224 9 11 0.022413027 
110 520 9 11 0.021252925 
