41_Swimming_Swimmer_41_843
27
774 64 86 116 0.99828017 
259 372 13 17 0.93412286 
183 365 13 16 0.49100286 
413 380 11 15 0.16113083 
413 386 13 17 0.108604364 
421 382 9 12 0.06586802 
329 382 11 13 0.051790528 
408 375 12 16 0.050812233 
248 371 10 15 0.044095065 
433 384 9 12 0.043118227 
246 389 13 15 0.038941063 
40 545 326 221 0.03856105 
255 367 12 16 0.03808905 
278 386 11 15 0.0377577 
178 364 10 15 0.037414066 
246 381 11 14 0.035849467 
141 264 17 24 0.03577949 
331 386 11 14 0.03086461 
635 495 25 28 0.030704215 
243 395 28 32 0.028460164 
198 401 13 17 0.025415966 
197 365 11 14 0.024446052 
533 305 16 20 0.022295423 
185 397 17 23 0.021770846 
333 376 10 13 0.020786634 
610 265 25 38 0.020655036 
241 380 11 14 0.020412827 
