41_Swimming_Swimmer_41_1001
49
205 372 17 22 0.94808674 
139 379 11 14 0.34524396 
116 366 10 12 0.3133964 
240 357 10 15 0.16193672 
341 350 18 23 0.14287038 
149 366 11 15 0.10250433 
174 372 13 17 0.09357179 
125 374 9 12 0.08963541 
222 362 11 15 0.08311824 
168 374 10 14 0.0816762 
175 363 11 13 0.076725096 
166 385 10 15 0.0618548 
180 363 11 13 0.056126956 
240 430 12 15 0.052100264 
79 371 13 16 0.05104757 
120 371 11 13 0.047166325 
921 27 18 22 0.043105848 
79 358 9 11 0.041773133 
919 23 10 15 0.041196145 
32 387 19 21 0.040588357 
193 353 14 19 0.04034674 
212 366 14 19 0.039017152 
101 366 11 13 0.03257024 
95 350 9 11 0.031392273 
508 238 10 12 0.03118217 
83 364 13 14 0.029106796 
64 363 11 13 0.029092804 
959 48 7 10 0.028688466 
136 369 9 10 0.02791998 
259 372 12 14 0.02700798 
6 363 15 19 0.026840733 
214 356 13 16 0.02666441 
289 403 12 15 0.026372306 
238 352 9 12 0.026309263 
311 387 11 13 0.026302833 
5 371 13 17 0.026186654 
69 359 9 12 0.02587975 
157 366 10 13 0.025032597 
228 360 11 15 0.024771847 
55 402 14 16 0.024091797 
0 429 20 27 0.023139816 
151 360 10 12 0.023021193 
16 383 9 13 0.02206191 
238 392 11 13 0.021917569 
76 378 14 16 0.021691784 
170 357 10 13 0.021304902 
168 365 10 14 0.021206956 
83 419 18 19 0.021081425 
86 360 10 12 0.020668803 
