41_Swimming_Swimming_41_243
31
905 251 60 71 0.9989793 
743 243 57 68 0.99837863 
88 101 148 134 0.998126 
112 738 65 71 0.9981018 
251 644 23 28 0.98684365 
508 784 40 53 0.960215 
421 755 35 43 0.9598447 
626 878 50 66 0.92159235 
469 759 34 45 0.90016663 
258 606 21 26 0.7331839 
547 808 40 54 0.56899166 
757 902 65 71 0.55607826 
424 913 40 54 0.3534574 
234 598 19 22 0.2624721 
61 669 16 23 0.24569829 
482 753 32 42 0.2087348 
78 671 19 29 0.19810042 
736 901 46 64 0.11528669 
453 764 30 41 0.07836014 
197 576 15 19 0.069356844 
67 672 23 27 0.06131456 
442 761 28 35 0.0572449 
455 889 53 59 0.05562433 
552 819 50 68 0.04075554 
54 668 15 24 0.040239416 
436 899 47 56 0.03845109 
567 818 36 39 0.034071915 
664 882 38 46 0.029781457 
240 640 13 19 0.029680163 
232 665 20 22 0.024502985 
276 632 17 25 0.022609781 
