41_Swimming_Swimmer_41_380
36
466 225 17 19 0.9784977 
566 106 11 14 0.9004608 
585 173 14 18 0.87334853 
603 107 12 15 0.75100684 
459 261 15 19 0.26366135 
623 141 11 16 0.2101497 
557 211 13 18 0.19130783 
590 198 16 21 0.15430696 
908 149 11 13 0.14867333 
416 306 16 19 0.11561575 
486 182 8 10 0.077199236 
512 134 10 12 0.076262996 
859 204 25 31 0.06973284 
489 262 14 15 0.058890577 
500 216 13 18 0.055541307 
585 135 11 16 0.038410846 
444 277 13 16 0.037021387 
562 140 16 23 0.035445713 
504 196 12 16 0.03415157 
397 284 13 19 0.034083452 
898 220 15 17 0.034081608 
661 171 10 13 0.03172813 
899 150 9 12 0.029821016 
684 229 64 76 0.029532405 
610 108 11 14 0.029431915 
415 263 9 11 0.029248388 
600 258 15 18 0.028025543 
902 145 11 14 0.026868608 
559 126 9 12 0.026557459 
854 191 25 32 0.025369968 
657 172 9 12 0.025123227 
600 113 11 15 0.023955831 
504 192 9 12 0.02286897 
559 120 8 10 0.022841047 
566 204 13 17 0.022072302 
805 216 10 11 0.021320768 
