41_Swimming_Swimmer_41_831
57
472 140 172 229 0.9992238 
462 1313 17 18 0.7452967 
591 1388 12 14 0.3228722 
418 1396 12 15 0.27526623 
524 1305 14 15 0.2596433 
587 1483 10 12 0.114708334 
511 1311 9 10 0.111000106 
486 1316 9 12 0.07735941 
467 1514 13 15 0.07033066 
620 1454 11 12 0.06620382 
506 1325 14 16 0.06346264 
549 1404 13 14 0.05098367 
555 1307 14 16 0.04999237 
636 1401 13 15 0.048085555 
429 1470 10 12 0.045933243 
511 1451 11 13 0.04403356 
512 1316 11 14 0.04334901 
512 1351 12 14 0.04222024 
533 1302 11 14 0.039779123 
554 1368 9 11 0.039163038 
538 1477 7 10 0.038589403 
511 1405 8 10 0.03744611 
496 1355 9 12 0.034927115 
512 1305 8 11 0.031632382 
488 1513 8 10 0.031474385 
627 1494 14 14 0.02962542 
560 1295 8 10 0.029521907 
506 1310 8 11 0.029423656 
433 1356 11 14 0.029409653 
463 1413 14 16 0.028955152 
503 1377 8 10 0.02868382 
551 1313 14 16 0.028283734 
520 1291 11 13 0.026869427 
558 1358 9 11 0.025903907 
624 1359 12 13 0.025654314 
502 1381 8 11 0.025359606 
519 1398 12 14 0.02482068 
435 1351 13 15 0.02471232 
488 1415 7 9 0.024676096 
552 1303 13 15 0.02438936 
591 1334 9 12 0.024356702 
481 1312 8 12 0.023991143 
414 1302 13 15 0.023601195 
488 1385 9 10 0.023504373 
449 1368 11 12 0.023206161 
544 1500 13 15 0.023033647 
574 1432 8 10 0.022675715 
519 1339 12 15 0.022276329 
470 1295 9 12 0.022018481 
551 1468 8 10 0.02186981 
181 997 340 437 0.021760957 
582 1335 9 12 0.021363406 
428 1367 11 13 0.020701075 
609 1350 9 12 0.020669151 
519 1470 9 10 0.020643549 
613 1343 10 12 0.020524098 
500 1352 9 11 0.02023739 
