41_Swimming_Swimmer_41_772
19
319 87 393 630 0.99842834 
560 1102 35 52 0.97729206 
315 1117 32 53 0.9351925 
72 681 46 39 0.61751163 
16 640 46 37 0.5964958 
47 1318 58 61 0.1424051 
189 151 259 402 0.0903087 
473 154 398 609 0.05848035 
75 667 74 58 0.0540062 
63 660 15 19 0.041391395 
45 635 117 95 0.03526803 
25 608 201 165 0.031461377 
329 1132 28 39 0.029545687 
326 1091 15 18 0.025651976 
72 689 19 24 0.0237949 
209 1172 47 56 0.023633808 
683 1025 269 230 0.02195758 
354 1184 16 23 0.021608416 
204 1067 24 29 0.020290643 
