41_Swimming_Swimmer_41_449
21
774 165 25 31 0.16803119 
764 153 29 36 0.103959315 
655 575 23 28 0.077354625 
959 193 46 54 0.07298917 
955 219 59 59 0.06575413 
716 118 25 30 0.05805705 
712 590 39 50 0.053908065 
693 140 28 34 0.050578177 
703 126 28 35 0.03841212 
953 193 30 45 0.033137303 
824 590 119 102 0.032945555 
1003 148 15 19 0.030951237 
770 120 27 27 0.02786184 
644 297 37 28 0.026467422 
963 183 28 43 0.025162274 
764 129 28 31 0.023863636 
778 111 30 27 0.02217957 
1010 154 12 17 0.021629328 
971 439 50 92 0.021535892 
884 191 26 27 0.021199582 
874 551 146 148 0.02078773 
