41_Swimming_Swimming_41_521
21
303 151 259 294 0.1146755 
0 722 75 95 0.10227907 
192 700 34 37 0.0626205 
751 629 16 19 0.053245712 
180 714 64 65 0.03845229 
174 701 39 38 0.03721656 
207 692 28 38 0.03245229 
132 429 13 17 0.029623767 
132 693 32 54 0.028440796 
150 450 36 34 0.028369753 
573 375 44 38 0.027745258 
345 203 165 164 0.027533136 
262 666 40 52 0.027201712 
476 659 16 17 0.026652824 
545 660 41 43 0.026151707 
723 688 16 19 0.02598124 
345 695 25 29 0.025373599 
361 667 24 30 0.025029354 
358 687 29 30 0.023641424 
648 639 27 28 0.023394156 
815 625 33 37 0.020365385 
