41_Swimming_Swimming_41_822
31
298 697 34 44 0.9973794 
194 737 32 31 0.9712895 
644 437 14 18 0.9670674 
874 564 17 22 0.9192596 
730 524 15 19 0.78840214 
527 389 11 14 0.75505674 
884 743 18 27 0.5794144 
723 448 12 17 0.5592455 
584 459 12 14 0.39170146 
737 554 17 18 0.08635391 
730 451 12 16 0.0794132 
725 454 14 18 0.05551992 
620 474 11 16 0.050366007 
732 460 13 15 0.04559244 
594 593 33 31 0.0449318 
620 469 10 14 0.043466464 
726 520 14 18 0.03519072 
547 448 15 20 0.034601696 
590 484 14 15 0.03407906 
730 477 18 19 0.033836693 
608 602 39 25 0.033696875 
533 385 10 14 0.02869752 
531 391 12 16 0.027930561 
1014 210 8 13 0.027658395 
590 479 12 13 0.026378198 
543 438 9 10 0.025755618 
627 592 24 27 0.025751766 
747 555 15 18 0.025504418 
598 459 9 12 0.021152252 
619 580 16 21 0.020941382 
586 466 13 15 0.02009815 
