41_Swimming_Swimmer_41_704
29
365 271 95 133 0.9764748 
536 104 82 113 0.9094371 
640 104 80 125 0.88365746 
523 258 56 80 0.8551436 
66 347 136 182 0.8548468 
196 427 75 96 0.6895059 
754 53 64 91 0.5221573 
751 156 41 51 0.4864802 
733 85 75 117 0.1320944 
667 153 56 78 0.11798017 
787 92 50 74 0.115096845 
488 231 64 84 0.11483819 
158 363 107 156 0.07511672 
376 172 67 84 0.07030572 
409 179 51 72 0.05537567 
569 79 60 91 0.054249987 
685 105 76 120 0.040765464 
580 112 90 114 0.040596735 
472 192 48 68 0.039898425 
473 266 64 72 0.039754964 
496 232 40 52 0.036395438 
603 143 48 66 0.033467423 
502 149 36 37 0.027034016 
432 182 54 71 0.026861425 
788 175 29 39 0.02421998 
235 330 86 116 0.024134746 
422 263 83 111 0.024066472 
474 139 113 118 0.02325089 
691 184 37 52 0.021116989 
