28_Sports_Fan_Sports_Fan_28_126
96
420 383 61 70 0.99841917 
307 248 81 94 0.99838674 
458 206 87 100 0.99754924 
71 311 12 17 0.8687823 
408 298 21 29 0.79936385 
127 284 9 12 0.68372023 
104 278 9 11 0.6800693 
42 289 8 10 0.44714615 
174 284 9 11 0.42522162 
149 302 9 13 0.17258602 
963 298 7 9 0.13502645 
126 296 11 14 0.12438745 
64 271 8 10 0.115528174 
13 326 10 13 0.10616026 
487 158 8 10 0.09223121 
133 285 9 11 0.091467835 
44 291 9 11 0.08770693 
0 271 7 11 0.08572206 
842 298 7 8 0.081576 
937 303 7 9 0.080778055 
919 297 8 9 0.07949415 
979 300 7 10 0.0719895 
818 301 7 9 0.0717474 
855 319 8 10 0.06565837 
393 605 31 39 0.06317151 
64 278 8 11 0.060295157 
953 343 8 10 0.059527583 
519 159 11 12 0.05703061 
170 300 9 11 0.056205325 
423 161 8 9 0.055703532 
63 304 9 12 0.053523786 
144 288 7 9 0.053053834 
14 318 9 12 0.05295309 
464 160 9 11 0.052546587 
280 284 10 12 0.04943557 
919 302 7 10 0.049197994 
6 285 8 11 0.04862196 
823 297 7 10 0.048387025 
846 297 6 9 0.045967188 
842 302 7 8 0.045697566 
21 326 11 14 0.04522801 
132 339 10 13 0.044437043 
40 332 10 13 0.043154985 
1 282 8 14 0.04153193 
64 308 10 15 0.04077171 
47 342 10 14 0.039197925 
14 281 8 10 0.038297027 
542 160 10 12 0.038128227 
102 292 8 11 0.03774374 
952 303 7 9 0.036499046 
983 301 6 9 0.03588252 
747 124 16 21 0.035688084 
0 303 8 12 0.033900052 
73 287 9 12 0.03321226 
775 302 7 9 0.03222137 
56 309 10 12 0.031888556 
0 336 7 11 0.031421404 
945 303 6 9 0.03106748 
145 294 8 12 0.030890705 
99 277 9 12 0.02992158 
16 285 7 9 0.029544368 
865 287 8 10 0.029464157 
846 301 7 9 0.029324826 
882 298 7 9 0.029289426 
896 303 7 9 0.029206457 
930 304 6 9 0.028416555 
134 293 9 12 0.028008351 
833 296 6 10 0.027771449 
15 270 9 11 0.027494079 
1002 311 8 9 0.026946355 
912 318 7 9 0.026809318 
33 279 7 9 0.026529958 
151 306 10 13 0.026454275 
854 200 8 10 0.026185611 
864 297 7 8 0.026052633 
824 189 10 12 0.025601376 
533 166 15 21 0.025271926 
864 302 7 9 0.02512247 
10 319 9 13 0.024604589 
781 341 9 13 0.024206506 
152 334 12 14 0.024118708 
76 291 10 12 0.024023762 
73 349 11 15 0.023973925 
803 305 7 9 0.023126002 
657 293 9 11 0.02208042 
64 266 7 10 0.022009898 
977 342 8 9 0.021708146 
110 236 9 13 0.021209715 
15 312 10 13 0.021143263 
840 350 12 12 0.020830521 
0 276 8 15 0.020702701 
930 310 7 9 0.02047851 
54 342 11 14 0.020318449 
889 303 6 8 0.020255156 
793 319 8 11 0.020231415 
944 320 8 9 0.020099156 
