28_Sports_Fan_Sports_Fan_28_327
18
163 269 103 127 0.99951696 
827 184 90 107 0.9984401 
86 241 43 54 0.9973266 
91 303 39 47 0.99580365 
735 274 35 41 0.99386543 
0 270 22 35 0.9797887 
651 266 42 50 0.96065634 
980 127 44 74 0.93674076 
954 248 18 26 0.9210536 
1000 272 22 54 0.8587802 
289 613 533 416 0.7477365 
331 543 23 26 0.07939488 
773 283 31 38 0.055903565 
346 89 91 191 0.05244788 
352 258 29 36 0.04797433 
515 510 13 16 0.032682993 
602 516 14 16 0.024883464 
596 227 28 33 0.02073989 
