28_Sports_Fan_Sports_Fan_28_244
122
891 310 29 37 0.8678081 
328 67 36 49 0.8528384 
950 285 26 37 0.77432257 
595 72 48 62 0.5147861 
928 282 22 29 0.26741228 
942 199 21 28 0.23179546 
583 126 33 36 0.15690768 
157 121 28 33 0.12784508 
53 203 21 26 0.12063972 
100 105 21 26 0.118512996 
937 17 16 20 0.106161214 
390 82 50 72 0.103032604 
959 291 27 34 0.09436683 
0 143 10 22 0.091942884 
641 303 87 120 0.08998985 
878 268 23 27 0.08776064 
1004 0 17 14 0.08630056 
973 139 22 28 0.08377197 
1003 228 20 28 0.081217006 
133 248 24 30 0.07380262 
183 214 32 37 0.071327895 
419 28 25 28 0.06997876 
597 129 35 35 0.060844563 
603 102 33 45 0.060101572 
113 274 21 29 0.060072906 
615 212 34 40 0.058189183 
883 6 25 29 0.057552375 
520 25 42 52 0.05305108 
690 0 40 32 0.05254762 
20 81 16 22 0.051501736 
1007 372 17 30 0.05132542 
244 225 36 54 0.050543196 
240 189 53 87 0.048267305 
8 166 16 19 0.047038056 
649 22 41 58 0.04543463 
706 114 26 32 0.045208007 
227 136 35 43 0.044694368 
868 127 25 33 0.043810196 
370 80 30 45 0.04239682 
482 61 33 39 0.04090883 
569 85 47 66 0.039495975 
396 110 35 53 0.038901288 
18 117 17 22 0.038614348 
339 149 67 102 0.03795288 
193 116 27 46 0.037501242 
563 83 14 20 0.03735852 
253 90 44 57 0.03694686 
283 158 56 73 0.036303326 
797 260 30 34 0.036243785 
558 82 25 38 0.036097806 
976 15 18 21 0.035767302 
738 16 51 61 0.03516139 
505 192 37 42 0.035019293 
110 402 63 78 0.034742605 
25 87 18 22 0.03404148 
865 242 17 20 0.033482 
1012 39 12 24 0.032311864 
965 255 18 23 0.03227023 
639 138 24 30 0.031880047 
619 97 14 21 0.031845093 
109 380 104 133 0.031540032 
796 286 27 34 0.031531956 
88 62 20 21 0.03124346 
856 254 45 46 0.030445319 
58 240 25 26 0.030263452 
78 13 32 35 0.030199885 
655 53 49 66 0.029766457 
820 298 18 21 0.029453143 
773 106 28 37 0.028929979 
975 293 24 29 0.028858064 
851 151 18 21 0.02880385 
523 14 34 35 0.028790431 
512 209 33 40 0.028466888 
378 84 36 54 0.028352661 
19 327 20 28 0.028276617 
546 77 43 61 0.028174724 
347 121 57 70 0.028074762 
963 75 18 26 0.027923137 
570 196 42 52 0.0276996 
584 78 37 41 0.027645033 
231 113 40 55 0.02743526 
734 50 88 149 0.027391486 
676 82 31 42 0.026787573 
845 291 16 21 0.026498253 
110 141 27 30 0.02647528 
665 14 29 41 0.026372073 
928 50 25 29 0.024978207 
621 78 33 42 0.024950432 
618 29 51 66 0.024824142 
770 329 17 22 0.024562472 
172 44 26 34 0.024411753 
684 144 24 28 0.023879202 
915 84 23 31 0.023863312 
615 92 14 18 0.02384809 
768 21 49 56 0.023831887 
563 98 34 45 0.023723291 
0 231 13 22 0.02366704 
86 117 21 26 0.023449305 
613 119 34 38 0.023152737 
680 51 97 130 0.022634622 
628 205 50 64 0.022320462 
401 55 46 62 0.022191098 
663 0 52 58 0.022169942 
139 72 22 30 0.022151578 
627 278 54 64 0.022062616 
620 131 33 34 0.021784037 
144 318 39 49 0.021613289 
215 128 35 43 0.021525292 
566 118 38 41 0.021280231 
257 159 58 89 0.02115155 
395 139 210 207 0.021089023 
16 265 22 27 0.0210731 
976 446 45 70 0.021009883 
638 77 28 37 0.020782936 
489 139 32 37 0.020687323 
770 79 35 50 0.020369751 
256 8 28 31 0.020170923 
679 338 37 45 0.020166555 
173 235 47 63 0.020105843 
538 67 77 100 0.020102942 
310 0 27 29 0.020065388 
526 48 31 39 0.020002792 
