28_Sports_Fan_Sports_Fan_28_7
1183
870 1133 104 146 0.99965024 
470 654 116 142 0.99933904 
590 634 34 41 0.9974037 
943 853 68 99 0.99727553 
840 538 26 31 0.9953242 
197 560 30 35 0.9952435 
144 680 57 63 0.99524313 
541 600 35 40 0.9932875 
167 527 25 35 0.99258024 
297 431 24 29 0.9914622 
978 665 32 37 0.9893406 
87 570 39 49 0.9890056 
652 581 23 38 0.98713183 
147 872 56 81 0.98627186 
189 414 26 29 0.9837583 
923 233 15 18 0.98227143 
820 118 12 15 0.9791478 
805 140 10 14 0.97684336 
4 566 36 50 0.9737231 
55 793 52 59 0.9734967 
587 90 13 17 0.9730156 
50 224 16 21 0.96846855 
141 213 12 14 0.9666207 
960 202 12 15 0.9650272 
194 304 18 22 0.9621349 
495 587 21 29 0.96093124 
117 353 21 27 0.9569375 
863 352 17 20 0.95510566 
927 693 37 45 0.9540944 
807 415 20 22 0.9540446 
972 297 14 17 0.95333076 
79 866 74 101 0.9520309 
812 810 35 43 0.95198965 
33 385 23 27 0.95141727 
207 662 40 51 0.9513551 
995 198 13 15 0.9511258 
351 101 12 15 0.94936466 
603 508 22 24 0.94909215 
53 267 17 19 0.9480891 
603 52 11 13 0.94585943 
884 299 17 19 0.94441545 
61 504 23 32 0.9438443 
915 386 14 16 0.9422745 
932 114 11 15 0.9369614 
885 70 9 12 0.9301803 
291 279 14 20 0.92752546 
210 359 26 30 0.9273461 
303 107 13 17 0.9245099 
261 345 22 28 0.92408264 
163 218 12 15 0.9218385 
955 107 11 14 0.92054397 
143 262 14 17 0.91992366 
88 12 14 17 0.9178632 
882 402 14 20 0.91720945 
878 133 11 15 0.91539335 
848 47 9 12 0.91335356 
485 70 9 12 0.9129276 
199 130 13 18 0.9126087 
10 75 13 17 0.9123438 
894 174 12 14 0.9059878 
750 114 11 14 0.90234727 
86 203 14 18 0.8997534 
170 92 12 15 0.8993353 
20 19 11 16 0.89808327 
941 276 17 19 0.8967024 
922 312 14 17 0.8937602 
355 46 12 16 0.8915746 
792 92 10 12 0.88937515 
47 6 12 15 0.88721305 
553 27 10 13 0.88621575 
520 38 10 13 0.885473 
710 541 24 33 0.87883806 
132 126 14 19 0.868368 
778 278 14 17 0.8672366 
924 170 11 13 0.86371154 
705 109 14 17 0.8613669 
871 222 14 17 0.85857856 
984 52 9 12 0.8574637 
940 169 12 14 0.854328 
284 38 11 14 0.84771246 
262 94 12 15 0.84670484 
844 457 13 16 0.84546906 
222 223 13 17 0.8433984 
1009 341 12 16 0.8427444 
25 292 19 23 0.83482003 
877 8 10 13 0.83481294 
204 196 14 20 0.8335879 
337 27 12 16 0.8298634 
784 118 12 16 0.8280648 
510 59 11 13 0.8279558 
6 191 15 21 0.82464695 
865 258 13 17 0.822791 
202 98 13 17 0.8204292 
51 610 34 55 0.81897545 
841 146 11 14 0.8187123 
125 10 11 14 0.812246 
834 325 15 19 0.8106659 
995 595 16 23 0.8092552 
335 0 12 11 0.807988 
213 93 13 17 0.8042472 
920 189 11 15 0.7958141 
902 88 9 12 0.7951122 
561 4 10 13 0.7896754 
904 32 8 11 0.7883673 
204 237 13 17 0.7856467 
176 245 11 14 0.781495 
819 538 20 23 0.78066415 
246 33 11 14 0.77493095 
468 53 10 13 0.7742861 
129 383 17 21 0.7674811 
38 125 15 20 0.7667308 
451 62 11 14 0.7664144 
778 381 13 16 0.7633029 
112 39 14 18 0.75235784 
251 310 17 21 0.7497553 
144 18 12 14 0.74802923 
320 50 13 15 0.7393933 
361 124 11 15 0.73771775 
573 47 11 14 0.73752195 
259 156 14 19 0.7329232 
941 131 12 15 0.72726434 
622 84 9 12 0.7259472 
837 510 13 18 0.7250571 
837 253 9 11 0.7250432 
685 63 12 14 0.7123971 
284 367 14 17 0.71147746 
761 85 10 13 0.7029591 
1011 301 12 17 0.7025747 
701 87 10 13 0.69736814 
569 631 27 37 0.6838946 
983 225 13 18 0.67184323 
401 58 12 15 0.66535413 
163 121 13 17 0.66493887 
981 82 9 13 0.65383226 
590 11 11 13 0.65133315 
384 33 11 13 0.64981914 
963 124 11 14 0.6475516 
88 86 12 16 0.6433975 
963 233 12 18 0.6375338 
663 34 11 14 0.63271916 
989 180 10 12 0.62297755 
632 52 12 14 0.6222798 
776 7 8 11 0.6205057 
987 274 14 16 0.619674 
108 72 12 16 0.61774504 
750 132 11 14 0.61747944 
246 402 21 31 0.61657727 
638 6 9 11 0.6159431 
477 8 11 14 0.61239547 
617 39 10 13 0.60867405 
891 239 11 14 0.60778415 
57 560 21 27 0.60329515 
518 93 11 13 0.5927778 
791 24 9 12 0.58771783 
549 119 12 14 0.5868871 
601 28 10 13 0.58551425 
928 78 9 11 0.5844048 
375 45 11 14 0.58372134 
872 93 10 12 0.58126557 
549 55 10 12 0.57142556 
894 488 12 17 0.5654621 
91 389 20 31 0.5637246 
409 114 11 15 0.56202483 
916 152 10 13 0.5612407 
551 551 22 30 0.5604257 
856 236 11 13 0.5530179 
615 126 12 15 0.5516941 
829 45 9 12 0.5499444 
862 172 11 14 0.54679674 
502 96 9 12 0.5348962 
72 19 10 13 0.531513 
208 76 11 14 0.5308405 
910 131 11 13 0.52508 
219 301 16 21 0.52280235 
933 14 9 10 0.5135707 
544 1 10 11 0.51352966 
636 22 9 12 0.51347834 
431 65 12 15 0.51338404 
270 228 14 17 0.50546217 
884 154 11 13 0.50507236 
833 230 10 14 0.50478584 
632 109 10 13 0.5000397 
438 46 9 12 0.49903393 
107 382 21 26 0.4966842 
268 122 13 18 0.48778298 
132 38 10 13 0.48774824 
140 78 13 16 0.48716375 
1007 366 14 16 0.48685557 
128 314 21 25 0.48537266 
444 86 12 15 0.48202643 
859 71 9 12 0.47652996 
815 1222 61 94 0.4680134 
825 65 9 11 0.4664508 
214 263 16 18 0.46332055 
997 164 12 15 0.46279502 
480 55 9 12 0.46032917 
444 16 10 12 0.45889175 
813 189 12 16 0.4528532 
392 4 10 12 0.45162025 
904 55 9 11 0.45146695 
836 120 11 13 0.44738576 
262 228 12 15 0.44510308 
322 643 32 58 0.43842155 
652 102 11 13 0.43790892 
387 516 19 23 0.43705615 
681 3 9 11 0.43564472 
675 93 12 15 0.43437976 
334 83 11 14 0.43229565 
127 272 15 19 0.42808604 
401 38 9 12 0.4280279 
917 40 9 12 0.4245871 
856 276 13 18 0.4169505 
347 138 14 17 0.4153195 
918 648 23 30 0.41295058 
965 23 10 12 0.4075977 
72 44 11 16 0.4060797 
392 82 10 14 0.4055254 
798 262 14 16 0.39769593 
115 861 74 103 0.3966903 
293 569 24 32 0.3936058 
493 39 9 13 0.39126965 
174 35 11 14 0.3833971 
1014 60 9 13 0.37901703 
958 459 15 16 0.3788083 
87 52 12 15 0.37794968 
183 35 10 13 0.3753662 
942 1 10 11 0.36938006 
836 5 9 11 0.3687585 
914 595 18 26 0.36713952 
953 72 9 11 0.36512157 
590 31 9 11 0.35991478 
740 91 10 13 0.3495122 
440 545 18 20 0.34774134 
61 164 15 18 0.3471938 
536 117 10 13 0.34057054 
1012 440 12 18 0.3370007 
977 38 9 10 0.33384037 
622 111 12 13 0.32905844 
550 78 11 13 0.326075 
2 1083 65 183 0.32528356 
721 92 9 11 0.32194963 
904 142 10 12 0.3197878 
77 238 14 17 0.31923625 
278 410 27 35 0.31818295 
622 21 9 11 0.31306723 
908 55 9 11 0.30955642 
751 61 9 12 0.30608416 
997 491 21 24 0.3045129 
43 323 17 20 0.30375448 
1006 585 15 23 0.30079532 
22 0 10 9 0.29934493 
431 24 9 12 0.29928917 
974 128 11 13 0.29570127 
820 20 9 12 0.28288162 
789 421 15 18 0.27744833 
276 80 10 13 0.27521428 
418 665 56 73 0.27276886 
735 569 16 18 0.27041847 
914 92 8 11 0.26950413 
291 207 13 17 0.2684742 
928 283 11 16 0.267467 
909 0 9 9 0.258604 
793 69 10 13 0.25854912 
586 35 9 12 0.25522372 
0 134 9 23 0.2546119 
742 86 11 13 0.25407812 
927 528 11 13 0.2531691 
927 372 13 16 0.24984199 
457 4 10 13 0.24914369 
649 60 9 13 0.24882112 
84 283 18 18 0.24876393 
822 187 12 17 0.24811651 
577 24 10 11 0.24297431 
762 767 41 58 0.23924923 
670 634 28 42 0.23822479 
917 68 8 11 0.2368977 
709 50 12 15 0.23533264 
803 266 12 14 0.23406975 
981 142 12 14 0.23399757 
56 34 13 16 0.23283286 
192 398 28 31 0.23184866 
797 68 11 13 0.23147917 
280 101 11 14 0.23108189 
374 7 12 14 0.23085241 
1 271 19 30 0.22459976 
937 344 14 17 0.22316061 
846 65 8 12 0.22312869 
700 588 15 18 0.2193053 
766 694 27 34 0.21695288 
661 43 11 13 0.2158844 
455 115 11 14 0.21277235 
935 392 13 19 0.21080646 
888 269 12 15 0.20814523 
465 38 10 12 0.20728174 
302 349 23 28 0.20253766 
758 37 10 14 0.20027883 
127 228 12 16 0.19975287 
95 240 14 17 0.1964812 
908 139 11 14 0.19436216 
1002 119 9 12 0.19261234 
815 229 10 14 0.18869245 
19 564 28 40 0.18743129 
745 78 10 12 0.18661788 
238 12 11 13 0.18254845 
841 29 10 13 0.17904383 
822 194 13 17 0.17587309 
518 12 10 12 0.17504857 
981 526 16 24 0.17361122 
289 11 11 14 0.1734219 
123 233 13 16 0.1720188 
304 7 9 11 0.17155044 
93 274 17 21 0.16962007 
537 93 10 14 0.1691005 
617 15 9 12 0.16804682 
660 529 27 30 0.16595758 
139 328 14 20 0.16475803 
452 44 10 12 0.16332614 
423 0 9 9 0.16293028 
579 510 16 20 0.16239168 
526 5 8 10 0.16238977 
845 163 11 14 0.16047801 
271 52 10 12 0.15984401 
730 36 8 10 0.15890385 
965 120 10 11 0.15775807 
263 117 14 18 0.15598014 
647 117 10 12 0.15505412 
658 46 9 12 0.15476653 
206 71 12 13 0.15314402 
504 37 9 13 0.1529693 
156 231 12 18 0.15181933 
230 86 9 12 0.1502865 
526 68 10 12 0.15001981 
1008 513 12 16 0.14898592 
664 13 9 11 0.14895 
441 20 9 12 0.14842126 
815 251 10 13 0.14748882 
520 7 9 11 0.14731474 
631 91 11 14 0.14500839 
744 60 8 12 0.14343691 
213 85 12 14 0.14244184 
864 0 9 9 0.14243211 
52 171 13 19 0.14192803 
936 45 8 10 0.1412325 
125 310 17 21 0.1401623 
968 53 9 11 0.13714391 
7 867 46 77 0.13704412 
766 42 12 14 0.13596775 
670 510 15 18 0.1353355 
806 378 14 16 0.13475104 
853 188 10 14 0.13464196 
629 86 10 14 0.13234109 
33 562 25 33 0.13141088 
91 199 14 19 0.13032606 
951 55 9 11 0.12996621 
296 58 10 14 0.12979358 
618 109 10 13 0.12773788 
214 226 11 14 0.12714894 
837 276 12 18 0.1268573 
962 465 14 18 0.12563746 
853 120 11 14 0.12539071 
183 63 12 15 0.1231895 
919 291 12 14 0.12154668 
885 518 13 19 0.12083218 
799 63 10 13 0.12080619 
818 16 9 11 0.12008335 
916 16 10 12 0.118204266 
799 128 10 12 0.118088156 
986 219 15 19 0.11762538 
950 88 10 12 0.11658955 
815 166 11 15 0.11613297 
841 64 9 11 0.11558798 
558 140 11 13 0.11453762 
807 298 14 16 0.11326502 
685 135 13 15 0.11320911 
187 255 11 14 0.1131066 
712 72 10 12 0.11222134 
608 96 11 13 0.1106262 
189 314 24 25 0.11048536 
869 505 16 19 0.110234514 
890 44 8 12 0.10928077 
739 60 8 11 0.10903838 
476 123 14 16 0.108759835 
8 344 25 33 0.10781505 
888 41 8 11 0.10777549 
984 31 8 10 0.10561519 
806 55 9 12 0.105292395 
543 118 10 14 0.10516671 
183 391 25 31 0.105117336 
207 230 12 15 0.10305435 
437 29 10 11 0.101768464 
584 70 10 13 0.1017311 
442 657 89 111 0.10139416 
780 103 10 11 0.10050659 
759 21 9 10 0.10041548 
0 78 9 15 0.09989717 
958 63 8 10 0.099068396 
556 24 10 12 0.0987638 
766 102 8 11 0.09869731 
312 60 10 12 0.0966146 
845 25 9 10 0.09636101 
950 150 11 13 0.0962256 
76 815 51 67 0.09538566 
548 68 12 15 0.09522356 
936 21 9 12 0.094954714 
942 20 8 10 0.09479239 
898 142 9 12 0.09339005 
207 0 10 9 0.09241397 
219 96 13 16 0.09197749 
701 597 16 22 0.09169402 
722 745 40 56 0.091488786 
608 124 11 14 0.09137076 
783 84 8 11 0.091217056 
567 31 9 12 0.09027858 
976 32 9 10 0.09022802 
905 15 8 11 0.089481406 
465 45 11 13 0.089011185 
791 644 12 17 0.0888279 
1007 431 13 17 0.08856215 
497 93 10 13 0.08791342 
944 78 8 10 0.08777922 
413 20 9 12 0.08769853 
943 86 10 12 0.087618604 
309 38 11 13 0.08756359 
601 7 9 12 0.08667181 
290 378 16 17 0.0865131 
911 19 10 12 0.08629652 
988 213 13 15 0.08569493 
961 453 17 18 0.08556127 
1007 236 15 20 0.08545272 
210 255 16 18 0.08533706 
799 252 13 15 0.08472495 
186 276 16 17 0.08457853 
21 271 14 18 0.08360006 
1000 124 9 11 0.083243296 
645 136 11 13 0.08279224 
201 308 16 23 0.0822906 
804 60 11 13 0.08187327 
169 44 9 12 0.081743285 
827 183 11 15 0.081620626 
913 44 9 12 0.08055492 
316 69 11 14 0.08040515 
585 31 9 11 0.08028579 
622 61 9 11 0.079695016 
65 19 9 13 0.07817986 
856 0 8 10 0.078067265 
716 76 10 12 0.07797982 
835 235 11 15 0.07770025 
46 203 14 15 0.07756086 
274 122 12 16 0.07696938 
916 545 15 23 0.07670578 
1014 213 9 15 0.076086484 
270 265 14 19 0.0759862 
439 40 10 12 0.07575275 
799 133 11 15 0.0754209 
655 16 9 11 0.07509698 
162 13 13 14 0.075063534 
754 36 9 13 0.074951865 
303 45 11 13 0.074801855 
223 10 10 15 0.0746832 
547 4 10 12 0.0743987 
177 674 45 58 0.07431225 
684 31 12 14 0.074196756 
895 15 9 11 0.0741729 
880 37 8 11 0.07337927 
278 63 9 11 0.07302044 
42 114 15 20 0.07289154 
929 73 8 10 0.07272478 
860 280 11 18 0.0723182 
87 70 11 15 0.07228191 
728 511 29 32 0.0721777 
878 102 9 11 0.072074085 
370 97 15 17 0.071759485 
616 8 9 10 0.070977665 
16 15 12 17 0.07093348 
934 27 9 13 0.07074131 
650 14 8 11 0.07051929 
599 12 9 12 0.07050311 
771 7 8 10 0.0703976 
331 102 12 16 0.070179485 
632 28 9 11 0.070174426 
301 209 10 16 0.07000285 
471 31 9 11 0.069931805 
490 43 9 12 0.0699057 
719 119 9 12 0.0697331 
570 50 10 14 0.06923448 
291 363 16 18 0.06894221 
754 134 11 14 0.06875953 
829 68 8 11 0.06853541 
142 139 11 15 0.06846129 
953 60 9 11 0.06825923 
513 14 10 13 0.0680289 
973 190 10 13 0.067753196 
645 37 9 12 0.06739811 
862 125 9 13 0.0671663 
1014 93 9 14 0.0669882 
655 -1 8 9 0.06696546 
474 129 16 18 0.06679684 
894 104 9 11 0.06668581 
703 21 9 11 0.06666178 
910 120 12 14 0.06658987 
840 132 10 12 0.06616246 
336 62 9 13 0.06560965 
22 1023 23 46 0.06558958 
911 89 8 11 0.06542918 
976 166 9 11 0.065312676 
915 125 10 13 0.06494489 
952 15 9 11 0.06449515 
669 13 9 11 0.06445308 
616 118 13 16 0.064376906 
885 195 12 14 0.063618846 
879 578 12 16 0.063384086 
229 5 12 16 0.063158214 
871 127 9 13 0.06298403 
461 1 9 11 0.06269014 
733 32 9 11 0.06257995 
920 213 12 13 0.062287107 
856 159 9 13 0.06194397 
748 83 10 13 0.06191159 
992 126 9 11 0.06170787 
100 386 16 24 0.06107119 
269 275 12 19 0.06059439 
181 6 9 11 0.060290538 
164 224 13 16 0.060279086 
859 294 12 16 0.060269926 
636 86 11 13 0.05948264 
951 196 12 15 0.059416357 
742 143 11 14 0.058914144 
471 24 9 11 0.058791753 
49 410 21 29 0.05872359 
902 59 9 11 0.05867259 
949 32 9 11 0.05847479 
262 107 13 15 0.058228936 
904 21 10 12 0.057831466 
1007 38 8 10 0.05781945 
744 762 35 53 0.057814267 
3 121 17 21 0.057160452 
38 541 39 53 0.05646277 
0 863 28 75 0.056347046 
982 71 9 11 0.056282144 
890 623 23 27 0.056102566 
30 250 14 21 0.05607725 
820 253 10 13 0.056045525 
22 219 13 17 0.056018073 
524 100 12 16 0.05592153 
831 52 8 11 0.054957435 
656 20 9 11 0.054776963 
189 78 10 13 0.0546477 
424 86 10 13 0.05429951 
998 15 7 9 0.054252338 
801 54 9 12 0.054221723 
825 1 7 9 0.053919192 
866 46 8 11 0.05358153 
952 47 10 12 0.05357988 
593 22 9 13 0.053310964 
686 111 9 12 0.053197805 
383 79 12 14 0.05312631 
917 132 10 13 0.05307379 
552 14 9 11 0.052969117 
903 105 9 11 0.05284707 
822 157 11 15 0.052662898 
984 517 11 15 0.052615438 
759 55 8 11 0.052260537 
510 20 9 12 0.051925994 
366 38 9 11 0.051414743 
113 69 14 16 0.051410835 
957 45 9 12 0.051277615 
406 45 10 12 0.051258285 
522 91 12 16 0.05119391 
558 619 29 36 0.051113553 
98 269 14 19 0.050945845 
496 0 9 9 0.050531484 
242 111 10 13 0.050354797 
700 70 10 13 0.050051693 
620 43 9 12 0.049993932 
776 87 9 11 0.049818344 
562 506 24 29 0.048992306 
721 0 7 8 0.048943006 
92 116 13 18 0.048442863 
451 83 10 13 0.04836771 
101 0 10 9 0.048344236 
843 46 9 13 0.048231587 
942 60 9 10 0.0481362 
787 23 9 12 0.04802464 
100 60 11 15 0.047830466 
977 14 8 11 0.04769622 
951 36 9 12 0.04755782 
155 790 42 55 0.04755401 
779 260 11 13 0.04747345 
207 62 11 12 0.04746712 
803 67 11 13 0.047450222 
672 79 11 13 0.047319002 
502 31 10 12 0.0472726 
320 138 16 18 0.047133077 
182 215 10 14 0.04711796 
577 4 9 11 0.04708231 
210 274 15 17 0.046635102 
998 73 10 14 0.046627037 
502 0 9 10 0.046595227 
0 234 11 20 0.04644724 
506 21 9 11 0.046410125 
27 0 11 10 0.046255182 
132 11 12 15 0.046217415 
484 107 13 15 0.045904476 
933 459 12 16 0.04584586 
483 117 13 15 0.04584229 
209 234 14 19 0.045712072 
784 1235 100 125 0.045690972 
987 403 17 22 0.045439057 
940 118 11 13 0.045437302 
1 196 20 28 0.045436844 
988 261 17 21 0.04540935 
945 56 9 11 0.04505922 
28 148 17 20 0.045041963 
910 4 9 11 0.044932276 
92 56 15 17 0.044878952 
995 217 15 18 0.044874895 
737 569 23 29 0.04485248 
825 6 7 10 0.044681635 
454 79 9 12 0.044644758 
544 635 48 55 0.04438386 
202 394 19 24 0.04433799 
177 0 10 9 0.044172388 
517 53 11 13 0.044075917 
1 45 10 14 0.044037096 
534 69 9 11 0.04370959 
989 120 9 11 0.043706805 
425 28 9 11 0.043663234 
390 61 9 12 0.04356075 
36 61 13 18 0.04355661 
748 70 11 13 0.04338087 
1009 497 14 18 0.04329948 
781 140 9 12 0.04302983 
428 108 15 19 0.04295653 
819 298 13 17 0.04295365 
918 204 13 15 0.042935 
949 579 19 20 0.042899154 
141 89 12 14 0.042792674 
501 6 10 12 0.042739715 
893 522 24 26 0.042562053 
879 183 9 12 0.042557854 
170 219 12 14 0.04245356 
13 207 14 22 0.042403173 
765 91 10 13 0.042391483 
245 115 10 14 0.042176787 
780 7 8 11 0.04208921 
756 141 12 14 0.042047434 
874 624 14 19 0.041958902 
271 401 25 32 0.041875295 
829 574 13 17 0.04186447 
302 327 23 32 0.0417556 
78 246 16 18 0.04174335 
689 115 10 13 0.04165233 
821 507 12 15 0.041636754 
757 59 9 13 0.04162681 
521 69 10 12 0.041463867 
700 37 9 11 0.041458428 
918 218 12 15 0.04126697 
431 16 9 11 0.041213196 
447 40 10 12 0.04106058 
1014 545 10 19 0.04097336 
488 92 10 13 0.04080756 
993 132 11 13 0.040774677 
1013 227 10 18 0.040568385 
199 0 9 9 0.04043649 
608 37 9 11 0.04042733 
299 373 16 19 0.040418576 
889 0 8 9 0.040399548 
889 14 9 11 0.040399533 
929 55 9 11 0.040301386 
1001 500 20 25 0.040281333 
300 55 10 12 0.040112913 
350 38 9 12 0.040112447 
166 109 14 19 0.0399803 
966 59 9 12 0.03993832 
980 164 10 11 0.039818935 
898 56 8 10 0.03979298 
947 600 19 27 0.039707005 
203 317 16 22 0.039687246 
174 267 12 16 0.03960393 
930 29 8 12 0.03959722 
960 14 8 10 0.039505597 
245 0 10 10 0.03950043 
797 285 9 13 0.039401297 
91 7 14 16 0.039342213 
807 273 11 15 0.03925208 
820 364 13 21 0.03924531 
490 599 38 47 0.039215103 
15 279 21 26 0.039154734 
390 566 25 32 0.0391321 
754 17 8 10 0.03903017 
368 22 10 12 0.039028056 
327 59 10 14 0.038992066 
727 1 8 9 0.038901553 
789 643 20 27 0.038694285 
696 77 11 14 0.03868448 
848 427 10 13 0.0386494 
425 61 12 15 0.038611308 
758 774 29 38 0.038573768 
559 92 10 12 0.03854491 
231 97 10 15 0.038505156 
829 161 13 16 0.038469087 
862 103 8 11 0.038439557 
1001 0 8 8 0.038418073 
388 91 12 15 0.03840968 
511 45 9 12 0.038389686 
836 267 12 18 0.038296256 
950 6 10 11 0.038019523 
92 261 16 20 0.03786485 
368 29 9 12 0.03785245 
959 41 8 10 0.037803993 
516 60 11 14 0.03777602 
832 248 11 13 0.03752216 
894 263 9 13 0.0374727 
650 118 11 13 0.037291434 
567 23 9 11 0.03718738 
377 569 39 53 0.037142448 
761 1 8 9 0.037065394 
318 58 11 14 0.037043784 
984 24 9 11 0.03690046 
671 84 12 15 0.036849204 
965 16 10 11 0.03672987 
691 391 16 19 0.036641445 
543 22 8 11 0.03644147 
675 630 17 25 0.03641126 
495 125 9 12 0.03639488 
435 114 14 19 0.036379974 
351 0 12 11 0.03636961 
678 84 11 15 0.036341924 
764 79 11 13 0.03634036 
775 134 10 13 0.036272563 
625 28 9 12 0.036268294 
294 7 10 12 0.036225937 
278 0 9 8 0.03613164 
224 0 9 10 0.03612403 
868 272 14 17 0.035807643 
340 60 11 14 0.035771184 
863 55 8 11 0.035768617 
862 119 10 13 0.035738103 
554 85 11 13 0.03568692 
228 189 14 18 0.03566898 
784 502 26 28 0.03564764 
935 8 9 11 0.035529904 
805 247 11 14 0.035324525 
423 53 9 11 0.03531336 
264 314 16 18 0.03526647 
686 22 9 11 0.03524587 
672 535 15 21 0.03523529 
464 33 9 11 0.03522515 
968 191 12 16 0.035148777 
937 62 8 11 0.035144586 
1014 276 9 16 0.035142243 
822 259 10 12 0.035039738 
340 16 11 13 0.034925684 
784 111 9 11 0.03488729 
911 382 14 17 0.03488646 
519 533 27 36 0.034819994 
447 80 10 13 0.034796737 
240 0 10 11 0.03478713 
210 282 15 17 0.034766857 
810 371 14 17 0.03473934 
813 54 8 11 0.034712125 
903 535 23 29 0.034668386 
223 187 12 15 0.03461362 
92 68 13 19 0.03453826 
605 11 10 13 0.034525987 
836 1175 89 129 0.03443417 
936 104 9 11 0.034430385 
973 109 9 11 0.034427732 
279 69 10 12 0.03440954 
267 332 23 30 0.034358248 
940 289 16 17 0.034347754 
845 134 9 11 0.03421846 
426 23 9 12 0.034194533 
772 391 15 21 0.03416817 
733 13 9 11 0.034102395 
837 259 11 13 0.034047056 
319 92 11 15 0.033981714 
896 326 12 15 0.03397763 
894 0 9 8 0.033872698 
785 69 9 11 0.033788666 
77 49 12 16 0.03374659 
527 2 8 9 0.033545237 
775 126 9 11 0.033417713 
880 514 12 16 0.033412512 
780 394 13 20 0.033394143 
620 17 9 11 0.03336905 
159 95 9 12 0.03335574 
572 628 19 23 0.0332748 
646 109 11 15 0.033028897 
888 86 8 12 0.03298952 
584 65 9 10 0.03283576 
816 157 12 14 0.032770257 
873 80 8 11 0.032696456 
832 2 9 10 0.032674603 
973 22 10 12 0.032652978 
78 729 25 35 0.03262393 
982 407 13 18 0.032507975 
381 0 12 12 0.03246103 
366 44 10 13 0.032405086 
834 78 9 11 0.032392215 
1002 569 18 23 0.032352332 
21 52 11 14 0.032254726 
838 13 9 11 0.032137148 
940 466 13 18 0.031978764 
782 12 8 11 0.031948544 
1014 29 8 13 0.031921998 
968 110 10 12 0.031912994 
1008 78 9 11 0.03190912 
456 31 8 10 0.031895764 
1014 86 9 14 0.031875044 
987 533 14 21 0.03184673 
945 37 9 12 0.031797845 
1016 181 8 14 0.031786587 
32 29 11 14 0.031668235 
863 151 9 11 0.03161969 
796 28 8 12 0.03156469 
982 514 23 32 0.0315345 
282 105 13 16 0.031514335 
459 111 11 15 0.031359542 
10 268 15 24 0.031315565 
448 115 11 15 0.031280864 
96 0 11 11 0.031272627 
1013 37 9 13 0.031235179 
766 72 10 12 0.031124398 
612 611 15 18 0.031073347 
840 163 10 14 0.031055862 
538 1 9 10 0.031049956 
866 13 7 10 0.031005166 
958 55 8 11 0.030997345 
800 362 13 18 0.030947048 
168 29 10 13 0.0308742 
967 38 9 10 0.030824091 
134 220 10 15 0.030764187 
950 20 8 11 0.030698253 
265 97 13 16 0.030676777 
545 75 12 15 0.030572765 
378 11 12 14 0.030467737 
193 0 10 9 0.030390894 
471 116 11 16 0.030372072 
513 6 9 11 0.030276379 
942 91 9 12 0.030258033 
632 67 10 12 0.030234644 
744 72 10 12 0.030181212 
1015 23 8 11 0.030174177 
557 11 11 12 0.030125737 
286 94 11 14 0.029991949 
975 475 13 16 0.02993588 
441 7 8 10 0.029901074 
989 140 12 14 0.029871128 
519 105 11 16 0.029866882 
465 57 10 15 0.029865429 
913 63 7 9 0.02981153 
647 123 12 13 0.029804135 
659 29 10 13 0.0297712 
860 156 10 13 0.029742615 
989 30 8 10 0.029717589 
286 123 11 14 0.029688932 
636 60 11 13 0.029682294 
136 -1 10 10 0.02968177 
993 70 10 13 0.029656868 
792 265 13 16 0.029602302 
890 102 9 11 0.029596413 
277 275 14 19 0.029582981 
427 92 11 13 0.029518882 
1011 374 13 19 0.0294957 
11 121 14 18 0.029473923 
998 180 10 12 0.029447822 
832 260 10 13 0.02941786 
406 118 12 18 0.029391108 
111 0 10 9 0.029359827 
654 125 10 12 0.029343242 
752 44 9 12 0.029334638 
869 -1 9 10 0.029223235 
871 588 14 17 0.029133217 
800 48 8 11 0.02912293 
1011 56 9 12 0.02911927 
604 25 10 12 0.029098151 
981 281 15 17 0.02908274 
430 538 24 30 0.02903387 
71 338 14 18 0.029008243 
950 191 11 14 0.028977377 
995 657 22 37 0.02894697 
180 382 25 27 0.028936718 
1014 207 9 14 0.028856626 
649 -1 8 9 0.02885161 
139 309 15 23 0.028814537 
526 87 9 12 0.028713686 
152 46 8 10 0.028699314 
46 1 11 13 0.0286796 
934 153 8 10 0.028600084 
422 114 14 19 0.028535698 
215 186 14 20 0.02847545 
329 0 11 10 0.028449677 
776 95 9 12 0.028436363 
542 38 8 10 0.028432963 
929 46 7 10 0.02842792 
625 55 10 13 0.028378317 
520 128 10 12 0.028351538 
1015 99 9 13 0.028336752 
80 803 39 50 0.02832343 
1002 593 17 33 0.028215794 
311 30 11 13 0.028185265 
696 109 9 13 0.028178863 
872 166 10 13 0.028136235 
462 12 9 11 0.028111868 
1012 358 11 16 0.02806193 
261 229 19 23 0.027974378 
272 0 9 8 0.027970767 
15 529 15 20 0.02780908 
448 7 8 10 0.027732141 
966 92 10 12 0.027687937 
930 375 14 20 0.027599934 
376 39 10 13 0.027484387 
503 13 10 13 0.027440956 
808 385 15 17 0.027339945 
1002 639 21 39 0.027311577 
235 84 10 13 0.027279045 
987 147 12 14 0.027267294 
40 330 24 28 0.0272018 
1015 142 8 13 0.027132204 
916 510 12 13 0.02708566 
77 15 11 15 0.02694998 
925 182 11 13 0.026880741 
926 132 9 11 0.02685719 
1011 599 13 26 0.02685532 
14 180 15 20 0.026826201 
756 110 9 12 0.026745465 
304 2 9 9 0.026699344 
575 104 9 11 0.026697496 
230 1 10 11 0.026655825 
83 259 17 17 0.026592664 
848 237 9 13 0.0265708 
981 189 10 13 0.026510695 
167 96 12 16 0.026504973 
27 21 12 15 0.026503239 
195 220 14 16 0.026406575 
479 103 13 16 0.026345886 
549 49 10 12 0.026335575 
24 67 10 14 0.026285881 
0 14 8 14 0.026252756 
933 72 9 10 0.026246635 
119 406 24 33 0.02623065 
506 42 9 13 0.026184825 
807 48 9 11 0.026155734 
862 110 9 11 0.026133085 
686 631 26 38 0.026103856 
860 241 13 15 0.026065588 
368 14 10 11 0.026062436 
332 619 51 72 0.026050001 
967 219 11 15 0.026011787 
159 19 13 16 0.025986578 
22 122 11 16 0.025849083 
317 144 17 18 0.02579587 
991 75 9 14 0.025784116 
975 213 9 12 0.025696922 
969 514 25 31 0.025685726 
283 420 35 45 0.02557884 
357 585 48 55 0.025550934 
298 144 13 17 0.025534056 
297 357 14 17 0.02549398 
661 70 9 12 0.025490934 
228 116 10 13 0.025485698 
637 13 9 12 0.02545307 
439 74 10 13 0.025431396 
796 158 14 18 0.025337564 
775 256 10 13 0.025328865 
989 110 10 11 0.025292914 
639 2 9 10 0.025268856 
494 88 11 13 0.025145646 
933 335 16 20 0.025131626 
934 54 9 11 0.025108755 
928 61 9 11 0.02510845 
44 521 39 50 0.025034567 
409 15 10 12 0.025020413 
589 64 10 12 0.02496917 
976 45 9 11 0.024922926 
279 273 22 26 0.024919871 
399 120 13 18 0.024917854 
1014 79 8 13 0.024868904 
766 30 10 10 0.02485752 
870 54 9 11 0.024805306 
1014 402 10 17 0.024800546 
1 327 24 33 0.024796806 
42 374 28 34 0.024784079 
307 103 12 16 0.024755383 
816 9 8 9 0.02470294 
525 53 9 12 0.02469123 
638 28 8 11 0.02465069 
146 77 12 16 0.024647683 
888 22 9 12 0.024643488 
808 117 8 11 0.02463745 
141 0 9 8 0.02460333 
545 60 11 13 0.02459411 
1006 1 8 8 0.024578702 
925 205 12 13 0.024565922 
1000 364 14 17 0.024547303 
983 124 9 12 0.024505522 
1015 47 8 11 0.024488537 
318 119 13 16 0.024414402 
841 392 9 12 0.02441011 
925 390 18 25 0.024398606 
791 0 8 8 0.02439299 
176 69 9 12 0.024348522 
448 53 11 14 0.024324197 
568 100 8 11 0.024281073 
833 11 9 12 0.024259567 
56 819 85 101 0.024191588 
852 654 10 12 0.02416749 
687 128 10 13 0.024147198 
935 276 15 18 0.024120113 
660 22 10 11 0.024116287 
855 64 10 12 0.024111995 
511 76 9 11 0.024075583 
167 78 10 11 0.02404482 
519 132 12 16 0.024039604 
713 33 8 10 0.024002185 
301 316 14 18 0.023982832 
702 31 9 11 0.023981929 
647 32 9 11 0.023959145 
465 92 9 13 0.023942221 
744 101 9 12 0.02390898 
894 40 9 11 0.023908395 
216 180 13 16 0.023883427 
428 102 12 14 0.023875557 
238 532 24 28 0.023843128 
951 507 27 26 0.023826992 
837 288 11 15 0.023820998 
254 150 15 20 0.023792086 
213 62 10 12 0.02372554 
751 31 9 12 0.023717647 
880 56 8 9 0.023706937 
184 81 10 13 0.023680432 
1013 519 11 17 0.02366348 
712 494 22 26 0.023650395 
848 118 11 13 0.023632262 
890 517 17 19 0.023606734 
928 39 8 11 0.023475777 
565 96 9 11 0.023450863 
660 130 12 15 0.023448631 
648 20 10 12 0.023433302 
171 115 12 18 0.02339929 
855 53 9 11 0.023396766 
711 87 10 14 0.023389848 
510 39 9 12 0.023380311 
876 87 9 12 0.02337364 
940 101 10 12 0.023356916 
708 103 12 14 0.023346703 
61 40 13 18 0.023272986 
701 625 27 34 0.023198366 
1011 632 14 27 0.023172736 
790 74 11 13 0.023112932 
976 8 8 9 0.023080716 
845 412 11 14 0.022976264 
921 524 11 15 0.022963941 
879 32 9 11 0.022963705 
882 75 8 11 0.022911636 
746 31 8 11 0.022885662 
485 64 10 14 0.02284829 
301 322 16 24 0.022845378 
870 150 10 12 0.022832034 
771 39 12 15 0.022831164 
242 14 11 13 0.022813946 
950 522 18 17 0.022799058 
49 722 47 51 0.022785887 
44 1146 61 99 0.022773998 
391 115 13 18 0.022758722 
266 398 19 25 0.022751734 
534 21 10 12 0.022723591 
406 32 9 11 0.022719868 
958 473 14 18 0.022685174 
764 21 10 12 0.022639887 
912 77 9 10 0.022585338 
585 6 8 11 0.022585021 
374 29 9 11 0.022557188 
469 70 9 12 0.022554843 
489 0 9 9 0.022541232 
272 58 11 13 0.022451624 
847 41 11 13 0.022428002 
879 118 9 11 0.022414923 
182 12 12 14 0.022367842 
661 52 11 12 0.02234454 
929 10 10 11 0.02229924 
1014 283 9 15 0.022258151 
873 39 10 12 0.022215104 
164 234 14 17 0.022160668 
1003 38 8 10 0.022151701 
142 116 11 16 0.022123303 
974 52 10 12 0.02208165 
717 425 13 18 0.02207861 
288 52 9 12 0.021989267 
520 119 8 10 0.021945698 
606 0 8 9 0.02192906 
264 0 8 8 0.02192665 
928 94 8 10 0.02191694 
188 218 15 18 0.02190933 
556 111 10 12 0.021857608 
849 183 10 14 0.021837546 
849 15 8 11 0.02183366 
849 6 8 11 0.021799015 
286 193 15 17 0.021789426 
662 75 9 14 0.021742394 
257 98 11 14 0.021710176 
990 494 18 22 0.021620251 
905 124 11 14 0.021618871 
1015 174 9 13 0.021614254 
719 37 9 11 0.021585483 
957 76 8 11 0.021534042 
718 32 9 10 0.021525476 
967 88 9 10 0.02149305 
538 38 8 10 0.021480286 
935 85 9 12 0.0214376 
236 96 9 12 0.02141574 
1008 214 10 13 0.021414196 
350 31 9 13 0.021403354 
833 283 11 15 0.021398384 
986 509 14 16 0.021382313 
667 44 11 13 0.021333048 
535 88 10 14 0.02131656 
964 442 18 23 0.021269068 
681 23 9 11 0.021259746 
948 0 10 10 0.021255882 
425 13 10 13 0.021247435 
972 579 14 15 0.021240521 
157 61 12 15 0.021204842 
521 607 51 56 0.02119648 
764 54 10 12 0.021157 
797 275 13 17 0.02113386 
65 617 38 47 0.021127054 
540 112 10 12 0.021120213 
959 516 25 27 0.021106387 
936 654 26 32 0.021105938 
635 47 12 15 0.021105686 
684 1 9 11 0.021095257 
854 424 10 13 0.02107393 
421 3 11 12 0.021066405 
324 68 10 13 0.02103233 
925 404 13 18 0.021030556 
771 758 33 38 0.02098827 
646 8 9 11 0.020961758 
926 346 13 17 0.020959336 
497 99 10 13 0.020947266 
213 0 10 11 0.02092726 
877 274 16 16 0.020882852 
428 116 16 21 0.020874884 
624 1 7 9 0.020868894 
727 110 9 11 0.020811338 
982 195 11 13 0.02076644 
1008 322 11 16 0.020743659 
642 139 11 14 0.020697355 
1000 435 12 17 0.020677108 
979 471 13 15 0.020673795 
734 100 10 12 0.020652555 
917 90 8 10 0.020618685 
697 43 10 14 0.020597601 
996 508 25 28 0.020593515 
44 147 14 21 0.020582922 
637 103 10 12 0.020555696 
583 110 8 10 0.020517567 
951 453 17 19 0.020506818 
378 49 13 16 0.02050423 
794 637 15 19 0.020493511 
196 269 12 14 0.020490851 
169 71 10 12 0.020464692 
323 90 14 18 0.020442698 
1010 32 8 12 0.020439275 
144 108 10 15 0.020398181 
951 144 10 12 0.020302812 
327 40 9 11 0.020291237 
826 40 9 12 0.020271152 
582 1 8 9 0.020262513 
735 24 8 9 0.020255476 
785 28 9 11 0.020240936 
860 231 11 14 0.020220993 
418 0 9 9 0.020207357 
728 5 9 11 0.020184396 
994 159 10 11 0.020172242 
623 87 12 16 0.020170486 
385 538 40 51 0.020138633 
892 149 10 13 0.020137226 
663 62 9 12 0.02012541 
973 416 13 18 0.020057453 
494 108 10 13 0.020047672 
917 297 14 16 0.02002012 
