28_Sports_Fan_Sports_Fan_28_480
24
488 217 62 80 0.9993513 
979 236 30 38 0.9988325 
695 174 90 109 0.99766976 
422 95 85 148 0.98788595 
567 270 39 45 0.6654052 
1 202 25 30 0.1916414 
937 69 12 14 0.15384187 
317 94 95 179 0.11500934 
927 275 25 25 0.052107234 
881 258 20 22 0.04814574 
872 232 28 38 0.03977182 
989 24 11 14 0.036689956 
916 242 13 16 0.033230044 
841 46 11 13 0.030874055 
925 37 9 12 0.02527766 
934 244 13 16 0.024044007 
965 51 14 16 0.023786847 
932 252 15 18 0.023731759 
884 263 25 30 0.02308336 
925 258 14 18 0.023078108 
915 258 14 20 0.022873532 
853 225 46 59 0.022669945 
911 246 23 30 0.021656955 
7 208 30 41 0.020905938 
