28_Sports_Fan_Sports_Fan_28_770
24
553 235 178 255 0.97805184 
722 568 10 12 0.17875527 
698 573 10 14 0.17327507 
688 583 9 11 0.13668846 
51 23 453 458 0.13569145 
418 99 306 421 0.08279662 
711 572 10 13 0.05755697 
710 565 10 12 0.04826337 
693 579 10 12 0.039572846 
569 68 381 426 0.039025784 
222 436 97 121 0.038703967 
305 66 276 393 0.03710752 
652 217 224 267 0.036190756 
13 305 198 270 0.034309853 
13 167 381 460 0.03202674 
713 589 9 12 0.030036047 
681 589 8 11 0.027187435 
704 566 11 13 0.025814395 
638 611 11 12 0.023719057 
685 587 9 11 0.021869496 
706 605 8 10 0.02111847 
550 617 8 10 0.02082646 
499 108 169 123 0.02078668 
674 598 7 10 0.020723233 
