28_Sports_Fan_Sports_Fan_28_697
58
742 1297 77 93 0.99382186 
144 1411 32 43 0.394421 
47 1505 36 40 0.34481204 
848 1490 35 45 0.17622647 
68 35 226 262 0.15357365 
693 1234 90 119 0.13545923 
357 540 243 271 0.12222928 
142 1373 49 69 0.093939394 
72 1083 26 33 0.071742676 
346 966 98 105 0.07018709 
151 1368 33 39 0.06266952 
862 1487 42 57 0.060942363 
420 472 234 211 0.053981185 
477 1405 41 44 0.052723072 
706 1475 41 49 0.04514401 
971 1446 33 38 0.044402182 
207 1122 52 67 0.04318555 
594 1416 33 34 0.042953946 
663 1012 253 242 0.041016713 
877 1460 46 68 0.04057459 
587 448 118 141 0.03822393 
260 1385 26 33 0.037382513 
255 1283 24 27 0.036372084 
655 1137 235 200 0.032488927 
36 1452 27 32 0.03201628 
963 1199 53 77 0.030954804 
772 1220 68 76 0.030678906 
358 1383 31 32 0.030278845 
281 1382 45 54 0.029323604 
663 1215 84 106 0.028317789 
299 439 407 422 0.02825447 
731 1217 100 120 0.027199736 
269 1427 25 31 0.026728677 
324 833 202 210 0.026523875 
122 1310 32 38 0.02629182 
181 1120 58 75 0.026106419 
534 355 96 121 0.025896315 
3 1259 57 80 0.025861403 
603 379 61 55 0.025538895 
618 1515 29 29 0.025512516 
3 764 104 128 0.025414864 
927 1440 41 58 0.02493871 
560 1064 259 256 0.02425243 
196 1372 25 32 0.023920378 
573 363 99 105 0.023688104 
566 1447 31 36 0.023326576 
229 1143 37 45 0.02255141 
334 1000 70 74 0.022127828 
224 1427 98 113 0.021988006 
600 1494 38 46 0.021834707 
958 1035 62 85 0.021770887 
359 284 451 417 0.020428162 
98 1230 61 61 0.020422341 
753 962 55 53 0.020411905 
774 1122 141 184 0.020269923 
27 1471 60 71 0.020213306 
45 1082 25 28 0.020135596 
19 1100 56 67 0.020123163 
