28_Sports_Fan_Sports_Fan_28_487
135
621 95 32 39 0.9984597 
570 342 34 44 0.9983405 
512 434 37 45 0.99833894 
909 450 38 46 0.9981774 
990 106 32 41 0.99801254 
787 81 30 42 0.997996 
340 556 34 37 0.99788994 
557 244 31 37 0.99778074 
668 157 33 39 0.9977186 
823 494 37 48 0.997396 
618 317 33 39 0.997303 
939 146 35 40 0.9972983 
798 0 33 37 0.99647254 
883 308 38 43 0.99604493 
969 283 37 45 0.9958901 
47 448 41 59 0.9958703 
430 66 28 38 0.99567395 
712 107 33 40 0.9954294 
131 445 35 44 0.99529284 
548 503 39 46 0.99509263 
963 482 39 52 0.99504733 
109 266 36 48 0.99503976 
675 10 29 36 0.9949563 
603 182 36 46 0.99482083 
709 324 39 45 0.9945229 
162 145 34 41 0.99440825 
418 260 32 42 0.99423176 
673 276 38 46 0.9940837 
745 562 38 42 0.993874 
819 570 45 55 0.9936865 
726 591 33 41 0.9935369 
407 583 39 50 0.9930996 
460 510 41 53 0.9930085 
328 64 34 42 0.9926443 
786 217 40 44 0.99252445 
818 275 39 48 0.9925184 
345 0 33 35 0.99244386 
858 424 40 48 0.9924346 
916 528 39 52 0.9917259 
874 167 36 40 0.9916747 
992 335 31 44 0.99161047 
730 284 37 46 0.9909457 
669 79 30 42 0.99085534 
215 110 31 39 0.9898733 
664 499 41 55 0.9895474 
955 353 39 41 0.9893595 
554 569 39 45 0.9886552 
471 36 31 41 0.9884946 
424 196 30 37 0.9877632 
958 212 35 40 0.9875716 
0 459 30 46 0.9867887 
158 274 34 41 0.98663354 
463 205 39 45 0.98615843 
454 288 40 42 0.98590916 
858 241 36 41 0.9835471 
798 402 34 42 0.9827443 
15 222 29 35 0.980685 
486 380 48 54 0.97791606 
57 381 38 50 0.9778064 
592 384 39 44 0.97293144 
162 4 26 32 0.97051215 
143 231 28 34 0.9599004 
736 239 40 41 0.9576733 
424 478 48 50 0.9497999 
207 16 24 32 0.93008155 
223 197 28 30 0.89549935 
544 12 27 37 0.89262086 
406 29 31 36 0.89109445 
-1 339 23 39 0.8706961 
596 440 34 39 0.8586304 
261 559 41 53 0.8070147 
172 510 37 46 0.7838775 
198 310 32 39 0.73083997 
604 5 25 26 0.68313265 
674 401 30 45 0.65200776 
484 255 32 37 0.6023658 
840 349 35 41 0.5674182 
798 171 25 29 0.54714274 
35 85 28 37 0.4837612 
1001 415 23 52 0.45355585 
621 537 34 41 0.45339546 
188 396 34 34 0.38204286 
900 269 25 30 0.2999624 
754 0 30 28 0.2721991 
470 410 29 39 0.23395658 
42 98 29 40 0.22212386 
146 29 18 23 0.19057743 
848 0 24 20 0.18779029 
49 111 33 39 0.18677168 
896 0 30 22 0.16985847 
94 108 24 28 0.15079482 
916 428 28 29 0.14091998 
518 235 26 32 0.1350275 
348 478 26 31 0.0942529 
5 469 39 52 0.08274956 
295 216 29 35 0.08093938 
99 0 22 24 0.0787935 
518 253 29 39 0.076752365 
450 125 25 38 0.07378704 
172 532 34 40 0.073605694 
885 61 40 55 0.061660387 
480 0 20 12 0.057531543 
221 202 37 44 0.055998687 
368 496 30 36 0.055689916 
99 104 17 19 0.052627217 
434 272 37 49 0.052176334 
125 274 38 50 0.05172383 
6 49 25 27 0.051373832 
35 83 18 25 0.044349752 
456 421 40 49 0.043026786 
396 202 27 37 0.038001925 
1001 221 21 34 0.03711357 
416 40 31 38 0.034675945 
107 136 22 29 0.034317523 
535 21 37 50 0.033354744 
59 112 41 47 0.03323134 
719 306 40 48 0.0321667 
871 259 32 40 0.031903185 
749 398 39 52 0.029084409 
403 0 18 13 0.028387923 
778 401 39 51 0.02789334 
616 2 20 26 0.02707002 
3 0 33 35 0.02689751 
2 417 26 35 0.025353054 
741 269 35 45 0.02497511 
496 257 35 48 0.024840413 
727 384 36 50 0.024081921 
531 123 27 33 0.023977263 
405 0 28 20 0.023458825 
392 0 26 21 0.022226088 
526 240 28 36 0.021699553 
696 454 35 47 0.021504741 
275 523 31 31 0.021409709 
52 -3 16 13 0.021281824 
481 394 30 38 0.0206224 
