28_Sports_Fan_Sports_Fan_28_2
105
625 226 145 174 0.9990627 
208 330 130 156 0.9954585 
17 288 9 11 0.30622673 
109 311 11 13 0.25270998 
56 333 9 11 0.18243177 
74 318 9 11 0.15159823 
420 411 11 14 0.14439033 
62 305 8 10 0.13228495 
446 389 8 10 0.08811762 
38 276 8 11 0.084799364 
94 325 8 10 0.08312915 
118 341 9 11 0.0782856 
443 391 8 9 0.07444379 
73 312 9 11 0.07254528 
74 279 7 9 0.071527235 
413 392 8 9 0.06419837 
1 285 7 10 0.061275687 
41 272 7 11 0.058006063 
455 360 7 9 0.057218596 
949 500 10 13 0.055289853 
61 320 8 10 0.055084083 
136 293 8 10 0.052520573 
118 319 8 10 0.05053143 
1 280 8 11 0.049903274 
122 297 7 9 0.049516305 
46 271 7 9 0.049496293 
90 321 8 10 0.04947117 
51 333 9 12 0.04796768 
60 325 9 11 0.047882926 
470 421 11 14 0.047440305 
77 325 8 10 0.047073256 
7 302 8 10 0.04433999 
457 398 8 10 0.04421487 
414 397 8 10 0.044078726 
34 277 8 11 0.041243486 
114 277 8 9 0.038261935 
118 277 8 9 0.03680987 
1 301 8 11 0.036763623 
417 408 11 14 0.035690293 
100 356 10 12 0.035677157 
95 357 10 12 0.03521282 
442 397 8 10 0.03455364 
123 342 10 11 0.03437127 
110 288 8 10 0.034022614 
80 337 6 9 0.033143003 
496 358 6 9 0.0331132 
13 269 9 10 0.032495853 
58 308 8 10 0.032366697 
534 398 8 11 0.032281294 
130 313 6 8 0.03211807 
121 326 8 9 0.031077985 
525 435 14 17 0.03098079 
426 389 8 8 0.030459672 
114 342 9 11 0.029778598 
55 279 7 9 0.029677609 
73 273 7 8 0.02963039 
489 440 9 11 0.029601779 
106 287 8 10 0.029225849 
6 316 9 12 0.029134559 
931 503 18 20 0.029132625 
50 280 6 8 0.028889354 
464 397 7 10 0.02836448 
9 265 7 9 0.028130595 
917 475 30 36 0.02785714 
127 296 8 9 0.027754284 
934 479 9 12 0.027721506 
17 375 11 12 0.026945665 
490 406 8 10 0.026659349 
0 311 8 11 0.026555195 
82 342 6 8 0.026408939 
530 400 9 11 0.026391758 
429 406 10 12 0.026208993 
9 297 8 10 0.025900532 
927 478 12 14 0.0256272 
7 310 10 13 0.025590802 
976 512 19 20 0.025372446 
104 353 9 11 0.025351277 
494 405 7 9 0.024913274 
98 294 7 9 0.024777588 
136 312 7 9 0.024425948 
1 295 7 11 0.024301229 
472 398 8 9 0.023688283 
503 429 8 11 0.023517784 
79 277 7 9 0.022783954 
23 279 8 10 0.022752699 
49 286 8 9 0.022693675 
490 444 9 12 0.022596866 
125 301 7 9 0.02206706 
439 353 7 8 0.022014748 
941 502 12 14 0.021834401 
47 295 7 9 0.021784954 
73 335 7 10 0.021686688 
127 319 8 10 0.021562234 
414 384 7 9 0.021514101 
87 277 8 9 0.021433925 
2 316 8 12 0.021356735 
24 253 7 8 0.021299368 
30 287 8 10 0.021137709 
495 401 7 9 0.021113433 
104 305 8 9 0.020964524 
73 286 8 9 0.020957127 
425 410 13 16 0.020696029 
15 265 8 10 0.020669807 
130 288 8 10 0.02025242 
33 294 7 10 0.020107633 
