28_Sports_Fan_Sports_Fan_28_118
83
637 316 96 111 0.9983834 
1 374 81 103 0.99579227 
48 81 31 39 0.99301153 
96 126 28 36 0.99143773 
483 324 88 125 0.98880845 
327 160 37 52 0.9748956 
12 203 75 93 0.9724816 
550 230 34 50 0.96106327 
711 206 36 58 0.94413877 
887 49 16 22 0.4393515 
778 32 14 18 0.4137693 
530 135 23 26 0.36349136 
842 464 54 59 0.36237034 
39 47 15 18 0.35838848 
0 88 26 34 0.30150256 
657 179 28 33 0.18031475 
218 198 31 40 0.1716556 
918 50 15 19 0.13119893 
0 5 20 28 0.122029066 
145 141 27 34 0.11915584 
858 1 20 20 0.11115617 
851 4 16 17 0.109446675 
745 14 17 19 0.094791025 
814 46 11 15 0.0912982 
158 45 60 79 0.08984536 
674 28 15 18 0.08448401 
429 353 42 59 0.081432395 
305 287 52 47 0.080689676 
485 148 37 51 0.07674196 
842 45 16 22 0.076042406 
806 0 14 11 0.06735184 
129 48 26 39 0.06690357 
726 12 13 18 0.06357622 
742 0 12 9 0.06010408 
192 100 25 30 0.05996964 
922 110 18 23 0.05856614 
125 44 14 19 0.050314922 
816 91 13 17 0.045940388 
3 104 25 36 0.045573425 
909 27 13 16 0.040552035 
35 36 21 27 0.037405826 
1004 16 12 15 0.037113495 
138 108 22 31 0.036245197 
899 0 17 12 0.034613643 
316 152 33 45 0.03441897 
565 236 29 41 0.033326637 
194 37 60 81 0.033195574 
610 260 45 57 0.032947753 
4 21 16 21 0.032725092 
203 196 33 42 0.03245017 
164 43 26 32 0.03216133 
126 39 22 34 0.0314761 
729 245 39 36 0.031020619 
782 4 15 16 0.030962793 
847 33 25 32 0.02978222 
25 203 28 34 0.029385056 
646 183 40 50 0.029095089 
34 49 23 28 0.028842753 
773 22 17 21 0.028796107 
735 0 11 11 0.028525064 
0 47 26 37 0.027852692 
154 154 38 45 0.027610434 
909 89 15 20 0.027597476 
38 25 14 21 0.027567279 
832 50 16 19 0.026835414 
308 142 31 41 0.026030362 
720 12 11 15 0.025356682 
686 0 10 8 0.024922617 
185 82 30 41 0.023684219 
983 5 12 14 0.02354443 
134 35 33 46 0.023343505 
230 193 31 40 0.023335498 
633 192 41 55 0.023056053 
238 26 50 67 0.02302293 
910 43 16 21 0.02244688 
606 234 40 56 0.022249553 
170 166 47 61 0.022111341 
881 49 14 19 0.02205536 
473 192 32 27 0.021499606 
704 4 12 14 0.020383075 
896 50 15 19 0.020265736 
907 96 20 26 0.020194484 
321 307 36 38 0.02005319 
