28_Sports_Fan_Sports_Fan_28_751
35
193 134 49 65 0.99844956 
523 239 67 76 0.9950191 
16 161 41 55 0.9924757 
131 4 30 40 0.963935 
682 27 43 52 0.3403497 
173 137 26 39 0.3040682 
850 470 72 80 0.17186317 
92 185 13 16 0.16475433 
936 0 26 22 0.101296864 
321 484 43 57 0.09280494 
304 48 29 32 0.077514976 
640 318 43 57 0.071325906 
9 58 23 30 0.060420424 
101 1 24 24 0.059102394 
98 156 14 18 0.039037704 
210 0 20 18 0.033139087 
195 106 25 28 0.028905218 
352 317 45 55 0.028381348 
789 1 28 26 0.027551014 
817 34 21 23 0.027354248 
907 0 18 12 0.026935114 
711 0 19 13 0.02681437 
79 56 23 31 0.02609101 
584 3 44 52 0.025815628 
296 39 51 51 0.025618693 
856 444 109 118 0.024144277 
162 -1 29 22 0.023315584 
621 65 26 34 0.021918885 
144 3 32 35 0.021785488 
392 363 67 71 0.021609848 
13 48 26 31 0.02147991 
800 -2 17 15 0.021085305 
132 20 20 27 0.02104174 
200 76 13 15 0.02093278 
26 0 26 27 0.020587657 
