28_Sports_Fan_Sports_Fan_28_267
245
354 226 17 21 0.99284256 
626 281 19 22 0.9809018 
346 328 19 24 0.9730218 
502 343 20 26 0.97065866 
359 257 17 19 0.96819067 
633 344 20 25 0.9615449 
405 203 16 21 0.9590206 
420 242 19 22 0.95438546 
595 401 16 22 0.95409226 
438 386 18 21 0.94382066 
327 277 14 17 0.9359247 
312 216 17 23 0.8764804 
562 367 17 22 0.8439768 
634 196 20 23 0.8288689 
681 239 16 21 0.71445966 
342 199 12 14 0.5935035 
444 228 16 23 0.54601675 
286 262 15 20 0.5116463 
459 197 14 17 0.42613852 
192 698 13 17 0.33494344 
667 255 17 20 0.3065137 
482 668 8 11 0.27310607 
356 214 13 16 0.25978142 
666 199 24 30 0.25194192 
450 670 8 11 0.22640951 
466 669 8 10 0.21509822 
411 315 16 18 0.21421951 
504 323 17 20 0.17323694 
228 705 12 17 0.16696014 
548 693 9 12 0.16504538 
26 693 10 12 0.15589382 
317 694 11 14 0.14706376 
245 676 9 12 0.14343284 
712 669 9 10 0.14140132 
697 712 9 12 0.14041734 
212 694 9 12 0.13749935 
497 672 9 11 0.13415809 
336 695 10 13 0.12931457 
5 693 15 19 0.12689015 
824 613 9 11 0.12606296 
365 215 12 15 0.11762734 
621 325 15 21 0.11709646 
642 253 14 16 0.10395658 
296 695 11 14 0.10113102 
517 666 9 11 0.10077863 
442 706 12 15 0.09890266 
885 706 12 14 0.09828023 
607 309 15 18 0.09767196 
247 708 13 16 0.09256999 
389 629 9 11 0.087023534 
248 701 10 13 0.085446894 
600 278 9 11 0.082893565 
528 275 9 12 0.08083373 
496 677 9 10 0.08036512 
727 670 8 10 0.07812312 
476 208 11 13 0.07691833 
353 695 10 12 0.074954286 
190 715 11 13 0.0736876 
890 193 21 22 0.073680386 
454 23 70 77 0.07221162 
242 672 9 10 0.068080574 
45 695 10 14 0.06772597 
210 671 9 11 0.06747831 
589 279 10 12 0.06690653 
224 675 10 13 0.06557515 
212 699 11 14 0.06476846 
428 259 15 17 0.064227104 
533 669 9 11 0.063847825 
346 669 9 12 0.06365456 
533 701 10 13 0.063170195 
129 692 11 13 0.06005725 
316 706 11 15 0.059668757 
695 670 9 11 0.059614778 
193 669 11 13 0.058539875 
416 227 10 13 0.058236588 
258 662 8 10 0.05672716 
328 677 10 12 0.054264557 
325 214 12 16 0.052496944 
450 692 9 11 0.0522594 
44 717 10 12 0.051955428 
774 652 9 12 0.050877366 
514 668 9 11 0.050206702 
389 676 8 11 0.049141843 
761 615 10 11 0.049136046 
284 668 10 12 0.049119677 
786 632 7 9 0.048745513 
470 205 11 15 0.04872499 
677 249 14 19 0.047207616 
176 669 11 14 0.046870206 
479 270 8 10 0.046724766 
174 694 10 12 0.046282467 
617 669 10 12 0.046020817 
209 676 10 12 0.04532372 
545 689 8 11 0.044643708 
374 694 8 11 0.044591505 
390 231 9 11 0.04373071 
544 669 8 11 0.04339175 
230 696 9 11 0.04331062 
480 685 10 14 0.043245025 
449 675 8 11 0.043185923 
739 688 7 9 0.042506043 
70 716 8 12 0.04225607 
459 365 11 14 0.041582074 
225 693 8 11 0.041460566 
585 669 9 12 0.041414376 
727 687 8 9 0.04106124 
62 695 9 11 0.040850945 
669 272 14 18 0.040500112 
111 699 13 16 0.03966469 
212 708 11 13 0.03941347 
99 716 11 13 0.039056882 
653 669 9 12 0.03889622 
713 679 8 10 0.038531963 
264 703 11 15 0.038419604 
76 608 11 13 0.03780466 
24 709 9 12 0.03776274 
834 629 8 11 0.036998313 
439 685 8 12 0.03687658 
282 699 13 18 0.036726005 
157 693 9 11 0.036470037 
404 217 13 16 0.03640233 
511 272 9 10 0.035862606 
729 679 7 10 0.035766903 
316 670 9 11 0.035331707 
530 259 10 13 0.034676462 
172 629 9 11 0.034519345 
782 637 8 9 0.034343127 
608 644 9 11 0.034296792 
503 686 9 13 0.034263816 
389 671 9 11 0.034123693 
420 381 12 15 0.034075405 
3 718 12 14 0.033945482 
794 639 8 10 0.0336346 
662 694 9 10 0.03300055 
500 254 11 12 0.03297124 
601 239 9 12 0.032107983 
449 666 8 10 0.031857084 
589 694 9 10 0.031854432 
606 693 8 10 0.03173452 
198 686 9 11 0.031586878 
195 708 12 15 0.031572506 
434 670 8 9 0.031391084 
658 294 16 22 0.031241642 
301 669 9 11 0.030889397 
248 695 10 12 0.03055511 
737 637 11 13 0.030524112 
997 668 22 30 0.03019521 
236 705 10 16 0.030092152 
227 671 10 12 0.030087978 
368 666 8 9 0.030053876 
483 341 13 17 0.029954677 
433 680 7 10 0.029669143 
450 454 12 16 0.029395826 
174 698 12 16 0.029376758 
245 683 12 15 0.02908082 
484 665 8 11 0.029071357 
428 230 11 14 0.028746353 
423 679 8 10 0.028745858 
346 200 14 17 0.028733706 
366 707 12 15 0.028641557 
370 694 9 12 0.028615203 
433 665 8 10 0.028549274 
571 698 12 17 0.028539708 
186 629 9 11 0.028467061 
386 673 8 11 0.028370507 
28 708 10 13 0.028343786 
784 653 9 11 0.028218096 
496 691 8 11 0.028121041 
529 676 9 13 0.02811557 
759 661 8 10 0.02791963 
625 645 9 12 0.027291726 
540 290 13 16 0.027215375 
453 689 9 12 0.027195403 
339 699 10 14 0.026931416 
695 343 12 16 0.026584862 
549 669 9 11 0.026457924 
375 457 11 13 0.025998984 
656 635 9 12 0.025712384 
695 676 9 11 0.025625128 
196 262 15 19 0.025573246 
680 694 8 9 0.025506848 
4 706 14 15 0.025472278 
502 678 9 11 0.025405373 
660 474 12 16 0.02540378 
712 646 8 11 0.025349846 
240 664 8 9 0.025317837 
891 700 13 15 0.02529857 
285 644 9 11 0.025191322 
470 234 10 10 0.025147652 
333 218 11 14 0.025070483 
273 671 7 9 0.025050221 
215 717 10 12 0.025007019 
895 695 11 13 0.024824113 
114 717 13 15 0.024776239 
153 718 11 13 0.024738459 
81 670 12 14 0.024602221 
478 654 8 10 0.024469288 
285 694 9 13 0.024464298 
422 228 12 14 0.02442001 
758 242 16 21 0.024416717 
627 327 21 26 0.023638882 
599 620 8 10 0.023354013 
375 266 12 16 0.023341835 
673 668 9 12 0.023108352 
570 680 7 9 0.023058327 
115 605 16 18 0.02302796 
257 656 7 10 0.022882562 
344 687 7 10 0.022879332 
589 676 9 12 0.022789272 
215 689 9 11 0.02258603 
639 635 10 12 0.02257255 
988 710 13 15 0.022529868 
229 648 10 12 0.022525452 
496 647 9 9 0.022395935 
497 664 9 11 0.022305269 
481 681 8 9 0.022198113 
193 677 9 12 0.02218215 
264 679 10 13 0.02212074 
197 677 9 12 0.022102527 
790 654 9 11 0.021981526 
586 283 10 13 0.02195581 
536 665 8 11 0.021762237 
636 670 10 12 0.02167752 
319 690 9 11 0.021520467 
293 695 17 24 0.021433555 
622 694 9 10 0.021426536 
902 714 10 14 0.021311903 
287 687 8 10 0.021226222 
134 629 9 10 0.021087727 
223 687 9 11 0.021024989 
348 666 9 10 0.021013172 
399 221 10 13 0.021002227 
669 244 12 16 0.020983214 
360 672 8 9 0.02097772 
416 664 8 10 0.02086071 
501 271 9 11 0.02081407 
372 259 12 17 0.020802667 
326 686 9 10 0.020690845 
303 235 10 14 0.020601727 
282 686 8 11 0.020497723 
372 699 10 14 0.020377973 
453 677 9 10 0.020367095 
313 700 12 17 0.02028027 
269 678 8 11 0.020246303 
1005 699 13 18 0.020093117 
