24_Soldier_Firing_Soldier_Firing_24_633
33
875 392 43 61 0.9918434 
0 269 28 49 0.9823538 
448 443 43 69 0.56497407 
856 413 31 44 0.26232582 
778 402 33 36 0.21357568 
837 423 42 41 0.20515403 
109 20 11 13 0.18089417 
493 46 10 14 0.08358036 
468 449 34 54 0.069015436 
755 937 14 20 0.058386147 
480 398 44 55 0.053979926 
140 25 9 10 0.045059912 
920 360 8 10 0.040888365 
998 64 8 10 0.03780777 
921 53 9 13 0.0376072 
115 21 11 13 0.037036926 
827 432 37 38 0.034389332 
418 451 57 72 0.033902664 
151 0 9 9 0.033499587 
774 388 32 36 0.029619684 
105 17 10 12 0.028072342 
108 -10 413 499 0.027044984 
887 16 9 11 0.025012132 
473 416 45 65 0.024577247 
947 243 18 20 0.024027709 
884 631 83 161 0.022524461 
138 27 9 12 0.022519663 
953 62 10 12 0.02209925 
925 361 8 10 0.021990322 
844 408 30 40 0.021744566 
986 370 20 21 0.021563213 
789 390 30 40 0.020870406 
927 78 13 18 0.020367106 
