24_Soldier_Firing_Soldier_Firing_24_405
20
332 382 62 85 0.9983876 
114 1173 22 25 0.08075796 
722 296 7 10 0.05973884 
166 423 8 10 0.055863343 
247 480 9 10 0.039307486 
263 485 8 9 0.032618787 
984 438 7 9 0.03139356 
726 254 8 9 0.030279374 
722 332 8 10 0.0290239 
265 481 7 9 0.028764147 
272 480 7 8 0.026881002 
890 254 7 9 0.025701169 
128 1166 26 32 0.025478657 
728 135 8 10 0.025174992 
222 480 7 9 0.025049163 
335 571 81 139 0.024336644 
831 548 103 149 0.024064235 
881 285 8 10 0.023286037 
297 478 7 11 0.021287492 
224 493 8 10 0.020469539 
