24_Soldier_Firing_Soldier_Firing_24_601
42
86 313 30 38 0.9981382 
295 320 30 37 0.99807966 
176 325 34 37 0.9976584 
473 305 31 36 0.9976331 
392 309 31 38 0.997543 
860 302 35 39 0.9973303 
736 322 36 40 0.99676967 
596 305 38 43 0.9893161 
980 294 12 16 0.9480479 
25 329 14 17 0.88566715 
413 286 28 34 0.74235356 
306 289 35 39 0.7025709 
983 337 13 16 0.4383956 
825 330 24 27 0.34516597 
908 328 13 15 0.19783023 
298 302 40 45 0.16669922 
407 295 27 36 0.15413532 
496 464 28 34 0.13979304 
587 314 28 35 0.13118933 
1009 345 8 10 0.117244646 
625 291 35 42 0.10634359 
0 340 10 19 0.07879326 
365 476 14 18 0.06552858 
426 311 26 34 0.06037128 
747 294 35 43 0.051257424 
836 326 15 17 0.046094827 
976 327 20 27 0.044448785 
76 317 23 31 0.03655051 
526 287 25 39 0.035818398 
259 348 16 19 0.034083385 
315 292 21 24 0.028138753 
957 359 9 11 0.02643019 
887 308 25 29 0.026358135 
986 326 15 20 0.023819098 
513 295 26 37 0.023663232 
496 440 38 54 0.022315606 
903 319 22 24 0.021348711 
14 304 11 13 0.02108167 
997 331 11 15 0.020900505 
945 304 8 10 0.020845542 
460 308 27 34 0.02065114 
424 286 19 23 0.020339217 
