24_Soldier_Firing_Soldier_Firing_24_691
35
777 321 29 35 0.99709225 
667 317 25 30 0.99706763 
271 309 30 34 0.99670947 
294 277 26 33 0.9961849 
622 305 25 29 0.99613 
418 339 26 31 0.9960348 
547 271 23 27 0.99602437 
504 312 24 28 0.99550605 
741 296 28 31 0.9943737 
238 216 24 30 0.9943482 
877 325 28 36 0.99079317 
562 327 23 27 0.98877317 
822 384 35 41 0.9884045 
93 121 41 57 0.98406625 
366 306 22 24 0.98295885 
878 453 31 44 0.98215425 
267 270 24 29 0.9801143 
411 248 23 25 0.97604513 
824 303 20 27 0.96225387 
441 311 22 26 0.9621999 
803 366 28 36 0.9558407 
579 267 21 24 0.9531454 
956 302 21 23 0.9505885 
726 309 16 19 0.63460517 
199 130 7 9 0.09954452 
731 299 22 29 0.09520199 
278 273 25 32 0.06295845 
647 314 15 21 0.051603634 
808 308 22 30 0.03695991 
727 312 22 26 0.032928113 
944 353 16 22 0.025540637 
175 135 11 14 0.024935186 
1012 261 10 15 0.022349663 
895 333 26 31 0.021001972 
804 308 17 22 0.020967146 
