24_Soldier_Firing_Soldier_Firing_24_931
31
493 99 73 78 0.99765813 
364 66 25 28 0.9924582 
730 56 25 29 0.9581955 
256 49 25 28 0.9390987 
437 58 19 21 0.6496144 
639 143 60 88 0.54489094 
837 111 11 13 0.43102854 
917 95 11 14 0.2336774 
876 110 11 13 0.19730183 
1015 166 7 13 0.05425575 
916 118 13 14 0.04837739 
653 171 31 57 0.044677585 
913 100 13 15 0.043989956 
544 33 25 27 0.037133526 
832 115 11 13 0.03632779 
844 140 15 19 0.03420222 
870 140 11 15 0.033385925 
462 74 16 21 0.033149786 
429 60 17 24 0.031673916 
881 124 12 14 0.026726916 
640 138 39 53 0.026039865 
904 108 9 11 0.025987383 
909 122 12 15 0.025776075 
467 70 15 17 0.025622273 
954 193 19 21 0.025021264 
896 140 9 12 0.024993287 
674 131 62 83 0.023655914 
910 150 12 14 0.022684688 
282 230 39 28 0.022384334 
923 117 11 13 0.021884788 
865 140 11 15 0.021874193 
