24_Soldier_Firing_Soldier_Firing_24_95
17
348 135 412 516 0.044931583 
805 -5 129 113 0.043101903 
282 119 110 173 0.04031193 
137 309 96 104 0.038916197 
146 188 55 44 0.037331123 
304 106 57 83 0.036529347 
154 186 27 31 0.025156276 
38 485 115 143 0.024217905 
95 400 244 231 0.023812741 
145 245 46 44 0.023754187 
157 187 16 18 0.022878218 
151 124 35 49 0.022746433 
319 70 31 33 0.021954497 
240 344 258 324 0.021700364 
-1 196 42 88 0.02165187 
300 162 51 68 0.021282928 
8 494 64 79 0.02021655 
