24_Soldier_Firing_Soldier_Firing_24_315
26
305 264 68 81 0.98608184 
150 20 57 65 0.9783214 
277 83 17 20 0.95108867 
604 387 24 29 0.75752324 
10 66 44 34 0.6745516 
9 46 22 36 0.14023857 
731 8 239 236 0.07744282 
176 31 37 48 0.074111626 
296 77 12 18 0.060599547 
376 338 25 27 0.05547687 
85 28 15 17 0.052533638 
838 0 31 33 0.04968444 
24 412 31 31 0.04921011 
361 201 17 20 0.044628367 
806 21 64 96 0.04163254 
79 27 44 56 0.037310887 
82 26 31 34 0.0323074 
796 3 26 32 0.029055463 
415 109 10 14 0.025493316 
789 68 23 30 0.024839312 
824 58 33 43 0.024026359 
885 0 35 29 0.02283628 
167 67 41 32 0.022138821 
125 325 64 63 0.021955939 
607 421 26 32 0.021435542 
494 432 9 11 0.02088492 
