24_Soldier_Firing_Soldier_Firing_24_644
67
282 172 24 28 0.97825944 
578 276 27 33 0.95440465 
207 152 22 31 0.8632735 
53 99 22 29 0.85828686 
459 215 18 20 0.81073886 
132 111 27 33 0.6791951 
548 276 26 33 0.5978748 
398 190 16 23 0.44669828 
471 197 13 15 0.3153432 
117 147 21 25 0.2280872 
311 179 28 31 0.22170967 
439 205 11 16 0.15736628 
437 283 16 18 0.09108335 
217 150 26 37 0.087557554 
442 332 33 39 0.08723747 
0 193 11 19 0.08434597 
123 100 30 31 0.084269434 
426 197 24 33 0.078388 
624 300 19 22 0.076097004 
59 89 21 31 0.06185679 
0 239 10 20 0.061169457 
96 139 21 27 0.059597988 
299 162 17 24 0.059226695 
226 101 13 16 0.05771774 
397 179 23 28 0.05760293 
24 69 25 28 0.050846294 
14 89 13 20 0.050136782 
61 156 26 30 0.04778736 
539 280 20 24 0.04602387 
0 109 17 25 0.042983692 
308 262 10 12 0.040002964 
350 184 15 25 0.037087593 
127 125 26 33 0.036705185 
166 300 11 13 0.035093624 
486 256 14 19 0.03295262 
224 170 27 31 0.03267743 
3 189 13 21 0.032480896 
403 191 39 48 0.032269783 
107 146 19 23 0.031849105 
325 185 23 31 0.0308477 
445 207 11 17 0.029811371 
478 247 19 27 0.029605633 
639 281 10 12 0.02776461 
341 186 20 31 0.027473405 
80 88 23 30 0.027424393 
323 337 532 473 0.027323846 
465 196 13 14 0.027266432 
31 218 10 13 0.026902555 
0 75 9 18 0.025386993 
21 78 16 21 0.025345063 
332 184 13 20 0.025229441 
92 93 13 18 0.025023974 
382 248 23 31 0.024799475 
175 363 30 37 0.024330948 
360 303 44 47 0.023912204 
144 107 18 24 0.023567067 
0 93 22 33 0.023498561 
464 193 21 24 0.023392923 
430 276 17 21 0.02329788 
146 121 17 25 0.02323238 
212 138 23 37 0.02312905 
0 81 11 22 0.022029541 
351 303 30 41 0.021452771 
341 176 14 23 0.021273999 
77 277 11 14 0.021092918 
53 75 24 28 0.020471625 
475 192 14 19 0.020325277 
