24_Soldier_Firing_Soldier_Firing_24_15
17
489 215 131 150 0.998302 
923 985 29 46 0.5061766 
728 261 23 29 0.26875114 
172 817 218 264 0.13602853 
816 968 29 43 0.1024332 
207 521 27 39 0.05985121 
790 951 55 77 0.05798288 
45 770 387 479 0.056872033 
236 540 13 15 0.04818624 
59 1242 230 203 0.047685012 
487 211 448 442 0.042059824 
271 858 98 155 0.029932044 
285 548 18 22 0.025066866 
609 329 228 231 0.022538144 
7 1271 161 214 0.021783853 
742 267 18 21 0.021068865 
312 890 62 96 0.021001501 
