20_Family_Group_Family_Group_20_672
84
304 142 35 45 0.99908805 
455 829 28 38 0.99906224 
641 240 34 42 0.9990237 
437 154 34 44 0.99901295 
311 252 33 44 0.99899954 
608 847 27 34 0.99886847 
748 228 35 45 0.9988651 
310 867 29 35 0.9988213 
662 143 33 39 0.99875784 
362 222 31 39 0.9987173 
854 845 27 37 0.9986237 
275 291 38 47 0.9985266 
168 491 37 44 0.9984711 
494 837 30 38 0.99843997 
678 866 27 36 0.9983718 
826 843 26 34 0.9983608 
108 488 38 48 0.9983279 
508 204 36 42 0.9983051 
740 890 27 35 0.99828786 
809 900 26 35 0.9976857 
607 212 35 44 0.99763465 
191 223 37 45 0.9976127 
645 1032 30 40 0.9975103 
539 210 29 40 0.99750465 
449 1025 30 39 0.9974285 
304 821 29 36 0.9973042 
281 214 32 40 0.99681264 
108 948 26 33 0.9967788 
205 862 28 35 0.99654084 
401 230 32 40 0.9963082 
359 274 38 48 0.99627894 
712 183 33 43 0.9958702 
255 1022 24 33 0.99576724 
802 283 37 50 0.9957117 
89 861 29 35 0.995593 
587 340 38 48 0.99555665 
868 310 44 53 0.9955472 
143 273 35 46 0.99524915 
689 274 41 51 0.9950819 
349 1024 30 33 0.9949957 
423 268 41 46 0.99497664 
263 873 27 35 0.9946162 
213 303 41 53 0.99437135 
427 837 27 36 0.9943041 
561 268 40 54 0.9942781 
567 875 30 37 0.99375325 
680 185 24 31 0.9936079 
755 342 41 56 0.99340916 
356 848 26 33 0.9931378 
132 871 24 33 0.9928676 
739 1045 27 33 0.9924109 
393 878 26 29 0.99143386 
237 494 39 45 0.99045813 
101 266 42 56 0.99008906 
572 488 41 48 0.986048 
553 830 26 29 0.98365617 
473 267 42 51 0.9831942 
682 242 36 40 0.9790501 
820 1044 23 27 0.9650756 
368 346 44 49 0.9551447 
232 866 21 28 0.93119854 
772 882 24 34 0.9098893 
509 943 19 29 0.7667554 
781 873 26 36 0.65813226 
735 845 25 31 0.47144747 
516 1035 23 27 0.35373035 
650 846 26 32 0.33146 
160 1114 25 26 0.28087565 
819 1025 28 30 0.19294089 
681 257 40 47 0.15151061 
162 1034 25 29 0.14104646 
401 286 26 34 0.12291189 
264 1106 18 20 0.081845984 
510 1015 29 35 0.06735212 
260 930 16 20 0.054453924 
116 464 23 27 0.053345855 
782 866 17 21 0.04640622 
507 924 16 17 0.038802247 
414 280 30 37 0.03202222 
505 928 21 29 0.02653597 
264 859 22 25 0.02473912 
770 1028 16 23 0.022108866 
270 590 38 50 0.021340467 
167 1058 18 20 0.020954408 
