20_Family_Group_Family_Group_20_64
31
653 120 52 68 0.9997421 
307 322 66 82 0.9997311 
486 166 53 65 0.99964774 
171 305 53 64 0.99957377 
718 327 59 73 0.9995421 
3 372 65 74 0.9995185 
463 320 63 85 0.9994103 
615 391 71 95 0.99938476 
176 432 55 68 0.9991774 
886 310 51 63 0.99849606 
755 279 51 63 0.9983524 
49 133 53 67 0.99808097 
277 27 40 50 0.9974183 
757 486 76 84 0.9972638 
318 163 45 52 0.9964553 
611 320 47 55 0.9959245 
341 280 50 61 0.99418074 
253 184 37 41 0.99299675 
152 232 44 47 0.99194396 
798 56 43 54 0.99144346 
542 170 40 49 0.9810408 
980 205 25 43 0.970176 
660 256 27 34 0.53971463 
853 479 51 50 0.51778656 
457 194 22 28 0.22770067 
1005 219 19 30 0.11326777 
1007 421 16 34 0.034179963 
86 142 29 47 0.029785996 
743 304 50 62 0.02916728 
969 220 27 37 0.02771682 
415 315 48 73 0.021281559 
