20_Family_Group_Family_Group_20_294
32
484 206 33 43 0.9995472 
700 195 31 38 0.9995202 
651 361 32 37 0.9994025 
843 255 32 38 0.99929154 
562 275 32 39 0.9992588 
654 217 30 37 0.99924374 
550 361 29 35 0.9992249 
583 228 29 34 0.9991467 
174 184 34 38 0.9990791 
238 336 31 36 0.9989668 
678 259 31 36 0.99891937 
743 247 31 41 0.99883014 
464 304 32 37 0.99847263 
791 188 33 45 0.9980718 
387 314 30 35 0.997693 
396 184 32 39 0.99761283 
137 387 38 48 0.9974293 
777 270 33 42 0.9972958 
278 218 37 44 0.9972198 
354 230 34 47 0.99718446 
383 225 30 41 0.996558 
213 233 37 46 0.99640346 
534 177 33 37 0.99629575 
117 267 29 31 0.9898258 
372 228 29 44 0.054580152 
600 221 22 31 0.046926003 
972 245 9 11 0.03620659 
138 203 13 18 0.028877525 
852 598 17 24 0.027485408 
448 309 21 29 0.022323227 
763 257 34 48 0.02181436 
603 686 31 35 0.020503374 
