20_Family_Group_Family_Group_20_636
177
949 67 16 21 0.9902856 
621 109 14 18 0.98366714 
733 109 13 17 0.9783473 
886 96 18 22 0.96928847 
510 107 13 15 0.96141076 
302 92 12 17 0.9320124 
837 81 14 22 0.9312403 
663 118 14 17 0.89942384 
390 110 12 14 0.8985618 
712 85 12 17 0.8922511 
347 103 13 16 0.873685 
774 124 13 22 0.84513474 
432 118 11 15 0.8079812 
235 116 14 18 0.779405 
192 125 21 26 0.7192484 
464 104 12 16 0.7112747 
805 81 12 16 0.7098027 
269 113 16 22 0.6917292 
565 168 13 22 0.49339414 
347 150 22 30 0.47545257 
556 98 11 14 0.42283452 
202 125 13 17 0.38251004 
261 101 12 15 0.36100745 
495 115 14 17 0.33776617 
851 122 17 23 0.3131506 
647 164 13 23 0.24311382 
505 86 10 12 0.23907702 
477 121 12 18 0.18624635 
148 60 13 16 0.18241756 
149 52 13 17 0.15733832 
210 162 15 20 0.15460442 
386 108 11 15 0.15291914 
909 131 13 22 0.13416101 
510 80 9 11 0.13052237 
503 91 10 12 0.13020882 
441 100 8 10 0.123551205 
187 108 12 15 0.11853389 
1006 138 14 19 0.111125216 
686 178 16 17 0.111091234 
991 135 20 26 0.10550876 
486 70 8 10 0.09649477 
173 125 16 23 0.0875795 
581 159 16 20 0.085643515 
221 101 12 14 0.08553057 
568 174 20 21 0.084712274 
499 119 14 18 0.07802576 
199 84 11 14 0.07404552 
763 115 14 19 0.073661156 
206 206 14 17 0.07220355 
552 85 8 10 0.0708539 
413 71 8 10 0.067514084 
1011 133 11 18 0.06733436 
689 184 17 18 0.066154435 
144 65 13 14 0.062664434 
270 83 10 13 0.061797645 
924 106 15 22 0.06175918 
114 187 14 21 0.061304294 
985 127 20 31 0.061278038 
124 173 18 22 0.060949203 
248 80 9 11 0.05950762 
233 70 9 11 0.059270684 
132 245 10 11 0.057783566 
811 82 13 19 0.057444893 
133 120 9 11 0.056521915 
95 123 10 12 0.056418303 
125 137 12 17 0.0551988 
178 122 22 28 0.05496524 
263 177 20 31 0.053430814 
64 111 10 12 0.053262513 
172 71 9 11 0.052622825 
932 143 28 34 0.052175257 
198 68 13 16 0.051946286 
836 127 14 22 0.05189439 
769 121 13 22 0.05160055 
198 76 12 15 0.050597414 
68 110 11 14 0.049700577 
205 54 11 12 0.049676657 
180 94 12 14 0.04949483 
542 118 8 11 0.048435993 
519 133 10 13 0.047944542 
732 188 14 19 0.045236576 
940 106 15 20 0.04489458 
383 135 12 17 0.044590373 
521 126 10 14 0.043885447 
204 89 12 15 0.043725103 
205 45 12 12 0.043029692 
771 78 14 17 0.042769555 
204 59 11 15 0.04262081 
820 85 13 18 0.042106073 
329 63 8 10 0.041936725 
979 118 18 26 0.040242583 
113 127 9 12 0.03950343 
652 95 10 12 0.03945243 
502 109 13 16 0.039295126 
197 103 10 14 0.03904514 
154 58 14 16 0.03882144 
448 135 10 13 0.038632322 
461 28 11 13 0.037838574 
414 102 10 12 0.037641272 
189 102 12 16 0.036901362 
117 127 11 13 0.03688399 
892 144 16 19 0.034869395 
739 188 16 19 0.033745326 
533 84 8 11 0.03356889 
93 109 11 15 0.032646783 
651 172 14 21 0.03216434 
278 70 9 12 0.031989284 
335 100 11 17 0.031268146 
336 95 8 13 0.030851163 
279 115 15 20 0.030369468 
709 99 11 15 0.028832415 
325 106 13 19 0.028829424 
695 141 12 16 0.028745208 
144 55 24 26 0.02834022 
573 250 17 20 0.02783348 
50 77 9 13 0.027682686 
408 107 11 16 0.027250212 
930 109 17 22 0.027118172 
151 156 16 19 0.027106062 
417 78 8 11 0.02695114 
901 139 15 20 0.026824346 
914 132 25 33 0.026700282 
574 119 11 13 0.02641945 
758 111 15 17 0.026404366 
445 96 8 11 0.025698485 
718 147 12 17 0.02556707 
251 82 12 15 0.024977457 
522 85 7 10 0.024966717 
172 119 14 18 0.024960624 
155 46 14 16 0.024924556 
266 102 13 17 0.024575124 
436 111 10 14 0.024449542 
100 124 9 12 0.024336452 
528 102 7 10 0.024037624 
230 74 11 14 0.023594625 
175 163 20 26 0.02351028 
40 89 12 14 0.023480425 
557 125 13 16 0.023426436 
747 184 12 19 0.023330173 
272 72 10 11 0.022951987 
166 123 15 21 0.02288489 
96 86 9 12 0.022869742 
509 91 10 12 0.022780478 
450 64 8 10 0.022692952 
155 66 14 16 0.022624476 
13 82 10 13 0.022601249 
44 85 11 15 0.022551484 
157 192 18 27 0.02251239 
275 76 10 13 0.022460917 
858 118 14 21 0.022440864 
537 101 8 10 0.022266563 
1013 105 10 16 0.02223025 
154 166 16 22 0.022168629 
71 100 11 15 0.02214412 
253 94 13 17 0.022041857 
150 100 11 15 0.021952424 
704 109 10 15 0.021728555 
141 95 11 14 0.021640206 
537 53 8 10 0.021620426 
422 101 9 11 0.021549268 
921 140 28 36 0.021410111 
489 78 8 11 0.021387279 
432 102 10 12 0.021301432 
247 99 11 16 0.021272352 
84 254 10 11 0.02119754 
449 68 8 11 0.021093672 
148 108 12 14 0.021070207 
215 76 11 14 0.021052953 
394 156 15 18 0.02100995 
159 94 11 13 0.020746972 
68 92 12 16 0.020718832 
374 108 12 16 0.020693472 
386 200 17 20 0.020623632 
252 138 18 22 0.020401815 
525 133 9 12 0.020221373 
529 85 8 10 0.020215958 
101 87 9 12 0.020125335 
