20_Family_Group_Family_Group_20_540
42
813 225 32 42 0.9993315 
498 220 34 45 0.9990356 
130 231 37 47 0.9990037 
707 204 31 43 0.9989183 
654 215 32 41 0.99876463 
577 487 31 42 0.9985739 
394 238 31 38 0.9983448 
572 238 31 36 0.99832493 
756 254 29 37 0.99818677 
49 277 35 44 0.9980185 
458 509 35 40 0.99785453 
383 329 29 36 0.9977627 
140 550 39 45 0.99775344 
894 228 35 46 0.99697256 
252 232 35 49 0.9969488 
316 271 30 37 0.9967415 
779 213 31 39 0.99616975 
458 251 29 37 0.9958098 
277 524 43 54 0.99579704 
0 540 34 47 0.9957279 
189 249 35 46 0.99559855 
573 346 29 35 0.993509 
328 241 33 38 0.9930239 
974 239 34 46 0.98489296 
744 552 32 35 0.97593284 
27 229 38 47 0.9632033 
333 549 38 45 0.9038775 
554 316 26 32 0.90178615 
645 568 27 31 0.5797086 
976 217 30 39 0.29813507 
453 237 25 32 0.22574103 
348 225 16 27 0.10896803 
361 270 23 27 0.08639607 
674 209 26 32 0.08239148 
657 563 23 32 0.070148855 
889 206 31 37 0.06470752 
327 547 28 28 0.050329514 
477 397 30 34 0.04256062 
41 259 38 48 0.029598176 
795 217 34 45 0.023968259 
543 319 26 30 0.023703808 
993 234 26 39 0.020059168 
