20_Family_Group_Family_Group_20_914
43
590 230 27 33 0.99860954 
815 164 27 34 0.99819165 
460 202 29 39 0.9979382 
387 311 30 42 0.99771774 
525 287 30 35 0.9976279 
159 120 26 32 0.99730766 
231 194 26 32 0.99722445 
860 173 28 32 0.9966348 
264 257 24 31 0.9955947 
627 225 28 34 0.9943901 
602 371 24 29 0.9924206 
145 171 24 29 0.9900788 
163 100 12 15 0.8340188 
420 307 22 31 0.3671315 
180 235 14 16 0.24775696 
415 309 12 17 0.24267152 
922 125 8 12 0.1359074 
626 212 14 16 0.09627149 
803 162 16 25 0.07039348 
144 117 20 28 0.06371047 
27 148 27 27 0.057474233 
588 212 12 15 0.055757906 
191 200 13 17 0.052207 
858 162 21 27 0.05016573 
909 126 9 12 0.049217004 
409 309 24 34 0.048086543 
202 197 17 20 0.046216268 
294 311 23 36 0.045787998 
68 136 14 19 0.045764063 
740 297 11 13 0.0414942 
378 304 23 31 0.03334749 
910 203 25 31 0.032520708 
156 104 15 18 0.031532884 
95 133 11 14 0.03012356 
218 257 28 34 0.030053312 
582 216 20 26 0.02943656 
598 214 11 13 0.029224899 
421 300 13 15 0.025731523 
693 167 9 12 0.02476534 
717 188 10 13 0.023181144 
426 298 14 17 0.021571893 
910 217 16 19 0.021002475 
185 239 17 19 0.020161232 
