20_Family_Group_Family_Group_20_663
91
526 182 50 62 0.9992605 
777 256 44 54 0.9988232 
336 241 46 61 0.99880624 
655 193 38 46 0.9985875 
236 290 44 55 0.9979709 
542 322 44 54 0.9974159 
477 294 39 44 0.99069047 
3 134 10 13 0.52512455 
847 590 8 10 0.21072796 
34 177 15 19 0.1376243 
810 575 8 11 0.11575228 
800 596 11 13 0.095374815 
375 183 31 42 0.08932496 
933 618 12 15 0.087721445 
440 165 30 38 0.0811892 
988 587 9 11 0.07825883 
13 114 12 17 0.0758429 
781 632 11 13 0.07012221 
0 162 9 16 0.06614811 
871 590 10 12 0.06340125 
24 136 11 15 0.059468616 
974 581 8 10 0.058769524 
859 621 12 14 0.057713505 
150 162 12 14 0.056397907 
1001 588 11 11 0.055440996 
815 616 8 9 0.052171126 
0 118 7 11 0.05098321 
856 598 7 10 0.050871275 
786 599 8 10 0.05060843 
889 599 7 9 0.04813155 
1008 614 10 13 0.04711338 
7 157 11 15 0.04409519 
843 591 8 10 0.043617606 
292 299 10 13 0.04332181 
910 586 10 14 0.04326613 
999 565 9 10 0.04302412 
899 712 11 13 0.042639285 
996 602 10 10 0.04054302 
43 146 11 16 0.03913567 
865 589 10 12 0.038996186 
788 620 10 12 0.037705284 
872 596 10 12 0.037368495 
912 629 10 14 0.035496064 
768 614 9 11 0.035262335 
910 621 10 13 0.033806853 
574 14 7 10 0.0326044 
20 174 23 27 0.031103786 
12 162 11 13 0.030389538 
825 608 9 10 0.029361142 
13 206 11 12 0.029259935 
879 583 8 10 0.027159858 
354 163 10 12 0.027122688 
831 608 9 11 0.02648619 
189 290 12 14 0.02627196 
944 205 77 165 0.025534257 
895 606 8 10 0.025504123 
13 181 13 16 0.025430055 
56 131 10 14 0.025346925 
856 591 7 11 0.024560448 
777 635 12 14 0.024550783 
823 592 9 11 0.024300732 
745 51 11 13 0.024252186 
871 585 10 11 0.024211759 
911 606 8 10 0.024076343 
862 613 11 12 0.023600375 
47 116 10 12 0.023497716 
29 134 11 14 0.022967512 
896 591 8 10 0.02288871 
945 527 9 12 0.022826707 
1 128 9 11 0.02266316 
1009 608 10 13 0.022537807 
47 338 18 19 0.022384187 
56 158 12 13 0.022268582 
196 295 10 11 0.022051532 
841 583 10 11 0.022016875 
805 630 10 12 0.02198899 
287 160 12 14 0.021667005 
881 612 8 11 0.021510994 
849 606 8 10 0.021197055 
787 617 9 11 0.021150371 
925 677 12 14 0.021011634 
786 631 11 13 0.02092548 
158 314 25 28 0.02080109 
726 69 8 11 0.020738784 
10 180 24 27 0.020691812 
889 606 8 11 0.020564618 
148 355 36 34 0.020552846 
832 612 9 12 0.02048577 
399 147 12 16 0.020482881 
782 581 9 11 0.020279562 
927 533 8 10 0.020111697 
