20_Family_Group_Family_Group_20_799
66
535 172 103 143 0.9994809 
392 361 26 34 0.9969176 
516 503 114 156 0.9952643 
112 624 79 103 0.9937768 
903 492 80 99 0.9909018 
844 362 16 20 0.9804537 
350 346 12 15 0.7492175 
60 312 13 17 0.6615452 
432 349 11 15 0.6351208 
302 343 10 13 0.6323451 
190 334 9 10 0.45173854 
238 334 9 12 0.38250768 
255 343 8 11 0.33364215 
135 333 11 14 0.26820627 
234 334 8 11 0.20747487 
192 340 11 14 0.1765866 
100 169 14 20 0.13264136 
85 168 14 22 0.12853478 
127 313 11 16 0.1248421 
262 341 9 12 0.08557474 
195 346 11 14 0.075312376 
202 374 8 10 0.07493637 
104 332 9 12 0.073976666 
345 347 12 15 0.07074941 
259 317 12 16 0.06477408 
91 167 15 23 0.05870974 
186 333 8 11 0.05665095 
290 363 15 22 0.05447867 
421 347 15 17 0.049331274 
140 326 11 14 0.04928651 
232 328 9 11 0.045560222 
263 336 9 10 0.04519894 
134 344 12 20 0.044722084 
54 337 12 17 0.042881917 
173 333 9 11 0.04212345 
0 291 10 17 0.03993783 
812 366 11 15 0.03829013 
138 347 15 21 0.035709508 
296 345 12 17 0.035445254 
286 342 12 16 0.034954272 
953 295 16 22 0.034623776 
196 334 9 11 0.033602953 
108 325 14 17 0.03313996 
427 1181 12 15 0.032400362 
419 341 14 17 0.031115262 
128 269 12 14 0.029220581 
132 332 20 27 0.029173095 
79 336 10 12 0.02860817 
232 340 9 11 0.028257653 
60 338 11 16 0.028221589 
414 347 15 17 0.026093893 
125 378 16 21 0.02596412 
251 342 8 12 0.025690245 
208 349 10 13 0.025366938 
0 277 9 13 0.025000729 
129 347 10 16 0.02464249 
78 287 11 13 0.022366636 
363 216 13 17 0.022321757 
269 341 10 13 0.021924218 
0 322 9 16 0.02115119 
181 359 12 19 0.021114709 
73 281 8 9 0.021114428 
399 148 26 34 0.021062002 
208 344 8 11 0.02077242 
1 160 8 12 0.020396242 
243 333 10 13 0.020212417 
