20_Family_Group_Family_Group_20_759
19
101 251 52 65 0.99951243 
758 227 53 65 0.9991302 
657 116 44 60 0.99799013 
574 296 46 59 0.9979279 
307 289 54 66 0.9965385 
445 307 42 52 0.9953833 
360 67 44 58 0.9949426 
798 100 45 57 0.9947212 
100 105 43 54 0.9919574 
221 159 41 50 0.9914473 
502 82 39 53 0.988902 
599 378 43 53 0.9870613 
441 410 18 23 0.9684917 
555 328 24 34 0.12316578 
287 623 51 64 0.08516275 
967 464 43 63 0.057233885 
368 474 30 38 0.038729094 
331 660 56 68 0.03413712 
523 288 28 39 0.025755716 
