20_Family_Group_Family_Group_20_1015
26
646 316 97 117 0.99938166 
519 348 82 106 0.9968106 
378 281 75 105 0.9929127 
222 361 23 29 0.8021413 
103 382 11 16 0.1577398 
526 264 51 37 0.14202365 
265 343 23 27 0.12249829 
910 194 93 118 0.11168678 
289 351 22 29 0.07810246 
220 357 17 24 0.047173515 
510 256 71 69 0.04655497 
-1 271 26 47 0.043293793 
283 341 21 31 0.03890048 
503 212 93 99 0.038604062 
783 264 11 13 0.0381744 
902 223 30 49 0.036239713 
272 380 12 13 0.036098316 
2 250 39 74 0.034808956 
68 381 15 22 0.034774296 
832 306 52 80 0.033563603 
969 230 16 19 0.030958643 
171 315 15 20 0.029313492 
1001 274 17 23 0.024480214 
818 317 24 36 0.022573479 
167 443 15 17 0.021626288 
901 212 60 77 0.021241983 
