20_Family_Group_Family_Group_20_411
23
675 80 66 80 0.9997968 
322 410 56 68 0.9996581 
526 95 64 78 0.9995913 
600 391 55 66 0.99950886 
364 69 56 79 0.9994869 
481 395 57 68 0.9993381 
220 400 53 66 0.9993235 
762 406 52 63 0.9992493 
9 546 18 22 0.10673155 
105 785 13 17 0.08393888 
613 757 9 12 0.05916027 
351 259 44 34 0.056408226 
965 278 20 21 0.049529683 
609 753 9 11 0.046617117 
123 729 19 23 0.038307674 
622 758 11 13 0.03354252 
702 795 24 27 0.032996625 
735 749 14 16 0.032201458 
8 695 12 14 0.029636867 
909 266 18 20 0.025347093 
960 280 30 36 0.024581084 
1014 291 9 16 0.020504447 
7 541 15 18 0.020139014 
