20_Family_Group_Family_Group_20_835
27
180 267 32 39 0.99886227 
741 268 35 46 0.99820423 
1 282 36 51 0.9818673 
65 336 37 60 0.97256494 
799 120 14 17 0.6113668 
841 302 26 51 0.37378466 
692 125 11 14 0.2864915 
323 111 10 12 0.28217065 
548 412 59 48 0.19018829 
592 352 42 66 0.09683738 
556 385 55 55 0.057055127 
313 121 9 11 0.05011664 
607 374 42 54 0.044264074 
573 417 32 32 0.040380627 
580 352 36 54 0.039912164 
220 32 13 18 0.03700308 
877 118 35 40 0.036382657 
710 135 10 13 0.034895886 
1 339 23 49 0.032594968 
658 136 7 10 0.031108038 
222 52 12 14 0.030279275 
891 128 19 22 0.027863044 
852 108 60 82 0.027722154 
333 128 10 12 0.02370953 
981 402 15 19 0.023305185 
656 128 7 8 0.023122543 
518 409 12 14 0.02310541 
