20_Family_Group_Family_Group_20_33
23
217 336 34 41 0.9992725 
830 345 33 39 0.99922895 
469 318 30 38 0.9991443 
352 448 36 42 0.99903405 
359 331 29 38 0.9989661 
165 297 33 40 0.99890244 
698 402 35 42 0.9988551 
898 334 35 42 0.9988431 
84 330 38 44 0.9987496 
455 397 33 41 0.99874806 
437 306 27 34 0.9987104 
251 306 33 43 0.99868864 
769 343 30 34 0.99865437 
592 411 37 44 0.9985858 
326 287 28 36 0.99854374 
744 386 29 39 0.9982101 
262 400 35 42 0.99808395 
121 298 35 43 0.9980513 
635 338 26 34 0.9980444 
553 376 37 47 0.9979948 
663 309 27 34 0.9979159 
792 408 38 45 0.9962359 
549 341 26 30 0.9945592 
