20_Family_Group_Family_Group_20_72
18
582 269 46 63 0.9985672 
475 163 52 67 0.99837315 
282 206 27 37 0.9956424 
424 257 47 59 0.99450076 
327 203 42 52 0.99152267 
210 228 43 61 0.99086374 
707 217 43 51 0.98356426 
736 137 50 62 0.5325401 
271 300 37 40 0.22522865 
520 221 47 55 0.14887843 
306 290 37 47 0.04774784 
0 114 16 20 0.04645459 
959 107 12 14 0.04556286 
285 294 41 45 0.03268219 
248 163 11 14 0.030607356 
85 243 16 21 0.023035105 
200 196 17 20 0.02250808 
20 108 13 16 0.022389343 
