20_Family_Group_Family_Group_20_374
249
469 19 298 378 0.99939084 
599 1135 119 139 0.99928004 
634 813 187 225 0.9988201 
102 362 334 415 0.99824524 
41 1139 11 14 0.6547748 
48 1233 12 15 0.639849 
299 1199 11 14 0.5906742 
373 1245 13 15 0.4588072 
246 1244 14 19 0.4284727 
53 1073 12 14 0.4242182 
111 1159 16 18 0.38663405 
151 1286 13 16 0.37605983 
271 1252 13 16 0.2952265 
77 1215 12 15 0.29054755 
70 1110 13 16 0.28789312 
236 1119 18 21 0.2813696 
286 1273 13 15 0.27023125 
91 1272 13 16 0.23532753 
288 1243 12 15 0.21612598 
117 1111 12 14 0.2153783 
55 1215 11 14 0.21477501 
0 1209 10 14 0.20078845 
243 1272 14 18 0.18621711 
203 1247 13 15 0.18615158 
80 1196 11 14 0.17621082 
154 1160 15 17 0.16992527 
227 1300 12 16 0.16965595 
35 1069 10 14 0.16848542 
71 1260 12 16 0.16689506 
303 1133 20 28 0.16468768 
71 1171 12 15 0.15613264 
135 1101 11 15 0.15244241 
304 1349 14 18 0.15189113 
114 1182 14 16 0.15115692 
133 1224 14 16 0.15059377 
235 1319 12 14 0.14116487 
0 1263 10 14 0.14056791 
333 1191 11 14 0.13514492 
0 1235 10 16 0.12632501 
375 1304 12 14 0.12391303 
307 1169 12 15 0.1230612 
315 1268 12 15 0.1216931 
0 1088 9 13 0.11869804 
99 1198 14 16 0.11809605 
414 1263 11 14 0.11745793 
159 1328 13 17 0.11657185 
230 1245 12 15 0.115011886 
30 1112 12 14 0.106489256 
18 1130 13 19 0.10513014 
319 1234 13 16 0.10334496 
115 1137 14 15 0.10051681 
94 1233 14 16 0.09297505 
238 1342 14 16 0.0906785 
37 1092 11 14 0.088796176 
86 1080 12 16 0.08873196 
345 1116 12 15 0.08624576 
172 1350 12 14 0.08590443 
448 1075 11 13 0.08481839 
70 1144 13 17 0.08318642 
174 1267 12 15 0.081689514 
12 1091 14 17 0.08004935 
204 1328 13 15 0.080029406 
200 1226 10 13 0.07982171 
26 1233 14 19 0.078889236 
194 1310 11 13 0.07828405 
70 1295 13 17 0.074658506 
46 1286 12 15 0.07131822 
173 1230 12 15 0.070641294 
387 1196 11 14 0.070076615 
240 1372 13 16 0.06930407 
319 1102 12 15 0.06899705 
124 1285 15 18 0.06815923 
972 186 51 72 0.066940814 
367 1120 13 16 0.065613784 
191 1330 11 16 0.06523063 
96 1057 12 15 0.0646378 
0 1287 8 14 0.06440802 
112 1313 15 18 0.061405998 
24 1296 12 14 0.06127116 
127 1257 15 17 0.060931437 
222 1175 13 15 0.058673892 
38 1202 11 15 0.057344783 
49 1093 10 12 0.057248197 
376 1220 11 14 0.056995157 
375 1141 11 15 0.05593275 
339 1199 12 15 0.055647746 
29 1266 14 18 0.0551235 
76 1254 11 14 0.05497426 
94 1316 10 12 0.054740634 
54 1125 13 16 0.054444738 
13 1262 12 17 0.053715706 
328 1298 13 16 0.05345156 
27 1156 13 17 0.052954745 
206 1383 13 16 0.052471094 
29 1315 14 17 0.051906426 
275 1320 14 17 0.051447846 
173 1204 11 14 0.05131804 
0 1119 11 19 0.051258564 
135 1335 12 15 0.050428133 
302 1315 13 17 0.05035607 
149 1246 14 17 0.049402248 
262 1191 12 14 0.04908445 
62 1260 13 17 0.04873041 
173 1369 12 17 0.047946658 
292 1167 11 14 0.047079116 
0 1097 9 14 0.04682068 
392 1286 14 16 0.046110146 
266 1286 13 17 0.046041988 
21 1214 11 14 0.046009284 
352 1219 11 13 0.045472387 
360 1179 13 16 0.045169875 
326 1330 14 16 0.044724435 
393 1176 11 12 0.04469955 
219 1216 11 13 0.044667643 
211 1269 14 18 0.044469893 
77 1279 10 13 0.044408917 
407 1125 10 12 0.044093847 
310 1245 10 14 0.044061653 
379 1182 10 12 0.043165244 
14 1174 12 15 0.04287625 
337 1248 11 13 0.04205332 
54 1192 12 15 0.041924372 
350 1240 12 15 0.041882075 
94 1297 13 15 0.041227274 
161 1116 16 17 0.04106199 
392 1320 17 19 0.04069593 
364 1276 14 17 0.04042305 
533 1114 12 15 0.039870035 
240 1245 10 15 0.038123786 
447 1271 10 12 0.037708312 
63 1050 13 16 0.036715258 
89 1076 15 18 0.036459442 
431 1258 11 14 0.035898235 
6 1242 11 15 0.035833474 
462 1111 11 14 0.0358038 
328 1195 11 15 0.03575439 
155 1357 13 17 0.035480246 
0 1066 10 15 0.03542908 
106 1198 12 15 0.03515894 
54 1308 11 15 0.034829278 
118 1096 9 11 0.034346715 
48 1053 11 13 0.034243636 
310 1126 13 18 0.034234032 
208 1190 11 13 0.0340606 
334 1201 12 16 0.033878572 
421 1239 10 12 0.03373493 
34 1263 14 17 0.033551294 
240 1188 10 13 0.03345013 
88 1252 9 13 0.033106323 
55 1105 11 15 0.03310212 
78 1097 10 12 0.032613833 
191 1204 11 14 0.032425903 
24 1111 10 13 0.032359347 
126 1055 11 14 0.032315496 
144 1285 13 16 0.032289077 
381 1074 12 15 0.032136496 
8 1092 10 15 0.03163067 
71 1195 12 15 0.031607836 
115 1172 14 16 0.03160375 
394 1260 13 16 0.031414893 
113 1097 10 12 0.031121785 
146 1188 17 20 0.030881248 
185 1172 12 15 0.030822676 
92 1251 12 14 0.030578261 
213 1298 12 17 0.030562393 
181 1229 11 14 0.030384097 
69 1077 10 12 0.030333182 
406 1076 9 12 0.030143753 
29 1133 10 13 0.029559731 
329 1213 10 13 0.02940851 
4 1261 12 16 0.02925287 
215 1235 12 15 0.029050555 
189 1252 10 12 0.02896938 
76 1167 11 14 0.028855864 
275 1246 12 14 0.02877341 
150 1309 11 13 0.028707072 
112 1114 13 15 0.028498795 
376 1095 12 14 0.028198969 
312 1219 12 16 0.02801788 
300 1437 47 49 0.028004002 
305 1244 11 14 0.02794203 
10 1304 14 17 0.02779941 
168 1300 12 16 0.027793355 
24 1188 12 15 0.027741814 
421 1107 9 12 0.027556024 
71 1279 11 14 0.027536891 
260 1201 13 17 0.02711157 
32 1204 11 14 0.02674962 
234 1300 14 17 0.026682528 
389 1243 10 13 0.026638236 
86 1191 11 14 0.02648943 
479 1135 11 13 0.026229445 
20 1092 11 15 0.026087882 
568 1050 11 13 0.025989518 
274 1218 15 18 0.02588456 
66 1341 15 18 0.025842302 
540 1133 13 15 0.025790796 
197 1143 13 15 0.025600944 
5 1068 11 14 0.02538383 
280 1146 11 14 0.025382554 
283 1191 14 18 0.025210042 
189 1270 11 14 0.025030427 
37 1154 11 15 0.024623796 
31 1088 12 16 0.02427122 
257 1189 12 14 0.024229357 
356 1323 16 19 0.024081873 
422 1158 10 12 0.023804704 
0 1165 8 15 0.023615424 
4 1086 11 14 0.023553383 
218 1228 13 16 0.023324642 
447 1248 9 11 0.023267005 
47 1279 11 15 0.023253862 
118 1233 12 15 0.023085004 
0 1111 10 16 0.023004638 
15 1067 12 16 0.022925003 
222 1130 12 15 0.022838576 
69 1318 11 13 0.022809725 
86 1199 11 16 0.022470718 
246 1365 12 17 0.02237656 
4 1111 12 16 0.022309907 
61 1254 11 14 0.022193303 
272 1214 11 16 0.022041462 
184 1252 11 13 0.021994313 
178 1138 14 16 0.021971954 
78 1244 10 13 0.021939648 
42 1289 12 16 0.021847736 
354 1307 14 17 0.021834832 
45 1183 9 12 0.021805052 
183 1308 10 13 0.021717966 
93 1178 11 14 0.021678582 
446 1108 11 14 0.021467682 
423 1173 9 11 0.021352753 
31 120 450 505 0.021307418 
342 1261 12 16 0.021267606 
367 1133 10 13 0.02124492 
199 1327 13 16 0.021099767 
439 1154 12 16 0.021026837 
13 1157 10 12 0.02094094 
237 1307 14 14 0.020583825 
392 1149 13 17 0.020534292 
377 1190 9 13 0.02050076 
255 1364 12 17 0.020494862 
741 1341 13 16 0.020482622 
87 1099 9 13 0.020284528 
383 1175 10 11 0.02028055 
92 1244 13 15 0.02022003 
133 1054 13 16 0.020156758 
951 179 74 134 0.020135522 
22 1266 14 19 0.020058643 
