20_Family_Group_Family_Group_20_339
32
697 165 34 41 0.9992231 
524 195 30 37 0.99906784 
618 182 31 39 0.9990527 
241 134 38 49 0.99858046 
447 171 35 40 0.9985121 
363 128 39 48 0.99841547 
145 162 38 42 0.9982869 
765 147 41 49 0.9961849 
854 104 44 48 0.99371606 
30 93 44 51 0.9917997 
666 214 23 29 0.93666965 
830 174 27 36 0.85467345 
829 147 21 25 0.6990605 
411 326 16 20 0.2222729 
363 329 14 21 0.09545733 
939 330 25 25 0.090780616 
274 184 17 20 0.0802364 
431 281 13 17 0.07638253 
244 648 16 19 0.057356454 
99 177 15 20 0.051585294 
176 668 17 19 0.043556508 
1010 99 13 20 0.036954127 
567 220 13 19 0.036159616 
69 325 30 29 0.034965444 
1012 484 11 20 0.029014878 
21 318 36 40 0.028343344 
411 302 13 15 0.026802117 
1 69 9 14 0.02630952 
263 666 20 21 0.025179347 
285 252 13 16 0.024643982 
510 584 24 25 0.021389758 
966 11 12 16 0.020720407 
