45_Balloonist_Balloonist_45_118
23
527 201 53 69 0.9993144 
713 84 73 94 0.99584275 
198 286 65 90 0.9957066 
448 263 55 76 0.9917875 
329 214 80 105 0.9371367 
369 341 53 90 0.84998757 
851 146 41 48 0.8023682 
494 94 22 29 0.68134946 
956 383 18 23 0.5649023 
432 218 44 57 0.3571394 
651 202 19 31 0.28709173 
712 446 47 72 0.20344508 
444 236 49 69 0.08657203 
691 467 45 68 0.06717657 
738 520 48 56 0.031735267 
165 0 19 16 0.0302156 
913 207 9 11 0.030208651 
414 220 48 73 0.027981259 
499 107 17 21 0.026570283 
662 221 30 27 0.025582528 
463 210 46 60 0.023018433 
543 122 22 35 0.02257113 
371 216 75 99 0.020461414 
