45_Balloonist_Balloonist_45_692
217
816 735 31 32 0.9846935 
948 719 11 13 0.85625356 
929 715 10 12 0.8230972 
382 728 8 11 0.6624866 
978 734 12 15 0.6188038 
904 722 10 13 0.5016344 
681 740 13 16 0.45526344 
337 719 9 10 0.39078853 
702 719 12 15 0.33057576 
240 750 10 14 0.29334626 
386 710 8 11 0.25359878 
190 718 11 13 0.24018577 
39 721 8 9 0.23155686 
910 707 10 13 0.2236978 
362 719 8 11 0.2229838 
661 726 9 11 0.2014649 
311 727 10 12 0.20035616 
988 754 14 13 0.19567356 
198 723 9 13 0.1930694 
286 726 8 10 0.18765567 
766 723 11 16 0.17441443 
351 725 8 11 0.1561191 
880 722 9 13 0.15529391 
590 742 8 10 0.15285441 
616 732 10 13 0.1348859 
611 160 27 26 0.12808158 
391 726 9 11 0.12472811 
222 733 8 11 0.12325853 
1002 724 15 18 0.122982025 
297 726 8 11 0.11096774 
416 712 8 9 0.10212095 
556 724 9 12 0.10025757 
343 719 8 11 0.09791111 
181 730 12 14 0.097109355 
885 723 8 13 0.09483922 
393 734 9 13 0.0924131 
982 716 10 13 0.09133171 
37 748 11 15 0.0891848 
282 725 8 10 0.08914964 
500 747 16 18 0.089057714 
687 708 11 13 0.08347632 
184 716 11 13 0.08089696 
109 735 8 9 0.07901017 
342 747 11 17 0.07763731 
590 719 9 10 0.07466846 
748 706 14 18 0.07419004 
318 725 9 12 0.072476394 
477 711 10 12 0.07083428 
1 726 8 12 0.06918963 
87 734 8 11 0.06850331 
0 718 8 10 0.06688024 
414 734 11 16 0.065431364 
777 704 8 10 0.06521276 
46 724 9 11 0.063032396 
247 726 8 9 0.06270591 
218 734 9 10 0.061824385 
241 727 7 10 0.0616858 
257 725 8 9 0.060237065 
233 735 9 11 0.06008353 
205 725 9 13 0.05980132 
895 724 9 13 0.059569094 
880 709 8 10 0.059520856 
553 721 9 11 0.05882947 
7 727 7 10 0.058807794 
580 732 10 12 0.05847363 
350 720 8 11 0.057779543 
242 752 14 16 0.056748193 
577 728 10 11 0.056396693 
918 746 13 18 0.055806324 
411 712 7 9 0.054444492 
741 707 15 19 0.05280956 
783 716 10 14 0.050640047 
638 711 7 9 0.050037682 
581 726 11 13 0.050033286 
682 709 8 10 0.049432732 
615 721 8 9 0.048892584 
592 725 8 11 0.04823287 
319 720 9 10 0.047853418 
968 727 9 12 0.047111742 
634 711 8 9 0.046848025 
263 721 8 10 0.046280622 
796 743 16 20 0.04573256 
88 727 9 10 0.04395756 
358 723 9 12 0.043493327 
455 719 10 11 0.043468874 
11 745 11 16 0.043382373 
976 730 10 11 0.043359615 
938 694 8 9 0.043326534 
756 707 12 16 0.043072242 
665 172 24 27 0.04263933 
0 732 9 14 0.04260896 
919 726 8 12 0.042130258 
312 720 9 10 0.04210209 
905 709 9 11 0.04197029 
91 172 69 84 0.041838918 
798 707 10 12 0.04146087 
94 733 8 11 0.04128766 
1010 724 12 19 0.04127095 
670 709 8 10 0.040465172 
262 725 8 10 0.039926182 
921 717 8 11 0.03960961 
506 709 7 9 0.039518658 
297 721 8 9 0.039446503 
706 723 13 15 0.03938803 
467 733 16 20 0.03818691 
345 724 9 12 0.037794415 
274 720 7 10 0.037743226 
438 724 8 11 0.037534595 
585 718 9 10 0.03735306 
1008 711 9 12 0.037109584 
510 711 7 9 0.03709531 
126 726 8 10 0.036851484 
656 713 8 9 0.036640193 
305 726 8 12 0.036556233 
191 712 10 12 0.036142543 
398 728 10 12 0.036057416 
621 727 9 13 0.035750967 
368 753 9 11 0.03561895 
399 749 11 14 0.03523372 
420 711 9 11 0.03502083 
385 749 10 13 0.03491671 
888 704 8 12 0.034903366 
597 726 8 11 0.034781903 
605 751 9 12 0.034652106 
372 756 11 10 0.034372546 
584 712 9 11 0.03414306 
35 720 7 9 0.03412352 
775 708 9 12 0.0341053 
54 750 12 13 0.033835087 
506 705 7 9 0.033656172 
280 721 8 10 0.03327886 
393 719 8 11 0.03322331 
1013 708 9 14 0.032908194 
337 714 8 9 0.032746244 
666 710 8 9 0.03253311 
237 743 11 12 0.03244184 
389 748 10 13 0.03223528 
590 736 9 11 0.03217288 
460 719 10 11 0.031805374 
487 727 8 11 0.031636134 
47 751 10 13 0.03152345 
151 740 13 16 0.031127088 
690 702 12 13 0.0310237 
525 727 8 10 0.030606728 
601 751 9 12 0.030516313 
919 710 8 11 0.030376595 
1004 719 12 15 0.029989399 
251 754 16 14 0.029968819 
983 746 14 17 0.029948063 
73 724 9 10 0.029877195 
396 739 11 14 0.029868035 
222 748 9 12 0.029857282 
409 733 8 13 0.029672533 
599 743 8 11 0.02938292 
757 719 11 13 0.02904375 
977 718 10 12 0.028893244 
776 716 10 15 0.028291939 
859 721 16 19 0.027937355 
311 746 12 17 0.02775209 
234 750 10 13 0.027676819 
127 720 9 10 0.027669173 
78 720 9 11 0.027478172 
259 754 17 14 0.027016634 
894 704 9 12 0.026716443 
413 744 12 19 0.026708044 
999 720 12 16 0.02661971 
316 745 13 19 0.026600452 
1014 703 8 12 0.026574088 
415 715 10 12 0.02638089 
93 727 8 11 0.026070198 
895 709 9 11 0.026035486 
993 748 18 17 0.02599589 
405 746 12 18 0.025925443 
434 726 9 11 0.025828367 
178 726 9 14 0.025787469 
409 739 10 17 0.025728304 
617 148 27 29 0.025663765 
269 740 9 12 0.025653169 
609 719 8 11 0.025597341 
589 713 9 10 0.025471916 
657 718 7 10 0.025019228 
977 712 9 12 0.024935018 
153 747 15 17 0.024864372 
768 709 9 13 0.02409369 
141 749 12 14 0.024069801 
610 733 9 12 0.023997856 
781 703 8 10 0.023926778 
9 740 11 16 0.023905983 
64 42 218 306 0.023807155 
870 721 13 18 0.023720961 
34 727 8 10 0.023413595 
757 87 26 31 0.02336958 
16 728 6 8 0.022981973 
233 728 8 9 0.022773325 
347 751 14 16 0.022669792 
216 729 9 11 0.02266366 
419 740 14 18 0.02253786 
782 711 10 13 0.02249886 
538 726 7 9 0.022254575 
121 726 8 10 0.021765137 
694 751 10 12 0.021754185 
137 750 10 13 0.021648237 
33 733 9 10 0.021592839 
381 754 12 12 0.021468949 
837 733 22 31 0.021456446 
151 729 25 29 0.021448517 
534 748 10 13 0.02141748 
503 735 11 12 0.021270996 
793 708 8 12 0.020767178 
174 751 9 10 0.020692164 
424 747 18 16 0.020606756 
406 727 8 11 0.020593422 
551 712 7 9 0.020438632 
287 711 9 10 0.020420348 
1013 717 10 15 0.02020971 
439 720 8 11 0.020082219 
303 720 8 10 0.020005513 
