45_Balloonist_Balloonist_45_107
40
557 331 11 14 0.964572 
575 373 14 18 0.83965814 
562 348 13 16 0.74922 
657 357 9 12 0.72715634 
536 354 13 17 0.71405596 
597 356 11 15 0.25930858 
633 358 8 11 0.14475572 
465 351 9 11 0.109742105 
660 361 11 15 0.081397 
509 373 13 16 0.07713561 
650 385 17 21 0.069668695 
467 356 13 17 0.067166954 
550 390 12 17 0.058246836 
549 377 10 12 0.052958358 
509 365 12 15 0.05241902 
487 380 8 10 0.05101893 
227 405 15 16 0.050474662 
602 357 12 15 0.042855237 
481 382 8 10 0.039102495 
646 380 12 16 0.03838823 
622 368 9 12 0.03626456 
646 392 14 18 0.035523962 
510 359 10 12 0.030639643 
590 351 13 18 0.030262465 
479 396 13 17 0.029212676 
219 406 22 24 0.02832347 
556 387 11 15 0.025954066 
570 349 11 14 0.024494275 
650 356 8 11 0.02414513 
603 340 12 16 0.023893995 
570 416 14 17 0.023870997 
614 345 12 16 0.02370525 
607 371 9 15 0.023702344 
545 375 9 12 0.023172919 
614 372 12 14 0.022928884 
471 394 11 16 0.022425933 
557 337 13 16 0.021802558 
493 378 10 13 0.021431165 
207 435 27 36 0.020591134 
535 372 10 13 0.020289538 
