45_Balloonist_Balloonist_45_838
40
526 386 32 37 0.9994438 
787 314 30 39 0.99903536 
907 361 35 40 0.9990175 
641 346 30 36 0.998725 
458 381 36 46 0.99850595 
839 305 31 35 0.99847597 
491 349 33 37 0.9984503 
832 352 35 42 0.9983033 
125 370 38 48 0.99827695 
726 372 38 47 0.9982414 
277 334 31 36 0.99796534 
651 252 29 31 0.9978217 
537 238 28 34 0.9977723 
277 211 28 33 0.9977157 
190 384 31 38 0.9973736 
488 285 28 34 0.9973013 
590 238 25 30 0.9971842 
609 377 37 50 0.9971841 
457 281 27 32 0.9971607 
462 223 29 36 0.99712235 
179 244 34 41 0.99653363 
690 226 26 33 0.99632484 
712 338 31 40 0.996219 
235 382 41 51 0.99603146 
281 301 29 33 0.9958358 
185 308 36 39 0.99515945 
731 233 26 31 0.99380976 
764 282 27 29 0.9933883 
407 349 29 36 0.9933356 
351 392 34 41 0.99209994 
817 239 28 32 0.9909451 
567 369 27 33 0.97286206 
33 222 19 22 0.9448288 
200 232 25 33 0.634855 
861 274 18 22 0.5380347 
242 347 24 29 0.3526452 
354 291 15 20 0.21061555 
417 438 33 37 0.10142393 
358 289 21 25 0.050008923 
369 290 15 17 0.024185624 
