45_Balloonist_Balloonist_45_277
36
458 585 95 119 0.99947816 
458 34 515 424 0.9560634 
710 1801 16 20 0.25157744 
98 1088 23 33 0.16620262 
889 1656 16 19 0.07678292 
788 1570 18 21 0.067355186 
75 100 396 385 0.06341212 
743 1553 16 19 0.05660161 
781 1478 15 17 0.054104134 
389 786 54 57 0.048223063 
826 1572 17 23 0.048057552 
807 1786 15 21 0.043017168 
787 1591 16 23 0.040980656 
236 27 447 433 0.040474836 
830 1482 13 16 0.040416125 
396 742 25 38 0.040054932 
407 744 33 40 0.03988891 
936 1637 13 15 0.035249475 
842 1649 17 17 0.029131178 
797 1640 18 22 0.0289802 
873 1593 18 21 0.027941665 
718 1625 17 21 0.027932236 
822 1465 17 20 0.026755087 
92 1087 17 27 0.025433991 
696 1717 13 17 0.025199976 
924 1666 13 16 0.024982927 
803 1764 12 17 0.023663359 
323 1130 25 35 0.023379521 
331 1801 19 22 0.023350775 
869 1575 16 19 0.022630962 
814 1544 14 18 0.022562414 
673 1657 16 20 0.022495918 
791 1563 17 19 0.021049578 
787 1576 22 32 0.021043312 
871 1585 18 21 0.02077095 
900 1563 11 13 0.020199569 
