45_Balloonist_Balloonist_45_518
21
432 354 63 70 0.9996282 
410 98 75 98 0.9981761 
986 158 35 44 0.99773884 
501 77 82 97 0.9968303 
627 181 51 63 0.9935768 
798 179 22 35 0.9895559 
832 60 18 21 0.6102097 
85 67 27 53 0.4707475 
233 28 43 72 0.25878105 
71 53 37 57 0.078739904 
360 67 17 31 0.07044629 
3 38 30 59 0.063425496 
73 12 29 39 0.050947472 
384 78 23 29 0.04134688 
3 54 45 73 0.038081545 
395 78 15 24 0.031988915 
230 38 25 53 0.02873384 
152 82 25 31 0.028269544 
787 274 36 28 0.027848758 
372 87 29 25 0.024774475 
176 0 66 74 0.020002503 
