16_Award_Ceremony_Awards_Ceremony_16_143
70
276 292 403 542 0.99997616 
318 1412 62 47 0.31881618 
690 1396 24 31 0.17288534 
230 1400 32 43 0.09076772 
279 1400 23 28 0.08538921 
655 1372 8 9 0.084394395 
551 1398 11 13 0.06832823 
181 1435 11 14 0.06463137 
798 1434 14 19 0.045597885 
294 1455 16 21 0.043990158 
358 1381 12 15 0.042879187 
675 1396 28 38 0.042792596 
726 1365 11 12 0.040685136 
584 1384 8 10 0.040073015 
473 1433 7 10 0.039071545 
902 1395 26 35 0.03905404 
639 1376 8 10 0.036934882 
902 1394 12 14 0.03612261 
589 1419 13 17 0.035940822 
550 1392 11 12 0.034899022 
252 1406 26 33 0.03489322 
290 1401 15 21 0.03423184 
374 1376 8 10 0.03386949 
478 1430 8 10 0.033663362 
400 1402 11 13 0.032956377 
357 1382 24 27 0.032254804 
366 1393 14 16 0.03217289 
908 1396 12 16 0.03151131 
827 1342 34 39 0.031251904 
179 1427 30 36 0.03070535 
685 1394 16 25 0.030403936 
578 1391 9 12 0.030143054 
790 1434 15 21 0.029708363 
317 1372 9 13 0.02905199 
412 1380 11 13 0.028177716 
611 1385 13 18 0.027627518 
366 1376 10 12 0.027478104 
733 1390 24 34 0.027416853 
639 1382 9 11 0.027226385 
187 1397 54 63 0.026706839 
630 1391 9 11 0.026134344 
547 1394 23 25 0.026039394 
609 1382 11 14 0.02597734 
726 1373 10 12 0.025912246 
592 1377 7 9 0.025800386 
352 1388 13 18 0.025779832 
581 1388 10 14 0.025591742 
591 1381 9 11 0.025569664 
909 1407 13 19 0.025274245 
391 1374 9 11 0.024961388 
480 1425 7 9 0.0246142 
208 1394 38 43 0.024482949 
596 1420 12 15 0.024269368 
603 1380 23 28 0.02420608 
156 1491 32 29 0.023813952 
916 1445 12 18 0.023302276 
589 1411 12 16 0.023196397 
373 1381 11 14 0.022797856 
581 1395 10 13 0.02266206 
733 1364 10 12 0.022442555 
555 1402 13 15 0.021853674 
610 1377 7 9 0.021460872 
659 1386 15 21 0.021193286 
158 1425 23 30 0.020609474 
416 1489 17 22 0.020567019 
260 1399 29 34 0.020548766 
197 1393 32 38 0.02024576 
175 1434 13 17 0.020239009 
701 1400 20 24 0.020108756 
805 1432 10 16 0.020009682 
