16_Award_Ceremony_Awards_Ceremony_16_422
21
295 176 384 495 0.9999145 
408 1504 37 30 0.49325338 
408 1192 287 296 0.07390629 
26 48 237 370 0.040909935 
910 1451 29 40 0.035428714 
694 1303 29 33 0.035427388 
938 1386 32 33 0.033299692 
77 82 457 586 0.03209447 
877 1347 28 34 0.03145648 
881 1338 44 48 0.031203482 
582 260 399 477 0.030927218 
932 1506 29 28 0.030908722 
835 1415 31 38 0.029432187 
728 413 232 268 0.027615454 
637 1319 231 217 0.026264409 
909 1335 37 39 0.025419578 
809 1487 25 33 0.024124233 
742 267 205 307 0.021744087 
295 1169 283 338 0.021370787 
754 1368 51 78 0.021244884 
854 1464 32 38 0.020867245 
