16_Award_Ceremony_Awards_Ceremony_16_195
31
534 211 28 37 0.9975988 
455 181 28 44 0.99643624 
598 239 23 34 0.9925016 
234 26 39 61 0.98240894 
669 267 19 30 0.9336727 
305 102 35 50 0.91122186 
868 276 15 24 0.8927313 
682 297 17 20 0.4562906 
357 122 53 55 0.27018386 
125 436 27 27 0.23067044 
634 249 18 22 0.19910593 
284 344 15 21 0.09171397 
297 185 30 36 0.053474557 
659 289 14 18 0.043168582 
437 373 15 19 0.04110616 
187 275 21 29 0.039036885 
427 368 22 29 0.035649426 
271 329 23 33 0.032580536 
129 295 24 34 0.031332348 
231 403 15 16 0.029591417 
704 255 19 21 0.02846528 
827 284 16 22 0.027244784 
406 232 29 33 0.026825765 
262 316 42 65 0.025422275 
256 37 29 47 0.02424271 
190 320 14 21 0.021427196 
680 204 24 33 0.021315305 
769 283 17 21 0.021005223 
117 442 15 18 0.020463044 
108 353 27 40 0.020280022 
312 46 26 37 0.020169543 
