16_Award_Ceremony_Awards_Ceremony_16_141
27
543 298 26 36 0.9986098 
187 277 35 46 0.9976605 
603 311 25 35 0.99642074 
141 261 35 51 0.9960056 
391 239 43 53 0.9946518 
567 310 24 35 0.9940801 
635 322 22 29 0.99347174 
93 258 35 54 0.988915 
346 244 37 59 0.9647003 
21 246 34 60 0.96091235 
460 258 31 42 0.95803654 
434 256 32 53 0.9479739 
491 280 24 36 0.89682937 
1 230 30 59 0.8819463 
508 285 21 39 0.8479346 
31 304 29 40 0.727918 
613 430 14 17 0.5221463 
396 463 41 42 0.16184296 
443 329 23 35 0.15281355 
216 423 24 29 0.06404488 
516 293 22 32 0.05003596 
643 422 13 16 0.04491816 
422 253 31 40 0.03709658 
499 277 15 20 0.031126095 
533 299 23 31 0.023586195 
510 284 14 24 0.020767815 
665 429 16 20 0.020402472 
