16_Award_Ceremony_Awards_Ceremony_16_495
56
392 160 201 293 0.99989486 
79 193 13 18 0.4416046 
0 186 8 14 0.32551873 
6 303 10 12 0.31604624 
84 307 9 12 0.2969235 
897 686 11 13 0.25369978 
916 534 16 21 0.23887374 
915 514 16 20 0.15945004 
29 882 10 12 0.12910421 
90 653 9 12 0.11734761 
913 223 24 37 0.09096838 
977 508 10 13 0.081502795 
766 1330 11 14 0.080536716 
903 660 10 13 0.077778496 
935 686 13 16 0.07137238 
44 544 14 21 0.068413705 
981 118 12 15 0.06729958 
903 102 12 14 0.066115156 
871 1005 8 10 0.06128007 
822 1303 10 13 0.052391555 
6 64 10 13 0.047207855 
93 206 9 12 0.043933228 
148 1233 13 16 0.04351793 
7 541 11 15 0.04177407 
21 651 14 16 0.041606046 
903 612 12 14 0.040542193 
89 437 10 12 0.040503327 
924 102 12 14 0.03885667 
745 645 119 112 0.036886312 
20 677 10 13 0.03575586 
68 62 12 15 0.033712484 
919 415 10 13 0.03324327 
815 1216 13 18 0.032962654 
996 0 14 15 0.03256768 
987 700 16 18 0.03064854 
78 142 10 13 0.029360788 
88 203 11 14 0.029337464 
902 621 12 13 0.02915639 
3 2 51 69 0.028967576 
732 984 20 27 0.028604614 
869 1100 10 12 0.027120689 
746 487 26 36 0.026750889 
804 1049 12 15 0.02598165 
1012 705 12 24 0.025423339 
927 606 12 14 0.024771629 
952 132 14 16 0.024202267 
820 1113 9 11 0.023704816 
759 1284 9 12 0.023686837 
900 628 14 18 0.023399483 
62 188 10 12 0.021893844 
903 129 12 15 0.021760242 
760 1327 10 12 0.021262191 
983 104 8 10 0.020917404 
872 1205 10 14 0.020819698 
52 693 15 19 0.020726658 
835 1020 11 14 0.020361017 
