16_Award_Ceremony_Awards_Ceremony_16_231
31
429 156 123 150 0.9998066 
559 112 117 160 0.99980074 
130 155 59 57 0.99817574 
36 149 42 55 0.96569586 
792 142 18 22 0.9480722 
713 138 17 21 0.9258235 
298 132 15 22 0.8790286 
903 155 19 26 0.82337356 
751 210 27 39 0.47310495 
923 134 17 22 0.46463418 
739 160 18 24 0.37413606 
102 145 24 34 0.13324383 
424 642 19 21 0.08262532 
916 118 14 17 0.080140315 
829 260 102 129 0.06333296 
1012 149 12 23 0.06260359 
828 285 36 45 0.05998295 
89 116 15 18 0.059331466 
933 142 14 18 0.05180861 
992 208 27 30 0.044311937 
10 590 17 22 0.03214931 
923 199 20 33 0.030100144 
916 122 21 28 0.02958739 
897 263 23 29 0.028745241 
831 274 60 73 0.028302219 
862 244 30 34 0.027387543 
843 272 34 43 0.025101466 
687 213 13 16 0.024133034 
98 146 42 53 0.023092479 
51 611 29 36 0.022453498 
0 174 13 24 0.022293117 
