49_Greeting_peoplegreeting_49_307
26
177 273 30 35 0.99770904 
273 238 21 29 0.992987 
684 276 17 28 0.9760331 
872 282 30 40 0.95062375 
622 272 16 26 0.9315393 
715 280 15 25 0.92472994 
362 251 16 26 0.9218819 
870 302 25 34 0.6205525 
166 345 30 25 0.06595352 
702 278 20 28 0.06479097 
292 314 13 17 0.059984796 
617 480 9 10 0.040671106 
868 317 19 21 0.03877595 
671 351 10 12 0.03311175 
161 336 24 27 0.032998826 
748 296 13 19 0.030007303 
721 283 17 25 0.026447646 
203 355 14 16 0.025413139 
596 365 13 15 0.025191193 
151 459 12 14 0.024166834 
157 336 17 23 0.022885734 
906 365 16 21 0.022702487 
591 364 11 14 0.02254727 
683 341 10 13 0.021834219 
220 356 12 13 0.021087619 
677 350 10 14 0.020313272 
