49_Greeting_peoplegreeting_49_387
40
635 234 32 46 0.989906 
523 220 28 48 0.98246 
692 243 27 41 0.9772775 
252 273 18 24 0.9736475 
225 270 15 21 0.7792338 
287 287 10 15 0.18096939 
276 273 11 14 0.16808246 
124 285 11 13 0.13732702 
126 291 9 11 0.073433526 
149 285 10 12 0.07324346 
235 272 13 20 0.065134026 
685 221 14 16 0.06439467 
414 287 8 11 0.06369754 
452 268 12 15 0.06321352 
367 286 7 9 0.059692692 
120 279 11 12 0.050887812 
295 290 10 14 0.046959 
429 270 9 13 0.03936684 
161 285 8 11 0.038477324 
410 288 7 10 0.036727007 
341 286 11 14 0.03339445 
400 281 9 10 0.033372864 
482 212 23 37 0.032879688 
367 281 8 10 0.031502772 
279 285 11 15 0.028939236 
274 261 14 16 0.027322087 
125 269 12 14 0.027200693 
244 267 13 17 0.02697582 
168 286 9 12 0.025002403 
287 279 10 12 0.024859073 
119 272 12 13 0.022779154 
168 293 11 13 0.022543138 
173 286 11 14 0.02253157 
255 262 12 14 0.022456186 
167 301 12 15 0.02158218 
300 291 10 13 0.02100815 
406 280 8 11 0.020994965 
440 279 8 10 0.020863533 
165 307 12 15 0.020586006 
384 287 7 9 0.020255279 
