49_Greeting_peoplegreeting_49_943
34
355 446 57 73 0.9997491 
124 445 55 73 0.99959177 
192 430 53 66 0.99952686 
288 441 47 62 0.99933654 
149 96 16 22 0.9730268 
345 77 18 27 0.9619082 
256 148 15 20 0.9466692 
207 143 15 18 0.84316975 
262 110 16 20 0.31480634 
699 245 22 34 0.2845418 
301 195 20 24 0.11095627 
670 328 31 40 0.10453567 
763 296 16 26 0.09694155 
689 256 28 31 0.06509643 
756 309 12 15 0.05113937 
280 0 20 18 0.05102316 
546 -1 63 69 0.037248764 
724 308 14 16 0.031463467 
707 241 25 37 0.029549705 
671 290 13 16 0.027085546 
689 275 16 19 0.026321886 
136 228 12 15 0.024274154 
701 300 13 15 0.022954756 
684 265 16 20 0.022836812 
275 131 12 16 0.022447981 
199 140 13 18 0.02234028 
693 263 34 36 0.022300335 
275 113 13 18 0.022236675 
622 298 14 17 0.0220815 
671 289 23 30 0.021236388 
317 156 14 18 0.021000344 
712 10 31 38 0.020835802 
190 238 11 13 0.02036315 
1 106 28 52 0.020342367 
