49_Greeting_peoplegreeting_49_894
213
711 256 49 68 0.9993069 
482 250 51 66 0.9992692 
91 267 44 61 0.99707365 
785 268 48 60 0.9946708 
929 262 44 54 0.99206346 
49 291 49 73 0.9885922 
901 270 35 48 0.9882416 
772 392 56 62 0.98780024 
410 303 50 68 0.98497874 
558 292 35 55 0.94426656 
1004 276 19 44 0.7480437 
1 252 15 17 0.5940824 
830 79 11 13 0.39115506 
518 179 11 13 0.3519979 
201 255 40 72 0.34465757 
267 257 37 56 0.3400555 
679 214 10 12 0.33054504 
129 231 41 66 0.2874977 
863 77 11 14 0.27990744 
837 102 9 12 0.2070055 
832 227 26 32 0.20568986 
133 190 11 14 0.1875461 
751 142 12 15 0.17570242 
864 56 9 11 0.17499088 
559 306 46 68 0.17165244 
868 192 9 12 0.14940651 
879 46 9 11 0.1484528 
119 230 27 43 0.1279374 
972 207 11 13 0.12580167 
647 286 39 45 0.12432084 
358 180 10 12 0.11607613 
936 44 10 14 0.10427468 
838 197 10 13 0.09850969 
677 290 28 39 0.09756647 
506 85 8 10 0.096365064 
955 52 11 14 0.09351872 
792 216 7 10 0.083160385 
703 31 8 10 0.08198499 
318 150 10 12 0.08036071 
445 150 10 13 0.076899685 
1015 103 7 11 0.075422995 
301 141 9 11 0.07062426 
830 45 9 11 0.06952471 
305 205 11 14 0.06938921 
979 61 12 15 0.067284204 
430 184 8 10 0.06326053 
749 101 11 12 0.06105147 
903 31 10 12 0.060285304 
783 53 9 10 0.05851208 
455 188 10 13 0.057965524 
972 86 13 15 0.0570795 
128 193 13 16 0.053256676 
672 151 10 13 0.053128418 
572 109 15 18 0.052696265 
980 37 9 12 0.051259387 
982 181 12 13 0.051003885 
745 102 10 12 0.050319046 
805 100 9 11 0.050020188 
630 164 11 13 0.049744505 
427 522 27 43 0.0471036 
543 119 11 14 0.046290934 
580 96 13 16 0.045748267 
922 222 8 11 0.045607403 
640 123 13 15 0.04502031 
494 148 12 14 0.04455712 
214 241 27 57 0.04450861 
815 38 8 10 0.04418141 
808 96 9 11 0.042982537 
550 47 9 11 0.04266991 
622 55 8 11 0.04229694 
462 187 11 14 0.042149268 
1014 1 10 16 0.041810002 
766 214 9 11 0.041528214 
344 206 10 13 0.041410632 
857 140 9 13 0.041023996 
820 93 10 13 0.03968411 
815 77 10 12 0.03963032 
902 125 10 12 0.039288156 
830 234 37 49 0.038125083 
896 30 10 13 0.03786987 
760 71 9 11 0.03768425 
665 222 10 13 0.037605826 
749 199 9 11 0.03754785 
576 47 8 11 0.03711946 
635 164 10 12 0.03709273 
654 190 9 11 0.037072267 
830 30 8 11 0.036678813 
206 115 11 13 0.036490336 
569 175 10 13 0.0360858 
784 32 7 9 0.03600292 
908 84 10 13 0.035824947 
468 187 10 14 0.03568592 
124 228 15 20 0.03561803 
982 33 7 10 0.03535382 
0 180 9 15 0.03527846 
734 37 8 10 0.034743324 
785 39 7 10 0.034478232 
540 134 10 13 0.03424154 
32 181 11 13 0.033561982 
581 113 14 17 0.033346765 
870 96 11 14 0.032966204 
428 207 9 11 0.032561433 
895 127 9 12 0.03254747 
61 174 10 13 0.03239175 
573 96 14 16 0.032247003 
881 52 9 11 0.0319625 
744 52 8 10 0.0318579 
142 252 49 61 0.031844445 
889 94 11 13 0.031820036 
903 76 12 14 0.031417973 
215 267 55 69 0.030711 
809 38 8 10 0.030256405 
960 142 12 16 0.029986354 
130 240 15 25 0.029725432 
920 262 27 45 0.029686248 
707 282 26 40 0.029677747 
287 127 10 12 0.029584171 
1015 133 8 12 0.029540027 
808 32 8 10 0.029457735 
36 179 13 15 0.029390985 
765 265 48 60 0.02917106 
712 144 10 12 0.028731352 
1012 147 11 15 0.028638314 
694 147 9 12 0.028211508 
888 134 9 12 0.028143743 
158 165 11 13 0.028057657 
662 128 10 12 0.027915075 
46 213 14 17 0.027868107 
655 152 10 12 0.027486134 
640 205 10 13 0.027447883 
792 135 11 13 0.027386982 
240 270 54 55 0.02733543 
263 477 37 55 0.027334407 
785 46 9 11 0.027332215 
557 64 8 10 0.027005175 
456 77 9 11 0.02659001 
118 232 17 23 0.026541056 
888 99 10 12 0.026540015 
981 86 13 14 0.026324462 
667 227 12 13 0.02631674 
646 241 12 16 0.026148926 
320 200 9 11 0.026135847 
758 77 10 11 0.026092038 
533 245 13 17 0.02608547 
605 118 9 12 0.025926968 
512 176 10 13 0.025888847 
694 287 24 40 0.025878346 
921 188 9 11 0.025701586 
75 281 33 47 0.025664901 
937 189 10 11 0.02562958 
55 132 11 15 0.025516426 
720 56 9 11 0.025397157 
992 101 11 15 0.025322195 
752 95 11 12 0.025203563 
993 216 9 11 0.025172839 
844 162 13 15 0.025045004 
765 70 9 12 0.025027847 
911 60 10 12 0.024976794 
85 218 14 17 0.024642846 
739 228 15 15 0.024622912 
960 109 12 13 0.0245061 
158 172 13 15 0.024396008 
677 155 11 14 0.024389492 
318 173 11 13 0.024225086 
727 189 10 13 0.024113322 
926 160 12 14 0.024098368 
664 132 11 13 0.024074707 
126 485 64 58 0.024058076 
16 80 7 9 0.024056934 
916 61 9 12 0.023753831 
885 47 8 10 0.023647074 
574 179 10 13 0.0236246 
75 218 16 18 0.023479493 
927 22 8 10 0.02325695 
568 86 10 13 0.022852477 
909 31 9 11 0.02270712 
630 245 9 12 0.022702742 
661 156 10 12 0.022609387 
51 217 14 17 0.022449408 
839 107 10 11 0.02244848 
160 246 76 90 0.022403408 
979 92 13 16 0.022401704 
832 151 11 14 0.022133606 
885 165 11 13 0.022125999 
125 183 14 15 0.021977242 
39 80 8 9 0.021950344 
718 222 13 14 0.021941965 
1009 68 9 11 0.02189648 
118 180 12 15 0.021796102 
452 222 11 13 0.021712093 
644 276 29 41 0.02170053 
718 216 10 11 0.021567428 
487 140 12 15 0.021460194 
350 134 9 11 0.021388872 
862 136 10 12 0.021371622 
909 141 11 12 0.021343784 
981 140 10 12 0.021221003 
929 214 8 12 0.021200659 
559 222 11 12 0.021145958 
493 156 11 13 0.021106457 
935 212 8 10 0.021105794 
1014 64 8 11 0.020946866 
889 29 9 11 0.020742746 
758 94 10 13 0.020572398 
892 133 9 11 0.020556979 
1 196 8 13 0.020456454 
524 212 12 14 0.020449165 
601 117 9 12 0.020446524 
838 162 12 15 0.020352004 
843 197 10 13 0.020188767 
559 206 12 16 0.02006204 
972 94 16 19 0.02004176 
542 459 45 62 0.020028196 
