49_Greeting_peoplegreeting_49_53
47
797 397 63 77 0.9988594 
435 337 56 75 0.9986998 
326 641 72 94 0.9978321 
665 216 51 66 0.9977729 
769 666 70 90 0.9975591 
220 338 44 66 0.9967623 
346 338 43 66 0.99373263 
87 385 56 81 0.99299765 
570 171 44 62 0.9916469 
172 280 41 69 0.991243 
686 379 47 69 0.98951447 
328 227 46 62 0.9885113 
852 279 42 71 0.988457 
706 289 42 64 0.9876458 
826 329 48 63 0.97450376 
109 344 49 78 0.9167562 
509 276 46 54 0.90749484 
229 219 37 57 0.7369018 
238 266 32 50 0.4661241 
364 0 16 15 0.22983004 
839 304 42 59 0.16806863 
225 142 22 28 0.1613029 
193 1340 45 42 0.13085467 
756 28 35 40 0.106516115 
537 2 35 51 0.09995181 
240 229 50 62 0.0789934 
593 174 34 47 0.06117642 
276 191 42 52 0.05152803 
578 137 24 29 0.048777007 
198 367 32 44 0.039299145 
410 0 15 12 0.03907205 
555 4 33 41 0.03812918 
198 274 49 69 0.033799946 
772 87 21 32 0.033783793 
263 226 49 61 0.033250574 
368 292 50 51 0.03199297 
812 129 15 19 0.030879483 
675 163 45 54 0.02605978 
796 359 58 73 0.024864031 
599 0 26 28 0.022970375 
449 216 42 49 0.022273548 
0 372 66 98 0.02202836 
582 132 16 20 0.020940553 
805 264 50 58 0.020410985 
569 1 26 31 0.0203587 
284 1331 36 50 0.020173471 
783 121 32 42 0.02002785 
