49_Greeting_peoplegreeting_49_48
23
721 128 56 71 0.99948776 
292 221 34 42 0.99903727 
588 196 46 57 0.9989128 
231 267 29 36 0.998798 
382 234 37 44 0.9962418 
193 282 26 34 0.99074507 
159 286 25 28 0.98371583 
530 144 41 90 0.97376674 
6 62 147 339 0.95446754 
38 338 72 96 0.9173813 
101 304 16 19 0.55736023 
147 297 16 23 0.20255968 
572 176 15 18 0.095958985 
105 293 17 23 0.07173614 
576 157 11 12 0.054615796 
582 157 10 11 0.05433026 
591 158 9 11 0.04556568 
140 253 11 13 0.04013856 
122 291 21 28 0.033968657 
-3 274 147 213 0.024844615 
142 291 15 22 0.023019029 
65 300 49 69 0.021510229 
67 313 16 18 0.020194285 
