49_Greeting_peoplegreeting_49_920
20
237 174 91 141 0.99895096 
8 675 50 64 0.998442 
460 300 87 110 0.98931074 
601 267 74 116 0.9663735 
532 782 23 26 0.78369796 
559 607 56 100 0.4489683 
941 639 45 43 0.2890347 
735 1041 45 56 0.1800071 
670 189 60 66 0.081404954 
839 207 47 59 0.057596385 
750 1019 49 60 0.057183653 
577 615 69 86 0.051413167 
658 187 172 216 0.038222667 
337 719 77 72 0.037309896 
667 188 122 113 0.035882607 
540 727 46 58 0.027578453 
749 122 104 94 0.026909253 
563 709 56 74 0.02204669 
529 415 101 141 0.02090518 
560 640 92 121 0.020187858 
