49_Greeting_peoplegreeting_49_810
88
504 145 80 93 0.9934876 
744 177 28 35 0.99325585 
808 172 25 31 0.9198597 
281 178 53 74 0.8936149 
261 36 31 44 0.630435 
737 123 28 36 0.5855434 
998 287 16 21 0.3166641 
885 200 18 21 0.22107287 
938 204 13 16 0.20584957 
298 352 29 28 0.19815703 
926 170 15 17 0.11589001 
792 201 17 19 0.10829693 
964 230 16 22 0.09924013 
203 367 53 66 0.08678219 
260 160 58 86 0.086183146 
1004 49 19 33 0.07742792 
397 388 35 39 0.074545726 
895 245 21 29 0.0716131 
980 195 18 20 0.07009062 
937 216 23 30 0.06750151 
890 223 14 16 0.06647456 
291 353 42 51 0.06609954 
980 234 22 27 0.06005724 
535 287 42 53 0.05938498 
970 1 38 34 0.05756426 
826 122 22 27 0.053915136 
851 113 15 18 0.053881492 
306 190 35 55 0.05350722 
261 132 35 42 0.05043304 
979 86 22 29 0.049391787 
259 364 32 35 0.047659677 
980 202 24 27 0.041964043 
302 376 27 34 0.041525397 
809 222 18 21 0.041045945 
496 362 38 53 0.039053716 
259 -1 19 19 0.038227603 
931 49 17 22 0.03703062 
787 135 15 20 0.034092117 
884 157 17 21 0.033871237 
1005 116 16 25 0.03373831 
876 201 23 29 0.03373721 
419 0 51 51 0.03298883 
261 418 28 35 0.0327834 
504 93 33 36 0.03268622 
902 156 12 14 0.031095183 
981 78 15 19 0.03087382 
972 180 15 19 0.030672228 
882 189 17 23 0.030542454 
848 116 21 29 0.029764006 
845 258 21 28 0.029270919 
895 11 30 33 0.028616788 
276 3 15 15 0.02850863 
932 207 21 25 0.028368639 
980 70 14 17 0.028243685 
810 95 16 20 0.028152466 
227 342 15 16 0.02800647 
946 205 13 18 0.027861647 
184 354 91 103 0.027664104 
716 224 41 50 0.027321892 
853 160 25 32 0.027077746 
958 39 24 26 0.026915036 
958 271 30 33 0.025717372 
180 422 24 29 0.025585726 
233 347 26 35 0.025234703 
981 166 11 14 0.024657188 
907 165 12 15 0.024561444 
959 226 15 22 0.02438856 
298 30 62 69 0.024307784 
936 156 12 16 0.024242276 
726 84 41 60 0.023641137 
952 115 18 25 0.023607284 
244 354 15 19 0.023604548 
784 202 15 17 0.023374444 
955 83 18 23 0.023315415 
284 372 14 20 0.022602586 
791 291 31 29 0.022507805 
941 161 14 15 0.022292769 
370 446 45 36 0.022017643 
313 136 24 30 0.021656822 
243 397 31 44 0.021514831 
323 351 45 53 0.021066004 
301 306 45 57 0.020535776 
893 201 18 21 0.02052821 
735 292 35 34 0.02050507 
241 336 29 33 0.020318985 
984 228 18 21 0.020191194 
265 382 20 21 0.020184427 
908 156 13 14 0.020061107 
