49_Greeting_peoplegreeting_49_353
37
295 425 13 16 0.9525695 
548 408 14 20 0.9497432 
380 407 12 14 0.39243737 
250 435 13 17 0.34890994 
364 401 11 14 0.27552965 
605 366 9 11 0.20344026 
389 524 20 27 0.14873861 
230 401 11 16 0.13058351 
641 358 9 12 0.08726056 
383 399 12 14 0.08012547 
628 384 13 16 0.07063578 
667 398 13 17 0.060265336 
287 438 10 14 0.05425889 
666 381 9 12 0.049453527 
386 404 12 14 0.04632839 
582 358 8 11 0.045695134 
601 371 8 11 0.0411183 
591 366 7 10 0.038466908 
253 452 10 13 0.03685355 
534 383 8 11 0.036512367 
280 437 12 15 0.03537598 
331 80 25 31 0.03143644 
607 361 8 10 0.030665735 
553 382 8 11 0.027592624 
278 444 12 16 0.02678225 
745 358 8 11 0.026611874 
529 300 10 13 0.02557125 
462 397 10 13 0.02541057 
146 423 15 21 0.025262557 
628 363 12 13 0.024277622 
383 393 12 14 0.024273075 
729 350 10 11 0.023614869 
654 389 10 13 0.023381667 
667 391 22 29 0.022974705 
464 453 10 13 0.022539543 
309 438 13 17 0.02072642 
656 395 9 14 0.020025972 
