49_Greeting_peoplegreeting_49_50
18
327 201 71 84 0.99941146 
650 277 138 182 0.9984542 
354 117 54 69 0.9900804 
276 115 30 37 0.7017047 
964 173 46 88 0.6836723 
920 157 21 31 0.39638886 
803 152 27 47 0.21715817 
176 511 220 222 0.19307818 
961 182 30 62 0.056333527 
358 727 10 13 0.041403376 
795 142 23 44 0.029723188 
448 729 38 36 0.026603645 
261 120 51 62 0.02598359 
98 423 139 161 0.025920406 
280 46 146 226 0.024701746 
101 404 229 270 0.022532945 
291 118 27 38 0.020845113 
327 117 56 69 0.020694513 
