5_Car_Accident_Accident_5_202
34
822 74 15 22 0.9536703 
760 83 13 17 0.90216064 
898 84 13 17 0.8945506 
990 71 20 26 0.8667868 
743 90 17 20 0.8148442 
963 61 23 29 0.2061635 
966 149 14 18 0.20484902 
962 140 13 16 0.13827933 
422 75 124 158 0.110247426 
956 134 16 19 0.092745416 
668 106 15 17 0.06381301 
792 80 8 11 0.06221398 
712 86 8 10 0.058479387 
792 85 11 13 0.056758773 
571 104 8 10 0.03975144 
697 94 8 10 0.03862918 
750 84 19 23 0.038374078 
919 76 12 16 0.034538917 
931 81 17 20 0.03199118 
828 68 13 16 0.030357176 
931 99 14 19 0.02876441 
790 90 13 17 0.027449781 
883 101 12 15 0.027082304 
706 88 7 9 0.025763983 
980 66 13 20 0.024387475 
735 86 9 13 0.023561353 
991 90 14 19 0.023057433 
673 84 11 13 0.022693083 
832 64 11 14 0.022449017 
702 93 8 10 0.022114618 
373 86 191 240 0.0220138 
983 74 14 19 0.02116393 
727 88 8 10 0.020419624 
672 79 9 11 0.020026768 
