5_Car_Accident_Accident_5_668
40
883 237 19 22 0.94647557 
916 230 11 14 0.7015961 
409 228 11 15 0.20020756 
764 197 10 14 0.17717256 
721 198 28 31 0.1511831 
775 219 14 16 0.12916484 
989 268 31 36 0.10948048 
459 243 14 17 0.08492638 
967 276 13 18 0.074058406 
503 232 14 18 0.06461175 
567 178 13 15 0.05917876 
759 192 11 14 0.042295698 
544 215 10 12 0.036919847 
767 271 30 32 0.03671923 
750 263 28 41 0.036132187 
748 213 11 16 0.0344119 
742 209 14 18 0.031359762 
750 241 27 37 0.030546742 
993 269 20 21 0.02960261 
543 181 10 13 0.029527001 
570 232 15 19 0.029116655 
758 199 12 16 0.028351724 
536 136 109 141 0.028261757 
741 191 24 33 0.027749965 
970 228 8 10 0.027217569 
451 196 13 15 0.025711836 
526 233 49 54 0.025096055 
576 205 9 10 0.024730561 
899 219 11 14 0.024102012 
752 194 11 18 0.02351634 
754 192 21 26 0.023473723 
768 220 14 17 0.021839546 
506 194 52 66 0.021759422 
426 -19 391 487 0.021260118 
744 380 33 33 0.02116002 
579 175 10 12 0.021024495 
763 219 28 33 0.020914847 
924 231 11 13 0.020873327 
459 171 95 110 0.02071768 
730 203 27 32 0.020268794 
