5_Car_Accident_Accident_5_937
48
153 1 25 34 0.8690923 
885 2 31 30 0.4632038 
652 45 18 22 0.37051022 
652 7 22 26 0.25258717 
410 3 23 28 0.21900466 
728 127 33 39 0.2175717 
544 1 18 15 0.16289046 
750 2 28 25 0.15312426 
662 207 13 16 0.110288166 
833 39 18 20 0.090090215 
365 45 30 33 0.08705291 
735 141 39 41 0.0749527 
537 47 17 21 0.07124025 
588 208 11 13 0.059066482 
151 1 17 23 0.0583795 
589 86 9 13 0.05531274 
0 103 12 23 0.055156898 
588 399 9 10 0.049459122 
7 78 19 22 0.048152514 
609 412 9 11 0.044273384 
690 1 20 17 0.043031856 
502 53 10 14 0.042385794 
558 388 16 19 0.038851682 
124 48 13 19 0.036822133 
572 1 17 17 0.032116424 
504 394 15 18 0.02774682 
601 198 8 10 0.026790446 
723 106 24 29 0.026754955 
19 73 16 20 0.026747514 
853 42 23 26 0.026661051 
623 463 10 13 0.026465682 
596 2 14 18 0.025820633 
660 0 16 17 0.02566248 
645 8 18 23 0.025613928 
852 26 17 17 0.025124002 
548 390 12 16 0.02412368 
493 107 17 21 0.023828529 
149 -2 47 46 0.023811586 
296 3 19 22 0.02340666 
317 3 19 22 0.023041075 
497 349 11 12 0.022544527 
140 85 15 17 0.021999238 
410 57 15 17 0.021969432 
839 23 25 26 0.021496307 
520 5 13 14 0.021340461 
519 12 15 20 0.020784643 
219 5 19 22 0.020230075 
564 383 14 16 0.020105908 
