5_Car_Accident_Accident_5_641
34
97 268 25 30 0.9840379 
357 372 11 14 0.13771917 
643 180 19 23 0.1265559 
302 244 8 11 0.11427139 
37 310 30 34 0.089082725 
894 297 15 18 0.068466626 
144 233 8 9 0.06570692 
997 274 12 14 0.05109741 
628 154 17 22 0.050549377 
953 306 12 14 0.047378708 
110 564 33 37 0.044360537 
1008 204 13 17 0.043864746 
101 242 10 13 0.043757632 
446 391 12 14 0.04190251 
477 183 11 13 0.03984326 
804 452 9 13 0.035985913 
702 420 10 13 0.032282196 
917 382 9 10 0.031255513 
199 276 12 17 0.027790818 
142 237 8 11 0.027562268 
98 547 30 35 0.026970893 
555 208 8 10 0.026898496 
940 158 14 17 0.026089456 
189 240 14 18 0.026055966 
141 244 9 11 0.02476939 
188 265 15 21 0.024085075 
191 558 10 12 0.023711387 
0 282 14 20 0.023576286 
171 255 27 35 0.023180924 
336 239 7 9 0.02228813 
369 381 10 14 0.021982705 
367 370 10 15 0.021907745 
295 240 11 13 0.020203337 
503 163 13 18 0.020121567 
