5_Car_Accident_Accident_5_460
105
112 312 20 25 0.9599969 
127 290 12 14 0.87114334 
63 313 12 16 0.8561858 
236 309 11 13 0.8502949 
271 315 9 12 0.6320765 
867 364 13 16 0.5874139 
286 317 9 12 0.5701908 
522 211 19 30 0.5518428 
2 292 14 20 0.39239925 
159 307 11 19 0.35895145 
208 312 9 12 0.26691982 
216 97 7 9 0.21675308 
974 351 8 9 0.19190772 
184 312 10 13 0.18032408 
919 352 11 13 0.14972937 
85 333 17 21 0.13934466 
343 114 7 9 0.139214 
280 316 9 12 0.13627519 
318 320 8 10 0.13548863 
390 135 7 10 0.11361357 
465 136 7 9 0.11211069 
317 325 9 12 0.11094121 
895 365 11 14 0.10728097 
188 314 9 13 0.10632201 
223 315 9 12 0.10306878 
169 295 10 11 0.09572372 
215 315 10 13 0.09386699 
425 136 7 9 0.091112845 
390 129 7 10 0.09033539 
340 147 9 12 0.08910976 
320 113 6 9 0.0874674 
265 316 9 12 0.0866982 
924 356 12 14 0.086603396 
429 142 7 10 0.085373126 
287 313 9 11 0.08320797 
44 69 13 14 0.08015726 
342 593 18 21 0.078159176 
256 312 9 10 0.076596774 
426 142 7 10 0.07316574 
202 317 9 11 0.071812816 
254 109 7 10 0.068295285 
232 314 10 13 0.062302895 
313 331 9 12 0.05895548 
254 317 10 13 0.056559686 
44 76 14 18 0.05324184 
318 331 9 13 0.05234219 
389 140 8 11 0.052254446 
900 366 12 15 0.050020155 
309 139 12 16 0.048894323 
0 313 12 19 0.046299923 
166 302 10 15 0.04622679 
466 142 8 10 0.04597589 
417 144 8 10 0.045959078 
970 351 8 10 0.04481533 
211 109 13 15 0.044610247 
0 360 9 18 0.04414562 
894 359 11 14 0.042261537 
889 364 11 14 0.04146432 
278 312 8 11 0.038939346 
79 332 14 18 0.03887711 
460 157 10 14 0.036740396 
252 323 11 13 0.036404647 
5 329 13 16 0.035911158 
157 287 9 11 0.035069484 
182 321 12 17 0.03447051 
175 310 9 14 0.032148138 
248 318 10 13 0.031949844 
382 149 11 14 0.031786587 
385 142 9 10 0.031505782 
895 370 13 15 0.030529393 
342 134 8 10 0.02969148 
653 284 150 102 0.028626217 
2 331 9 15 0.027893877 
304 335 7 10 0.027875366 
250 105 8 10 0.027438493 
299 356 12 17 0.027264701 
57 313 12 17 0.027015468 
297 335 9 10 0.026982872 
201 312 9 12 0.026702577 
525 306 262 211 0.026080025 
163 309 13 19 0.025727522 
888 359 10 13 0.024745218 
314 119 7 8 0.02470617 
914 355 13 15 0.024498317 
1 323 11 17 0.024486126 
931 358 10 12 0.02436938 
979 351 9 11 0.023865256 
310 347 9 12 0.023837745 
139 317 15 16 0.023618437 
301 342 10 15 0.023593955 
315 113 7 9 0.023441996 
245 120 9 11 0.0226233 
924 408 12 15 0.022610573 
469 137 7 9 0.022531245 
2 304 14 21 0.022382705 
873 368 14 17 0.02183449 
314 126 8 10 0.021498896 
202 342 15 23 0.02149018 
327 341 8 11 0.021239433 
360 136 8 9 0.0211876 
317 147 10 12 0.02067117 
10 329 16 19 0.020415388 
327 334 8 11 0.020359708 
629 213 29 32 0.020293452 
863 367 20 23 0.020269012 
