5_Car_Accident_Accident_5_633
42
242 280 17 24 0.9872443 
162 284 16 23 0.88645005 
99 81 61 113 0.8092423 
439 457 100 63 0.7078366 
799 327 9 11 0.624756 
815 319 9 13 0.5218772 
611 289 34 45 0.27010235 
513 275 49 52 0.18660642 
532 504 94 133 0.1352123 
626 294 35 46 0.119826235 
636 285 28 39 0.11789648 
417 296 10 12 0.10509193 
619 1010 160 110 0.08457209 
726 319 10 12 0.078168236 
662 285 54 70 0.074888 
555 270 16 22 0.06758241 
854 328 10 11 0.057332616 
492 275 29 38 0.054151453 
782 332 8 10 0.052804507 
791 319 8 11 0.03994542 
640 223 35 53 0.03933146 
452 463 122 138 0.035616152 
663 282 34 47 0.03545739 
1005 473 18 20 0.033080023 
485 443 74 66 0.031836696 
427 434 79 67 0.030540293 
806 326 8 11 0.028300105 
820 349 12 16 0.027902437 
731 317 10 13 0.026414456 
563 273 14 20 0.026145712 
760 317 11 14 0.025953235 
794 325 9 12 0.025426935 
849 331 10 11 0.025425956 
429 279 9 11 0.024460759 
799 321 10 11 0.024444386 
807 310 8 10 0.023003785 
412 180 9 12 0.022617072 
555 263 14 18 0.021423692 
257 476 45 51 0.021069713 
614 307 41 48 0.020262456 
922 346 20 26 0.0201775 
894 353 12 14 0.020077014 
