5_Car_Accident_Accident_5_777
46
759 149 14 18 0.9670951 
824 152 15 18 0.96111757 
502 143 22 25 0.9542989 
633 149 19 23 0.9208806 
796 150 11 14 0.8154052 
727 167 12 15 0.7589347 
597 170 12 14 0.6866573 
524 148 14 19 0.6834321 
884 161 15 20 0.4005896 
551 158 11 13 0.29900673 
377 225 15 17 0.24920262 
879 161 11 19 0.22097 
949 171 15 16 0.19013517 
888 170 18 19 0.119373344 
889 200 15 21 0.1160447 
517 145 14 21 0.09902436 
591 166 11 15 0.09086324 
539 162 16 20 0.07587342 
532 161 15 20 0.07226678 
629 172 14 17 0.05636352 
528 153 16 20 0.055054758 
854 200 13 19 0.050826207 
947 195 19 22 0.048524186 
1014 252 8 14 0.04758433 
985 212 13 16 0.04397988 
903 210 12 16 0.04357714 
381 237 12 15 0.039993875 
418 314 32 60 0.037038572 
96 293 19 23 0.03657063 
924 165 15 19 0.034446556 
873 237 23 28 0.033607308 
586 164 9 14 0.03093458 
679 165 13 17 0.029244065 
981 254 12 14 0.028338159 
343 173 12 17 0.02820905 
911 164 11 16 0.02726213 
980 230 13 14 0.025829555 
891 188 14 16 0.025280574 
932 236 11 13 0.023632923 
255 210 15 16 0.022534708 
776 143 11 14 0.021207212 
917 163 13 20 0.020813001 
721 169 12 16 0.02072548 
942 165 14 18 0.020586353 
242 261 13 16 0.02012793 
152 393 53 67 0.020061329 
