5_Car_Accident_Car_Crash_5_38
41
0 228 22 31 0.8929302 
777 237 11 15 0.8579007 
832 234 12 14 0.78533137 
70 270 13 16 0.6880453 
916 235 10 14 0.35022172 
356 94 48 66 0.32691404 
892 243 10 13 0.29496118 
941 248 9 12 0.15862523 
880 219 12 15 0.1441655 
895 220 13 14 0.12521401 
321 107 54 67 0.11588196 
158 292 96 100 0.09477191 
862 248 9 12 0.072625786 
879 243 9 12 0.059604794 
876 237 11 15 0.055740688 
0 242 22 35 0.05469907 
878 225 13 15 0.046450067 
913 241 10 14 0.046403605 
883 224 13 15 0.0422541 
53 245 13 15 0.03807213 
779 260 17 23 0.036267906 
899 215 11 13 0.03614531 
490 146 26 27 0.033619996 
312 112 38 49 0.032470096 
342 115 44 44 0.030928891 
497 123 12 15 0.029990835 
938 251 11 13 0.02985349 
872 221 10 13 0.027862545 
825 229 10 14 0.027390571 
871 228 12 15 0.027066275 
872 142 49 60 0.026778996 
899 255 13 15 0.026532471 
142 298 72 75 0.026184445 
797 278 14 18 0.026125938 
895 252 12 14 0.025775038 
926 236 10 13 0.025314316 
63 261 11 15 0.023767736 
873 215 9 12 0.023370525 
613 150 30 38 0.022916548 
562 150 248 236 0.020399926 
433 125 32 32 0.020119084 
