5_Car_Accident_Car_Crash_5_574
157
780 150 27 36 0.9940077 
731 153 28 29 0.93058246 
133 172 12 14 0.8811164 
354 164 16 20 0.81976825 
254 670 13 19 0.64077926 
414 136 23 29 0.3388205 
213 137 24 35 0.2804639 
23 141 10 13 0.2612841 
13 155 12 14 0.2174189 
92 165 13 17 0.21005127 
110 139 14 18 0.19581382 
11 178 12 17 0.16566448 
55 139 12 15 0.15765642 
257 638 10 14 0.15579727 
237 677 15 20 0.14729728 
163 177 14 16 0.107726954 
88 167 12 17 0.097286746 
50 178 14 19 0.09240689 
99 165 11 15 0.08570056 
1 126 10 14 0.08110241 
726 142 24 30 0.08070281 
8 150 12 14 0.075831085 
243 674 14 18 0.07243833 
540 361 46 63 0.06975937 
274 665 14 17 0.06813073 
563 453 54 60 0.06146225 
246 626 9 12 0.06099565 
626 513 20 20 0.057707388 
176 130 20 34 0.054602105 
319 692 9 12 0.05271533 
247 668 14 20 0.051712397 
63 161 8 10 0.05090214 
239 652 14 17 0.049275454 
307 718 12 15 0.045643676 
49 140 11 14 0.044391487 
15 141 11 14 0.044101376 
114 143 14 18 0.04376447 
149 678 11 15 0.041735783 
776 307 16 22 0.041438572 
933 375 12 12 0.04086935 
231 673 15 22 0.040486626 
414 132 15 22 0.040134706 
61 135 12 15 0.03921938 
21 145 11 14 0.03844359 
5 141 12 15 0.03785064 
69 142 10 13 0.037330147 
639 506 27 29 0.036958933 
146 676 21 31 0.03684464 
1013 293 10 14 0.03642199 
46 164 10 12 0.03621022 
630 482 15 18 0.0359323 
6 130 11 15 0.035837732 
990 703 7 10 0.035801277 
54 166 10 12 0.035776015 
736 493 11 13 0.03513445 
938 303 9 11 0.035125215 
245 647 11 12 0.035101056 
967 281 15 20 0.034946486 
66 128 8 10 0.033923067 
136 94 9 11 0.033834293 
634 508 17 20 0.03367223 
40 118 8 10 0.033425685 
13 133 10 12 0.033131994 
594 105 19 25 0.03217288 
0 139 11 16 0.03163034 
725 493 12 14 0.031018468 
230 664 13 21 0.030900318 
635 488 17 18 0.030055935 
538 338 93 107 0.02959911 
42 111 8 11 0.029283231 
722 136 18 28 0.028806241 
663 486 12 17 0.028592335 
81 165 11 15 0.02834689 
401 423 8 9 0.02829995 
0 116 8 15 0.0282396 
53 124 9 11 0.028207691 
29 26 14 17 0.028132617 
361 295 22 29 0.028062627 
199 146 35 38 0.028017947 
330 678 10 12 0.027505089 
293 687 10 14 0.027442481 
183 45 9 11 0.027028153 
130 168 19 24 0.027024256 
626 471 27 33 0.026679203 
162 144 14 21 0.02660665 
94 112 9 9 0.026605861 
235 667 13 20 0.026594182 
125 94 10 13 0.026512926 
125 -37 381 514 0.026217926 
317 208 28 36 0.02619089 
560 454 31 41 0.026176821 
39 165 11 14 0.02613552 
240 647 11 13 0.02604056 
119 93 11 15 0.026006084 
653 140 12 15 0.025805356 
129 167 13 16 0.02561496 
271 654 10 12 0.025492141 
371 411 14 16 0.02548525 
46 110 8 10 0.0254738 
159 93 9 11 0.025447339 
182 139 32 37 0.025376432 
728 462 11 12 0.025305223 
720 499 11 15 0.025233347 
668 337 16 21 0.02506828 
599 418 41 36 0.025005704 
56 161 9 11 0.024696259 
531 337 45 62 0.024518171 
95 119 9 11 0.024362074 
130 134 9 13 0.024279267 
959 302 8 9 0.024114918 
558 494 10 13 0.023904223 
957 296 9 11 0.023818541 
42 211 26 37 0.023472821 
89 108 9 11 0.023429807 
265 654 9 12 0.02337719 
158 115 13 18 0.023061518 
791 413 10 13 0.02300001 
7 117 10 12 0.022884274 
99 192 24 28 0.022627888 
7 151 20 24 0.022619767 
142 678 10 15 0.022455536 
48 119 9 11 0.022410123 
366 403 15 17 0.022234283 
643 491 15 17 0.022183102 
1009 416 7 10 0.022113023 
725 483 12 14 0.021847636 
87 160 11 17 0.021838915 
46 148 9 11 0.021726346 
94 124 9 12 0.02171275 
313 475 11 14 0.021672776 
218 121 23 40 0.02158773 
549 342 28 38 0.021581791 
627 147 12 15 0.021531707 
650 520 17 19 0.021475421 
729 467 9 11 0.021439187 
409 194 49 50 0.021370463 
248 638 10 13 0.021362228 
335 165 12 18 0.021273984 
93 197 14 19 0.021248017 
501 437 27 30 0.021159492 
570 220 18 18 0.021126544 
301 231 20 28 0.021098083 
327 693 9 12 0.020994635 
480 118 26 33 0.020984543 
61 146 12 14 0.02092969 
912 302 10 11 0.020875694 
412 146 18 24 0.020831142 
994 424 7 9 0.0207221 
390 235 15 17 0.020691503 
498 524 15 16 0.020571658 
409 172 21 29 0.020522034 
6 163 11 14 0.020490285 
880 413 9 11 0.020452192 
687 302 9 11 0.020435708 
930 443 7 9 0.020400304 
223 140 17 26 0.020393858 
0 164 9 13 0.020341294 
