5_Car_Accident_Accident_5_948
41
665 151 19 21 0.9187433 
23 177 15 18 0.38630173 
683 184 14 17 0.15474229 
453 271 249 308 0.13641351 
340 288 18 20 0.101587884 
174 177 13 16 0.09300788 
349 262 211 273 0.079100914 
657 141 9 13 0.07538653 
667 143 17 20 0.07214972 
656 180 10 12 0.07014841 
712 128 9 11 0.070013106 
613 127 8 10 0.06914862 
630 127 10 12 0.064655535 
655 151 10 15 0.050775945 
709 161 12 15 0.045344114 
637 134 9 10 0.04395316 
631 121 9 11 0.041437946 
721 142 10 12 0.03909934 
329 242 100 119 0.037603475 
621 171 10 12 0.03559547 
336 268 57 74 0.03420074 
591 148 9 13 0.033187956 
699 287 12 16 0.033050507 
704 160 12 15 0.032468505 
700 119 10 11 0.027968384 
661 141 13 17 0.026747566 
689 187 13 16 0.02619204 
685 111 10 12 0.02585434 
696 122 10 13 0.023252958 
635 195 11 13 0.022455398 
581 174 10 12 0.022392292 
714 164 11 12 0.022000775 
647 163 10 13 0.021907482 
582 188 12 13 0.021429507 
593 173 11 13 0.021349555 
393 387 122 131 0.020856244 
438 403 47 40 0.020730851 
700 123 11 13 0.020663034 
589 188 11 13 0.02042136 
581 181 11 12 0.02036738 
422 407 74 77 0.020258704 
