5_Car_Accident_Accident_5_642
61
582 745 14 18 0.89934576 
540 746 11 15 0.8814032 
493 619 13 16 0.829383 
476 717 13 16 0.66189754 
60 672 13 18 0.58376205 
698 741 17 20 0.34956053 
367 726 11 14 0.16118093 
550 763 10 14 0.116865605 
559 767 10 13 0.0990788 
707 764 19 21 0.08540871 
814 441 162 80 0.07920747 
638 751 10 12 0.06838681 
812 717 20 29 0.06525337 
177 827 272 288 0.055203933 
487 765 9 11 0.051442496 
452 763 10 13 0.05075416 
500 244 12 12 0.050116584 
574 771 11 15 0.046241533 
507 638 13 17 0.04605674 
67 677 11 14 0.044674657 
615 758 9 11 0.042283174 
701 749 23 26 0.04049682 
485 228 10 16 0.039258823 
509 621 12 14 0.03885625 
529 764 9 12 0.03841722 
489 629 10 14 0.036363885 
687 764 12 15 0.036347624 
819 726 16 23 0.036044754 
539 790 11 14 0.035553265 
718 747 12 17 0.035263926 
634 749 8 12 0.034997106 
752 635 10 13 0.031063028 
533 764 9 12 0.030111287 
611 759 8 11 0.029068774 
524 253 17 19 0.028016219 
446 760 12 15 0.027997734 
480 759 9 11 0.02748594 
454 738 10 15 0.027436506 
496 682 509 466 0.027093574 
140 43 369 512 0.026913254 
499 625 12 16 0.026631797 
572 781 11 14 0.02656882 
519 734 10 12 0.02494761 
78 680 11 14 0.024947492 
424 246 15 16 0.024591448 
472 707 12 16 0.024102826 
535 758 10 13 0.023564424 
361 726 11 14 0.023517622 
478 229 13 16 0.023326011 
461 734 11 15 0.023140235 
694 735 15 19 0.022604914 
561 718 8 10 0.02177261 
831 728 23 33 0.021762973 
510 629 11 13 0.021594293 
480 638 9 12 0.021586698 
263 728 16 19 0.021183027 
572 789 11 13 0.021042865 
807 722 13 21 0.020922678 
814 709 13 19 0.020916596 
67 66 212 276 0.020435808 
573 669 8 10 0.020125806 
