5_Car_Accident_Accident_5_510
68
386 239 27 36 0.9905083 
279 274 29 41 0.9886708 
243 252 26 31 0.969448 
343 212 29 34 0.95594877 
194 291 39 48 0.95425624 
575 471 46 54 0.94495803 
441 244 22 32 0.6921967 
319 280 28 37 0.6891843 
54 243 33 50 0.61864066 
510 560 49 56 0.37282792 
382 301 17 24 0.29547557 
98 280 32 38 0.27151504 
553 267 20 30 0.25862172 
487 249 20 32 0.20671189 
421 255 23 29 0.20510851 
448 469 41 54 0.14091976 
420 240 23 27 0.13608785 
104 227 48 67 0.12080494 
313 272 25 34 0.09726603 
540 258 21 32 0.083794 
541 249 15 20 0.08166229 
477 244 15 25 0.079979695 
63 250 43 59 0.075119235 
422 145 14 18 0.07417394 
546 268 17 30 0.06911031 
480 242 20 35 0.06388077 
304 259 23 27 0.061035905 
82 262 35 46 0.05793718 
329 255 23 27 0.05792151 
544 241 18 20 0.05765063 
237 240 24 35 0.04550777 
415 319 24 40 0.04534422 
835 1046 11 12 0.043347307 
107 287 34 43 0.040287748 
540 278 16 23 0.039195582 
290 269 28 36 0.03776394 
68 1252 17 23 0.03739382 
54 1244 36 50 0.036663935 
348 280 22 33 0.035492077 
462 112 10 13 0.034537517 
571 452 24 37 0.03072762 
653 981 10 12 0.029855084 
29 1291 12 15 0.028592678 
52 1246 12 14 0.02797953 
602 279 14 18 0.027489563 
456 151 13 16 0.0269385 
40 429 12 14 0.026669987 
314 258 26 30 0.025769666 
449 251 26 34 0.025587697 
647 983 10 12 0.025522333 
570 965 9 11 0.02487509 
412 241 22 31 0.024099382 
285 312 17 22 0.023447422 
11 876 11 15 0.02342399 
506 224 28 32 0.023036297 
300 248 24 28 0.022591887 
465 246 23 34 0.022527503 
477 271 14 22 0.02215366 
496 143 9 11 0.021784782 
481 259 24 35 0.021756973 
539 557 288 270 0.021732397 
734 72 10 13 0.02163812 
46 1243 26 34 0.02103227 
5 884 15 17 0.02075287 
496 259 17 25 0.020615205 
587 233 12 15 0.020463923 
700 270 13 16 0.020193432 
641 982 9 12 0.020023113 
