5_Car_Accident_Car_Crash_5_51
50
770 268 19 23 0.9852153 
709 257 16 19 0.8333865 
834 243 12 18 0.8052985 
139 244 411 436 0.5786556 
740 267 19 24 0.46777672 
255 247 8 11 0.2936981 
274 249 15 23 0.21127802 
276 246 12 15 0.20358863 
72 142 326 466 0.08469374 
518 236 10 12 0.08127343 
632 309 11 15 0.081057325 
118 247 8 10 0.065252036 
847 290 22 27 0.060867406 
112 247 8 9 0.0601152 
207 253 9 10 0.05755596 
272 237 9 10 0.054936323 
947 255 27 31 0.054102577 
263 416 283 298 0.052930374 
715 264 18 21 0.052807182 
277 241 9 11 0.05163029 
836 205 13 14 0.049021013 
192 247 9 10 0.0486554 
248 246 9 12 0.04243315 
721 268 18 21 0.0421063 
249 236 41 54 0.040973257 
260 261 14 19 0.037627753 
254 260 23 32 0.034943935 
173 244 11 12 0.0332097 
199 253 9 10 0.032914657 
851 269 19 20 0.032377273 
243 247 9 11 0.03233739 
247 240 7 10 0.03231069 
193 252 9 12 0.031951007 
213 253 10 11 0.030728592 
267 235 8 11 0.02924919 
759 289 12 16 0.027973952 
107 247 7 9 0.02776254 
238 292 27 27 0.027751466 
198 249 8 10 0.02656758 
247 251 9 13 0.025884828 
261 253 9 15 0.024344198 
105 242 6 8 0.024195887 
255 167 45 67 0.023532618 
119 252 8 10 0.022668635 
581 355 10 13 0.021812122 
548 227 12 15 0.021786055 
190 240 10 11 0.021532679 
242 261 26 32 0.021302333 
212 264 14 20 0.02119034 
141 248 11 12 0.020023338 
