5_Car_Accident_Accident_5_628
154
176 219 24 32 0.9944107 
266 279 28 34 0.9910239 
157 312 27 36 0.98665756 
855 204 23 29 0.9822885 
377 150 24 29 0.97867614 
231 235 22 27 0.9734962 
326 218 25 27 0.9723211 
936 291 23 29 0.96223587 
441 190 21 27 0.9345365 
283 172 21 30 0.9228888 
578 29 26 36 0.89654416 
75 217 24 27 0.8577454 
44 153 18 22 0.852407 
383 205 21 31 0.8376407 
915 239 20 27 0.67001045 
847 324 29 35 0.62277895 
275 231 18 22 0.6111445 
942 331 25 41 0.47333145 
583 272 37 42 0.46841285 
897 214 22 28 0.43254888 
197 270 25 36 0.33648598 
524 359 27 31 0.31209525 
278 127 17 21 0.31154007 
418 95 17 23 0.30040616 
962 335 23 39 0.29147035 
883 353 28 37 0.26275334 
230 286 31 36 0.25693846 
850 310 27 32 0.23148093 
409 191 21 27 0.22819023 
100 195 20 21 0.22324422 
335 189 21 28 0.1803102 
2 168 16 21 0.17849734 
484 173 21 34 0.15103562 
800 192 24 30 0.14540805 
399 182 24 26 0.13439798 
721 348 27 35 0.13318023 
720 129 31 37 0.13051958 
1005 98 18 26 0.10058607 
376 91 18 19 0.094884135 
509 365 27 27 0.09456816 
904 219 24 27 0.09284531 
95 348 35 36 0.0913895 
101 334 28 29 0.090017155 
781 399 41 46 0.08848024 
884 282 18 24 0.08498739 
101 317 28 32 0.084190674 
600 337 52 63 0.08087941 
512 370 50 46 0.0786827 
171 170 17 23 0.07668984 
891 211 19 25 0.07657675 
837 207 16 23 0.07300061 
339 383 24 27 0.06973022 
0 238 14 41 0.06701202 
815 236 21 21 0.06596239 
45 159 22 25 0.063114986 
814 260 20 20 0.062547535 
99 398 67 81 0.06152294 
1004 325 18 34 0.061198764 
736 137 26 28 0.06028524 
942 262 16 18 0.05658817 
293 176 21 28 0.054937143 
85 360 50 50 0.05471451 
1002 273 19 31 0.052637808 
429 250 37 40 0.052163012 
244 408 42 56 0.0503014 
410 103 25 33 0.049404085 
31 269 26 31 0.04862369 
386 58 17 19 0.045974676 
904 203 26 29 0.04420054 
746 186 26 37 0.044139866 
855 275 23 29 0.043677177 
707 241 15 19 0.04235485 
699 320 24 30 0.042016935 
717 247 24 30 0.03907065 
637 252 30 37 0.039028704 
911 307 26 28 0.039017923 
19 159 15 20 0.0384922 
846 204 20 28 0.038384967 
955 338 17 33 0.037948538 
667 275 34 43 0.037872534 
374 53 29 32 0.036710184 
923 241 21 28 0.036227748 
443 336 31 33 0.036084052 
950 321 28 45 0.03599755 
713 336 26 38 0.035934675 
304 179 16 23 0.035426885 
392 205 25 30 0.035189487 
496 368 34 32 0.034980815 
759 238 24 27 0.03488213 
474 23 30 32 0.034080815 
1011 278 14 24 0.03396024 
783 212 14 18 0.03301844 
922 417 19 21 0.03299281 
538 344 31 32 0.032429703 
797 284 23 35 0.03180726 
904 493 24 27 0.031282295 
680 223 44 47 0.030950114 
430 193 12 20 0.03029985 
492 165 26 37 0.030173691 
997 242 25 29 0.03017053 
1000 106 23 39 0.030043077 
348 185 22 28 0.02998236 
-1 172 14 25 0.029933807 
225 407 44 57 0.029830392 
778 225 17 21 0.029497072 
812 244 24 24 0.029406866 
960 241 19 20 0.029092798 
23 196 15 18 0.028919732 
647 275 41 50 0.028905995 
483 203 17 21 0.02872281 
768 230 26 28 0.028575692 
809 262 33 36 0.028287658 
208 267 18 25 0.028249808 
76 344 45 51 0.028086487 
131 212 22 30 0.02775727 
837 329 43 51 0.027723787 
886 356 47 49 0.027231866 
924 333 38 52 0.027098846 
732 411 25 27 0.026448395 
968 326 40 50 0.026035888 
759 183 24 32 0.02530752 
374 95 25 27 0.024969794 
466 406 33 29 0.024930097 
716 243 17 22 0.02492824 
496 157 43 58 0.02437789 
718 145 30 37 0.024252051 
20 147 15 17 0.024019115 
333 348 56 64 0.023708502 
261 127 13 17 0.023706045 
834 390 38 47 0.02354534 
502 -1 34 28 0.023498727 
761 388 46 65 0.023171114 
369 389 28 35 0.022812402 
732 130 17 25 0.022394896 
772 185 16 22 0.022303019 
779 323 24 31 0.022238461 
737 148 19 24 0.022184433 
0 156 24 29 0.02208133 
725 358 35 38 0.022022508 
931 299 23 32 0.021863539 
273 78 18 22 0.021577677 
279 364 27 36 0.021572093 
878 239 21 28 0.021374354 
875 273 23 29 0.021338807 
962 500 15 17 0.021257062 
185 281 30 34 0.021237032 
78 257 29 36 0.021093791 
268 129 14 17 0.020902527 
388 3 30 37 0.02089002 
904 350 35 40 0.020847538 
407 178 20 22 0.020657001 
929 262 23 27 0.02043555 
721 287 20 31 0.02032898 
462 376 17 19 0.02010837 
