5_Car_Accident_Car_Crash_5_94
44
518 289 12 17 0.8408518 
455 309 10 14 0.5915417 
626 302 9 11 0.57708406 
550 301 8 11 0.30121866 
269 353 27 34 0.28330427 
247 350 32 42 0.15517403 
605 312 9 11 0.15036105 
932 247 10 14 0.12920848 
585 301 8 10 0.120944805 
610 301 8 9 0.09070469 
585 318 9 13 0.09045895 
576 324 8 11 0.08966971 
582 322 9 12 0.073493496 
907 253 12 15 0.060125794 
614 302 8 10 0.057713795 
449 307 11 15 0.05745953 
644 223 12 14 0.043942425 
547 283 11 14 0.038552564 
581 108 10 11 0.036211703 
481 310 8 9 0.036052857 
570 324 8 12 0.03476719 
590 301 8 10 0.03311659 
536 277 8 11 0.032210097 
632 280 7 10 0.029842898 
626 298 7 10 0.02969139 
560 303 8 11 0.028607994 
603 316 8 11 0.02841886 
585 312 9 11 0.026202645 
568 303 8 10 0.025646877 
223 342 45 57 0.02479654 
575 311 7 10 0.02458108 
568 296 9 10 0.024368804 
120 112 8 10 0.023590626 
538 180 13 15 0.023482852 
630 316 8 11 0.023158422 
609 326 8 10 0.023055533 
344 -44 381 480 0.022942552 
544 296 10 12 0.022338767 
589 311 9 11 0.021731457 
568 309 9 11 0.021582019 
100 45 8 13 0.020842684 
629 307 9 12 0.02030329 
475 347 9 12 0.020200305 
610 334 9 13 0.020103851 
