5_Car_Accident_Car_Crash_5_451
42
686 163 26 25 0.8152332 
783 134 10 12 0.40419093 
322 142 8 12 0.2472092 
634 136 8 11 0.12433892 
814 146 7 9 0.116666526 
611 158 14 19 0.115090884 
698 153 17 22 0.09953779 
805 189 9 12 0.067607924 
800 189 10 13 0.059308644 
953 161 30 32 0.053562406 
623 141 8 10 0.053182743 
749 142 11 15 0.048134267 
843 144 7 10 0.047878426 
636 139 9 12 0.04397617 
606 143 9 11 0.04246721 
456 252 10 12 0.04069137 
452 256 28 33 0.039338466 
459 261 14 15 0.037267637 
743 145 13 14 0.036560997 
626 136 8 11 0.036211487 
459 254 12 13 0.032350536 
569 139 16 18 0.030329227 
813 164 9 12 0.02884489 
519 142 12 17 0.028570589 
570 203 10 14 0.02815595 
648 184 9 10 0.026742611 
353 141 9 12 0.025377078 
460 175 11 13 0.025101047 
494 155 11 13 0.024933668 
486 156 10 12 0.024631035 
787 138 11 14 0.024113802 
756 141 10 12 0.0237343 
623 162 11 16 0.02347198 
467 261 13 15 0.023421407 
480 156 9 12 0.02338861 
630 156 11 16 0.022934996 
704 148 14 20 0.022583954 
471 254 9 12 0.021624532 
652 184 10 11 0.021001501 
618 142 8 10 0.020842807 
512 181 9 12 0.02020444 
455 264 14 17 0.02011178 
