5_Car_Accident_Accident_5_474
74
554 136 17 22 0.98999196 
346 142 18 23 0.98600024 
242 119 19 25 0.9657517 
800 142 21 25 0.95199436 
622 142 17 22 0.84003156 
588 149 19 27 0.6918033 
307 148 11 16 0.6871156 
610 148 14 21 0.506362 
713 135 16 23 0.2525945 
176 97 22 31 0.23566386 
264 177 22 29 0.1950046 
635 138 15 20 0.16409247 
285 141 9 12 0.16316272 
836 139 21 26 0.13846152 
582 158 17 21 0.13543713 
767 260 12 17 0.12280026 
296 142 10 13 0.11614023 
301 142 12 16 0.101404935 
541 163 13 18 0.0894824 
72 168 25 28 0.08395259 
405 118 10 13 0.08309211 
298 172 17 21 0.07279075 
373 143 10 13 0.0662053 
6 571 97 118 0.06235091 
246 173 24 31 0.059151407 
141 106 13 16 0.057427064 
188 100 12 19 0.05690465 
702 141 22 24 0.05689053 
458 282 18 22 0.05526701 
695 140 11 17 0.053815424 
178 166 16 24 0.051039126 
505 119 9 11 0.047362365 
495 131 15 20 0.04671217 
829 145 15 20 0.04417309 
615 265 12 15 0.044055298 
622 131 15 20 0.04397733 
143 102 10 13 0.042747635 
838 258 17 19 0.042034008 
404 146 12 15 0.03764799 
501 125 11 14 0.03755724 
653 270 10 13 0.037300594 
798 104 29 35 0.034094155 
453 71 12 17 0.033032823 
878 256 14 18 0.03252037 
467 87 18 19 0.031039784 
448 205 32 32 0.02925174 
294 147 22 25 0.027921777 
582 147 17 22 0.027658727 
194 100 11 17 0.027233355 
172 93 17 19 0.027186923 
261 146 15 18 0.027124878 
767 239 15 19 0.026641538 
594 142 15 24 0.026533544 
188 98 21 30 0.026518738 
329 196 17 21 0.02493506 
82 165 17 22 0.024894007 
773 264 23 32 0.0247215 
400 141 12 16 0.024350325 
171 110 25 32 0.024007645 
509 123 10 15 0.023695737 
66 169 20 21 0.023254406 
149 101 9 12 0.023057735 
134 107 23 29 0.022868104 
625 125 16 18 0.022712253 
144 98 9 10 0.022278123 
334 9 31 40 0.02195796 
409 116 22 28 0.021747518 
900 276 13 15 0.021598898 
795 113 36 50 0.021581428 
267 149 15 18 0.021554228 
541 228 22 29 0.021314012 
116 125 15 18 0.020735236 
298 161 16 21 0.02031284 
768 257 19 29 0.020259555 
