5_Car_Accident_Accident_5_448
794
926 558 26 30 0.9942095 
51 436 19 24 0.98549706 
87 393 15 19 0.9816445 
292 391 15 19 0.9784263 
230 374 12 16 0.96779245 
865 232 9 12 0.95601076 
802 432 18 27 0.9551459 
299 542 23 30 0.95315915 
190 448 18 22 0.9421966 
16 341 11 14 0.9264681 
981 316 13 16 0.9254375 
136 347 15 18 0.9152227 
889 408 16 25 0.89744395 
702 406 13 19 0.8723874 
926 259 11 13 0.85389376 
232 293 9 11 0.8309689 
967 245 9 11 0.79764247 
982 237 10 12 0.79429 
176 284 9 12 0.78882766 
335 237 9 11 0.7629169 
313 260 9 10 0.761285 
183 325 9 12 0.68758494 
199 286 9 11 0.67334795 
11 363 13 16 0.66970694 
208 413 15 19 0.62115717 
262 349 11 14 0.60328335 
271 262 8 10 0.59795904 
337 268 9 11 0.59555924 
392 439 13 15 0.52207273 
295 262 8 9 0.5133465 
232 334 10 12 0.4928729 
112 223 8 11 0.4794649 
453 220 8 11 0.47517145 
303 277 8 11 0.4679035 
76 372 10 14 0.46684194 
497 406 9 11 0.46078345 
357 248 8 10 0.45121187 
256 223 8 11 0.43811816 
194 264 8 11 0.43705517 
198 334 12 14 0.43625244 
214 343 12 16 0.41665366 
264 287 9 11 0.40518317 
829 201 8 10 0.40294814 
243 620 24 31 0.39633214 
964 313 11 15 0.3662765 
257 350 10 13 0.36358464 
225 268 9 11 0.36044964 
309 435 10 13 0.35760874 
150 271 8 10 0.3555768 
271 213 7 9 0.35147983 
254 305 9 11 0.34543923 
324 270 9 12 0.3452133 
270 293 9 11 0.34066123 
205 355 10 14 0.33848402 
257 263 8 10 0.3136857 
742 472 13 20 0.31209695 
292 472 18 23 0.31178597 
176 261 8 11 0.3081284 
384 244 8 10 0.30649394 
131 433 11 16 0.29169637 
287 443 11 13 0.28931618 
199 307 9 11 0.28703704 
964 274 14 18 0.28524122 
817 188 10 12 0.28439394 
310 341 11 15 0.28094748 
886 200 8 10 0.2755066 
175 372 11 13 0.27391446 
150 314 12 14 0.27281806 
429 237 8 10 0.26582536 
302 212 8 11 0.26400927 
312 370 11 14 0.25835806 
389 206 8 10 0.257572 
343 395 10 14 0.25627938 
317 370 10 13 0.25462946 
184 216 8 9 0.25188115 
132 303 9 11 0.25176686 
54 343 11 13 0.24670333 
929 332 13 17 0.24423759 
110 237 8 11 0.24006703 
402 237 8 11 0.235637 
295 435 13 16 0.2324618 
406 380 9 12 0.23215866 
846 198 9 11 0.23019636 
237 239 8 11 0.22969961 
883 200 7 9 0.22659346 
89 269 9 10 0.22571641 
200 280 8 10 0.22079855 
273 229 7 10 0.22049633 
303 435 11 14 0.21640559 
293 443 13 15 0.2137374 
288 214 7 10 0.20967092 
195 286 8 12 0.20808358 
294 300 9 11 0.2074515 
177 257 8 10 0.20603366 
842 198 8 11 0.2007747 
310 459 14 20 0.19997516 
150 277 7 9 0.1981858 
53 311 9 12 0.19721575 
247 326 11 13 0.19378574 
375 215 8 10 0.19213966 
312 232 8 10 0.18808557 
278 239 7 9 0.18774037 
113 228 9 12 0.18592995 
989 266 12 16 0.18146382 
234 241 7 9 0.18118942 
173 343 11 15 0.18104768 
148 295 9 12 0.18098244 
296 231 7 9 0.17878442 
223 215 7 9 0.17642204 
871 197 7 10 0.16785525 
134 245 8 10 0.16760437 
256 256 7 10 0.16552733 
270 288 8 11 0.15949826 
373 230 8 10 0.15921359 
913 238 9 11 0.15900876 
340 430 11 13 0.15826267 
249 278 8 10 0.15595996 
220 343 10 12 0.15549164 
277 334 11 16 0.15280214 
344 334 10 14 0.15098874 
199 238 7 9 0.1479624 
754 449 25 29 0.14785689 
264 230 8 9 0.14599206 
183 254 8 10 0.14588524 
72 341 11 16 0.1446956 
592 478 20 19 0.14393102 
150 264 8 9 0.14357543 
130 295 7 10 0.14181253 
170 244 7 10 0.14101039 
903 232 8 11 0.13955252 
930 198 7 9 0.13877027 
237 292 9 12 0.1380609 
287 223 8 10 0.13778827 
105 301 8 11 0.13778785 
41 316 8 11 0.13636011 
319 233 8 10 0.1357979 
266 263 8 10 0.13560645 
358 300 9 11 0.13258739 
926 231 9 10 0.13082828 
196 427 12 16 0.13004051 
847 256 10 12 0.12956488 
103 297 9 11 0.12910934 
910 201 7 9 0.12905076 
906 202 7 9 0.12851425 
227 613 32 37 0.12800491 
183 249 7 9 0.12721062 
995 291 11 14 0.1271206 
194 247 8 10 0.12469914 
145 331 10 13 0.121232145 
301 272 9 11 0.121019125 
413 284 8 11 0.12076513 
921 231 8 11 0.12044309 
807 198 10 12 0.118889526 
63 297 8 10 0.116837114 
928 237 9 11 0.11548833 
325 275 9 12 0.11545767 
215 280 8 10 0.11513165 
295 287 8 9 0.11508029 
888 205 7 10 0.11505126 
238 332 9 13 0.11401449 
875 253 10 13 0.11252569 
208 233 7 10 0.11150355 
109 309 9 12 0.1105897 
277 232 8 9 0.10846141 
265 291 9 12 0.10833525 
904 237 9 11 0.10833123 
49 316 9 11 0.108170666 
936 213 9 11 0.1077465 
303 310 10 13 0.10769472 
227 294 9 11 0.10698178 
255 204 7 9 0.106854625 
264 281 8 10 0.106829956 
146 279 7 10 0.10670138 
209 278 7 10 0.106217556 
314 237 7 10 0.10593026 
381 260 8 10 0.10282358 
165 230 8 10 0.1018716 
347 339 10 12 0.100767665 
917 237 9 11 0.1006662 
223 320 10 12 0.1003015 
249 257 8 9 0.09943259 
240 288 8 11 0.09858035 
120 276 8 11 0.09826592 
218 225 8 9 0.09786567 
552 402 8 11 0.09617224 
194 240 7 9 0.09502864 
661 366 10 13 0.09459145 
904 246 8 11 0.09343626 
241 279 8 11 0.09325361 
343 200 8 10 0.09313992 
374 374 10 12 0.0921577 
342 358 9 11 0.09215155 
448 239 7 10 0.0921219 
105 282 7 9 0.09125582 
1001 205 8 10 0.09089443 
240 213 8 10 0.09050357 
55 375 10 13 0.09048788 
425 215 8 9 0.0903779 
798 184 8 10 0.08997031 
867 198 7 9 0.08982645 
129 240 7 9 0.0891175 
293 459 15 16 0.08908542 
288 209 7 9 0.08896173 
157 426 15 16 0.08851028 
1008 243 10 13 0.08814751 
960 230 8 10 0.08774218 
141 285 9 11 0.08691974 
943 208 7 9 0.08676493 
343 245 7 10 0.08673128 
255 270 8 9 0.08639268 
271 299 10 12 0.08634958 
158 317 10 12 0.08592995 
246 291 9 11 0.08587027 
340 366 9 12 0.08399913 
298 279 9 10 0.08364899 
197 270 8 10 0.08339491 
215 325 9 10 0.08296356 
335 206 7 9 0.08285555 
154 245 7 9 0.082739875 
298 270 8 10 0.082593165 
229 265 8 10 0.08249957 
201 233 8 10 0.08222675 
259 248 7 9 0.08135355 
222 254 8 9 0.08078081 
241 263 7 10 0.079981275 
313 213 8 10 0.0793956 
90 295 8 11 0.07915744 
327 222 7 9 0.07900569 
984 200 8 9 0.07809818 
159 326 11 13 0.077659234 
353 209 8 9 0.077424705 
94 295 9 11 0.07605065 
205 433 13 16 0.075481586 
312 208 8 10 0.07539947 
986 223 7 8 0.07481949 
114 256 7 8 0.07426815 
145 239 7 10 0.07426126 
881 206 8 10 0.07395731 
121 342 9 13 0.07378695 
880 211 9 12 0.07362836 
112 268 8 11 0.073571056 
217 256 7 9 0.0735481 
306 230 7 10 0.07310502 
392 256 8 10 0.072102994 
371 215 7 10 0.07178634 
193 216 7 9 0.0717549 
224 247 7 9 0.07172553 
182 280 9 11 0.07141305 
298 467 15 22 0.07120943 
937 209 8 9 0.0708044 
634 450 14 22 0.07020237 
983 333 10 13 0.07008705 
280 270 8 10 0.06979567 
111 281 7 10 0.06950639 
47 381 11 14 0.06936581 
137 286 9 10 0.06892799 
435 362 13 17 0.06890786 
587 446 13 15 0.06860258 
409 193 7 9 0.06788136 
935 270 10 13 0.067588955 
119 254 7 9 0.06757721 
255 217 8 9 0.06748677 
181 341 9 13 0.06741459 
881 229 8 11 0.06693462 
119 271 9 11 0.066866204 
226 242 7 9 0.066858895 
128 262 7 9 0.06666947 
291 263 7 10 0.06614234 
305 373 12 14 0.06607565 
400 246 7 10 0.065924816 
302 460 13 17 0.06530763 
207 338 11 14 0.06519602 
89 301 8 11 0.065069646 
185 238 8 9 0.06464977 
206 287 8 11 0.064059794 
345 222 7 10 0.063414924 
337 201 7 9 0.062432893 
404 355 11 14 0.062269516 
820 185 10 11 0.06213888 
354 213 7 9 0.06210899 
443 239 7 9 0.062072635 
286 270 8 10 0.061952613 
422 398 15 17 0.06118591 
408 550 22 27 0.060851354 
408 197 8 10 0.060791854 
315 453 12 16 0.060750756 
208 293 8 11 0.060682908 
201 207 7 9 0.060654458 
848 193 8 9 0.060619287 
217 229 8 9 0.060609136 
735 437 11 14 0.06009 
158 245 7 10 0.059950717 
145 298 10 12 0.05982921 
794 185 8 9 0.059689347 
854 255 10 11 0.059278477 
285 475 17 20 0.059111975 
217 321 8 10 0.05910242 
0 435 10 20 0.058977548 
865 212 8 11 0.05880946 
921 208 7 9 0.05863793 
262 224 8 10 0.05846263 
815 239 11 14 0.058224216 
336 256 8 9 0.058108132 
110 301 8 11 0.058058154 
887 213 8 11 0.057470378 
262 246 8 9 0.057469357 
437 444 9 11 0.05731681 
176 245 7 10 0.05726565 
224 302 8 10 0.057006087 
886 230 8 10 0.05642985 
480 430 18 19 0.056071136 
854 199 8 10 0.05540249 
142 231 8 9 0.055367228 
153 213 10 13 0.054959204 
328 448 12 16 0.0547279 
295 347 11 13 0.05461814 
424 253 8 9 0.054617494 
88 341 10 15 0.054344673 
230 327 12 14 0.054138727 
340 239 9 11 0.05404414 
863 208 8 10 0.05359161 
206 308 9 12 0.05338717 
415 188 8 10 0.053032417 
369 240 8 10 0.053029813 
13 325 8 10 0.052865937 
369 246 8 10 0.052806843 
225 191 7 9 0.052718986 
303 240 8 10 0.05231112 
96 317 8 10 0.052224062 
250 323 13 14 0.052107636 
239 271 8 9 0.051993318 
222 223 8 9 0.05185827 
382 391 13 17 0.051765457 
345 205 8 10 0.051569257 
534 528 14 20 0.051465064 
103 327 11 12 0.051442355 
125 277 8 10 0.051376704 
130 245 8 10 0.051248204 
250 273 8 9 0.051209755 
341 372 9 11 0.05087201 
992 199 6 9 0.050801326 
210 273 7 9 0.050739344 
139 230 7 9 0.0503821 
1001 229 8 10 0.05035068 
520 406 8 10 0.0497963 
94 340 11 14 0.049765397 
247 261 8 10 0.049746662 
135 264 7 9 0.04971736 
331 206 7 9 0.049383614 
309 378 11 14 0.049213033 
409 281 10 12 0.048985645 
213 353 11 16 0.048901983 
240 209 8 9 0.048873093 
359 214 7 9 0.048464604 
336 243 9 11 0.0483089 
267 213 8 10 0.04825589 
2 413 9 14 0.0482351 
452 364 12 17 0.048202865 
526 401 9 11 0.048154704 
233 256 7 9 0.048153237 
298 357 10 12 0.048109647 
44 359 11 14 0.04802551 
1000 223 8 10 0.047949273 
97 278 7 10 0.047652353 
290 229 7 10 0.04764948 
973 245 9 11 0.04744069 
338 222 7 9 0.047386017 
213 310 9 11 0.047262702 
861 253 10 11 0.04712443 
269 626 40 46 0.04704593 
525 429 11 14 0.046979122 
110 317 9 11 0.04696028 
478 414 12 14 0.04669076 
184 234 8 9 0.046665546 
872 213 8 10 0.04659377 
304 245 8 10 0.04641464 
113 297 8 10 0.046215188 
298 237 8 10 0.046053357 
216 286 8 11 0.046009537 
994 248 8 11 0.04596434 
138 224 7 8 0.04581376 
174 242 8 9 0.04577213 
977 256 8 10 0.045396987 
329 217 7 9 0.045101643 
176 334 8 12 0.04482852 
152 241 7 10 0.04457135 
513 407 9 11 0.04414496 
898 414 16 22 0.0439943 
199 431 14 18 0.043973055 
308 310 9 12 0.043818578 
555 422 11 14 0.04375967 
792 189 8 10 0.043720506 
198 216 7 9 0.04371894 
390 240 8 10 0.043692034 
117 296 8 11 0.043467563 
297 309 11 12 0.04326078 
168 224 7 9 0.0432405 
966 231 8 10 0.04318815 
78 345 11 15 0.043114882 
219 616 16 21 0.04284193 
217 621 11 15 0.041905515 
962 281 12 16 0.041578624 
369 272 8 11 0.041560095 
97 254 7 9 0.041472055 
854 282 14 17 0.04129356 
182 331 11 12 0.04099438 
208 327 9 11 0.04090218 
253 277 8 10 0.040813737 
105 264 8 11 0.04080112 
227 310 7 9 0.040652733 
147 263 7 9 0.04062037 
917 310 12 14 0.04051254 
254 343 11 15 0.0404279 
232 245 8 10 0.040400848 
299 210 7 9 0.04033627 
63 327 8 11 0.040013827 
849 204 8 10 0.03977025 
398 254 7 9 0.03956016 
430 283 8 10 0.03948082 
894 267 12 15 0.03942168 
191 423 13 17 0.03929953 
391 246 8 10 0.03916497 
911 205 7 9 0.03892852 
272 248 7 8 0.038832273 
302 304 9 11 0.038826104 
343 326 10 13 0.03873925 
606 429 12 14 0.03873674 
282 424 16 18 0.038447894 
291 288 7 9 0.03831289 
332 418 13 15 0.038171116 
14 320 8 10 0.03811489 
127 257 7 9 0.037857797 
998 213 8 10 0.037855834 
763 443 16 22 0.03780323 
992 221 7 10 0.03776755 
183 293 8 10 0.03743801 
334 301 9 10 0.037435777 
393 164 8 9 0.03737726 
161 240 7 10 0.037372664 
1006 230 7 9 0.0371693 
376 199 8 9 0.03716667 
288 246 7 9 0.037120827 
349 223 8 9 0.037081003 
928 223 8 10 0.037021127 
227 319 12 13 0.037011594 
294 325 10 12 0.036924317 
841 194 7 9 0.036920052 
936 220 8 11 0.036903914 
56 327 8 10 0.036869552 
425 248 7 9 0.036663536 
165 362 11 15 0.0364571 
175 451 12 16 0.03644988 
877 318 11 14 0.036351684 
171 286 8 10 0.036309913 
896 206 7 9 0.03614312 
282 224 8 10 0.03607656 
934 198 6 9 0.03607406 
840 229 7 10 0.03599247 
57 301 9 10 0.035869744 
249 247 7 9 0.035842594 
302 148 8 10 0.035732877 
126 345 10 15 0.035626743 
136 269 7 9 0.035591327 
282 190 7 9 0.035556894 
327 295 8 10 0.035479166 
487 405 12 14 0.035448257 
589 467 16 20 0.035423435 
175 268 8 10 0.035405226 
224 210 7 9 0.035196524 
200 291 9 11 0.035112504 
219 215 7 9 0.035093144 
257 294 7 10 0.034671463 
210 262 8 10 0.034663726 
232 622 39 48 0.034643296 
120 263 7 10 0.0343015 
976 260 9 11 0.034278255 
161 224 6 8 0.03424829 
211 432 15 19 0.034224924 
999 246 9 11 0.034073643 
930 214 8 10 0.03403774 
815 538 27 35 0.03401783 
385 177 7 9 0.034014355 
31 340 9 12 0.033982255 
854 192 7 9 0.033956125 
404 319 10 13 0.033883177 
1012 365 12 20 0.03386363 
279 264 8 10 0.03376263 
955 339 11 17 0.033742297 
1002 201 6 9 0.03357092 
898 231 8 11 0.033432145 
161 441 16 21 0.033424903 
342 255 8 10 0.033297125 
921 200 7 8 0.033273067 
407 423 11 13 0.033174295 
295 333 10 14 0.03307187 
384 438 9 13 0.03289502 
70 302 7 10 0.032793403 
927 326 12 16 0.032703705 
172 379 11 13 0.032606013 
169 271 7 10 0.032581236 
940 214 9 10 0.032543227 
375 366 13 14 0.032472566 
403 198 7 9 0.03240917 
881 193 6 9 0.032382376 
215 271 7 9 0.032247644 
338 390 9 13 0.03214157 
416 404 11 14 0.032128803 
152 206 9 11 0.032119114 
888 224 7 10 0.03204602 
467 189 13 15 0.03199812 
262 318 9 11 0.03190766 
952 248 9 10 0.03188973 
199 353 11 14 0.03182099 
836 430 14 17 0.031761136 
447 430 9 13 0.031749703 
281 245 8 10 0.03173386 
343 384 10 12 0.03173337 
290 295 8 11 0.031640425 
390 202 7 9 0.031499222 
943 271 8 12 0.031489737 
414 207 8 8 0.03143972 
283 214 7 10 0.030983761 
304 334 11 14 0.030884374 
909 254 9 11 0.03088286 
852 259 10 13 0.03087901 
65 318 8 10 0.030821238 
425 221 8 9 0.03080791 
315 341 10 15 0.030732665 
178 218 7 8 0.030621175 
382 355 13 14 0.03054269 
329 300 8 11 0.03048841 
409 206 8 10 0.030426098 
71 336 11 13 0.030290494 
230 338 9 12 0.03028419 
409 223 7 9 0.03028248 
272 280 8 10 0.030176481 
185 272 7 9 0.03015802 
86 346 10 14 0.030143606 
843 255 9 12 0.03004026 
808 193 8 11 0.029839842 
263 270 8 9 0.029836684 
128 233 7 9 0.029778568 
151 287 8 10 0.029630296 
427 234 8 10 0.029612517 
95 265 8 11 0.029535176 
70 378 14 16 0.029504588 
1015 332 8 15 0.029460082 
181 261 8 11 0.02944794 
298 454 15 18 0.029363818 
157 434 17 19 0.029361809 
963 412 10 13 0.029341266 
77 286 9 12 0.02931151 
448 244 9 11 0.029295778 
126 272 7 10 0.029105507 
254 320 10 12 0.029015606 
72 296 8 9 0.028997527 
474 418 23 26 0.028967282 
486 254 13 14 0.028911583 
418 545 16 27 0.028904604 
145 257 7 9 0.028849272 
256 452 12 15 0.028744753 
839 223 9 12 0.028683223 
344 231 8 10 0.028649764 
225 612 18 21 0.028637545 
208 207 7 9 0.0285841 
526 423 9 12 0.028580591 
130 290 7 10 0.028379248 
217 201 7 8 0.028339405 
431 222 7 9 0.028316429 
96 249 7 10 0.028259184 
287 185 8 9 0.028237386 
464 219 10 13 0.028177524 
994 214 7 10 0.028154647 
215 263 7 9 0.028095769 
328 231 7 10 0.028090315 
886 308 10 12 0.028059004 
376 209 6 8 0.028000725 
405 232 9 11 0.02793615 
240 257 7 10 0.027872931 
310 390 11 14 0.027836628 
302 365 12 15 0.027791189 
912 244 9 12 0.027760776 
273 190 6 8 0.027740847 
263 241 7 9 0.02771948 
336 217 7 9 0.027645534 
93 300 9 11 0.027609121 
70 310 8 10 0.02760537 
807 270 9 12 0.027583364 
177 221 7 9 0.027541826 
249 240 7 10 0.027537294 
873 325 10 12 0.027520947 
129 307 9 12 0.027484631 
263 310 9 11 0.027460616 
369 208 7 9 0.027449762 
352 269 8 10 0.027396876 
151 257 8 10 0.027301943 
370 201 7 9 0.027239516 
223 279 8 10 0.027234986 
326 265 9 11 0.027212093 
379 370 12 14 0.027117807 
193 340 11 14 0.027100988 
520 399 10 12 0.027091127 
1012 239 10 15 0.0270658 
288 309 9 11 0.026967227 
983 261 11 16 0.026925517 
377 194 7 8 0.026893042 
10 321 8 10 0.026858596 
337 332 11 14 0.026669905 
145 316 12 13 0.026650425 
239 231 8 10 0.026623508 
970 267 12 17 0.026603332 
936 247 9 11 0.0266029 
362 655 26 25 0.026595455 
311 225 7 9 0.026592283 
251 224 7 9 0.026402727 
223 229 8 9 0.02638499 
361 181 8 9 0.0263721 
266 353 12 15 0.026369834 
241 223 7 9 0.02628767 
258 287 8 11 0.026274081 
204 302 10 12 0.026162226 
280 367 11 13 0.02613118 
30 367 10 11 0.026122699 
354 252 8 10 0.026054258 
454 177 35 39 0.026018161 
932 254 10 13 0.0259764 
251 332 14 15 0.02596381 
426 285 8 9 0.025896626 
1000 240 8 11 0.025889339 
39 436 11 17 0.025811965 
854 223 8 11 0.025810426 
324 372 9 13 0.025731124 
933 238 8 11 0.02564537 
321 247 8 9 0.025625695 
144 246 8 10 0.025478357 
5 443 11 17 0.025444135 
286 189 7 9 0.025398362 
961 270 12 17 0.025337754 
423 271 7 9 0.025314368 
893 276 13 16 0.025220377 
852 269 15 16 0.025175214 
402 209 7 9 0.025172567 
340 265 8 10 0.025144052 
479 253 13 14 0.025117656 
259 241 6 9 0.025109846 
232 225 8 9 0.025027912 
121 238 8 10 0.025026405 
855 205 8 10 0.024978373 
192 233 7 9 0.02493485 
228 644 23 30 0.02488528 
318 207 7 10 0.024872461 
95 286 9 11 0.024865625 
311 245 8 11 0.024755877 
191 254 8 10 0.024595775 
467 438 12 16 0.0245529 
663 521 28 43 0.02453756 
281 309 8 10 0.02444985 
977 223 7 9 0.024428215 
887 268 10 13 0.024393873 
483 411 12 14 0.024385955 
109 395 11 12 0.02429224 
926 245 10 11 0.024266701 
56 335 10 13 0.024234297 
457 198 9 10 0.02421284 
600 475 23 24 0.024196038 
64 310 9 12 0.02417144 
376 223 7 10 0.024148203 
303 283 9 11 0.024131866 
193 221 7 9 0.024124486 
442 359 20 27 0.023968402 
1008 343 9 13 0.023891065 
463 444 14 15 0.023865975 
272 268 9 11 0.023848768 
316 144 9 11 0.023833405 
330 201 7 9 0.023695273 
231 278 8 10 0.023675056 
952 253 8 10 0.023665309 
385 192 7 9 0.023572993 
226 337 9 11 0.02356258 
847 266 13 17 0.023398088 
694 398 13 20 0.02339403 
511 385 11 14 0.023285579 
152 190 8 9 0.023267519 
542 485 13 16 0.023257118 
49 350 9 11 0.023253143 
848 223 9 12 0.023241548 
220 437 14 19 0.023228182 
374 270 9 14 0.023212846 
217 208 7 9 0.02320073 
248 207 7 9 0.023197887 
223 199 8 9 0.023173472 
936 309 9 12 0.023166178 
359 209 7 9 0.023156488 
1012 356 10 15 0.023116153 
182 302 9 11 0.02310048 
130 223 6 8 0.023083946 
807 277 10 12 0.023064747 
518 389 9 12 0.022962922 
547 457 13 16 0.02292387 
23 356 9 12 0.022899719 
468 219 12 14 0.02289781 
282 444 11 13 0.022849848 
159 280 8 10 0.022704463 
913 233 8 11 0.022683967 
445 358 13 15 0.022673791 
417 269 9 10 0.02266869 
276 476 19 20 0.022652468 
809 245 10 14 0.022564847 
271 338 11 15 0.022539426 
266 256 7 10 0.022443207 
295 225 7 9 0.022372805 
104 318 9 11 0.022359388 
188 325 10 12 0.022352396 
192 292 8 10 0.022349868 
393 224 8 9 0.022348022 
986 216 8 9 0.022332598 
306 225 7 9 0.022315888 
840 239 8 10 0.022315327 
370 224 7 9 0.02227729 
978 333 10 12 0.02225625 
195 308 8 11 0.02221842 
578 581 13 15 0.022206748 
945 232 8 10 0.02216626 
925 318 11 13 0.022133695 
323 223 7 9 0.022083258 
78 294 8 10 0.021959506 
333 433 14 15 0.02195071 
910 269 10 15 0.021942126 
526 370 13 16 0.021911774 
434 168 7 10 0.021862855 
312 289 8 9 0.021860149 
270 365 11 15 0.021839393 
350 161 8 9 0.02178297 
422 422 9 11 0.021778986 
247 339 11 15 0.021777902 
808 228 9 11 0.021688232 
308 277 8 10 0.021652231 
917 242 10 13 0.021650212 
281 208 7 9 0.021647196 
283 371 12 14 0.021615636 
167 334 9 13 0.021602469 
296 245 8 10 0.021580227 
238 244 8 10 0.021496158 
289 240 7 9 0.021470966 
88 454 10 13 0.021466628 
304 261 8 11 0.021456243 
114 358 9 12 0.02143102 
450 278 8 11 0.021383516 
874 208 8 11 0.02135468 
73 328 8 10 0.021254713 
399 165 7 9 0.021254206 
439 168 8 11 0.021252578 
523 478 17 19 0.021248534 
1013 340 9 16 0.021234231 
250 230 7 9 0.0212258 
387 201 7 9 0.021190789 
449 268 10 13 0.021167593 
401 215 7 8 0.02112321 
903 263 11 14 0.021111688 
328 288 8 10 0.021059295 
533 365 12 14 0.02096891 
414 422 10 13 0.020954603 
319 215 8 9 0.020911038 
334 296 9 11 0.020877462 
352 164 7 9 0.020850813 
25 326 8 10 0.020791288 
278 279 8 10 0.020756219 
312 184 8 9 0.020755947 
1015 222 8 12 0.020710668 
296 317 10 12 0.020665871 
301 326 12 13 0.020564571 
961 224 7 10 0.020546703 
453 253 9 10 0.020530572 
960 215 7 10 0.020528076 
192 351 10 12 0.020486161 
331 477 13 14 0.02040624 
122 310 8 11 0.020386199 
283 185 7 9 0.020380251 
229 357 11 13 0.020353887 
451 239 9 11 0.020312177 
399 350 12 16 0.020241115 
351 232 8 9 0.020239763 
900 267 13 16 0.02023535 
376 349 15 16 0.02023192 
384 328 9 10 0.020223284 
953 231 8 10 0.02021322 
981 255 7 10 0.020208433 
473 419 11 13 0.020104095 
442 200 8 9 0.020102862 
171 279 8 11 0.020100797 
233 208 8 9 0.020075161 
616 397 9 11 0.020069245 
978 323 10 13 0.020037828 
912 333 10 13 0.02002812 
