5_Car_Accident_Accident_5_34
39
762 67 23 29 0.99131787 
608 62 19 25 0.9809374 
526 69 14 19 0.96761256 
690 49 21 27 0.96495104 
563 5 17 21 0.32740676 
989 75 30 44 0.18938488 
510 71 11 15 0.13085458 
632 5 18 21 0.10263259 
650 73 14 16 0.10134858 
2 92 9 13 0.069904044 
439 239 51 71 0.06537251 
610 10 14 18 0.060955085 
572 32 17 18 0.060883865 
479 73 11 15 0.05685012 
638 52 10 14 0.04986021 
407 60 9 13 0.047372587 
516 45 10 13 0.046069052 
552 66 11 16 0.04570701 
96 76 10 12 0.045538664 
900 253 27 30 0.041765727 
972 34 18 22 0.039910536 
712 29 27 30 0.03701177 
611 34 17 19 0.029296212 
664 76 11 14 0.027958946 
910 27 15 18 0.027715627 
832 62 26 32 0.026461413 
604 35 15 19 0.026134651 
536 104 20 27 0.025657363 
607 3 16 18 0.023804704 
981 3 15 17 0.023708789 
980 30 21 31 0.022862958 
646 3 12 16 0.022709195 
731 49 16 19 0.02260876 
572 -1 15 15 0.02240268 
511 91 10 13 0.021453092 
673 7 12 14 0.020425951 
718 45 26 29 0.020389033 
895 55 25 40 0.020182472 
86 -1 13 12 0.020004503 
