5_Car_Accident_Accident_5_243
43
455 100 10 13 0.8956378 
390 112 11 13 0.69504124 
473 109 9 12 0.5156285 
478 105 8 11 0.30581918 
416 123 12 14 0.21934445 
380 124 11 14 0.1207929 
419 118 13 15 0.10924455 
423 109 12 15 0.07240566 
375 119 12 15 0.066552505 
439 102 8 12 0.060207635 
486 73 22 31 0.053340238 
591 20 26 50 0.052502055 
429 109 9 13 0.05241113 
429 115 10 14 0.05096017 
408 96 9 12 0.047902685 
416 109 13 15 0.040100865 
502 73 14 20 0.037170336 
490 49 13 18 0.03515159 
404 178 14 17 0.033992223 
369 103 8 10 0.03343717 
383 130 11 14 0.033400234 
484 1 59 67 0.031103259 
438 95 10 12 0.03082191 
401 133 9 11 0.03067157 
350 117 10 13 0.030256929 
376 109 9 11 0.028917897 
384 117 11 14 0.02816534 
487 102 9 14 0.027404297 
416 86 8 10 0.027285222 
433 104 8 10 0.026217598 
395 115 9 13 0.026188454 
359 117 10 12 0.025945116 
466 109 8 12 0.025643101 
388 131 10 13 0.02535853 
411 101 10 11 0.02370964 
411 34 91 130 0.023129966 
439 134 10 12 0.02307952 
541 7 43 68 0.02249683 
505 67 18 24 0.021316279 
446 68 9 13 0.021311406 
412 94 9 12 0.021220595 
374 104 9 11 0.020944744 
416 69 9 11 0.02087287 
