5_Car_Accident_Accident_5_77
97
886 57 26 37 0.998626 
574 67 25 33 0.99859875 
627 61 24 33 0.9975789 
931 47 36 48 0.99525875 
377 62 22 30 0.99501604 
759 35 24 32 0.99487597 
653 60 23 30 0.99470794 
812 54 24 31 0.9941955 
718 66 22 30 0.99376386 
184 77 23 28 0.9915901 
289 77 21 28 0.9901003 
230 68 22 27 0.98997724 
692 70 22 30 0.9870701 
113 88 21 27 0.9736704 
490 68 20 26 0.97076845 
540 78 20 25 0.9644489 
438 54 22 30 0.9607522 
519 37 15 21 0.958032 
796 57 16 20 0.95697844 
588 43 19 25 0.95081425 
446 86 22 25 0.9502023 
978 46 20 28 0.9280073 
710 8 13 16 0.87544346 
872 59 13 16 0.8300422 
795 22 10 13 0.82473457 
739 54 12 14 0.8111238 
911 58 20 28 0.7252995 
32 7 12 15 0.61831903 
738 27 10 12 0.521741 
80 62 21 38 0.5201935 
390 0 14 11 0.43097457 
3 1 12 15 0.32862416 
616 0 10 10 0.28074118 
678 28 9 12 0.22062705 
802 57 21 27 0.21272235 
23 28 9 12 0.16830012 
966 45 21 29 0.1441683 
766 22 12 12 0.13521212 
747 51 13 18 0.13302377 
595 26 12 14 0.11878447 
209 2 15 14 0.111930564 
636 145 14 16 0.10294677 
881 45 11 13 0.09779087 
32 39 12 15 0.08567621 
877 58 21 29 0.0817899 
641 56 22 32 0.081668295 
565 8 15 23 0.07514914 
397 64 15 21 0.07280622 
995 12 10 14 0.07278437 
989 285 22 27 0.070725605 
637 28 11 14 0.069980904 
480 42 11 15 0.0671217 
61 7 47 47 0.06662945 
592 23 11 14 0.06182444 
316 78 11 14 0.056083757 
0 154 23 57 0.055202942 
0 108 9 19 0.05371618 
135 321 50 50 0.05298759 
413 53 12 16 0.04902186 
484 39 12 16 0.047225676 
752 40 20 29 0.046019636 
681 149 10 12 0.042357773 
535 12 12 18 0.03954758 
718 30 13 15 0.03669582 
470 38 10 13 0.03615065 
18 356 47 57 0.03428332 
705 72 15 22 0.033785734 
135 77 12 14 0.033638436 
685 30 9 13 0.033003233 
0 49 23 31 0.032635417 
460 57 11 16 0.03218433 
623 19 10 13 0.031222666 
774 91 26 33 0.031024432 
571 20 11 17 0.030067127 
595 60 16 24 0.029960364 
631 0 12 11 0.028768588 
326 27 16 19 0.028261121 
609 13 10 12 0.02779431 
23 32 11 16 0.027596246 
952 42 24 33 0.027006935 
671 25 11 14 0.025252506 
228 1 18 17 0.024491588 
457 95 16 21 0.024249332 
772 28 14 17 0.023256045 
994 273 17 22 0.02268972 
612 58 13 19 0.022386776 
626 256 387 408 0.022321505 
558 11 15 22 0.022319466 
654 1 10 11 0.022108844 
614 367 83 106 0.02205414 
687 1 9 9 0.021825453 
502 9 11 17 0.021574754 
582 1 10 9 0.020934295 
911 53 15 20 0.020645555 
391 36 13 16 0.020332126 
320 0 10 9 0.020171402 
86 363 54 58 0.020083357 
