33_Running_Running_33_266
85
483 249 51 62 0.9989699 
767 270 49 66 0.9981786 
361 258 48 68 0.99707425 
872 195 46 57 0.9970619 
93 259 49 60 0.9957983 
237 221 47 57 0.99510974 
796 92 42 55 0.9935662 
184 174 43 46 0.9930316 
611 123 44 51 0.99263567 
393 131 42 45 0.99066645 
746 213 43 51 0.9905579 
250 157 47 52 0.98761415 
659 199 50 36 0.9866029 
281 208 43 41 0.98492026 
885 127 44 52 0.98227423 
809 203 45 47 0.97681546 
0 163 40 55 0.9714958 
509 173 48 51 0.93063074 
922 100 29 52 0.9157977 
126 196 34 33 0.8957244 
34 166 31 39 0.89167386 
381 219 42 43 0.87792623 
480 147 34 47 0.8063491 
53 139 34 49 0.73513216 
329 162 32 40 0.62972474 
267 130 26 33 0.55857384 
151 145 26 25 0.54624146 
905 112 38 49 0.49244785 
228 151 23 35 0.45786795 
68 220 43 38 0.4156175 
990 208 33 47 0.36071983 
651 328 37 27 0.23356941 
115 151 29 32 0.16952091 
632 300 25 43 0.16695797 
349 114 11 15 0.15567674 
44 154 31 34 0.14757769 
345 159 35 38 0.13094932 
1001 162 23 28 0.12712796 
130 160 42 50 0.10079186 
452 119 16 23 0.09491416 
422 134 32 36 0.093613334 
154 149 30 42 0.073728666 
439 126 24 35 0.07219178 
357 152 32 36 0.0643783 
433 143 26 35 0.06169811 
966 190 39 53 0.05410392 
258 183 51 51 0.052290913 
900 598 10 13 0.050078653 
344 112 12 15 0.04832761 
102 195 24 36 0.046792354 
496 161 47 52 0.04380329 
148 140 20 22 0.04218407 
356 118 10 13 0.041565698 
136 111 10 13 0.040043104 
85 147 13 19 0.039180346 
406 320 54 68 0.038555734 
94 156 13 18 0.038201258 
79 149 22 32 0.037591208 
116 112 12 17 0.037273534 
123 148 17 19 0.035765767 
126 178 30 37 0.034787618 
343 100 8 10 0.03361786 
73 196 41 50 0.03347435 
108 155 15 19 0.033412136 
637 312 40 44 0.032968275 
102 100 11 18 0.031702124 
135 145 29 31 0.030969473 
319 152 28 39 0.0304798 
543 327 34 39 0.028711585 
274 126 18 22 0.028311294 
68 137 26 40 0.027693354 
577 169 30 31 0.026618958 
379 127 17 22 0.026519377 
91 149 13 17 0.02628931 
85 136 12 14 0.025194854 
128 154 30 34 0.024487684 
6 247 43 64 0.024418587 
96 158 22 26 0.024214324 
211 159 31 39 0.022891765 
950 605 10 12 0.022882376 
481 159 20 25 0.021633247 
82 240 30 46 0.021619461 
130 155 19 19 0.02100374 
957 182 32 51 0.020559222 
627 5 15 18 0.020158019 
