33_Running_Running_33_316
91
855 207 50 64 0.998288 
627 189 45 60 0.997717 
761 156 50 67 0.99654156 
402 188 48 59 0.99645126 
154 190 38 48 0.99602 
220 172 44 60 0.9955544 
262 172 37 48 0.99316823 
854 114 14 19 0.9898177 
526 223 39 52 0.98843807 
326 173 25 34 0.98805296 
353 177 41 56 0.98544264 
573 131 15 18 0.98181516 
894 122 13 17 0.97697335 
718 139 12 16 0.9767164 
666 132 13 19 0.9623584 
693 152 21 26 0.96190894 
428 126 15 17 0.9441565 
183 130 16 22 0.942385 
424 157 35 46 0.9212196 
102 157 16 19 0.9198293 
914 134 12 14 0.8985478 
412 108 10 12 0.8746867 
788 124 12 15 0.87104774 
546 125 13 16 0.8688524 
477 228 34 36 0.8221947 
821 114 12 14 0.7899394 
292 104 12 17 0.6839195 
596 117 11 14 0.66307896 
824 132 10 14 0.6330052 
242 176 41 57 0.52349097 
473 131 10 13 0.45620278 
217 103 11 15 0.43972263 
36 106 14 19 0.36360136 
674 62 12 14 0.31179887 
271 130 10 13 0.2974785 
328 135 9 12 0.21671231 
510 141 11 13 0.21123323 
647 150 10 12 0.20923153 
519 135 10 14 0.19217463 
461 123 10 13 0.1510179 
828 111 10 14 0.13745245 
281 104 11 16 0.10873804 
476 128 9 12 0.09862417 
593 122 13 16 0.08908766 
276 132 11 13 0.08515627 
478 140 9 13 0.07925326 
341 174 30 43 0.06848782 
142 126 10 13 0.065001875 
222 141 15 17 0.06353658 
116 155 12 16 0.057265945 
327 108 9 12 0.056117643 
474 192 25 26 0.051602535 
385 102 8 10 0.049307495 
605 123 9 13 0.04866485 
391 104 8 10 0.04723113 
43 109 14 18 0.045531966 
382 112 8 9 0.04532944 
394 109 8 11 0.040577725 
407 95 8 9 0.037955932 
372 136 12 13 0.037085395 
637 84 8 11 0.035372034 
92 268 36 53 0.03414539 
375 116 10 13 0.033514608 
485 237 35 40 0.032845713 
457 120 10 13 0.03232795 
506 135 9 13 0.03127093 
417 152 28 32 0.03119561 
468 117 10 12 0.03113225 
511 232 38 52 0.030937554 
265 130 13 16 0.030277807 
400 126 9 11 0.029902015 
200 142 11 16 0.028931824 
382 117 8 10 0.02873821 
590 132 13 16 0.028656783 
277 148 12 14 0.02841188 
680 44 10 11 0.028213907 
365 164 30 42 0.027486755 
475 144 12 16 0.027368847 
439 111 9 12 0.027123015 
51 110 11 15 0.025489738 
316 163 12 15 0.024999637 
372 124 12 13 0.024704041 
651 124 13 18 0.024421683 
646 109 12 15 0.023943441 
368 104 8 9 0.023789572 
580 125 12 16 0.023466686 
400 103 7 9 0.023417545 
40 172 12 18 0.023004392 
409 104 9 12 0.020600237 
97 156 13 17 0.020388085 
376 101 8 10 0.02010761 
