11_Meeting_Meeting_11_Meeting_Meeting_11_865
18
379 387 291 420 0.9993332 
0 433 91 129 0.9900681 
431 1380 15 19 0.14295669 
83 345 49 63 0.08515013 
276 1406 14 15 0.072868645 
300 1263 16 20 0.0638156 
353 1360 19 24 0.048479922 
478 1346 15 18 0.044298 
249 1321 14 20 0.037450697 
354 1279 18 20 0.034515586 
980 219 45 83 0.033941608 
850 231 103 115 0.027799128 
475 1352 16 20 0.026794426 
277 1321 26 29 0.024260787 
90 332 40 47 0.02288903 
356 1243 15 16 0.022525555 
300 1273 15 20 0.021115234 
438 1373 24 26 0.02047475 
