11_Meeting_Meeting_11_Meeting_Meeting_11_529
25
8 311 55 73 0.99918693 
828 314 52 69 0.99872285 
667 461 71 91 0.9987218 
539 350 67 84 0.99828136 
66 230 34 40 0.99814355 
457 281 50 58 0.99715805 
634 281 48 64 0.99641067 
419 122 37 46 0.9962288 
174 304 42 54 0.9943771 
728 293 31 38 0.99288344 
843 409 78 94 0.99158704 
354 403 45 56 0.98897636 
12 250 44 54 0.98668367 
777 289 28 37 0.8804636 
287 292 28 30 0.48056042 
114 297 26 35 0.04746939 
521 475 44 71 0.04038176 
372 305 41 50 0.035337266 
290 274 15 18 0.032921672 
285 275 25 33 0.032884732 
42 456 119 106 0.028384726 
280 384 17 23 0.02746966 
255 384 40 47 0.02324973 
531 275 46 58 0.022758191 
539 312 55 65 0.0209749 
