11_Meeting_Meeting_11_Meeting_Meeting_11_206
36
802 217 35 46 0.9989643 
475 253 35 45 0.9978708 
301 278 36 45 0.9946115 
617 234 32 44 0.9921252 
50 191 17 20 0.9900851 
315 185 15 18 0.9848754 
91 323 41 61 0.98416567 
186 370 49 84 0.9802848 
140 185 18 24 0.9662366 
874 307 40 75 0.91021127 
274 191 15 20 0.7403384 
222 191 15 21 0.35491538 
331 213 17 25 0.35075995 
92 208 14 24 0.2551052 
965 323 36 56 0.23004869 
962 293 34 68 0.1797744 
272 451 110 121 0.16883561 
82 215 19 23 0.11458271 
896 252 46 50 0.10876298 
429 190 12 15 0.081814505 
941 311 44 64 0.055742223 
448 191 11 13 0.050903767 
476 210 19 21 0.050173268 
281 193 16 19 0.042193357 
214 193 17 22 0.04214025 
87 204 15 21 0.037630044 
74 224 23 20 0.036362626 
97 204 13 20 0.03051512 
839 310 46 67 0.028168112 
436 191 10 13 0.024212072 
817 316 49 60 0.02229338 
286 182 13 19 0.022075726 
939 273 43 58 0.021824537 
968 273 41 59 0.021630023 
788 318 51 58 0.021057554 
478 196 16 17 0.020862494 
