11_Meeting_Meeting_11_Meeting_Meeting_11_385
128
941 247 53 76 0.99756855 
159 209 30 46 0.99644744 
831 90 24 34 0.99542266 
770 213 41 49 0.99429756 
281 180 22 33 0.9935782 
659 161 23 30 0.9905577 
713 171 24 33 0.98982006 
70 222 42 56 0.9887216 
803 175 24 36 0.98297715 
833 220 37 43 0.9826628 
360 153 15 22 0.9738844 
432 102 10 13 0.9684236 
600 146 11 15 0.9671677 
774 146 12 16 0.9653643 
643 157 15 20 0.9622055 
34 261 49 71 0.96152216 
298 168 17 24 0.9560222 
911 163 15 18 0.93164146 
792 140 10 13 0.9173591 
454 146 12 17 0.9136305 
757 146 12 15 0.9128184 
703 111 10 13 0.90378416 
1010 169 14 23 0.89948714 
960 164 17 20 0.8525267 
386 149 12 16 0.80981296 
576 108 9 12 0.8080875 
736 101 9 11 0.7366003 
525 103 9 13 0.70732385 
795 164 15 20 0.68487656 
619 147 12 16 0.562195 
662 132 9 11 0.513107 
490 180 12 15 0.48459098 
713 109 9 12 0.4622743 
886 180 14 17 0.4099725 
652 142 11 14 0.39027762 
788 166 16 19 0.38752165 
969 164 15 19 0.3579538 
551 104 8 10 0.29248363 
511 113 12 15 0.27062505 
653 158 19 27 0.26257828 
551 109 8 10 0.19996426 
736 137 9 11 0.1815917 
808 373 68 47 0.16210449 
827 206 24 35 0.15741113 
519 107 12 15 0.15273915 
630 141 9 12 0.1461679 
767 146 12 16 0.1387338 
647 147 12 15 0.12648289 
376 170 11 14 0.11949744 
456 188 13 17 0.11896037 
409 176 11 13 0.116953254 
622 143 11 14 0.114319004 
630 136 8 10 0.114259124 
583 149 9 12 0.100042194 
710 135 10 11 0.09438274 
398 183 11 12 0.08723872 
588 165 15 18 0.08362359 
616 143 11 14 0.08221619 
593 137 7 10 0.078415014 
740 141 10 12 0.07776113 
549 190 11 14 0.07678015 
27 0 13 10 0.0671321 
751 145 10 13 0.06537516 
709 140 11 14 0.0639591 
325 195 14 21 0.06350768 
559 101 8 10 0.06266516 
571 228 14 16 0.062373165 
502 114 11 16 0.061952148 
433 175 10 11 0.061329573 
396 218 14 18 0.056479517 
697 135 8 11 0.056172755 
662 139 12 14 0.054945808 
289 177 17 25 0.054550733 
661 146 12 15 0.049968395 
593 141 9 13 0.049104124 
570 111 7 10 0.04858892 
333 315 42 57 0.046007343 
669 140 10 12 0.04537534 
595 205 15 19 0.044507474 
14 1 11 9 0.043533105 
547 110 8 10 0.040920995 
361 260 16 18 0.040796645 
813 117 11 15 0.04002427 
720 149 10 12 0.039585434 
504 104 8 11 0.038195718 
885 157 9 12 0.037248984 
659 129 9 11 0.035926756 
561 110 9 11 0.035522092 
54 -1 26 19 0.035440058 
196 267 23 30 0.034559477 
547 104 8 10 0.034392253 
904 221 45 50 0.034189526 
626 136 8 9 0.034071993 
588 194 16 18 0.03321358 
813 112 10 12 0.031788 
582 173 12 14 0.031593077 
782 155 13 18 0.03139922 
578 179 12 16 0.0309076 
434 216 15 21 0.030509034 
375 147 10 15 0.028732438 
352 308 27 30 0.028679516 
626 146 11 14 0.028262457 
818 182 23 32 0.027917787 
524 188 12 16 0.027745213 
154 37 9 12 0.027499087 
310 246 22 25 0.026831592 
72 0 38 67 0.026439583 
559 188 11 16 0.026140125 
675 151 12 15 0.025441276 
726 149 9 12 0.025072066 
781 141 11 15 0.024836175 
545 167 10 13 0.02422627 
567 181 11 15 0.024030428 
56 13 19 18 0.023539716 
716 165 17 23 0.02250328 
460 183 11 16 0.022428112 
705 140 9 13 0.022212274 
568 116 7 10 0.022160966 
702 135 9 12 0.022061946 
610 219 15 17 0.022027375 
611 209 15 18 0.021691266 
416 22 27 29 0.021460302 
926 597 48 76 0.021201713 
561 133 8 11 0.020755287 
318 13 33 30 0.020436743 
526 114 10 18 0.020355083 
534 125 10 13 0.020350259 
606 205 15 19 0.020235805 
