11_Meeting_Meeting_11_Meeting_Meeting_11_349
93
475 50 15 20 0.99504906 
523 49 18 23 0.9899781 
195 174 76 118 0.98338693 
667 45 17 22 0.9808215 
427 38 15 21 0.97896135 
728 57 18 23 0.97482795 
697 63 19 21 0.96962637 
629 58 21 26 0.96737415 
144 36 21 26 0.9638933 
586 50 17 26 0.9626815 
787 59 13 16 0.9407949 
982 50 14 17 0.9328779 
825 52 17 23 0.90465015 
895 52 10 14 0.8786193 
860 56 13 17 0.8593155 
605 56 21 25 0.7695378 
747 91 16 19 0.5047862 
801 115 16 22 0.49195284 
910 58 12 15 0.25528863 
941 67 12 14 0.2167391 
835 37 11 13 0.21347956 
621 55 19 26 0.17528954 
952 54 9 11 0.16886432 
927 48 11 12 0.124433815 
558 37 15 24 0.12317828 
605 47 15 19 0.113125846 
656 43 13 18 0.088593 
773 66 12 16 0.08834109 
958 61 12 16 0.08080954 
556 47 14 23 0.07631589 
918 54 9 11 0.06524445 
907 105 15 17 0.062752195 
878 86 13 16 0.0623974 
879 70 13 16 0.061333254 
846 52 13 17 0.05729521 
885 85 12 16 0.0565704 
959 54 9 12 0.05573148 
817 101 15 16 0.053480834 
768 130 18 22 0.051444545 
884 74 13 16 0.04973001 
851 44 12 14 0.04850498 
799 55 11 14 0.046484105 
903 56 11 15 0.045967065 
947 64 14 17 0.043663453 
916 77 13 15 0.041992508 
852 38 10 13 0.039230965 
745 76 18 19 0.039027005 
794 58 12 16 0.038605873 
278 121 13 15 0.03848544 
368 54 11 14 0.038169887 
966 55 10 13 0.037841186 
638 111 24 26 0.0362451 
952 60 12 15 0.036095835 
839 125 10 12 0.034528136 
871 118 12 14 0.034155894 
804 54 11 14 0.034155436 
834 56 14 20 0.03379002 
829 46 13 15 0.033045914 
833 33 11 13 0.03285883 
836 42 13 15 0.031823777 
741 82 20 22 0.031423483 
603 99 17 20 0.030459456 
936 88 10 11 0.029554712 
876 117 13 14 0.028903747 
642 103 21 22 0.028622162 
645 46 14 17 0.028499093 
940 74 13 15 0.02776751 
880 62 11 13 0.026351275 
552 55 14 19 0.026246147 
797 85 13 16 0.02572718 
782 86 13 17 0.025326215 
844 126 10 12 0.025159117 
923 77 12 15 0.02471912 
1 179 10 13 0.024653932 
398 78 11 14 0.024427079 
962 67 12 16 0.024424773 
618 51 14 19 0.024350047 
370 59 12 15 0.0241754 
920 49 8 10 0.023869118 
300 221 13 16 0.022982381 
447 139 14 18 0.02295798 
593 44 16 24 0.022849713 
885 60 10 13 0.02233556 
790 122 16 19 0.022138668 
888 124 11 16 0.021767085 
937 63 10 14 0.02140262 
1013 61 9 16 0.021195162 
941 85 10 12 0.021170825 
901 48 9 12 0.021109391 
809 114 14 20 0.021038529 
566 39 20 26 0.020883886 
830 125 11 17 0.0203454 
871 84 13 17 0.020125525 
