11_Meeting_Meeting_11_Meeting_Meeting_11_287
20
317 406 41 69 0.9948549 
567 232 43 62 0.99397826 
730 369 34 55 0.97807443 
514 347 31 48 0.668546 
394 476 25 52 0.6442678 
730 511 24 47 0.30648497 
22 382 42 43 0.18923615 
639 517 26 47 0.08616625 
525 506 42 61 0.08496592 
642 443 25 50 0.08437373 
16 375 33 36 0.082530856 
204 447 30 41 0.077171095 
646 533 30 47 0.03296998 
561 506 35 48 0.030498877 
118 16 8 11 0.029776393 
541 503 46 60 0.029583761 
13 372 18 32 0.027135244 
303 3 29 26 0.025352899 
872 516 41 37 0.021540083 
4 583 33 58 0.020583373 
