11_Meeting_Meeting_11_Meeting_Meeting_11_587
548
804 319 16 24 0.99094814 
316 237 12 16 0.98909736 
589 300 14 20 0.9824164 
876 227 11 13 0.9786754 
221 314 17 24 0.97788644 
734 250 14 20 0.97592396 
959 238 12 16 0.9724683 
159 254 12 17 0.9713211 
418 306 18 24 0.9649756 
562 320 15 23 0.96410066 
650 282 15 22 0.9614628 
559 299 14 19 0.9541059 
544 220 10 13 0.9532224 
7 181 12 15 0.94561595 
275 310 16 19 0.931811 
999 403 26 37 0.9263535 
772 270 13 19 0.9232617 
381 391 23 36 0.91975594 
722 297 15 21 0.91931874 
764 250 12 15 0.87594235 
193 186 12 15 0.8752326 
233 190 9 12 0.87485147 
259 239 13 16 0.87454027 
253 276 12 18 0.8710629 
850 289 13 18 0.8656237 
436 325 13 18 0.8589508 
190 240 12 15 0.8519553 
361 167 9 12 0.8272536 
238 171 10 11 0.823486 
205 158 9 11 0.82215714 
492 219 10 14 0.79865813 
920 232 10 13 0.79581285 
643 213 11 14 0.78139824 
526 245 11 14 0.77824414 
869 251 11 12 0.7525867 
488 187 10 12 0.73976505 
1008 245 13 17 0.73883533 
915 256 13 16 0.70310646 
95 173 9 11 0.6955153 
544 253 10 13 0.6906407 
262 189 8 11 0.6675431 
272 168 10 13 0.6668992 
303 169 9 11 0.66156757 
517 179 9 12 0.6589028 
518 201 10 13 0.6549967 
101 180 10 13 0.64161336 
324 197 11 15 0.6373349 
352 198 10 14 0.6303316 
815 257 13 17 0.627898 
57 184 9 12 0.62537056 
417 175 9 12 0.61163455 
657 203 11 13 0.60494477 
113 158 9 10 0.6037042 
260 211 13 15 0.5978635 
186 151 8 11 0.57219726 
569 234 10 14 0.57056916 
425 160 8 10 0.5693285 
802 351 17 27 0.5549715 
476 168 9 12 0.5411722 
165 166 8 11 0.5399869 
557 187 8 11 0.53556275 
200 274 12 18 0.53021806 
121 167 9 12 0.50834 
965 267 9 12 0.4926684 
908 275 11 15 0.49100053 
445 180 10 12 0.42869163 
602 180 8 9 0.41847822 
384 175 9 12 0.41225672 
302 218 12 13 0.40414718 
776 173 8 10 0.3850722 
526 166 8 10 0.37793234 
331 251 12 15 0.37107503 
736 156 8 10 0.36967963 
749 214 9 12 0.35413843 
870 265 12 15 0.35301745 
193 166 8 10 0.3518338 
461 191 10 13 0.35057142 
461 164 8 10 0.34669176 
135 173 10 11 0.34659225 
240 130 7 9 0.34657237 
760 151 8 10 0.34108102 
1014 157 7 11 0.34004757 
204 205 10 13 0.33621818 
312 166 10 13 0.333861 
929 266 9 13 0.3335125 
645 140 7 9 0.32299775 
727 204 9 11 0.3175244 
576 254 11 13 0.30972916 
286 204 10 12 0.29615518 
574 173 8 11 0.29401177 
387 357 16 17 0.2906633 
142 157 7 10 0.28221408 
861 159 8 10 0.27792078 
743 212 10 13 0.27773345 
555 168 7 9 0.2713895 
425 228 16 20 0.25655225 
462 180 9 11 0.23411976 
853 343 18 27 0.23291452 
528 174 9 11 0.23102169 
427 221 12 14 0.23065764 
278 331 13 17 0.22729425 
238 147 9 12 0.22719952 
317 188 9 12 0.22228459 
489 174 9 11 0.21758093 
943 259 10 12 0.21339297 
604 204 10 13 0.21130429 
917 206 10 12 0.20981486 
770 159 8 10 0.2048329 
890 297 14 17 0.20235597 
429 356 16 20 0.1999637 
574 188 8 10 0.1994013 
167 190 11 13 0.1936092 
328 168 8 11 0.18948443 
911 229 9 12 0.18070021 
255 206 9 12 0.1797279 
896 245 10 11 0.17889081 
46 168 10 13 0.17822939 
303 152 7 9 0.17686373 
497 129 7 8 0.17680319 
765 216 8 10 0.17153752 
502 166 7 10 0.1713899 
473 191 9 12 0.17103644 
561 142 7 9 0.16507205 
711 224 9 12 0.16202466 
605 177 8 10 0.15933013 
321 171 9 12 0.15593694 
144 188 9 12 0.15494029 
630 190 9 11 0.14983408 
292 376 22 23 0.14967406 
792 157 7 9 0.14807892 
998 159 7 10 0.14655675 
586 137 7 9 0.1428956 
112 164 10 12 0.14114772 
345 290 14 22 0.14003345 
534 181 8 11 0.13917527 
622 245 13 18 0.13879396 
367 204 11 13 0.13637076 
559 247 9 11 0.13560647 
656 169 8 11 0.1351738 
633 183 9 12 0.13491432 
671 220 9 12 0.1330698 
559 253 9 12 0.12676352 
227 242 12 15 0.12449274 
631 198 9 11 0.12228109 
630 165 7 9 0.12018979 
509 254 10 13 0.11985911 
326 192 10 12 0.11792292 
215 151 7 10 0.11594209 
678 222 9 11 0.11586406 
497 166 7 10 0.1151505 
991 255 10 13 0.11493318 
839 349 20 26 0.11402206 
706 190 8 11 0.113836326 
615 182 9 10 0.113778494 
698 159 9 11 0.11369421 
757 234 12 15 0.11258819 
321 157 8 10 0.111949764 
369 149 8 10 0.11156369 
198 164 9 11 0.11026969 
280 157 8 10 0.109427154 
480 159 8 9 0.108769245 
874 260 12 16 0.10792385 
320 199 12 16 0.10772801 
91 174 8 11 0.10706431 
888 240 10 12 0.10635501 
494 174 8 11 0.10545578 
680 217 8 10 0.10531245 
533 175 8 10 0.104670815 
489 167 8 10 0.10287066 
909 376 21 28 0.09989458 
514 334 12 17 0.098421566 
373 349 14 16 0.096064396 
597 238 9 11 0.09505308 
897 215 9 10 0.09128155 
631 204 10 12 0.091209315 
131 321 22 25 0.08979104 
334 165 9 12 0.08882145 
378 175 9 13 0.08879434 
746 183 8 10 0.08844786 
272 197 9 11 0.08784562 
529 214 8 11 0.08763778 
298 151 7 10 0.08575002 
560 229 9 12 0.08571509 
673 176 7 9 0.08483596 
686 229 9 11 0.08471849 
912 160 8 10 0.08423588 
574 224 10 11 0.08354878 
607 169 8 9 0.07913728 
719 206 8 10 0.07868928 
644 207 11 13 0.07665221 
457 180 9 11 0.07593133 
494 206 10 11 0.07551155 
85 197 9 11 0.07520618 
893 239 10 13 0.07507654 
572 230 10 12 0.075066306 
845 208 9 11 0.074992865 
504 174 7 10 0.074624315 
389 179 9 12 0.07421223 
389 168 8 10 0.07411147 
736 225 9 11 0.07323715 
417 165 8 10 0.0731426 
247 160 8 10 0.07293008 
887 213 8 11 0.07275868 
457 176 8 11 0.07253688 
258 276 14 18 0.07225481 
708 341 14 16 0.07205771 
909 163 9 10 0.07166073 
208 153 8 10 0.07036232 
503 161 8 10 0.07032483 
10 211 12 15 0.07017717 
413 297 14 20 0.06905501 
751 208 9 10 0.06878689 
601 199 8 12 0.06865207 
558 173 8 9 0.06809305 
611 366 15 23 0.068079606 
694 144 7 10 0.0674088 
464 237 12 15 0.06729121 
611 143 7 8 0.066807196 
752 174 7 9 0.066499755 
473 126 7 10 0.06596899 
1014 266 9 16 0.06549779 
290 173 8 10 0.06481854 
934 263 9 12 0.06388985 
910 223 10 12 0.06388655 
631 142 8 10 0.063183285 
758 169 8 10 0.062074132 
126 171 8 12 0.06128072 
496 160 8 10 0.06104801 
445 186 10 14 0.061022833 
327 242 13 18 0.06041328 
845 230 9 12 0.059149403 
250 203 8 12 0.05893345 
895 252 10 14 0.058070086 
479 152 8 10 0.057303593 
561 138 6 9 0.057270005 
777 198 9 11 0.05686489 
545 151 7 9 0.056110524 
905 142 8 10 0.056106027 
991 229 10 13 0.056057043 
714 206 9 11 0.05580757 
710 369 15 23 0.055708442 
814 248 10 13 0.055280086 
681 228 9 11 0.054844633 
77 237 12 15 0.05479296 
214 243 11 14 0.054483023 
224 237 12 15 0.05366 
704 199 8 10 0.053465288 
599 145 7 9 0.05276824 
373 370 16 20 0.052197706 
276 322 17 21 0.051558796 
584 184 7 10 0.05062074 
745 220 10 13 0.050426103 
913 212 9 11 0.05009578 
807 247 9 12 0.0500438 
366 246 12 14 0.049940016 
111 198 11 15 0.049588036 
485 243 11 14 0.049251314 
553 247 8 11 0.049156614 
816 213 8 10 0.048687086 
904 240 9 11 0.04858505 
268 270 11 14 0.048367392 
703 300 10 16 0.04786981 
263 195 10 12 0.047421366 
664 173 7 10 0.04715865 
173 182 9 12 0.047094297 
125 253 12 14 0.04692497 
349 285 14 21 0.046848025 
82 192 8 10 0.0466833 
438 214 11 14 0.04652988 
322 153 8 10 0.046428002 
622 282 11 15 0.04640006 
302 157 8 10 0.046203632 
2 180 12 15 0.046085276 
168 184 10 12 0.046049945 
232 210 11 14 0.046033442 
156 235 10 12 0.045730367 
516 308 11 14 0.04478583 
510 159 7 10 0.044287253 
140 171 8 12 0.04411374 
760 220 9 10 0.044061128 
670 217 8 11 0.043563798 
435 219 11 13 0.043432172 
689 222 8 11 0.04337935 
706 184 8 10 0.04298476 
440 167 8 9 0.04272721 
892 231 10 12 0.04264212 
555 142 7 9 0.042582612 
184 181 9 13 0.04244383 
506 192 8 10 0.042423673 
336 161 9 10 0.04241827 
298 157 7 10 0.04216007 
514 200 9 11 0.042127926 
736 206 8 11 0.04158722 
214 156 8 10 0.041531745 
60 187 9 11 0.041171428 
72 191 7 10 0.041112285 
710 176 9 10 0.040651362 
952 255 8 11 0.040041275 
766 220 9 11 0.03994135 
559 205 10 12 0.03982092 
569 185 7 10 0.039817147 
799 245 9 13 0.039812736 
698 151 7 9 0.039789975 
768 164 8 11 0.03953162 
351 175 8 11 0.039400905 
505 197 8 9 0.039372936 
1003 326 19 28 0.0393155 
544 185 7 9 0.038839612 
55 205 9 11 0.03866467 
288 152 8 9 0.038506 
863 216 8 10 0.0383742 
110 204 11 16 0.038070973 
554 172 8 10 0.03777143 
537 205 9 11 0.03773201 
375 380 23 35 0.03766029 
857 249 8 11 0.037652813 
330 197 11 14 0.037357572 
687 216 9 11 0.03722685 
149 187 9 13 0.0371856 
948 259 9 12 0.03680706 
312 195 10 14 0.036634244 
926 254 10 13 0.036537644 
346 199 9 12 0.036370005 
895 220 10 11 0.036199816 
492 184 9 12 0.03614172 
203 278 14 19 0.035973582 
667 220 8 12 0.035473246 
565 244 11 13 0.035247277 
297 214 10 13 0.035156894 
589 287 14 17 0.035082966 
469 243 10 14 0.03508177 
622 255 13 18 0.03500531 
409 174 9 12 0.03491082 
846 237 8 11 0.034864575 
889 255 9 12 0.03482228 
647 199 9 12 0.034779403 
615 282 11 14 0.0347278 
830 314 14 19 0.03405541 
442 175 9 11 0.033918113 
167 202 11 14 0.033895727 
627 192 7 11 0.03359439 
244 144 9 11 0.03350832 
245 149 8 11 0.033479515 
501 222 10 13 0.033387695 
263 175 8 10 0.033312637 
598 287 11 16 0.03313459 
107 180 10 12 0.03309796 
288 157 8 10 0.033031523 
506 238 10 12 0.032925144 
238 275 9 12 0.03270999 
287 168 8 11 0.032626763 
739 240 13 14 0.03250803 
297 189 8 11 0.03247262 
570 223 9 11 0.03246615 
746 189 8 10 0.03233093 
86 192 8 11 0.032298114 
198 194 12 15 0.032291155 
423 216 13 15 0.032285344 
573 214 10 11 0.032117866 
856 197 9 11 0.032088295 
655 220 8 12 0.031968974 
907 230 8 12 0.031937886 
42 188 7 10 0.031922646 
71 143 8 10 0.031687293 
593 207 8 10 0.031677235 
702 151 8 9 0.03167531 
228 249 11 17 0.031625744 
496 151 9 11 0.031576995 
919 200 10 12 0.03154712 
554 160 8 10 0.031542864 
342 166 8 11 0.03139838 
63 213 8 12 0.031295095 
236 208 12 14 0.031200642 
12 204 12 16 0.031096956 
709 292 12 16 0.030686721 
160 172 9 12 0.030667188 
995 229 14 16 0.030638838 
64 206 8 10 0.030537127 
900 251 10 14 0.030513324 
673 144 7 9 0.030480957 
504 135 7 9 0.030420419 
953 243 10 14 0.030357111 
704 205 8 10 0.030313997 
624 214 9 11 0.030157829 
935 254 10 13 0.030124066 
606 285 11 15 0.030121569 
464 215 8 11 0.030019604 
240 159 8 10 0.029983247 
155 406 37 34 0.029810803 
372 204 12 15 0.02975763 
740 227 10 13 0.029738504 
365 259 11 14 0.029728938 
526 206 8 11 0.029722054 
284 368 15 22 0.0297096 
571 300 13 18 0.029626653 
299 168 8 11 0.029248707 
678 176 8 10 0.028807743 
616 230 9 11 0.028767008 
262 231 11 13 0.028669529 
270 192 9 11 0.028595725 
902 215 8 11 0.028550498 
558 160 8 10 0.028379941 
698 164 8 10 0.02830202 
312 261 12 15 0.028204983 
840 199 8 10 0.028188385 
661 169 8 11 0.028164381 
270 205 12 16 0.02795705 
295 173 8 10 0.027785415 
693 222 8 10 0.027681902 
598 150 7 9 0.027666999 
873 199 9 10 0.027614076 
706 176 8 10 0.027612144 
537 150 7 9 0.027368536 
657 157 8 10 0.027271722 
308 375 16 21 0.027252475 
610 136 7 9 0.02721555 
567 207 10 11 0.027170796 
809 251 9 13 0.027082115 
569 214 9 11 0.027021483 
406 397 23 38 0.026924707 
711 200 8 10 0.026900617 
981 238 10 12 0.026867647 
552 151 8 10 0.026827207 
184 167 8 10 0.026826112 
170 195 11 14 0.02669805 
560 199 10 11 0.026576608 
514 176 9 11 0.026526282 
640 206 10 13 0.026386686 
496 201 9 11 0.026381265 
511 191 8 9 0.026306001 
823 183 8 10 0.026295783 
687 348 11 13 0.026277082 
503 332 14 18 0.02615902 
165 171 10 12 0.026112929 
536 145 7 8 0.026099598 
576 248 9 12 0.026036145 
567 251 10 13 0.026035307 
902 220 9 12 0.025882978 
103 221 15 17 0.025835952 
258 175 7 10 0.02581897 
783 168 8 11 0.025800765 
791 175 9 12 0.025789285 
193 268 14 18 0.025742196 
631 220 9 11 0.025561435 
181 174 10 12 0.025550665 
594 151 8 10 0.025528368 
267 167 8 11 0.025396202 
297 145 8 9 0.025382647 
15 198 11 14 0.025285792 
574 207 9 11 0.025254829 
47 213 9 11 0.025069594 
582 248 10 12 0.024926767 
280 192 8 10 0.02484143 
638 200 9 11 0.024824623 
649 190 8 11 0.024775196 
754 170 8 10 0.024746312 
224 160 8 10 0.024714919 
648 168 8 10 0.024690816 
409 166 8 10 0.024672715 
154 174 7 11 0.024539948 
764 229 10 14 0.024464924 
642 167 9 11 0.024458308 
359 202 9 13 0.024452817 
820 283 10 12 0.024336904 
915 153 7 10 0.024321489 
277 295 16 17 0.02424924 
594 191 7 9 0.024226688 
689 168 7 9 0.024216952 
694 230 9 12 0.024092233 
284 300 14 19 0.023977498 
326 158 7 10 0.023951165 
992 233 12 15 0.023899484 
477 194 10 13 0.023865875 
109 174 9 11 0.02384334 
629 213 10 14 0.023807947 
788 159 6 8 0.0237878 
324 356 16 19 0.023739759 
681 182 8 9 0.023684664 
800 200 9 10 0.023680925 
649 173 8 9 0.023631904 
32 181 8 11 0.023559462 
211 294 15 17 0.023557613 
23 213 9 12 0.023324175 
504 229 10 11 0.023216164 
917 264 13 16 0.023193229 
701 165 8 10 0.023129005 
313 159 8 10 0.02310558 
552 241 8 10 0.023087263 
191 159 7 10 0.023038732 
239 261 10 12 0.022954507 
537 252 9 12 0.022864025 
861 197 9 11 0.022832075 
600 190 8 11 0.022710083 
593 143 6 9 0.022708423 
515 286 188 281 0.022654347 
876 255 11 14 0.022393297 
696 238 10 12 0.022282634 
442 190 8 12 0.022281386 
528 222 8 11 0.022032151 
843 365 16 21 0.022018656 
126 189 9 12 0.021965431 
781 191 8 10 0.021873323 
570 168 9 10 0.021862987 
535 168 8 10 0.02182749 
857 216 8 9 0.021809135 
585 176 7 9 0.021748276 
534 240 9 11 0.021746727 
958 251 10 13 0.021668268 
117 198 10 12 0.021607783 
535 188 8 10 0.02159609 
12 246 13 15 0.021542192 
692 341 11 14 0.021537287 
543 200 9 11 0.021534164 
581 228 9 12 0.02151398 
1015 183 8 12 0.021500755 
142 168 8 11 0.021478742 
374 197 10 14 0.021417888 
381 361 16 16 0.021250214 
791 226 11 13 0.02109314 
691 424 15 18 0.02106796 
924 204 11 14 0.021038152 
690 135 7 9 0.021031208 
911 236 9 12 0.020989208 
1012 217 10 16 0.02094201 
232 160 8 9 0.020938605 
152 182 9 13 0.020885862 
690 148 7 10 0.02087285 
857 221 9 12 0.020792387 
737 213 10 12 0.020782903 
431 143 8 10 0.020677397 
585 157 8 10 0.020646278 
433 189 8 11 0.02062423 
530 150 7 9 0.02053122 
432 174 9 12 0.020435726 
935 228 11 14 0.020428492 
548 258 12 15 0.020420415 
746 177 8 10 0.020367801 
238 194 9 12 0.020336991 
800 206 9 11 0.020325918 
829 253 9 13 0.020270035 
693 243 11 13 0.020269457 
245 166 8 11 0.02026144 
935 222 10 12 0.020251784 
430 182 9 12 0.020191582 
303 145 7 9 0.020152718 
234 278 9 11 0.020150464 
471 134 8 9 0.020064915 
346 173 8 11 0.020028392 
