11_Meeting_Meeting_11_Meeting_Meeting_11_639
21
718 48 59 77 0.99962187 
552 65 67 88 0.9986914 
56 119 100 99 0.99694544 
909 104 76 98 0.9969001 
312 71 82 110 0.995977 
912 41 8 11 0.09789495 
37 111 33 48 0.08405393 
920 28 7 10 0.08041029 
998 25 8 10 0.064714596 
942 45 8 11 0.03390689 
958 13 6 9 0.033831444 
81 384 193 190 0.03373644 
975 34 7 9 0.033484623 
860 2 12 14 0.03134818 
973 9 8 10 0.029557897 
832 62 9 11 0.027740566 
970 12 8 11 0.027502622 
967 56 7 9 0.026668964 
990 1 7 8 0.025249502 
993 42 8 9 0.024692347 
944 40 8 10 0.02436792 
