11_Meeting_Meeting_11_Meeting_Meeting_11_560
64
325 429 33 39 0.9989311 
669 411 26 34 0.99848807 
560 400 24 31 0.99670357 
526 415 24 33 0.9965766 
742 395 24 31 0.99650514 
198 419 28 33 0.9941869 
4 462 31 46 0.99380773 
608 414 21 29 0.9926496 
756 430 38 51 0.9925678 
189 575 53 68 0.99131536 
399 408 21 28 0.99011177 
641 396 22 29 0.9871624 
445 415 22 29 0.985753 
81 455 29 33 0.9799732 
701 413 18 22 0.9790508 
88 500 40 54 0.978302 
240 408 22 28 0.97207636 
487 402 20 26 0.96982837 
358 423 19 28 0.9689297 
461 396 20 27 0.9679064 
832 438 37 54 0.96114737 
810 383 24 28 0.9532804 
499 385 18 24 0.9389755 
544 388 17 21 0.92735773 
356 393 22 27 0.9024691 
412 388 19 23 0.89421463 
87 685 38 73 0.8759467 
627 395 16 22 0.73292935 
711 320 10 12 0.41293183 
492 393 21 26 0.32633957 
768 262 8 10 0.2893437 
782 199 10 12 0.19683808 
4 189 9 11 0.1702606 
303 665 58 34 0.16146985 
331 393 21 26 0.1570112 
132 76 11 14 0.1440889 
238 469 23 28 0.10736644 
796 236 10 12 0.097147904 
148 524 20 30 0.09336404 
827 197 11 13 0.07210243 
637 395 16 23 0.06980914 
185 517 32 34 0.068595916 
768 515 38 60 0.060917463 
743 207 9 10 0.05281019 
65 80 7 9 0.04484579 
17 202 8 10 0.043103702 
22 200 8 10 0.041393142 
786 262 9 10 0.040035777 
554 390 16 22 0.039316665 
825 385 16 21 0.038170654 
161 517 40 46 0.036421206 
673 207 10 12 0.036018062 
842 196 9 11 0.03530344 
158 518 25 32 0.035192497 
682 481 39 52 0.029848436 
97 333 9 12 0.029583981 
286 669 60 52 0.028923629 
2 186 8 11 0.02820511 
234 683 31 36 0.024751639 
830 262 11 13 0.022929387 
166 305 7 9 0.021285037 
753 389 22 31 0.020900393 
838 318 8 10 0.02076806 
10 204 10 12 0.02029144 
