11_Meeting_Meeting_11_Meeting_Meeting_11_574
191
713 322 31 37 0.99771595 
638 285 26 31 0.997134 
850 294 28 36 0.9967193 
970 289 31 35 0.9964766 
957 334 34 40 0.9963303 
532 243 16 21 0.99428964 
356 257 16 22 0.99218917 
454 219 15 21 0.9921284 
198 290 22 30 0.9888171 
349 301 21 28 0.9880343 
262 298 21 29 0.98684466 
509 237 14 20 0.98299766 
925 220 15 19 0.9821482 
801 266 21 28 0.98157537 
483 259 17 23 0.9754513 
353 235 17 22 0.9743557 
435 215 14 20 0.96758413 
495 223 14 19 0.96648717 
689 261 18 25 0.9619617 
43 342 43 71 0.95634806 
864 241 20 23 0.9553558 
303 257 16 22 0.9535745 
740 289 24 29 0.9303849 
400 276 18 24 0.93036383 
587 194 12 14 0.92996705 
592 230 13 18 0.9292699 
805 237 13 16 0.9290315 
728 241 14 17 0.92696184 
123 296 20 25 0.92547774 
950 258 20 28 0.9239372 
514 208 13 17 0.92073715 
126 54 20 32 0.9170261 
872 215 16 19 0.90901464 
567 198 11 13 0.90323967 
658 205 12 16 0.8686073 
932 204 13 15 0.8605162 
400 251 14 18 0.85940313 
783 257 19 27 0.8584731 
942 235 14 17 0.83537143 
920 194 11 14 0.8321147 
752 219 13 17 0.8140527 
771 207 12 15 0.78719974 
550 232 15 20 0.7756661 
412 238 15 18 0.7679047 
555 199 12 16 0.7657813 
707 252 17 21 0.7560657 
635 188 11 15 0.75178754 
528 206 11 15 0.72652555 
571 211 11 14 0.72530174 
612 199 12 14 0.7224425 
468 244 14 19 0.67152554 
958 242 16 18 0.6276079 
625 219 11 14 0.5170646 
543 222 12 15 0.48004568 
604 194 12 15 0.4314781 
785 210 10 14 0.4264837 
704 184 8 11 0.4036616 
704 189 9 12 0.35106704 
693 195 10 13 0.3168964 
832 197 11 14 0.3004585 
821 189 9 11 0.288864 
665 189 8 11 0.28502825 
823 212 12 13 0.27698812 
691 309 18 21 0.2734175 
646 192 10 13 0.2650401 
732 284 15 21 0.24820532 
884 192 10 12 0.2226943 
646 221 10 13 0.21692313 
793 198 8 11 0.21497144 
675 245 14 18 0.20751211 
623 272 17 21 0.20226997 
685 183 9 12 0.18785043 
617 249 14 18 0.16247521 
838 190 9 11 0.15954655 
881 195 10 13 0.1462487 
692 172 9 11 0.13688983 
793 193 8 10 0.13450396 
662 185 9 11 0.13430056 
198 150 10 11 0.12481051 
418 242 13 18 0.12167045 
807 206 9 12 0.12098275 
729 164 9 11 0.11566974 
780 266 17 25 0.11342808 
638 174 10 11 0.10835649 
804 213 10 12 0.10529009 
563 261 15 18 0.10457301 
834 230 14 17 0.09997339 
657 184 9 10 0.099732354 
848 206 11 14 0.09744076 
771 260 13 17 0.09322729 
668 190 9 12 0.09202415 
701 256 17 21 0.08999247 
405 244 15 19 0.08991006 
798 198 8 11 0.08272897 
600 212 11 13 0.08109542 
447 216 16 24 0.08007032 
672 222 12 15 0.07970128 
813 204 11 13 0.07838248 
829 204 12 14 0.07761995 
799 219 12 14 0.072541974 
955 252 16 20 0.06976949 
948 239 14 18 0.06953298 
808 200 8 10 0.06936068 
834 192 8 11 0.06676605 
676 237 14 16 0.06440732 
813 225 14 17 0.06378971 
917 209 12 17 0.061859604 
789 205 9 12 0.06033498 
820 226 11 14 0.059116554 
815 199 9 11 0.05907554 
525 221 13 17 0.05876838 
687 188 10 13 0.053979248 
745 265 17 20 0.053638063 
680 189 10 12 0.051482253 
664 197 10 12 0.05086877 
675 226 13 15 0.050464153 
760 251 12 16 0.049632344 
877 203 12 14 0.04911843 
477 248 16 19 0.0482757 
462 267 16 19 0.048218884 
644 216 11 12 0.047482643 
98 400 40 37 0.04658212 
632 173 9 11 0.045976307 
711 235 12 14 0.045842975 
799 204 9 13 0.0458327 
735 228 13 15 0.045304563 
591 202 11 15 0.04489777 
533 226 14 17 0.04455879 
886 292 15 22 0.043533728 
670 195 9 12 0.043349765 
542 234 14 16 0.04303291 
516 261 15 18 0.04216508 
917 199 14 18 0.04182005 
744 258 15 18 0.041083563 
821 265 15 22 0.040832028 
796 259 15 21 0.040600356 
598 207 10 13 0.04045562 
676 215 12 14 0.03971797 
684 238 11 14 0.038908433 
420 248 14 18 0.03791994 
563 271 17 21 0.03779716 
710 196 9 12 0.03753077 
562 235 12 16 0.037362043 
589 211 10 13 0.03528639 
347 282 15 18 0.034492783 
861 213 10 13 0.033080995 
570 261 15 18 0.03306266 
773 257 19 24 0.031844106 
704 195 10 12 0.03114763 
598 260 13 17 0.030887425 
604 217 11 15 0.030614432 
853 210 11 14 0.029972682 
678 196 9 11 0.02920156 
785 198 8 11 0.028522609 
736 224 10 12 0.028013065 
893 214 11 13 0.02698544 
844 288 23 33 0.02639575 
361 240 16 19 0.026187984 
101 57 21 29 0.026106143 
574 192 9 11 0.026040616 
62 341 33 57 0.025876824 
583 214 11 14 0.02557804 
615 227 10 14 0.025298497 
665 134 7 9 0.02498991 
398 266 14 21 0.023952814 
662 224 10 13 0.023400458 
886 212 11 15 0.023268992 
697 183 8 11 0.022980068 
655 188 10 12 0.022876397 
873 197 10 12 0.022871343 
839 186 9 10 0.022809893 
907 242 14 19 0.022622287 
625 173 10 13 0.022611562 
758 258 15 18 0.022515679 
799 229 11 14 0.022460734 
797 192 9 11 0.0220642 
525 261 12 18 0.021998132 
758 207 10 12 0.021748254 
902 272 17 21 0.02167404 
467 258 14 21 0.021637337 
638 245 12 15 0.02149889 
678 176 10 12 0.02149852 
476 237 14 16 0.021413978 
582 220 11 15 0.021222576 
763 246 12 15 0.021211552 
550 254 12 16 0.020974394 
817 212 11 12 0.02094533 
848 222 10 13 0.020886322 
828 219 11 14 0.020614417 
911 204 10 13 0.020129263 
119 291 16 23 0.020078523 
