11_Meeting_Meeting_11_Meeting_Meeting_11_702
129
749 321 58 67 0.99929345 
442 296 51 61 0.9992213 
624 192 30 38 0.9989569 
889 162 37 39 0.9988945 
792 185 37 44 0.99888104 
719 165 25 32 0.99798155 
408 202 29 35 0.99767846 
2 297 42 41 0.99732494 
822 152 27 31 0.9970394 
579 177 24 31 0.99652416 
120 212 27 28 0.9959853 
417 237 39 47 0.99585223 
373 126 17 22 0.9956279 
888 245 49 51 0.99545175 
375 185 25 31 0.9954249 
960 181 43 42 0.99366874 
669 149 21 27 0.99232906 
507 132 17 21 0.99215066 
20 193 29 31 0.99149054 
0 213 19 32 0.9908064 
330 130 16 22 0.99060315 
479 128 15 20 0.9902496 
913 120 21 23 0.9895906 
714 130 19 25 0.9892838 
782 109 13 18 0.98849326 
681 257 40 49 0.98806155 
805 122 15 19 0.9863194 
860 127 19 24 0.98560244 
769 134 22 27 0.98510474 
983 125 25 29 0.9843693 
657 122 16 20 0.98434305 
878 107 15 18 0.9834895 
402 142 16 22 0.983362 
945 114 17 20 0.98278266 
44 169 28 30 0.9815957 
981 100 11 13 0.9787218 
684 124 17 22 0.97629446 
944 143 24 27 0.97573906 
544 160 21 26 0.9734022 
699 107 12 15 0.97112006 
812 95 12 14 0.9661669 
835 118 14 18 0.9637609 
617 140 21 24 0.9619478 
359 167 21 26 0.95768327 
526 141 19 25 0.95150113 
346 157 15 21 0.9487226 
751 112 14 17 0.94482404 
899 101 11 14 0.89919883 
923 101 11 13 0.8768571 
533 122 14 17 0.83996004 
631 119 11 14 0.83945084 
570 126 15 18 0.8078004 
999 106 11 13 0.79801404 
801 75 9 12 0.69404066 
173 414 22 25 0.67477345 
751 70 10 12 0.6479611 
323 178 14 21 0.55194587 
757 56 10 12 0.5125439 
1013 111 10 15 0.4849381 
640 132 14 17 0.41400632 
647 154 20 26 0.3619543 
805 75 9 13 0.2964181 
813 77 9 11 0.2868848 
773 76 9 11 0.26286528 
344 190 11 14 0.24197504 
935 94 9 12 0.22178999 
831 370 68 48 0.18580043 
188 240 17 22 0.14210269 
1003 106 12 16 0.09842317 
1 402 20 27 0.08968764 
924 84 10 13 0.0831642 
791 73 6 9 0.08314643 
934 98 12 14 0.07969971 
786 72 7 10 0.071402475 
530 195 24 32 0.06648339 
914 70 9 11 0.06379781 
769 73 10 11 0.06266588 
981 103 14 17 0.06245827 
35 227 21 29 0.05464458 
660 148 21 27 0.05462417 
751 62 11 14 0.054096654 
879 132 12 16 0.052132018 
972 156 14 16 0.048440643 
847 130 13 17 0.047661275 
337 214 11 14 0.04486571 
786 77 7 9 0.044641137 
518 205 24 31 0.042992145 
714 114 15 15 0.04293948 
635 122 12 16 0.04187346 
887 139 22 23 0.039724223 
963 114 15 17 0.039409816 
650 145 18 21 0.039006103 
727 111 11 13 0.03821101 
644 127 11 14 0.03785252 
522 220 14 16 0.037502628 
967 69 8 9 0.035370152 
178 240 23 31 0.034503933 
685 108 12 14 0.032997526 
348 182 11 16 0.032971937 
382 109 12 15 0.03245651 
1011 130 12 21 0.032241605 
118 257 24 38 0.030939046 
33 188 26 30 0.030233344 
109 407 11 16 0.029551627 
791 94 9 11 0.029363913 
695 112 12 16 0.028929226 
348 131 15 17 0.028597858 
667 115 13 15 0.028363839 
730 115 13 14 0.028192976 
934 113 13 18 0.027797343 
603 128 16 19 0.027556824 
992 108 10 13 0.027156966 
720 100 10 12 0.02684782 
664 122 15 19 0.026841499 
813 107 12 14 0.026603239 
790 101 10 12 0.025767561 
604 149 13 19 0.025063254 
796 101 10 12 0.024763316 
177 253 26 39 0.02383257 
883 103 13 16 0.023752548 
989 102 9 12 0.023494573 
766 108 11 14 0.022233067 
845 123 13 17 0.021703457 
493 130 12 18 0.02160377 
742 54 9 14 0.02116081 
629 131 14 18 0.021109175 
958 84 9 12 0.021038987 
781 118 14 20 0.020850614 
789 124 13 17 0.020763306 
