11_Meeting_Meeting_11_Meeting_Meeting_11_644
265
614 465 26 34 0.99675024 
304 429 28 50 0.98296404 
448 452 24 39 0.9754319 
601 456 16 22 0.8054717 
669 448 12 17 0.7818473 
377 466 22 29 0.6279937 
161 469 9 11 0.520723 
149 463 8 10 0.5015281 
838 461 10 13 0.42180958 
927 453 10 13 0.36883163 
814 488 9 12 0.32521504 
93 439 10 11 0.3228291 
688 430 8 10 0.32160622 
993 513 23 29 0.31522787 
869 530 12 14 0.26221985 
806 473 8 10 0.26003546 
797 492 9 12 0.25623834 
489 454 15 24 0.24914128 
405 474 23 28 0.2426475 
904 558 12 15 0.24013942 
783 464 8 11 0.23459211 
806 461 8 10 0.23195547 
243 467 16 22 0.22729799 
848 463 9 11 0.22037983 
261 451 15 18 0.21843287 
1 470 10 13 0.21499786 
740 447 9 12 0.18583378 
56 493 14 17 0.17352575 
563 491 12 21 0.17115732 
753 501 11 12 0.15986158 
814 515 9 11 0.15380843 
204 469 11 14 0.1475137 
185 465 9 10 0.13446836 
518 476 13 18 0.1340721 
903 447 10 12 0.1334713 
142 478 9 11 0.13271686 
110 469 11 15 0.12551126 
403 450 16 19 0.11680283 
876 507 9 12 0.11522706 
826 477 8 11 0.11109303 
808 515 9 11 0.098193996 
372 457 20 31 0.0965693 
876 463 8 10 0.09608649 
590 492 16 19 0.09441225 
215 467 11 13 0.09251355 
852 462 9 12 0.09149428 
0 499 8 18 0.09149007 
62 460 12 17 0.08606965 
840 466 9 12 0.084867336 
21 461 9 12 0.08419645 
862 478 8 10 0.083594404 
167 293 10 12 0.081967495 
76 439 10 14 0.081592165 
606 457 19 27 0.07881139 
855 488 8 11 0.06891908 
549 490 23 26 0.06868875 
802 476 9 11 0.06866876 
349 455 10 13 0.06686743 
366 458 12 17 0.0653481 
500 459 13 19 0.062608324 
149 175 10 13 0.062478617 
823 511 8 10 0.060379468 
874 494 7 10 0.060367826 
822 517 8 11 0.05841782 
800 535 10 13 0.058239516 
874 476 9 11 0.057797227 
792 471 8 10 0.057738464 
200 463 11 14 0.057403956 
176 471 9 10 0.056355186 
531 460 12 14 0.055699695 
764 461 10 13 0.05564962 
115 475 12 14 0.054641332 
891 471 12 13 0.054206528 
663 356 12 14 0.054038595 
402 464 22 27 0.052443873 
712 459 11 16 0.052214663 
779 464 8 10 0.051771775 
863 473 8 9 0.05149608 
825 474 7 9 0.051472202 
772 422 12 14 0.050116893 
721 571 20 19 0.050044987 
854 586 73 76 0.049883135 
887 476 14 16 0.049682643 
854 456 9 11 0.049603138 
246 469 24 29 0.04948803 
509 472 21 26 0.049118984 
726 444 8 10 0.04874505 
126 470 9 13 0.048559487 
190 464 8 11 0.04842139 
158 490 11 15 0.04840073 
782 531 12 15 0.047393374 
218 507 44 54 0.044778205 
850 489 9 10 0.04437203 
744 468 8 12 0.044309027 
823 551 8 11 0.044045396 
173 477 11 14 0.043499876 
876 470 8 11 0.043473717 
766 444 11 13 0.04323896 
805 537 12 15 0.042339113 
810 491 8 12 0.042123098 
508 467 14 17 0.04193289 
149 290 12 15 0.041858315 
830 494 8 9 0.041345086 
857 478 8 10 0.041167 
856 470 9 11 0.0410177 
794 489 8 11 0.04073556 
791 550 11 14 0.040555134 
750 496 10 12 0.04044609 
410 307 18 21 0.040194165 
832 517 8 10 0.040193055 
905 483 8 11 0.040084843 
151 467 9 12 0.039885696 
385 464 26 28 0.039727315 
784 493 10 13 0.03940746 
236 498 16 24 0.03923573 
751 478 8 11 0.039212104 
862 487 9 11 0.03851399 
744 493 9 13 0.038382567 
22 455 10 13 0.03811375 
1009 454 9 13 0.03790476 
88 456 24 25 0.037530843 
788 541 12 13 0.037526295 
410 456 14 20 0.03725302 
873 488 7 10 0.03717752 
903 502 11 13 0.036606103 
253 455 23 27 0.0365619 
686 434 12 16 0.036214482 
799 501 8 10 0.03581848 
544 455 11 13 0.035558306 
817 471 7 9 0.03545434 
846 467 8 12 0.035349444 
220 464 11 13 0.03480452 
834 455 8 11 0.034644265 
22 469 10 12 0.034408476 
102 465 14 18 0.033967707 
67 464 13 17 0.033578053 
902 509 12 15 0.033496786 
840 476 8 11 0.033099297 
765 468 11 12 0.032172658 
840 517 8 11 0.03216462 
759 477 9 11 0.032116156 
840 511 8 10 0.032049026 
716 455 10 14 0.03191398 
742 441 8 10 0.031906262 
118 462 10 13 0.031890057 
773 538 12 18 0.03180193 
674 445 14 18 0.031302027 
777 469 8 11 0.030907873 
169 478 9 12 0.03089848 
830 533 9 11 0.030370926 
896 502 8 10 0.030256925 
557 486 15 19 0.03000071 
744 485 9 13 0.029961439 
143 469 9 11 0.029543575 
86 475 14 16 0.029518971 
227 501 23 33 0.029432781 
696 454 8 11 0.02942415 
766 455 10 12 0.029331299 
656 356 12 14 0.029190617 
514 469 13 18 0.029101817 
775 456 8 10 0.028990991 
783 486 9 12 0.028912166 
767 494 8 10 0.028624376 
759 442 12 14 0.02852213 
1014 485 9 14 0.028496128 
760 470 10 13 0.028268194 
741 512 10 12 0.027700845 
822 485 8 10 0.027659694 
745 477 8 12 0.027634481 
749 472 9 11 0.027514115 
168 483 11 16 0.027502762 
166 547 10 13 0.027495062 
365 454 19 27 0.02732922 
137 473 8 10 0.027325481 
791 512 8 10 0.027291765 
1 463 9 14 0.027157338 
756 497 10 12 0.026879506 
144 286 13 15 0.02673178 
638 401 13 16 0.026579265 
540 393 12 16 0.026470998 
4 474 11 13 0.026429003 
84 464 17 20 0.026191216 
791 516 8 11 0.02615139 
792 476 8 10 0.025961673 
711 404 10 12 0.025938375 
709 433 11 15 0.025715522 
812 534 11 13 0.025683481 
801 516 9 11 0.02549449 
150 479 9 11 0.025489442 
767 478 9 11 0.025378117 
369 350 53 66 0.025362846 
865 456 8 9 0.025219252 
557 495 19 28 0.025165223 
845 519 8 10 0.025162602 
828 567 10 13 0.02500512 
744 500 8 11 0.024935875 
823 506 8 9 0.024870258 
753 439 10 12 0.024869207 
197 539 17 19 0.02484086 
737 441 8 10 0.024773033 
813 461 9 11 0.024698094 
890 503 8 9 0.024697114 
873 457 8 10 0.024654763 
175 549 11 12 0.024452535 
870 517 12 15 0.024444569 
816 549 12 13 0.024292009 
770 428 10 12 0.02427589 
654 430 11 14 0.024225987 
467 397 13 17 0.024055792 
930 482 14 18 0.023964055 
995 454 9 11 0.023946237 
917 477 9 12 0.023930835 
822 557 10 13 0.023797404 
800 511 9 11 0.02369286 
888 432 8 10 0.023659272 
922 447 8 11 0.02357756 
887 519 10 12 0.023372492 
335 533 23 27 0.023367044 
684 441 13 17 0.023220241 
712 421 10 13 0.023184039 
748 484 9 12 0.02309686 
640 487 12 16 0.02293841 
817 558 10 12 0.02291169 
895 463 9 11 0.022869878 
784 480 7 9 0.022817941 
54 463 15 18 0.022656446 
896 510 12 13 0.022646455 
889 453 8 10 0.022548884 
722 446 8 10 0.022532765 
805 601 13 15 0.022345873 
1013 490 10 16 0.02229901 
845 527 8 10 0.02224737 
462 400 13 15 0.022162631 
395 453 22 24 0.022145536 
960 438 7 10 0.021899033 
810 539 13 15 0.021780552 
863 509 8 11 0.021779172 
894 515 12 14 0.021776346 
364 364 26 29 0.021727988 
823 525 8 11 0.021659223 
35 484 15 23 0.021620512 
172 487 14 20 0.021492116 
850 455 8 11 0.021474052 
727 459 11 14 0.021450438 
16 469 10 12 0.02133726 
150 485 10 12 0.021167891 
928 479 11 14 0.021131141 
501 268 21 25 0.021123828 
171 292 12 14 0.02089731 
750 455 9 11 0.020888017 
930 457 11 14 0.020870881 
713 413 10 12 0.020810865 
224 615 10 14 0.020695055 
785 582 17 21 0.020660182 
920 540 10 13 0.02065751 
527 454 13 17 0.020499645 
865 527 12 15 0.020478247 
654 399 16 20 0.020467719 
832 472 9 10 0.020450274 
410 446 13 16 0.02042552 
574 492 12 20 0.020399231 
704 429 13 17 0.020160856 
846 534 8 10 0.020148115 
356 363 16 23 0.020082239 
775 478 8 11 0.020060033 
