11_Meeting_Meeting_11_Meeting_Meeting_11_176
21
120 244 33 44 0.9991738 
336 228 27 33 0.9985719 
410 218 28 33 0.9982053 
213 267 29 35 0.99818844 
793 90 44 65 0.997785 
187 211 24 31 0.9968238 
498 212 23 30 0.9964334 
15 236 25 30 0.9953818 
695 247 32 45 0.9904608 
654 203 21 28 0.9898061 
284 213 21 25 0.9893734 
166 76 20 27 0.9782906 
571 212 20 26 0.97544616 
777 247 29 34 0.94686013 
357 221 18 22 0.766132 
647 282 25 51 0.63230515 
588 254 16 19 0.38963962 
899 236 15 21 0.11840602 
68 285 23 26 0.05040889 
366 246 19 27 0.022253279 
762 250 25 31 0.020459302 
