11_Meeting_Meeting_11_Meeting_Meeting_11_663
70
240 224 52 70 0.9988304 
38 506 13 18 0.9857167 
132 481 12 18 0.98250306 
58 510 16 20 0.9682464 
100 479 13 17 0.9661986 
80 506 13 16 0.8609796 
15 510 11 14 0.82529896 
2 535 13 17 0.7904411 
100 511 16 21 0.770491 
30 526 13 18 0.70269704 
114 496 14 18 0.41425592 
50 488 14 18 0.37562668 
12 492 14 15 0.21502139 
54 479 10 12 0.16900122 
83 483 13 15 0.16293284 
105 531 10 15 0.1281845 
118 531 11 15 0.11939215 
959 336 11 12 0.09516236 
80 480 10 12 0.08760419 
0 513 11 17 0.08411615 
0 503 7 12 0.08369861 
9 511 10 13 0.07979511 
110 532 10 14 0.07977547 
973 270 8 11 0.0774643 
13 499 13 15 0.07258722 
322 316 39 79 0.072537854 
21 512 12 16 0.06818264 
20 484 11 13 0.06318055 
926 348 10 12 0.059475817 
919 333 9 11 0.057513166 
4 485 9 13 0.05680399 
0 524 10 14 0.05363027 
29 517 10 15 0.049095973 
53 498 13 17 0.048610363 
906 326 9 11 0.047653787 
67 506 13 18 0.047180664 
1008 265 8 10 0.046687283 
69 500 13 17 0.04640696 
21 478 12 13 0.045463327 
964 295 11 14 0.04034734 
68 488 14 17 0.04025336 
1006 282 12 18 0.038982645 
941 344 9 11 0.0365043 
16 476 11 13 0.036376826 
7 498 13 14 0.035103235 
930 276 8 11 0.03352196 
999 269 8 9 0.03344394 
880 328 8 9 0.03154683 
865 309 11 15 0.030674212 
63 489 13 16 0.029248612 
965 337 12 16 0.028678093 
1000 293 8 11 0.02769985 
1 480 9 13 0.027413767 
975 283 11 15 0.027077844 
919 348 10 14 0.02672299 
101 502 14 19 0.02669726 
1014 268 7 12 0.02611795 
886 336 8 10 0.025559654 
59 478 11 14 0.025197178 
78 488 14 18 0.024934584 
993 269 8 9 0.022328466 
969 284 9 12 0.022203311 
912 333 10 12 0.021869164 
95 519 15 19 0.021816626 
923 289 12 15 0.021710398 
37 488 10 13 0.021525413 
119 478 11 16 0.021291912 
925 334 9 11 0.021113886 
932 273 9 11 0.020967 
1000 265 8 10 0.020084593 
