11_Meeting_Meeting_11_Meeting_Meeting_11_189
107
195 387 29 35 0.9933362 
806 147 35 56 0.98131394 
326 380 12 16 0.978945 
65 367 18 21 0.97571874 
96 384 18 24 0.97157717 
396 392 14 19 0.960397 
254 363 10 13 0.79914474 
17 361 12 15 0.7756827 
495 360 9 12 0.7017138 
32 356 10 13 0.6863426 
335 365 10 12 0.67032975 
160 369 12 16 0.64175206 
424 367 12 15 0.61740845 
108 365 10 12 0.59451836 
4 371 11 15 0.5821837 
373 356 9 11 0.5794119 
406 441 16 21 0.48038018 
276 374 10 14 0.4709195 
287 348 9 11 0.46066535 
363 417 16 20 0.35936838 
44 356 10 12 0.3485351 
217 357 9 10 0.34751433 
417 357 8 11 0.29339665 
408 373 10 13 0.2764353 
137 366 8 10 0.26515964 
0 365 12 16 0.249153 
73 357 10 12 0.21132989 
37 356 10 13 0.19739218 
118 387 11 13 0.17653117 
301 353 8 10 0.17224939 
393 364 9 12 0.168482 
2 357 10 13 0.16116998 
222 358 8 10 0.13620701 
466 435 14 17 0.11832927 
301 388 12 14 0.10994252 
29 379 11 13 0.09740662 
231 360 8 10 0.09595467 
142 366 8 11 0.09279843 
72 353 9 10 0.08653971 
501 360 8 11 0.08552861 
171 371 11 14 0.08186439 
137 362 7 9 0.07924031 
470 382 12 13 0.07252773 
109 361 8 11 0.06939014 
126 391 10 13 0.06630715 
167 350 9 11 0.06624372 
24 350 10 11 0.06479664 
165 356 10 13 0.052844323 
52 380 11 15 0.05026773 
287 373 8 12 0.048333887 
279 368 9 12 0.048197635 
45 380 15 18 0.047687948 
430 479 17 20 0.046333097 
152 370 9 13 0.046301547 
342 451 12 16 0.044733543 
355 385 14 17 0.044257708 
25 381 10 13 0.043376595 
298 356 8 10 0.04283204 
438 366 8 11 0.040536974 
230 364 8 10 0.038428176 
144 372 10 12 0.03781995 
160 349 9 10 0.03777327 
74 363 14 18 0.037603784 
240 366 7 10 0.037467297 
92 373 13 13 0.036833942 
1 352 8 11 0.03590956 
407 368 9 11 0.03515492 
25 345 8 9 0.034986828 
402 390 12 18 0.03321448 
105 385 13 20 0.032036543 
31 360 13 16 0.03138853 
158 345 9 11 0.031217223 
38 379 13 16 0.030533966 
173 344 8 11 0.030192938 
94 368 9 11 0.028452124 
41 352 9 11 0.028451111 
135 372 8 11 0.027327647 
197 374 11 12 0.027019937 
265 373 8 12 0.026973158 
401 372 9 12 0.02688008 
397 360 8 10 0.02672083 
35 374 12 14 0.026521178 
262 364 8 13 0.026393116 
134 391 9 12 0.02630955 
455 442 11 15 0.02571258 
352 381 13 16 0.025366265 
272 368 9 11 0.02518932 
381 381 11 16 0.024978373 
29 343 9 9 0.02399073 
382 386 12 17 0.023959609 
109 381 13 18 0.023729715 
492 412 14 16 0.02321234 
172 349 9 12 0.023182774 
240 372 8 11 0.022729497 
366 388 11 16 0.022679893 
261 358 8 11 0.022470303 
6 353 8 10 0.022266163 
256 353 8 10 0.022252979 
409 359 8 11 0.021862088 
463 395 12 14 0.021710519 
308 390 10 13 0.020726727 
548 382 11 13 0.020722343 
45 361 11 14 0.02046582 
383 359 7 10 0.02030735 
135 408 10 12 0.020218445 
468 417 14 16 0.020186573 
104 370 12 14 0.020043127 
