11_Meeting_Meeting_11_Meeting_Meeting_11_26
127
250 259 15 20 0.993654 
308 251 14 18 0.9929202 
726 250 14 18 0.9835693 
828 290 20 31 0.97811216 
179 281 17 28 0.9737747 
341 237 15 18 0.97353 
218 271 19 26 0.96045727 
748 253 11 16 0.95706743 
780 265 19 25 0.9534508 
692 244 10 13 0.926845 
673 238 10 13 0.9250427 
377 236 11 13 0.92356175 
806 276 19 25 0.9191445 
158 305 21 32 0.89382637 
272 254 12 17 0.8418597 
733 318 13 15 0.7822177 
198 236 17 20 0.75908774 
401 235 10 12 0.758771 
166 234 10 13 0.7290624 
291 248 12 16 0.72145617 
423 232 8 11 0.6518894 
445 231 8 11 0.61140347 
162 266 20 22 0.5993952 
656 236 9 12 0.5712733 
632 233 8 11 0.54246646 
66 220 25 28 0.5284137 
204 282 15 22 0.51816136 
612 229 8 11 0.488527 
76 326 27 34 0.48646525 
862 316 15 27 0.4789565 
1004 204 10 13 0.3584018 
705 245 10 13 0.35360873 
390 260 10 12 0.31728002 
759 260 11 15 0.27685228 
301 269 9 14 0.24622549 
1006 348 17 32 0.21141924 
525 220 8 10 0.20200147 
182 232 8 11 0.18335158 
248 226 10 13 0.17940319 
266 200 8 10 0.17130786 
461 228 8 11 0.15609738 
0 158 23 33 0.1399583 
647 257 9 11 0.13713156 
175 232 8 12 0.13293312 
220 259 15 16 0.1026458 
928 303 36 50 0.09714611 
165 273 23 27 0.09053198 
638 231 8 11 0.08134762 
925 323 14 18 0.0806534 
980 217 15 20 0.07701833 
405 233 9 11 0.07604988 
750 279 12 16 0.07472006 
975 353 15 17 0.073721126 
263 253 11 16 0.0730146 
204 232 12 15 0.07154478 
213 277 16 22 0.07001843 
409 255 9 11 0.06431983 
746 304 15 18 0.062823676 
410 245 8 11 0.059940603 
414 246 8 11 0.059280206 
237 257 11 17 0.05854335 
744 247 10 12 0.057644933 
994 377 16 20 0.05674128 
684 282 14 17 0.05575586 
612 248 9 11 0.052396197 
364 263 11 14 0.051456664 
710 239 9 11 0.05044325 
926 299 25 32 0.04764944 
228 260 13 17 0.04655149 
418 237 8 11 0.046249606 
471 229 11 14 0.04618828 
232 239 10 13 0.045782086 
662 262 9 11 0.045286585 
414 254 9 11 0.04434244 
650 237 8 11 0.044319984 
447 236 7 10 0.042527013 
630 254 8 10 0.041429162 
692 286 14 15 0.041358244 
298 314 14 17 0.03995573 
641 261 9 11 0.039548866 
930 339 14 18 0.038232 
459 225 8 11 0.03783767 
391 231 8 10 0.036939517 
237 243 13 16 0.036259346 
986 228 15 17 0.035902873 
755 253 11 17 0.035850737 
926 321 22 28 0.034845036 
858 301 21 30 0.034551557 
653 256 8 10 0.034403026 
457 411 16 18 0.034186725 
62 220 17 22 0.033883855 
192 236 13 17 0.03355292 
419 232 8 10 0.033270482 
258 258 13 19 0.03277617 
977 213 12 15 0.032083113 
286 239 10 13 0.031559844 
40 248 26 31 0.029322824 
648 233 7 10 0.02921369 
324 281 11 14 0.028788526 
227 267 15 20 0.028716002 
395 262 10 12 0.027595902 
386 256 11 13 0.02708086 
703 275 12 15 0.02682185 
68 342 33 35 0.025855474 
326 246 10 12 0.02582274 
70 229 27 30 0.025727823 
931 294 17 19 0.025616378 
668 270 11 13 0.024774682 
198 275 15 20 0.024327807 
448 248 8 10 0.024311338 
762 264 13 16 0.02431041 
657 263 8 10 0.024213864 
763 314 12 15 0.02407258 
866 364 29 30 0.024054818 
661 237 9 12 0.02388898 
548 223 9 10 0.022947159 
280 247 10 13 0.02257293 
431 231 7 9 0.022495272 
743 334 13 16 0.022306079 
204 270 14 19 0.021793906 
358 265 12 14 0.021778472 
342 275 9 13 0.021579806 
681 279 12 15 0.021191932 
969 354 22 28 0.020755192 
146 412 46 74 0.0204356 
663 256 9 11 0.020053227 
189 231 9 12 0.020036526 
