11_Meeting_Meeting_11_Meeting_Meeting_11_295
31
608 369 52 65 0.9991992 
232 338 27 34 0.99810815 
118 454 71 94 0.9887199 
690 290 21 30 0.98828006 
56 337 34 51 0.9875722 
900 311 21 29 0.98610383 
800 297 22 30 0.98215425 
593 312 20 36 0.9716257 
490 332 29 40 0.968671 
442 219 16 19 0.9622326 
141 373 29 55 0.9250705 
812 551 58 110 0.891251 
792 321 19 30 0.7622634 
503 234 14 22 0.2846869 
374 166 10 12 0.14877348 
391 519 83 125 0.10376458 
431 533 92 112 0.086026326 
329 152 8 11 0.08086739 
333 156 9 13 0.0752743 
369 166 9 11 0.075270675 
191 175 9 11 0.05071708 
393 148 10 14 0.038722575 
309 180 12 16 0.038641125 
311 175 10 13 0.036451887 
503 340 32 33 0.034174222 
303 182 12 14 0.03031224 
337 164 9 14 0.024306726 
231 196 11 13 0.02200006 
302 184 24 26 0.020500904 
379 166 11 14 0.020499343 
78 363 25 35 0.020238867 
