11_Meeting_Meeting_11_Meeting_Meeting_11_774
673
14 601 51 58 0.9979528 
349 418 15 20 0.99210924 
234 411 16 21 0.9919465 
709 414 16 21 0.9812522 
741 357 10 13 0.98115253 
403 438 22 27 0.9801313 
597 406 14 18 0.97786474 
844 365 11 13 0.97653586 
499 421 17 23 0.97411954 
452 380 11 14 0.9733819 
742 396 16 21 0.97250587 
273 402 16 21 0.971414 
450 437 17 23 0.9709029 
194 373 13 17 0.96923625 
508 389 14 18 0.9691123 
829 309 10 12 0.9684039 
284 371 10 14 0.96330285 
479 371 11 14 0.9630069 
101 395 11 15 0.9590273 
801 374 13 17 0.95598 
566 473 21 26 0.94883925 
790 353 12 15 0.9468411 
820 374 12 14 0.9419609 
601 440 21 28 0.94082886 
473 393 15 19 0.9396743 
765 390 14 18 0.93959653 
649 451 15 19 0.9363847 
251 381 13 17 0.9343276 
393 411 15 20 0.9254769 
271 348 11 14 0.9209005 
885 324 12 15 0.9188569 
301 423 16 21 0.9183188 
783 299 9 12 0.90844375 
658 389 13 17 0.9077855 
396 389 12 14 0.906059 
349 371 11 15 0.89770097 
103 356 13 16 0.8935677 
508 365 10 13 0.8808005 
423 388 11 14 0.87399304 
109 376 10 13 0.8720996 
716 370 12 15 0.8629761 
412 359 11 15 0.8359659 
521 349 9 11 0.80720186 
232 364 11 14 0.8020907 
427 409 14 17 0.79422396 
174 357 12 15 0.78994584 
132 352 11 14 0.77775097 
546 345 8 11 0.77674365 
127 389 12 16 0.7736482 
441 336 8 11 0.77045786 
107 335 10 13 0.75735617 
145 366 11 14 0.74239945 
201 348 10 13 0.69819015 
829 392 13 17 0.696455 
158 389 11 13 0.69293284 
68 380 11 15 0.66855973 
358 344 10 12 0.6498426 
565 379 11 14 0.6466423 
653 362 11 14 0.6460924 
628 400 13 18 0.64302397 
13 97 7 10 0.6330261 
526 419 13 17 0.63116336 
309 359 10 13 0.6293582 
668 408 15 20 0.62798846 
364 404 11 15 0.6105703 
480 355 11 12 0.59225327 
581 385 11 16 0.584197 
860 414 9 13 0.5795894 
565 341 8 11 0.566796 
330 353 9 11 0.56483877 
238 340 9 11 0.5628057 
156 343 10 12 0.56190157 
301 341 9 11 0.5582116 
324 374 10 14 0.5570393 
421 335 8 10 0.54788405 
525 407 12 13 0.5212669 
376 372 11 13 0.51824385 
108 308 9 11 0.5037807 
128 333 8 10 0.4801629 
71 365 10 12 0.4797109 
464 509 18 24 0.47741 
255 339 10 13 0.46699202 
299 390 12 14 0.44354016 
539 469 21 25 0.4418798 
457 352 10 12 0.43502042 
246 326 8 10 0.42752808 
151 412 12 17 0.42316997 
229 378 11 14 0.4202506 
184 393 13 18 0.4107391 
39 98 7 9 0.40746364 
406 341 8 10 0.4057107 
430 442 15 19 0.40285698 
730 349 8 11 0.39944923 
231 359 11 13 0.39885333 
356 439 13 17 0.39179957 
431 351 9 10 0.3892243 
416 302 8 11 0.38890046 
369 332 8 11 0.38492203 
704 356 10 12 0.37420994 
93 102 7 9 0.36987206 
735 344 9 11 0.36879003 
502 349 9 11 0.3640662 
944 328 11 13 0.36289006 
601 349 8 11 0.34888956 
183 342 8 10 0.34853742 
145 384 10 12 0.34805167 
617 349 8 10 0.34703705 
614 376 11 13 0.34564614 
577 359 9 11 0.33796567 
326 329 8 10 0.3208548 
904 379 13 19 0.3044657 
542 414 10 15 0.3031289 
646 300 7 10 0.30239788 
460 355 10 12 0.29669103 
62 356 8 11 0.28482425 
280 335 8 11 0.27580976 
344 332 8 11 0.27510005 
48 353 8 10 0.27480155 
214 304 7 9 0.27356875 
378 350 8 11 0.26934224 
431 358 10 13 0.26536644 
461 332 9 11 0.25949547 
58 358 7 10 0.2591274 
402 341 9 10 0.2529333 
462 328 9 11 0.25032586 
498 349 8 11 0.24975154 
416 325 8 10 0.24645483 
558 419 16 19 0.24440198 
672 53 8 11 0.24356863 
264 327 8 10 0.23993136 
671 308 7 9 0.2364663 
917 357 9 11 0.23350163 
332 399 12 16 0.23019119 
350 333 8 10 0.22564627 
184 110 7 9 0.22261043 
384 333 8 10 0.2162133 
39 468 14 19 0.2135076 
755 375 13 15 0.21265548 
577 380 10 14 0.21244313 
633 349 9 11 0.21214163 
69 349 9 11 0.21063605 
210 329 8 10 0.20981345 
632 358 10 12 0.209097 
474 336 8 11 0.20863181 
246 362 11 14 0.1989747 
631 409 12 16 0.19114709 
530 335 9 11 0.18914743 
377 344 8 10 0.18691556 
533 383 11 13 0.18686977 
572 364 10 13 0.18655397 
526 306 7 9 0.18587406 
517 333 8 11 0.18471396 
335 297 6 9 0.18374798 
68 373 12 15 0.18347585 
230 352 10 11 0.18340538 
648 365 10 13 0.18268871 
0 377 10 16 0.18146664 
401 336 8 10 0.17920695 
142 118 7 9 0.17676242 
322 333 9 10 0.17462532 
391 329 7 10 0.1685586 
192 358 8 12 0.1669767 
884 352 13 18 0.16219167 
338 334 8 10 0.16036794 
361 383 10 12 0.15941043 
157 336 9 11 0.15821034 
533 364 10 14 0.15705226 
714 302 8 10 0.15655945 
114 112 7 9 0.15421881 
575 410 13 18 0.15292034 
205 343 9 12 0.15228048 
471 427 13 16 0.15221237 
209 427 11 15 0.15198371 
448 328 7 10 0.15024085 
382 357 9 11 0.1490698 
559 374 12 14 0.14437221 
863 356 10 17 0.14215377 
65 352 8 11 0.13710645 
43 389 8 12 0.13615242 
386 329 7 10 0.13444872 
581 358 9 11 0.13259827 
497 345 8 10 0.12986839 
119 111 7 9 0.1297223 
607 373 10 13 0.12701242 
563 424 17 19 0.12608644 
297 328 8 9 0.1248986 
543 385 11 16 0.12488052 
403 388 11 15 0.124761395 
132 420 10 12 0.12392246 
666 311 8 10 0.1218973 
708 351 9 12 0.12177831 
352 329 7 9 0.12105586 
184 335 8 10 0.11991318 
484 352 8 10 0.118923634 
113 322 8 11 0.11796612 
14 382 9 12 0.11742523 
569 366 9 12 0.11648049 
192 334 8 11 0.11633008 
445 335 8 10 0.11535006 
230 112 7 9 0.11439303 
478 335 8 10 0.11436891 
554 468 18 29 0.11355497 
641 367 10 12 0.113388374 
560 359 9 11 0.11201702 
433 344 8 9 0.11130484 
627 432 15 18 0.10912961 
71 109 7 10 0.1085102 
913 358 9 11 0.10804412 
638 356 9 12 0.1071549 
892 349 10 13 0.105512895 
301 336 9 10 0.10492233 
93 389 12 16 0.1027829 
29 333 9 11 0.10278072 
1 396 9 15 0.102170624 
437 425 14 17 0.101264745 
315 466 13 16 0.10119334 
303 327 8 9 0.10068162 
559 365 11 13 0.10028328 
723 371 11 14 0.09964727 
904 360 10 12 0.09887952 
633 296 8 10 0.09881706 
660 433 15 21 0.09814785 
533 414 12 16 0.097337715 
565 386 11 15 0.09609128 
480 329 8 9 0.095957965 
377 356 9 11 0.094885536 
549 347 9 11 0.09468467 
302 350 9 12 0.09302129 
346 321 7 9 0.092686296 
312 321 8 10 0.09237119 
371 294 7 9 0.092369996 
526 310 7 9 0.092181794 
5 346 11 15 0.09117426 
81 395 9 13 0.090716586 
67 109 7 10 0.09011451 
509 361 9 11 0.09003774 
760 46 11 13 0.089392364 
641 297 8 10 0.08849186 
607 366 10 11 0.08743677 
448 102 11 13 0.08740167 
374 335 7 9 0.08692713 
835 390 12 18 0.08665154 
632 345 8 10 0.08620585 
878 349 14 18 0.08492953 
602 374 8 11 0.08454123 
247 334 9 12 0.08419284 
368 319 7 9 0.08406697 
773 403 11 13 0.083980694 
399 327 8 10 0.083261184 
329 319 8 9 0.083099306 
712 52 9 11 0.082990736 
86 394 9 14 0.0828503 
1 417 9 17 0.08274805 
601 345 8 10 0.08239843 
548 383 10 13 0.082365535 
423 358 10 14 0.082330145 
606 349 8 11 0.082325794 
298 366 8 12 0.081965335 
742 474 16 18 0.08081347 
165 118 7 9 0.080795266 
313 112 7 10 0.08000839 
660 364 10 13 0.079439394 
769 347 11 15 0.07830434 
28 396 10 12 0.07753195 
590 367 9 11 0.07748408 
773 344 11 13 0.07708433 
51 371 9 15 0.07588228 
248 135 7 9 0.075680666 
855 364 9 13 0.07538257 
413 436 19 27 0.07491333 
119 418 11 14 0.07488304 
433 436 15 19 0.07478941 
342 397 13 17 0.074781686 
225 375 10 14 0.07432419 
654 351 10 11 0.07380091 
437 374 12 14 0.07372195 
286 334 8 10 0.07333631 
830 346 11 14 0.07257619 
1 112 6 10 0.07228808 
609 334 9 11 0.07153082 
435 409 12 16 0.07101239 
0 387 10 17 0.07069007 
303 364 10 13 0.070509754 
817 341 10 13 0.07040843 
562 413 15 18 0.06982507 
198 335 9 11 0.069645084 
71 360 9 11 0.06940486 
174 398 12 15 0.06933143 
225 393 16 18 0.06860997 
630 392 12 16 0.06811419 
740 453 21 26 0.06750016 
380 368 11 14 0.06747092 
648 358 11 13 0.067182675 
212 332 9 11 0.066830374 
788 301 9 12 0.06518723 
573 375 9 12 0.06517574 
273 335 8 10 0.06484409 
524 317 10 12 0.06480311 
135 335 8 11 0.06462814 
697 374 10 13 0.06443738 
547 461 17 25 0.06443018 
313 342 7 9 0.06410347 
702 303 9 12 0.06241334 
236 380 11 15 0.06231828 
535 359 8 11 0.062168147 
908 364 11 14 0.061785374 
25 391 10 13 0.061654434 
128 421 10 12 0.06163768 
269 390 12 14 0.061497565 
93 383 10 13 0.060884815 
12 343 9 13 0.060880374 
620 375 10 13 0.060447272 
797 47 9 10 0.060374424 
221 317 9 12 0.059692398 
144 431 9 12 0.059466444 
164 372 9 12 0.059355445 
719 323 10 12 0.058797743 
333 465 11 14 0.058778413 
127 118 8 9 0.058551457 
335 301 7 9 0.058143243 
416 340 9 11 0.057964757 
0 441 10 17 0.057786565 
183 351 9 11 0.057358056 
443 420 13 19 0.057272665 
621 348 8 11 0.056988977 
951 362 15 18 0.0569088 
134 415 9 12 0.056891784 
20 319 13 15 0.05682828 
29 310 9 12 0.05652747 
742 341 9 12 0.055818103 
679 437 11 16 0.055612378 
167 397 10 14 0.055247523 
408 351 10 10 0.055180624 
236 387 11 16 0.055172063 
223 390 13 16 0.05462049 
133 383 9 11 0.054039825 
262 333 9 11 0.053814065 
457 329 9 10 0.053792242 
141 341 9 11 0.05359348 
809 390 10 14 0.0531015 
127 340 8 11 0.05246876 
568 349 8 11 0.052308053 
0 365 8 12 0.051923335 
368 312 7 9 0.051863518 
624 345 7 10 0.05175446 
401 320 8 10 0.05142428 
582 376 10 12 0.051287033 
528 358 9 11 0.051105857 
630 417 13 17 0.051035654 
635 404 11 16 0.05094494 
212 422 10 15 0.05091876 
477 341 8 11 0.05052554 
281 341 8 11 0.05049742 
152 387 10 13 0.05028424 
338 329 7 9 0.050198857 
254 346 10 12 0.05019313 
298 333 8 11 0.050111122 
644 60 9 11 0.049775433 
1 354 10 15 0.04962795 
426 350 9 11 0.04910445 
168 364 9 12 0.049026415 
884 374 12 13 0.048775166 
49 367 9 12 0.048660167 
490 343 8 10 0.048461437 
534 373 9 12 0.048199583 
782 398 11 15 0.04735315 
34 101 8 10 0.04733632 
649 317 8 10 0.047127638 
456 343 8 9 0.04668927 
457 434 16 21 0.046275485 
103 325 8 10 0.046238698 
117 323 8 12 0.04572506 
429 394 11 14 0.045135207 
531 407 11 14 0.044270974 
615 366 9 10 0.044218834 
609 69 8 10 0.04408568 
402 394 12 17 0.043959286 
673 337 8 10 0.043948855 
280 328 7 9 0.04332408 
421 434 18 25 0.042828586 
372 403 10 15 0.04260268 
297 350 8 11 0.0424752 
583 432 14 19 0.042389337 
701 74 15 15 0.04217569 
669 396 11 15 0.041864425 
594 351 8 10 0.041731544 
263 322 8 9 0.04162391 
376 319 8 9 0.041559577 
847 421 12 15 0.041495793 
109 388 11 16 0.041471314 
283 403 13 19 0.04145034 
215 128 7 9 0.04112548 
589 374 10 12 0.040980984 
439 364 10 12 0.040902313 
820 334 9 12 0.040850304 
286 341 8 12 0.040563606 
121 389 10 14 0.040191747 
65 385 11 14 0.039830822 
29 381 10 13 0.03975647 
432 326 8 9 0.039710857 
585 365 9 12 0.0396659 
288 350 8 10 0.039493825 
462 429 14 17 0.039231423 
53 364 9 11 0.03922475 
703 293 9 11 0.03913363 
302 384 11 14 0.039064765 
54 377 9 14 0.038965005 
146 412 10 15 0.038812004 
392 349 9 11 0.038607772 
358 409 12 17 0.038532052 
441 328 8 9 0.038445737 
657 329 7 9 0.03831362 
867 354 12 17 0.03825268 
684 379 10 13 0.03823413 
831 421 10 13 0.038102128 
489 334 9 11 0.03775828 
16 388 9 12 0.037418056 
529 387 11 14 0.03738951 
542 366 9 11 0.037366383 
302 370 9 13 0.03736081 
414 351 9 11 0.037314553 
373 378 11 14 0.037155487 
395 422 16 20 0.036965355 
697 294 8 10 0.036681563 
624 366 8 10 0.036504146 
751 342 9 12 0.03631235 
423 341 8 10 0.036233056 
17 323 12 14 0.03602536 
168 335 9 10 0.035865128 
488 328 9 10 0.035773844 
344 368 12 15 0.035564803 
417 388 12 14 0.03539803 
98 453 12 15 0.035331756 
449 351 8 10 0.035306264 
694 344 9 12 0.035206147 
111 413 11 14 0.035155505 
440 320 8 10 0.035151247 
267 348 10 13 0.03504781 
160 368 10 13 0.03491466 
665 314 10 13 0.034894425 
154 348 9 12 0.034610372 
571 415 15 21 0.034585964 
637 350 8 11 0.03445159 
227 126 8 10 0.034178067 
42 358 7 9 0.03400484 
142 336 8 10 0.033919804 
648 343 8 10 0.033875525 
642 57 9 11 0.03383465 
571 426 14 19 0.033763047 
290 329 7 9 0.03365794 
0 343 12 17 0.033463225 
40 125 10 13 0.033399038 
495 364 8 12 0.033203382 
631 487 21 24 0.03302369 
384 320 8 9 0.032905053 
33 359 8 10 0.03281982 
59 412 14 17 0.03281083 
113 118 7 9 0.032803606 
530 469 21 23 0.03273702 
852 416 12 15 0.032681562 
176 335 8 10 0.03262348 
375 310 8 10 0.03251481 
462 394 10 15 0.032292005 
625 297 7 9 0.03218997 
247 322 8 10 0.032176487 
180 399 14 16 0.03216848 
222 428 10 14 0.032044366 
666 389 12 16 0.031997975 
432 321 9 10 0.03193685 
350 320 7 9 0.03188229 
682 68 9 12 0.03178637 
827 372 10 13 0.03172249 
613 334 9 10 0.03151873 
704 287 9 11 0.031278595 
343 376 11 15 0.03124013 
366 349 8 11 0.031238643 
408 320 7 10 0.0312239 
447 320 8 10 0.031215072 
319 341 8 10 0.031160614 
326 387 10 13 0.031078042 
567 359 9 10 0.031019364 
29 349 10 12 0.03097055 
449 359 9 11 0.030709075 
582 391 13 16 0.030657941 
56 474 13 16 0.030603552 
336 341 8 9 0.030517118 
608 359 9 10 0.03049811 
335 375 9 12 0.030400705 
701 379 10 13 0.030397108 
296 128 8 9 0.030280339 
133 434 13 18 0.030239293 
48 111 7 9 0.030215565 
532 71 10 11 0.030211885 
748 389 14 18 0.030190535 
410 325 8 10 0.030135188 
632 300 8 10 0.030111441 
65 128 8 11 0.029999305 
220 324 9 12 0.029996697 
339 446 13 16 0.02996205 
121 124 7 9 0.029704988 
705 53 9 10 0.029645212 
563 393 13 14 0.029397378 
31 344 9 10 0.029387612 
361 320 7 9 0.029335808 
708 478 12 14 0.029217442 
783 323 8 11 0.02918467 
706 82 15 16 0.029146742 
349 392 10 12 0.029089961 
664 406 12 18 0.028888835 
423 329 7 10 0.028589144 
297 321 8 9 0.02856963 
179 111 7 9 0.028538367 
823 345 10 13 0.028122356 
321 351 8 11 0.028094219 
134 407 10 12 0.028066825 
698 303 8 10 0.02801783 
831 366 9 12 0.028017337 
334 317 8 10 0.028009586 
493 357 10 11 0.027864832 
9 117 10 11 0.027704153 
348 401 12 15 0.027691532 
215 134 7 10 0.027547283 
41 344 7 9 0.027509777 
249 141 8 11 0.02735193 
671 341 9 11 0.027312798 
329 312 8 10 0.027292246 
599 381 10 13 0.027264362 
662 350 8 10 0.027255977 
232 141 8 9 0.027129784 
360 327 8 9 0.02711226 
1 118 7 10 0.027017554 
3 437 12 18 0.026890209 
46 380 9 13 0.026866188 
28 373 12 14 0.026761364 
129 414 8 12 0.026639152 
527 326 9 11 0.02662354 
200 136 7 9 0.026594436 
98 357 11 14 0.026591 
66 365 10 12 0.02649221 
416 104 8 10 0.026447106 
644 369 11 13 0.026434777 
566 85 9 11 0.026424734 
386 110 7 9 0.026388852 
559 350 8 10 0.026376262 
918 364 10 13 0.026374271 
191 351 9 12 0.026309531 
263 134 7 9 0.02626583 
718 406 14 17 0.026230024 
362 311 8 10 0.026214601 
47 135 9 10 0.0261344 
137 341 8 10 0.02609179 
606 344 8 10 0.026031878 
304 321 7 9 0.025960227 
175 447 12 15 0.02577598 
630 375 8 12 0.025729882 
446 364 9 11 0.025634607 
215 343 8 11 0.025627293 
121 120 6 9 0.02557151 
137 136 8 11 0.02555747 
320 368 11 14 0.025489839 
180 382 12 15 0.025419686 
10 113 8 10 0.025413249 
649 351 9 11 0.025393518 
511 350 8 11 0.025315186 
381 343 8 10 0.025259843 
214 308 8 11 0.025207615 
727 354 10 12 0.025181599 
880 320 12 16 0.025106147 
657 333 8 10 0.024985425 
520 420 12 17 0.024965707 
226 352 8 10 0.024950659 
576 353 8 9 0.024949914 
894 345 10 12 0.024900235 
679 88 11 12 0.02480605 
185 329 8 10 0.024677746 
552 365 9 12 0.024649609 
280 135 7 9 0.024620794 
587 395 12 14 0.024602411 
258 129 7 9 0.024514774 
601 368 8 10 0.024470456 
260 340 9 12 0.024435794 
271 328 7 9 0.024330111 
87 411 10 13 0.02424262 
16 395 9 13 0.02423213 
31 461 11 16 0.024208326 
582 461 14 18 0.024058234 
47 119 9 11 0.023914637 
554 361 8 10 0.02387948 
301 459 11 14 0.023744488 
295 359 9 11 0.02364929 
571 444 16 21 0.023631014 
96 399 12 16 0.023535674 
30 366 10 13 0.023516716 
614 69 9 10 0.023505447 
890 352 13 19 0.023387956 
687 344 9 11 0.023322426 
484 366 10 14 0.023252476 
70 128 8 12 0.023142263 
717 47 10 13 0.02300739 
630 362 9 13 0.022911046 
42 373 9 12 0.022803059 
366 481 16 18 0.022727415 
785 457 16 18 0.022717439 
119 106 7 9 0.022708442 
917 379 11 17 0.02270536 
81 119 7 9 0.022621315 
624 335 8 10 0.022561079 
235 370 12 16 0.02255326 
525 464 16 24 0.022518596 
472 327 8 10 0.022497872 
83 425 14 17 0.022377007 
233 327 7 9 0.022359699 
495 109 9 12 0.022349477 
663 76 10 13 0.022342904 
248 131 7 9 0.022286732 
61 398 10 12 0.022258794 
320 320 7 9 0.02224356 
141 125 8 9 0.022172527 
790 389 11 15 0.02217247 
25 103 7 9 0.022157319 
390 110 8 10 0.022144986 
597 388 12 13 0.022144703 
621 391 12 15 0.022125522 
586 387 12 15 0.022066323 
587 380 11 14 0.02205709 
633 434 16 20 0.021921644 
40 396 9 12 0.021882141 
96 364 9 11 0.021872645 
608 378 11 14 0.021852914 
615 358 8 12 0.021774517 
435 336 7 10 0.021705331 
234 336 9 11 0.021681817 
111 406 11 14 0.021635622 
0 452 10 20 0.021503583 
537 341 8 11 0.021498896 
641 318 7 10 0.021495765 
11 100 8 10 0.02143234 
257 134 7 9 0.021406313 
358 400 13 16 0.021345729 
6 126 9 11 0.02134203 
216 350 8 10 0.021320537 
179 361 12 16 0.02130172 
99 485 14 16 0.0212345 
1 127 8 11 0.021198105 
56 126 7 11 0.021185068 
675 403 13 20 0.021180509 
743 101 9 12 0.021114912 
655 344 8 10 0.021099204 
390 384 12 15 0.02108414 
616 301 8 9 0.021048496 
551 333 9 10 0.020976271 
392 320 8 10 0.02087925 
89 111 7 9 0.020854285 
225 357 9 11 0.020801116 
34 125 9 12 0.020738915 
861 370 11 15 0.020725455 
676 397 12 15 0.02066117 
593 334 9 10 0.020653425 
32 466 13 18 0.020604042 
683 473 15 20 0.020588826 
23 381 10 12 0.020534618 
46 126 9 12 0.020458072 
27 327 12 13 0.02042613 
519 327 10 11 0.020253016 
373 398 11 14 0.020250678 
158 425 13 18 0.020241538 
677 48 7 10 0.020178262 
76 431 14 18 0.020125028 
835 348 11 13 0.020096723 
166 151 9 12 0.020039845 
655 412 12 14 0.02003252 
108 361 12 14 0.02001764 
158 436 14 17 0.020002952 
