58_Hockey_icehockey_puck_58_835
32
677 249 30 40 0.9989077 
444 239 33 39 0.9988921 
515 242 30 37 0.99888366 
310 413 35 43 0.99887735 
552 185 29 34 0.99881554 
148 245 32 39 0.99875677 
356 179 29 36 0.9987482 
769 257 31 41 0.9986985 
245 246 33 40 0.99856794 
626 197 26 34 0.9984043 
877 310 30 36 0.9980818 
449 180 29 34 0.9978308 
216 183 29 37 0.99782133 
52 309 37 47 0.99781775 
440 412 37 49 0.9976835 
853 407 35 47 0.9976445 
164 399 36 46 0.9976412 
693 201 27 34 0.9975247 
355 240 34 42 0.9973654 
598 247 31 36 0.9973425 
560 405 36 48 0.99663526 
289 177 29 37 0.9965329 
702 406 36 40 0.9961294 
762 213 26 35 0.99314064 
662 181 14 18 0.044847477 
655 225 14 21 0.037219055 
661 219 16 21 0.028074905 
211 169 27 37 0.027953245 
572 272 10 14 0.026737124 
525 49 21 31 0.022748914 
646 442 13 16 0.02131235 
264 192 20 26 0.020917151 
