58_Hockey_icehockey_puck_58_895
19
614 306 420 499 0.9998995 
80 746 75 89 0.9980312 
390 873 32 34 0.99094594 
178 790 63 80 0.99001616 
377 817 30 34 0.9103076 
323 817 22 31 0.48238373 
17 790 42 54 0.33983368 
327 778 24 27 0.13148135 
425 758 25 31 0.10163584 
788 175 21 22 0.09696544 
391 778 32 33 0.092237316 
308 821 30 34 0.038665727 
380 782 47 52 0.031667497 
36 759 19 21 0.030019779 
471 880 33 31 0.029349929 
367 822 29 33 0.025588103 
284 807 27 37 0.023964187 
-26 66 443 573 0.022633567 
338 778 28 28 0.020923015 
