58_Hockey_icehockey_puck_58_507
78
723 117 59 70 0.99961495 
851 215 64 77 0.9990558 
417 108 33 40 0.9878358 
462 69 33 39 0.9873417 
289 46 19 22 0.8583186 
657 212 40 66 0.64037055 
536 107 34 44 0.5176961 
520 87 32 40 0.4018361 
495 137 41 40 0.3834334 
366 70 30 34 0.3044421 
342 160 54 60 0.2574137 
144 15 18 22 0.22916868 
312 13 14 17 0.22346576 
284 35 15 17 0.21223463 
515 102 37 44 0.19327489 
213 0 13 10 0.18334284 
351 47 19 29 0.18181422 
162 80 17 21 0.128309 
358 26 12 16 0.1270306 
269 118 34 36 0.12176625 
159 0 13 10 0.12018255 
270 19 12 16 0.11361004 
372 34 11 14 0.11188156 
1013 453 9 16 0.11032603 
387 2 20 20 0.10462584 
229 73 25 28 0.093329124 
219 362 49 57 0.088397324 
206 14 14 18 0.07974488 
300 27 12 16 0.072983205 
797 3 12 14 0.0689694 
505 124 38 39 0.066110484 
299 99 20 29 0.06360788 
340 21 12 15 0.06301055 
406 24 16 19 0.058531467 
171 79 16 24 0.057267766 
310 4 16 18 0.056910664 
171 16 14 20 0.05258527 
265 44 16 21 0.047624484 
208 0 12 10 0.046337698 
243 42 14 18 0.044545967 
318 104 32 40 0.044510256 
538 61 19 23 0.043458957 
316 49 13 19 0.04309125 
307 30 14 16 0.041802708 
281 108 30 37 0.03972664 
453 0 15 12 0.03938848 
279 39 21 26 0.038937133 
136 56 20 26 0.034099232 
415 46 26 31 0.03401268 
364 28 13 17 0.033759177 
168 43 12 15 0.03278202 
106 -1 13 11 0.03212262 
624 222 62 78 0.03070234 
349 37 15 21 0.030290576 
437 22 22 26 0.030139139 
325 403 50 79 0.030025978 
328 0 14 16 0.028899653 
1011 476 10 16 0.028682 
355 31 16 23 0.028473338 
965 427 33 42 0.028356027 
289 29 21 23 0.028008161 
541 4 16 21 0.026513321 
198 71 18 20 0.02640756 
459 55 22 31 0.026312934 
342 46 16 25 0.026177974 
408 27 24 26 0.0256285 
274 12 13 20 0.025132326 
155 85 20 20 0.02394315 
302 105 30 39 0.023794059 
468 18 17 19 0.023693316 
316 0 13 11 0.02354832 
117 12 16 21 0.023129407 
275 28 14 18 0.022710254 
352 28 13 16 0.022017604 
427 1 16 14 0.021690022 
851 0 11 10 0.021601945 
510 10 16 19 0.021300057 
276 6 11 14 0.020384787 
