58_Hockey_icehockey_puck_58_17
34
446 492 27 33 0.99751484 
69 74 66 88 0.99621826 
165 499 40 44 0.99215686 
32 328 75 100 0.9659899 
274 452 25 29 0.55820584 
376 229 21 24 0.5225372 
377 242 19 20 0.46972564 
326 249 8 10 0.4186931 
405 474 19 26 0.23576505 
271 436 42 52 0.17676644 
508 452 18 20 0.1468444 
414 435 15 17 0.12896761 
857 63 50 63 0.11484276 
195 459 15 20 0.07284184 
543 450 14 19 0.050450824 
248 439 28 35 0.04716268 
367 473 24 29 0.043769807 
265 407 54 66 0.038457613 
344 438 11 15 0.031233782 
428 471 15 20 0.031158052 
350 443 10 14 0.030791778 
323 484 14 18 0.028090667 
396 481 16 21 0.027916888 
412 466 27 30 0.027915556 
587 201 47 58 0.027113196 
280 457 32 45 0.02550401 
319 445 10 13 0.024687532 
255 413 11 13 0.024322098 
370 483 26 32 0.024025843 
461 467 15 15 0.022678336 
419 481 16 20 0.022473536 
264 438 29 37 0.022103682 
333 256 9 10 0.020784998 
325 479 23 30 0.020339698 
