58_Hockey_icehockey_puck_58_285
25
567 174 36 44 0.9943604 
290 147 32 35 0.98416317 
430 130 30 33 0.9708279 
569 95 19 23 0.93934625 
786 82 13 16 0.8948273 
40 131 19 22 0.87655145 
957 263 57 59 0.68443215 
617 172 14 18 0.42562842 
29 98 13 16 0.078358844 
829 78 8 11 0.06948176 
311 119 22 27 0.06479841 
840 84 9 11 0.059579294 
802 70 9 12 0.049495142 
766 85 8 11 0.047581736 
167 78 12 14 0.03699788 
798 76 10 14 0.03231642 
28 107 16 19 0.03159675 
998 79 10 11 0.03024411 
790 120 10 12 0.029451901 
923 257 77 99 0.025828853 
123 189 15 22 0.022664146 
22 208 12 16 0.02255505 
884 260 77 105 0.02148455 
791 73 11 13 0.020228874 
830 100 9 11 0.020028783 
