58_Hockey_icehockey_puck_58_290
63
422 63 25 34 0.9970607 
64 19 24 34 0.9961373 
660 37 23 29 0.99597543 
358 71 24 33 0.9952578 
490 63 23 30 0.9948453 
560 44 24 31 0.9947702 
302 82 23 31 0.9937303 
808 18 24 28 0.9913322 
744 32 22 30 0.99082714 
863 0 23 28 0.98924446 
179 16 21 23 0.97848654 
124 24 23 25 0.97749364 
363 0 23 27 0.9764407 
491 468 26 43 0.97399807 
100 114 21 26 0.965119 
5 125 21 30 0.9518923 
44 180 18 23 0.94871765 
30 34 20 30 0.9478908 
326 344 32 33 0.94363123 
603 42 18 25 0.9435831 
915 0 22 23 0.9132615 
244 10 22 23 0.58953625 
50 138 19 22 0.5419969 
251 55 13 18 0.347384 
947 2 22 25 0.26142922 
237 57 17 21 0.21695113 
75 94 18 20 0.21631935 
211 81 17 20 0.18485157 
914 235 18 19 0.17438069 
741 0 19 21 0.14207189 
162 80 18 24 0.09346442 
392 170 13 17 0.08960382 
259 78 19 27 0.08055807 
693 346 11 14 0.06714709 
898 231 16 19 0.061747875 
180 0 15 13 0.057531893 
856 237 23 29 0.05320671 
212 25 17 21 0.050974563 
254 81 15 22 0.049877245 
680 0 21 14 0.049626004 
265 71 17 23 0.046935532 
957 238 9 11 0.045026865 
145 4 16 17 0.038003985 
256 11 14 20 0.03790738 
309 186 18 22 0.03771195 
240 43 23 26 0.036408417 
246 23 23 27 0.033090353 
851 264 19 22 0.03274975 
713 0 20 14 0.031103227 
852 202 20 21 0.029814852 
216 84 18 23 0.029754037 
894 29 15 20 0.029727576 
737 265 30 30 0.02901699 
923 243 12 16 0.028585937 
907 228 19 22 0.028490847 
193 49 15 21 0.02388182 
745 251 25 29 0.023331597 
313 170 16 19 0.02313137 
140 85 13 19 0.02286883 
167 16 12 19 0.022711039 
159 74 17 21 0.0226117 
693 344 22 28 0.021936568 
165 114 16 20 0.020453807 
