58_Hockey_icehockey_puck_58_825
23
573 232 31 39 0.99946636 
342 213 32 43 0.999252 
791 218 33 40 0.9992347 
477 217 29 39 0.9992016 
210 229 33 43 0.9991566 
597 115 27 34 0.99914837 
297 118 27 36 0.9989905 
546 101 26 34 0.9988426 
212 117 28 36 0.9988354 
714 122 28 36 0.99878126 
769 103 27 34 0.9986895 
684 222 31 38 0.99855226 
639 104 26 33 0.9983411 
347 106 25 31 0.9983053 
390 116 26 32 0.9982932 
821 119 28 37 0.9981832 
498 126 27 34 0.9981109 
106 111 29 37 0.99792576 
251 111 26 33 0.99780995 
842 399 40 44 0.9975973 
452 88 25 29 0.9942678 
95 386 44 46 0.98951566 
772 368 28 33 0.040941227 
