58_Hockey_icehockey_puck_58_680
329
434 226 34 40 0.99815565 
838 206 37 45 0.9980361 
751 217 35 39 0.99802643 
331 239 36 42 0.99773324 
563 330 36 42 0.997488 
469 322 37 42 0.99746275 
563 245 35 39 0.9971692 
669 356 36 39 0.9970835 
368 320 38 44 0.9961222 
891 367 39 43 0.99597377 
774 343 38 44 0.9948407 
549 194 31 34 0.9939183 
789 124 15 19 0.9938537 
223 198 38 44 0.9924442 
255 346 36 43 0.99184495 
245 132 16 20 0.9885699 
622 254 33 37 0.9867736 
643 142 15 19 0.9843091 
804 150 14 19 0.9799622 
544 147 13 18 0.97969383 
702 150 14 19 0.97390974 
740 119 13 18 0.9728318 
790 51 12 15 0.9718812 
230 81 14 18 0.97054416 
377 131 14 17 0.9650647 
703 119 13 17 0.9634376 
260 177 25 30 0.962222 
624 138 14 17 0.9584578 
301 138 14 17 0.95839256 
581 132 12 15 0.95721924 
674 59 13 17 0.9496121 
770 21 12 15 0.9473886 
669 2 13 17 0.94593686 
981 24 13 17 0.9430811 
342 30 11 14 0.9393318 
369 104 14 18 0.93746233 
702 26 11 14 0.93182373 
288 329 29 42 0.93032 
834 125 14 18 0.93009514 
927 78 13 16 0.9293186 
687 188 16 20 0.9290522 
945 225 29 32 0.9286229 
888 134 14 18 0.9273596 
1001 43 14 18 0.91998106 
116 80 12 15 0.9156786 
335 143 13 16 0.914336 
626 57 12 16 0.9118306 
485 153 12 15 0.90279233 
896 60 11 13 0.8885805 
832 41 13 16 0.88676256 
513 112 14 17 0.8806799 
938 165 11 15 0.8758233 
580 94 12 16 0.8492611 
466 112 14 18 0.83951646 
589 60 10 13 0.83844024 
300 79 13 16 0.8283511 
21 104 12 15 0.8197833 
870 154 13 17 0.81463295 
955 126 11 15 0.8118124 
451 17 12 15 0.810193 
435 132 13 17 0.7867043 
973 140 14 16 0.7761592 
837 28 11 14 0.7682756 
580 1 13 16 0.7640631 
446 95 11 14 0.73695755 
107 46 13 17 0.72110856 
49 37 14 18 0.7101733 
984 174 13 16 0.7063649 
272 133 11 14 0.70366323 
363 26 10 14 0.66507024 
212 13 13 17 0.6646545 
950 59 11 14 0.64160067 
308 19 12 15 0.6079661 
502 22 11 14 0.5918223 
876 44 10 13 0.58686244 
730 61 12 15 0.57414514 
215 128 15 17 0.56395626 
734 192 15 20 0.5636558 
540 113 13 16 0.54735285 
624 0 12 11 0.5433755 
755 139 16 20 0.518003 
560 27 10 13 0.5168092 
925 9 10 12 0.5065935 
525 46 11 13 0.5049218 
638 190 17 20 0.50044113 
424 114 11 14 0.4934673 
963 155 12 15 0.4881227 
517 0 11 12 0.47785005 
232 13 11 16 0.46598485 
676 107 11 15 0.46382222 
694 241 34 36 0.45692876 
599 0 11 11 0.45129722 
405 6 11 14 0.43258613 
418 39 10 13 0.4103505 
175 51 11 15 0.38940692 
888 103 11 15 0.3871654 
349 135 14 17 0.38502777 
79 88 10 12 0.35800636 
809 12 10 14 0.34086445 
393 21 10 13 0.33671063 
284 155 14 18 0.32393077 
919 22 11 15 0.3117344 
224 0 10 10 0.27581623 
854 0 14 11 0.27257445 
511 94 10 13 0.23408066 
448 116 10 13 0.22255598 
319 0 10 9 0.19751327 
704 71 11 13 0.18996021 
392 102 11 12 0.17923406 
146 251 45 52 0.17468749 
520 69 10 12 0.16544242 
714 53 12 17 0.15962173 
393 140 10 13 0.15577708 
22 -1 10 10 0.15168683 
501 34 11 15 0.15040514 
325 107 11 13 0.1491232 
501 1 10 11 0.14391252 
525 69 10 13 0.14061667 
146 294 44 53 0.13352637 
589 40 11 13 0.13345699 
756 100 11 14 0.13118686 
470 64 11 13 0.12910254 
466 37 10 13 0.12115436 
110 132 11 16 0.1202372 
720 22 11 15 0.12019633 
544 0 10 9 0.11474431 
513 0 10 11 0.10731141 
742 76 11 14 0.10486306 
481 79 10 13 0.101328574 
3 71 12 14 0.1000543 
402 77 9 13 0.094013594 
614 192 15 19 0.09388754 
865 29 10 14 0.091060095 
558 42 11 14 0.08119888 
532 121 12 16 0.080696516 
94 174 37 53 0.078972146 
106 72 9 11 0.07887526 
734 76 11 14 0.07830307 
732 21 11 15 0.07370313 
230 154 16 17 0.07308105 
471 95 8 10 0.07221862 
349 226 25 32 0.07207603 
670 80 10 13 0.07129781 
829 142 11 14 0.071087904 
504 55 9 12 0.069711015 
687 132 11 16 0.069164306 
275 268 32 33 0.06859149 
725 20 11 16 0.067786984 
737 142 11 15 0.06725314 
680 132 10 15 0.067006074 
409 92 9 14 0.065527976 
565 0 9 9 0.06523394 
73 59 12 16 0.061680622 
701 211 20 19 0.06113751 
960 111 11 14 0.061071225 
101 103 10 13 0.060652096 
591 64 12 16 0.06027641 
640 79 11 14 0.058073606 
405 118 11 12 0.05755191 
302 30 10 13 0.055717897 
422 28 11 13 0.05450162 
791 176 13 16 0.05441416 
446 159 12 15 0.053904425 
735 0 10 10 0.05262723 
535 1 11 10 0.051169295 
84 125 11 15 0.0511425 
408 86 10 12 0.050788756 
245 63 11 15 0.049350206 
118 114 15 17 0.048732292 
317 22 9 13 0.048466943 
103 169 24 35 0.04833592 
524 0 11 11 0.048198555 
163 0 12 14 0.048141904 
453 111 11 15 0.04772246 
393 94 10 13 0.047715697 
857 389 25 32 0.047673337 
98 11 15 18 0.047052853 
702 83 11 15 0.04637785 
434 38 9 12 0.04549367 
871 77 10 14 0.044462923 
563 44 10 12 0.044430424 
910 0 8 9 0.044147752 
274 159 16 18 0.043815773 
124 469 12 15 0.043306895 
1006 10 12 15 0.042817738 
57 6 9 11 0.042767618 
691 134 12 15 0.042650327 
277 337 30 39 0.0422466 
732 376 38 53 0.042152103 
115 133 12 15 0.041364323 
549 132 11 14 0.041294824 
541 11 10 13 0.040899817 
356 235 24 30 0.04064082 
74 86 11 14 0.04039125 
398 0 11 11 0.040179513 
33 68 10 13 0.03975367 
431 29 10 11 0.039523426 
664 21 10 12 0.039464477 
994 107 14 16 0.039056864 
469 86 9 12 0.038566474 
997 0 11 9 0.038524214 
602 131 11 15 0.038473494 
79 145 10 11 0.038113277 
437 30 11 13 0.037946004 
974 98 16 19 0.03720909 
195 125 13 18 0.037189167 
239 197 27 31 0.037097704 
430 102 8 10 0.037038963 
17 36 19 23 0.036998626 
615 78 11 14 0.03693984 
77 28 10 14 0.03689954 
776 149 10 14 0.03659464 
976 162 11 16 0.036436036 
565 55 9 12 0.035972964 
979 166 13 16 0.03587493 
895 36 11 14 0.035619166 
621 43 12 14 0.03548739 
848 163 12 14 0.03539087 
469 102 11 13 0.035114802 
701 51 10 15 0.03499807 
395 136 10 12 0.03493903 
518 75 10 12 0.034776602 
446 151 11 13 0.03471874 
751 106 13 15 0.03469618 
959 140 10 13 0.034571517 
916 100 10 13 0.034523644 
528 86 9 12 0.033896133 
553 43 10 13 0.033656135 
1014 28 9 15 0.03335958 
944 102 9 12 0.03291475 
351 38 10 11 0.032528568 
532 92 12 15 0.03141339 
784 247 27 30 0.0311139 
218 139 16 17 0.031079782 
30 6 9 10 0.031064479 
695 53 11 16 0.031007972 
325 12 11 15 0.03063117 
798 13 11 14 0.03062378 
916 54 14 18 0.030355103 
758 61 12 16 0.03014017 
361 61 9 13 0.029958468 
251 164 17 18 0.029951684 
588 -1 12 12 0.029921627 
1014 0 8 10 0.029858144 
259 148 14 16 0.029502392 
457 77 8 11 0.029476244 
791 14 11 13 0.02902053 
721 14 10 14 0.028753266 
596 360 19 21 0.028701346 
396 107 10 13 0.028283497 
366 245 24 31 0.028126035 
393 0 11 10 0.028114645 
352 69 12 15 0.02755333 
308 109 12 15 0.02751641 
713 38 10 13 0.027019667 
967 36 9 12 0.02699782 
805 16 11 15 0.026972236 
19 22 13 14 0.02696774 
586 44 12 15 0.026769863 
320 11 10 15 0.02674091 
487 14 10 12 0.02672862 
376 68 11 14 0.02666509 
445 88 11 12 0.026624363 
596 68 10 14 0.026562756 
241 62 10 14 0.026498487 
355 136 14 18 0.026158266 
55 69 9 11 0.02600258 
849 0 11 10 0.025975661 
890 53 10 15 0.025920816 
474 166 9 11 0.025876578 
468 241 26 32 0.025724098 
926 0 9 9 0.025629723 
958 36 10 14 0.025223145 
267 149 16 17 0.025056101 
787 149 11 15 0.02498021 
97 148 10 11 0.024909914 
463 78 10 12 0.024813559 
762 123 13 16 0.024724834 
1014 165 9 14 0.024723925 
163 116 13 16 0.024562951 
969 4 9 11 0.024313923 
303 246 18 22 0.02427245 
565 114 11 14 0.02415011 
319 28 9 11 0.024006607 
936 63 10 13 0.023959253 
314 190 19 22 0.023931531 
406 112 10 12 0.023880986 
451 162 12 14 0.023866612 
960 173 12 14 0.023818308 
411 6 10 14 0.02379716 
775 51 10 14 0.023746379 
945 0 8 8 0.02370811 
1013 5 10 17 0.023610812 
920 12 12 15 0.023597734 
295 31 9 13 0.023575738 
801 70 11 13 0.02316847 
1011 92 11 17 0.023165049 
594 59 12 15 0.023064906 
315 164 16 19 0.023051497 
260 197 17 22 0.022789398 
28 0 10 11 0.022551281 
783 150 10 14 0.022460824 
424 12 11 13 0.022455037 
773 7 11 13 0.022438865 
0 38 7 14 0.02213175 
1015 159 8 13 0.02186907 
1015 51 11 15 0.021857094 
1014 21 9 15 0.021844497 
532 71 9 12 0.021815376 
715 141 13 17 0.021626854 
620 77 11 14 0.02136868 
265 132 12 15 0.021325376 
598 55 10 12 0.021190824 
264 37 11 13 0.021142669 
430 95 9 12 0.021027315 
842 125 13 17 0.020995729 
477 70 10 13 0.020914748 
996 81 11 14 0.020904886 
467 94 8 11 0.020884717 
905 0 10 9 0.020876579 
429 23 11 13 0.0207887 
416 79 8 11 0.020786526 
275 127 12 15 0.020597015 
540 120 14 17 0.020343544 
993 100 13 16 0.020289285 
904 123 11 15 0.020272184 
427 166 11 15 0.020107262 
799 19 11 14 0.020057356 
415 24 12 13 0.02001755 
