58_Hockey_icehockey_puck_58_212
202
596 82 56 73 0.9984419 
180 157 23 31 0.9963063 
140 161 25 32 0.9957776 
650 49 17 23 0.9818502 
139 74 22 30 0.97716504 
379 74 19 25 0.9760583 
64 173 22 28 0.9756874 
402 8 17 22 0.9718401 
915 118 17 23 0.9688502 
877 17 17 22 0.96801186 
254 117 21 29 0.9652363 
238 29 21 26 0.9615215 
499 39 20 27 0.9539553 
970 112 18 23 0.95141804 
287 34 21 26 0.94319487 
854 158 17 22 0.9290897 
964 56 17 22 0.92739534 
943 155 20 26 0.92399746 
991 158 20 23 0.92197835 
774 50 17 22 0.9203099 
374 47 16 22 0.91158426 
515 83 21 26 0.9040926 
219 74 24 28 0.88247883 
432 83 18 23 0.8806912 
362 133 18 25 0.8748335 
421 54 15 20 0.85409826 
204 31 21 28 0.8530229 
37 32 22 29 0.79346657 
958 91 17 21 0.76236874 
997 45 15 19 0.7016127 
868 53 16 20 0.6920051 
269 89 20 25 0.65996087 
990 20 16 19 0.6150275 
939 14 13 19 0.6071907 
717 45 13 17 0.54293567 
601 7 17 25 0.5371855 
796 51 14 18 0.53178334 
789 92 16 20 0.47322088 
165 36 20 26 0.4717848 
830 83 22 26 0.4297076 
129 42 19 22 0.39735132 
506 130 22 26 0.3928975 
842 29 13 16 0.3897507 
350 75 21 25 0.36944956 
0 175 10 24 0.36936375 
109 42 15 21 0.36099908 
430 6 20 26 0.35868424 
188 0 19 14 0.3423578 
997 101 13 15 0.33196568 
15 73 25 33 0.32254422 
827 64 17 21 0.31477433 
62 89 20 26 0.3133929 
11 36 17 20 0.29088 
571 0 21 19 0.28580493 
332 114 18 23 0.2815216 
771 10 16 19 0.2746769 
931 88 17 21 0.2682134 
642 35 14 18 0.2545084 
934 65 17 20 0.25175902 
749 93 24 28 0.23793362 
329 59 14 18 0.23178722 
256 13 19 24 0.2286586 
453 147 18 22 0.21186163 
437 123 17 22 0.2115369 
531 1 20 24 0.2057435 
24 -1 24 19 0.18980584 
63 62 20 27 0.15834895 
245 22 19 27 0.149811 
275 123 20 29 0.14050198 
945 39 17 20 0.12871158 
803 67 13 18 0.12278975 
353 33 15 17 0.11777238 
323 35 14 20 0.10997595 
376 194 23 27 0.10921372 
874 80 18 22 0.10239091 
288 120 21 29 0.1022313 
500 160 16 20 0.1005222 
826 70 23 27 0.09985532 
931 72 16 19 0.09974611 
347 10 12 16 0.093391396 
668 42 16 22 0.08783463 
720 63 22 31 0.08669246 
808 169 19 23 0.08351649 
263 96 22 24 0.0793196 
821 132 15 19 0.07853358 
157 1 16 18 0.07807332 
502 0 13 10 0.07761193 
113 34 20 27 0.07073806 
821 11 15 19 0.064242095 
907 105 14 18 0.06354473 
75 67 17 22 0.061934028 
148 18 15 17 0.059321593 
734 53 15 19 0.059224896 
659 43 19 25 0.05682696 
806 90 14 19 0.055526394 
330 -1 13 11 0.05422584 
860 92 14 18 0.05422384 
139 1 23 25 0.053104233 
742 0 15 12 0.052145418 
821 34 15 18 0.051456343 
1014 109 10 16 0.05109332 
928 15 20 25 0.050537765 
331 20 15 20 0.050513867 
117 0 14 10 0.049636737 
854 89 14 17 0.047759682 
270 49 15 19 0.046337735 
67 54 16 18 0.046053275 
841 85 16 21 0.045248456 
10 81 19 26 0.044780668 
970 28 17 20 0.044454742 
1011 23 13 21 0.0434067 
827 55 16 19 0.042792108 
863 22 11 14 0.042410396 
442 122 21 31 0.04205248 
347 50 14 19 0.041112423 
196 26 16 21 0.040956307 
924 23 17 21 0.04041144 
116 25 16 20 0.04036576 
266 124 20 26 0.039543893 
148 -2 15 15 0.03907895 
-1 35 9 17 0.038714487 
722 48 13 18 0.037124902 
829 29 12 16 0.036801685 
866 98 15 20 0.0364794 
957 0 14 11 0.036371566 
218 3 17 20 0.035061013 
299 0 16 14 0.03493015 
798 0 13 10 0.034514967 
867 90 15 18 0.034151822 
814 35 15 19 0.033472065 
801 57 15 21 0.03342984 
907 184 16 21 0.033030823 
645 43 16 20 0.032928195 
226 166 32 32 0.03279464 
642 1 17 18 0.03245599 
925 92 17 20 0.032354318 
995 107 17 21 0.03212598 
134 3 16 20 0.031443845 
942 52 21 26 0.031358756 
966 98 23 27 0.031063458 
581 0 23 25 0.030956488 
514 18 18 22 0.030887913 
355 2 14 16 0.030666353 
342 112 21 26 0.030309405 
996 76 17 19 0.030273326 
1001 133 15 19 0.030175282 
660 0 19 18 0.029464733 
361 78 15 23 0.02922436 
827 155 17 20 0.029133616 
822 87 16 20 0.028733656 
747 0 16 18 0.028565964 
950 73 15 20 0.028157085 
430 125 17 22 0.027905717 
936 94 16 20 0.027471468 
328 98 22 27 0.02747063 
876 0 12 11 0.027457645 
791 45 15 19 0.027366772 
684 77 16 20 0.027098892 
398 145 21 25 0.026867671 
807 176 24 30 0.026491744 
462 147 18 21 0.026364129 
794 102 15 22 0.026363002 
468 68 17 22 0.026313232 
660 16 14 18 0.026225295 
901 0 13 11 0.02580937 
877 178 15 23 0.025733573 
230 0 23 21 0.025613816 
405 68 12 16 0.02518432 
756 -1 15 12 0.02463965 
610 12 16 23 0.02452861 
699 9 16 23 0.024182977 
230 175 43 43 0.024122586 
698 -1 15 12 0.024064582 
843 36 15 20 0.023965025 
446 145 17 23 0.02370844 
251 96 19 23 0.023691522 
934 0 13 10 0.023537936 
853 3 16 17 0.023332182 
882 78 16 21 0.02309842 
175 39 17 24 0.022968937 
638 0 15 13 0.022743644 
839 -1 12 10 0.02261648 
860 25 12 17 0.021916166 
995 16 21 26 0.021879606 
854 29 12 16 0.02181043 
812 159 24 27 0.02178196 
353 113 17 21 0.021478517 
542 325 37 45 0.021454021 
67 75 23 31 0.021452421 
755 3 15 18 0.021338085 
987 3 13 15 0.021260977 
1005 20 15 19 0.021250961 
950 82 14 20 0.02119398 
0 82 12 22 0.021175474 
797 36 15 19 0.021077413 
408 149 21 25 0.020900657 
883 108 13 17 0.020864088 
336 122 24 28 0.020674087 
420 2 16 20 0.020527126 
719 56 14 20 0.020423241 
71 95 17 22 0.020413766 
140 -1 16 15 0.020116022 
