58_Hockey_icehockey_puck_58_926
48
567 108 59 75 0.99970204 
218 222 59 75 0.99921656 
879 54 58 75 0.998895 
349 20 55 71 0.99797755 
392 322 61 75 0.99706286 
936 271 67 87 0.99678 
459 201 52 74 0.994412 
605 387 63 68 0.99353254 
165 309 56 74 0.46464333 
950 140 68 104 0.435735 
708 612 47 63 0.1912862 
400 225 52 64 0.11781282 
723 431 28 34 0.1144849 
452 406 87 114 0.09379276 
773 490 30 35 0.08561412 
617 260 39 42 0.08138872 
817 398 47 66 0.065155186 
778 488 19 22 0.050246805 
106 271 50 60 0.050096918 
976 97 25 28 0.04167662 
142 283 63 81 0.04113921 
221 166 9 10 0.038968563 
68 438 22 27 0.03838629 
432 215 42 71 0.035158254 
1 453 24 39 0.03482699 
685 398 24 29 0.034534063 
195 329 32 54 0.03324855 
407 240 32 34 0.033176787 
193 252 26 31 0.03212667 
961 125 29 37 0.031909633 
683 386 41 54 0.031788245 
894 274 51 74 0.031271182 
638 619 65 63 0.0308197 
800 321 63 67 0.030294575 
387 247 59 66 0.030157425 
432 401 68 94 0.027035557 
125 271 53 71 0.026074894 
112 256 41 44 0.026037289 
622 480 47 64 0.024361825 
95 621 58 61 0.023759283 
96 267 46 42 0.02293435 
337 415 22 35 0.022579497 
117 238 35 34 0.021834169 
2 387 43 86 0.021498824 
970 106 31 37 0.021323772 
962 105 44 75 0.021293918 
808 343 65 86 0.021193238 
720 436 40 51 0.020967908 
