58_Hockey_icehockey_puck_58_753
23
881 386 58 84 0.9893022 
765 157 16 20 0.759231 
561 290 20 33 0.755445 
895 186 15 25 0.74380255 
1004 158 17 25 0.6049923 
820 242 24 28 0.38971382 
742 225 23 35 0.26127663 
709 329 39 44 0.14480221 
172 109 10 12 0.114047326 
940 155 16 20 0.1070512 
968 192 18 22 0.073126055 
523 153 13 18 0.07027469 
681 227 48 55 0.05257391 
181 532 51 76 0.052491333 
708 348 37 39 0.04916426 
812 246 50 69 0.047820248 
243 217 423 537 0.03673915 
247 81 9 11 0.03388823 
669 300 28 35 0.029102651 
949 151 15 21 0.027746173 
931 202 15 23 0.025743103 
748 161 14 22 0.02350595 
934 145 15 23 0.020072615 
