58_Hockey_icehockey_puck_58_493
42
251 46 35 43 0.99909914 
109 15 30 39 0.9988018 
113 132 35 44 0.9975822 
599 0 36 36 0.9975764 
471 95 72 88 0.9970763 
655 55 31 41 0.99622667 
719 0 29 32 0.9947685 
227 -1 31 32 0.9942356 
611 141 35 45 0.9942092 
440 56 25 38 0.9931084 
905 125 38 46 0.9912554 
485 0 27 33 0.99034506 
238 109 39 47 0.9891606 
775 140 39 44 0.9879302 
2 1 34 34 0.9860892 
349 0 33 27 0.98009026 
810 0 30 36 0.9754372 
159 130 29 36 0.9753763 
318 176 94 98 0.9488519 
876 25 16 20 0.68234926 
935 20 28 35 0.5278859 
0 116 17 44 0.15607138 
307 0 21 24 0.13067907 
660 282 30 34 0.11769267 
991 203 26 38 0.09499937 
753 64 34 37 0.07880733 
431 322 97 131 0.076980345 
827 102 25 31 0.05544181 
829 90 18 22 0.04160401 
307 84 27 29 0.03920811 
586 36 22 31 0.035315525 
752 80 30 33 0.032871716 
539 1 29 23 0.031382225 
369 81 26 36 0.031308692 
747 89 41 47 0.028132055 
858 101 27 31 0.026830144 
694 1 27 25 0.026483683 
752 -1 22 20 0.024148349 
861 225 45 49 0.023866901 
962 -1 21 20 0.02375705 
876 78 25 30 0.023512933 
270 0 26 22 0.021617264 
