58_Hockey_icehockey_puck_58_592
18
966 396 31 33 0.9956951 
716 333 12 14 0.97448754 
181 329 17 22 0.9706176 
692 355 14 18 0.93145746 
541 351 28 29 0.92639166 
864 343 11 17 0.43378323 
176 368 19 23 0.32011697 
689 334 9 11 0.18251945 
810 388 17 22 0.049306445 
732 369 11 16 0.047329515 
880 432 10 13 0.035527617 
982 317 13 17 0.026706582 
716 428 11 14 0.025522001 
861 412 13 18 0.023513734 
831 345 12 17 0.022414474 
1000 295 17 19 0.022347717 
255 332 12 15 0.021955175 
836 345 15 17 0.02083228 
