58_Hockey_icehockey_puck_58_469
151
369 240 36 41 0.99607927 
550 211 37 44 0.9958598 
339 113 15 19 0.98069066 
164 82 16 22 0.97961825 
397 86 22 25 0.9768664 
217 59 18 23 0.96901906 
336 74 17 20 0.9628338 
414 24 17 25 0.95517635 
304 56 16 20 0.9545044 
23 83 21 26 0.94434255 
483 87 15 19 0.9427007 
499 22 13 17 0.93832135 
89 2 16 21 0.93598217 
69 92 17 22 0.9337986 
465 12 16 20 0.9289643 
131 10 16 23 0.92445153 
620 111 20 26 0.91527283 
830 116 15 19 0.9151637 
258 47 15 20 0.91276985 
646 114 17 21 0.8924486 
99 84 20 25 0.8904932 
578 106 15 19 0.8808084 
550 140 17 21 0.86950654 
783 157 15 20 0.8636013 
360 63 14 18 0.8552895 
722 22 14 20 0.8475698 
683 24 14 18 0.8304288 
521 161 16 22 0.8156286 
622 0 12 11 0.71051073 
741 133 13 19 0.6559699 
5 43 19 28 0.62359947 
890 68 12 17 0.5189561 
161 29 15 20 0.5061575 
902 166 13 18 0.43031824 
302 90 14 17 0.3424381 
839 162 12 17 0.33824018 
952 76 11 15 0.31102046 
865 158 11 17 0.29542258 
268 67 12 14 0.27652302 
869 116 13 16 0.26191467 
925 153 14 17 0.23492335 
742 128 12 16 0.21923693 
428 174 11 14 0.21743989 
569 104 20 24 0.2115757 
809 165 10 14 0.20691353 
622 100 14 16 0.18132478 
924 124 10 13 0.17571072 
548 18 13 16 0.16947605 
917 178 11 15 0.16210955 
288 124 13 16 0.1605476 
583 0 11 9 0.15970455 
949 118 13 16 0.15463825 
906 115 12 14 0.14572835 
879 93 10 12 0.14480884 
126 2 16 20 0.14135723 
478 0 13 12 0.14048253 
747 83 12 15 0.12919153 
629 177 17 20 0.11625289 
714 8 12 17 0.095336884 
854 20 10 12 0.09348085 
231 334 10 12 0.08767942 
544 0 11 9 0.08591294 
110 7 15 20 0.08434513 
221 363 11 15 0.08389218 
202 10 17 21 0.08313848 
541 42 11 15 0.08200874 
860 187 12 15 0.07498137 
937 182 12 15 0.074055634 
162 36 16 22 0.073285036 
364 183 17 20 0.06835888 
901 160 12 15 0.06757892 
950 178 11 14 0.06744609 
600 21 10 14 0.064622305 
236 34 12 15 0.06145585 
509 0 10 9 0.05735615 
933 161 11 15 0.056623824 
742 0 13 11 0.055654205 
214 24 14 17 0.05012509 
373 91 13 17 0.050025966 
903 123 12 13 0.048982974 
239 53 11 13 0.048244916 
605 19 13 18 0.046469126 
656 0 11 10 0.045871675 
534 92 16 19 0.0458201 
732 0 13 10 0.04378999 
280 132 12 15 0.043631274 
940 147 12 15 0.042979535 
639 111 17 25 0.042629663 
637 0 14 14 0.042206254 
577 0 10 9 0.04047895 
662 137 14 19 0.03891231 
917 99 10 14 0.038356837 
910 88 8 10 0.037325297 
681 178 12 17 0.037164863 
307 118 18 21 0.036696695 
732 202 14 15 0.036672298 
755 34 13 17 0.035197247 
931 149 12 16 0.034935974 
974 147 12 14 0.033968113 
275 69 12 14 0.033574816 
782 85 13 15 0.033342127 
854 0 14 14 0.03268389 
760 11 13 15 0.03260471 
956 123 12 14 0.032483704 
503 0 12 10 0.03135942 
292 172 16 21 0.02979325 
827 188 14 17 0.029038385 
691 155 13 17 0.029027162 
266 49 12 17 0.028987436 
373 58 12 20 0.028638698 
833 162 13 19 0.027916785 
628 24 13 18 0.02764045 
417 0 19 16 0.02749562 
912 94 9 12 0.026510404 
945 77 11 13 0.02650226 
314 114 17 19 0.02599448 
295 233 13 15 0.02586898 
619 188 24 28 0.025754603 
241 155 16 21 0.025704479 
640 36 12 15 0.025287248 
683 0 14 11 0.024992406 
592 20 10 14 0.024601277 
667 160 14 21 0.024581328 
935 144 11 14 0.02443735 
534 0 11 11 0.024002267 
870 136 12 16 0.023572203 
159 22 14 18 0.02336273 
364 91 15 17 0.023095483 
815 11 10 13 0.02309294 
271 96 19 20 0.022769775 
268 232 13 16 0.02269698 
561 7 10 13 0.02249987 
934 104 11 13 0.022461306 
926 145 12 15 0.022207348 
180 187 16 23 0.022146516 
746 143 13 18 0.021968257 
808 250 13 16 0.021925023 
791 20 9 12 0.02160753 
402 0 17 12 0.021448988 
624 19 12 17 0.021402478 
758 43 13 16 0.021295756 
326 113 12 18 0.021197742 
302 205 12 15 0.021181284 
29 2 14 16 0.021152187 
263 57 12 17 0.021068282 
916 54 10 12 0.020963477 
222 292 10 13 0.020851778 
0 72 14 24 0.020781815 
950 100 10 11 0.020482354 
940 154 12 16 0.020210208 
499 57 16 19 0.02006139 
