58_Hockey_icehockey_puck_58_113
39
306 123 51 59 0.995808 
81 38 29 35 0.99530244 
995 96 28 40 0.9831338 
659 51 24 29 0.9431954 
183 38 21 25 0.92299515 
521 49 48 64 0.91411436 
274 33 26 31 0.862554 
489 51 16 21 0.85175693 
224 42 19 21 0.76512706 
840 0 26 27 0.36352658 
129 48 18 21 0.2649019 
1012 417 12 21 0.26261836 
245 19 11 14 0.17821696 
363 44 18 25 0.15509391 
433 41 18 25 0.14347708 
67 180 34 40 0.11847895 
434 36 13 17 0.11732851 
73 168 54 53 0.11329608 
444 47 16 20 0.10165759 
310 46 25 26 0.095999666 
396 50 17 22 0.07847596 
27 35 20 30 0.07209235 
537 72 42 46 0.070913024 
23 63 22 28 0.046401303 
0 20 24 33 0.03764795 
319 44 17 19 0.034829333 
999 226 22 38 0.029757049 
885 75 22 30 0.02883877 
996 45 17 20 0.028225668 
552 63 31 42 0.027126491 
449 89 23 30 0.025525723 
9 62 26 34 0.025275815 
139 46 14 19 0.024103062 
398 214 46 59 0.022762338 
439 83 24 32 0.022057155 
978 3 22 29 0.022031156 
251 21 11 13 0.020951599 
1008 75 15 21 0.020547733 
226 78 24 28 0.020394059 
