58_Hockey_icehockey_puck_58_221
46
0 696 54 72 0.99880266 
654 461 53 63 0.9985128 
5 456 49 63 0.99845684 
202 471 52 70 0.9963116 
113 458 47 60 0.99414414 
97 364 52 63 0.99321777 
459 524 66 86 0.9930541 
252 332 44 60 0.9903398 
576 35 44 54 0.9826209 
740 160 33 51 0.9739793 
543 487 35 47 0.97390693 
119 92 35 50 0.9563615 
0 71 32 51 0.95474267 
51 196 40 50 0.953633 
820 148 36 44 0.93938106 
83 584 48 64 0.92877734 
201 203 39 52 0.9131296 
49 64 43 55 0.9108784 
0 191 31 60 0.8815607 
895 474 42 54 0.8812672 
131 321 49 59 0.8353687 
480 458 43 58 0.78132516 
828 475 32 41 0.52501583 
366 289 38 48 0.36921713 
438 527 38 46 0.19058844 
741 674 40 35 0.1367307 
21 62 40 56 0.04653776 
598 403 40 38 0.04540557 
467 487 56 70 0.04267704 
214 395 54 68 0.040895138 
315 247 38 42 0.038823117 
130 348 37 45 0.03819102 
390 273 56 67 0.03309486 
503 464 29 42 0.033070926 
106 74 40 54 0.030285155 
140 736 35 50 0.028722448 
840 152 26 35 0.028442012 
604 644 31 29 0.028251775 
128 176 44 54 0.027893048 
425 270 7 10 0.027085636 
397 282 13 17 0.024397302 
57 571 57 70 0.02270457 
265 253 49 51 0.021167679 
350 294 49 70 0.020871026 
74 544 48 61 0.020802587 
228 388 41 45 0.02002904 
