58_Hockey_icehockey_puck_58_384
94
606 226 28 32 0.99550444 
530 441 32 36 0.9953288 
421 493 33 37 0.9945246 
223 205 36 34 0.9728766 
346 575 33 41 0.9608496 
544 255 23 27 0.950519 
553 303 24 32 0.9399228 
773 61 22 26 0.9380262 
601 194 20 28 0.89216566 
653 176 24 32 0.8360262 
735 118 30 36 0.79948986 
507 336 30 42 0.637856 
625 73 28 27 0.6168601 
134 532 41 29 0.57191885 
235 490 32 27 0.43605202 
831 57 20 28 0.36510855 
849 24 17 19 0.351328 
416 252 37 38 0.27362955 
1 503 36 37 0.22785994 
402 258 51 55 0.15798236 
440 362 29 26 0.14001262 
838 27 14 20 0.13854297 
473 205 17 20 0.11765741 
835 73 16 23 0.1115731 
681 75 25 25 0.10509226 
388 401 45 37 0.096630044 
281 457 29 29 0.08863191 
394 288 39 38 0.085213296 
671 67 11 15 0.084217444 
629 123 26 25 0.080450065 
459 202 28 28 0.06419158 
843 29 18 21 0.060007527 
369 370 64 72 0.05555247 
843 93 36 48 0.054530315 
676 73 18 23 0.044689298 
640 119 25 26 0.043492638 
462 204 15 18 0.041286625 
408 485 32 35 0.04074641 
446 343 29 34 0.040151354 
833 81 23 28 0.03985596 
748 64 24 32 0.039838832 
364 323 32 36 0.03876803 
416 282 30 37 0.038300138 
426 255 22 23 0.03797804 
471 205 29 36 0.036083568 
624 77 41 43 0.03598742 
840 63 17 22 0.034396302 
660 245 13 18 0.033736054 
327 607 23 28 0.03346152 
399 378 38 47 0.03333805 
315 618 31 32 0.03266608 
534 143 28 34 0.032099254 
831 80 15 21 0.03207112 
503 215 24 30 0.031915314 
453 238 24 28 0.031762987 
334 352 46 67 0.031440824 
440 243 31 30 0.031035539 
483 209 28 34 0.030975824 
333 292 47 62 0.030122774 
788 18 14 15 0.02963156 
475 292 25 37 0.029186238 
467 196 19 21 0.029186066 
0 557 26 43 0.028883677 
690 71 24 24 0.028694728 
619 72 21 24 0.028587371 
709 69 14 18 0.028533503 
833 80 34 50 0.028526453 
527 288 24 31 0.026454873 
669 71 14 22 0.025609484 
853 4 13 13 0.025605878 
311 608 29 30 0.02551568 
246 481 28 32 0.02521651 
549 299 17 28 0.024831686 
565 105 12 15 0.024544712 
613 59 43 49 0.024500215 
607 307 15 20 0.024222832 
764 14 23 26 0.024097314 
0 495 19 31 0.023680737 
704 71 23 27 0.023360176 
457 361 17 23 0.023026695 
699 66 18 21 0.02297777 
507 177 46 52 0.022858405 
693 34 13 18 0.022341996 
868 110 14 21 0.022197232 
340 275 47 54 0.021504259 
440 325 33 40 0.021478662 
759 66 23 29 0.02125734 
430 338 12 18 0.021080885 
415 373 34 38 0.02099716 
619 124 28 33 0.020808725 
501 323 27 38 0.020748306 
810 66 15 20 0.020585535 
529 165 29 36 0.020551091 
152 526 32 31 0.020031987 
