19_Couple_Couple_19_106
19
581 179 60 80 0.9997893 
304 133 63 80 0.99920624 
432 192 40 53 0.09386397 
499 71 25 28 0.08842614 
535 0 21 15 0.05016238 
860 4 25 32 0.04254247 
2 7 41 81 0.03305884 
236 3 36 37 0.02883303 
429 32 25 32 0.027146542 
425 29 42 56 0.026897898 
407 1 26 27 0.023360198 
497 0 21 19 0.022930617 
726 140 49 69 0.022687146 
191 63 46 60 0.022257702 
495 77 35 45 0.0221053 
198 97 36 46 0.02202718 
174 0 29 32 0.0215719 
337 14 25 35 0.020311486 
468 -2 15 12 0.020019678 
