19_Couple_Couple_19_743
54
697 411 28 35 0.99877805 
447 306 30 38 0.998565 
523 279 34 39 0.99819154 
402 306 34 38 0.9971054 
858 300 33 43 0.9966018 
668 394 29 32 0.99580246 
127 319 28 35 0.99527377 
156 311 28 34 0.99262565 
802 301 36 40 0.99156815 
276 415 25 38 0.9777874 
181 475 23 33 0.96788377 
634 326 18 22 0.5239794 
757 212 25 28 0.36466512 
142 315 25 33 0.12668 
601 319 19 21 0.09978001 
561 456 23 26 0.0800075 
280 246 10 13 0.07865719 
731 205 17 22 0.07550633 
587 539 13 16 0.07381038 
664 364 16 17 0.0606272 
574 350 10 14 0.056181632 
707 233 16 21 0.0499145 
320 219 18 20 0.044576246 
320 284 26 34 0.044010054 
676 402 34 45 0.040394988 
625 299 16 18 0.036180656 
738 224 49 49 0.03614807 
19 0 18 17 0.03573439 
636 318 15 17 0.03422688 
6 11 12 16 0.032748185 
610 529 14 18 0.0312556 
109 337 22 26 0.029804127 
303 223 9 12 0.029574564 
714 242 15 21 0.029285567 
244 272 12 14 0.029106574 
301 229 9 11 0.028611723 
883 323 27 34 0.027640145 
1 27 9 14 0.027344208 
594 302 22 26 0.025942056 
653 362 12 16 0.025579842 
680 249 10 14 0.025253562 
687 236 12 13 0.025169346 
281 228 10 13 0.024770822 
379 99 94 108 0.024699656 
685 249 12 15 0.024146434 
690 238 26 27 0.023805343 
41 41 13 18 0.023667388 
633 159 11 13 0.023435906 
11 11 15 18 0.023044264 
19 40 13 15 0.022327077 
740 207 26 31 0.02127373 
493 181 21 26 0.021166988 
618 306 24 28 0.02085661 
300 237 10 13 0.020173265 
