19_Couple_Couple_19_881
20
586 231 91 125 0.9990761 
248 196 95 126 0.9986008 
883 295 28 35 0.4014197 
748 299 31 39 0.2888346 
386 40 14 18 0.09577817 
371 56 12 13 0.06526468 
406 32 19 21 0.061075814 
973 309 21 32 0.056678195 
404 42 17 19 0.044468638 
524 279 218 355 0.037857257 
985 286 20 23 0.034429193 
994 259 23 30 0.03161474 
807 6 32 33 0.03148475 
850 303 23 32 0.030957373 
901 14 32 37 0.03033312 
102 318 24 26 0.026759198 
859 9 30 35 0.026530515 
965 302 39 53 0.026128493 
39 341 19 22 0.023040308 
947 302 24 31 0.021261964 
