4_Dancing_Dancing_4_194
20
784 224 40 61 0.95370156 
643 554 58 81 0.17875502 
26 431 54 86 0.15121964 
68 19 173 215 0.1381395 
36 477 60 101 0.096439414 
588 478 53 71 0.08245375 
529 431 83 118 0.049921762 
673 501 24 41 0.04990764 
558 457 29 48 0.048529796 
414 510 16 20 0.038802553 
555 467 50 71 0.03503897 
213 528 44 46 0.034099445 
882 226 94 147 0.02936735 
659 509 38 51 0.027448786 
898 302 57 84 0.023734068 
58 514 37 71 0.023285639 
896 306 97 143 0.022327835 
467 496 28 31 0.022076901 
669 564 59 81 0.021406732 
46 429 32 59 0.020577088 
