4_Dancing_Dancing_4_715
139
416 442 33 37 0.9964546 
75 458 38 43 0.99588805 
409 115 44 62 0.99470735 
486 470 37 45 0.994253 
657 130 43 58 0.99094826 
151 456 25 34 0.9716007 
625 452 32 40 0.963955 
294 464 33 39 0.9635494 
294 110 11 14 0.24925116 
236 158 10 11 0.17830674 
313 100 11 13 0.17714699 
814 630 12 16 0.17217417 
234 287 12 14 0.15332592 
864 663 12 15 0.1422738 
945 660 15 17 0.13575922 
276 230 10 13 0.13074079 
195 346 11 15 0.12522012 
196 290 11 13 0.12446841 
169 348 17 22 0.12031923 
311 121 15 16 0.11998668 
901 659 12 16 0.0974252 
502 58 11 13 0.09696544 
556 6 16 19 0.09191968 
351 123 12 14 0.09080144 
197 156 10 12 0.090325296 
242 46 10 12 0.08943538 
373 330 17 19 0.0874128 
426 13 14 16 0.08034558 
197 174 11 14 0.07908181 
352 104 10 12 0.07836253 
610 429 50 68 0.07272406 
863 678 11 13 0.07219883 
276 101 10 12 0.07108297 
156 215 9 10 0.0685786 
427 54 12 14 0.066308804 
312 50 13 15 0.06581835 
187 380 25 38 0.060702674 
155 285 12 15 0.059393927 
236 179 12 13 0.058715653 
329 309 14 16 0.058480695 
763 624 12 14 0.05728998 
313 158 11 14 0.056540117 
444 1 14 18 0.056367695 
114 339 12 17 0.05368739 
198 117 14 16 0.04970464 
944 656 11 13 0.047840327 
391 78 14 17 0.047428675 
330 46 14 18 0.04698386 
920 640 9 12 0.046598885 
234 214 10 13 0.046120223 
293 30 13 17 0.04583978 
481 4 15 20 0.045466304 
575 61 9 11 0.043105848 
200 100 9 12 0.042811193 
422 347 13 18 0.042455148 
444 45 14 21 0.04204048 
276 266 11 14 0.041966725 
465 55 11 13 0.041816786 
273 179 12 14 0.041491248 
196 276 10 13 0.041469704 
238 103 8 10 0.041443665 
228 342 12 17 0.041350596 
540 59 10 12 0.039762348 
920 645 9 13 0.039513163 
504 15 12 15 0.03879743 
117 226 10 13 0.03875632 
389 12 14 16 0.03842874 
274 120 14 16 0.03813512 
275 47 11 14 0.037378106 
467 15 11 13 0.037264325 
311 178 14 16 0.036699023 
195 214 10 12 0.035274692 
155 221 11 15 0.034756754 
195 226 12 14 0.034739997 
237 163 10 13 0.03456867 
235 280 12 13 0.03386117 
153 334 10 13 0.033165395 
391 53 12 16 0.032988045 
518 3 15 19 0.032762576 
197 46 10 12 0.03271483 
668 629 12 15 0.03230463 
35 220 13 16 0.032231443 
236 229 11 13 0.031535853 
198 168 9 11 0.030926568 
156 174 11 14 0.030746646 
766 731 14 12 0.030424058 
541 167 9 11 0.029826323 
466 110 9 12 0.029804928 
630 48 10 11 0.029785004 
270 378 31 45 0.029575672 
194 307 14 15 0.029553797 
786 643 11 14 0.028589632 
181 110 10 13 0.028332295 
119 285 11 14 0.02823798 
255 31 12 15 0.028092217 
635 252 18 25 0.027134128 
226 310 9 11 0.027054086 
155 277 12 14 0.026751736 
954 660 12 14 0.026609655 
273 261 12 14 0.026227303 
276 253 13 16 0.025933038 
313 70 12 14 0.025513247 
275 69 11 13 0.025430044 
326 302 13 18 0.025419723 
235 220 11 14 0.025357353 
924 637 9 11 0.02505936 
230 308 10 13 0.02500732 
349 46 14 16 0.024892524 
221 260 10 13 0.024693523 
76 282 11 14 0.02450587 
193 427 16 18 0.024308989 
299 505 17 22 0.02385574 
925 632 10 12 0.023499757 
270 96 11 13 0.023356544 
152 339 11 15 0.023304565 
176 352 15 19 0.02307937 
541 111 9 12 0.022688283 
909 653 10 15 0.022643639 
277 246 10 12 0.022603475 
158 100 8 11 0.022579024 
276 223 11 14 0.022038769 
119 275 11 14 0.021863211 
331 58 12 14 0.021829957 
271 300 13 15 0.021732956 
463 288 13 16 0.021488154 
938 666 11 15 0.021419095 
118 304 12 15 0.021247895 
233 235 13 16 0.021181747 
33 398 16 19 0.020855082 
182 171 9 13 0.020798653 
467 77 11 13 0.02075511 
236 123 12 14 0.020733794 
310 37 11 13 0.02069035 
118 152 8 11 0.020593999 
119 116 12 14 0.0205185 
142 387 15 18 0.020501954 
333 112 10 13 0.020228175 
412 0 13 14 0.020186171 
288 247 10 12 0.020103438 
