4_Dancing_Dancing_4_84
32
851 108 39 49 0.99757606 
343 156 42 50 0.99588203 
134 178 44 51 0.99528486 
699 160 45 55 0.99436104 
479 138 37 44 0.9935876 
149 78 18 23 0.988701 
273 136 18 21 0.98758614 
536 198 35 52 0.9868378 
222 74 17 21 0.97518164 
733 71 21 24 0.9719607 
54 72 18 22 0.96984005 
605 83 19 24 0.9527386 
789 65 21 24 0.9497215 
452 139 18 25 0.94254035 
764 131 18 22 0.7765851 
674 0 18 14 0.6380453 
82 149 18 22 0.39775175 
937 205 21 34 0.11663672 
115 109 10 13 0.11495558 
715 0 15 13 0.08667143 
691 17 14 17 0.06818922 
407 208 39 56 0.054687336 
666 37 15 18 0.040706627 
289 109 11 14 0.033615712 
620 212 10 12 0.033165287 
459 137 23 32 0.030895902 
841 485 10 13 0.02838825 
733 5 12 13 0.02785583 
658 12 14 18 0.0270383 
433 134 7 10 0.026922582 
652 1 18 18 0.021132816 
79 131 23 37 0.020106744 
