4_Dancing_Dancing_4_57
22
565 138 28 48 0.98861164 
585 204 41 56 0.9567352 
845 161 23 33 0.9524242 
947 198 16 25 0.8291153 
732 157 20 32 0.7998259 
769 168 18 22 0.7356591 
889 164 18 25 0.4748074 
1003 178 19 39 0.28612667 
813 165 17 23 0.2162991 
976 80 24 37 0.10401632 
862 136 14 19 0.0714455 
781 188 14 20 0.0662609 
939 171 14 21 0.05657154 
969 128 17 24 0.05371009 
777 192 20 30 0.042875465 
337 170 46 35 0.03441995 
1010 123 14 25 0.023620363 
797 210 14 21 0.02260527 
830 276 22 25 0.021718683 
916 173 17 25 0.020883366 
767 199 23 32 0.020614943 
783 205 21 29 0.020263216 
