4_Dancing_Dancing_4_769
24
402 124 44 60 0.99781907 
461 236 46 54 0.99347067 
907 150 25 33 0.98945147 
799 178 26 31 0.9664107 
122 65 18 23 0.8600787 
0 52 9 14 0.2657086 
1001 183 22 29 0.102292225 
3 27 15 17 0.10155733 
181 57 15 17 0.09699421 
181 68 15 18 0.08737615 
150 63 16 21 0.08608848 
59 46 17 18 0.06050149 
78 146 15 17 0.03202359 
155 53 17 19 0.026076095 
790 526 10 12 0.02570785 
0 24 11 16 0.024887571 
6 156 11 15 0.02347432 
719 212 15 21 0.022884784 
154 69 16 20 0.022658842 
88 53 12 14 0.02262144 
144 61 11 15 0.022045126 
843 381 14 18 0.02072308 
6 77 15 17 0.02069948 
713 188 13 19 0.020694952 
