4_Dancing_Dancing_4_41
28
599 111 52 72 0.9929512 
548 106 46 78 0.99211144 
131 375 15 20 0.99087465 
21 401 21 27 0.98012733 
57 364 15 19 0.96361727 
197 393 15 19 0.9322938 
229 369 14 18 0.9310588 
95 399 22 28 0.9239789 
149 395 21 27 0.91037947 
38 378 18 27 0.88213706 
102 352 15 19 0.77539104 
257 388 14 18 0.75840145 
176 370 15 19 0.7573129 
212 444 14 17 0.11283826 
477 129 29 49 0.10794687 
309 324 10 12 0.074130766 
582 105 43 77 0.06695321 
82 360 15 17 0.053723633 
199 380 14 17 0.049476776 
382 272 31 46 0.04629605 
142 342 12 16 0.045897022 
312 362 11 14 0.024397587 
764 2 15 17 0.024090936 
212 135 11 15 0.023096567 
149 316 11 14 0.02190129 
198 376 11 14 0.021402968 
3 373 15 17 0.0210905 
383 351 30 39 0.020668928 
