4_Dancing_Dancing_4_156
27
906 27 58 64 0.9969137 
666 7 44 62 0.954724 
154 15 42 53 0.9506748 
525 54 68 100 0.8870197 
463 132 46 66 0.8072961 
79 11 44 62 0.5537075 
602 2 76 64 0.305173 
307 3 16 20 0.21878378 
882 0 38 34 0.16031386 
227 12 37 42 0.1450824 
99 1 31 46 0.117665865 
284 18 16 22 0.09569961 
761 3 26 28 0.09264864 
484 119 48 79 0.087562166 
493 83 59 91 0.055128183 
555 3 101 93 0.050202217 
521 239 27 34 0.0493577 
749 4 48 57 0.046427667 
300 11 51 73 0.025428241 
544 28 64 91 0.025260067 
296 25 27 44 0.024660747 
201 40 49 60 0.023669481 
303 6 29 43 0.023075113 
278 21 27 34 0.022246948 
633 0 48 44 0.022222055 
195 47 33 46 0.021210538 
467 132 98 142 0.020313147 
