4_Dancing_Dancing_4_422
18
392 391 79 115 0.9506462 
582 86 75 117 0.9395195 
510 99 74 96 0.8712338 
311 389 83 117 0.85577065 
345 380 83 129 0.49412146 
545 81 73 124 0.2703924 
245 400 142 132 0.13116114 
200 393 160 216 0.08898351 
564 62 162 198 0.08652761 
602 561 14 19 0.06618362 
671 420 30 26 0.047789678 
685 411 29 30 0.042804353 
546 189 48 50 0.03254015 
678 384 54 52 0.029426178 
620 563 12 15 0.026131824 
695 403 26 32 0.025757808 
637 549 14 21 0.025239632 
820 516 141 196 0.020887222 
