4_Dancing_Dancing_4_489
64
346 82 35 44 0.99922335 
173 238 52 65 0.99913186 
806 21 35 43 0.9990121 
275 240 45 59 0.9987116 
296 67 39 49 0.99867874 
780 238 44 57 0.998572 
759 42 31 39 0.9983423 
887 101 37 44 0.99829227 
602 212 47 59 0.9981369 
908 45 37 43 0.9980445 
186 77 42 56 0.9979329 
530 60 40 52 0.99740356 
421 59 40 51 0.99722135 
395 239 45 54 0.9970503 
668 99 43 57 0.9965783 
483 105 41 50 0.9962406 
829 109 41 49 0.9962352 
252 132 44 53 0.99610835 
750 108 41 48 0.9960496 
400 125 42 52 0.99590683 
616 78 39 48 0.99559623 
127 116 42 52 0.995063 
914 136 40 50 0.99433655 
706 282 41 54 0.9938169 
541 232 41 52 0.9926058 
687 30 42 47 0.9914625 
900 0 17 23 0.98991233 
62 35 15 19 0.98745 
937 10 20 24 0.98672396 
51 21 13 17 0.9817323 
108 24 16 20 0.9793785 
873 25 17 20 0.97929734 
981 19 17 21 0.9789165 
164 22 15 19 0.97305703 
23 18 16 21 0.96960884 
852 4 13 17 0.9590625 
151 11 13 16 0.9420021 
82 26 16 18 0.748107 
92 38 12 15 0.6341909 
92 0 14 11 0.46948054 
141 0 14 11 0.4638296 
1 0 14 12 0.4112849 
68 56 10 12 0.28504002 
68 0 13 12 0.17101954 
26 50 19 23 0.14707774 
159 18 13 18 0.10492191 
35 51 16 20 0.090780966 
45 2 15 15 0.082844615 
39 0 12 10 0.07149192 
20 0 13 11 0.059502907 
99 0 14 11 0.053975094 
6 21 12 17 0.04858226 
60 20 14 17 0.046784434 
66 20 13 16 0.033278726 
89 29 15 20 0.033110864 
34 18 14 18 0.031782113 
166 30 14 19 0.03089034 
73 0 15 12 0.029384565 
783 38 19 29 0.028037807 
15 2 15 16 0.026312977 
319 68 37 50 0.0254517 
56 34 14 17 0.024369426 
15 19 12 17 0.023011854 
95 47 21 25 0.022467107 
