4_Dancing_Dancing_4_878
19
457 183 111 154 0.99978596 
754 424 27 40 0.19661862 
241 202 57 67 0.13106436 
773 1063 35 46 0.110843755 
269 204 72 72 0.068702266 
773 494 45 52 0.06246771 
703 1055 44 71 0.0466222 
699 1030 86 111 0.04396286 
741 999 31 42 0.04328206 
215 169 94 103 0.033705596 
751 1049 47 57 0.032049395 
721 1050 45 66 0.031822916 
808 491 53 63 0.029334592 
736 998 48 76 0.027582098 
1 505 43 70 0.02466532 
738 1023 77 96 0.023330998 
219 224 128 173 0.022059118 
818 58 30 40 0.020491866 
147 718 179 194 0.020273032 
