4_Dancing_Dancing_4_319
47
731 50 34 45 0.9990163 
688 60 27 36 0.9987613 
147 62 32 39 0.9986279 
553 34 33 41 0.9985372 
593 1 35 38 0.9984463 
343 46 31 37 0.99819595 
410 75 29 36 0.9979462 
0 15 25 35 0.9978496 
213 157 38 43 0.9977938 
485 60 34 38 0.99761057 
954 27 29 36 0.9965879 
655 50 29 38 0.9952924 
444 141 27 33 0.9948932 
198 90 26 33 0.9945692 
963 79 39 45 0.9939621 
613 138 57 55 0.9935167 
448 54 29 33 0.99093914 
329 246 31 36 0.9904236 
320 9 24 30 0.98818344 
211 26 23 25 0.98129547 
86 72 46 49 0.97991794 
427 47 24 35 0.97871304 
194 56 26 31 0.9701441 
273 41 23 32 0.96421856 
304 44 31 34 0.92251736 
709 34 29 40 0.87446016 
472 95 23 28 0.6650025 
231 89 22 30 0.5220825 
43 1 20 25 0.45052448 
28 75 26 30 0.37406155 
250 90 24 27 0.24024798 
421 68 24 33 0.19003513 
235 85 15 18 0.09396448 
407 260 30 32 0.06634858 
193 77 25 31 0.066204846 
743 509 67 54 0.058905415 
246 93 16 23 0.04400888 
31 2 24 30 0.038769796 
443 55 20 24 0.03639445 
233 123 22 32 0.035325043 
377 242 26 34 0.03088324 
227 59 16 18 0.02597026 
822 0 21 13 0.023974922 
232 57 22 26 0.023421247 
359 246 27 33 0.022391837 
54 2 21 23 0.021695789 
189 60 19 25 0.020337502 
