7_Cheering_Cheering_7_542
19
565 133 225 329 0.99991226 
249 294 218 305 0.9997867 
145 353 41 67 0.8765391 
174 354 43 68 0.19453663 
2 340 33 40 0.14912523 
2 360 34 41 0.08147912 
874 293 14 17 0.07386242 
493 588 87 105 0.06771492 
83 69 12 15 0.04818243 
165 407 27 33 0.040809993 
81 322 32 39 0.0382918 
918 288 30 36 0.034983687 
54 351 26 30 0.034792595 
904 289 24 30 0.030838648 
0 288 25 43 0.030805916 
189 349 37 51 0.02810019 
954 288 14 18 0.028038874 
893 252 41 56 0.021585574 
968 126 48 60 0.020328227 
