7_Cheering_Cheering_7_558
70
440 682 161 186 0.99825853 
655 535 164 195 0.99825567 
45 810 17 19 0.14230925 
924 111 64 98 0.12582019 
0 882 31 36 0.124594145 
645 256 18 26 0.08679906 
19 592 24 28 0.08550168 
604 269 22 29 0.061101485 
511 139 13 15 0.06005902 
928 25 29 29 0.05535709 
274 738 18 17 0.053004604 
1 -1 39 31 0.047452897 
950 60 29 30 0.047049724 
482 147 16 18 0.04602716 
583 302 26 26 0.042533465 
9 583 26 32 0.04064352 
911 63 10 14 0.040597495 
56 841 25 29 0.0405653 
737 -1 25 23 0.039303556 
735 35 20 20 0.03840937 
44 815 30 33 0.03541269 
894 137 22 28 0.035292517 
471 132 13 16 0.03454079 
2 653 40 65 0.03444199 
680 33 22 26 0.034162354 
819 152 18 22 0.03392035 
831 411 43 54 0.03390822 
472 172 14 16 0.033496913 
853 467 42 44 0.03270018 
54 853 31 34 0.031936586 
810 34 27 32 0.031363353 
277 746 28 32 0.029575452 
580 304 16 18 0.029229218 
0 888 41 56 0.02838266 
0 847 21 28 0.02836554 
0 862 27 42 0.028193217 
1003 50 21 30 0.027607854 
44 861 34 39 0.027300151 
49 827 29 33 0.027087487 
676 254 17 20 0.027077254 
797 74 16 20 0.02652544 
13 714 30 36 0.026248926 
795 20 16 18 0.025555545 
50 779 14 19 0.025321566 
939 26 35 30 0.025265891 
460 178 34 34 0.024546094 
796 67 25 32 0.024278244 
100 726 14 17 0.024018738 
1004 954 16 21 0.023388764 
721 282 18 20 0.023323199 
786 79 15 20 0.023257172 
501 164 13 15 0.023113817 
878 50 17 17 0.02305569 
765 49 13 16 0.022908926 
666 280 19 22 0.022907984 
572 227 16 19 0.02270868 
18 818 17 23 0.021952815 
44 823 16 18 0.021793501 
896 90 12 14 0.021769289 
961 1223 54 74 0.02171346 
954 28 39 35 0.021497311 
59 571 14 15 0.02143798 
4 800 26 35 0.021421932 
154 727 15 20 0.02140244 
59 810 14 18 0.021348435 
166 715 13 17 0.021344261 
597 297 28 27 0.021177903 
793 44 13 15 0.02105137 
734 113 13 15 0.020919517 
524 236 14 17 0.020124586 
