7_Cheering_Cheering_7_426
77
308 1005 70 88 0.9980433 
854 1180 39 51 0.9922546 
503 1003 43 68 0.26210085 
288 1315 47 61 0.2557517 
653 169 12 14 0.18862215 
603 869 65 43 0.17240834 
914 145 13 17 0.14456542 
528 995 158 203 0.1280379 
886 1103 10 13 0.11407196 
421 462 9 9 0.111217685 
619 94 11 15 0.10933989 
632 153 10 12 0.107003756 
722 100 8 12 0.10333563 
781 103 9 11 0.09287907 
914 1194 17 26 0.091186665 
381 500 13 14 0.07650163 
12 1009 14 19 0.06655617 
758 117 8 10 0.060475614 
884 142 11 14 0.05689126 
737 1215 22 29 0.056674242 
723 1315 27 33 0.05363535 
630 134 9 11 0.051383756 
486 438 11 13 0.05071697 
709 176 10 12 0.049393557 
416 522 12 16 0.046227213 
415 502 12 15 0.043476515 
760 113 7 9 0.0434575 
892 149 10 13 0.042314306 
754 118 8 10 0.04197396 
485 443 15 21 0.041350115 
888 146 10 14 0.040838134 
854 110 15 20 0.04064502 
691 1242 47 54 0.039924763 
779 124 12 15 0.03852811 
36 1022 11 13 0.037049383 
393 429 9 12 0.03514614 
47 1044 11 12 0.034858152 
718 110 8 11 0.033374652 
6 989 10 15 0.032315094 
517 1022 42 52 0.032170955 
638 112 9 12 0.031437963 
369 1347 30 47 0.031280402 
604 653 48 92 0.030571561 
775 128 12 16 0.030086922 
760 211 9 13 0.02977414 
324 545 9 11 0.0286081 
655 119 9 12 0.028113104 
816 134 10 12 0.027836278 
782 119 10 13 0.027821587 
420 473 13 16 0.026830414 
512 1039 57 61 0.026392527 
445 117 11 13 0.026225086 
9 1044 11 14 0.026013331 
322 548 8 10 0.025749803 
714 112 8 11 0.02545457 
790 1032 9 11 0.025178047 
778 107 9 12 0.02433036 
385 445 9 11 0.024142917 
820 148 11 14 0.023567561 
779 295 17 21 0.023449825 
823 139 11 15 0.022648254 
774 1135 25 35 0.022438012 
790 124 9 11 0.022393247 
59 1093 45 49 0.022247506 
654 150 9 11 0.021609474 
493 490 16 18 0.02155503 
724 96 9 11 0.021425862 
733 157 11 12 0.021409431 
793 134 10 13 0.021309536 
354 1012 62 75 0.02124305 
776 118 11 15 0.020829508 
370 540 14 17 0.020780325 
862 356 13 18 0.020752778 
448 454 9 10 0.020232515 
623 126 8 11 0.020216031 
816 1067 23 28 0.020158295 
7 983 10 14 0.02012212 
