7_Cheering_Cheering_7_413
41
428 362 29 38 0.9993087 
928 381 57 68 0.9992791 
842 378 37 42 0.9982697 
543 349 30 38 0.9981883 
617 370 38 48 0.99815077 
485 430 59 84 0.998018 
734 361 31 38 0.9974037 
271 341 27 36 0.99710923 
341 410 47 65 0.995443 
729 454 85 102 0.9943639 
749 384 45 57 0.9931444 
168 336 21 28 0.9889135 
47 385 32 37 0.98874414 
383 339 15 20 0.97960585 
68 330 21 26 0.97919434 
38 334 21 26 0.9754215 
157 383 33 52 0.9709929 
321 348 20 25 0.9687828 
494 392 30 36 0.9653931 
249 332 14 20 0.94973755 
202 332 12 17 0.9494003 
351 283 13 17 0.934259 
12 346 18 20 0.88981074 
1000 373 22 41 0.8435713 
342 333 17 22 0.79390603 
3 339 14 18 0.3261303 
316 339 15 20 0.16706823 
1 334 11 17 0.093574494 
647 197 10 11 0.065027356 
228 434 30 28 0.04431212 
20 334 13 16 0.037389547 
296 338 16 20 0.036012363 
420 346 14 19 0.034455508 
428 342 11 13 0.033935476 
679 393 26 35 0.029744184 
25 339 21 28 0.029196478 
708 437 13 19 0.02859468 
186 412 31 35 0.027337141 
1 458 18 22 0.027270216 
13 334 12 16 0.024499297 
406 343 9 13 0.02191028 
