7_Cheering_Cheering_7_171
645
293 270 16 21 0.99206513 
885 226 12 15 0.9920461 
436 283 16 20 0.9917463 
222 61 13 17 0.9917434 
581 251 12 16 0.99057955 
535 244 13 18 0.99049157 
628 227 13 17 0.99008757 
620 295 13 19 0.989861 
419 149 13 17 0.98919964 
611 237 13 17 0.988831 
390 252 13 18 0.9877984 
926 236 12 15 0.9870157 
462 227 15 20 0.98656046 
53 18 13 17 0.98655534 
773 164 12 16 0.98604417 
425 310 17 24 0.9852492 
525 67 12 15 0.98361963 
975 299 13 17 0.9833143 
348 238 15 20 0.9832819 
639 299 14 18 0.98232 
340 317 15 21 0.982141 
97 160 16 20 0.9799978 
602 220 13 17 0.97980005 
262 184 14 19 0.97959703 
21 80 14 18 0.97899115 
475 206 13 17 0.9781647 
555 294 15 19 0.9775313 
550 264 14 17 0.97720146 
461 102 10 14 0.9769513 
523 208 14 17 0.9769478 
350 271 15 19 0.97693706 
270 68 11 15 0.97688705 
603 263 14 17 0.9746591 
149 116 16 18 0.9732003 
500 238 13 16 0.9728799 
485 100 12 15 0.9728061 
131 143 14 19 0.9726518 
512 260 13 18 0.9724525 
156 205 16 23 0.97188413 
570 134 12 15 0.97126794 
321 241 14 22 0.97122765 
797 196 14 18 0.9707909 
990 308 14 16 0.97027874 
492 68 12 16 0.9700024 
133 172 15 18 0.9685601 
451 212 15 18 0.96810305 
722 306 15 21 0.9674193 
753 210 14 17 0.96709263 
877 170 12 15 0.9670223 
201 35 12 16 0.9666927 
812 163 12 15 0.96621007 
752 259 13 17 0.96603316 
119 5 12 18 0.96572566 
291 75 13 17 0.965211 
424 64 13 17 0.96518666 
690 250 13 17 0.9646779 
699 233 13 16 0.96454054 
87 91 15 19 0.9635379 
623 68 11 13 0.96343285 
303 218 16 19 0.9626175 
59 61 15 18 0.96224934 
461 130 13 17 0.9619622 
536 189 12 16 0.96140695 
517 107 10 13 0.9612836 
636 206 12 14 0.9611409 
715 234 12 15 0.95928085 
364 12 12 15 0.958695 
943 274 13 17 0.9584755 
511 130 11 15 0.95823735 
275 89 12 16 0.95780635 
472 27 10 13 0.95676756 
499 160 14 17 0.9553814 
635 331 15 18 0.9548003 
651 247 14 18 0.9547915 
400 108 13 16 0.95411307 
553 218 14 18 0.9530785 
651 164 12 15 0.9529557 
385 122 14 18 0.9515022 
572 46 10 13 0.9509797 
24 389 19 23 0.9486187 
490 125 13 17 0.9464211 
861 226 11 14 0.94627374 
57 84 13 18 0.94459677 
472 181 14 18 0.9434386 
907 251 11 15 0.94264996 
5 12 13 16 0.9423242 
997 244 11 14 0.94045043 
296 17 11 16 0.93933016 
547 102 11 15 0.9382747 
442 144 13 17 0.9377667 
359 53 12 17 0.93662226 
478 47 11 14 0.9357723 
586 295 15 20 0.9273609 
928 261 13 17 0.9257965 
290 40 13 18 0.9250286 
1010 266 11 17 0.92421275 
784 142 12 14 0.9207909 
736 86 10 13 0.9203837 
963 261 11 14 0.9203753 
304 0 12 14 0.9203742 
312 91 13 17 0.9188472 
106 68 12 16 0.9187177 
327 82 11 15 0.91767275 
636 108 11 13 0.91530365 
176 10 12 16 0.9151982 
329 3 12 15 0.9148819 
496 214 14 17 0.9065564 
901 325 12 16 0.90532887 
249 26 13 16 0.90106773 
542 171 10 13 0.897495 
384 407 19 23 0.89710313 
221 8 13 18 0.8957627 
330 54 14 18 0.89534897 
401 156 12 16 0.8950013 
239 42 15 18 0.89422077 
936 217 12 14 0.891305 
383 29 13 16 0.8888204 
811 183 11 14 0.8887531 
72 417 21 27 0.8851862 
554 245 15 19 0.8847037 
955 327 13 18 0.884321 
658 213 11 15 0.8776458 
385 66 13 17 0.8769257 
851 376 14 17 0.8768332 
424 111 13 15 0.8755233 
157 95 15 18 0.8749128 
960 279 11 14 0.87457556 
160 30 14 18 0.87270856 
33 161 13 19 0.87040734 
728 194 11 14 0.8687744 
978 266 11 15 0.8675369 
104 117 13 17 0.8663736 
386 332 14 18 0.8648324 
188 0 12 14 0.8580743 
854 211 12 15 0.8552504 
513 32 12 16 0.8538539 
552 126 12 18 0.85095215 
709 254 13 16 0.84692687 
661 89 12 14 0.84256864 
597 138 11 14 0.83843577 
444 77 12 16 0.83732057 
479 81 11 14 0.8365166 
156 149 13 16 0.83626914 
791 168 12 16 0.83302337 
742 120 10 12 0.8314644 
880 294 13 18 0.8289883 
419 18 11 15 0.8287547 
747 238 11 15 0.8253904 
614 185 13 18 0.818457 
995 264 11 16 0.81823975 
954 242 12 15 0.81614614 
728 158 10 13 0.8135711 
697 195 11 13 0.8112552 
645 94 10 12 0.80661523 
691 94 10 13 0.8052638 
873 195 10 12 0.8043411 
445 59 11 14 0.79169875 
0 82 10 18 0.7893799 
449 29 10 14 0.7891041 
755 317 11 16 0.78706926 
453 47 10 13 0.7857655 
239 78 13 16 0.7785537 
470 66 11 14 0.77439207 
854 291 11 15 0.7688942 
342 218 15 18 0.7460235 
757 163 9 11 0.73366475 
617 155 11 15 0.72635585 
588 70 11 13 0.7235591 
603 86 11 14 0.72321045 
650 76 9 12 0.71909857 
584 162 13 15 0.71615374 
668 191 10 13 0.7114671 
801 147 10 14 0.70953786 
560 59 10 13 0.7004938 
594 181 12 15 0.6844374 
760 104 10 12 0.661545 
784 190 11 14 0.6614226 
270 306 15 22 0.6575035 
761 119 10 14 0.64874375 
494 34 9 13 0.6477677 
721 109 11 13 0.6411456 
1013 322 10 18 0.63796604 
140 0 10 11 0.6358534 
744 138 10 12 0.633031 
669 60 9 11 0.6328335 
893 367 15 17 0.63279694 
665 141 11 15 0.6312003 
681 81 12 15 0.6268573 
752 175 11 14 0.62631524 
123 417 15 18 0.61782116 
363 31 12 16 0.61679536 
156 8 12 16 0.60082597 
728 286 13 15 0.60041416 
932 330 12 15 0.58811563 
405 206 13 16 0.5819566 
414 189 11 15 0.57943547 
619 87 11 15 0.5776502 
597 47 9 11 0.574717 
506 186 13 16 0.57130545 
700 117 9 12 0.5657921 
696 135 11 14 0.5442194 
699 277 12 16 0.5411031 
431 95 13 15 0.5407798 
252 262 12 16 0.5165141 
347 99 12 16 0.5078541 
420 39 11 14 0.49389333 
283 381 14 19 0.48067126 
808 133 9 11 0.47724116 
418 98 14 16 0.47271937 
438 181 11 15 0.45911527 
901 219 11 14 0.45386976 
63 141 14 16 0.4461848 
984 373 15 18 0.4436726 
632 182 13 15 0.42555523 
750 282 12 15 0.4197148 
974 245 10 12 0.4118184 
878 215 11 13 0.38427025 
126 221 15 21 0.3777319 
388 314 16 19 0.37709987 
852 173 11 13 0.37556556 
646 52 8 11 0.3677253 
783 126 9 11 0.36561158 
79 146 11 15 0.35485512 
992 286 12 16 0.35388914 
574 115 12 14 0.3412935 
908 237 12 14 0.3323716 
737 165 9 12 0.33200428 
581 213 10 14 0.32629415 
581 113 11 15 0.32264748 
720 102 10 12 0.30981663 
783 314 13 17 0.3049851 
478 284 13 17 0.28837237 
820 149 10 13 0.28782773 
106 94 12 15 0.28562608 
723 214 11 14 0.28272226 
572 101 10 12 0.278905 
244 62 11 15 0.27879485 
170 417 16 20 0.276115 
175 43 13 14 0.26041862 
222 0 13 12 0.25207582 
391 22 12 15 0.24996358 
774 285 11 15 0.24405985 
845 435 15 23 0.23396628 
661 296 13 21 0.23264776 
379 199 12 14 0.22097898 
419 189 12 16 0.22057804 
720 138 9 12 0.21781085 
911 382 14 17 0.21231548 
688 179 11 13 0.20763901 
771 328 10 13 0.20183988 
839 364 13 18 0.19652016 
661 239 12 15 0.19546358 
127 55 11 15 0.1932205 
596 116 11 14 0.18416771 
335 283 15 20 0.1829512 
885 249 12 15 0.18051739 
528 44 11 14 0.17206076 
642 53 8 10 0.16606486 
985 254 10 11 0.16222332 
497 292 17 22 0.16200367 
8 139 11 16 0.15939927 
344 95 12 15 0.1590274 
779 241 13 16 0.15879035 
868 424 15 16 0.1586921 
341 131 12 16 0.1580978 
635 133 10 14 0.15446222 
788 216 13 16 0.15285769 
219 35 12 16 0.14853172 
629 47 8 11 0.14366071 
951 366 10 12 0.14328654 
896 215 12 14 0.14241132 
332 28 11 14 0.14007923 
676 116 9 13 0.13964298 
693 179 11 13 0.13782527 
776 261 12 15 0.12520137 
848 322 12 17 0.124291226 
267 34 11 15 0.12391067 
754 372 17 20 0.12224514 
319 35 12 16 0.12112326 
366 435 15 19 0.119736575 
862 197 9 12 0.11816376 
868 225 11 16 0.11556638 
607 1 10 12 0.11228587 
689 69 8 11 0.11218628 
726 141 8 10 0.11121849 
873 221 10 15 0.110767044 
652 131 9 12 0.11030387 
999 355 14 15 0.10992872 
446 22 10 13 0.10870083 
267 222 11 14 0.107849635 
179 39 11 13 0.106645316 
973 251 11 13 0.10658111 
390 16 11 14 0.10572834 
569 116 11 14 0.10570268 
466 122 12 15 0.103894055 
853 166 10 13 0.103727475 
91 426 14 20 0.10271044 
966 256 11 13 0.1010652 
81 423 18 22 0.09919382 
414 59 10 14 0.09763715 
632 53 9 10 0.09678655 
245 33 13 18 0.09597705 
431 180 11 14 0.094768204 
705 101 10 14 0.09445479 
68 143 14 17 0.09023057 
429 45 9 13 0.08936787 
982 222 9 13 0.08920809 
252 0 10 9 0.08793952 
441 22 9 11 0.08608972 
411 206 13 16 0.08566445 
85 29 10 14 0.08505584 
268 250 11 14 0.08435237 
928 327 13 15 0.08241914 
671 181 10 12 0.08218698 
748 136 10 12 0.08217178 
790 133 10 12 0.08163732 
804 141 10 13 0.0800555 
896 236 10 13 0.07903839 
67 28 13 18 0.078643 
938 331 11 16 0.07853227 
154 102 16 20 0.07719711 
958 357 15 17 0.07716602 
678 61 8 11 0.07566436 
557 115 12 13 0.0755621 
679 180 9 13 0.07548687 
217 299 21 28 0.0746156 
535 100 10 14 0.07354148 
655 293 15 20 0.07294944 
820 408 14 18 0.07194385 
1 185 9 15 0.07035239 
677 29 8 10 0.06936692 
395 28 10 14 0.06936153 
336 131 11 16 0.069243364 
579 362 12 17 0.0688193 
110 157 12 17 0.06822584 
788 425 15 20 0.067133084 
673 25 9 10 0.066781804 
253 244 9 12 0.06665152 
720 124 9 11 0.06647331 
25 53 11 15 0.06630883 
28 59 11 14 0.06607949 
510 62 10 15 0.06581663 
292 251 18 22 0.06526497 
452 61 10 14 0.06504822 
788 127 10 12 0.06451023 
909 230 11 14 0.06445532 
704 56 9 10 0.064324304 
569 109 10 13 0.06403962 
603 139 10 14 0.06360829 
594 296 12 19 0.06354243 
719 97 10 12 0.06265756 
446 16 9 12 0.06258553 
679 111 9 12 0.061801884 
792 338 45 54 0.06097039 
821 371 10 14 0.060852 
947 299 12 15 0.05926725 
183 3 12 16 0.05865162 
727 152 11 13 0.05822071 
367 118 10 14 0.058212556 
960 266 11 13 0.057831112 
732 236 12 17 0.05727633 
893 246 10 14 0.057111178 
855 218 12 16 0.056867037 
720 116 10 13 0.0566662 
591 112 10 14 0.056041744 
240 70 13 16 0.05598693 
717 65 10 11 0.055981673 
563 248 13 19 0.055579856 
803 434 13 17 0.05544545 
563 396 13 15 0.055409487 
535 120 10 12 0.054667894 
151 94 14 17 0.054254808 
667 134 10 12 0.054092422 
503 4 9 11 0.05343974 
335 43 12 15 0.053408913 
856 150 9 11 0.051932056 
191 115 14 19 0.05163088 
700 122 11 14 0.05135197 
795 372 13 17 0.050875038 
646 87 10 11 0.050350767 
710 245 14 18 0.049753908 
860 167 10 14 0.048935037 
334 36 12 14 0.048926074 
27 322 21 31 0.04832676 
701 111 10 12 0.046889454 
941 238 10 14 0.04677379 
883 380 15 19 0.04660839 
702 176 10 12 0.046046555 
721 189 10 13 0.045881905 
431 52 10 12 0.044982564 
195 294 15 20 0.044800624 
386 320 18 24 0.04461304 
384 112 10 12 0.04437686 
781 291 12 14 0.044256154 
590 95 9 12 0.04373001 
131 327 12 15 0.04318715 
459 44 12 15 0.043138605 
348 125 12 16 0.042854175 
885 453 20 33 0.042776648 
951 228 11 13 0.042756964 
667 302 14 21 0.04268337 
420 284 12 18 0.042265758 
668 87 10 14 0.042106878 
371 158 12 15 0.042019613 
590 64 10 11 0.04190909 
799 397 14 19 0.0417948 
795 275 14 19 0.04147954 
907 221 10 14 0.041406862 
942 327 10 14 0.04121235 
822 356 13 15 0.040930554 
981 304 13 17 0.04084392 
960 217 9 11 0.04068303 
503 193 12 15 0.040310342 
616 4 9 11 0.04019285 
701 156 9 11 0.040188406 
750 309 12 17 0.040094495 
656 85 11 14 0.039883394 
891 376 16 19 0.03970764 
729 243 11 15 0.039524373 
742 173 10 15 0.039185304 
816 144 10 12 0.038975604 
736 171 11 14 0.038649656 
423 182 12 15 0.03840613 
981 246 10 12 0.037742715 
857 192 9 11 0.037633147 
527 261 11 16 0.03762018 
977 215 9 11 0.037512522 
115 155 11 16 0.037255146 
509 204 11 15 0.037075777 
544 124 10 15 0.03677325 
782 433 12 16 0.03663274 
278 374 15 18 0.036361273 
595 52 8 11 0.036268376 
725 113 9 14 0.036068752 
568 51 11 15 0.036000717 
760 97 10 12 0.035906255 
13 135 13 18 0.035894908 
205 3 11 14 0.035872582 
0 61 7 14 0.035359412 
12 18 10 15 0.035152122 
440 107 11 15 0.035021327 
494 108 10 12 0.034983158 
447 102 10 13 0.034820326 
178 139 13 14 0.034685515 
903 228 12 16 0.03461755 
664 182 10 13 0.034246415 
696 124 10 14 0.03393368 
1001 358 17 19 0.033781894 
784 307 14 18 0.033736292 
119 132 14 16 0.033712424 
655 52 9 12 0.033681277 
12 36 12 16 0.033656202 
830 364 14 18 0.03358206 
943 197 9 12 0.033395953 
712 198 10 12 0.03338374 
697 113 10 12 0.033044387 
601 69 8 12 0.033007804 
797 421 12 16 0.0329453 
537 4 9 11 0.032896515 
654 239 14 16 0.032891784 
160 399 9 13 0.03281639 
478 38 12 13 0.032763302 
1014 336 9 17 0.032498427 
931 402 13 17 0.03244632 
293 353 11 15 0.032427818 
679 71 9 11 0.032355703 
915 357 14 16 0.032318953 
20 70 15 19 0.032268483 
584 62 9 11 0.032263897 
846 159 9 10 0.032246284 
532 94 10 13 0.032196272 
465 62 12 14 0.032089863 
221 42 11 14 0.03205275 
514 186 13 17 0.03186474 
454 24 10 13 0.03174296 
795 427 20 27 0.03173247 
660 251 13 17 0.031686977 
527 92 10 13 0.031605646 
621 193 11 15 0.031591687 
620 4 10 11 0.0315443 
567 219 12 15 0.031476144 
960 222 9 10 0.03136327 
370 12 12 16 0.03132783 
320 77 13 15 0.031035777 
566 259 12 18 0.03101771 
530 211 13 16 0.03100157 
190 18 12 15 0.030645235 
502 203 12 15 0.030443436 
438 55 12 13 0.030372357 
403 150 13 17 0.030307788 
692 68 9 11 0.030293997 
966 222 8 10 0.030230409 
574 217 12 15 0.030227982 
800 134 9 12 0.030068424 
564 203 12 14 0.029960414 
158 0 10 11 0.029829731 
880 248 12 14 0.029569801 
809 159 11 14 0.029515238 
671 46 8 10 0.02950717 
825 136 8 10 0.029422082 
855 144 9 10 0.029386204 
85 22 12 15 0.029382987 
162 86 13 17 0.029311934 
878 205 11 12 0.029115431 
679 104 9 11 0.028933141 
444 67 13 16 0.028886339 
928 315 12 15 0.02886222 
779 251 14 17 0.028844114 
142 389 31 36 0.028483162 
697 157 9 12 0.028394222 
832 91 9 11 0.028285569 
318 84 13 15 0.028163027 
623 135 10 13 0.02809439 
544 206 11 14 0.027972883 
116 439 10 15 0.027824035 
527 30 11 13 0.027582597 
671 126 10 12 0.027491326 
151 0 11 10 0.027490811 
440 16 10 12 0.027363721 
427 39 10 14 0.027150687 
714 69 9 10 0.027067745 
184 281 20 29 0.02706504 
750 93 8 11 0.027039776 
194 119 16 20 0.026897755 
472 75 12 15 0.026874157 
630 137 12 13 0.02684697 
166 189 12 15 0.026836805 
160 388 10 12 0.026714837 
569 95 11 13 0.026702615 
563 402 14 16 0.026658172 
711 96 9 11 0.026554551 
501 109 9 12 0.026509171 
712 86 9 11 0.026419079 
407 62 9 13 0.026417503 
564 196 11 14 0.026350075 
114 401 16 20 0.026327409 
212 355 27 44 0.026221469 
832 128 8 9 0.026173558 
236 275 14 19 0.025968438 
853 433 21 25 0.025956325 
168 12 11 14 0.025867248 
195 0 13 13 0.025784649 
680 56 8 11 0.025555873 
190 65 15 19 0.02552488 
365 74 11 14 0.025484823 
792 417 20 27 0.025482241 
735 179 11 14 0.025294663 
458 204 14 18 0.025183253 
453 33 12 14 0.025146332 
232 44 13 16 0.02505453 
697 202 11 13 0.025040628 
687 231 10 14 0.024989631 
487 211 11 16 0.024977999 
260 283 15 16 0.02492551 
166 398 10 13 0.024888946 
590 100 10 12 0.024867395 
130 100 13 15 0.024856923 
121 58 12 15 0.02485583 
908 215 9 12 0.024839489 
945 204 9 12 0.024794193 
468 101 11 15 0.024757983 
141 397 13 17 0.024697505 
847 356 10 13 0.02468709 
802 200 14 18 0.02443184 
484 75 11 15 0.024330936 
430 140 12 15 0.024300914 
802 418 12 16 0.02429733 
776 315 12 15 0.024285099 
383 16 11 14 0.024159068 
952 359 13 15 0.02414838 
688 197 9 12 0.024072176 
899 379 14 17 0.024066584 
251 61 11 14 0.023988726 
416 8 10 11 0.023977688 
869 371 9 13 0.023834938 
437 45 11 12 0.023827238 
641 4 11 13 0.023798468 
599 63 8 11 0.023778679 
477 449 14 22 0.023758907 
88 6 11 14 0.02371941 
421 52 12 13 0.023683721 
799 153 10 14 0.023535725 
112 443 11 15 0.023484202 
136 260 39 32 0.023356916 
226 3 14 18 0.023353545 
885 444 15 20 0.023251832 
731 279 13 17 0.023217533 
599 0 10 11 0.023201756 
771 347 12 15 0.023189643 
1012 306 11 20 0.023183022 
353 212 15 18 0.023158396 
719 195 11 14 0.023096822 
617 181 14 18 0.022940094 
575 62 9 12 0.022906821 
803 404 25 32 0.022871392 
637 318 15 20 0.022765765 
709 182 10 13 0.022702128 
868 380 11 16 0.022585979 
356 101 10 14 0.022530336 
702 78 8 11 0.02250622 
936 242 10 14 0.022494717 
98 428 13 17 0.022481283 
866 414 16 19 0.022453329 
0 17 14 17 0.022379952 
91 407 17 22 0.022361299 
985 381 17 21 0.022325598 
79 83 12 15 0.022240277 
789 278 14 18 0.0220309 
117 444 35 52 0.022004819 
542 78 10 13 0.021988735 
743 306 13 16 0.021942252 
783 134 11 14 0.021836346 
544 132 11 14 0.021811103 
559 389 14 19 0.021774273 
462 85 11 14 0.021759305 
582 0 11 10 0.021755518 
736 260 10 14 0.021745 
798 413 12 17 0.021664755 
696 64 8 10 0.021604413 
294 63 13 15 0.021411924 
798 443 11 13 0.021405537 
647 197 12 14 0.021398464 
852 352 10 13 0.02138366 
109 389 25 30 0.02117285 
4 160 12 18 0.021160647 
703 60 9 10 0.021138374 
606 135 10 13 0.021026222 
28 63 13 18 0.020905102 
574 1 11 12 0.020881437 
414 284 13 19 0.020878874 
665 57 9 11 0.020768013 
346 208 17 18 0.020725429 
848 176 11 13 0.020640057 
715 136 9 12 0.020626688 
1013 301 9 14 0.020571722 
541 212 11 15 0.020481803 
803 392 21 26 0.020323241 
622 232 13 16 0.020300796 
861 205 11 14 0.020180516 
626 297 12 18 0.020115646 
255 284 13 15 0.02011225 
148 401 14 17 0.020082848 
171 189 16 21 0.020057179 
475 67 13 16 0.020048115 
252 254 11 15 0.020040188 
