7_Cheering_Cheering_7_118
105
876 294 110 144 0.9998202 
567 245 95 127 0.999524 
28 285 97 125 0.99944645 
780 220 96 135 0.9993918 
294 230 101 119 0.99920136 
415 237 97 117 0.99828833 
852 120 20 26 0.85498375 
13 226 32 36 0.80389047 
580 24 13 17 0.7583787 
764 160 19 24 0.75054944 
104 212 24 29 0.5681896 
790 140 19 27 0.5502463 
385 115 16 20 0.54500586 
958 30 21 27 0.52323985 
924 97 23 26 0.5015206 
907 51 16 19 0.47472218 
211 204 15 19 0.4700533 
280 376 37 46 0.4258886 
285 148 17 22 0.37181446 
186 209 17 26 0.36672673 
755 188 17 23 0.3616844 
985 138 17 22 0.35930467 
599 35 15 19 0.31713477 
585 202 32 37 0.30362606 
1001 215 18 23 0.3000789 
1010 110 13 21 0.27888843 
439 83 16 22 0.27397218 
29 230 28 36 0.24210915 
236 160 21 27 0.23676005 
410 92 22 29 0.20836364 
578 90 19 23 0.18412147 
883 162 16 23 0.17386952 
39 235 29 36 0.17055807 
425 159 21 28 0.16603751 
385 169 17 22 0.15766537 
652 23 10 13 0.1573275 
321 143 17 25 0.1529934 
161 190 23 28 0.12995127 
825 144 24 31 0.12526394 
878 200 24 27 0.12511116 
288 60 22 28 0.11098374 
538 30 16 20 0.10396935 
701 136 24 32 0.100890554 
891 166 17 23 0.09219842 
500 82 16 21 0.09058998 
519 17 15 20 0.087623104 
328 107 14 18 0.078822754 
1007 175 15 21 0.077410236 
181 147 14 19 0.07123506 
881 194 19 21 0.069843136 
225 341 28 38 0.069629125 
156 208 16 22 0.06887424 
313 45 23 29 0.06394403 
768 135 16 20 0.062013913 
820 184 17 20 0.060489293 
838 2 24 26 0.05787839 
952 203 20 30 0.056012046 
532 171 15 17 0.054265227 
107 207 18 21 0.053287566 
1005 85 15 19 0.04948558 
935 180 23 31 0.048416805 
685 15 16 22 0.047605455 
46 181 23 28 0.0446802 
387 41 18 23 0.04424739 
589 28 20 26 0.04023396 
267 325 31 36 0.03718045 
334 132 21 29 0.036314696 
304 49 23 30 0.03533527 
168 183 23 30 0.033761043 
938 125 17 23 0.033510882 
27 230 49 64 0.03327714 
522 196 41 51 0.033133954 
667 55 15 22 0.03233047 
154 312 24 34 0.031821784 
506 76 18 22 0.03164354 
649 28 11 14 0.029811302 
655 35 13 16 0.029711869 
376 106 22 26 0.028785693 
854 73 24 29 0.027576651 
948 31 24 30 0.026513377 
693 55 16 22 0.025836874 
546 27 14 19 0.025676074 
756 168 25 34 0.025391128 
937 42 17 22 0.025299525 
219 345 45 55 0.025073303 
218 30 27 35 0.024911014 
96 213 38 45 0.02448659 
779 34 16 19 0.024269855 
320 200 31 36 0.023721343 
875 187 20 22 0.023399707 
535 151 24 30 0.023047702 
382 252 52 82 0.022477768 
496 88 23 30 0.022300465 
532 111 18 24 0.02211732 
553 119 22 31 0.02146711 
123 286 55 80 0.021225024 
333 169 16 19 0.02103707 
979 164 25 29 0.020689813 
330 143 14 21 0.020661663 
338 125 16 21 0.020462178 
660 27 13 14 0.020413205 
931 130 16 25 0.020381555 
327 15 17 21 0.020249685 
659 38 14 18 0.020108258 
901 45 17 23 0.020053808 
