7_Cheering_Cheering_7_57
41
30 161 39 49 0.9976745 
432 338 44 53 0.9967619 
794 283 53 59 0.99552107 
0 308 47 50 0.9912149 
668 316 34 38 0.9902491 
746 336 43 53 0.9880833 
554 341 44 54 0.98390204 
331 305 42 54 0.983116 
133 303 41 45 0.96632504 
601 177 23 30 0.9620121 
107 323 32 43 0.74600023 
738 148 36 39 0.29932678 
1001 336 23 65 0.20796983 
540 707 21 30 0.12319088 
558 238 43 46 0.088680446 
877 111 45 53 0.08682851 
583 245 11 16 0.08550954 
246 355 47 57 0.06933709 
678 259 21 30 0.06298685 
382 220 42 47 0.06115581 
515 253 11 13 0.05980279 
117 317 41 45 0.057547174 
979 225 36 47 0.05688431 
910 109 8 10 0.04891154 
569 255 28 33 0.045346633 
973 208 44 45 0.043145943 
352 201 24 24 0.04281337 
248 309 31 41 0.039712384 
688 201 12 17 0.02986523 
313 339 25 30 0.029008714 
610 241 23 30 0.028960362 
680 245 36 48 0.028070442 
499 705 15 20 0.027079986 
492 330 41 59 0.026223281 
320 331 30 35 0.026069883 
655 304 23 33 0.023570288 
929 218 28 41 0.023532242 
575 239 11 14 0.023309646 
260 336 54 61 0.022074576 
693 206 20 26 0.021118645 
692 218 24 34 0.020165961 
