7_Cheering_Cheering_7_134
53
234 228 100 146 0.9997274 
464 245 91 117 0.99899834 
715 252 89 114 0.9961055 
159 76 81 111 0.99378926 
0 41 72 136 0.98606944 
467 140 82 93 0.9576783 
414 123 46 58 0.09279583 
987 499 13 16 0.06826185 
972 389 12 16 0.06479022 
1014 421 9 13 0.057408817 
1013 532 10 18 0.051081777 
998 379 11 15 0.05082687 
988 530 14 18 0.049088884 
996 342 11 14 0.048737068 
1005 494 11 14 0.04566551 
930 469 14 15 0.042033702 
959 450 12 15 0.041193794 
989 412 14 16 0.040518176 
906 461 13 16 0.040444657 
1006 540 14 18 0.039855637 
952 429 11 14 0.039567523 
1000 492 11 15 0.039338194 
914 492 18 19 0.038906775 
1002 548 15 17 0.036753718 
1013 390 10 15 0.03321034 
887 466 13 17 0.032171067 
997 542 15 18 0.03148139 
878 438 9 12 0.030385684 
1009 453 10 13 0.030266497 
999 499 12 15 0.029438637 
872 438 10 13 0.029064164 
973 345 11 13 0.028416207 
1014 383 9 14 0.02641312 
963 447 13 15 0.026180055 
998 513 15 18 0.02479155 
993 532 15 18 0.024557296 
888 419 13 15 0.023538982 
991 485 13 16 0.023001844 
543 279 46 70 0.022836013 
992 477 10 13 0.022659784 
939 382 15 16 0.022440761 
998 522 15 18 0.022425713 
1012 548 10 15 0.022419525 
998 485 11 14 0.02173402 
936 426 11 15 0.021658996 
892 414 13 14 0.021482842 
287 136 56 66 0.021353776 
947 496 17 20 0.021214312 
1013 363 9 14 0.020970084 
1007 448 11 13 0.02096462 
838 443 11 14 0.0208453 
984 558 12 14 0.020398544 
949 328 17 18 0.020270955 
