7_Cheering_Cheering_7_386
174
763 290 33 43 0.99384236 
766 435 32 41 0.9916121 
212 546 44 55 0.9680056 
285 400 18 22 0.93766195 
57 513 48 64 0.8785779 
254 465 30 44 0.7763951 
388 401 16 19 0.72568583 
797 501 49 81 0.64654446 
409 404 15 20 0.63271344 
221 427 16 21 0.6166369 
306 408 15 18 0.6000346 
302 433 25 25 0.58147335 
462 437 21 28 0.46657997 
326 395 16 18 0.44820675 
355 429 17 23 0.39178607 
661 443 27 33 0.3637702 
434 425 15 20 0.2766201 
244 376 15 19 0.24899289 
789 486 33 56 0.24502511 
336 454 19 23 0.23287654 
417 441 17 20 0.23027502 
208 374 24 30 0.21350081 
92 337 82 123 0.18238616 
416 454 27 34 0.17767328 
542 358 24 30 0.17036702 
252 372 13 19 0.14321916 
544 391 12 15 0.14108151 
870 345 26 28 0.13563386 
258 428 17 23 0.13474642 
56 384 43 61 0.13315077 
565 422 15 19 0.13155104 
364 407 18 20 0.12145677 
582 367 15 20 0.11877368 
552 463 45 58 0.10597124 
877 572 48 47 0.09974935 
556 366 17 23 0.097307205 
522 430 28 35 0.095925964 
508 500 28 36 0.09395168 
261 375 15 19 0.08132019 
394 534 51 78 0.08103262 
401 463 29 27 0.07729651 
316 403 14 21 0.072715074 
972 480 53 78 0.07208286 
363 383 16 20 0.07089415 
371 403 16 21 0.070002325 
371 468 22 27 0.06877538 
361 458 20 21 0.06867666 
216 453 31 34 0.06785588 
534 495 137 169 0.06629151 
395 378 14 18 0.057328805 
875 373 25 29 0.056127373 
474 388 13 18 0.055586185 
361 431 23 26 0.054556154 
77 372 52 86 0.052333802 
192 429 21 30 0.052180056 
244 401 17 21 0.049742807 
323 406 15 21 0.048779406 
969 340 26 32 0.048723504 
369 379 16 20 0.048041012 
555 409 22 30 0.047966506 
964 328 23 33 0.047427315 
534 351 24 33 0.047286347 
405 533 35 42 0.047206625 
872 356 28 33 0.04612743 
683 368 15 21 0.045692842 
302 386 16 17 0.045083147 
537 352 42 49 0.045068797 
542 398 23 33 0.04425349 
870 378 38 47 0.043443132 
676 398 16 22 0.04140211 
535 429 25 34 0.041385863 
444 391 14 18 0.040163208 
413 385 14 16 0.039855458 
666 410 17 21 0.039737344 
382 405 17 19 0.039361626 
78 530 33 51 0.039243944 
405 381 14 17 0.0387006 
984 410 33 70 0.03864832 
513 424 27 35 0.038293887 
988 346 28 28 0.038182337 
567 364 22 27 0.03797559 
297 491 39 55 0.037777293 
327 461 24 31 0.036918826 
319 397 13 18 0.03671448 
138 374 61 79 0.036551084 
52 384 15 20 0.035371043 
485 377 13 18 0.035239786 
953 328 22 29 0.03513923 
534 349 15 21 0.035097435 
533 410 15 20 0.034983248 
572 470 37 47 0.034824762 
475 403 16 20 0.03410569 
973 340 38 52 0.034070883 
293 434 19 22 0.033910427 
185 395 17 21 0.033123404 
425 450 17 22 0.032683752 
960 390 42 72 0.032633293 
542 387 23 27 0.032215763 
510 363 15 18 0.03189772 
594 425 17 20 0.03104455 
364 354 16 19 0.031009419 
232 428 18 22 0.030736575 
824 421 22 27 0.030053854 
177 433 28 35 0.030031854 
503 365 24 32 0.029976537 
370 437 17 20 0.029817257 
608 428 24 28 0.029734254 
586 337 18 22 0.029241817 
601 423 22 27 0.029026417 
358 380 16 19 0.028782306 
668 440 17 20 0.028774789 
51 532 36 47 0.028588187 
480 379 14 19 0.028461222 
4 475 28 32 0.028285751 
573 392 15 18 0.027951859 
52 389 27 37 0.027570335 
481 401 20 26 0.027462896 
629 339 12 16 0.027345443 
408 399 13 17 0.027138822 
219 375 23 28 0.027078684 
366 373 15 19 0.02678361 
379 343 19 21 0.026729647 
382 555 44 68 0.026728576 
98 317 48 80 0.026598651 
886 399 27 30 0.026218796 
230 379 14 19 0.025923021 
524 424 16 20 0.025801437 
942 330 23 27 0.025767334 
10 483 52 59 0.02568914 
534 406 23 32 0.02563562 
368 392 21 26 0.025547706 
580 393 16 19 0.02550328 
40 498 55 64 0.025247654 
937 441 85 126 0.025210265 
493 361 14 15 0.02501061 
546 365 45 48 0.024675457 
574 371 25 32 0.024658266 
411 457 20 25 0.024446769 
357 394 16 17 0.024331475 
277 378 15 18 0.024327287 
345 367 18 22 0.023912003 
531 452 80 97 0.02389884 
5 383 16 21 0.023522548 
394 459 22 21 0.023408873 
316 378 14 18 0.02327128 
527 413 24 32 0.022925617 
500 387 17 19 0.022893606 
573 392 29 31 0.022858912 
358 404 18 20 0.02281116 
669 401 16 22 0.022639306 
676 403 24 33 0.022477109 
490 401 16 21 0.022376575 
302 570 46 68 0.02231069 
233 457 29 36 0.022078238 
438 414 13 17 0.02204835 
444 411 14 18 0.021969883 
875 444 47 64 0.021802265 
589 409 26 31 0.021782773 
437 389 15 20 0.021745533 
376 379 16 18 0.021635279 
732 396 16 21 0.021596815 
217 372 17 21 0.02155124 
237 402 16 21 0.021422992 
888 376 17 21 0.021297347 
660 370 15 17 0.021266945 
247 418 23 28 0.020909222 
684 281 27 44 0.02076623 
235 380 17 20 0.020761117 
614 401 15 18 0.020699495 
554 357 17 23 0.020461356 
863 432 45 56 0.020356825 
477 436 22 31 0.02027783 
561 394 31 37 0.020149622 
377 526 51 70 0.020040873 
