7_Cheering_Cheering_7_462
37
548 129 70 101 0.99681515 
822 366 33 41 0.9873876 
274 357 39 44 0.9820639 
66 553 29 47 0.9812743 
200 368 28 34 0.97380155 
718 336 26 42 0.97259694 
0 546 18 38 0.82520425 
362 595 32 60 0.8056208 
892 508 20 32 0.2908199 
147 379 24 29 0.28664196 
809 201 187 185 0.17577182 
99 418 17 22 0.15030798 
13 424 17 23 0.1169485 
385 378 21 30 0.11582333 
900 516 25 31 0.108752325 
811 389 24 32 0.09226151 
60 422 25 30 0.089097954 
907 525 27 30 0.06884979 
49 460 18 24 0.061588854 
186 401 18 26 0.047819164 
403 316 37 39 0.042063843 
434 599 24 45 0.040291823 
852 121 15 17 0.038457535 
75 399 14 17 0.03415418 
212 424 31 40 0.033618156 
850 122 25 31 0.033274207 
934 177 14 18 0.032068953 
67 438 18 21 0.031526588 
143 384 17 22 0.02802166 
95 412 16 20 0.027404666 
404 428 47 61 0.025025493 
-1 394 11 19 0.024638653 
31 433 14 19 0.024590788 
979 147 15 22 0.023793971 
9 214 23 28 0.023474958 
757 570 18 21 0.022355644 
103 412 15 19 0.020449555 
