7_Cheering_Cheering_7_536
64
998 241 25 38 0.9877264 
243 230 29 36 0.9833229 
329 304 27 35 0.9714011 
179 256 23 32 0.9588644 
314 223 30 34 0.9238192 
206 225 24 28 0.90125245 
213 262 30 34 0.90075 
333 259 26 35 0.8674655 
517 332 35 61 0.84410864 
0 339 18 38 0.6647557 
462 273 27 30 0.62080973 
255 312 25 33 0.53175926 
89 356 24 30 0.4457371 
22 294 23 34 0.41372406 
135 250 27 30 0.36377507 
936 294 38 37 0.3568378 
515 261 38 42 0.35674796 
732 282 61 84 0.26743552 
644 260 39 43 0.2601742 
897 245 28 31 0.24833697 
135 234 29 30 0.228705 
880 263 26 33 0.2130066 
0 231 22 31 0.20192306 
0 277 22 33 0.18260004 
851 281 29 38 0.12640062 
99 243 27 29 0.08627272 
201 240 27 29 0.08254878 
995 392 28 39 0.08036337 
885 250 40 49 0.06179758 
426 246 33 34 0.05552277 
603 244 28 34 0.051457427 
866 267 31 38 0.051364172 
707 281 53 75 0.049340967 
249 392 18 25 0.045816492 
457 281 40 40 0.043665513 
130 331 19 20 0.040064704 
323 248 29 34 0.039311416 
744 291 37 53 0.036551483 
208 249 31 36 0.035488326 
28 243 25 28 0.034573402 
126 317 26 28 0.034554962 
1012 346 12 22 0.034340914 
722 276 93 142 0.03382958 
88 321 24 29 0.033118706 
187 249 27 32 0.033000782 
730 230 49 53 0.03216541 
268 301 28 38 0.030418094 
613 249 47 54 0.02928349 
983 365 38 63 0.028474376 
394 238 32 31 0.028051691 
597 283 30 42 0.027657157 
394 287 43 47 0.027535249 
699 292 32 48 0.027264865 
264 267 29 34 0.026169322 
179 527 29 41 0.025757004 
128 335 26 29 0.024828704 
502 268 31 33 0.024277113 
604 301 28 37 0.024018308 
275 583 55 55 0.023552025 
61 238 28 29 0.023339866 
0 273 16 22 0.023109138 
116 397 27 30 0.022996807 
44 227 31 30 0.02251552 
101 345 27 35 0.022220487 
