7_Cheering_Cheering_7_687
34
573 81 52 78 0.9992567 
818 211 33 43 0.99669826 
677 379 18 24 0.87384146 
819 467 17 19 0.11402079 
895 445 13 19 0.0970564 
792 469 13 15 0.06200401 
984 501 29 35 0.056617986 
223 462 12 14 0.051284015 
541 80 28 56 0.051216856 
711 496 12 17 0.04439633 
73 492 9 12 0.042051677 
898 456 14 23 0.04177327 
813 453 16 22 0.041304566 
675 468 15 21 0.040426522 
538 470 31 36 0.036182754 
132 271 11 13 0.034573622 
961 484 11 14 0.032315586 
17 297 11 15 0.031817127 
925 519 15 19 0.030211333 
595 481 21 30 0.02993987 
503 104 45 39 0.028565172 
849 486 12 14 0.028014854 
702 433 14 20 0.027337054 
757 445 11 13 0.026533972 
488 86 25 46 0.025726866 
756 452 14 18 0.02551073 
672 433 18 20 0.024862159 
673 443 16 18 0.02457992 
923 482 22 27 0.024354652 
164 434 13 15 0.022948336 
765 436 10 14 0.022353206 
132 452 10 14 0.021989083 
197 428 10 14 0.021121299 
253 148 14 18 0.020716807 
