7_Cheering_Cheering_7_29
920
444 170 14 18 0.989581 
618 177 14 19 0.9813354 
206 93 12 16 0.9807473 
173 109 12 17 0.97434765 
244 44 12 14 0.96929765 
570 218 15 19 0.9593602 
977 336 15 19 0.95907784 
728 165 13 16 0.95692897 
910 127 13 16 0.9511354 
900 351 14 19 0.950962 
890 216 14 18 0.95060563 
21 153 16 19 0.94983786 
156 268 12 15 0.94786453 
270 107 12 16 0.9410139 
812 368 14 17 0.92863643 
612 361 12 16 0.92460334 
533 139 11 13 0.9078086 
962 299 13 18 0.90693426 
938 117 12 15 0.90690047 
195 270 13 16 0.885362 
884 370 13 16 0.8821241 
478 333 14 17 0.8816502 
99 212 14 18 0.8805482 
110 126 15 19 0.8788135 
438 128 12 15 0.8621818 
805 277 15 19 0.8616679 
605 237 16 19 0.85997754 
804 101 9 13 0.85830253 
173 73 12 15 0.85541284 
404 293 12 16 0.84824073 
680 178 12 15 0.8396627 
479 306 14 17 0.83741707 
880 248 13 17 0.8296514 
972 94 12 15 0.8199277 
254 229 14 18 0.8098008 
614 420 13 17 0.80894536 
593 125 11 15 0.80351365 
605 83 10 12 0.79592615 
592 98 12 14 0.7929939 
412 201 12 16 0.7914497 
163 145 12 15 0.7900027 
359 244 12 16 0.7692404 
952 253 12 16 0.76296115 
324 274 13 17 0.75950205 
309 87 10 13 0.7521081 
246 104 10 12 0.74191 
678 117 11 14 0.7417491 
92 293 15 17 0.7261495 
404 325 14 17 0.7203755 
998 257 13 18 0.7159338 
330 59 12 16 0.70092726 
339 129 12 16 0.6991036 
368 295 13 16 0.6722823 
1004 87 11 15 0.668293 
822 267 14 17 0.6651674 
73 131 11 17 0.6514842 
71 87 11 14 0.6500501 
837 340 14 17 0.6497093 
463 359 15 19 0.6482218 
152 114 10 14 0.64327884 
995 223 13 16 0.63878834 
704 317 17 18 0.6376623 
825 233 14 17 0.63234395 
887 94 11 14 0.6124171 
422 307 11 14 0.5973141 
382 117 10 12 0.59651476 
306 209 12 16 0.5930399 
278 87 10 12 0.5785879 
1004 334 12 16 0.5764255 
924 94 10 14 0.5705934 
152 321 13 18 0.56528074 
582 121 10 13 0.5650454 
823 98 10 13 0.56445694 
410 92 8 11 0.54869187 
855 212 11 14 0.5485111 
761 127 11 14 0.54782593 
907 100 11 13 0.5455134 
261 300 13 16 0.5441319 
665 56 10 12 0.54337615 
217 69 9 12 0.5399507 
195 403 11 14 0.5330631 
70 280 12 15 0.53073746 
127 267 12 15 0.525945 
492 201 13 16 0.50838614 
998 189 13 18 0.5072518 
241 101 10 14 0.49915612 
213 241 11 14 0.48879328 
765 281 12 16 0.47147077 
631 367 12 15 0.4706238 
54 145 11 15 0.45965195 
977 194 12 15 0.45145494 
192 120 11 13 0.44854575 
4 114 11 15 0.4482897 
763 487 26 23 0.44029865 
940 294 12 15 0.43546045 
157 27 10 13 0.43050116 
930 221 13 16 0.42917308 
556 88 10 12 0.42830017 
980 119 11 16 0.4138419 
437 199 10 13 0.40874285 
308 267 12 15 0.40858215 
125 102 10 13 0.40715927 
248 286 12 15 0.40410158 
365 360 14 19 0.40199685 
109 73 12 16 0.39820808 
337 166 14 16 0.39591402 
391 202 10 14 0.38368133 
713 294 15 16 0.37638247 
67 335 12 13 0.36649844 
530 226 16 17 0.36083683 
708 103 11 14 0.35700712 
825 295 11 15 0.35112396 
961 119 10 13 0.34343106 
903 84 9 11 0.3422912 
860 214 11 14 0.33272815 
990 98 10 14 0.3253697 
996 198 14 19 0.3253349 
77 74 10 13 0.32284364 
584 359 11 14 0.32223713 
290 52 8 10 0.31830657 
924 286 12 15 0.31653923 
43 357 13 16 0.31490028 
944 93 11 14 0.31462783 
687 285 21 28 0.31264555 
623 116 12 15 0.31028637 
413 349 13 15 0.3097222 
740 108 9 12 0.3071498 
927 225 12 15 0.30561933 
383 403 12 15 0.30367705 
63 363 10 13 0.30338365 
845 99 9 12 0.30131787 
765 269 14 16 0.29691508 
282 241 13 17 0.29561824 
478 167 12 15 0.2950704 
516 279 14 16 0.29390863 
679 141 13 16 0.29256067 
224 143 11 13 0.29118508 
351 340 11 14 0.29111716 
952 333 12 15 0.2837991 
630 143 13 15 0.28260022 
264 93 9 13 0.278417 
884 115 9 13 0.2781056 
622 140 10 13 0.27789354 
311 110 11 14 0.27720857 
671 76 10 13 0.27586767 
39 169 13 16 0.27046588 
504 79 9 11 0.2671894 
771 325 15 20 0.26239517 
6 342 11 15 0.2600699 
519 240 14 19 0.25742853 
790 213 12 15 0.25721595 
45 94 9 14 0.2502007 
697 160 12 15 0.2487092 
188 44 10 13 0.24851798 
98 311 12 14 0.24769375 
846 232 13 18 0.23904489 
42 464 16 18 0.23836118 
561 104 10 13 0.23621237 
469 223 10 14 0.23463596 
775 101 10 13 0.23136948 
644 123 9 14 0.2289245 
784 91 12 14 0.22846721 
160 297 11 15 0.2245956 
133 87 10 13 0.22349095 
290 211 10 15 0.22265415 
373 330 15 17 0.22109888 
549 358 10 13 0.2151625 
816 305 12 16 0.21332069 
256 70 11 14 0.21095224 
489 271 11 13 0.20909268 
462 101 10 12 0.2083267 
358 105 11 14 0.20690136 
133 116 10 14 0.2062069 
8 56 8 10 0.2006551 
631 87 8 11 0.19990027 
239 299 10 13 0.19922702 
557 185 12 16 0.19793658 
85 323 12 14 0.19775945 
327 104 10 12 0.19642985 
103 370 14 17 0.19617169 
492 188 11 13 0.19202207 
719 119 10 13 0.19199143 
903 329 12 16 0.19160132 
622 389 12 16 0.18641251 
664 78 9 11 0.18584837 
445 79 11 13 0.18119058 
523 109 10 13 0.17978238 
577 109 10 11 0.17946976 
154 109 13 16 0.17912881 
357 87 11 14 0.17523195 
344 100 11 13 0.17317908 
726 122 10 13 0.1724323 
723 364 14 16 0.1654423 
822 217 13 16 0.16527706 
86 147 11 13 0.1631881 
848 274 14 19 0.16266821 
276 133 14 16 0.16131842 
686 156 11 13 0.16124316 
708 95 9 11 0.15717256 
47 349 11 14 0.15690145 
677 156 11 14 0.15532416 
511 92 9 12 0.1522581 
197 71 10 13 0.15021136 
169 114 11 15 0.14782307 
373 151 14 16 0.14749399 
552 110 9 12 0.14417256 
780 107 10 12 0.14067994 
670 146 11 16 0.1398913 
12 99 12 15 0.13859974 
300 325 16 19 0.13662855 
949 99 11 13 0.13565658 
102 328 12 17 0.1353946 
552 91 10 12 0.13528931 
775 315 12 14 0.13500674 
620 212 14 18 0.13494992 
77 403 12 15 0.13344741 
636 141 12 15 0.13302544 
861 101 10 13 0.13301063 
519 87 9 11 0.13140547 
222 129 13 16 0.13090432 
196 317 13 17 0.13036129 
542 95 10 12 0.12843047 
927 381 11 16 0.12806047 
867 215 11 14 0.12801012 
170 374 12 15 0.12609415 
560 156 13 16 0.12585002 
371 268 11 14 0.12567481 
309 229 11 13 0.12559621 
37 263 11 14 0.12509747 
619 249 14 20 0.124188006 
64 278 10 16 0.12264781 
672 133 11 14 0.122213885 
151 254 10 11 0.122122824 
1006 116 11 15 0.121332444 
835 116 11 14 0.11799563 
840 314 14 17 0.11790365 
842 96 9 12 0.11544256 
856 124 10 12 0.11316923 
189 86 11 14 0.112828426 
19 294 12 15 0.11194876 
607 210 11 16 0.11180405 
6 139 11 14 0.1113193 
694 60 11 14 0.10991142 
167 318 11 14 0.10953543 
391 142 12 16 0.10785468 
627 119 14 17 0.10664198 
111 99 10 14 0.10625708 
520 153 12 15 0.10510072 
672 155 10 14 0.10505987 
741 322 11 17 0.10445149 
822 167 13 15 0.1036134 
295 207 11 16 0.10220112 
215 117 10 13 0.10198407 
119 243 9 12 0.10173398 
814 474 12 16 0.10150013 
791 62 8 10 0.100733265 
769 101 9 11 0.09722177 
503 218 10 13 0.09704229 
380 182 12 16 0.09681598 
524 236 14 18 0.09626722 
799 280 13 17 0.09549389 
127 106 11 14 0.09524504 
89 84 10 13 0.09362211 
646 142 9 13 0.093549356 
270 292 10 14 0.09240441 
693 422 11 14 0.092390426 
471 309 11 15 0.09161541 
157 102 11 13 0.091337666 
454 293 8 11 0.09029461 
997 100 10 13 0.08932884 
56 80 8 11 0.08923629 
987 307 13 16 0.08895897 
455 119 8 11 0.08893378 
535 336 11 13 0.08857605 
224 92 11 14 0.08809824 
872 479 11 14 0.08800343 
114 118 16 20 0.08795699 
1002 200 17 19 0.08766219 
509 218 13 14 0.08734056 
695 290 23 25 0.08726349 
21 124 10 13 0.086370565 
1007 135 11 14 0.084694214 
632 420 10 14 0.084439784 
444 326 11 13 0.08271393 
808 215 9 12 0.08236582 
625 364 10 15 0.08212902 
739 138 14 19 0.08205565 
608 99 10 13 0.08080923 
215 124 10 14 0.080647856 
158 255 9 11 0.08050425 
758 102 10 12 0.07940682 
87 78 10 14 0.07797107 
938 469 15 17 0.07784861 
362 123 13 15 0.07758165 
424 339 10 14 0.077387206 
263 430 12 15 0.07692612 
444 331 12 16 0.076710984 
816 97 11 14 0.07661185 
663 145 13 17 0.076215096 
764 154 12 16 0.07575604 
144 115 9 13 0.07285275 
799 234 13 15 0.071957 
191 242 12 16 0.071814984 
377 337 15 17 0.071164675 
734 123 10 13 0.06971274 
250 235 9 13 0.06966322 
192 152 10 12 0.06952586 
472 290 10 13 0.06902947 
279 102 11 16 0.06823698 
863 94 10 11 0.067986846 
392 348 10 13 0.06760698 
348 100 11 15 0.06756506 
415 158 12 16 0.067069 
191 164 12 15 0.06655056 
487 184 12 14 0.06648302 
457 100 10 13 0.06619032 
341 136 14 18 0.065501966 
537 100 10 13 0.06524465 
495 108 10 13 0.06493283 
686 274 14 18 0.06491609 
157 94 10 13 0.06474522 
88 332 12 15 0.0647081 
655 468 14 15 0.06438919 
905 94 11 15 0.06353302 
525 117 10 12 0.06338773 
174 288 10 13 0.063186266 
984 94 10 14 0.062956885 
657 100 9 12 0.06293554 
408 329 16 17 0.06287442 
686 147 12 16 0.062750414 
-1 322 8 14 0.062418375 
543 108 9 14 0.06220093 
976 480 9 11 0.062187027 
31 84 10 13 0.06215033 
17 124 9 12 0.061982244 
949 87 12 15 0.061953202 
396 346 11 14 0.06194237 
550 307 12 15 0.061826546 
391 367 11 14 0.06168923 
701 134 10 12 0.06129439 
467 314 12 16 0.061029907 
765 119 10 13 0.060909607 
562 180 13 16 0.06070557 
316 109 11 14 0.06062814 
841 234 11 16 0.060486495 
552 129 11 15 0.060365714 
388 156 11 15 0.059944782 
407 117 11 13 0.059793137 
172 316 10 13 0.059765548 
151 94 9 12 0.059539087 
772 37 10 12 0.059281934 
453 307 9 13 0.059256777 
406 340 15 17 0.05897013 
857 94 8 11 0.058610823 
694 67 10 13 0.057621755 
541 226 12 16 0.05746019 
967 206 12 14 0.05705955 
638 104 9 11 0.056765553 
661 103 10 13 0.05671515 
464 309 12 15 0.056605887 
255 140 13 16 0.05643489 
533 356 12 14 0.05608275 
49 141 12 16 0.055425424 
25 85 10 13 0.05531202 
416 409 8 11 0.055302083 
542 86 9 10 0.055267982 
717 368 17 21 0.055261035 
381 155 11 15 0.05467694 
19 432 16 19 0.05448387 
37 85 10 14 0.053892296 
489 118 9 12 0.053789012 
957 111 11 13 0.053460546 
742 39 8 12 0.053410057 
124 181 13 18 0.053329736 
838 204 11 12 0.053196765 
983 301 10 13 0.05297186 
543 374 12 17 0.05261622 
96 260 10 13 0.05254118 
455 96 9 12 0.052289147 
753 107 10 14 0.051994305 
736 135 12 15 0.051898208 
509 79 8 10 0.051796526 
16 324 11 14 0.051726453 
79 118 13 16 0.05167488 
143 95 10 13 0.05159697 
496 219 10 13 0.05156142 
318 255 11 13 0.05152463 
533 363 10 14 0.051441055 
274 324 14 17 0.0510774 
993 333 12 15 0.050896976 
380 347 12 15 0.05071937 
761 96 9 11 0.050416756 
92 325 12 15 0.050297577 
503 357 10 14 0.050057292 
668 251 16 18 0.05004859 
101 258 11 15 0.04991138 
777 491 19 19 0.049909595 
252 106 10 12 0.049874764 
350 182 11 12 0.049658682 
449 117 9 12 0.04954175 
936 93 9 12 0.04945828 
871 250 14 17 0.04939434 
959 85 9 13 0.049305107 
401 102 9 12 0.048782375 
78 221 14 17 0.04870999 
365 106 11 14 0.04862214 
320 348 12 15 0.04852655 
41 97 10 14 0.048418973 
711 125 8 10 0.048246566 
694 413 11 13 0.048149113 
742 117 9 12 0.04780904 
150 69 9 13 0.047732692 
192 157 11 15 0.04762571 
168 310 9 13 0.0475381 
547 226 11 16 0.04746744 
333 109 10 14 0.04736368 
510 174 9 13 0.04715653 
173 310 10 13 0.047108978 
433 95 8 10 0.046826735 
1006 427 13 17 0.04666506 
166 328 12 15 0.046209496 
482 92 9 11 0.046005182 
363 195 11 17 0.045654897 
1011 163 11 17 0.045237165 
358 403 10 13 0.045226935 
162 269 12 15 0.04512553 
381 203 11 15 0.045081235 
456 124 9 11 0.045066807 
104 70 12 17 0.0448197 
897 85 9 11 0.044564918 
157 285 13 15 0.044490017 
598 360 9 10 0.044478547 
503 263 11 13 0.044426937 
42 294 9 11 0.044348583 
126 370 10 13 0.044331204 
793 108 8 11 0.044212226 
582 103 9 12 0.04418475 
230 326 11 14 0.043964215 
193 69 10 13 0.043682545 
182 266 10 14 0.04358123 
618 111 9 13 0.043548573 
351 403 10 13 0.043459192 
544 363 10 12 0.043403577 
713 119 9 12 0.042931855 
348 189 14 17 0.042777695 
454 338 10 14 0.042732377 
304 222 10 13 0.04267145 
232 100 9 14 0.042592734 
816 221 10 13 0.042566903 
450 95 9 11 0.04222093 
132 100 12 13 0.042172372 
303 237 12 16 0.042163942 
689 102 9 11 0.042065646 
777 324 13 18 0.041920144 
971 285 11 12 0.041867334 
607 164 12 16 0.04179228 
707 309 16 18 0.041639034 
44 308 13 17 0.040848367 
1009 91 14 16 0.040797003 
489 111 9 11 0.040793948 
257 147 13 16 0.04079021 
578 364 10 13 0.040593054 
56 277 12 16 0.040437188 
1012 115 9 16 0.04040316 
478 78 8 10 0.04028412 
197 151 9 12 0.04026608 
751 262 10 12 0.040142875 
933 472 14 17 0.04012719 
495 212 12 15 0.039943464 
183 253 9 13 0.039900057 
463 388 13 16 0.03985045 
207 70 10 13 0.039476972 
740 236 12 15 0.03940467 
222 110 10 12 0.039368246 
551 188 12 15 0.039367054 
892 97 11 13 0.039323494 
145 255 10 12 0.039153047 
776 178 10 13 0.039133765 
725 141 9 13 0.03909807 
827 170 12 15 0.03909201 
618 118 19 24 0.039025947 
907 85 10 13 0.038973995 
955 102 11 12 0.038631182 
422 179 9 12 0.038580533 
520 114 11 13 0.038530532 
88 93 11 14 0.03853032 
227 402 12 14 0.038507774 
118 108 12 14 0.038497545 
386 117 12 15 0.038494077 
280 248 13 17 0.038374446 
244 68 13 16 0.038355164 
227 125 12 15 0.0383333 
68 359 10 13 0.038264286 
356 191 15 19 0.038241956 
721 412 11 16 0.038220022 
218 382 8 10 0.038091347 
525 123 11 12 0.037799325 
582 420 14 16 0.037557825 
407 109 11 13 0.03747473 
15 268 10 12 0.03732581 
727 308 12 16 0.037270095 
195 236 14 19 0.03719205 
550 404 10 13 0.0371262 
765 175 11 14 0.037117496 
806 124 11 13 0.037027128 
769 275 13 15 0.03694629 
272 170 19 20 0.036920812 
83 124 14 17 0.03678398 
537 107 10 13 0.036766376 
303 199 14 18 0.03673842 
29 92 11 14 0.036678042 
417 355 13 16 0.036653433 
699 424 10 12 0.036612272 
368 325 13 17 0.036503952 
680 276 10 16 0.03647848 
33 268 11 14 0.03645782 
55 84 10 14 0.03645111 
638 298 11 15 0.036422543 
52 92 12 15 0.036402997 
626 86 8 11 0.036393628 
374 195 12 18 0.036391713 
759 261 10 12 0.0363591 
789 125 9 13 0.036166746 
437 95 9 11 0.0360429 
568 119 9 12 0.036012944 
622 372 11 12 0.036004994 
975 268 11 12 0.03598742 
782 198 10 13 0.03582587 
1011 138 12 16 0.035762265 
646 112 10 12 0.035739712 
15 319 9 14 0.035603292 
239 96 10 14 0.03540112 
357 180 10 12 0.035378594 
573 411 10 14 0.035337187 
373 104 10 12 0.035266627 
208 408 9 12 0.035263497 
267 435 11 14 0.035180643 
184 149 9 12 0.03517948 
662 285 11 14 0.035065655 
219 116 12 14 0.035014555 
878 206 10 14 0.0349499 
377 88 9 11 0.034913264 
925 130 11 14 0.034796406 
447 111 10 11 0.034789026 
289 364 9 12 0.034625262 
924 466 21 24 0.034496404 
100 351 10 13 0.034488257 
748 331 14 16 0.03446224 
182 315 9 13 0.03445486 
432 444 9 11 0.034452517 
420 431 11 13 0.034403402 
785 127 8 12 0.034323443 
677 76 10 12 0.03425873 
14 117 10 14 0.034170534 
340 144 14 18 0.03416923 
21 129 12 16 0.03411916 
523 198 13 16 0.034118317 
40 351 11 14 0.034069534 
945 268 10 16 0.034039367 
636 134 12 15 0.03396798 
726 96 8 10 0.033879682 
538 86 8 10 0.033761222 
58 143 13 15 0.033649936 
767 44 9 11 0.033619817 
381 92 8 11 0.033599753 
549 351 13 15 0.033478465 
239 374 9 11 0.033447832 
19 417 15 17 0.033431023 
84 116 12 15 0.033339147 
672 101 8 11 0.033282697 
613 210 14 17 0.033252258 
277 366 10 13 0.03310081 
777 254 11 13 0.033011753 
733 283 12 18 0.033007145 
171 189 12 16 0.03300555 
859 235 14 19 0.03271457 
520 125 9 13 0.032666646 
642 338 17 20 0.03250172 
692 404 12 14 0.032485448 
121 269 11 13 0.032455582 
468 102 10 12 0.032384668 
638 202 14 19 0.032341182 
450 79 11 13 0.03233041 
980 220 13 17 0.032189514 
332 325 13 17 0.032120593 
259 132 13 15 0.03211483 
1008 332 14 17 0.032009333 
1007 123 10 14 0.031989586 
836 213 10 13 0.03197325 
925 213 14 19 0.031937342 
723 373 16 21 0.0316261 
780 466 17 19 0.031534594 
526 105 9 12 0.031467 
378 327 14 16 0.03146159 
1012 99 11 15 0.03128282 
365 85 9 13 0.031228717 
97 369 13 17 0.031201506 
567 407 11 14 0.031196738 
325 313 15 19 0.031138206 
676 250 15 19 0.031032437 
117 348 11 13 0.031015221 
283 92 10 13 0.03094759 
21 286 11 14 0.030913858 
535 241 12 17 0.03090289 
360 357 13 18 0.030870331 
438 102 10 12 0.030771421 
640 357 10 12 0.030667914 
509 148 10 13 0.03061778 
965 87 10 15 0.030614056 
662 133 10 13 0.030570162 
447 319 11 12 0.030443829 
281 444 10 12 0.030377159 
717 140 12 15 0.030341655 
661 361 15 17 0.030269153 
821 189 11 14 0.030241681 
694 94 8 11 0.030181611 
54 134 11 13 0.030178282 
765 337 13 18 0.030149724 
539 337 11 14 0.030148845 
652 473 14 14 0.030054733 
645 301 11 14 0.030025555 
469 140 13 19 0.029937018 
31 276 9 12 0.029864691 
205 445 15 17 0.02982804 
599 366 9 12 0.02972504 
714 188 9 13 0.029667804 
317 270 13 17 0.029611727 
313 230 14 15 0.029596344 
292 49 9 11 0.029588828 
475 237 12 15 0.029556338 
517 228 11 13 0.029541232 
598 119 10 14 0.029512536 
1013 237 10 15 0.0295007 
499 80 8 10 0.029411647 
766 235 10 14 0.029408809 
334 102 9 13 0.029393459 
37 271 13 16 0.029381314 
1001 262 14 19 0.029338442 
727 101 7 10 0.029234078 
48 78 8 11 0.029181287 
509 264 9 12 0.02914034 
733 429 12 13 0.02906125 
399 95 8 11 0.02889685 
356 275 12 15 0.028829644 
869 93 9 11 0.028811233 
396 199 10 15 0.028805856 
766 96 9 12 0.028633052 
395 369 12 16 0.028569285 
515 271 13 15 0.028528884 
283 87 10 12 0.028505225 
366 201 11 15 0.02844378 
676 426 11 14 0.028408881 
894 293 12 15 0.02838295 
627 111 12 14 0.02831738 
918 468 15 18 0.028302435 
184 91 12 15 0.028290058 
372 313 14 16 0.028236683 
263 99 11 15 0.028219046 
381 313 14 16 0.028138151 
339 419 10 12 0.02801679 
782 132 9 12 0.027975826 
662 163 13 17 0.02794528 
534 273 14 16 0.027878087 
273 78 9 11 0.02787366 
632 426 11 14 0.02786449 
177 407 9 12 0.027813287 
745 325 14 16 0.02780619 
157 411 10 14 0.02779494 
762 116 10 13 0.027702624 
661 127 10 12 0.027696276 
252 421 9 11 0.027603246 
606 394 13 15 0.027591309 
625 216 16 20 0.027486727 
152 261 12 16 0.027444288 
49 387 15 17 0.027443912 
664 157 12 15 0.027392251 
617 131 12 17 0.02736927 
384 141 10 14 0.027357778 
270 91 10 13 0.027331121 
179 114 11 14 0.027145157 
508 356 10 13 0.0271204 
0 199 11 19 0.027118236 
38 80 9 11 0.0270851 
249 413 10 12 0.026991112 
480 88 9 10 0.026957639 
128 95 12 14 0.026954882 
836 180 11 14 0.026908288 
371 427 12 13 0.026679475 
416 179 10 13 0.026568642 
180 403 10 14 0.026561264 
326 79 9 12 0.026512103 
240 237 9 11 0.026477732 
327 85 9 12 0.026450017 
774 261 13 16 0.026414393 
830 139 11 16 0.026406303 
376 111 9 12 0.026387634 
13 131 13 16 0.026366478 
96 355 13 16 0.026314406 
86 414 10 12 0.026301887 
624 439 11 11 0.026295645 
534 252 12 15 0.026288457 
375 205 13 16 0.026219618 
453 85 8 11 0.026219022 
302 307 13 16 0.026195515 
349 435 12 16 0.026111813 
519 81 9 11 0.026102316 
383 133 10 13 0.026031544 
112 245 12 14 0.026007783 
259 223 14 18 0.025930123 
352 91 11 13 0.025924394 
457 324 10 14 0.025921285 
76 261 13 14 0.025898047 
407 181 9 12 0.025870008 
557 406 11 13 0.025829412 
1014 124 9 14 0.025786191 
0 311 7 12 0.025697041 
170 322 12 16 0.025691306 
538 179 15 17 0.025679272 
654 39 9 10 0.025650704 
302 69 9 10 0.025634808 
711 287 15 17 0.025618106 
301 334 17 19 0.025397075 
613 390 12 16 0.025370052 
301 390 12 14 0.02535871 
22 108 11 14 0.025311317 
775 140 10 12 0.02528123 
210 212 15 18 0.02525796 
339 156 15 19 0.025241897 
317 354 13 15 0.025238086 
760 326 19 25 0.025231246 
89 338 13 16 0.025138069 
473 255 10 12 0.025125546 
680 461 9 12 0.025083574 
231 121 9 11 0.025016552 
909 104 12 14 0.025008865 
5 251 10 13 0.025008157 
268 209 14 20 0.024927879 
310 124 12 15 0.024895256 
433 201 10 13 0.024858408 
464 107 10 12 0.024798313 
46 115 9 14 0.02479808 
157 319 19 24 0.024775237 
80 318 13 15 0.02473086 
438 365 11 13 0.024710039 
217 294 10 12 0.024709878 
717 110 10 12 0.024695728 
461 248 10 12 0.024580838 
243 296 11 16 0.024559628 
801 120 10 12 0.024411937 
557 356 11 14 0.024391834 
119 406 13 15 0.024385547 
509 225 14 15 0.02428856 
42 260 14 15 0.024281576 
92 80 10 12 0.024259524 
1 357 11 15 0.02424593 
372 211 13 15 0.024227746 
183 423 12 13 0.024203232 
629 445 11 12 0.024047615 
195 227 14 18 0.023984574 
461 303 11 13 0.023974594 
644 354 12 14 0.023905871 
629 133 14 16 0.023902075 
494 290 12 14 0.02387854 
353 287 10 12 0.023812305 
393 93 9 11 0.023758348 
249 141 9 13 0.023746666 
844 445 12 16 0.023694253 
408 428 9 12 0.023663415 
960 79 9 12 0.023644397 
988 149 11 13 0.023629485 
309 180 11 13 0.02356764 
891 276 11 14 0.023525571 
39 255 11 14 0.023510236 
287 322 11 17 0.023494657 
218 237 12 15 0.023476012 
795 220 13 15 0.023447972 
685 235 15 17 0.023431242 
246 430 9 10 0.02342245 
460 165 10 14 0.023420123 
685 161 14 16 0.023396675 
440 108 9 11 0.023386333 
717 182 12 15 0.023356138 
582 451 16 19 0.023344992 
177 254 10 12 0.023316618 
9 95 10 13 0.023293877 
375 184 14 20 0.0232814 
719 146 12 14 0.023270793 
734 316 13 17 0.023260964 
598 439 9 11 0.023166541 
651 50 10 14 0.023146208 
85 345 12 15 0.023075696 
815 233 10 15 0.023038743 
51 382 13 14 0.022951785 
61 270 10 13 0.022915697 
833 111 11 14 0.022894341 
619 412 11 13 0.022889785 
780 260 12 16 0.022840027 
189 220 14 18 0.022820821 
45 287 11 13 0.022816746 
871 88 9 11 0.022733409 
371 368 14 16 0.022674223 
454 110 9 11 0.022655929 
119 263 11 14 0.022651682 
765 140 11 13 0.022612125 
88 263 10 12 0.02255233 
191 309 10 14 0.022533575 
38 239 10 12 0.022526193 
368 274 12 15 0.022498377 
1003 184 15 17 0.022443356 
334 180 11 14 0.022329897 
1000 114 12 16 0.02232308 
715 306 15 17 0.02231062 
470 276 10 12 0.022303356 
525 245 13 20 0.022289906 
759 135 11 15 0.022288691 
178 70 13 17 0.022286842 
498 203 13 15 0.022201084 
988 113 13 19 0.022183897 
639 435 12 14 0.022170505 
441 82 11 12 0.022162372 
777 134 10 12 0.022155896 
131 187 13 20 0.022136431 
920 379 14 19 0.022114955 
659 314 15 17 0.02211183 
632 103 10 12 0.022090431 
885 325 13 16 0.022075288 
823 142 11 15 0.021992305 
638 321 9 10 0.021982346 
973 211 12 14 0.021975642 
996 244 15 17 0.021955082 
327 113 12 16 0.021915369 
500 103 11 14 0.021900075 
106 375 14 17 0.02189416 
776 451 14 15 0.021873051 
176 423 9 11 0.021844935 
646 404 10 13 0.021826582 
692 108 9 12 0.021819914 
879 55 11 14 0.02177693 
178 261 9 13 0.021768853 
743 347 13 19 0.021720055 
167 285 11 13 0.02165194 
232 253 11 15 0.021629255 
295 396 13 13 0.021607358 
166 122 10 13 0.021605747 
407 421 9 11 0.021585332 
831 342 15 19 0.021579742 
548 376 13 19 0.021549853 
278 148 13 14 0.02147716 
416 435 11 12 0.021475356 
75 126 19 24 0.021465518 
405 304 12 15 0.021457296 
369 422 11 14 0.0214341 
704 440 8 11 0.021416625 
586 424 17 18 0.021415291 
542 400 12 14 0.02140952 
769 214 9 12 0.02139915 
689 412 11 14 0.021385517 
398 134 12 14 0.021334158 
227 145 12 14 0.021333763 
342 331 12 16 0.021318052 
353 292 11 14 0.021296563 
268 164 15 20 0.021257842 
560 366 9 13 0.02124396 
479 180 12 15 0.021199979 
945 292 14 17 0.021196442 
294 242 11 16 0.021194914 
346 405 9 10 0.021176716 
20 100 11 15 0.021154905 
646 364 11 14 0.021011187 
724 417 11 16 0.02093512 
272 137 12 16 0.02090401 
860 120 10 12 0.020902721 
134 121 11 15 0.020894973 
98 389 13 15 0.020882526 
273 273 16 19 0.020878201 
910 170 15 18 0.020868251 
36 439 11 13 0.020768356 
64 86 10 13 0.020764176 
294 382 12 13 0.02075371 
509 155 11 15 0.02075252 
614 476 10 12 0.020736108 
953 106 11 14 0.020721817 
55 269 10 13 0.020721346 
779 175 11 14 0.020680482 
1012 259 12 19 0.02064842 
294 218 12 16 0.020587165 
327 93 10 12 0.020575332 
118 275 12 14 0.020557404 
269 69 11 14 0.020542491 
224 101 11 14 0.02054247 
169 102 9 12 0.02052247 
479 110 9 11 0.020516919 
80 339 12 14 0.0205157 
678 103 8 10 0.020512464 
193 76 11 15 0.020510897 
588 119 11 14 0.020500036 
373 144 13 16 0.020448178 
1011 197 13 18 0.02043153 
0 496 9 11 0.020428507 
143 123 10 13 0.020393621 
372 436 12 14 0.020368233 
813 125 11 13 0.020312538 
346 339 11 15 0.020309055 
239 431 9 10 0.02030657 
206 467 13 15 0.020305041 
975 278 11 13 0.020267734 
217 143 11 14 0.020229995 
623 146 12 16 0.020216629 
774 475 24 28 0.020196004 
384 428 8 12 0.020173552 
965 280 11 12 0.02016368 
626 308 13 15 0.020136122 
668 303 12 13 0.020122262 
26 160 15 17 0.020121023 
681 279 20 29 0.020112187 
173 366 11 14 0.02009877 
262 65 10 13 0.020092057 
941 493 14 13 0.020091828 
205 216 15 17 0.020055298 
534 371 12 15 0.020037489 
