7_Cheering_Cheering_7_334
24
375 240 47 59 0.9989755 
194 282 49 56 0.998613 
167 135 46 59 0.998582 
803 143 45 56 0.9985331 
612 258 45 55 0.99836046 
706 290 44 55 0.9981893 
398 352 45 53 0.998156 
461 122 43 54 0.9978551 
643 376 45 56 0.9978188 
290 306 45 52 0.99745375 
680 172 46 53 0.99703395 
568 178 41 52 0.9969709 
509 339 46 58 0.99671954 
496 244 45 57 0.9960592 
301 202 42 51 0.99570554 
779 286 42 52 0.99457943 
387 167 17 25 0.8944822 
141 76 18 19 0.28682765 
1014 149 9 16 0.25854364 
337 23 22 25 0.25315905 
840 5 11 13 0.239312 
748 47 13 16 0.17987558 
605 17 41 47 0.047034714 
135 67 17 19 0.03156348 
