23_Shoppers_Shoppers_23_271
31
499 233 50 69 0.99938965 
601 245 59 66 0.9989832 
19 279 32 37 0.99773884 
266 274 22 30 0.98524636 
168 312 28 26 0.97011524 
371 306 16 25 0.6263825 
840 315 15 19 0.625472 
110 377 17 19 0.51064426 
870 327 10 13 0.2570184 
926 345 7 9 0.08741379 
123 340 13 15 0.057182327 
951 350 10 13 0.052528985 
422 327 16 19 0.048142716 
364 315 18 23 0.03865482 
840 350 9 13 0.0381567 
912 353 8 9 0.03778345 
1 300 9 15 0.036382493 
938 357 7 10 0.035254948 
911 372 8 10 0.032041274 
1001 454 8 9 0.03116542 
846 337 9 10 0.030480804 
964 350 11 14 0.026322693 
858 350 7 10 0.025942639 
874 350 7 9 0.02447241 
972 311 11 12 0.024016287 
927 349 7 9 0.022947887 
922 348 7 10 0.021215692 
922 367 7 11 0.021104151 
877 350 8 10 0.020652423 
120 345 14 17 0.02061123 
957 443 10 13 0.020214297 
