23_Shoppers_Shoppers_23_599
36
803 465 23 29 0.9003846 
143 25 37 81 0.84757113 
656 51 35 50 0.73620987 
957 171 21 26 0.3354333 
685 424 15 17 0.25305519 
215 17 22 30 0.13866727 
533 419 14 17 0.13303152 
691 421 14 18 0.12499233 
781 363 23 29 0.10244316 
698 525 14 17 0.101849034 
645 428 13 16 0.09504512 
608 531 23 30 0.083565034 
312 60 9 10 0.07713791 
943 528 50 49 0.07697772 
499 420 16 18 0.06555899 
654 420 12 16 0.048823114 
573 435 17 21 0.046475008 
610 426 18 19 0.045674864 
483 411 13 16 0.03695693 
872 495 25 29 0.036164686 
661 531 17 20 0.034309234 
654 463 18 20 0.031331286 
571 545 24 29 0.029424548 
595 160 424 522 0.028031526 
201 3 41 52 0.027161404 
582 476 22 27 0.027160512 
172 105 29 36 0.026888395 
503 533 16 18 0.026773691 
756 465 21 31 0.025461882 
693 435 13 14 0.024945872 
263 53 10 12 0.024431601 
543 406 11 13 0.023917984 
608 420 15 17 0.022766197 
652 432 13 16 0.02266882 
697 419 14 19 0.020800259 
656 26 54 68 0.020044664 
