23_Shoppers_Shoppers_23_514
22
652 88 33 48 0.4242193 
758 288 33 42 0.11008611 
340 190 16 20 0.10940845 
941 526 49 51 0.105665535 
227 234 12 15 0.074282676 
350 256 17 20 0.05302629 
265 4 59 58 0.052107327 
780 159 17 22 0.04397777 
582 124 234 258 0.043125704 
707 29 24 28 0.041267496 
278 210 16 19 0.036254577 
264 0 21 18 0.034183037 
669 61 46 71 0.033730235 
462 50 586 576 0.03255787 
341 257 17 20 0.03167927 
634 66 58 68 0.02900919 
646 14 58 71 0.027286377 
344 346 25 27 0.027137142 
386 188 14 16 0.021740286 
386 194 16 18 0.02145909 
284 320 45 48 0.021380575 
496 -1 63 54 0.021311566 
