23_Shoppers_Shoppers_23_243
39
46 394 14 17 0.78959024 
569 419 26 34 0.7660572 
105 405 13 16 0.6122817 
288 468 10 13 0.14496532 
221 592 16 21 0.121738024 
461 439 17 20 0.0990213 
305 455 10 12 0.087466665 
355 444 8 10 0.068048246 
558 415 26 35 0.054254316 
1 477 10 14 0.053286508 
0 445 9 15 0.051378295 
5 437 12 15 0.043884985 
495 438 15 21 0.041126106 
430 471 9 12 0.03639123 
587 418 21 32 0.036037225 
320 543 11 13 0.034966853 
256 456 7 9 0.029825743 
183 437 10 13 0.027299903 
223 453 8 11 0.02639835 
342 464 8 11 0.02639788 
478 501 9 10 0.026299298 
446 478 10 12 0.02593231 
250 463 8 11 0.025637262 
346 456 7 9 0.025533315 
0 386 9 17 0.025515418 
63 419 11 15 0.025384072 
232 447 10 12 0.025101693 
449 496 9 11 0.024635376 
416 478 8 10 0.0245615 
303 437 10 15 0.024262019 
415 485 9 10 0.022357676 
255 463 8 10 0.021783277 
369 421 10 12 0.021730693 
164 598 15 21 0.021690397 
351 455 8 11 0.021492764 
601 426 24 35 0.021218242 
158 596 13 16 0.02088843 
358 429 9 11 0.020287806 
801 485 9 11 0.020052478 
