23_Shoppers_Shoppers_23_364
27
455 231 56 67 0.9994429 
589 186 95 114 0.9988984 
275 217 76 90 0.9985114 
717 243 16 23 0.07703532 
102 300 9 11 0.053919576 
512 231 25 34 0.0521844 
38 181 14 17 0.04231445 
165 388 11 13 0.04224729 
65 293 10 12 0.04085945 
178 368 15 18 0.040041436 
166 382 11 13 0.039238952 
10 271 9 13 0.037995107 
202 311 16 21 0.036810007 
174 361 14 17 0.035127725 
1 197 8 11 0.031243883 
986 701 37 40 0.028137833 
74 330 14 17 0.026823705 
691 247 13 20 0.025755784 
173 379 11 13 0.0253807 
34 178 25 26 0.025200158 
58 179 11 15 0.025057444 
310 349 52 62 0.024269294 
158 404 10 14 0.02269231 
71 325 13 18 0.021799317 
765 192 60 64 0.021682415 
-9 -37 401 527 0.020552814 
30 462 43 55 0.0205238 
