23_Shoppers_Shoppers_23_461
20
650 186 18 24 0.9852165 
743 146 19 25 0.927078 
690 141 18 22 0.87855643 
336 52 67 105 0.8659886 
603 172 14 20 0.73892325 
917 141 14 20 0.21032622 
620 202 17 21 0.14515954 
700 194 16 19 0.11505486 
768 83 14 16 0.07096165 
531 188 17 19 0.057784915 
549 186 15 19 0.045491166 
830 219 12 15 0.039895527 
525 187 15 19 0.03833006 
598 166 15 21 0.029980993 
540 182 18 21 0.02533476 
628 189 15 19 0.025138723 
820 119 14 18 0.023627946 
675 180 17 19 0.02240356 
819 174 11 15 0.021836042 
931 167 12 14 0.02142945 
