23_Shoppers_Shoppers_23_328
48
477 206 29 39 0.99867165 
317 215 30 37 0.99697244 
129 333 88 101 0.9913374 
622 186 12 16 0.9702331 
329 169 26 28 0.9615799 
575 181 15 19 0.90777165 
546 191 13 18 0.8908281 
646 214 8 11 0.57424986 
815 166 9 10 0.1015609 
665 325 9 12 0.09217912 
794 112 8 11 0.07210454 
315 178 13 18 0.06636539 
46 203 12 15 0.062411632 
13 205 11 14 0.05842837 
639 156 8 12 0.053765673 
711 278 8 11 0.05307966 
641 184 9 11 0.05117275 
526 204 11 15 0.049349938 
782 133 10 12 0.04214418 
648 183 9 11 0.04022154 
532 198 10 13 0.04018928 
522 219 12 15 0.040053353 
752 160 7 8 0.039058346 
758 229 7 9 0.038343467 
828 77 11 14 0.038326964 
232 223 7 10 0.038193956 
845 71 10 14 0.035887275 
705 175 7 9 0.03502437 
807 156 10 12 0.033014223 
558 186 12 17 0.032377675 
669 87 9 12 0.03222856 
664 208 9 11 0.030233191 
638 188 10 13 0.029204875 
137 598 29 39 0.026983412 
855 151 7 9 0.026591284 
652 92 11 14 0.025754256 
151 662 39 26 0.025051821 
693 318 8 9 0.024394216 
29 205 11 14 0.024240261 
803 157 9 11 0.024150794 
1015 611 9 16 0.023084683 
971 402 19 21 0.022897499 
806 264 7 8 0.02258968 
672 142 8 10 0.02195558 
849 151 8 10 0.021360079 
666 301 8 10 0.021215852 
777 160 7 9 0.020879675 
814 159 10 12 0.02072123 
