23_Shoppers_Shoppers_23_607
165
238 323 180 234 0.9994128 
173 1283 11 14 0.581457 
428 1468 10 14 0.32393718 
89 1455 10 13 0.2838195 
212 1416 10 13 0.24988805 
230 1411 10 13 0.24403763 
350 1292 8 12 0.23535575 
189 1226 12 15 0.2023019 
145 1238 9 12 0.19357887 
377 1372 9 12 0.15832083 
360 1278 8 10 0.1477368 
175 1435 11 13 0.14034456 
171 1218 12 15 0.124374315 
278 1268 12 16 0.12237726 
265 1272 9 12 0.11765498 
417 1253 10 12 0.11288114 
175 1413 9 10 0.09916003 
198 1407 9 12 0.0955824 
129 1237 9 12 0.09366489 
192 1407 10 11 0.09019288 
185 1503 10 13 0.08473872 
336 1293 8 11 0.08165653 
199 1441 12 16 0.07001822 
353 1359 9 11 0.06851438 
173 1423 9 11 0.06500865 
468 1333 11 13 0.060024478 
134 1237 8 11 0.05701917 
277 1307 10 12 0.056528803 
385 1229 8 10 0.056178123 
327 1293 9 11 0.05524481 
129 1415 9 11 0.05432321 
141 1220 9 12 0.053620614 
178 1431 12 14 0.05238796 
356 1482 12 15 0.049922373 
107 126 12 14 0.049297016 
94 1310 10 13 0.048342198 
351 1483 10 14 0.04794683 
212 1242 11 14 0.047076233 
360 1272 8 11 0.046723664 
112 1255 9 11 0.046425045 
304 1271 9 12 0.04641898 
134 1415 9 12 0.04527642 
346 1287 9 12 0.04447541 
72 1448 8 10 0.043926235 
400 1304 9 12 0.043862496 
367 1501 8 12 0.042858027 
111 1265 12 15 0.042817198 
191 1415 9 11 0.042720035 
255 1423 9 11 0.042236716 
137 1431 9 11 0.041440636 
94 1430 11 15 0.04059936 
378 1279 8 11 0.040174 
104 1454 9 13 0.039805427 
303 1358 9 10 0.039508227 
269 1275 10 14 0.037612155 
321 1293 9 12 0.037153482 
370 1295 7 9 0.03637381 
119 1254 9 12 0.035694256 
478 1484 10 13 0.035631 
556 954 369 438 0.03471699 
205 1460 9 11 0.034533393 
116 1260 11 15 0.033571243 
278 1288 9 11 0.032540984 
271 1431 9 12 0.03196911 
271 1269 10 14 0.031933226 
215 1191 10 13 0.031405438 
136 1419 9 12 0.031030837 
142 1421 9 11 0.030829214 
265 1335 8 10 0.030702777 
151 1266 10 14 0.030676687 
294 1277 10 14 0.030088035 
335 1408 9 10 0.02966613 
247 1367 9 11 0.029654844 
280 1429 9 13 0.029329868 
144 1500 10 12 0.029215595 
369 1303 8 11 0.028981272 
135 1283 10 12 0.028939987 
117 1229 9 11 0.028443417 
222 1210 11 14 0.028174365 
124 1390 10 13 0.028156003 
309 1269 9 12 0.027913697 
160 1445 8 11 0.027797816 
337 1245 8 10 0.027651746 
368 1269 9 11 0.027471023 
128 1205 8 10 0.027216779 
420 1398 9 12 0.027135588 
102 1252 10 12 0.027012033 
302 1479 11 15 0.026917618 
265 1429 8 12 0.026814315 
305 1230 8 10 0.02666977 
584 1393 8 11 0.026605487 
380 1368 9 12 0.0265869 
119 1223 9 12 0.02651474 
486 1461 8 10 0.02639885 
285 1428 9 13 0.026345229 
129 1409 8 10 0.026266463 
112 1237 8 11 0.026116163 
481 1456 10 12 0.026088951 
377 1424 9 11 0.026034815 
293 1285 10 13 0.025977474 
305 1419 10 13 0.02594099 
362 1304 7 9 0.025897432 
112 1231 8 12 0.025888955 
369 1319 8 10 0.025769034 
72 1428 8 12 0.025761312 
207 1281 12 16 0.025686104 
233 1342 10 13 0.025616653 
353 1279 7 10 0.025614409 
279 1372 9 11 0.0255768 
244 1483 12 14 0.024638822 
367 1247 9 10 0.024485761 
174 1199 8 10 0.024149323 
88 1429 12 16 0.023984963 
312 1351 9 10 0.023977363 
200 1452 11 15 0.02395908 
400 1431 11 13 0.023857595 
312 1264 7 10 0.023836479 
238 1436 10 13 0.02383474 
312 1438 9 12 0.023708355 
119 1248 7 9 0.023676166 
77 1445 8 10 0.023655517 
88 1420 9 11 0.02322946 
202 1430 7 9 0.023020485 
318 1350 8 11 0.02286174 
231 1278 10 12 0.022521352 
295 1388 11 13 0.022454133 
265 1340 8 11 0.022409521 
309 1357 9 10 0.022361504 
246 1477 13 15 0.02229559 
90 1310 10 13 0.022206487 
248 1414 9 12 0.022159468 
206 1197 9 12 0.022134695 
256 1427 8 11 0.022027291 
301 1350 10 12 0.022007855 
375 1428 9 12 0.021986613 
198 1422 8 10 0.021978043 
375 1269 8 12 0.02194287 
286 1413 8 11 0.021864505 
264 1327 9 11 0.021844426 
344 1342 8 10 0.021793092 
190 1234 11 14 0.02172919 
71 1492 12 14 0.021689557 
136 1216 10 12 0.021544676 
317 1206 9 12 0.021439396 
383 1444 12 15 0.02141111 
171 1429 9 13 0.021407673 
282 1413 8 11 0.021259883 
157 1469 11 16 0.021144962 
289 1255 8 10 0.021086622 
105 1235 9 11 0.020815615 
233 1285 9 11 0.020795817 
149 1500 9 11 0.020694466 
71 1453 9 10 0.020685682 
306 1408 8 10 0.020661518 
227 1409 9 12 0.020543605 
368 1437 10 13 0.020523975 
262 1423 9 12 0.020488966 
255 1375 7 10 0.020461112 
431 1310 10 13 0.020403253 
95 1422 10 14 0.020318603 
106 1215 10 11 0.020317875 
312 1286 7 10 0.020247946 
240 1308 9 12 0.02007825 
373 1319 9 11 0.02001174 
191 1399 10 12 0.020009272 
