23_Shoppers_Shoppers_23_197
44
448 107 137 175 0.9993924 
743 221 298 408 0.67217565 
276 643 10 14 0.3716506 
421 1082 34 40 0.2884291 
812 1473 11 14 0.12021402 
142 1300 14 20 0.10914824 
800 512 206 323 0.09983215 
52 1151 17 20 0.06152078 
723 345 352 529 0.060542308 
790 1505 13 16 0.054957908 
797 1474 14 19 0.050904423 
249 1309 12 16 0.049129136 
540 679 65 78 0.048760355 
53 1160 33 42 0.039015066 
58 1148 17 19 0.03761029 
221 453 30 43 0.0361283 
51 1143 16 16 0.035330262 
67 1187 16 21 0.032908976 
87 1308 13 15 0.030673953 
60 1168 15 19 0.02938092 
253 1300 11 14 0.028845644 
837 1522 13 12 0.028579762 
660 1275 47 61 0.028320806 
165 477 52 79 0.02687998 
806 1472 13 17 0.025817357 
64 1177 26 34 0.02579373 
52 1152 26 33 0.025732517 
832 1473 12 16 0.025630344 
334 1518 16 17 0.025519567 
115 1145 13 17 0.024297284 
296 670 9 11 0.024144165 
781 62 212 204 0.022796774 
263 1298 12 15 0.022442998 
264 1286 10 11 0.02231949 
38 1174 35 39 0.022093017 
67 1147 14 17 0.021511313 
836 937 177 260 0.021478588 
10 1334 14 18 0.021392724 
221 1311 9 11 0.021250162 
62 1185 14 19 0.02091499 
0 1307 12 17 0.020508228 
103 564 32 43 0.020144371 
106 1362 15 18 0.020121181 
222 1316 8 10 0.020076064 
