23_Shoppers_Shoppers_23_511
324
749 574 9 12 0.8101987 
749 277 9 11 0.72437733 
323 209 13 16 0.7148033 
243 121 12 17 0.67059195 
502 317 11 15 0.66443926 
530 13 8 12 0.62671846 
449 302 8 11 0.6041763 
421 284 8 12 0.5997505 
731 195 11 14 0.55389893 
649 306 10 13 0.5529445 
737 323 10 14 0.47777164 
201 117 10 14 0.46256647 
291 137 11 15 0.4570537 
161 93 11 15 0.4322549 
742 215 11 14 0.3865195 
56 301 9 12 0.3849618 
710 598 8 12 0.32791966 
246 161 11 14 0.3121131 
718 334 11 14 0.29703465 
889 342 10 12 0.27272773 
88 47 9 12 0.22051018 
589 332 11 15 0.2148084 
640 302 10 14 0.20848328 
916 333 11 16 0.20462316 
605 340 10 12 0.1936782 
48 592 9 10 0.18931384 
81 89 11 17 0.18420385 
483 323 9 12 0.1815055 
284 182 19 25 0.17271306 
625 334 8 11 0.16060743 
845 332 13 16 0.15306166 
343 214 11 14 0.15291966 
753 284 9 12 0.14744626 
205 120 11 17 0.13456936 
65 281 8 10 0.13178635 
346 241 35 38 0.13168892 
706 604 13 17 0.12839653 
47 40 11 12 0.12592609 
615 5 8 10 0.12092997 
853 560 8 10 0.11724608 
237 102 8 10 0.11421442 
162 119 16 20 0.113174506 
723 332 10 13 0.11257321 
238 196 12 14 0.10594644 
719 269 9 12 0.10450632 
102 38 8 9 0.101907976 
477 9 8 10 0.10104534 
629 333 9 12 0.099677175 
700 338 11 15 0.0995493 
687 341 9 12 0.09828773 
870 341 11 12 0.097674586 
798 269 8 10 0.09710296 
126 124 9 11 0.09569891 
334 211 11 15 0.093714856 
616 310 9 11 0.09314138 
695 318 9 11 0.09113294 
15 293 9 11 0.08865962 
669 300 9 12 0.0868045 
788 638 14 16 0.085597046 
95 68 11 15 0.08409742 
617 359 10 13 0.08176262 
59 300 10 14 0.08167734 
507 318 10 14 0.08089848 
768 341 9 12 0.0800816 
790 358 9 11 0.07899509 
138 48 8 9 0.07803197 
98 38 8 10 0.07724001 
844 319 12 15 0.07655577 
165 98 11 14 0.07578399 
100 62 12 16 0.075181544 
247 341 29 44 0.07163594 
69 300 10 13 0.067060515 
168 586 12 14 0.065998144 
830 240 9 10 0.065756574 
198 100 9 12 0.06552078 
37 615 8 10 0.064763576 
142 322 53 90 0.06422729 
877 342 11 14 0.063055605 
574 250 15 19 0.062998824 
404 466 18 21 0.0617297 
493 576 9 10 0.061028935 
165 87 9 12 0.059189543 
851 620 14 17 0.058428835 
717 285 9 11 0.05555885 
697 333 10 14 0.054320145 
94 45 10 12 0.054009993 
77 321 9 11 0.0539128 
782 630 9 11 0.053827032 
671 366 8 11 0.05376785 
777 256 9 11 0.05201198 
774 308 9 12 0.05145218 
150 356 29 47 0.050906565 
695 313 9 11 0.05071329 
640 331 10 13 0.050711196 
782 636 12 15 0.05009043 
194 117 9 13 0.050072327 
355 244 16 20 0.049842454 
621 311 9 11 0.04982133 
148 347 13 16 0.04963194 
815 257 8 10 0.048343137 
789 214 10 11 0.048318014 
550 327 9 11 0.048150208 
843 224 7 9 0.047909807 
782 221 12 14 0.047867663 
561 318 10 12 0.047549114 
232 108 10 12 0.046883903 
774 288 10 12 0.046618644 
598 334 11 15 0.046607226 
102 53 9 12 0.046333674 
219 585 15 17 0.0462741 
736 340 10 12 0.046258427 
252 37 10 13 0.046161618 
815 224 8 10 0.046112284 
146 137 13 15 0.046052147 
902 320 10 13 0.045823872 
339 225 37 42 0.045686737 
168 111 11 13 0.04558713 
185 95 8 10 0.045026764 
133 61 14 16 0.044643864 
586 326 9 11 0.0443876 
810 261 8 9 0.044244215 
53 592 9 11 0.044212613 
163 129 15 19 0.04420169 
266 429 39 58 0.043727156 
292 172 10 13 0.04370615 
48 610 13 16 0.043465395 
192 126 9 14 0.042961784 
830 345 9 11 0.04233174 
131 357 13 16 0.04220238 
689 348 9 11 0.041843124 
102 45 9 13 0.04144204 
561 325 10 12 0.041432455 
382 243 13 20 0.040866926 
560 32 8 10 0.04079611 
135 119 10 13 0.040643096 
631 329 8 11 0.03968173 
770 286 9 12 0.039429463 
773 276 10 12 0.03932064 
745 287 8 10 0.038563892 
126 93 12 15 0.03829773 
341 218 15 20 0.03822043 
13 604 10 14 0.038173255 
860 641 12 14 0.038095225 
335 215 26 36 0.037903074 
783 624 9 10 0.03766039 
599 290 12 14 0.037105888 
223 102 9 10 0.036921985 
168 71 8 10 0.036773734 
121 118 11 13 0.035951924 
89 41 8 9 0.035770644 
837 255 9 11 0.035714533 
66 64 14 19 0.03553969 
191 29 8 10 0.035260305 
784 366 10 12 0.035103638 
483 23 10 13 0.034954995 
694 348 9 12 0.034850497 
784 215 11 13 0.03477284 
791 209 9 11 0.034757312 
617 315 9 12 0.034677286 
191 96 8 10 0.034641128 
789 385 11 15 0.034546454 
512 337 9 10 0.03444736 
910 322 11 18 0.03410058 
140 67 10 13 0.033834014 
133 551 15 17 0.03353428 
719 277 8 11 0.033321492 
71 307 9 12 0.033314712 
549 332 9 11 0.032892942 
630 340 9 12 0.032868218 
717 636 15 17 0.03285994 
102 34 8 9 0.0325842 
496 320 13 16 0.032447275 
395 463 29 35 0.03231059 
824 582 8 10 0.03225521 
790 351 10 12 0.03213498 
790 364 8 11 0.03213277 
184 28 8 10 0.03209225 
800 364 11 13 0.031976692 
126 87 11 14 0.03182031 
790 630 11 12 0.031676468 
669 319 9 12 0.03152118 
231 196 12 14 0.031367954 
132 87 10 11 0.031175645 
82 48 8 11 0.031094367 
759 335 8 11 0.030951627 
766 198 9 12 0.030871285 
213 24 9 11 0.03043858 
619 363 11 13 0.030429315 
119 84 10 13 0.0303779 
364 240 28 34 0.030338414 
892 346 11 13 0.030290216 
94 317 7 9 0.03014286 
135 55 10 11 0.029968426 
298 382 32 42 0.029935313 
234 97 8 10 0.029796297 
192 100 9 12 0.02953608 
901 340 10 13 0.029461393 
185 89 7 10 0.029341485 
653 332 9 12 0.028970834 
646 331 10 13 0.028948234 
799 357 13 15 0.028741548 
168 78 8 10 0.02871063 
865 343 11 14 0.028668597 
824 261 10 13 0.02862663 
838 261 9 11 0.028505333 
94 49 11 14 0.028409157 
138 343 9 11 0.028367227 
822 256 9 11 0.028214639 
745 272 10 11 0.028200254 
823 267 11 15 0.02813491 
23 294 9 12 0.02802151 
633 309 9 11 0.027972972 
172 625 9 11 0.02789561 
173 123 10 16 0.027710462 
736 614 21 29 0.027670877 
696 324 10 12 0.027577749 
170 116 11 14 0.027505785 
216 62 8 10 0.027447809 
617 333 8 11 0.027403012 
623 328 9 12 0.02732427 
141 125 10 11 0.02713617 
633 356 9 11 0.027131725 
112 558 12 15 0.02711787 
216 79 8 11 0.027108526 
681 341 8 11 0.026879683 
39 312 8 9 0.026781436 
774 303 9 11 0.02665331 
860 621 11 15 0.026111942 
610 309 9 11 0.026083844 
784 381 13 16 0.026044488 
783 371 11 13 0.026043227 
637 352 9 11 0.025905253 
142 342 12 15 0.025869228 
159 79 8 10 0.025812091 
615 326 10 13 0.025782067 
635 303 9 12 0.025659844 
846 590 11 12 0.025628034 
769 272 8 11 0.025248164 
153 368 18 28 0.025216265 
794 265 9 11 0.025022952 
111 47 8 11 0.024959207 
898 319 9 13 0.024613477 
209 88 7 10 0.024554955 
184 126 10 13 0.024459133 
633 351 9 11 0.024441766 
256 32 9 10 0.024409188 
768 190 8 10 0.024396122 
447 557 9 12 0.024351815 
775 357 9 11 0.024179194 
174 104 8 11 0.02415072 
720 191 9 12 0.024124365 
205 112 11 15 0.02412192 
690 319 9 11 0.024104236 
278 370 28 36 0.02409274 
700 319 9 11 0.024082048 
131 97 12 16 0.02406292 
932 268 11 15 0.023784159 
320 219 47 55 0.023766207 
773 351 9 11 0.023732878 
165 50 11 13 0.023596866 
490 580 9 11 0.023566475 
647 318 8 10 0.023337752 
727 186 8 10 0.023248494 
895 371 12 17 0.023205375 
783 279 9 11 0.023197422 
746 626 13 17 0.023150662 
560 330 11 14 0.023078652 
130 528 26 30 0.022978235 
760 190 8 11 0.022948457 
174 86 8 11 0.02269563 
170 564 17 17 0.022588506 
54 53 21 30 0.02255129 
39 316 8 11 0.022383701 
214 85 8 11 0.022282954 
771 310 9 12 0.022191823 
389 447 22 32 0.022179347 
51 302 9 11 0.0221601 
565 332 12 14 0.02213419 
701 327 9 11 0.022117335 
157 112 11 13 0.022117004 
9 294 9 12 0.022103807 
752 317 10 12 0.0220811 
271 83 9 12 0.022066742 
716 598 10 13 0.022040969 
211 124 11 15 0.022040712 
223 196 13 15 0.022040507 
163 299 13 15 0.021827856 
110 53 9 12 0.021764953 
785 358 9 11 0.02175535 
760 205 9 11 0.021735875 
703 372 9 11 0.021592634 
776 189 7 10 0.021548195 
220 562 14 17 0.021512743 
664 323 9 12 0.021440303 
771 293 9 11 0.021427432 
622 382 11 12 0.021412717 
655 327 9 12 0.021297641 
90 318 7 10 0.021280667 
739 288 8 10 0.021250881 
799 580 9 11 0.021227613 
719 7 7 8 0.021094901 
269 405 23 29 0.02107098 
171 138 12 17 0.020901999 
342 208 11 14 0.020891909 
108 67 11 15 0.020888455 
830 260 10 12 0.0207943 
141 341 22 27 0.020774344 
313 198 25 29 0.020760458 
361 77 10 13 0.020722304 
743 264 11 12 0.020703956 
601 347 9 12 0.020673236 
151 77 9 12 0.020603456 
223 97 8 10 0.020583533 
754 334 8 10 0.020509453 
245 40 13 16 0.020496575 
132 77 10 11 0.020450152 
417 287 10 14 0.020427609 
500 328 13 16 0.020391343 
894 334 12 15 0.020374017 
846 595 13 15 0.020263162 
160 70 8 11 0.020211192 
479 59 10 12 0.020164218 
768 324 8 12 0.020138731 
834 275 15 18 0.020038407 
