23_Shoppers_Shoppers_23_10
55
638 298 27 34 0.998585 
468 333 26 33 0.998531 
64 387 37 48 0.9958495 
278 310 33 43 0.99529266 
1001 334 16 23 0.6744468 
579 315 24 35 0.65799385 
541 79 9 11 0.40901303 
940 36 11 12 0.19046819 
761 324 19 31 0.16972646 
609 110 9 11 0.16892383 
698 296 17 21 0.14428753 
646 93 8 10 0.1026222 
852 316 20 20 0.10191232 
625 116 8 10 0.07911932 
528 87 7 10 0.07898397 
390 45 12 15 0.07515663 
789 320 20 29 0.07146938 
532 304 20 22 0.06340075 
0 377 21 46 0.059602015 
891 330 14 17 0.058957655 
595 91 10 13 0.05824708 
558 87 8 9 0.056043208 
552 80 8 10 0.052426077 
792 180 13 16 0.051073883 
518 70 10 12 0.049445074 
554 85 7 10 0.044735778 
527 80 8 10 0.043478817 
518 64 9 12 0.04346979 
691 20 10 12 0.03987379 
582 86 8 10 0.03971762 
510 79 10 12 0.03771075 
503 94 8 10 0.03647201 
784 623 9 13 0.03499783 
505 111 9 11 0.032575883 
667 305 15 21 0.03184398 
614 0 10 10 0.030098274 
594 118 9 11 0.028167877 
629 112 8 10 0.027427575 
592 44 10 13 0.02721656 
505 77 9 13 0.026419781 
729 52 11 13 0.02579138 
859 309 17 22 0.025597865 
643 108 8 11 0.025470521 
513 105 8 10 0.024403023 
775 46 10 13 0.023547696 
690 573 17 18 0.022260532 
511 109 8 11 0.021799764 
536 85 8 10 0.021750115 
997 339 23 34 0.021745 
959 321 12 15 0.021179264 
741 115 23 32 0.020938605 
816 40 8 11 0.020601599 
560 92 8 10 0.020475946 
578 86 8 10 0.020315558 
744 24 10 12 0.020314401 
