23_Shoppers_Shoppers_23_232
3394
203 10 398 352 0.1250869 
380 2 412 339 0.12508546 
562 -20 410 332 0.12508187 
289 25 219 212 0.12506577 
596 21 220 216 0.1250639 
-3 222 20 43 0.1250634 
479 26 219 213 0.12506327 
0 233 10 21 0.12506232 
385 28 215 209 0.1250608 
670 -8 216 191 0.12505166 
6 33 70 143 0.12505147 
563 25 133 139 0.12505144 
261 26 118 137 0.12505138 
427 28 119 136 0.12505129 
505 27 123 138 0.12505119 
25 60 86 154 0.12505119 
62 35 95 148 0.12505117 
284 89 100 175 0.12505114 
333 29 121 134 0.12505114 
682 67 118 161 0.12505113 
601 57 123 154 0.12505111 
91 106 93 175 0.12505104 
796 59 114 151 0.12505102 
381 45 120 149 0.12505102 
839 45 113 149 0.12505095 
122 69 98 161 0.12505095 
3 90 68 151 0.12505093 
173 134 94 177 0.12505093 
251 134 96 178 0.12505093 
545 59 113 149 0.12505087 
715 35 112 144 0.12505086 
421 82 109 163 0.12505083 
52 82 90 166 0.12505083 
216 20 108 128 0.1250508 
233 71 104 155 0.12505078 
646 34 119 144 0.12505075 
185 33 100 147 0.12505074 
468 81 108 163 0.12505072 
410 134 98 175 0.12505072 
315 136 96 175 0.12505071 
538 152 96 171 0.12505071 
325 69 109 159 0.1250507 
615 150 97 173 0.1250507 
761 27 115 136 0.1250507 
473 150 97 172 0.12505066 
104 29 102 135 0.12505066 
376 93 102 169 0.12505063 
638 91 112 168 0.12505062 
203 95 97 164 0.12505062 
739 82 106 163 0.12505062 
125 147 93 178 0.12505054 
567 110 98 168 0.12505051 
35 19 90 129 0.12505047 
879 69 105 162 0.12505041 
520 95 100 164 0.12505041 
150 21 104 126 0.12505038 
143 5 219 202 0.12505035 
17 127 76 168 0.12505035 
826 106 107 171 0.1250503 
663 151 94 171 0.12505022 
716 166 86 155 0.1250502 
364 7 120 114 0.1250502 
619 16 114 119 0.1250502 
364 147 95 177 0.1250502 
219 165 95 174 0.1250501 
817 20 104 129 0.12505008 
680 15 114 119 0.12505005 
758 148 94 175 0.12505002 
76 164 92 176 0.12504996 
302 7 116 114 0.12504996 
880 19 101 131 0.12504986 
479 7 109 112 0.12504968 
541 9 112 111 0.12504956 
-7 200 66 145 0.12504943 
910 112 95 164 0.12504934 
806 150 94 171 0.12504931 
737 7 106 112 0.12504907 
-4 -15 79 111 0.125049 
866 139 90 168 0.12504898 
243 7 114 99 0.12504882 
926 64 90 147 0.12504864 
178 4 109 100 0.12504822 
608 219 45 77 0.12504819 
428 77 55 82 0.12504819 
496 219 45 77 0.12504818 
413 5 111 99 0.12504816 
573 94 53 80 0.12504812 
528 219 45 78 0.12504812 
495 171 49 85 0.12504809 
112 155 47 85 0.12504809 
464 220 45 77 0.12504807 
115 5 106 98 0.12504807 
254 94 52 81 0.12504804 
54 4 104 100 0.12504803 
223 140 49 83 0.125048 
527 156 49 83 0.125048 
876 77 54 82 0.125048 
590 109 51 82 0.12504795 
575 140 49 83 0.12504795 
159 123 50 85 0.12504795 
798 79 52 79 0.12504794 
191 139 49 84 0.12504792 
239 78 50 81 0.12504792 
433 220 44 78 0.12504792 
321 220 44 78 0.1250479 
303 93 51 82 0.1250479 
143 107 50 84 0.1250479 
721 219 45 77 0.1250479 
576 219 46 80 0.1250479 
479 139 49 85 0.1250479 
558 109 52 82 0.1250479 
255 140 49 83 0.1250479 
477 77 53 81 0.1250479 
286 62 53 81 0.1250479 
560 156 48 83 0.12504788 
318 77 52 82 0.12504788 
641 220 44 77 0.12504788 
458 63 58 79 0.12504788 
541 94 53 80 0.12504786 
431 140 49 83 0.12504785 
79 92 49 84 0.12504785 
270 108 52 83 0.12504785 
943 177 76 147 0.12504785 
510 124 51 83 0.12504783 
335 94 50 81 0.12504783 
207 123 49 85 0.12504783 
639 141 49 82 0.12504782 
829 79 53 80 0.12504782 
509 78 52 80 0.12504782 
592 156 47 83 0.12504782 
253 48 54 78 0.12504782 
336 140 48 83 0.12504782 
446 109 52 82 0.12504782 
401 220 45 78 0.12504782 
95 107 49 85 0.12504782 
127 92 49 84 0.12504782 
370 220 43 77 0.1250478 
653 108 52 83 0.1250478 
799 157 49 81 0.1250478 
622 109 51 82 0.1250478 
128 139 48 84 0.1250478 
288 140 48 83 0.1250478 
399 140 49 83 0.1250478 
606 94 51 81 0.12504779 
240 155 48 84 0.12504779 
814 94 52 81 0.12504779 
368 140 48 83 0.12504779 
288 220 45 79 0.12504779 
685 108 52 83 0.12504777 
689 219 45 76 0.12504777 
607 140 49 83 0.12504777 
671 141 49 82 0.12504777 
398 93 51 82 0.12504776 
222 47 51 80 0.12504776 
831 156 49 83 0.12504776 
717 108 53 83 0.12504774 
703 141 49 82 0.12504774 
158 63 51 80 0.12504774 
209 186 46 86 0.12504774 
656 156 47 84 0.12504774 
272 155 48 84 0.12504774 
414 109 51 82 0.12504771 
669 93 52 82 0.12504771 
526 109 51 82 0.12504771 
80 170 47 86 0.12504771 
366 93 51 82 0.12504771 
382 108 51 83 0.12504771 
701 93 52 82 0.12504771 
637 93 53 82 0.12504771 
32 108 48 84 0.12504771 
223 93 50 82 0.12504771 
767 109 50 82 0.12504771 
720 156 48 83 0.12504771 
753 219 45 77 0.12504771 
735 141 49 82 0.12504771 
493 62 53 80 0.12504771 
556 63 55 79 0.12504771 
448 155 48 85 0.12504771 
815 141 50 81 0.12504771 
110 62 51 81 0.12504771 
783 125 50 82 0.12504771 
206 61 51 82 0.12504771 
783 5 108 100 0.12504771 
751 125 50 82 0.1250477 
463 124 50 83 0.1250477 
847 140 50 83 0.1250477 
587 62 56 80 0.1250477 
381 62 53 81 0.1250477 
545 187 47 84 0.1250477 
349 77 52 82 0.1250477 
862 155 50 84 0.1250477 
416 155 47 85 0.12504768 
733 93 52 82 0.12504768 
64 108 48 84 0.12504768 
624 188 48 82 0.12504767 
384 155 48 85 0.12504767 
352 155 47 85 0.12504767 
543 139 49 84 0.12504765 
619 62 56 80 0.12504765 
319 123 49 84 0.12504765 
256 219 46 83 0.12504765 
524 62 54 80 0.12504765 
845 93 52 82 0.12504764 
494 109 52 82 0.12504764 
878 140 51 83 0.12504764 
175 108 50 83 0.12504764 
768 156 48 84 0.12504764 
304 155 47 85 0.12504764 
176 154 48 87 0.12504761 
33 154 46 86 0.12504761 
908 77 53 82 0.12504761 
561 203 46 84 0.12504761 
190 47 52 80 0.12504761 
688 155 48 85 0.12504761 
780 63 54 80 0.1250476 
304 203 47 84 0.1250476 
50 220 43 78 0.1250476 
449 203 46 84 0.1250476 
272 203 47 84 0.1250476 
651 62 56 80 0.1250476 
191 93 50 82 0.1250476 
7 47 43 81 0.1250476 
512 187 48 85 0.1250476 
749 78 53 81 0.12504756 
177 219 45 84 0.12504756 
94 47 51 80 0.12504756 
48 139 47 85 0.12504755 
63 61 49 83 0.12504753 
417 203 46 83 0.12504753 
129 186 46 86 0.12504753 
942 141 51 82 0.12504752 
48 92 48 84 0.1250475 
48 47 48 81 0.1250475 
321 170 46 87 0.1250475 
464 170 48 86 0.12504749 
145 219 46 84 0.12504749 
913 4 90 109 0.12504749 
141 48 53 79 0.12504749 
330 48 58 78 0.12504749 
862 109 51 82 0.12504749 
480 187 48 85 0.12504749 
910 141 51 81 0.12504748 
441 34 61 76 0.12504746 
716 63 54 80 0.12504746 
409 48 60 77 0.12504743 
33 61 47 83 0.12504743 
160 169 48 88 0.12504743 
684 63 54 79 0.12504743 
704 188 47 82 0.12504742 
657 203 46 84 0.12504742 
672 188 47 82 0.12504742 
894 124 51 83 0.12504739 
17 92 46 84 0.12504739 
336 186 48 86 0.12504737 
927 125 49 82 0.12504736 
816 188 48 82 0.12504734 
784 172 48 83 0.12504734 
225 219 45 84 0.12504734 
4 123 44 85 0.12504731 
736 188 47 82 0.12504728 
811 48 56 78 0.12504728 
78 34 51 77 0.12504728 
298 34 60 75 0.12504728 
125 34 53 76 0.12504728 
20 170 43 87 0.12504725 
241 203 46 84 0.12504725 
752 172 47 83 0.12504725 
385 202 46 85 0.12504722 
2 79 37 80 0.12504722 
31 182 86 155 0.1250472 
800 204 48 83 0.1250472 
35 203 44 84 0.12504719 
942 92 51 84 0.12504718 
973 92 44 85 0.12504716 
768 204 47 82 0.12504713 
785 220 46 77 0.12504713 
101 237 42 76 0.12504713 
832 204 47 83 0.12504713 
959 123 48 84 0.12504712 
848 4 104 100 0.1250471 
361 35 61 74 0.1250471 
844 48 54 78 0.12504709 
898 182 76 142 0.12504707 
474 35 59 75 0.12504706 
9 239 41 76 0.12504704 
505 35 60 74 0.12504703 
354 202 46 85 0.12504703 
568 35 62 74 0.12504703 
882 203 46 82 0.12504701 
197 238 42 75 0.12504701 
600 35 62 74 0.125047 
632 35 62 74 0.125047 
536 35 62 74 0.12504698 
848 187 47 84 0.12504698 
32 21 48 75 0.12504698 
761 34 59 75 0.12504698 
171 21 57 74 0.12504697 
728 34 61 75 0.12504695 
234 22 61 72 0.12504694 
488 10 61 69 0.12504694 
2 18 37 77 0.12504692 
895 171 49 85 0.12504691 
5 204 43 82 0.1250469 
892 47 53 80 0.1250469 
973 46 44 83 0.12504686 
-1 157 38 82 0.12504686 
664 35 61 74 0.12504686 
423 10 64 69 0.12504685 
456 11 62 68 0.12504683 
975 225 41 71 0.12504683 
928 171 48 86 0.12504683 
62 22 51 74 0.12504683 
960 171 47 86 0.1250468 
164 238 42 76 0.1250468 
695 35 62 74 0.12504677 
391 22 64 72 0.12504676 
925 48 52 80 0.12504673 
912 187 47 85 0.1250467 
265 11 63 68 0.12504666 
312 10 64 69 0.12504663 
826 22 57 72 0.12504663 
203 9 57 70 0.12504663 
552 11 62 68 0.12504658 
615 11 63 68 0.12504657 
519 11 64 68 0.12504657 
712 10 61 68 0.12504655 
859 22 56 73 0.12504655 
793 22 59 72 0.12504655 
647 11 64 68 0.12504655 
583 11 64 68 0.12504655 
93 10 53 70 0.12504655 
112 203 47 83 0.12504652 
139 11 56 69 0.12504652 
679 11 64 68 0.1250465 
746 9 58 70 0.12504649 
343 10 64 69 0.12504649 
941 11 51 69 0.12504646 
68 239 42 73 0.12504646 
868 219 44 79 0.12504646 
944 187 46 86 0.12504643 
144 154 48 86 0.12504643 
64 186 47 85 0.12504634 
907 21 56 74 0.12504634 
96 186 47 86 0.12504631 
16 11 49 70 0.12504627 
902 219 43 80 0.12504624 
23 220 42 82 0.1250462 
46 3 51 63 0.12504612 
376 2 62 63 0.12504612 
81 219 45 83 0.12504596 
934 221 42 80 0.12504594 
970 9 42 71 0.12504587 
779 2 56 63 0.12504582 
811 3 56 62 0.12504578 
844 3 53 63 0.12504569 
892 3 53 63 0.12504564 
984 127 39 80 0.1250455 
985 -22 40 70 0.12504527 
910 97 11 21 0.12504514 
984 175 39 79 0.1250449 
439 1 65 48 0.1250448 
462 74 12 19 0.12504427 
950 89 11 21 0.12504417 
982 121 11 21 0.12504406 
185 1 62 49 0.12504402 
407 0 64 49 0.125044 
153 1 61 49 0.12504399 
216 0 64 49 0.12504399 
950 121 11 21 0.12504397 
76 1 55 49 0.12504397 
122 0 59 49 0.12504393 
326 0 66 49 0.12504388 
727 0 63 49 0.12504388 
247 0 65 49 0.12504387 
471 0 64 49 0.12504385 
695 0 65 49 0.12504385 
567 0 64 49 0.12504384 
278 0 66 49 0.12504384 
535 0 64 49 0.12504384 
503 0 65 49 0.12504384 
663 0 65 49 0.12504382 
631 0 65 49 0.12504381 
599 0 65 49 0.12504381 
6 0 45 50 0.12504372 
974 121 11 21 0.12504359 
934 169 11 21 0.12504357 
923 -1 56 50 0.12504353 
957 -3 51 52 0.12504353 
990 121 11 21 0.12504344 
214 161 11 21 0.12504327 
62 41 11 21 0.12504318 
62 25 11 21 0.12504318 
70 73 11 21 0.1250431 
62 57 11 21 0.12504308 
70 33 11 21 0.12504302 
894 169 11 21 0.125043 
70 49 11 21 0.125043 
902 177 11 21 0.12504297 
198 153 11 21 0.12504297 
998 185 11 21 0.12504297 
942 169 11 21 0.12504296 
54 49 11 21 0.12504295 
886 161 11 21 0.12504293 
318 18 12 19 0.12504292 
374 18 12 19 0.12504292 
750 18 12 19 0.1250429 
798 18 12 19 0.1250429 
734 18 12 19 0.1250429 
806 18 12 19 0.1250429 
846 18 12 19 0.1250429 
334 18 12 19 0.1250429 
726 18 12 19 0.1250429 
70 17 11 21 0.1250429 
366 18 12 19 0.1250429 
702 18 12 19 0.1250429 
758 18 12 19 0.1250429 
358 18 12 19 0.1250429 
814 18 12 19 0.1250429 
830 18 12 19 0.1250429 
278 18 12 19 0.1250429 
342 18 12 19 0.1250429 
446 18 12 19 0.1250429 
790 41 12 21 0.1250429 
774 18 12 19 0.1250429 
566 18 12 19 0.1250429 
766 18 12 19 0.1250429 
462 18 12 19 0.1250429 
206 25 12 21 0.1250429 
198 25 12 21 0.1250429 
534 18 12 19 0.1250429 
190 89 12 21 0.1250429 
838 18 12 19 0.1250429 
718 18 12 19 0.1250429 
542 18 12 19 0.1250429 
822 18 12 19 0.1250429 
326 18 12 19 0.1250429 
790 18 12 19 0.1250429 
54 17 11 21 0.1250429 
454 18 12 19 0.1250429 
782 18 12 19 0.1250429 
102 81 11 21 0.1250429 
742 18 12 19 0.12504287 
54 33 11 21 0.12504287 
382 18 12 19 0.12504287 
158 105 12 21 0.12504287 
526 18 12 19 0.12504287 
294 18 12 19 0.12504287 
158 25 12 21 0.12504287 
166 25 12 21 0.12504287 
238 18 12 19 0.12504287 
478 18 12 19 0.12504287 
582 18 12 19 0.12504287 
270 18 12 19 0.12504287 
254 18 12 19 0.12504287 
182 97 12 21 0.12504287 
246 18 12 19 0.12504287 
414 18 12 19 0.12504287 
494 18 12 19 0.12504287 
134 153 11 21 0.12504287 
286 18 12 19 0.12504287 
438 18 12 19 0.12504287 
710 18 12 19 0.12504287 
302 18 12 19 0.12504287 
694 18 12 19 0.12504287 
206 89 12 21 0.12504287 
350 18 12 19 0.12504287 
470 18 12 19 0.12504287 
214 89 12 21 0.12504287 
310 18 12 19 0.12504287 
510 18 12 19 0.12504287 
518 18 12 19 0.12504287 
142 153 11 21 0.12504287 
150 105 12 21 0.12504286 
190 25 12 21 0.12504286 
86 65 11 21 0.12504286 
574 18 12 19 0.12504286 
190 121 11 21 0.12504286 
502 18 12 19 0.12504286 
222 89 12 21 0.12504286 
110 73 11 21 0.12504286 
166 105 12 21 0.12504286 
638 18 12 19 0.12504286 
142 105 11 21 0.12504286 
486 18 12 19 0.12504286 
198 97 11 21 0.12504286 
398 18 12 19 0.12504286 
166 41 12 21 0.12504286 
166 137 11 21 0.12504286 
102 33 11 21 0.12504286 
254 89 12 21 0.12504284 
430 18 12 19 0.12504284 
78 25 11 21 0.12504284 
142 33 12 21 0.12504284 
846 41 12 21 0.12504284 
206 113 11 21 0.12504284 
182 129 11 21 0.12504284 
550 18 12 19 0.12504284 
126 33 12 21 0.12504284 
822 33 12 21 0.12504284 
174 97 12 21 0.12504284 
422 18 12 19 0.12504284 
238 97 12 21 0.12504284 
174 137 11 21 0.12504284 
406 18 12 19 0.12504284 
390 18 12 19 0.12504284 
158 137 11 21 0.12504284 
110 41 11 21 0.12504284 
814 33 12 21 0.12504284 
142 137 11 21 0.12504284 
270 89 12 21 0.12504284 
118 33 12 21 0.12504284 
262 89 12 21 0.12504284 
774 41 12 21 0.12504284 
134 113 11 21 0.12504284 
182 113 11 21 0.12504284 
798 41 12 21 0.12504284 
174 113 11 21 0.12504284 
78 65 11 21 0.12504284 
150 153 11 21 0.12504284 
206 129 11 21 0.12504284 
246 89 12 21 0.12504284 
806 41 12 21 0.12504284 
262 18 12 19 0.12504284 
102 65 11 21 0.12504284 
230 89 11 21 0.12504284 
198 129 11 21 0.12504284 
78 41 11 21 0.12504284 
134 129 11 21 0.12504284 
342 105 12 21 0.12504284 
190 105 11 21 0.12504284 
46 33 11 21 0.12504284 
118 89 11 21 0.12504284 
686 18 12 19 0.12504284 
598 18 12 19 0.12504284 
614 18 12 19 0.12504284 
830 33 12 21 0.12504284 
214 18 12 19 0.12504284 
606 18 12 19 0.12504284 
630 18 12 19 0.12504284 
86 49 11 21 0.12504284 
214 121 11 21 0.12504284 
94 73 11 21 0.12504284 
558 18 12 19 0.12504284 
230 18 12 19 0.12504284 
246 121 11 21 0.12504284 
622 18 12 19 0.12504284 
206 42 12 20 0.12504284 
158 153 11 21 0.12504284 
126 97 11 21 0.12504284 
86 25 11 21 0.12504284 
46 17 11 21 0.12504284 
110 25 12 21 0.12504284 
94 25 11 21 0.12504284 
150 25 12 21 0.12504284 
230 113 11 21 0.12504284 
94 57 11 21 0.12504284 
222 26 12 19 0.12504284 
502 42 11 19 0.12504284 
174 25 12 21 0.12504284 
174 41 12 21 0.12504283 
662 18 12 19 0.12504283 
670 18 12 19 0.12504283 
678 18 12 19 0.12504283 
334 89 11 21 0.12504283 
326 89 11 21 0.12504283 
782 41 12 21 0.12504283 
222 113 11 21 0.12504283 
654 18 12 19 0.12504283 
718 34 12 20 0.12504283 
238 121 11 21 0.12504283 
190 137 11 21 0.12504283 
134 33 12 21 0.12504283 
222 129 11 21 0.12504283 
214 105 11 21 0.12504283 
182 33 12 21 0.12504283 
238 137 11 21 0.12504283 
590 18 12 19 0.12504283 
486 34 12 19 0.12504283 
94 41 11 21 0.12504283 
278 89 12 21 0.12504283 
646 18 12 19 0.12504283 
494 34 12 20 0.12504283 
126 73 11 21 0.12504281 
198 49 12 21 0.12504281 
254 105 11 21 0.12504281 
246 105 12 21 0.12504281 
134 73 11 21 0.12504281 
262 105 12 21 0.12504281 
182 73 12 21 0.12504281 
38 25 11 21 0.12504281 
270 105 12 21 0.12504281 
166 73 11 21 0.12504281 
158 49 12 21 0.12504281 
302 81 12 21 0.12504281 
174 73 12 21 0.12504281 
150 49 12 21 0.12504281 
118 49 11 21 0.12504281 
190 73 12 21 0.12504281 
334 105 12 21 0.12504281 
310 105 11 21 0.12504281 
254 121 11 21 0.12504281 
222 73 12 21 0.12504281 
198 65 12 21 0.12504281 
334 50 12 19 0.12504281 
102 49 11 21 0.12504281 
614 81 12 21 0.12504281 
422 50 12 19 0.12504281 
182 145 11 21 0.12504281 
814 81 12 21 0.12504281 
558 89 12 21 0.12504281 
142 49 12 21 0.12504281 
374 89 12 21 0.12504281 
166 121 12 21 0.12504281 
398 34 12 19 0.12504281 
342 89 12 21 0.12504281 
286 89 11 21 0.12504281 
238 81 12 21 0.12504281 
310 121 11 21 0.12504281 
142 81 11 21 0.12504281 
150 129 11 21 0.12504281 
334 121 11 21 0.12504281 
326 121 11 21 0.12504281 
782 81 12 21 0.12504281 
294 89 11 21 0.12504281 
390 34 12 19 0.12504281 
854 41 12 21 0.12504281 
310 89 12 21 0.12504281 
726 34 12 20 0.12504281 
142 121 11 21 0.12504281 
422 89 12 21 0.12504281 
766 41 12 21 0.12504281 
318 89 12 21 0.12504281 
838 41 12 21 0.12504281 
350 89 12 21 0.12504281 
382 89 12 21 0.12504281 
118 113 11 21 0.12504281 
542 89 12 21 0.12504281 
126 113 11 21 0.12504281 
734 42 12 19 0.12504281 
710 34 12 19 0.12504281 
158 121 11 21 0.12504281 
822 49 12 21 0.12504281 
622 89 12 21 0.12504281 
230 129 11 21 0.12504281 
814 49 12 21 0.12504281 
214 34 12 20 0.12504281 
166 153 11 21 0.12504281 
230 34 12 20 0.12504281 
534 89 12 21 0.12504281 
758 34 12 20 0.12504281 
110 57 11 21 0.12504281 
750 89 12 21 0.12504281 
846 65 12 21 0.12504281 
198 113 11 21 0.12504281 
750 34 12 19 0.12504281 
742 34 12 19 0.12504281 
238 34 12 19 0.12504281 
134 97 11 21 0.12504281 
830 65 12 21 0.12504281 
750 73 12 21 0.12504281 
246 34 12 19 0.12504281 
278 113 11 21 0.12504281 
190 41 12 21 0.12504281 
798 89 11 21 0.1250428 
478 105 11 21 0.1250428 
270 121 11 21 0.1250428 
302 97 11 21 0.1250428 
358 121 11 21 0.1250428 
350 121 11 21 0.1250428 
318 121 11 21 0.1250428 
790 89 11 21 0.1250428 
774 89 11 21 0.1250428 
342 121 11 21 0.1250428 
758 90 11 20 0.1250428 
302 121 11 21 0.1250428 
294 121 11 21 0.1250428 
286 121 11 21 0.1250428 
734 89 11 21 0.1250428 
654 89 12 21 0.1250428 
646 89 12 21 0.1250428 
262 121 11 21 0.1250428 
662 89 12 21 0.1250428 
526 121 11 21 0.1250428 
630 89 12 21 0.1250428 
398 121 11 21 0.1250428 
486 105 12 21 0.1250428 
702 90 11 20 0.1250428 
502 105 12 21 0.1250428 
574 106 11 20 0.1250428 
678 90 11 20 0.1250428 
182 18 12 19 0.1250428 
670 89 11 21 0.1250428 
622 105 11 21 0.1250428 
782 98 11 20 0.1250428 
438 113 11 21 0.1250428 
798 73 12 21 0.1250428 
214 58 12 20 0.1250428 
206 58 12 20 0.1250428 
286 42 12 19 0.1250428 
302 42 12 19 0.1250428 
182 57 12 21 0.1250428 
310 42 12 19 0.1250428 
710 74 12 20 0.1250428 
406 81 12 21 0.1250428 
478 42 12 19 0.1250428 
462 42 12 19 0.1250428 
446 42 12 19 0.1250428 
366 129 11 21 0.1250428 
806 73 12 21 0.1250428 
134 57 11 21 0.1250428 
342 42 12 19 0.1250428 
126 57 11 21 0.1250428 
838 73 12 21 0.1250428 
366 42 12 19 0.1250428 
374 42 12 19 0.1250428 
382 42 12 19 0.1250428 
406 42 12 19 0.1250428 
414 42 12 19 0.1250428 
742 73 12 21 0.1250428 
166 89 11 21 0.1250428 
158 89 11 21 0.1250428 
150 89 11 21 0.1250428 
742 106 11 20 0.1250428 
750 114 11 20 0.1250428 
446 89 12 21 0.1250428 
358 89 12 21 0.1250428 
366 89 12 21 0.1250428 
390 113 11 21 0.1250428 
790 105 11 21 0.1250428 
566 89 12 21 0.1250428 
774 105 11 21 0.1250428 
550 89 12 21 0.1250428 
590 89 11 21 0.1250428 
766 105 11 21 0.1250428 
758 106 11 20 0.1250428 
478 89 11 21 0.1250428 
486 89 12 21 0.1250428 
582 89 11 21 0.1250428 
574 90 11 20 0.1250428 
598 89 11 21 0.1250428 
494 89 11 21 0.1250428 
782 113 11 21 0.1250428 
502 89 11 21 0.1250428 
510 89 11 21 0.1250428 
446 113 11 21 0.1250428 
390 89 12 21 0.1250428 
398 105 12 21 0.1250428 
430 97 12 21 0.1250428 
518 121 11 21 0.1250428 
534 121 11 21 0.1250428 
742 121 11 21 0.1250428 
398 89 12 21 0.1250428 
686 97 11 21 0.1250428 
638 97 12 21 0.1250428 
790 122 11 20 0.1250428 
798 121 11 21 0.1250428 
462 97 11 21 0.1250428 
358 105 11 21 0.1250428 
350 105 12 21 0.1250428 
414 89 12 21 0.1250428 
406 114 11 20 0.1250428 
438 89 11 21 0.1250428 
510 113 12 21 0.1250428 
742 89 12 21 0.1250428 
286 105 11 21 0.1250428 
294 105 11 21 0.1250428 
318 105 11 21 0.1250428 
326 105 12 21 0.1250428 
726 74 12 20 0.1250428 
174 57 12 21 0.1250428 
158 65 11 21 0.1250428 
390 58 11 19 0.1250428 
342 58 12 19 0.1250428 
318 58 12 19 0.1250428 
246 58 12 20 0.1250428 
222 42 12 20 0.1250428 
254 58 12 19 0.1250428 
254 74 12 20 0.1250428 
790 65 12 21 0.1250428 
774 65 12 21 0.1250428 
766 65 12 21 0.1250428 
734 66 12 20 0.1250428 
606 81 12 21 0.1250428 
318 34 12 19 0.1250428 
326 34 12 19 0.1250428 
334 34 12 19 0.1250428 
358 34 12 19 0.1250428 
798 57 12 21 0.1250428 
782 57 12 21 0.1250428 
702 34 12 19 0.1250428 
262 34 12 19 0.1250428 
822 81 12 21 0.1250428 
982 33 11 21 0.1250428 
718 81 12 21 0.1250428 
174 153 11 21 0.1250428 
246 137 11 21 0.1250428 
382 129 11 21 0.1250428 
526 81 12 21 0.1250428 
966 33 11 21 0.1250428 
278 74 12 20 0.1250428 
558 34 12 19 0.1250428 
854 25 12 21 0.1250428 
286 73 12 21 0.1250428 
142 65 11 21 0.1250428 
118 65 11 21 0.1250428 
590 34 12 19 0.1250428 
598 34 12 19 0.1250428 
670 34 12 19 0.1250428 
550 34 12 19 0.1250428 
678 34 12 19 0.1250428 
854 57 12 21 0.1250428 
838 57 12 21 0.1250428 
254 34 12 19 0.1250428 
822 65 12 21 0.1250428 
814 65 12 21 0.1250428 
30 25 11 21 0.1250428 
230 50 12 20 0.1250428 
582 42 12 19 0.1250428 
830 49 12 21 0.1250428 
622 42 12 19 0.1250428 
630 42 12 19 0.1250428 
638 42 12 19 0.1250428 
654 42 12 19 0.1250428 
758 50 12 20 0.1250428 
238 50 12 20 0.1250428 
750 50 12 19 0.1250428 
758 73 12 21 0.1250428 
534 42 12 19 0.1250428 
574 42 12 19 0.1250428 
198 81 11 21 0.1250428 
430 50 12 19 0.1250428 
238 66 12 20 0.1250428 
206 73 12 21 0.1250428 
510 34 12 19 0.1250428 
214 73 12 21 0.1250428 
230 73 12 21 0.1250428 
542 34 12 19 0.1250428 
454 34 12 19 0.1250428 
438 34 12 19 0.1250428 
430 34 12 19 0.1250428 
686 42 12 19 0.1250428 
246 73 12 21 0.1250428 
646 50 12 19 0.1250428 
262 66 12 20 0.1250428 
726 50 12 19 0.1250428 
710 50 12 19 0.1250428 
718 50 12 20 0.1250428 
294 66 12 19 0.1250428 
742 50 12 19 0.1250428 
310 66 12 20 0.1250428 
270 58 12 19 0.12504278 
518 89 11 21 0.12504278 
470 97 11 21 0.12504278 
526 42 12 19 0.12504278 
662 42 12 19 0.12504278 
598 50 12 19 0.12504278 
806 89 11 21 0.12504278 
694 34 12 19 0.12504278 
470 34 12 19 0.12504278 
974 41 11 21 0.12504278 
534 66 12 19 0.12504278 
430 74 12 19 0.12504278 
438 66 12 19 0.12504278 
734 114 11 20 0.12504278 
518 42 12 19 0.12504278 
406 97 12 21 0.12504278 
606 97 11 21 0.12504278 
278 50 12 19 0.12504278 
326 50 12 19 0.12504278 
774 122 11 20 0.12504278 
510 58 12 19 0.12504278 
454 50 12 19 0.12504278 
374 129 11 21 0.12504278 
398 50 12 19 0.12504278 
614 42 12 19 0.12504278 
222 58 12 20 0.12504278 
214 137 11 21 0.12504278 
606 42 12 19 0.12504278 
166 57 12 21 0.12504278 
350 42 12 19 0.12504278 
566 42 12 19 0.12504278 
766 89 11 21 0.12504278 
694 90 11 20 0.12504278 
614 98 11 20 0.12504278 
598 74 12 19 0.12504278 
414 114 11 20 0.12504278 
614 121 11 21 0.12504278 
806 57 12 21 0.12504278 
654 122 11 20 0.12504278 
494 114 11 20 0.12504278 
454 113 11 21 0.12504278 
558 121 11 21 0.12504278 
150 65 11 21 0.12504278 
606 113 11 21 0.12504278 
502 121 11 21 0.12504278 
446 74 12 19 0.12504278 
358 153 11 21 0.12504278 
486 121 11 21 0.12504278 
278 34 12 19 0.12504278 
566 121 11 21 0.12504278 
670 106 11 20 0.12504278 
590 105 11 21 0.12504278 
270 34 12 19 0.12504278 
622 66 12 19 0.12504278 
614 66 12 19 0.12504278 
294 34 12 19 0.12504278 
286 58 12 19 0.12504277 
502 66 12 19 0.12504277 
494 66 12 19 0.12504277 
486 66 12 19 0.12504277 
478 66 12 19 0.12504277 
470 66 12 19 0.12504277 
382 66 12 19 0.12504277 
422 66 12 19 0.12504277 
422 34 12 19 0.12504277 
374 66 12 19 0.12504277 
366 66 12 19 0.12504277 
358 66 12 19 0.12504277 
518 66 12 19 0.12504277 
350 66 12 19 0.12504277 
462 121 11 21 0.12504277 
638 81 12 21 0.12504277 
542 66 12 19 0.12504277 
630 74 12 19 0.12504277 
974 25 11 21 0.12504277 
550 66 12 19 0.12504277 
670 66 12 19 0.12504277 
662 66 12 19 0.12504277 
654 66 12 19 0.12504277 
638 66 12 19 0.12504277 
606 66 12 19 0.12504277 
590 66 12 19 0.12504277 
302 66 12 19 0.12504277 
678 66 12 19 0.12504277 
686 66 12 19 0.12504277 
982 49 11 21 0.12504277 
334 66 12 19 0.12504277 
326 66 12 20 0.12504277 
414 66 12 19 0.12504277 
566 66 12 19 0.12504277 
582 66 12 19 0.12504277 
990 49 11 21 0.12504277 
702 66 12 19 0.12504277 
694 58 12 19 0.12504277 
718 66 12 20 0.12504277 
190 57 12 21 0.12504277 
390 129 11 21 0.12504277 
678 114 11 20 0.12504277 
598 114 11 20 0.12504277 
694 74 12 20 0.12504277 
710 114 11 20 0.12504277 
542 121 11 21 0.12504277 
910 177 11 21 0.12504277 
558 58 12 19 0.12504277 
470 114 11 20 0.12504277 
582 114 11 20 0.12504277 
646 74 12 19 0.12504277 
646 114 11 20 0.12504277 
630 114 11 20 0.12504277 
550 122 11 20 0.12504277 
574 121 11 21 0.12504277 
766 122 11 20 0.12504277 
686 81 12 21 0.12504277 
718 122 11 20 0.12504277 
454 82 12 20 0.12504277 
470 82 12 19 0.12504277 
726 121 11 21 0.12504277 
702 121 11 21 0.12504277 
590 122 11 20 0.12504277 
638 122 11 20 0.12504277 
662 122 11 20 0.12504277 
686 122 11 20 0.12504277 
622 130 11 20 0.12504277 
630 129 11 21 0.12504277 
278 129 11 21 0.12504277 
758 121 11 21 0.12504277 
550 106 11 20 0.12504277 
542 50 12 19 0.12504277 
550 50 12 19 0.12504277 
574 58 12 19 0.12504277 
590 50 12 19 0.12504277 
270 74 12 20 0.12504277 
566 105 11 21 0.12504277 
318 74 12 19 0.12504277 
398 74 12 19 0.12504277 
438 50 12 19 0.12504277 
470 50 12 19 0.12504277 
486 50 12 19 0.12504277 
494 50 12 19 0.12504277 
558 105 11 21 0.12504277 
542 106 11 20 0.12504277 
534 106 11 20 0.12504277 
718 106 11 20 0.12504277 
358 50 12 19 0.12504277 
662 106 11 20 0.12504277 
574 74 12 20 0.12504277 
726 106 11 20 0.12504277 
694 106 11 20 0.12504277 
702 106 11 20 0.12504277 
558 74 12 19 0.12504277 
366 113 11 21 0.12504277 
526 106 11 20 0.12504277 
518 106 11 20 0.12504277 
262 50 12 19 0.12504277 
422 114 11 20 0.12504277 
710 90 11 20 0.12504277 
998 25 11 21 0.12504277 
294 50 12 19 0.12504277 
702 50 12 19 0.12504277 
342 74 12 19 0.12504277 
406 58 12 19 0.12504277 
430 113 11 21 0.12504277 
630 58 12 19 0.12504277 
670 50 12 19 0.12504277 
390 74 12 19 0.12504277 
990 185 11 21 0.12504277 
678 50 12 19 0.12504277 
646 34 12 19 0.12504277 
726 90 11 20 0.12504277 
446 58 12 19 0.12504277 
902 97 11 21 0.12504277 
462 58 12 19 0.12504277 
670 122 11 20 0.12504275 
694 122 11 20 0.12504275 
942 81 11 21 0.12504275 
990 25 11 21 0.12504275 
654 106 11 20 0.12504275 
598 129 11 21 0.12504275 
526 58 12 19 0.12504275 
382 113 12 21 0.12504275 
110 113 11 21 0.12504275 
838 89 11 21 0.12504274 
798 105 11 21 0.12504274 
806 105 11 21 0.12504274 
974 57 11 21 0.12504274 
862 73 12 21 0.12504274 
870 73 11 21 0.12504274 
998 41 11 21 0.12504274 
510 74 12 20 0.12504274 
582 129 11 21 0.12504274 
478 122 11 20 0.12504274 
806 121 11 21 0.12504274 
966 49 11 21 0.12504274 
46 49 11 21 0.12504274 
262 137 11 21 0.12504274 
646 129 11 21 0.1250427 
814 97 11 21 0.1250427 
606 129 11 21 0.1250427 
846 97 11 21 0.1250427 
934 81 11 21 0.1250427 
846 81 11 21 0.1250427 
406 129 11 21 0.1250427 
470 129 11 21 0.1250427 
446 129 11 21 0.1250427 
830 97 11 21 0.1250427 
854 81 11 21 0.1250427 
110 89 11 21 0.1250427 
494 129 12 21 0.1250427 
830 81 11 21 0.1250427 
678 129 11 21 0.1250427 
854 97 11 21 0.1250427 
526 145 11 21 0.1250427 
510 129 12 21 0.1250427 
542 137 11 21 0.1250427 
686 137 11 21 0.1250427 
374 105 12 21 0.1250427 
102 17 12 21 0.1250427 
950 169 11 21 0.1250427 
694 137 11 21 0.1250427 
654 137 11 21 0.1250427 
662 137 11 21 0.1250427 
838 105 11 21 0.1250427 
374 145 12 21 0.1250427 
862 89 11 21 0.1250427 
670 137 11 21 0.1250427 
614 137 11 21 0.12504269 
702 137 11 21 0.12504269 
982 81 11 21 0.12504269 
822 105 11 21 0.12504269 
486 137 12 21 0.12504269 
934 129 11 21 0.12504269 
782 129 11 21 0.12504269 
574 137 11 21 0.12504269 
590 137 11 21 0.12504269 
982 17 11 21 0.12504269 
558 137 11 21 0.12504269 
902 81 11 21 0.12504269 
958 81 11 21 0.12504269 
550 137 11 21 0.12504269 
854 113 11 21 0.12504269 
878 73 11 21 0.12504269 
534 137 11 21 0.12504269 
734 129 11 21 0.12504269 
414 129 11 21 0.12504269 
966 65 11 21 0.12504269 
902 25 12 21 0.12504269 
766 137 11 21 0.12504269 
502 137 12 21 0.12504269 
862 57 11 21 0.12504269 
726 137 11 21 0.12504269 
38 41 11 21 0.12504269 
878 33 12 21 0.12504269 
454 97 12 21 0.12504269 
998 57 11 21 0.12504269 
886 81 11 21 0.12504269 
478 137 12 21 0.12504269 
398 137 11 21 0.12504269 
454 129 11 21 0.12504269 
438 137 12 21 0.12504269 
462 137 11 21 0.12504269 
846 113 11 21 0.12504269 
774 137 11 21 0.12504268 
990 81 11 21 0.12504268 
934 97 11 21 0.12504268 
910 137 11 21 0.12504268 
862 25 11 21 0.12504268 
926 73 11 21 0.12504268 
638 137 11 21 0.12504268 
814 121 11 21 0.12504268 
822 129 11 21 0.12504268 
950 73 11 21 0.12504268 
710 129 11 21 0.12504268 
918 73 11 21 0.12504268 
998 73 11 21 0.12504266 
966 17 11 21 0.12504266 
910 25 11 21 0.12504266 
926 97 11 21 0.12504266 
918 97 11 21 0.12504266 
862 113 11 21 0.12504266 
990 65 11 21 0.12504266 
830 113 11 21 0.12504266 
886 113 11 21 0.12504266 
926 113 11 21 0.12504266 
894 73 12 21 0.12504266 
998 97 11 21 0.12504266 
910 73 11 21 0.12504266 
950 57 11 21 0.12504266 
870 25 12 21 0.12504266 
870 113 11 21 0.12504266 
886 25 11 21 0.12504266 
990 105 11 21 0.12504266 
870 57 11 21 0.12504266 
974 73 11 21 0.12504266 
886 57 12 21 0.12504266 
934 65 11 21 0.12504266 
846 129 11 21 0.12504266 
46 97 11 21 0.12504266 
942 137 11 21 0.12504266 
758 137 11 21 0.12504266 
750 137 11 21 0.12504266 
742 137 11 21 0.12504266 
422 137 11 21 0.12504266 
718 137 11 21 0.12504266 
918 33 11 21 0.12504266 
934 41 11 21 0.12504266 
862 41 12 21 0.12504266 
942 41 11 21 0.12504266 
870 89 11 21 0.12504266 
830 129 11 21 0.12504266 
518 153 11 21 0.12504266 
894 33 12 21 0.12504266 
838 121 11 21 0.12504266 
926 33 11 21 0.12504266 
254 137 11 21 0.12504266 
918 113 11 21 0.12504265 
878 105 11 21 0.12504265 
870 41 12 21 0.12504265 
510 153 11 21 0.12504265 
430 129 11 21 0.12504265 
934 113 11 21 0.12504265 
878 57 12 21 0.12504265 
950 137 11 21 0.12504265 
966 81 11 21 0.12504262 
950 33 11 21 0.12504262 
894 97 11 21 0.12504262 
894 113 11 21 0.12504262 
942 65 11 21 0.12504262 
982 97 11 21 0.12504262 
38 105 11 21 0.12504262 
878 121 11 21 0.12504262 
926 57 11 21 0.12504262 
894 57 12 21 0.12504262 
902 57 11 21 0.12504262 
886 41 11 21 0.12504262 
958 137 11 21 0.12504262 
910 57 11 21 0.12504262 
102 113 11 21 0.12504262 
902 41 11 21 0.12504262 
942 25 11 21 0.12504262 
918 137 11 21 0.12504262 
142 17 12 21 0.12504262 
118 17 12 21 0.12504262 
958 113 11 21 0.12504262 
934 25 11 21 0.12504262 
862 129 11 21 0.12504262 
910 113 11 21 0.12504262 
878 169 11 21 0.12504262 
294 137 11 21 0.12504262 
902 129 11 21 0.1250426 
886 137 11 21 0.1250426 
958 25 11 21 0.1250426 
790 137 11 21 0.1250426 
102 129 11 21 0.1250426 
134 17 12 21 0.1250426 
966 129 11 21 0.1250426 
966 169 11 21 0.1250426 
910 41 11 21 0.1250426 
566 137 11 21 0.1250426 
974 97 11 21 0.1250426 
918 49 11 21 0.1250426 
382 145 12 21 0.1250426 
998 113 11 21 0.1250426 
942 97 11 21 0.1250426 
982 65 11 21 0.1250426 
798 137 11 21 0.12504259 
958 97 11 21 0.12504259 
126 17 12 21 0.12504259 
102 97 11 21 0.12504259 
38 73 11 21 0.12504259 
894 17 12 21 0.12504259 
878 17 12 21 0.12504259 
46 65 11 21 0.12504259 
942 113 11 21 0.12504259 
806 137 11 21 0.12504259 
854 137 11 21 0.12504259 
814 137 11 21 0.12504259 
958 57 11 21 0.12504259 
870 129 11 21 0.12504259 
838 137 11 21 0.12504259 
902 113 11 21 0.12504259 
878 137 11 21 0.12504259 
334 137 11 21 0.12504259 
966 97 11 21 0.12504257 
926 161 11 21 0.12504256 
918 161 11 21 0.12504256 
926 177 11 21 0.12504256 
998 145 11 21 0.12504256 
966 113 11 21 0.12504256 
958 41 11 21 0.12504256 
286 137 11 21 0.12504253 
342 137 11 21 0.12504253 
974 137 11 21 0.12504253 
94 97 11 21 0.12504253 
78 89 11 21 0.12504253 
958 169 11 21 0.12504253 
894 137 11 21 0.1250425 
990 145 11 21 0.1250425 
982 137 11 21 0.12504248 
30 41 11 21 0.12504248 
918 17 12 21 0.12504248 
86 81 11 21 0.12504248 
926 17 12 21 0.12504245 
22 33 11 21 0.12504242 
302 137 11 21 0.12504242 
38 57 11 21 0.12504242 
966 145 11 21 0.12504242 
950 17 12 21 0.12504242 
30 65 11 21 0.12504241 
62 9 12 21 0.12504241 
270 137 11 21 0.12504238 
366 153 12 21 0.12504235 
350 137 11 21 0.12504233 
6 33 11 21 0.12504233 
30 97 11 21 0.12504233 
1006 25 12 21 0.12504233 
1006 41 12 21 0.12504233 
22 17 11 21 0.1250423 
830 153 11 21 0.12504229 
814 161 11 21 0.12504227 
326 137 11 21 0.12504227 
54 73 11 21 0.12504227 
6 0 11 13 0.12504224 
14 33 11 21 0.12504224 
38 129 11 21 0.12504224 
926 129 11 21 0.12504224 
238 153 11 21 0.1250422 
846 153 11 21 0.12504219 
886 209 11 21 0.12504219 
518 137 11 21 0.12504219 
902 201 11 21 0.12504219 
1006 57 12 21 0.12504217 
758 153 11 21 0.12504217 
62 113 11 21 0.12504217 
14 17 11 21 0.12504216 
1006 73 12 21 0.12504216 
982 177 11 21 0.12504216 
70 113 11 21 0.12504216 
6 17 11 21 0.12504216 
14 0 11 13 0.12504216 
766 153 11 21 0.12504216 
318 137 11 21 0.12504216 
918 177 11 21 0.12504213 
126 129 11 21 0.12504211 
630 145 11 21 0.12504211 
54 89 11 21 0.1250421 
78 113 11 21 0.1250421 
990 9 12 21 0.12504207 
502 161 11 21 0.12504207 
86 161 11 21 0.12504207 
310 137 11 21 0.12504207 
838 153 11 21 0.12504205 
22 65 11 21 0.12504205 
750 153 11 21 0.12504205 
774 153 11 21 0.12504204 
430 145 11 21 0.12504204 
934 145 11 21 0.12504204 
70 89 11 21 0.125042 
998 9 12 21 0.12504199 
22 89 11 21 0.12504199 
78 9 12 21 0.12504198 
742 153 11 21 0.12504198 
894 201 11 21 0.12504198 
54 121 11 21 0.12504196 
46 81 11 21 0.12504196 
38 9 12 21 0.12504196 
414 145 11 21 0.12504196 
206 9 12 20 0.12504195 
198 9 12 20 0.12504195 
1006 89 12 21 0.12504195 
854 9 12 20 0.12504193 
222 9 12 20 0.12504193 
62 73 11 21 0.12504192 
190 9 12 20 0.1250419 
38 89 11 21 0.1250419 
734 153 11 21 0.1250419 
86 9 12 21 0.1250419 
94 9 12 21 0.1250419 
94 113 11 21 0.1250419 
622 145 11 21 0.1250419 
446 153 11 21 0.1250419 
62 97 11 21 0.12504187 
1006 113 12 21 0.12504187 
710 145 11 21 0.12504187 
438 153 11 21 0.12504187 
822 161 11 21 0.12504187 
86 97 11 21 0.12504186 
806 153 11 21 0.12504184 
30 113 11 21 0.12504183 
1006 137 11 21 0.12504183 
862 9 12 20 0.12504183 
870 9 12 20 0.1250418 
910 9 12 20 0.1250418 
486 153 11 21 0.1250418 
950 -39 75 121 0.1250418 
998 161 11 21 0.1250418 
350 161 11 21 0.1250418 
30 129 11 21 0.1250418 
173 9 13 20 0.1250418 
926 193 11 21 0.12504177 
30 9 12 21 0.12504177 
1006 153 11 21 0.12504177 
782 153 11 21 0.12504175 
886 9 12 21 0.12504175 
165 9 13 20 0.12504175 
998 201 11 21 0.12504175 
86 113 11 21 0.12504175 
22 0 11 13 0.12504171 
494 153 11 21 0.12504171 
230 153 11 21 0.12504171 
157 9 13 20 0.12504171 
22 49 11 21 0.12504171 
958 9 12 20 0.12504171 
902 9 12 20 0.12504171 
790 153 11 21 0.12504171 
902 145 11 21 0.12504171 
1006 169 11 21 0.12504171 
870 169 11 21 0.1250417 
109 9 13 21 0.1250417 
542 153 11 21 0.1250417 
46 113 11 21 0.1250417 
974 9 12 21 0.12504168 
149 9 13 20 0.12504168 
726 153 11 21 0.12504166 
990 161 11 21 0.12504166 
454 153 11 21 0.12504165 
934 185 11 21 0.12504165 
798 153 11 21 0.12504165 
190 153 11 21 0.12504165 
462 153 11 21 0.12504165 
126 145 11 21 0.12504162 
582 153 11 21 0.12504162 
534 153 11 21 0.12504162 
694 153 11 21 0.12504162 
30 81 11 21 0.12504162 
118 176 11 22 0.12504162 
981 2 13 19 0.1250416 
390 145 11 21 0.1250416 
654 153 11 21 0.12504159 
662 153 11 21 0.12504159 
934 9 12 20 0.12504159 
854 153 11 21 0.12504159 
1006 9 12 21 0.12504159 
845 2 13 19 0.12504157 
646 145 11 21 0.12504156 
670 153 11 21 0.12504156 
54 105 11 21 0.12504156 
678 153 11 21 0.12504156 
686 153 11 21 0.12504156 
942 9 12 20 0.12504156 
790 177 11 21 0.12504154 
950 185 11 21 0.12504154 
606 153 11 21 0.12504154 
478 153 11 21 0.12504154 
246 153 11 21 0.12504154 
485 237 40 68 0.12504151 
942 185 11 21 0.12504151 
718 161 11 21 0.12504151 
894 153 11 21 0.12504151 
822 145 11 21 0.12504151 
598 153 11 21 0.12504151 
470 153 12 21 0.12504148 
406 153 11 21 0.12504148 
590 153 11 21 0.12504148 
958 185 11 21 0.12504148 
38 145 11 21 0.12504147 
46 145 11 21 0.12504146 
574 153 11 21 0.12504146 
966 185 11 21 0.12504144 
358 137 12 21 0.12504144 
733 20 193 271 0.12504144 
950 153 11 21 0.12504144 
886 177 11 21 0.12504144 
886 193 11 21 0.12504141 
310 153 11 21 0.12504141 
910 201 11 21 0.1250414 
958 153 11 21 0.1250414 
22 105 11 21 0.12504138 
702 153 11 21 0.12504135 
14 49 11 21 0.12504134 
318 153 11 21 0.12504134 
46 129 11 21 0.12504134 
965 2 13 19 0.12504134 
918 201 11 21 0.12504134 
870 193 11 21 0.1250413 
398 153 12 21 0.1250413 
118 145 11 21 0.1250413 
862 145 11 21 0.12504128 
422 153 11 21 0.12504125 
94 129 11 21 0.12504125 
942 153 11 21 0.12504123 
878 201 11 21 0.12504123 
30 0 11 13 0.12504123 
614 153 11 21 0.1250412 
830 169 11 21 0.1250412 
334 153 11 21 0.12504114 
934 201 11 21 0.12504113 
118 129 11 21 0.12504113 
182 161 11 21 0.12504113 
206 153 11 21 0.12504113 
862 169 11 21 0.1250411 
566 153 11 21 0.1250411 
516 238 40 65 0.1250411 
878 153 11 21 0.12504108 
54 137 11 21 0.12504107 
326 153 11 21 0.12504107 
837 2 13 19 0.12504107 
829 2 13 19 0.12504107 
821 2 13 19 0.12504104 
813 2 13 19 0.12504102 
894 185 11 21 0.12504102 
710 161 11 21 0.12504102 
870 145 11 21 0.12504102 
840 187 87 124 0.12504102 
942 201 11 21 0.12504101 
765 2 13 19 0.12504101 
741 2 13 19 0.12504101 
733 2 13 19 0.12504101 
773 2 13 19 0.125041 
558 161 11 21 0.125041 
846 177 11 21 0.125041 
797 2 13 19 0.125041 
789 2 13 19 0.125041 
781 2 13 19 0.125041 
949 2 13 19 0.125041 
757 2 13 19 0.125041 
709 2 13 19 0.125041 
414 161 11 21 0.125041 
805 2 13 19 0.125041 
373 2 13 19 0.12504096 
717 2 13 19 0.12504096 
469 2 13 19 0.12504096 
309 2 13 19 0.12504096 
301 2 13 19 0.12504096 
701 2 13 19 0.12504096 
749 2 13 19 0.12504096 
405 2 13 19 0.12504096 
550 153 11 21 0.12504096 
46 0 11 13 0.12504096 
357 2 13 19 0.12504095 
461 2 13 19 0.12504095 
987 243 39 70 0.12504095 
725 2 13 19 0.12504095 
277 2 13 19 0.12504093 
557 2 13 19 0.12504092 
926 145 11 21 0.12504092 
14 81 11 21 0.12504092 
30 145 11 21 0.12504092 
629 2 13 19 0.12504092 
565 2 13 19 0.12504092 
413 2 13 19 0.12504092 
341 2 13 19 0.12504092 
269 2 13 19 0.12504092 
14 65 11 21 0.12504092 
365 2 13 19 0.12504092 
621 2 13 19 0.12504092 
285 2 13 19 0.12504092 
493 2 13 19 0.12504092 
485 2 13 19 0.12504092 
333 2 13 19 0.12504092 
397 2 13 19 0.12504089 
541 2 13 19 0.12504089 
669 2 13 19 0.12504089 
533 2 13 19 0.12504089 
525 2 13 19 0.12504089 
342 161 11 21 0.12504089 
549 2 13 19 0.12504089 
517 2 13 19 0.12504089 
677 2 13 19 0.12504089 
597 2 13 19 0.12504089 
349 2 13 19 0.12504089 
389 2 13 19 0.12504089 
381 2 13 19 0.12504089 
325 2 13 19 0.12504089 
317 2 13 19 0.12504089 
293 2 13 19 0.12504089 
261 2 13 19 0.12504089 
253 2 13 19 0.12504089 
653 2 13 19 0.12504089 
661 2 13 19 0.12504089 
645 2 13 19 0.12504089 
437 2 13 19 0.12504089 
838 169 11 21 0.12504089 
453 2 13 19 0.12504089 
613 2 13 19 0.12504089 
637 2 13 19 0.12504089 
445 2 13 19 0.12504089 
477 2 13 19 0.12504089 
917 2 13 19 0.12504089 
605 2 13 19 0.12504089 
693 2 13 19 0.12504089 
581 2 13 19 0.12504089 
589 2 13 19 0.12504089 
573 2 13 19 0.12504089 
501 2 13 19 0.12504089 
429 2 13 19 0.12504089 
685 2 13 19 0.12504089 
925 2 13 19 0.12504086 
421 2 13 19 0.12504086 
509 2 13 19 0.12504083 
294 153 11 21 0.12504081 
245 2 13 19 0.12504081 
102 145 11 21 0.12504081 
278 153 11 21 0.1250408 
910 161 11 21 0.1250408 
254 153 11 21 0.1250408 
974 153 11 21 0.1250408 
237 2 13 19 0.1250408 
38 0 11 13 0.1250408 
229 2 13 19 0.12504078 
101 2 13 19 0.12504077 
213 2 13 19 0.12504077 
53 2 13 19 0.12504077 
94 177 11 21 0.12504075 
14 97 11 21 0.12504075 
181 2 13 19 0.12504074 
94 145 11 21 0.12504072 
893 2 13 19 0.12504072 
854 177 11 21 0.12504072 
638 153 11 21 0.12504072 
62 129 11 21 0.1250407 
141 2 13 19 0.12504068 
174 169 11 21 0.12504068 
877 2 13 19 0.12504064 
133 2 13 19 0.12504062 
430 161 11 21 0.12504062 
86 129 11 21 0.1250406 
125 2 13 19 0.1250406 
990 201 11 21 0.12504058 
78 129 11 21 0.12504058 
22 129 11 21 0.12504055 
262 153 11 21 0.12504055 
62 0 11 13 0.12504053 
117 2 13 19 0.12504053 
110 145 11 21 0.12504052 
926 209 11 21 0.12504052 
69 2 13 19 0.12504052 
270 153 11 21 0.1250405 
902 161 11 21 0.12504047 
70 129 11 21 0.12504047 
302 153 12 21 0.12504044 
830 185 11 21 0.12504044 
950 201 11 21 0.1250404 
334 185 11 21 0.1250404 
646 161 11 21 0.1250404 
286 153 11 21 0.12504035 
78 145 11 21 0.12504034 
198 169 11 21 0.12504032 
814 177 11 21 0.12504032 
390 161 11 21 0.12504032 
862 193 11 21 0.1250403 
126 161 11 21 0.12504023 
806 169 11 21 0.12504023 
742 177 11 21 0.12504023 
166 169 11 21 0.12504022 
222 145 11 21 0.1250402 
190 169 11 21 0.1250402 
118 161 11 21 0.12504019 
110 129 11 21 0.12504019 
734 169 11 21 0.12504016 
630 161 11 21 0.12504016 
374 161 11 21 0.12504016 
6 49 11 21 0.12504013 
798 169 11 21 0.12504013 
782 169 11 21 0.1250401 
446 169 11 21 0.12504008 
382 161 11 21 0.12504008 
966 201 11 21 0.12504008 
78 0 11 13 0.12504005 
86 145 11 21 0.12504005 
958 201 11 21 0.12504005 
110 161 11 21 0.12504 
70 145 11 21 0.12504 
86 0 11 13 0.12503998 
438 169 11 21 0.12503998 
222 161 11 21 0.12503998 
822 185 11 21 0.12503995 
206 193 11 21 0.12503994 
102 169 11 21 0.12503989 
62 145 11 21 0.12503989 
534 185 11 21 0.12503985 
734 185 11 21 0.12503983 
750 169 11 21 0.12503982 
726 169 11 21 0.12503979 
366 169 11 21 0.12503979 
70 161 11 21 0.12503979 
758 169 11 21 0.12503979 
94 0 11 13 0.12503979 
14 129 11 21 0.12503974 
326 185 11 21 0.12503968 
726 185 11 21 0.12503967 
14 113 11 21 0.12503967 
766 201 11 21 0.12503967 
206 177 11 21 0.12503965 
718 177 11 21 0.12503962 
326 201 11 21 0.1250396 
94 160 11 22 0.12503953 
6 121 11 21 0.12503953 
6 105 11 21 0.1250395 
838 185 11 21 0.1250395 
574 169 11 21 0.12503947 
262 177 11 21 0.12503947 
110 0 11 13 0.12503946 
374 177 11 21 0.12503944 
278 185 11 21 0.12503941 
566 169 11 21 0.12503941 
214 177 11 21 0.12503941 
230 169 11 21 0.12503937 
798 185 11 21 0.12503937 
62 169 11 21 0.12503935 
806 185 11 21 0.12503935 
750 185 11 21 0.12503932 
342 185 11 21 0.12503932 
646 185 11 21 0.12503932 
270 177 11 21 0.12503932 
6 73 11 21 0.1250393 
6 89 11 21 0.1250393 
46 169 11 21 0.12503925 
774 193 11 21 0.12503925 
582 169 11 21 0.12503923 
782 193 11 21 0.12503919 
790 193 11 21 0.12503919 
814 193 11 21 0.12503916 
254 169 11 21 0.12503916 
54 153 11 21 0.12503913 
478 193 11 21 0.12503912 
310 169 11 21 0.12503912 
622 161 11 21 0.12503912 
662 177 11 21 0.12503906 
406 169 11 21 0.12503906 
22 153 11 21 0.12503901 
134 169 11 21 0.125039 
206 0 11 13 0.125039 
222 0 11 13 0.125039 
886 0 11 13 0.125039 
158 0 11 13 0.125039 
150 0 11 13 0.125039 
198 0 11 13 0.12503897 
190 0 11 13 0.12503897 
318 169 11 21 0.12503895 
454 66 12 19 0.12503894 
166 0 11 13 0.12503894 
422 169 11 21 0.12503892 
718 193 11 21 0.12503892 
998 129 11 21 0.1250389 
294 193 11 21 0.12503885 
878 89 11 21 0.12503885 
886 97 11 21 0.12503885 
742 193 11 21 0.12503885 
910 217 11 21 0.12503885 
86 176 11 22 0.12503883 
318 185 11 21 0.12503883 
340 239 41 65 0.12503879 
238 169 11 21 0.12503879 
870 0 11 13 0.12503877 
854 0 11 13 0.12503877 
974 0 11 13 0.12503874 
934 0 11 13 0.12503874 
326 169 11 21 0.12503873 
54 169 11 21 0.12503873 
350 177 11 21 0.12503873 
174 0 11 13 0.12503871 
246 169 11 21 0.1250387 
358 169 11 21 0.12503868 
910 0 11 13 0.12503867 
302 169 11 21 0.12503867 
310 185 11 21 0.12503865 
547 238 42 66 0.12503864 
958 0 11 13 0.12503864 
542 185 11 21 0.12503862 
198 185 11 21 0.12503862 
862 0 11 13 0.12503862 
942 0 11 13 0.12503861 
366 193 11 21 0.1250386 
398 169 11 21 0.1250386 
494 169 11 21 0.12503856 
486 169 11 21 0.12503856 
614 169 11 21 0.12503856 
190 193 11 21 0.12503853 
414 177 11 21 0.12503853 
606 169 11 21 0.12503853 
278 169 11 21 0.12503852 
526 177 11 21 0.12503852 
902 0 11 13 0.12503852 
478 169 11 21 0.12503852 
454 169 11 21 0.12503852 
590 169 11 21 0.1250385 
534 169 11 21 0.12503847 
694 169 11 21 0.12503847 
598 169 11 21 0.12503846 
702 169 11 21 0.12503846 
214 193 11 21 0.12503846 
470 169 11 21 0.12503843 
510 169 11 21 0.12503843 
286 169 11 21 0.12503842 
710 177 11 21 0.1250384 
686 169 11 21 0.1250384 
294 169 11 21 0.1250384 
302 185 11 21 0.12503839 
678 169 11 21 0.12503839 
974 169 11 21 0.12503837 
654 177 11 21 0.12503837 
94 193 11 21 0.12503836 
430 177 11 21 0.12503834 
726 201 11 21 0.12503833 
638 169 11 21 0.12503831 
318 201 11 21 0.1250383 
6 137 11 21 0.12503828 
334 169 11 21 0.12503825 
110 177 11 21 0.12503825 
654 193 11 21 0.12503825 
758 201 11 21 0.12503825 
286 193 11 21 0.12503825 
142 168 12 22 0.12503822 
502 177 11 21 0.1250382 
750 201 11 21 0.12503818 
518 169 11 21 0.12503816 
990 0 11 13 0.12503812 
846 193 11 21 0.1250381 
462 169 11 21 0.1250381 
518 185 11 21 0.12503809 
998 0 11 13 0.12503806 
358 193 11 21 0.12503806 
510 185 11 21 0.12503806 
78 161 11 21 0.12503806 
558 177 11 21 0.12503804 
566 193 11 21 0.12503801 
734 201 11 21 0.12503801 
502 201 11 21 0.12503801 
630 185 11 21 0.12503801 
222 185 11 21 0.125038 
158 168 11 22 0.125038 
1006 0 11 13 0.12503797 
246 209 11 21 0.12503797 
694 185 11 21 0.12503797 
710 193 11 21 0.12503794 
574 185 11 21 0.12503791 
686 185 11 21 0.12503788 
406 185 11 21 0.12503788 
550 193 11 21 0.12503788 
622 177 11 21 0.12503788 
390 177 11 21 0.12503786 
902 217 11 21 0.12503785 
838 201 11 21 0.12503785 
822 201 11 21 0.12503785 
830 201 11 21 0.12503785 
438 185 11 21 0.12503783 
798 201 11 21 0.12503783 
806 201 11 21 0.12503783 
230 185 11 21 0.12503783 
14 153 11 21 0.12503783 
494 185 11 21 0.12503783 
382 185 11 21 0.12503783 
270 201 11 21 0.12503783 
334 200 11 22 0.12503783 
398 185 11 21 0.1250378 
662 193 11 21 0.12503779 
582 185 11 21 0.12503779 
534 201 11 21 0.12503773 
-16 -23 163 225 0.12503773 
702 185 11 21 0.1250377 
854 200 11 22 0.1250377 
238 193 11 21 0.1250377 
390 193 11 21 0.12503769 
246 193 11 21 0.12503767 
470 185 11 21 0.12503766 
638 185 11 21 0.12503764 
462 185 11 21 0.12503764 
622 193 11 21 0.12503764 
614 185 11 21 0.12503761 
598 185 11 21 0.12503761 
446 185 11 21 0.12503761 
606 185 11 21 0.1250376 
302 201 11 21 0.1250376 
254 185 11 21 0.1250376 
590 185 11 21 0.1250376 
974 193 11 21 0.1250376 
678 185 11 21 0.1250376 
430 193 11 21 0.12503758 
422 185 11 21 0.12503758 
310 200 11 22 0.12503755 
254 201 11 21 0.12503755 
454 185 11 21 0.12503752 
350 193 11 21 0.12503749 
510 201 11 21 0.12503748 
126 177 11 21 0.12503743 
70 176 11 22 0.12503742 
494 201 11 21 0.12503742 
118 209 11 21 0.1250374 
670 185 11 21 0.12503737 
262 193 11 21 0.12503734 
526 201 11 21 0.12503734 
894 217 11 21 0.12503731 
542 201 11 21 0.12503731 
558 193 11 21 0.12503731 
414 193 11 21 0.1250373 
398 201 11 21 0.12503724 
518 201 11 21 0.12503724 
574 201 11 21 0.12503724 
182 184 11 22 0.12503724 
342 201 11 21 0.12503712 
670 201 11 21 0.12503709 
182 209 11 21 0.12503707 
878 185 11 21 0.12503706 
582 201 11 21 0.12503706 
406 201 11 21 0.12503701 
438 201 11 21 0.12503697 
150 168 12 22 0.12503697 
982 153 11 21 0.12503697 
374 193 11 21 0.12503694 
382 201 11 21 0.12503693 
614 201 11 21 0.12503693 
694 201 11 21 0.1250369 
174 184 11 22 0.1250369 
686 201 11 21 0.1250369 
702 201 11 21 0.1250369 
630 201 11 21 0.1250369 
110 201 11 21 0.12503687 
446 201 11 21 0.12503687 
470 201 11 21 0.12503687 
158 184 11 23 0.12503687 
590 201 11 21 0.12503687 
422 201 11 21 0.12503687 
462 201 11 21 0.12503687 
454 201 11 21 0.12503687 
278 201 11 21 0.12503682 
678 201 11 21 0.12503682 
706 238 43 67 0.12503682 
606 201 11 21 0.12503679 
598 201 11 21 0.12503678 
198 200 11 22 0.12503678 
102 185 11 21 0.12503676 
526 161 11 21 0.12503676 
78 184 11 22 0.12503676 
902 85 26 45 0.12503676 
766 169 11 21 0.12503675 
674 238 43 67 0.12503666 
134 201 11 21 0.12503655 
166 217 11 21 0.12503654 
142 193 11 21 0.12503654 
646 201 11 21 0.12503645 
126 201 11 21 0.12503643 
566 208 11 22 0.12503643 
54 185 11 21 0.1250364 
102 209 11 21 0.12503634 
174 200 11 22 0.1250363 
110 217 11 21 0.12503627 
774 169 11 21 0.12503622 
158 216 11 22 0.1250362 
150 208 11 22 0.12503609 
878 216 11 22 0.12503603 
453 60 29 47 0.12503603 
230 200 11 22 0.12503603 
975 109 25 44 0.12503603 
142 208 11 22 0.12503596 
943 77 25 45 0.12503596 
190 208 11 22 0.12503596 
638 200 11 22 0.12503593 
150 192 11 22 0.12503582 
879 198 25 43 0.12503582 
174 216 11 22 0.12503578 
895 190 25 43 0.12503575 
738 238 44 66 0.12503575 
486 200 11 22 0.12503573 
943 109 25 44 0.12503564 
594 238 43 65 0.1250355 
911 198 25 43 0.12503548 
758 185 11 21 0.12503543 
166 200 11 22 0.12503543 
78 208 11 22 0.12503543 
626 238 43 65 0.1250354 
502 232 12 22 0.12503539 
166 184 11 23 0.12503539 
54 208 11 22 0.1250353 
919 190 25 43 0.1250353 
70 192 11 22 0.12503526 
935 93 25 44 0.1250352 
54 29 27 45 0.12503512 
919 158 25 43 0.12503512 
63 62 25 43 0.12503512 
55 6 26 44 0.1250351 
725 37 29 46 0.12503509 
285 53 29 46 0.12503509 
765 21 29 46 0.12503509 
493 13 29 46 0.12503509 
829 13 29 46 0.12503509 
245 53 29 46 0.12503509 
70 29 27 45 0.12503509 
773 7 29 42 0.12503509 
102 29 27 45 0.12503509 
983 37 25 45 0.12503509 
967 29 25 45 0.12503509 
749 53 29 46 0.12503509 
740 29 31 46 0.12503509 
197 14 29 44 0.12503509 
367 85 25 45 0.12503509 
438 93 27 45 0.12503509 
134 69 27 45 0.12503509 
404 7 31 42 0.12503509 
934 7 27 42 0.12503509 
950 7 27 42 0.12503509 
111 77 25 44 0.12503509 
398 69 27 45 0.12503509 
748 2 31 39 0.12503509 
542 169 11 21 0.12503509 
229 21 29 46 0.12503509 
356 21 30 46 0.12503509 
797 37 29 46 0.12503509 
951 37 25 45 0.12503509 
269 45 29 46 0.12503509 
829 37 29 46 0.12503509 
150 53 27 45 0.12503509 
789 13 29 46 0.12503509 
205 29 29 46 0.12503509 
733 53 29 46 0.12503509 
501 53 29 46 0.12503509 
372 21 31 46 0.12503509 
485 29 29 46 0.12503509 
102 53 27 45 0.12503509 
709 29 29 46 0.12503509 
276 29 31 46 0.12503509 
429 13 29 46 0.12503509 
806 53 28 46 0.12503509 
782 29 27 45 0.12503509 
174 21 28 46 0.12503509 
991 21 25 45 0.12503509 
838 53 27 46 0.12503509 
47 46 25 43 0.12503509 
822 53 27 46 0.12503509 
388 14 30 45 0.12503509 
191 77 25 44 0.12503509 
189 29 29 46 0.12503509 
845 7 29 42 0.12503509 
622 69 27 45 0.12503509 
797 2 29 39 0.12503509 
967 69 25 45 0.12503509 
878 7 27 42 0.12503509 
476 2 31 39 0.12503509 
620 2 31 39 0.12503509 
598 69 27 45 0.12503509 
813 7 29 42 0.12503509 
998 2 25 39 0.12503509 
316 7 31 42 0.12503509 
143 101 25 44 0.12503509 
774 69 27 45 0.12503509 
582 69 27 45 0.12503509 
302 69 27 45 0.12503509 
983 7 25 42 0.12503509 
214 69 27 46 0.12503509 
716 2 31 39 0.12503509 
158 77 27 45 0.12503509 
676 2 31 39 0.12503509 
540 2 31 39 0.12503509 
71 6 26 44 0.12503509 
596 2 31 39 0.12503509 
31 6 25 43 0.12503509 
348 2 31 39 0.12503509 
732 2 31 39 0.12503509 
589 53 29 46 0.12503509 
300 21 31 46 0.12503509 
975 21 25 45 0.12503509 
894 61 27 45 0.12503509 
198 61 27 46 0.12503509 
118 21 27 45 0.12503509 
86 45 27 45 0.12503509 
253 37 29 46 0.12503509 
237 37 29 46 0.12503509 
805 21 29 46 0.12503509 
86 21 27 45 0.12503509 
790 61 28 46 0.12503509 
894 13 27 45 0.12503509 
166 45 27 46 0.12503509 
701 45 29 46 0.12503509 
158 13 27 45 0.12503509 
142 13 27 46 0.12503509 
420 2 31 39 0.12503509 
757 37 29 46 0.12503509 
693 13 29 46 0.12503509 
717 53 29 46 0.12503509 
174 61 27 45 0.12503509 
341 14 29 44 0.12503509 
39 21 25 45 0.12503509 
167 101 25 44 0.12503508 
119 101 25 44 0.12503508 
181 45 29 46 0.12503508 
134 45 27 45 0.12503508 
468 29 31 46 0.12503508 
335 93 25 44 0.12503508 
110 7 27 42 0.12503508 
231 93 25 44 0.12503508 
500 29 31 46 0.12503508 
229 61 28 46 0.12503508 
628 13 31 46 0.12503508 
983 61 25 45 0.12503508 
276 2 31 38 0.12503508 
118 45 27 45 0.12503508 
332 29 30 46 0.12503508 
262 69 27 45 0.12503508 
548 14 31 44 0.12503508 
477 60 29 47 0.12503508 
221 45 29 46 0.12503508 
452 29 31 46 0.12503508 
364 7 31 42 0.12503508 
284 13 31 46 0.12503508 
532 29 31 46 0.12503508 
516 29 31 46 0.12503508 
524 2 31 38 0.12503508 
150 29 27 46 0.12503508 
572 2 31 39 0.12503508 
413 29 29 46 0.12503508 
774 45 28 46 0.12503508 
910 21 27 45 0.12503508 
278 69 27 45 0.12503508 
645 61 29 46 0.12503508 
461 13 29 46 0.12503508 
660 13 31 46 0.12503508 
493 69 29 46 0.12503508 
518 69 27 45 0.12503508 
413 60 29 47 0.12503508 
332 2 31 39 0.12503508 
269 13 29 46 0.12503508 
662 69 27 45 0.12503508 
445 13 29 45 0.12503508 
580 13 31 46 0.12503508 
644 13 31 46 0.12503508 
508 13 31 46 0.12503508 
252 2 31 39 0.12503508 
862 13 27 45 0.12503508 
612 13 31 46 0.12503508 
318 69 27 45 0.12503508 
542 69 27 45 0.12503508 
724 14 31 45 0.12503508 
213 13 29 45 0.12503508 
95 69 25 45 0.12503508 
245 13 29 46 0.12503508 
565 60 29 47 0.12503508 
357 60 29 47 0.12503508 
685 60 29 47 0.12503508 
895 166 25 43 0.12503508 
238 77 26 45 0.12503508 
878 53 27 45 0.12503508 
975 53 25 45 0.12503508 
79 61 25 45 0.12503508 
959 53 25 45 0.12503508 
742 69 27 45 0.12503508 
325 53 29 46 0.12503508 
309 53 29 46 0.12503508 
389 53 29 46 0.12503508 
86 2 27 39 0.12503508 
758 69 28 46 0.12503508 
437 2 29 38 0.12503508 
991 125 25 44 0.12503508 
596 21 31 46 0.12503508 
676 21 31 46 0.12503508 
487 117 25 44 0.12503508 
199 117 25 44 0.12503508 
564 21 31 46 0.12503508 
813 37 29 46 0.12503508 
652 2 31 39 0.12503508 
636 2 31 39 0.12503508 
638 77 27 45 0.12503508 
966 3 25 38 0.12503508 
998 68 23 47 0.12503508 
382 77 27 45 0.12503508 
350 77 27 45 0.12503508 
700 2 31 39 0.12503508 
549 53 29 46 0.12503508 
525 52 29 47 0.12503508 
437 52 29 47 0.12503508 
367 133 25 44 0.12503508 
255 85 25 44 0.12503508 
959 85 25 45 0.12503508 
846 37 27 46 0.12503508 
175 85 25 44 0.12503508 
127 85 25 45 0.12503508 
620 29 31 46 0.12503505 
967 117 25 44 0.12503505 
983 117 25 44 0.12503505 
220 2 31 39 0.12503505 
726 69 27 45 0.12503505 
556 2 31 39 0.12503505 
652 29 31 46 0.12503505 
300 2 31 39 0.12503505 
942 21 27 45 0.12503505 
351 141 25 44 0.12503505 
373 60 29 47 0.12503505 
886 29 27 46 0.12503505 
207 85 25 44 0.12503505 
380 2 31 39 0.12503505 
429 69 29 46 0.12503505 
998 37 23 46 0.12503505 
636 29 31 46 0.12503505 
341 60 29 47 0.12503505 
421 45 29 46 0.12503505 
236 2 31 38 0.12503505 
205 2 30 38 0.12503505 
613 53 29 46 0.12503505 
975 85 25 45 0.12503505 
436 29 31 46 0.12503505 
39 85 25 44 0.12503505 
317 29 29 46 0.12503505 
500 2 31 39 0.12503505 
669 52 29 47 0.12503505 
838 0 27 33 0.12503503 
629 53 29 46 0.12503503 
814 69 27 45 0.12503503 
365 37 29 46 0.12503503 
397 29 29 46 0.12503503 
453 2 30 38 0.12503503 
292 37 31 46 0.12503503 
23 21 26 45 0.12503503 
684 37 31 46 0.12503503 
710 69 27 45 0.12503502 
31 93 25 44 0.12503502 
381 37 29 46 0.12503502 
348 37 31 46 0.12503502 
318 93 27 44 0.12503502 
181 2 29 39 0.12503502 
604 37 31 46 0.12503502 
461 45 29 46 0.12503502 
918 69 27 45 0.12503502 
127 109 25 44 0.12503502 
118 192 11 22 0.12503502 
581 37 29 46 0.12503502 
247 117 25 44 0.12503502 
103 101 25 44 0.12503502 
766 184 11 22 0.12503502 
455 117 26 44 0.12503502 
165 2 29 39 0.125035 
405 45 29 46 0.12503499 
375 101 25 44 0.12503499 
31 61 25 44 0.12503499 
870 29 27 46 0.12503499 
502 101 27 44 0.12503499 
478 93 27 45 0.12503499 
991 85 25 45 0.12503499 
135 134 25 43 0.12503499 
910 3 27 38 0.12503499 
926 29 27 45 0.12503499 
231 125 25 44 0.12503499 
390 93 27 44 0.12503499 
423 125 25 44 0.12503499 
39 53 25 44 0.12503499 
556 37 31 46 0.12503499 
149 2 29 38 0.12503499 
159 126 25 43 0.12503497 
438 125 27 44 0.12503497 
519 117 25 44 0.12503497 
327 109 25 44 0.12503497 
183 117 25 44 0.12503496 
910 53 27 45 0.12503496 
998 109 23 45 0.12503496 
503 141 25 44 0.12503496 
887 158 25 43 0.12503496 
550 85 27 45 0.12503496 
470 125 27 44 0.12503496 
134 2 28 39 0.12503496 
406 85 27 45 0.12503496 
854 53 27 45 0.12503496 
590 85 27 45 0.12503496 
151 134 25 43 0.12503494 
359 101 25 44 0.12503494 
422 85 27 45 0.12503494 
934 53 27 45 0.12503494 
134 216 11 22 0.12503494 
143 126 25 43 0.12503494 
302 101 26 44 0.12503494 
598 101 27 44 0.12503493 
887 125 25 44 0.12503493 
919 101 25 44 0.12503493 
870 69 27 45 0.12503491 
311 117 25 44 0.12503491 
175 126 25 43 0.12503491 
975 133 25 44 0.12503491 
886 85 27 45 0.12503491 
191 110 25 43 0.12503491 
215 118 25 43 0.12503491 
951 101 25 44 0.12503491 
270 85 27 45 0.12503491 
462 77 27 45 0.12503491 
670 85 27 45 0.12503491 
743 117 26 45 0.12503491 
999 141 22 45 0.12503491 
902 37 27 45 0.1250349 
782 93 27 45 0.1250349 
959 133 25 44 0.12503488 
31 37 25 44 0.12503488 
127 142 25 42 0.12503488 
70 208 11 22 0.12503488 
807 125 25 45 0.12503488 
383 125 25 44 0.12503488 
23 85 25 44 0.12503488 
23 53 25 44 0.12503488 
903 182 25 43 0.12503488 
935 190 25 43 0.12503488 
871 117 25 44 0.12503487 
343 110 25 43 0.12503487 
766 117 27 45 0.12503487 
854 77 27 45 0.12503487 
607 118 25 43 0.12503487 
830 69 27 45 0.12503487 
614 93 27 45 0.12503487 
271 117 25 44 0.12503487 
550 125 26 44 0.12503487 
295 117 25 44 0.12503487 
871 93 26 45 0.12503487 
398 125 26 44 0.12503485 
534 117 27 44 0.12503485 
798 93 27 45 0.12503485 
911 117 25 44 0.12503485 
942 0 26 34 0.12503485 
294 85 27 45 0.12503484 
31 117 25 44 0.12503484 
935 118 25 43 0.12503484 
781 0 29 33 0.12503484 
654 117 27 44 0.12503484 
167 142 25 43 0.12503484 
766 85 27 45 0.12503484 
895 101 25 44 0.12503484 
821 0 29 33 0.12503482 
718 117 27 44 0.12503482 
846 93 27 45 0.12503482 
566 117 27 44 0.12503482 
631 125 25 44 0.12503481 
855 125 25 44 0.12503481 
590 125 27 44 0.12503481 
765 0 29 33 0.12503481 
534 85 27 45 0.12503481 
999 165 22 44 0.12503481 
839 125 25 44 0.12503481 
951 125 25 44 0.12503481 
95 117 25 44 0.12503481 
262 101 26 44 0.12503481 
822 85 27 45 0.12503481 
566 85 27 45 0.12503481 
702 117 26 44 0.12503481 
342 232 12 23 0.12503481 
791 110 25 43 0.12503481 
286 102 27 43 0.12503478 
903 126 25 43 0.12503478 
454 93 27 44 0.12503478 
397 0 29 33 0.12503478 
694 77 27 45 0.12503478 
678 117 27 44 0.12503478 
430 110 26 43 0.12503478 
47 78 25 43 0.12503478 
654 85 27 45 0.12503478 
926 0 26 34 0.12503476 
823 125 25 44 0.12503476 
814 101 26 44 0.12503476 
1004 94 19 43 0.12503476 
582 101 27 44 0.12503476 
734 85 27 45 0.12503476 
718 85 27 45 0.12503476 
750 85 27 45 0.12503476 
510 85 27 45 0.12503476 
894 0 26 34 0.12503476 
189 240 13 23 0.12503476 
630 93 27 45 0.12503476 
103 1 26 33 0.12503475 
414 101 27 44 0.12503473 
911 166 25 43 0.12503473 
558 102 27 43 0.12503473 
830 101 27 45 0.12503473 
702 93 27 45 0.12503473 
526 101 27 44 0.12503472 
7 13 25 45 0.12503472 
46 208 11 22 0.12503472 
15 61 25 44 0.12503469 
71 77 25 45 0.12503469 
62 208 11 22 0.12503469 
686 93 27 45 0.12503469 
854 1 27 33 0.12503469 
558 240 12 22 0.12503469 
118 0 27 34 0.12503469 
870 1 27 33 0.12503469 
87 85 25 45 0.12503469 
95 93 25 44 0.12503469 
55 70 25 44 0.12503469 
782 125 26 44 0.12503468 
63 0 25 34 0.12503468 
542 101 27 44 0.12503468 
943 182 25 43 0.12503468 
646 101 27 44 0.12503468 
39 0 25 34 0.12503468 
758 101 27 45 0.12503468 
662 101 27 44 0.12503468 
622 110 26 43 0.12503468 
726 101 27 44 0.12503468 
927 125 25 44 0.12503466 
959 182 25 43 0.12503466 
335 125 25 44 0.12503466 
983 174 24 43 0.12503465 
550 169 11 21 0.12503463 
15 37 25 45 0.1250346 
951 190 25 43 0.1250346 
918 217 11 21 0.1250346 
943 134 25 43 0.12503457 
927 182 25 43 0.12503457 
111 109 25 44 0.12503457 
670 169 11 21 0.12503457 
975 166 25 43 0.12503456 
1 29 24 45 0.12503453 
951 166 25 43 0.12503453 
935 166 25 43 0.12503453 
55 93 25 45 0.12503453 
8 0 25 26 0.12503453 
871 158 25 43 0.12503453 
879 149 25 44 0.1250345 
759 141 25 44 0.12503447 
0 3 25 39 0.12503447 
462 240 12 23 0.12503444 
23 0 25 34 0.12503439 
903 206 25 44 0.12503436 
94 216 11 22 0.12503436 
991 190 24 43 0.12503435 
23 109 25 44 0.12503435 
542 240 12 23 0.12503432 
943 158 25 43 0.12503432 
414 208 11 22 0.12503432 
62 192 11 22 0.12503429 
1004 55 19 42 0.12503429 
959 158 25 43 0.12503426 
574 240 12 23 0.12503426 
294 232 12 23 0.12503426 
191 142 25 43 0.12503426 
79 150 25 43 0.12503423 
831 141 25 44 0.12503423 
63 86 25 44 0.12503423 
71 101 25 44 0.12503423 
1003 23 20 42 0.12503423 
15 93 25 44 0.12503421 
319 133 25 44 0.12503421 
1004 126 19 43 0.12503417 
743 141 25 44 0.12503415 
134 184 11 22 0.12503414 
727 141 25 44 0.12503411 
799 141 25 44 0.12503411 
47 101 25 44 0.12503408 
479 141 25 44 0.12503405 
654 240 12 22 0.12503405 
40 134 23 43 0.12503405 
39 109 25 44 0.12503403 
431 141 25 44 0.12503403 
326 240 12 23 0.125034 
86 208 11 22 0.125034 
455 141 25 44 0.1250339 
775 141 25 44 0.1250339 
711 133 25 44 0.12503387 
535 141 25 44 0.12503384 
807 149 25 44 0.12503384 
615 133 25 44 0.12503384 
526 240 12 23 0.12503384 
198 240 12 23 0.12503384 
8 77 24 45 0.12503384 
407 141 25 44 0.12503383 
119 134 25 43 0.12503378 
815 141 25 44 0.12503378 
519 141 25 44 0.12503377 
823 149 25 44 0.12503377 
222 232 12 23 0.12503374 
687 141 25 44 0.12503372 
303 133 25 45 0.12503372 
470 240 12 22 0.12503372 
550 240 12 22 0.12503372 
983 149 25 45 0.12503372 
599 141 25 44 0.12503372 
575 142 25 43 0.1250337 
24 134 24 43 0.12503369 
439 149 25 44 0.12503366 
847 141 25 44 0.12503365 
663 141 25 44 0.12503363 
446 181 84 141 0.12503363 
239 141 25 44 0.12503363 
79 93 25 45 0.12503362 
647 142 25 43 0.12503362 
207 150 25 43 0.12503362 
86 192 11 22 0.12503362 
486 185 11 21 0.12503359 
78 0 27 25 0.12503356 
391 141 25 44 0.12503353 
223 141 25 44 0.12503353 
582 240 12 22 0.12503353 
927 149 25 44 0.12503353 
566 240 12 23 0.1250335 
32 142 24 43 0.12503348 
15 117 25 44 0.12503345 
87 109 25 44 0.12503345 
614 240 12 23 0.12503344 
791 149 25 44 0.12503342 
310 248 12 22 0.12503342 
935 141 25 44 0.12503341 
817 238 45 67 0.12503341 
903 157 25 44 0.12503338 
767 149 25 44 0.12503335 
974 0 27 25 0.12503335 
710 240 12 22 0.12503332 
678 240 12 22 0.12503329 
895 141 25 44 0.12503326 
40 158 23 43 0.12503324 
287 133 25 44 0.12503324 
718 240 12 22 0.12503324 
703 149 25 44 0.12503324 
1013 2 10 20 0.12503324 
887 206 25 44 0.12503321 
846 240 12 23 0.12503321 
551 149 25 44 0.12503321 
334 240 12 23 0.12503321 
159 149 25 44 0.1250332 
958 0 27 25 0.12503317 
839 149 25 44 0.12503317 
175 150 25 43 0.12503316 
565 0 29 25 0.12503313 
415 149 25 44 0.12503311 
919 133 25 45 0.12503311 
670 240 12 22 0.12503311 
725 0 29 25 0.12503311 
661 0 29 25 0.12503311 
517 0 29 25 0.1250331 
581 0 29 25 0.1250331 
269 0 29 25 0.1250331 
429 0 29 25 0.1250331 
414 240 12 23 0.1250331 
549 0 29 25 0.1250331 
213 0 29 25 0.1250331 
445 0 29 25 0.1250331 
285 0 29 25 0.1250331 
613 0 29 25 0.1250331 
709 0 29 25 0.1250331 
47 125 24 44 0.1250331 
469 0 29 25 0.1250331 
197 0 29 25 0.1250331 
365 0 29 25 0.1250331 
413 0 29 25 0.12503305 
805 0 29 25 0.12503305 
645 0 29 25 0.12503305 
478 240 12 22 0.12503305 
629 0 29 25 0.12503305 
693 0 29 25 0.12503305 
533 0 29 25 0.12503305 
741 0 29 25 0.12503305 
141 0 29 25 0.12503305 
583 149 25 44 0.12503304 
478 224 12 23 0.12503304 
173 0 29 25 0.12503304 
325 0 29 25 0.12503304 
341 0 29 25 0.12503304 
967 141 25 44 0.125033 
493 0 29 25 0.125033 
335 149 25 44 0.125033 
157 0 29 25 0.125033 
63 109 25 44 0.125033 
990 0 26 25 0.125033 
622 240 12 22 0.12503299 
143 149 25 44 0.12503299 
463 149 25 44 0.12503296 
309 0 29 25 0.1250329 
87 133 25 44 0.1250329 
229 0 29 25 0.1250329 
959 109 25 44 0.12503287 
1005 222 20 43 0.12503286 
671 149 25 44 0.12503284 
606 240 12 22 0.12503284 
245 0 29 25 0.12503283 
255 133 25 44 0.12503283 
849 238 45 66 0.12503283 
111 142 25 43 0.1250328 
286 240 12 23 0.12503278 
320 182 23 43 0.12503275 
422 240 12 23 0.1250327 
158 200 11 22 0.1250327 
229 240 13 23 0.1250327 
982 201 11 21 0.1250327 
271 141 25 44 0.12503268 
887 182 25 43 0.12503268 
359 149 25 44 0.12503266 
64 141 23 44 0.12503266 
855 157 25 44 0.12503265 
486 232 12 23 0.1250326 
88 166 23 42 0.1250326 
55 117 25 44 0.1250326 
382 240 12 22 0.12503259 
103 133 25 44 0.12503256 
487 149 25 44 0.12503254 
871 206 25 44 0.12503254 
231 149 25 44 0.12503248 
430 240 12 23 0.12503247 
438 240 12 22 0.12503247 
446 77 27 45 0.12503247 
638 224 12 23 0.12503247 
79 117 25 44 0.12503247 
48 166 23 43 0.12503244 
863 182 25 43 0.12503242 
71 133 24 44 0.1250324 
383 149 25 44 0.1250324 
967 190 25 43 0.1250324 
863 150 25 43 0.12503238 
318 240 12 23 0.12503237 
2 92 22 47 0.12503234 
454 240 12 22 0.12503234 
558 208 11 22 0.12503234 
598 240 12 22 0.12503234 
183 157 25 44 0.1250323 
1013 105 10 21 0.1250323 
30 185 11 21 0.1250323 
911 141 25 44 0.12503226 
607 149 25 44 0.12503222 
56 149 23 44 0.12503217 
686 240 12 22 0.12503214 
550 208 11 22 0.12503214 
1013 49 10 21 0.12503214 
3 116 21 47 0.12503213 
311 149 25 44 0.12503213 
269 240 13 23 0.12503213 
173 248 13 23 0.12503211 
446 240 12 22 0.12503211 
623 149 25 44 0.1250321 
494 240 12 22 0.1250321 
302 248 12 22 0.12503207 
2 52 22 46 0.12503207 
1004 198 20 42 0.12503202 
590 240 12 22 0.125032 
16 141 23 44 0.12503198 
831 165 25 45 0.12503195 
870 208 11 23 0.12503195 
46 192 11 22 0.12503193 
1013 65 10 21 0.12503193 
823 173 24 44 0.12503189 
1013 121 10 21 0.12503186 
783 165 25 45 0.12503186 
1013 145 10 21 0.12503184 
838 240 12 22 0.12503184 
742 240 12 22 0.12503178 
702 232 12 23 0.12503178 
814 240 12 22 0.12503178 
798 240 12 22 0.12503178 
782 240 12 22 0.12503178 
830 240 12 22 0.12503178 
774 240 12 22 0.12503178 
726 240 12 22 0.12503178 
822 240 12 22 0.12503178 
750 240 12 22 0.12503178 
662 240 12 22 0.12503178 
758 240 12 22 0.12503178 
790 240 12 22 0.12503178 
806 240 12 22 0.12503178 
734 240 12 22 0.12503178 
719 157 25 44 0.12503178 
766 240 12 22 0.12503178 
295 149 25 44 0.12503175 
1013 81 10 21 0.12503175 
181 240 13 23 0.12503174 
1013 177 10 21 0.1250317 
735 157 25 45 0.12503166 
96 157 23 44 0.12503165 
343 157 25 44 0.12503165 
751 157 25 44 0.12503158 
112 165 23 44 0.12503158 
1013 17 10 21 0.12503156 
847 165 24 45 0.12503155 
950 105 11 21 0.12503155 
567 157 25 44 0.12503149 
119 157 24 44 0.12503144 
1013 33 10 21 0.12503143 
727 165 25 45 0.12503138 
367 165 25 44 0.12503137 
328 173 23 45 0.12503137 
711 165 25 45 0.12503134 
60 27 171 292 0.1250313 
1013 161 10 21 0.12503129 
694 240 12 22 0.12503129 
743 165 25 45 0.12503128 
302 232 12 23 0.12503111 
527 173 24 45 0.12503111 
350 240 12 23 0.12503102 
399 157 25 44 0.12503101 
431 165 25 45 0.12503101 
304 182 23 43 0.12503101 
278 240 12 23 0.12503095 
854 240 12 23 0.12503088 
799 165 24 45 0.12503086 
214 240 12 23 0.12503082 
24 174 23 42 0.12503082 
423 157 25 44 0.12503082 
152 198 23 43 0.12503077 
856 190 23 43 0.12503077 
983 198 25 44 0.12503077 
200 182 23 43 0.12503071 
160 190 23 43 0.12503065 
638 240 12 23 0.12503064 
9 133 23 45 0.12503062 
720 182 23 43 0.1250306 
168 198 23 43 0.12503058 
646 224 12 23 0.12503052 
406 240 12 22 0.12503052 
615 157 25 44 0.1250305 
398 240 12 22 0.1250305 
61 240 13 23 0.1250305 
263 165 25 45 0.12503049 
655 165 25 44 0.12503049 
760 190 23 43 0.12503047 
736 182 23 43 0.12503046 
630 224 12 23 0.12503046 
815 165 24 45 0.12503046 
495 157 25 44 0.12503043 
640 173 23 44 0.12503043 
471 157 25 44 0.1250304 
255 157 24 45 0.12503038 
695 157 25 44 0.12503034 
591 157 25 44 0.12503031 
304 157 23 44 0.12503031 
519 165 25 44 0.1250303 
535 165 25 44 0.1250303 
679 157 25 44 0.12503028 
141 248 13 23 0.12503026 
120 182 23 43 0.12503022 
336 182 23 43 0.1250302 
472 182 23 43 0.1250302 
112 198 23 43 0.12503019 
88 190 23 43 0.12503019 
768 182 23 43 0.12503019 
206 240 12 23 0.12503017 
631 157 24 44 0.12503016 
879 174 25 43 0.12503013 
279 157 25 44 0.12503013 
447 157 25 45 0.12503012 
288 182 23 43 0.12503012 
792 173 23 45 0.12503012 
272 173 23 44 0.12503012 
808 182 23 43 0.1250301 
407 165 25 44 0.1250301 
144 190 23 43 0.12503009 
559 165 25 44 0.12503007 
990 217 11 21 0.12503004 
104 182 23 43 0.12503001 
320 157 23 44 0.12502997 
358 240 12 23 0.12502995 
176 182 23 43 0.12502995 
511 157 25 44 0.12502994 
391 165 25 44 0.1250299 
312 173 23 44 0.1250299 
687 165 25 44 0.12502989 
247 165 25 45 0.12502988 
503 165 25 45 0.12502983 
648 182 23 43 0.12502983 
199 157 25 44 0.1250298 
152 173 23 44 0.12502977 
208 174 23 43 0.12502977 
360 181 23 44 0.12502977 
479 165 25 44 0.12502976 
38 208 11 22 0.12502976 
974 209 11 21 0.12502976 
136 157 23 44 0.12502973 
240 198 23 42 0.12502973 
704 182 23 43 0.12502965 
69 248 13 23 0.12502965 
184 190 23 43 0.12502965 
599 165 25 44 0.12502962 
192 173 23 44 0.12502961 
840 190 23 43 0.1250296 
800 190 23 43 0.1250296 
776 190 23 43 0.1250296 
816 190 23 43 0.1250296 
575 165 24 44 0.1250296 
126 216 11 22 0.1250296 
128 190 23 43 0.12502956 
624 173 23 44 0.12502956 
496 190 23 43 0.12502956 
487 173 25 44 0.12502956 
455 165 25 44 0.12502955 
845 -41 169 207 0.12502955 
38 169 11 21 0.12502947 
150 224 11 22 0.12502946 
40 197 23 44 0.12502944 
376 173 23 44 0.12502944 
680 182 23 43 0.12502944 
168 173 23 44 0.12502939 
352 173 23 44 0.12502939 
374 240 12 22 0.12502937 
296 173 23 44 0.12502936 
53 240 13 23 0.12502936 
384 182 23 43 0.12502936 
656 190 23 43 0.12502934 
544 182 23 43 0.12502934 
133 248 13 23 0.12502934 
96 205 23 44 0.12502931 
64 181 23 44 0.1250293 
424 182 23 43 0.12502928 
646 240 12 23 0.12502928 
128 165 23 44 0.12502925 
728 190 23 43 0.12502925 
80 182 23 43 0.12502925 
592 182 23 43 0.12502922 
616 182 23 43 0.1250292 
280 190 23 43 0.1250292 
510 232 12 23 0.12502919 
400 182 23 43 0.12502918 
672 173 23 44 0.12502918 
261 224 13 22 0.12502918 
72 174 23 43 0.12502916 
118 224 11 22 0.12502916 
464 173 23 44 0.12502916 
584 173 23 44 0.12502916 
223 165 24 45 0.12502915 
608 173 23 44 0.12502915 
136 182 23 43 0.12502913 
416 173 23 44 0.12502913 
568 182 23 43 0.12502913 
712 190 23 43 0.1250291 
448 182 23 43 0.1250291 
744 190 23 43 0.12502907 
264 190 23 43 0.12502907 
248 190 23 43 0.12502904 
254 217 11 21 0.12502903 
165 248 13 23 0.12502903 
216 182 23 43 0.12502894 
310 232 12 23 0.12502892 
390 240 12 22 0.12502892 
440 173 23 44 0.12502892 
232 182 23 43 0.12502891 
215 157 25 45 0.12502891 
560 190 23 43 0.12502883 
256 182 23 43 0.12502882 
632 182 23 43 0.12502877 
664 182 23 43 0.12502877 
552 173 23 44 0.12502873 
72 197 23 44 0.12502873 
368 190 23 43 0.12502864 
759 165 25 45 0.12502864 
512 182 23 43 0.12502857 
240 173 23 44 0.12502854 
536 190 23 43 0.12502852 
312 198 23 43 0.12502849 
222 208 12 23 0.12502848 
576 190 23 43 0.12502848 
408 190 23 43 0.12502842 
157 240 13 23 0.12502834 
32 166 23 43 0.12502831 
520 190 23 43 0.1250283 
982 217 11 21 0.12502827 
584 198 23 43 0.12502821 
294 208 12 23 0.1250282 
149 248 13 23 0.1250282 
350 208 12 23 0.12502816 
752 182 23 43 0.12502816 
56 197 23 44 0.12502812 
392 190 23 43 0.12502812 
654 224 12 23 0.12502812 
224 190 23 43 0.12502809 
688 190 23 43 0.12502804 
495 222 25 42 0.12502804 
366 232 12 23 0.12502803 
69 232 13 23 0.12502798 
456 190 23 43 0.12502795 
543 157 25 44 0.12502795 
56 173 23 44 0.12502791 
432 190 23 43 0.12502787 
125 248 13 23 0.12502787 
328 198 23 43 0.12502787 
287 222 25 42 0.12502784 
895 214 25 44 0.12502784 
237 240 13 22 0.12502782 
1013 193 10 21 0.12502782 
38 193 11 21 0.12502782 
886 224 11 23 0.12502782 
975 206 24 43 0.12502782 
600 190 23 43 0.12502778 
1006 185 11 21 0.12502778 
480 190 23 43 0.12502778 
552 198 23 43 0.12502778 
229 224 13 23 0.12502775 
102 224 11 22 0.12502772 
344 190 23 43 0.12502772 
30 161 11 21 0.1250276 
471 230 25 42 0.12502752 
487 230 25 43 0.12502751 
335 222 25 42 0.12502751 
551 230 25 42 0.12502746 
998 217 11 21 0.12502743 
22 185 11 21 0.12502737 
296 198 23 43 0.12502737 
567 230 25 42 0.12502736 
504 198 23 43 0.12502734 
303 238 25 42 0.1250273 
535 230 25 42 0.12502727 
647 230 25 42 0.12502727 
455 230 25 42 0.12502725 
136 205 23 44 0.1250272 
183 230 25 42 0.12502716 
160 214 23 43 0.12502712 
519 230 25 42 0.12502709 
851 17 149 293 0.12502709 
192 197 23 44 0.12502702 
703 230 25 42 0.125027 
319 230 25 42 0.125027 
671 230 25 42 0.125027 
215 222 25 42 0.12502699 
631 222 25 42 0.12502693 
272 198 23 43 0.12502691 
64 206 23 43 0.12502685 
407 230 25 42 0.12502684 
350 224 12 23 0.12502684 
615 230 25 42 0.12502684 
822 224 12 23 0.1250268 
814 224 12 23 0.1250268 
766 224 12 23 0.1250268 
806 224 12 23 0.1250268 
838 224 12 23 0.1250268 
479 222 25 42 0.1250268 
830 224 12 23 0.1250268 
662 224 12 23 0.1250268 
839 230 25 42 0.1250268 
798 224 12 23 0.1250268 
734 224 12 23 0.1250268 
670 224 12 23 0.12502678 
695 222 25 42 0.12502673 
431 230 25 42 0.12502669 
245 224 13 22 0.12502669 
599 230 25 42 0.12502669 
48 189 23 44 0.12502666 
85 248 13 23 0.12502664 
1013 233 11 21 0.12502664 
279 230 25 42 0.12502663 
286 208 12 23 0.1250266 
719 222 25 42 0.1250266 
791 222 25 42 0.1250266 
831 222 25 42 0.1250266 
759 222 25 42 0.1250266 
815 222 25 42 0.1250266 
655 222 25 42 0.1250266 
742 224 12 23 0.1250266 
583 230 25 42 0.1250266 
774 224 12 23 0.12502655 
639 214 25 43 0.12502655 
823 230 25 42 0.12502655 
735 222 25 42 0.12502655 
783 230 25 42 0.12502654 
534 240 12 23 0.12502654 
463 222 25 42 0.12502654 
727 230 25 42 0.12502654 
743 230 25 42 0.12502654 
767 230 25 42 0.12502654 
799 230 25 42 0.12502654 
93 248 13 23 0.12502654 
726 224 12 23 0.12502652 
679 222 25 42 0.12502643 
263 230 25 42 0.12502643 
687 230 25 42 0.12502642 
775 222 25 42 0.12502639 
470 224 12 23 0.12502639 
48 -16 415 327 0.12502638 
846 224 12 23 0.12502638 
117 248 13 23 0.12502636 
375 230 25 42 0.12502636 
678 224 12 23 0.12502627 
223 230 25 42 0.12502626 
77 248 13 23 0.12502623 
391 230 25 42 0.12502615 
165 232 13 23 0.12502612 
623 214 25 42 0.1250261 
447 222 25 42 0.1250261 
351 230 25 42 0.12502609 
454 224 12 23 0.125026 
109 248 13 23 0.12502594 
101 248 13 23 0.12502591 
446 224 12 23 0.12502591 
104 213 23 44 0.12502591 
758 224 12 23 0.12502591 
122 62 221 305 0.12502581 
176 205 23 44 0.12502581 
622 224 12 23 0.12502578 
207 230 25 42 0.12502578 
206 208 12 23 0.12502578 
358 224 12 23 0.12502573 
255 214 25 41 0.12502569 
790 224 12 23 0.12502569 
238 209 11 21 0.12502564 
462 224 12 23 0.1250256 
438 224 12 23 0.1250256 
359 222 25 43 0.12502557 
32 205 23 44 0.12502556 
750 224 12 23 0.12502542 
262 208 12 23 0.12502542 
543 222 25 43 0.12502542 
173 232 13 23 0.12502538 
686 224 12 23 0.12502535 
559 222 25 43 0.12502529 
231 222 25 41 0.12502529 
88 213 23 44 0.12502521 
575 222 25 42 0.12502518 
80 205 23 44 0.12502518 
782 224 12 23 0.12502512 
311 222 25 43 0.12502512 
694 224 12 23 0.1250251 
120 205 23 44 0.1250251 
191 222 25 43 0.12502491 
607 222 25 42 0.12502491 
343 214 25 43 0.1250249 
167 238 25 42 0.12502487 
262 240 12 22 0.12502487 
807 214 25 43 0.12502486 
663 214 25 43 0.12502483 
416 198 23 44 0.12502481 
1013 209 10 21 0.12502477 
383 222 25 43 0.12502474 
518 232 12 23 0.12502472 
38 225 11 21 0.12502472 
430 208 12 23 0.12502468 
247 238 25 41 0.12502462 
208 198 23 44 0.12502454 
144 213 23 44 0.12502451 
751 214 25 43 0.12502447 
439 214 25 43 0.12502445 
46 225 11 21 0.12502442 
591 222 25 43 0.1250244 
55 230 25 42 0.12502438 
614 224 12 23 0.12502427 
710 224 12 23 0.12502427 
718 224 12 23 0.12502417 
488 198 23 44 0.12502417 
511 222 25 43 0.1250241 
711 214 25 43 0.1250241 
142 224 11 22 0.12502408 
24 213 23 44 0.12502408 
63 238 25 42 0.125024 
927 206 25 43 0.12502399 
374 224 12 23 0.12502386 
894 232 11 22 0.12502383 
399 222 25 43 0.12502371 
367 214 25 43 0.1250237 
959 206 24 43 0.1250237 
30 225 11 21 0.12502362 
464 198 23 44 0.12502359 
672 198 23 44 0.12502356 
862 208 12 23 0.12502356 
151 230 25 42 0.12502353 
847 222 25 43 0.12502351 
718 208 12 23 0.12502351 
696 198 23 44 0.12502347 
824 198 23 44 0.12502347 
784 198 23 44 0.12502347 
8 166 24 43 0.12502341 
135 238 25 42 0.12502341 
943 206 25 43 0.12502338 
320 206 23 44 0.12502338 
542 224 12 23 0.12502338 
848 198 23 44 0.12502338 
608 198 23 44 0.12502337 
14 169 11 21 0.12502332 
854 224 12 23 0.12502328 
528 197 23 45 0.12502328 
54 224 11 22 0.12502326 
926 232 11 22 0.12502316 
199 214 25 43 0.12502311 
879 222 25 44 0.1250229 
382 224 12 23 0.12502283 
398 224 12 23 0.12502278 
527 222 25 43 0.12502272 
45 240 13 23 0.12502271 
79 238 25 42 0.12502271 
214 208 12 23 0.12502263 
934 217 11 21 0.12502258 
423 214 25 43 0.12502258 
295 230 25 43 0.12502253 
14 185 11 21 0.12502247 
304 206 23 44 0.12502247 
95 238 25 42 0.12502246 
390 224 12 23 0.12502241 
390 208 12 23 0.12502232 
629 240 13 22 0.12502229 
983 222 23 42 0.1250222 
622 208 12 23 0.12502216 
206 224 12 23 0.12502216 
111 238 25 42 0.12502213 
502 248 12 22 0.12502211 
253 248 13 22 0.12502204 
239 230 25 41 0.12502198 
648 206 23 44 0.12502195 
39 230 25 41 0.12502195 
942 217 11 21 0.12502177 
966 217 11 21 0.12502168 
585 184 90 131 0.12502167 
478 208 12 23 0.12502164 
990 233 11 21 0.12502164 
127 230 25 43 0.12502159 
352 206 23 43 0.12502159 
30 208 11 22 0.12502152 
366 216 12 23 0.12502143 
606 224 12 23 0.12502132 
503 238 25 40 0.12502126 
133 232 13 23 0.12502125 
16 181 24 44 0.12502117 
710 208 12 23 0.12502114 
415 222 25 43 0.12502101 
1005 246 22 40 0.125021 
48 213 23 44 0.12502094 
430 224 12 23 0.12502089 
286 182 85 136 0.12502086 
950 217 11 21 0.1250208 
774 208 12 23 0.1250208 
485 248 13 22 0.1250207 
814 208 12 23 0.12502068 
782 208 12 23 0.12502068 
790 208 12 23 0.12502064 
861 240 13 23 0.1250206 
376 198 23 44 0.12502053 
326 216 12 23 0.12502044 
1005 -1 22 26 0.12502044 
998 233 11 21 0.12502027 
919 222 25 41 0.12502024 
16 206 24 43 0.1250202 
768 206 23 44 0.12502018 
742 208 12 23 0.12502016 
991 213 24 43 0.12502016 
616 206 23 44 0.12502016 
472 206 23 44 0.12502015 
846 208 12 23 0.12502007 
704 206 23 44 0.12502003 
71 222 25 43 0.12501998 
125 232 13 23 0.12501997 
214 224 12 23 0.12501997 
855 229 25 44 0.12501997 
958 217 11 21 0.12501991 
245 240 13 22 0.12501982 
574 224 12 23 0.12501961 
902 232 12 23 0.12501954 
510 216 12 23 0.12501954 
318 216 12 23 0.12501952 
982 233 11 21 0.12501943 
286 224 12 23 0.12501934 
566 224 12 23 0.12501924 
22 225 11 21 0.12501916 
568 206 23 44 0.12501903 
310 216 12 23 0.12501882 
1006 201 11 21 0.12501861 
334 216 12 23 0.12501839 
358 208 12 23 0.12501833 
869 248 13 23 0.12501813 
77 232 13 23 0.12501773 
198 224 12 23 0.12501767 
558 224 12 23 0.12501746 
182 224 12 23 0.12501715 
51 -17 213 189 0.12501706 
502 216 12 23 0.1250168 
582 224 12 23 0.1250168 
406 224 12 23 0.12501673 
86 224 11 22 0.12501661 
8 214 24 43 0.1250166 
534 216 12 23 0.1250165 
863 213 25 45 0.12501626 
910 232 11 23 0.1250162 
270 216 12 23 0.12501614 
494 224 12 23 0.12501581 
598 224 12 23 0.1250158 
863 238 25 42 0.12501577 
918 232 12 22 0.12501559 
62 224 11 22 0.12501553 
0 149 24 45 0.12501551 
278 224 12 23 0.12501541 
702 216 12 23 0.12501533 
422 224 12 23 0.12501524 
342 216 12 23 0.1250152 
526 224 12 23 0.12501515 
414 224 12 23 0.12501515 
590 224 12 23 0.1250149 
190 224 12 23 0.12501486 
862 224 12 23 0.12501459 
302 216 12 23 0.12501457 
6 152 11 22 0.12501454 
22 168 11 22 0.12501436 
486 216 12 23 0.12501432 
903 230 25 43 0.1250142 
518 216 12 23 0.12501396 
0 173 24 44 0.12501372 
871 230 25 43 0.1250137 
909 248 13 23 0.12501329 
374 208 12 23 0.12501316 
887 230 25 43 0.1250131 
1006 217 11 21 0.12501298 
14 217 11 21 0.12501277 
967 222 24 40 0.1250127 
341 248 13 22 0.12501267 
7 238 25 41 0.12501264 
901 247 13 24 0.1250126 
550 224 12 23 0.12501255 
8 189 24 44 0.12501255 
895 238 25 43 0.12501255 
109 232 13 23 0.12501237 
654 208 12 23 0.12501223 
662 208 12 23 0.1250121 
0 205 24 44 0.12501195 
237 224 13 22 0.12501185 
974 238 26 39 0.1250116 
22 200 11 22 0.1250114 
1013 249 11 21 0.12501131 
877 240 13 23 0.12501115 
6 168 11 22 0.1250111 
655 54 218 315 0.1250111 
869 224 13 23 0.12501097 
951 222 25 40 0.12501052 
885 239 13 24 0.12501042 
293 248 13 22 0.12501004 
14 233 11 21 0.12501004 
509 248 13 22 0.12500985 
893 247 13 24 0.12500936 
6 184 11 22 0.12500921 
974 225 11 21 0.12500912 
14 200 11 22 0.12500863 
16 229 24 44 0.12500824 
934 222 27 39 0.12500809 
94 232 12 23 0.12500714 
6 225 11 21 0.12500697 
6 200 11 22 0.12500666 
517 248 13 22 0.12500645 
-9 246 26 39 0.1250063 
13 248 13 22 0.1250063 
942 238 27 38 0.12500545 
221 248 13 22 0.12500495 
22 241 11 21 0.12500453 
926 238 27 38 0.12500446 
701 248 13 22 0.12500446 
365 248 13 22 0.1250038 
6 240 11 22 0.12500371 
38 240 11 22 0.12500362 
253 232 13 22 0.1250035 
30 240 11 22 0.12500328 
958 238 26 37 0.12500249 
878 246 27 38 0.12500055 
45 246 29 35 0.124998406 
917 248 13 22 0.124997534 
29 246 29 34 0.12499485 
5 57 157 305 0.12499388 
909 246 29 36 0.124993585 
229 246 29 34 0.12499288 
477 246 29 33 0.12499267 
557 246 29 33 0.12499176 
934 233 12 21 0.1249916 
573 246 29 33 0.124991484 
990 238 27 36 0.12499131 
958 233 12 21 0.124991156 
1006 232 12 22 0.12499107 
213 246 29 33 0.12498945 
541 246 30 32 0.12498837 
950 233 12 21 0.12498769 
966 233 12 21 0.124987625 
397 246 29 33 0.12498759 
189 246 30 32 0.124987274 
461 246 30 32 0.124987066 
525 246 30 32 0.12498695 
982 249 12 20 0.12498675 
605 246 30 32 0.124986544 
942 233 12 21 0.12498651 
637 246 30 32 0.12498649 
284 246 31 32 0.12498602 
436 246 31 32 0.12498576 
845 246 29 33 0.12498566 
588 246 31 32 0.124985576 
268 246 31 32 0.124985464 
420 246 31 32 0.12498545 
340 246 31 32 0.12498533 
324 246 31 32 0.12498516 
620 246 31 32 0.124984585 
356 246 31 32 0.124983296 
652 246 31 32 0.12498324 
828 246 31 32 0.124982946 
692 246 31 32 0.12498293 
804 246 31 32 0.12498293 
716 246 31 32 0.12498293 
676 246 31 32 0.12498293 
732 246 31 32 0.12498293 
748 246 31 32 0.12498293 
788 246 31 32 0.124982476 
772 246 31 32 0.124982424 
380 246 31 31 0.12498154 
-2 256 12 22 0.12498129 
974 249 12 20 0.124981 
925 248 13 22 0.12498041 
949 249 13 21 0.124975555 
933 249 13 21 0.12497043 
0 25 10 21 0.12496881 
0 65 10 21 0.1249685 
0 41 10 21 0.124968395 
941 249 13 21 0.12496831 
0 81 10 21 0.12496777 
0 9 10 21 0.12496773 
0 97 10 21 0.124967076 
885 256 13 22 0.124966584 
957 249 13 20 0.12496539 
965 249 13 20 0.1249624 
0 0 10 13 0.1249608 
989 249 13 20 0.124956004 
0 121 10 21 0.124955 
0 169 10 21 0.12495303 
0 153 10 21 0.12495165 
5 256 13 22 0.12495089 
0 137 10 21 0.12494842 
-43 -51 323 413 0.12494644 
53 256 13 22 0.12494534 
877 256 13 22 0.124943465 
0 185 10 21 0.12493754 
1005 256 13 21 0.124937475 
0 201 10 21 0.12493716 
997 249 13 20 0.12493355 
0 70 20 43 0.12493226 
37 256 13 22 0.12493162 
45 256 13 21 0.12492892 
61 256 13 21 0.12492859 
29 256 13 22 0.12492712 
21 256 13 22 0.12492604 
157 256 13 21 0.12492409 
237 256 13 21 0.12491991 
1 134 18 43 0.12491957 
229 256 13 21 0.12491922 
493 256 13 21 0.12491893 
573 256 13 21 0.12491891 
245 256 13 21 0.12491632 
13 264 13 21 0.12491468 
0 191 19 41 0.12491202 
565 256 13 21 0.12491146 
581 256 13 21 0.124910355 
181 256 13 21 0.12490744 
189 256 13 21 0.12490341 
477 256 13 21 0.12490236 
557 256 13 21 0.124901325 
541 256 13 21 0.12490018 
405 256 13 21 0.12489985 
853 256 13 21 0.12489984 
197 256 13 21 0.12489964 
549 256 13 21 0.12489929 
317 256 13 21 0.12489875 
213 256 13 21 0.12489797 
469 256 13 21 0.12489732 
861 256 13 21 0.12489698 
261 256 13 21 0.12489646 
205 256 13 21 0.1248962 
325 256 13 21 0.124896094 
653 256 13 21 0.12489606 
645 256 13 21 0.124894895 
589 256 13 21 0.12489484 
533 256 13 21 0.12489479 
613 256 13 21 0.12489411 
461 256 13 21 0.12489367 
413 256 13 21 0.12489247 
605 256 13 21 0.12489237 
269 256 13 21 0.12489227 
621 256 13 21 0.12489178 
445 256 13 21 0.12489138 
437 256 13 21 0.124891035 
277 256 13 21 0.12489102 
453 256 13 21 0.124890305 
285 256 13 21 0.124890216 
597 256 13 21 0.12489018 
637 256 13 21 0.1248901 
429 256 13 21 0.12489006 
333 256 13 21 0.12488997 
421 256 13 21 0.12488981 
349 256 13 21 0.12488973 
525 256 13 21 0.12488971 
629 256 13 21 0.12488773 
357 256 13 21 0.12488766 
661 256 13 21 0.12488732 
845 256 13 21 0.12488667 
837 256 13 21 0.12488639 
693 256 13 21 0.12488596 
829 256 13 21 0.12488594 
813 256 13 21 0.1248859 
733 256 13 21 0.1248859 
669 256 13 21 0.1248859 
677 256 13 21 0.1248859 
685 256 13 21 0.1248859 
725 256 13 21 0.1248859 
805 256 13 21 0.1248859 
741 256 13 21 0.1248859 
749 256 13 21 0.1248859 
765 256 13 21 0.1248859 
757 256 13 21 0.1248859 
821 256 13 21 0.1248859 
717 256 13 21 0.12488578 
773 256 13 21 0.12488561 
709 256 13 21 0.12488544 
797 256 13 21 0.124884374 
373 256 13 21 0.12488407 
781 256 13 21 0.12488402 
789 256 13 21 0.124883704 
397 256 13 21 0.12488182 
381 256 13 21 0.12488104 
389 256 13 21 0.12487969 
752 -57 257 509 0.124820426 
0 217 10 21 0.12463319 
13 254 30 27 0.122288935 
124 254 31 25 0.12139421 
100 254 31 25 0.12139409 
68 254 31 24 0.12139261 
84 254 31 24 0.12139252 
140 254 31 24 0.121390596 
933 254 29 26 0.12138798 
172 254 32 25 0.12138717 
156 254 32 24 0.121386744 
965 254 29 26 0.12138525 
949 254 29 26 0.12138315 
981 254 29 26 0.12138315 
307 254 33 23 0.12138279 
507 254 33 23 0.12138277 
252 254 32 23 0.12138145 
902 265 11 15 0.11543763 
918 265 11 15 0.115437254 
910 265 11 15 0.11543227 
926 265 11 15 0.11543188 
934 265 11 15 0.11541991 
110 265 12 15 0.115418226 
134 265 12 15 0.115418054 
126 265 12 15 0.11541748 
118 265 12 15 0.11541652 
102 265 12 15 0.11541552 
142 265 12 15 0.115414694 
70 265 12 15 0.11541431 
942 265 11 15 0.11541395 
78 265 12 15 0.11541334 
94 265 12 15 0.115411654 
894 265 12 15 0.11541159 
86 265 12 15 0.11540983 
950 265 12 15 0.11540803 
982 265 11 15 0.115407445 
150 265 12 15 0.115406364 
870 265 12 15 0.11540479 
974 265 11 15 0.11540418 
990 265 12 15 0.11540014 
958 265 12 15 0.11539965 
966 265 12 15 0.11539634 
174 265 12 15 0.115392745 
222 265 12 15 0.11539097 
166 265 12 14 0.11539021 
366 265 12 14 0.11538992 
998 265 12 15 0.1153873 
510 265 12 14 0.115384765 
254 265 12 14 0.11538262 
702 265 12 14 0.11538157 
518 265 12 14 0.115376994 
342 265 12 14 0.11537569 
502 265 12 14 0.11537429 
486 265 12 14 0.115363136 
310 265 12 14 0.115311146 
1014 266 10 15 0.113011375 
294 265 12 14 0.11019079 
302 265 12 15 0.10287856 
