23_Shoppers_Shoppers_23_22
35
620 262 45 62 0.997551 
416 288 38 51 0.9949181 
348 294 31 42 0.99061894 
335 255 35 46 0.95834035 
234 251 38 58 0.95363206 
24 113 45 62 0.79262674 
715 268 34 61 0.49373838 
686 118 12 16 0.19861041 
341 273 32 43 0.10676524 
419 269 26 27 0.10449463 
693 149 10 14 0.07578355 
996 9 19 22 0.07101542 
580 233 47 72 0.06690029 
654 63 10 13 0.06353134 
798 290 31 53 0.063505754 
706 265 30 49 0.052569542 
745 92 13 15 0.05032833 
734 118 10 12 0.0483936 
699 149 10 13 0.045620896 
249 243 27 49 0.0449776 
749 158 11 13 0.043539148 
777 302 45 59 0.042789627 
686 141 13 18 0.039296284 
671 130 14 17 0.037238356 
761 159 10 13 0.033129733 
707 129 14 17 0.02898524 
649 111 10 13 0.024558656 
269 245 16 28 0.023479013 
981 2 13 14 0.023323262 
0 278 11 19 0.022919899 
677 137 16 23 0.02268176 
677 101 11 15 0.02166703 
716 226 13 16 0.020976488 
743 190 12 17 0.020642938 
986 0 38 46 0.020123238 
