23_Shoppers_Shoppers_23_817
37
592 0 274 367 0.88627446 
388 643 450 441 0.8249896 
128 591 382 475 0.32963756 
483 53 278 338 0.1506046 
302 566 10 13 0.07363456 
427 476 14 16 0.06444944 
332 583 11 14 0.064206176 
356 610 12 15 0.06247673 
398 468 14 16 0.062244225 
422 460 11 12 0.04572556 
19 192 486 637 0.045711115 
382 610 11 13 0.045461 
449 523 15 18 0.039363883 
322 445 16 19 0.03872054 
355 542 10 13 0.03797252 
426 567 16 21 0.03722316 
322 430 13 15 0.036502402 
334 29 312 360 0.036043793 
418 493 14 17 0.035907883 
772 523 12 14 0.03588802 
416 637 9 12 0.03477168 
353 726 270 349 0.032704797 
266 515 14 16 0.031649508 
475 507 13 14 0.031023715 
445 548 21 26 0.030357357 
556 497 14 16 0.030097267 
326 569 8 10 0.03004383 
391 623 11 14 0.029641613 
794 537 10 12 0.029137757 
439 628 10 12 0.028687011 
462 670 10 12 0.025387459 
429 637 13 16 0.02518157 
443 526 24 27 0.02460051 
579 601 14 17 0.02451247 
420 653 13 17 0.022386609 
468 543 16 20 0.021992117 
396 621 12 16 0.021245984 
