23_Shoppers_Shoppers_23_25
27
450 60 43 69 0.9435453 
365 111 15 21 0.5846311 
887 77 18 30 0.5391128 
823 106 21 27 0.18975358 
939 93 12 16 0.08124334 
437 99 24 34 0.06700734 
269 162 21 30 0.063606136 
428 21 46 59 0.06038015 
779 108 12 16 0.057761267 
272 126 11 15 0.041373864 
704 81 7 9 0.036644593 
228 253 63 77 0.034404952 
756 68 13 16 0.031010484 
444 91 29 42 0.030913593 
783 44 15 17 0.030371254 
621 95 13 17 0.030346377 
895 81 17 24 0.029977167 
852 84 18 23 0.029966692 
243 169 16 21 0.029011019 
341 534 8 10 0.0261679 
774 99 14 16 0.024906335 
613 162 18 21 0.024717638 
284 131 14 15 0.022298504 
483 106 402 497 0.021522667 
294 113 15 18 0.021304317 
735 116 10 13 0.020151472 
884 66 16 25 0.020138485 
