23_Shoppers_Shoppers_23_459
227
107 114 14 17 0.94878805 
781 126 9 12 0.89000237 
165 118 10 14 0.68422854 
254 431 7 9 0.65434813 
135 123 10 13 0.5129435 
305 417 8 10 0.50467575 
774 109 8 10 0.4532492 
277 432 8 10 0.44245481 
6 750 14 17 0.40440458 
752 131 10 14 0.40309182 
799 121 9 11 0.388783 
222 411 9 11 0.34237164 
324 417 8 10 0.2886599 
509 537 10 14 0.28054067 
50 118 8 11 0.2792202 
253 489 9 11 0.25276178 
656 493 12 16 0.22776219 
652 524 12 14 0.22771709 
551 567 9 11 0.22068931 
393 304 8 10 0.21620178 
809 118 7 11 0.2144568 
816 135 9 12 0.20946282 
759 120 8 11 0.19908096 
814 118 8 10 0.1685552 
142 119 10 13 0.15978746 
703 127 9 12 0.15963599 
838 454 8 11 0.15693422 
818 479 9 11 0.15296246 
448 540 9 12 0.1479616 
478 553 8 9 0.13692138 
599 526 10 13 0.13164058 
205 100 9 13 0.12690827 
431 318 8 10 0.117073074 
506 535 9 14 0.117011294 
452 559 10 13 0.111161835 
52 125 10 16 0.10667158 
797 359 7 10 0.10138205 
200 101 10 14 0.096435696 
4 125 11 14 0.093806 
480 556 8 10 0.090847194 
130 119 9 12 0.08829705 
582 517 13 15 0.08672055 
37 107 9 13 0.084066585 
759 431 8 9 0.08234085 
572 517 14 16 0.08152893 
512 473 8 11 0.080909275 
496 570 7 10 0.07589871 
646 480 8 10 0.07345176 
490 481 7 8 0.073332995 
19 748 14 19 0.073049225 
561 481 8 8 0.07144406 
757 126 11 13 0.06902221 
411 543 11 13 0.06678084 
625 620 7 11 0.065884404 
62 127 12 16 0.065124385 
274 436 8 11 0.06466459 
795 124 8 11 0.06095254 
167 111 12 17 0.06022128 
362 344 7 9 0.05890719 
696 126 8 10 0.05774954 
751 159 9 12 0.055991907 
83 483 18 21 0.0543358 
445 512 8 9 0.052795462 
475 552 7 10 0.05278344 
399 303 8 10 0.051487144 
444 326 10 12 0.051242113 
657 147 7 10 0.050833225 
428 531 9 13 0.049627747 
463 319 9 11 0.04940381 
695 280 7 8 0.048308946 
600 550 10 12 0.048185352 
196 106 12 14 0.04766527 
208 438 8 12 0.0473606 
669 507 11 14 0.047154035 
468 749 9 11 0.04648421 
128 548 11 15 0.04527742 
309 415 9 11 0.04488107 
814 125 9 12 0.04452256 
415 286 7 8 0.04423304 
494 645 7 9 0.04392754 
457 489 7 9 0.043578632 
581 511 13 14 0.043132246 
168 447 8 10 0.04281694 
553 561 8 10 0.042706534 
662 486 9 11 0.042650472 
6 158 14 18 0.04243073 
463 502 8 10 0.041999 
810 112 7 10 0.041859467 
219 408 9 11 0.041362446 
425 527 10 13 0.041146126 
186 425 8 11 0.040580336 
370 287 7 9 0.040486965 
575 510 12 15 0.04037963 
447 335 8 11 0.03844667 
857 423 9 12 0.038346473 
494 310 8 11 0.037834655 
458 495 7 9 0.03782944 
650 501 11 15 0.037647765 
1 749 11 14 0.03763055 
607 542 10 11 0.037496492 
6 132 10 13 0.037281528 
425 288 7 9 0.03701031 
910 436 12 15 0.036841698 
481 568 9 12 0.03674046 
375 653 7 9 0.036669802 
480 335 9 11 0.036484428 
716 351 16 19 0.03573974 
695 453 12 15 0.035260357 
401 308 8 12 0.035244618 
262 431 7 9 0.035178274 
30 108 12 15 0.034295235 
1 131 10 16 0.034110434 
886 479 12 13 0.033767197 
511 526 9 11 0.033422634 
228 412 9 11 0.033175632 
708 127 9 12 0.03282976 
446 526 10 12 0.03223949 
448 341 9 12 0.031986758 
337 134 7 9 0.031887207 
24 115 10 14 0.03184856 
696 121 8 9 0.031668898 
976 470 43 54 0.03159217 
807 122 9 12 0.031541098 
190 424 8 11 0.031420153 
614 542 8 11 0.03127174 
132 543 10 13 0.031001804 
33 84 13 16 0.030963875 
589 525 11 15 0.030905789 
1 214 27 39 0.030856028 
746 111 7 10 0.03056618 
169 480 10 13 0.030296514 
701 564 11 13 0.030185048 
566 521 15 18 0.030025985 
403 271 7 8 0.03002022 
644 539 11 14 0.029863847 
694 252 10 12 0.029817244 
493 341 9 11 0.02976974 
192 101 11 13 0.029739367 
155 539 13 18 0.029723808 
207 431 7 10 0.029677294 
431 313 8 10 0.02961607 
437 272 8 9 0.029593397 
747 131 10 15 0.029467432 
516 535 10 13 0.029351724 
660 525 11 14 0.029147761 
454 340 9 11 0.028726012 
407 545 11 13 0.028235374 
374 288 7 8 0.028063655 
404 310 9 11 0.027972557 
732 342 9 12 0.02785397 
166 423 9 11 0.027425403 
9 109 9 11 0.027354546 
289 439 8 11 0.027329499 
233 432 7 11 0.027190367 
448 304 7 9 0.02697849 
519 509 8 9 0.026924808 
623 141 8 9 0.026851656 
694 132 9 12 0.026780235 
275 135 7 10 0.026558176 
603 572 13 16 0.026472166 
902 413 8 11 0.026315274 
158 428 10 12 0.0259444 
145 111 10 13 0.025940472 
412 286 6 8 0.025862299 
473 556 8 10 0.025485143 
441 310 7 10 0.025338871 
374 128 7 9 0.025305072 
147 117 9 13 0.025149 
674 549 8 11 0.025113882 
442 305 7 9 0.024992172 
14 126 8 11 0.024964327 
429 571 9 12 0.024870241 
343 127 7 9 0.024838096 
316 463 12 14 0.024822699 
23 232 14 22 0.024799544 
490 311 9 10 0.024509175 
574 515 21 25 0.024445836 
442 333 8 11 0.024343954 
238 430 8 11 0.024071032 
441 527 10 12 0.023911094 
256 434 8 11 0.023783349 
406 302 7 10 0.02378113 
498 543 8 10 0.023671458 
125 546 23 30 0.023624413 
414 282 7 8 0.023532031 
567 510 12 15 0.023526164 
579 35 22 26 0.023420198 
820 483 9 11 0.023408873 
386 311 7 11 0.023324283 
486 568 9 11 0.023312598 
190 429 8 10 0.023144059 
446 348 8 11 0.022924367 
23 123 10 13 0.022906719 
174 446 9 11 0.022831403 
721 321 8 9 0.022756398 
162 122 10 13 0.022707427 
1 120 10 14 0.02240844 
411 280 7 9 0.022400204 
528 518 8 9 0.022336382 
481 544 7 10 0.02223529 
697 567 10 11 0.022092147 
441 517 8 10 0.021973321 
698 574 14 17 0.021946443 
558 503 9 11 0.02177459 
504 511 8 8 0.021765236 
489 486 8 8 0.021738956 
296 437 9 13 0.021700425 
24 103 10 13 0.021623867 
649 508 11 12 0.021401437 
519 584 8 11 0.021282703 
732 349 10 15 0.021226536 
993 483 30 36 0.02116712 
607 532 10 14 0.021056833 
702 348 9 13 0.021000778 
278 136 8 9 0.020982707 
287 142 7 9 0.020858353 
462 496 7 10 0.020780686 
614 548 9 12 0.020771211 
161 447 8 10 0.02066307 
506 527 7 10 0.020620262 
668 514 13 17 0.020562332 
821 117 9 11 0.020536875 
455 303 8 10 0.020474536 
167 441 9 10 0.020375064 
214 435 10 14 0.020266466 
222 432 10 13 0.02024647 
184 446 8 11 0.02016119 
