23_Shoppers_Shoppers_23_43
67
354 232 63 75 0.99952567 
168 232 55 69 0.9991799 
158 393 64 85 0.9973163 
939 122 28 33 0.995369 
572 147 45 58 0.99356055 
66 147 36 45 0.99140257 
924 203 48 63 0.9802368 
602 122 31 44 0.9513323 
790 133 34 45 0.9011 
866 148 32 44 0.85954577 
716 337 47 55 0.7291068 
78 213 34 57 0.50677884 
586 130 44 55 0.4728112 
742 181 11 15 0.43552554 
381 139 26 44 0.405076 
101 157 22 33 0.19853857 
440 324 42 58 0.15508701 
974 116 21 29 0.15504915 
25 148 23 30 0.14568257 
549 136 22 30 0.13077036 
745 186 13 15 0.10133475 
805 138 33 41 0.08589563 
516 456 43 67 0.0787818 
440 394 34 53 0.07840518 
461 116 35 32 0.078246996 
356 147 47 50 0.077908196 
232 146 23 33 0.07588812 
942 91 28 32 0.07561676 
812 103 11 13 0.06852615 
1010 122 13 20 0.06808584 
796 26 14 17 0.06536701 
691 242 21 32 0.061492663 
961 106 28 35 0.0605375 
956 89 30 34 0.057899747 
828 197 53 52 0.057014793 
297 149 29 35 0.04536597 
152 154 39 55 0.044960566 
331 339 63 57 0.04450135 
823 144 44 47 0.03570666 
533 132 15 22 0.033949185 
86 153 28 40 0.033230215 
842 140 45 53 0.031954374 
703 322 75 88 0.031744342 
973 92 16 22 0.031511687 
147 157 28 38 0.03055358 
656 35 11 14 0.03027467 
210 148 24 34 0.030011453 
723 329 35 39 0.029978031 
1001 158 23 41 0.027155593 
0 480 43 80 0.027008105 
738 32 15 19 0.026277637 
704 311 49 60 0.026075833 
449 413 33 41 0.025579918 
453 96 20 36 0.025036681 
885 146 25 39 0.024030717 
286 490 31 45 0.023971055 
737 271 41 58 0.02370025 
542 134 20 27 0.023344664 
701 0 12 9 0.022891814 
519 130 23 30 0.022821402 
795 34 13 15 0.022516483 
732 19 21 28 0.022209952 
48 218 51 60 0.022122327 
946 108 30 35 0.021779189 
472 102 37 47 0.021125132 
706 283 43 54 0.020524427 
340 145 24 34 0.020406982 
