59_peopledrivingcar_peopledrivingcar_59_532
106
64 88 25 32 0.99527377 
-1 73 23 31 0.9950087 
232 51 24 32 0.9902018 
132 50 22 29 0.9895107 
96 51 22 27 0.9715173 
172 91 21 27 0.9467209 
381 96 16 21 0.94220316 
205 104 22 25 0.8596298 
502 89 14 18 0.8002207 
401 83 14 18 0.76856416 
299 73 21 24 0.6872433 
671 98 12 18 0.3615678 
513 111 15 19 0.33295447 
878 83 13 16 0.31385848 
591 84 14 16 0.1922699 
257 125 16 18 0.18738768 
854 25 12 16 0.15801698 
107 326 403 364 0.15017317 
288 76 23 30 0.14907187 
656 94 22 27 0.13830256 
537 84 15 17 0.13732335 
785 130 16 18 0.12857679 
644 333 10 13 0.10764312 
461 75 14 18 0.09842937 
944 132 10 12 0.09713574 
556 87 12 15 0.09450603 
486 87 11 14 0.08536789 
507 85 14 20 0.08070506 
741 115 23 31 0.07461191 
515 271 225 270 0.072197415 
736 73 23 29 0.066521384 
421 68 12 15 0.064330764 
746 173 15 16 0.06155337 
817 83 10 14 0.054069716 
455 30 11 14 0.05070527 
651 100 17 21 0.049701408 
549 85 14 16 0.0496514 
708 144 17 20 0.048105955 
526 83 13 17 0.047392987 
467 83 12 15 0.045186654 
460 36 11 14 0.042569414 
285 86 19 25 0.042099964 
638 74 15 19 0.04188517 
843 163 10 13 0.041211143 
950 82 12 15 0.040347394 
581 56 10 12 0.03969306 
720 101 10 14 0.036271706 
448 277 10 12 0.03608255 
884 79 11 16 0.03518421 
516 83 13 19 0.0349226 
454 67 16 19 0.034756504 
593 76 14 17 0.034247566 
655 327 7 10 0.034080483 
675 67 14 18 0.034040872 
675 102 13 19 0.03312365 
287 7 14 18 0.032828905 
948 127 11 14 0.03264665 
712 101 9 12 0.030492205 
696 101 9 11 0.030294633 
507 95 13 18 0.030282972 
974 95 10 13 0.03023449 
310 74 18 20 0.029740425 
985 94 9 12 0.029617114 
870 120 12 17 0.029192911 
648 327 10 12 0.028874906 
592 55 8 10 0.027121054 
306 220 426 419 0.026894929 
740 146 17 20 0.026727103 
956 78 10 13 0.026502436 
968 94 11 14 0.026393287 
872 79 13 17 0.026304463 
711 96 9 10 0.026069328 
1009 126 9 12 0.025849564 
611 91 10 14 0.02570628 
599 56 8 10 0.02554744 
863 109 9 11 0.025456268 
715 128 14 18 0.024996372 
666 85 13 16 0.024492487 
533 129 201 286 0.02426398 
754 19 15 17 0.023616584 
536 21 14 16 0.023248335 
629 188 9 11 0.02315353 
710 85 10 12 0.023153238 
645 102 14 20 0.023003353 
639 100 12 19 0.022991387 
563 92 12 15 0.022932708 
578 60 10 13 0.022618692 
937 131 11 14 0.022514474 
380 179 15 20 0.022470549 
495 87 11 14 0.022436952 
741 175 23 29 0.02236562 
718 106 11 14 0.021726644 
585 83 13 16 0.021567587 
446 269 26 28 0.021488145 
463 52 11 14 0.02129776 
631 75 12 16 0.021157347 
874 116 14 19 0.021125242 
454 269 10 12 0.021046354 
541 217 27 41 0.02085963 
520 112 16 19 0.020840744 
510 80 12 15 0.020824568 
612 76 11 14 0.02061984 
985 88 8 10 0.02050391 
713 107 10 13 0.020068528 
307 43 13 16 0.020051586 
344 9 17 18 0.020001074 
