59_peopledrivingcar_peopledrivingcar_59_659
21
187 252 25 36 0.99113137 
296 273 23 30 0.98163444 
791 323 21 33 0.92650807 
509 243 19 26 0.8956108 
257 243 20 31 0.78410876 
589 256 20 31 0.7187961 
774 382 15 17 0.11426973 
990 382 9 13 0.11415288 
268 155 19 22 0.072625116 
999 282 15 19 0.0624803 
272 162 24 31 0.05781748 
520 242 15 24 0.02954689 
675 322 15 21 0.029285567 
748 446 12 13 0.028428828 
710 506 13 17 0.026308676 
266 249 22 34 0.025067972 
576 254 27 31 0.023443438 
762 382 25 29 0.023159532 
147 140 28 29 0.02272376 
994 361 7 9 0.022511605 
664 320 26 33 0.022216761 
