59_peopledrivingcar_peopledrivingcar_59_172
32
652 219 13 17 0.97604907 
862 224 9 12 0.2122202 
847 224 9 11 0.16507792 
609 132 9 12 0.11901635 
774 198 26 27 0.109856196 
857 223 9 12 0.08624851 
659 239 10 13 0.07854225 
706 168 7 10 0.072260834 
703 211 10 14 0.06912336 
798 195 12 19 0.067438595 
842 224 9 11 0.051345218 
870 228 8 11 0.050154246 
336 144 7 10 0.049489506 
656 150 9 11 0.049033925 
760 115 11 13 0.04539916 
705 199 8 11 0.043999333 
768 196 12 17 0.037485074 
638 147 11 14 0.03592991 
704 172 8 10 0.035098504 
841 228 8 11 0.031854667 
585 133 10 13 0.030566376 
318 134 8 9 0.030470004 
710 197 8 10 0.030092347 
879 230 9 11 0.029939925 
771 195 18 21 0.028885523 
725 269 9 12 0.026920184 
550 162 12 16 0.025104444 
697 168 7 10 0.024081262 
943 185 7 9 0.023504885 
959 207 7 9 0.022764772 
787 195 18 21 0.021365028 
551 149 9 10 0.020615825 
