10_People_Marching_People_Marching_2_404
297
197 230 26 32 0.9801988 
605 229 27 35 0.9792668 
33 249 34 40 0.9269683 
925 242 26 29 0.8953166 
389 297 12 16 0.8800964 
157 297 16 19 0.8434496 
268 260 23 29 0.72007304 
341 282 11 15 0.6095823 
614 188 12 15 0.4153062 
164 225 14 19 0.3352161 
409 300 9 12 0.27600905 
455 294 8 10 0.25288463 
941 202 14 18 0.25006664 
367 294 11 14 0.23885262 
1005 265 18 30 0.22173718 
276 205 23 26 0.18848537 
335 279 13 17 0.17258425 
258 282 17 22 0.16278243 
822 266 12 15 0.140115 
159 207 9 11 0.13492845 
125 310 11 15 0.12224764 
783 297 10 11 0.12050321 
415 245 8 10 0.11514879 
839 285 15 18 0.1142215 
899 226 20 31 0.11409147 
958 219 14 15 0.1140358 
264 234 12 16 0.110228494 
374 286 8 11 0.10613232 
370 288 9 11 0.1020592 
100 271 22 27 0.10143477 
422 293 9 12 0.10108477 
384 280 8 10 0.090035886 
453 269 8 10 0.08962856 
323 272 11 16 0.089446135 
307 244 12 16 0.085661046 
256 243 12 16 0.08453614 
518 195 17 19 0.083826296 
786 262 8 11 0.08241287 
828 267 11 14 0.081709534 
111 266 23 31 0.07873666 
978 202 16 21 0.07415873 
349 262 9 12 0.07384857 
845 237 10 13 0.07038749 
880 209 13 17 0.07028972 
253 250 15 21 0.06877824 
366 272 8 10 0.06784846 
470 269 9 11 0.06751795 
840 262 8 11 0.06675235 
415 311 8 9 0.06459338 
647 188 9 11 0.06384478 
844 278 10 13 0.060559794 
383 284 8 11 0.05907991 
959 229 12 17 0.058432497 
816 263 12 14 0.058411263 
902 221 14 17 0.057347793 
954 180 12 15 0.05659154 
425 232 8 10 0.055754244 
259 255 21 28 0.055447944 
439 269 8 10 0.054475334 
392 286 8 10 0.05052858 
438 310 8 9 0.050312724 
120 261 23 33 0.05022569 
485 246 11 13 0.050078962 
718 296 8 10 0.04878535 
963 215 12 13 0.048559006 
142 293 12 16 0.04855249 
990 233 13 19 0.048348293 
354 230 8 11 0.047780607 
515 248 14 19 0.047468524 
441 295 7 9 0.04714931 
490 303 7 10 0.046823163 
847 263 10 12 0.046705272 
567 243 12 14 0.046578564 
337 256 9 11 0.046483874 
850 269 9 12 0.046127215 
788 295 10 12 0.044879083 
790 278 9 10 0.044870175 
263 243 37 48 0.044398557 
477 286 8 9 0.04427022 
317 280 11 15 0.04334197 
390 280 8 11 0.04331651 
917 211 12 14 0.042811554 
841 231 9 11 0.04235628 
416 241 8 9 0.042318977 
814 239 8 10 0.041981086 
873 260 11 14 0.04180164 
0 228 32 50 0.04179521 
750 301 8 10 0.04148792 
893 190 9 11 0.041463543 
836 267 10 14 0.041448217 
432 263 8 11 0.041327488 
164 214 14 15 0.040841773 
785 279 8 10 0.040824044 
158 231 14 18 0.040476702 
149 292 13 18 0.040473543 
343 270 10 12 0.040242914 
471 280 9 10 0.04012452 
359 295 8 11 0.040061545 
342 255 8 11 0.039956022 
240 217 8 9 0.039710563 
248 214 9 11 0.039680827 
358 253 8 11 0.039586313 
378 279 7 9 0.039552886 
290 305 17 22 0.039525796 
902 204 10 12 0.039245773 
976 228 24 30 0.038167752 
480 268 11 14 0.037927624 
239 283 20 25 0.037790447 
886 403 15 19 0.037762165 
721 273 7 9 0.037599638 
353 254 8 9 0.037413847 
744 297 8 10 0.037245784 
481 244 10 12 0.03712797 
408 309 9 11 0.036674116 
464 318 8 9 0.036550403 
336 229 8 10 0.03615837 
830 245 8 11 0.03586809 
391 261 7 10 0.035831515 
473 295 9 11 0.035204414 
1011 278 12 19 0.035154615 
417 294 9 13 0.035068218 
967 260 11 14 0.034335457 
163 207 10 12 0.034077197 
449 265 9 10 0.034076072 
408 325 12 14 0.033710264 
907 228 23 32 0.03363309 
270 208 17 20 0.033277255 
952 17 17 20 0.033271678 
484 268 13 17 0.03303831 
352 249 8 10 0.032992676 
447 221 8 9 0.032767005 
950 210 13 17 0.03268001 
440 303 7 10 0.032322645 
573 205 12 15 0.03228506 
760 281 8 9 0.032002244 
972 320 27 40 0.031841107 
373 299 9 12 0.03143738 
825 246 9 11 0.031374075 
821 285 10 12 0.03130171 
470 255 8 9 0.03124528 
487 251 10 13 0.031244772 
951 218 14 16 0.030925363 
360 278 9 11 0.030875385 
852 263 11 14 0.030799301 
390 255 8 11 0.030373586 
732 286 10 12 0.030216822 
768 244 8 10 0.029985635 
116 278 14 19 0.029683437 
487 328 9 9 0.029606266 
935 396 11 13 0.029415468 
767 278 8 10 0.029370274 
366 277 9 10 0.029225782 
815 247 8 10 0.029179966 
429 294 9 12 0.029139638 
348 283 9 14 0.029075623 
820 262 21 25 0.028884199 
454 264 9 11 0.028647296 
479 302 8 10 0.02864315 
760 287 8 10 0.028610433 
493 247 9 12 0.028583966 
697 294 7 10 0.028550435 
979 329 15 22 0.028520241 
480 263 8 11 0.02845356 
395 298 11 15 0.028433966 
806 238 9 11 0.028417576 
494 253 10 12 0.028311688 
442 222 7 9 0.028128803 
735 294 8 11 0.02799339 
477 295 9 11 0.027921986 
823 255 11 13 0.027918039 
923 217 13 16 0.0278349 
955 215 22 26 0.02777545 
124 277 13 19 0.027652526 
423 236 8 10 0.027449049 
479 276 9 12 0.027402142 
829 240 9 11 0.027293885 
888 244 9 12 0.027033081 
354 293 8 11 0.026965227 
311 281 12 15 0.0269047 
297 220 13 17 0.026875941 
439 288 8 9 0.026858578 
871 236 9 11 0.026839472 
451 294 8 11 0.026779868 
430 232 8 9 0.026766887 
494 303 8 10 0.026587721 
974 197 14 18 0.026550595 
798 295 9 12 0.026469314 
860 285 11 15 0.0263367 
465 263 9 12 0.026301093 
466 279 8 10 0.02629113 
712 294 9 11 0.026259178 
294 218 21 29 0.026102023 
503 219 12 15 0.026042063 
770 257 7 9 0.025974397 
978 269 17 19 0.025967246 
329 283 12 16 0.025949463 
256 238 19 27 0.025919827 
958 241 14 19 0.025790112 
135 293 12 14 0.025743427 
592 245 12 17 0.025668876 
974 240 14 18 0.02563038 
456 299 8 11 0.025600398 
855 285 11 16 0.025587603 
240 222 8 10 0.025531571 
228 243 14 21 0.02552978 
254 212 11 13 0.025434883 
462 246 8 10 0.025366567 
464 313 8 10 0.025200393 
334 287 13 16 0.025148587 
392 238 7 8 0.025125246 
432 301 8 11 0.025047427 
965 252 11 14 0.024992263 
800 271 8 11 0.02488508 
844 195 12 13 0.024825748 
327 262 9 13 0.024793139 
807 260 11 15 0.024763567 
334 224 8 10 0.024661083 
774 241 8 11 0.024530038 
304 237 12 14 0.024435159 
107 290 16 19 0.024416815 
720 302 8 9 0.024311153 
458 239 8 10 0.02428994 
801 238 8 11 0.024217384 
463 296 7 10 0.024005681 
303 241 18 26 0.023791835 
768 271 9 11 0.02358496 
496 221 9 12 0.023577645 
425 248 8 10 0.023541229 
361 300 9 12 0.023533328 
183 208 9 11 0.02336554 
759 293 9 11 0.023364026 
956 229 21 28 0.02324945 
262 207 10 14 0.023150861 
752 296 9 10 0.02312581 
441 215 9 11 0.023026576 
831 221 9 11 0.022974331 
330 223 8 10 0.022921331 
832 229 8 11 0.02274723 
876 256 11 13 0.022647673 
784 285 9 11 0.022555599 
470 317 8 10 0.02255314 
352 318 12 16 0.022461284 
386 254 7 10 0.022428693 
399 209 7 10 0.022389676 
458 246 8 10 0.02236899 
406 261 9 12 0.022358773 
571 238 12 16 0.022309108 
872 231 10 12 0.022272194 
793 273 8 9 0.021959845 
855 255 8 10 0.021948952 
807 295 10 13 0.021911098 
494 229 8 11 0.021882258 
866 237 8 11 0.021861052 
824 203 11 14 0.021743907 
838 223 10 11 0.021737203 
359 249 8 10 0.021722658 
959 396 9 12 0.021679016 
846 279 21 26 0.021534016 
777 214 11 13 0.021532305 
398 287 8 10 0.021491425 
179 328 13 20 0.021331834 
418 270 7 9 0.02131123 
459 231 7 10 0.021302776 
862 271 9 11 0.021282474 
742 228 9 12 0.021269765 
345 248 8 11 0.021253055 
411 328 13 17 0.021246381 
737 270 8 9 0.021201113 
259 327 22 27 0.021181852 
813 253 10 13 0.021141736 
440 233 8 9 0.021131244 
805 244 11 13 0.021098742 
966 284 26 31 0.021088365 
451 288 8 10 0.021036636 
401 225 7 8 0.021013103 
407 318 10 11 0.021000355 
497 311 8 10 0.020995427 
367 264 7 10 0.020973334 
761 248 7 10 0.020955967 
502 311 8 10 0.020883733 
636 253 11 14 0.020824062 
777 278 8 10 0.020809624 
841 191 11 14 0.020738466 
851 237 10 13 0.020672964 
358 285 9 11 0.020637916 
490 230 8 11 0.020594683 
724 194 16 20 0.020557696 
426 225 7 9 0.020426309 
790 285 9 11 0.020408992 
149 315 11 14 0.020390507 
455 313 8 9 0.02035129 
434 269 8 10 0.020184316 
272 214 24 28 0.020131461 
918 199 10 12 0.02012292 
469 262 10 13 0.020120334 
201 197 9 12 0.02009642 
383 274 8 10 0.0200656 
