10_People_Marching_People_Marching_2_34
2209
624 718 33 44 0.99755967 
526 713 28 37 0.9975259 
994 722 29 41 0.9962238 
862 721 30 36 0.9950618 
403 721 17 22 0.99246335 
671 709 21 29 0.9903812 
760 748 28 29 0.9895275 
715 703 21 29 0.98731726 
342 644 12 14 0.9870821 
102 683 14 20 0.98330796 
835 670 22 28 0.9761989 
399 658 15 18 0.97280866 
86 735 20 28 0.9656462 
174 689 14 18 0.9590783 
176 748 26 29 0.9518828 
371 643 11 14 0.9500544 
591 690 22 27 0.94504994 
40 684 13 17 0.94306296 
455 637 13 16 0.927006 
306 717 18 22 0.92203254 
167 636 10 12 0.9200198 
262 670 11 13 0.9188554 
513 689 20 28 0.9056178 
448 686 13 16 0.895766 
605 624 10 12 0.8575408 
622 627 10 13 0.842485 
244 641 12 16 0.83594245 
664 669 13 16 0.81949097 
735 581 10 12 0.78968936 
701 682 15 17 0.7640908 
127 606 8 11 0.7570253 
424 694 12 16 0.7284916 
218 671 12 14 0.72078896 
822 590 8 10 0.7188506 
308 628 10 12 0.71631235 
764 591 9 11 0.67822826 
250 583 8 11 0.67290175 
229 597 8 10 0.6700318 
101 557 8 12 0.6634973 
30 620 9 12 0.65918005 
387 671 15 19 0.6452363 
715 660 12 16 0.6375679 
525 584 9 10 0.62757415 
812 641 11 14 0.626775 
666 533 8 11 0.59550387 
753 611 10 12 0.5952411 
951 664 15 23 0.5816134 
246 565 8 10 0.57499367 
341 608 8 11 0.5446678 
560 589 8 11 0.5429942 
577 614 10 12 0.5150657 
612 665 12 15 0.5120399 
462 733 19 29 0.50816524 
103 607 8 10 0.50361425 
279 629 9 11 0.49345624 
193 564 8 10 0.48545396 
463 592 9 11 0.4849171 
905 313 15 18 0.4690527 
13 621 8 12 0.46418914 
821 611 11 14 0.45402226 
315 644 10 13 0.45254585 
801 568 8 10 0.44849983 
890 686 16 20 0.44693166 
81 599 9 11 0.43957728 
57 577 8 10 0.43001136 
105 645 11 15 0.4263026 
565 566 9 11 0.42256165 
38 650 11 15 0.42196214 
657 509 8 10 0.4149827 
666 612 9 12 0.4139354 
225 613 8 11 0.41135445 
839 615 10 13 0.41057146 
362 550 8 10 0.3985707 
838 585 8 11 0.39410678 
93 621 9 11 0.38951284 
301 589 8 10 0.38873038 
33 552 8 10 0.37173232 
561 674 18 18 0.36902744 
64 638 10 13 0.3679203 
781 585 8 9 0.3595423 
591 645 9 11 0.35722536 
746 552 8 10 0.3572022 
281 566 8 10 0.35652217 
552 624 10 11 0.3561381 
913 524 7 10 0.35366073 
341 575 8 10 0.33663005 
784 549 8 10 0.32895055 
377 582 8 10 0.3269293 
71 565 8 10 0.32371694 
508 639 10 12 0.31974262 
898 566 9 11 0.31818676 
417 597 7 10 0.31449595 
424 620 9 11 0.31137526 
593 576 9 11 0.3097657 
623 511 7 10 0.3097368 
262 593 8 10 0.30969834 
296 573 8 10 0.30346328 
144 628 9 11 0.30220762 
191 535 8 9 0.29928228 
390 591 8 10 0.2976714 
327 648 9 12 0.29708785 
592 582 8 10 0.295661 
817 589 9 11 0.29484728 
66 564 8 11 0.29434833 
160 493 7 9 0.29335687 
294 604 8 11 0.28984508 
734 605 10 12 0.28976423 
438 629 9 12 0.28941837 
191 606 8 10 0.28770632 
278 586 7 9 0.28513774 
848 589 9 11 0.27484453 
72 606 8 10 0.27459663 
364 567 7 9 0.2732935 
481 628 10 12 0.27141726 
461 527 7 10 0.27129608 
225 545 7 9 0.26853958 
121 573 7 10 0.26783425 
693 581 7 10 0.26567927 
386 591 7 10 0.26410136 
725 622 10 12 0.26387826 
991 602 13 15 0.2612342 
911 550 8 10 0.25749314 
631 606 9 11 0.257288 
774 721 14 20 0.25620058 
626 525 9 12 0.25524822 
357 637 9 12 0.2546265 
408 597 9 10 0.25230697 
638 581 8 10 0.2517512 
446 596 9 11 0.2472889 
833 566 9 11 0.24706878 
386 534 7 9 0.24374053 
221 638 9 13 0.24301548 
229 614 8 11 0.24214298 
478 623 10 13 0.24163753 
342 592 8 9 0.24067795 
753 576 9 11 0.24065255 
726 629 9 11 0.23863499 
463 569 8 9 0.23498763 
140 682 15 18 0.23276992 
274 687 13 18 0.23153228 
338 592 7 10 0.23095752 
505 621 11 13 0.23076932 
206 584 7 10 0.23016655 
696 568 8 10 0.229858 
-1 560 8 12 0.22821513 
80 636 9 13 0.2276965 
729 653 10 13 0.22677442 
946 700 23 25 0.2265163 
999 654 11 16 0.2261157 
150 594 8 9 0.22504109 
806 517 7 9 0.22478865 
226 730 14 19 0.22459981 
407 550 8 9 0.21808429 
424 578 8 9 0.21692538 
800 572 8 10 0.21651003 
65 621 9 12 0.21644561 
517 660 11 13 0.2149939 
258 598 8 10 0.21460742 
535 599 8 9 0.2092802 
672 518 8 10 0.20860638 
378 560 7 9 0.20774435 
152 549 8 9 0.20591375 
317 613 8 10 0.2033146 
984 589 10 12 0.20325579 
243 599 8 10 0.20071708 
1011 588 10 13 0.20051979 
458 582 8 10 0.19642483 
657 576 8 11 0.19638209 
815 573 8 10 0.19535755 
351 534 8 10 0.19510485 
934 541 8 10 0.19328244 
319 684 11 16 0.1929647 
514 527 7 9 0.19230166 
511 581 7 9 0.19143943 
553 574 7 10 0.19076341 
274 590 7 10 0.18984199 
777 664 16 22 0.18970545 
146 624 9 11 0.18783218 
936 518 7 10 0.18777834 
329 589 7 10 0.18723285 
269 615 9 11 0.1863782 
591 478 8 9 0.18534966 
705 604 9 12 0.1848595 
861 565 8 11 0.1841975 
520 653 11 15 0.18413296 
223 689 11 14 0.18405709 
199 519 7 10 0.18353607 
0 612 7 11 0.18259193 
442 582 8 10 0.18258561 
13 496 8 9 0.18230839 
833 589 8 11 0.18205988 
257 592 8 10 0.18061216 
833 552 7 9 0.18049842 
589 589 8 10 0.18048288 
767 566 8 10 0.17987405 
146 597 8 10 0.179023 
536 581 8 11 0.17897779 
327 550 8 10 0.17873673 
189 577 8 10 0.17810178 
136 608 7 10 0.17618984 
518 645 10 12 0.1758307 
321 567 8 10 0.17489238 
30 558 7 10 0.17384507 
425 582 8 9 0.17359327 
200 615 7 10 0.17340949 
746 657 11 16 0.1733143 
853 629 14 16 0.17282538 
566 589 8 10 0.17232324 
616 599 9 11 0.1718219 
471 694 14 16 0.17135102 
785 545 7 9 0.17108752 
534 625 9 10 0.16993009 
929 566 9 11 0.16934764 
325 559 8 9 0.16909117 
570 702 20 26 0.16903003 
26 560 8 10 0.16900602 
631 613 10 12 0.16878602 
111 511 7 9 0.1684902 
240 615 8 11 0.16810213 
378 624 8 10 0.16791962 
184 441 7 9 0.16712314 
28 596 10 13 0.16674347 
786 614 8 11 0.16575553 
705 599 8 11 0.16565612 
488 600 8 11 0.16553144 
282 561 7 9 0.16545773 
927 613 10 13 0.16542985 
846 646 11 13 0.16535272 
705 591 8 10 0.16532688 
207 551 8 9 0.16521469 
256 552 7 8 0.16449738 
183 601 8 9 0.1641508 
623 588 9 11 0.16408558 
640 668 10 13 0.16379346 
901 629 10 14 0.16281678 
615 604 9 11 0.16143851 
961 599 10 13 0.16025662 
426 549 7 9 0.15878686 
806 605 9 11 0.15863657 
760 527 7 9 0.15831834 
77 568 8 10 0.15774912 
719 581 8 10 0.15748669 
360 544 7 9 0.15710975 
23 575 7 10 0.15551203 
582 607 9 11 0.15414493 
451 550 7 9 0.1539994 
292 628 9 12 0.15363954 
191 689 12 16 0.15246944 
982 653 13 17 0.15196402 
792 521 7 9 0.15150997 
879 575 9 11 0.15149179 
925 657 16 25 0.15144213 
651 638 10 13 0.15125142 
280 625 9 11 0.150925 
353 607 8 11 0.1499819 
373 415 8 10 0.14985655 
704 569 7 10 0.14975937 
259 647 11 15 0.14947504 
25 508 8 10 0.14946423 
178 601 7 9 0.14933439 
497 591 9 11 0.14927314 
191 628 8 10 0.14919643 
810 588 8 10 0.149131 
693 678 14 17 0.1490202 
186 605 8 10 0.14831412 
150 466 7 9 0.14743437 
168 569 8 10 0.1466476 
337 550 7 9 0.14580926 
229 678 12 16 0.14539392 
777 520 7 9 0.1452463 
304 391 7 10 0.14497656 
857 611 10 13 0.14493848 
725 614 10 13 0.14356501 
440 528 8 9 0.14310059 
113 573 8 10 0.14225657 
98 439 7 9 0.14208657 
201 606 8 10 0.14192027 
418 535 7 9 0.1415328 
229 639 9 12 0.14120296 
686 552 7 9 0.1408061 
472 552 8 9 0.14061406 
1006 629 10 12 0.14009914 
232 551 7 9 0.13985607 
455 546 7 9 0.13962938 
49 534 8 10 0.13916822 
610 494 7 9 0.13913906 
560 608 8 10 0.13854271 
542 527 7 9 0.13836494 
774 327 8 9 0.13826066 
405 696 15 18 0.138138 
623 583 8 10 0.1380918 
728 512 7 9 0.1379378 
342 720 14 20 0.13773945 
319 537 7 8 0.1371325 
64 631 9 11 0.13694347 
720 577 8 10 0.1368443 
492 643 11 14 0.13564356 
114 598 7 10 0.13542789 
473 584 8 11 0.13495179 
661 576 8 10 0.13492206 
505 644 10 13 0.13396294 
448 567 8 9 0.13371897 
318 470 7 9 0.13308088 
16 568 7 10 0.13238154 
158 439 7 9 0.1320676 
491 526 7 9 0.13170582 
762 565 8 10 0.13101308 
665 492 7 9 0.13067955 
581 542 8 10 0.13054675 
481 600 8 10 0.13003908 
509 669 13 15 0.1300175 
70 617 8 10 0.12925658 
328 488 7 9 0.12912194 
494 638 11 14 0.12845035 
311 439 7 10 0.1281129 
1014 534 8 13 0.1279197 
681 481 7 10 0.12590045 
1006 636 14 16 0.12576367 
806 533 7 9 0.1257171 
431 545 7 9 0.12418395 
384 624 8 11 0.123929635 
726 537 7 9 0.12343877 
408 440 6 9 0.12325886 
447 612 9 11 0.12282415 
361 592 8 9 0.12250747 
313 576 7 9 0.1221248 
577 598 7 10 0.12212255 
786 537 7 9 0.12132194 
202 601 7 9 0.12123273 
837 367 8 11 0.12111649 
742 622 9 10 0.11971313 
536 567 8 9 0.118326254 
408 545 8 10 0.118130475 
840 607 9 11 0.11778235 
698 541 7 9 0.11749457 
464 573 8 10 0.117197834 
339 447 7 9 0.11712203 
621 576 9 10 0.11662562 
544 567 7 9 0.116613254 
382 629 9 11 0.11596545 
69 561 8 11 0.11563566 
424 401 7 9 0.115581036 
519 527 7 9 0.11515625 
567 485 8 10 0.11505095 
656 654 12 15 0.1148086 
610 489 8 10 0.114780664 
425 439 7 9 0.11467418 
362 614 8 11 0.11457612 
329 733 19 22 0.1142186 
126 574 7 9 0.11393468 
402 599 7 10 0.11372953 
902 561 9 9 0.11287859 
616 591 9 11 0.112601094 
494 465 8 10 0.11199844 
710 592 7 10 0.11146307 
403 424 7 9 0.11144344 
784 588 7 10 0.111293465 
417 583 8 9 0.11102058 
26 486 7 9 0.11064207 
661 505 8 10 0.11030629 
305 478 8 9 0.11016013 
687 593 8 10 0.109772526 
714 527 8 10 0.10951806 
289 553 7 9 0.1094819 
307 439 7 9 0.109254554 
328 545 8 9 0.109102756 
340 692 12 15 0.10869979 
442 592 8 11 0.10834198 
877 622 9 10 0.107719064 
134 497 7 9 0.10760241 
528 625 9 11 0.10750453 
662 597 8 10 0.10743884 
1013 566 9 13 0.10724408 
492 603 10 12 0.10703069 
145 535 7 9 0.1068975 
825 528 7 9 0.10688453 
503 550 7 9 0.106867224 
828 674 20 29 0.10652815 
348 624 10 12 0.10651839 
807 551 7 9 0.10547076 
200 431 7 9 0.10532338 
842 481 7 9 0.10411828 
548 698 17 20 0.10386038 
314 415 8 10 0.10374291 
514 666 12 15 0.10290595 
328 616 7 10 0.10280978 
175 714 12 18 0.10271229 
399 472 7 8 0.102705345 
389 621 10 12 0.10258295 
338 729 16 20 0.10219302 
976 574 8 10 0.10169408 
402 550 7 9 0.10167673 
383 584 8 9 0.101653464 
951 597 9 12 0.10112506 
205 672 9 12 0.100929625 
343 569 7 9 0.1009264 
536 577 8 10 0.10092157 
943 597 9 11 0.10058521 
560 613 8 10 0.10021005 
633 582 8 11 0.10013398 
382 560 7 9 0.0999202 
673 568 8 10 0.09896329 
289 604 8 11 0.098855086 
465 662 11 14 0.09838641 
568 529 7 8 0.098009594 
800 489 7 8 0.09799861 
793 525 7 10 0.097853586 
78 464 7 9 0.09754432 
741 566 8 10 0.09753598 
275 544 7 9 0.09750869 
287 601 8 10 0.09746897 
136 630 8 11 0.09637822 
485 661 11 14 0.09616834 
705 573 7 10 0.09615483 
186 401 7 9 0.09595171 
558 597 8 10 0.09593802 
1010 607 8 11 0.0958605 
559 670 14 17 0.09542731 
160 612 8 11 0.09540482 
833 560 8 10 0.09526645 
864 560 8 10 0.09526086 
600 598 9 11 0.0947674 
50 528 8 11 0.094709344 
416 594 8 9 0.09467606 
144 656 10 13 0.09465554 
240 551 7 10 0.094606 
430 582 8 9 0.093628585 
216 552 7 9 0.093598776 
554 591 8 10 0.09358044 
241 607 8 10 0.09353141 
538 502 7 10 0.093413346 
177 621 8 10 0.0933126 
752 536 7 9 0.09323963 
232 495 7 9 0.09283778 
17 574 8 9 0.09199207 
856 488 7 9 0.09167618 
368 592 7 9 0.09149893 
494 660 11 14 0.09139275 
344 448 6 9 0.0911994 
990 627 12 15 0.09111535 
456 487 8 10 0.09105412 
0 492 8 11 0.090918116 
441 534 7 9 0.09084613 
198 527 7 9 0.090329215 
760 544 7 10 0.090267345 
38 518 7 10 0.09023734 
289 543 7 8 0.090201996 
320 575 8 9 0.09010898 
303 646 9 11 0.089936584 
746 535 7 9 0.089698024 
927 607 10 13 0.08963074 
650 510 7 9 0.089520134 
395 559 7 10 0.089429244 
729 606 10 12 0.08917728 
79 604 9 10 0.08890499 
790 589 8 11 0.08885379 
222 426 7 9 0.08880341 
873 519 6 9 0.08877679 
385 642 10 14 0.088589214 
777 588 8 10 0.08817165 
136 613 8 10 0.08816635 
418 577 7 9 0.08808724 
574 501 7 9 0.08777055 
138 573 7 10 0.087718636 
138 569 7 9 0.08766745 
728 542 7 9 0.087587975 
912 545 8 10 0.08654008 
888 478 7 10 0.08644123 
459 591 8 11 0.08632545 
120 599 8 10 0.08598792 
419 529 7 8 0.08571675 
710 664 13 16 0.08559694 
347 535 7 10 0.0853829 
355 542 7 10 0.08516959 
167 613 8 10 0.08500654 
454 504 7 9 0.08480655 
376 440 6 8 0.08477539 
194 528 7 9 0.08472263 
342 583 8 9 0.084581494 
495 598 10 13 0.08446992 
745 589 8 11 0.08439999 
150 643 9 12 0.08431933 
297 586 8 10 0.08410847 
674 453 7 10 0.08408491 
930 536 8 11 0.083976105 
771 533 7 10 0.08390069 
567 535 8 10 0.08366658 
991 608 15 18 0.08357502 
8 448 7 10 0.08345197 
399 528 7 9 0.08338573 
775 528 7 8 0.08333407 
906 456 7 9 0.08272954 
960 568 8 10 0.08260022 
361 408 6 9 0.08252111 
593 612 9 11 0.08251717 
193 735 16 22 0.0823762 
694 502 7 9 0.08224761 
490 493 8 10 0.081831485 
168 558 8 10 0.08157958 
219 508 7 10 0.081557795 
385 530 7 9 0.0813066 
586 478 8 10 0.0808197 
390 614 8 10 0.08036138 
288 628 9 11 0.08010872 
135 550 7 10 0.080092594 
479 550 8 10 0.07999439 
129 455 7 10 0.079734795 
271 518 7 9 0.079714686 
72 502 9 11 0.07955849 
424 473 7 9 0.07951546 
384 566 7 9 0.079513684 
168 609 7 9 0.07947345 
695 663 11 13 0.0793274 
255 445 7 9 0.07926623 
288 487 7 10 0.07918755 
394 473 6 8 0.07903382 
351 530 7 9 0.07862728 
319 663 9 12 0.07860111 
457 577 8 9 0.0785967 
394 552 7 9 0.078540795 
448 474 6 9 0.07850197 
543 477 7 10 0.078496 
219 544 6 8 0.078313604 
649 549 8 10 0.07830194 
208 623 9 11 0.078266226 
253 728 15 17 0.0780504 
353 601 7 9 0.07803102 
12 550 9 11 0.0778597 
609 477 8 10 0.07746013 
943 545 7 10 0.07721187 
761 550 7 9 0.077070855 
825 486 7 9 0.07703768 
305 575 7 9 0.076993845 
158 550 7 10 0.07671767 
1013 611 9 13 0.076701224 
162 583 8 10 0.076660536 
353 445 8 10 0.07665055 
314 471 8 10 0.07662143 
208 589 7 10 0.076595016 
186 550 8 10 0.076542445 
422 598 7 10 0.07635067 
336 546 7 9 0.07629676 
752 542 8 10 0.07608065 
301 681 12 15 0.07601453 
433 592 8 10 0.07600337 
920 519 7 10 0.07591555 
480 572 8 10 0.075708255 
377 591 8 10 0.07547174 
671 513 8 10 0.075427845 
657 559 9 11 0.075298704 
224 494 7 9 0.075075515 
223 567 8 10 0.07505998 
65 450 7 9 0.07493962 
30 480 7 9 0.07486845 
447 577 7 9 0.07475251 
850 572 8 10 0.07474453 
544 520 8 9 0.074489534 
184 445 8 10 0.07442609 
184 493 7 9 0.074385665 
1 469 8 10 0.07435667 
388 638 9 11 0.074338466 
193 646 8 11 0.07418133 
649 486 8 10 0.07411117 
78 643 10 13 0.07394984 
274 631 8 10 0.0738666 
290 536 7 9 0.07376472 
470 589 9 11 0.07320664 
826 520 7 8 0.072989754 
360 608 8 10 0.072709896 
939 609 14 17 0.07270587 
130 545 7 9 0.072454154 
279 399 7 9 0.07242482 
870 584 8 11 0.07222706 
567 541 8 10 0.07216583 
862 648 13 16 0.07208327 
921 580 8 11 0.07204004 
205 601 8 9 0.07201757 
582 677 14 18 0.07192044 
695 575 7 10 0.07187992 
129 552 7 9 0.07185796 
491 522 7 9 0.071854666 
682 552 7 10 0.07184723 
456 609 8 10 0.07171293 
49 557 7 11 0.07165325 
360 598 8 9 0.071471825 
687 607 8 10 0.07116054 
519 623 9 11 0.070871666 
314 542 7 9 0.07066662 
824 375 8 10 0.070517175 
135 501 7 9 0.07039001 
391 584 8 10 0.07031671 
342 598 8 10 0.07025358 
153 612 8 10 0.07021552 
25 565 8 11 0.06991207 
865 551 9 10 0.069858715 
895 625 10 12 0.069743894 
983 630 10 13 0.06965444 
265 487 7 9 0.069647 
178 456 6 9 0.0694638 
559 502 7 10 0.06944918 
327 566 7 9 0.06944795 
503 582 8 10 0.0694425 
334 501 7 9 0.06917836 
440 609 8 10 0.06903497 
281 605 8 10 0.069032826 
625 604 7 11 0.06895939 
466 464 7 9 0.06883899 
777 401 7 9 0.068705596 
750 513 7 8 0.06866325 
135 546 7 9 0.0684932 
366 560 7 9 0.0683834 
664 461 7 9 0.06832518 
176 471 7 9 0.06831278 
790 549 7 9 0.06823413 
354 585 7 9 0.068210244 
441 577 8 9 0.06798273 
319 608 8 10 0.067876175 
209 449 7 10 0.067862496 
440 445 6 9 0.06782585 
323 680 11 13 0.06769193 
169 470 7 9 0.06757537 
350 628 10 12 0.06752183 
822 674 13 21 0.06746467 
625 488 8 10 0.067407325 
471 600 7 10 0.06739476 
679 557 8 10 0.067387044 
142 481 7 10 0.06738478 
400 624 8 11 0.06731999 
416 543 8 9 0.06724563 
127 462 7 9 0.06694089 
400 608 8 10 0.06693488 
486 510 7 9 0.0669178 
730 469 7 9 0.066864625 
282 600 8 10 0.066834 
392 479 7 9 0.06664232 
650 481 8 9 0.06657139 
194 613 8 10 0.06655334 
966 568 8 11 0.0665399 
313 608 8 10 0.06645402 
8 526 7 9 0.06637635 
430 616 8 11 0.06633895 
561 560 8 10 0.06620268 
121 552 8 10 0.066106014 
515 505 6 8 0.065982975 
143 608 7 10 0.06595241 
169 454 7 9 0.06590846 
408 569 8 9 0.065862596 
288 589 8 10 0.065590665 
556 628 9 12 0.06549168 
634 504 7 10 0.0649841 
655 549 7 10 0.0649278 
778 545 7 9 0.064865306 
553 608 7 8 0.06480865 
501 598 9 11 0.06468069 
467 551 7 9 0.0646712 
386 479 7 9 0.06460243 
286 559 7 9 0.06450698 
263 399 7 9 0.0644881 
378 566 7 9 0.06442502 
205 606 8 10 0.06435262 
770 529 7 9 0.064307004 
472 575 8 9 0.0642956 
426 434 7 9 0.064274475 
321 542 7 9 0.06424494 
728 518 7 9 0.064208165 
337 560 7 9 0.06419746 
18 526 7 9 0.0641929 
455 510 7 9 0.06399396 
555 502 7 10 0.06386115 
345 472 8 11 0.063749395 
647 494 8 10 0.063500255 
541 560 9 10 0.06349083 
895 510 7 9 0.06346309 
161 592 7 9 0.06325403 
870 559 8 10 0.06317609 
323 552 7 9 0.06300477 
328 586 7 9 0.062994674 
522 455 7 9 0.06291015 
939 656 18 26 0.06273149 
447 519 8 9 0.06269492 
888 472 7 9 0.062541895 
490 536 7 9 0.062512785 
632 510 8 10 0.06246754 
786 318 7 10 0.062425297 
630 589 9 11 0.06241852 
142 569 7 9 0.06240218 
304 543 8 9 0.06211171 
973 652 13 17 0.06210718 
143 614 8 10 0.062088948 
187 581 7 9 0.061778706 
910 590 9 11 0.06175271 
858 562 7 9 0.0617524 
737 351 8 10 0.061749857 
127 557 8 10 0.061678413 
224 609 8 10 0.061625667 
362 472 7 10 0.06160432 
514 522 6 9 0.061463278 
394 527 6 9 0.061216693 
432 577 7 9 0.061169155 
749 496 7 9 0.061159447 
271 496 6 9 0.061093085 
177 479 8 9 0.06103884 
520 390 7 9 0.06101018 
722 542 7 9 0.060837027 
760 561 8 10 0.06080765 
932 652 14 22 0.060632724 
729 505 7 9 0.060609862 
386 473 7 9 0.060514856 
329 421 7 10 0.060504965 
345 560 7 9 0.060444873 
142 574 8 10 0.060431957 
769 334 8 11 0.060242064 
319 466 7 9 0.060239952 
740 582 9 12 0.06021843 
932 564 9 11 0.060212754 
391 447 7 9 0.060086057 
365 710 11 14 0.059807017 
112 430 6 9 0.05976738 
616 623 10 13 0.059701953 
351 612 8 11 0.059674554 
731 581 9 11 0.05954838 
104 455 7 9 0.059535723 
879 417 7 9 0.05952406 
474 622 9 13 0.05949322 
631 601 9 11 0.059454527 
160 598 8 9 0.059307646 
337 599 8 10 0.059280656 
192 425 7 8 0.059189435 
625 519 8 9 0.059035487 
62 577 7 10 0.059029214 
508 629 11 12 0.059008125 
465 545 6 8 0.058918662 
272 599 7 10 0.05877975 
719 528 7 9 0.0587534 
744 529 6 9 0.05871504 
255 496 7 9 0.05868971 
583 600 7 9 0.058688086 
218 557 7 9 0.058561724 
441 551 6 8 0.058538117 
354 385 7 9 0.058530994 
255 560 7 9 0.05848177 
417 621 8 11 0.058435775 
221 632 9 11 0.058422565 
113 593 8 10 0.058390226 
365 609 8 10 0.058307737 
552 616 9 11 0.058245067 
802 607 9 11 0.058200035 
521 576 8 9 0.057967335 
591 502 8 9 0.057963714 
741 606 9 12 0.05786256 
666 458 6 8 0.057853404 
272 549 7 9 0.057806466 
854 623 10 13 0.05754591 
146 432 7 9 0.057439223 
390 609 9 10 0.05741883 
353 590 7 10 0.057398576 
779 549 7 10 0.057338126 
433 535 7 9 0.05730479 
359 584 7 10 0.057133194 
680 614 9 12 0.057096526 
923 674 15 22 0.0570176 
103 612 8 11 0.057007924 
391 535 7 9 0.056850597 
641 446 7 10 0.056823846 
75 455 7 9 0.05681697 
376 578 8 10 0.056786437 
305 606 8 10 0.05678074 
8 692 12 14 0.056691684 
294 623 8 10 0.056626208 
41 570 7 9 0.05653483 
575 496 8 10 0.056533918 
454 612 8 11 0.05636981 
146 544 7 10 0.056354374 
801 760 19 16 0.056297075 
753 688 16 20 0.056266543 
118 593 8 10 0.05598922 
623 464 8 9 0.055906847 
554 456 7 9 0.055903923 
129 629 8 10 0.055891365 
409 383 7 9 0.05587715 
705 585 7 9 0.05580751 
232 583 8 10 0.05562119 
490 543 7 9 0.055601835 
360 621 9 11 0.05554825 
195 520 8 10 0.055319473 
386 609 8 9 0.05531603 
259 399 7 9 0.055295613 
800 629 9 12 0.055241007 
165 662 10 13 0.055183906 
216 573 8 10 0.055127606 
248 632 10 12 0.055071313 
104 471 7 9 0.054928847 
628 629 9 13 0.054875482 
345 628 9 10 0.054762922 
802 529 6 9 0.054731257 
851 521 8 9 0.054710686 
929 455 7 9 0.054554928 
743 439 6 8 0.054519854 
394 544 8 9 0.05451758 
359 415 7 9 0.054509237 
817 543 8 10 0.05440988 
330 495 7 9 0.05438934 
322 487 7 10 0.05422377 
839 551 8 9 0.054140266 
30 505 8 9 0.05409814 
377 552 8 9 0.05408295 
512 592 8 9 0.054081693 
175 617 8 10 0.05393761 
449 477 7 9 0.053850543 
280 574 7 9 0.05375985 
674 553 7 10 0.053642716 
892 658 14 16 0.05356714 
498 551 7 9 0.053487305 
592 496 8 9 0.05347618 
391 439 7 8 0.053469956 
774 567 8 11 0.05341466 
319 383 7 9 0.05340316 
770 573 8 10 0.053390123 
645 683 12 14 0.053287745 
474 424 7 8 0.053184927 
527 414 8 10 0.053180486 
162 471 7 8 0.053127933 
440 560 8 9 0.05312719 
210 453 7 10 0.053053044 
386 439 7 9 0.053021226 
552 512 7 10 0.052982204 
691 568 7 9 0.052816924 
448 560 7 9 0.05278629 
384 576 8 9 0.052696493 
69 431 8 9 0.05262732 
784 620 10 12 0.052272525 
424 446 7 8 0.052242555 
3 761 18 15 0.05219166 
791 374 8 10 0.052133925 
137 638 9 11 0.05211768 
873 574 8 10 0.05211619 
967 572 9 11 0.052101515 
-1 667 8 15 0.051958412 
106 430 7 9 0.051820688 
850 598 8 10 0.051793035 
746 543 7 9 0.051744744 
175 567 8 10 0.051650733 
888 534 8 9 0.051566377 
376 400 7 8 0.05153679 
327 574 7 9 0.051471867 
177 582 7 9 0.05141886 
558 497 8 9 0.05137741 
88 567 8 9 0.051341213 
206 615 8 10 0.051226374 
257 429 7 9 0.051213026 
110 506 8 9 0.051041033 
434 568 7 9 0.050854117 
137 487 7 9 0.050822042 
590 472 8 9 0.050741736 
386 615 8 9 0.05064015 
393 521 7 9 0.050632242 
233 559 7 9 0.05060692 
192 601 7 9 0.050596774 
375 408 7 9 0.0505872 
794 328 7 9 0.050525676 
663 581 8 9 0.050498374 
537 560 8 10 0.050447077 
313 581 8 10 0.05022844 
349 691 13 17 0.050118048 
658 597 8 11 0.05009198 
522 589 8 10 0.050055444 
253 630 8 10 0.050052464 
311 454 7 9 0.050043914 
618 582 8 10 0.04998232 
502 669 15 17 0.04997059 
201 670 9 12 0.049918506 
422 420 7 9 0.04987463 
582 620 10 12 0.049810413 
738 528 7 9 0.049775016 
769 614 8 10 0.049739383 
320 583 7 9 0.049706195 
409 584 7 9 0.049698602 
31 271 8 11 0.04966684 
202 439 7 9 0.049571026 
502 651 12 15 0.04956271 
674 557 7 10 0.0495575 
990 619 15 19 0.049556646 
295 511 7 9 0.049498737 
225 575 8 9 0.049349938 
199 622 7 10 0.04929793 
177 560 8 10 0.049286913 
689 525 7 10 0.049283 
854 572 8 10 0.0492821 
774 574 8 10 0.04925216 
318 528 7 9 0.04918502 
265 622 8 11 0.04911287 
552 569 8 10 0.0490461 
359 445 7 9 0.049036894 
442 480 7 9 0.04901375 
999 627 12 14 0.049004644 
246 616 8 10 0.048937924 
632 471 7 9 0.048775017 
417 382 7 9 0.04873631 
176 605 8 10 0.04866796 
630 622 9 12 0.04861972 
96 486 8 10 0.048534457 
185 629 8 11 0.048491493 
688 487 7 9 0.048468094 
785 466 7 9 0.04844553 
8 590 8 11 0.04843925 
857 455 6 8 0.048407257 
383 552 7 9 0.048259057 
47 464 7 9 0.048250843 
440 442 7 8 0.048234705 
753 557 7 10 0.04816955 
362 573 7 10 0.048157465 
642 494 7 10 0.04809464 
798 181 9 10 0.048058376 
0 453 7 10 0.048045628 
142 638 9 11 0.048042666 
193 448 7 8 0.04800309 
547 591 7 9 0.047985036 
355 421 7 9 0.04797163 
513 535 7 8 0.0477147 
586 585 8 10 0.047697153 
446 623 10 13 0.047681823 
10 502 8 11 0.047612365 
72 517 8 9 0.047605425 
676 659 11 14 0.047552377 
136 471 7 9 0.047524482 
515 510 7 9 0.047516152 
849 536 8 9 0.04742553 
203 551 8 10 0.04740582 
415 479 7 9 0.047395606 
790 545 7 9 0.0473309 
392 567 7 9 0.047328472 
503 497 7 9 0.04729494 
14 501 7 10 0.04726504 
655 631 8 11 0.047259804 
360 401 7 9 0.047255803 
763 503 7 9 0.047251284 
472 464 7 9 0.04722348 
677 567 8 10 0.047199603 
90 529 7 9 0.04705217 
506 527 7 9 0.04701236 
472 557 8 9 0.046961837 
326 638 9 11 0.04688507 
992 539 11 13 0.046755288 
684 621 11 13 0.046736255 
871 568 8 10 0.046595085 
696 598 8 10 0.04655345 
459 567 8 10 0.046431635 
544 399 7 9 0.046425093 
218 392 7 9 0.046387848 
866 583 9 11 0.04638027 
787 470 7 8 0.04636462 
586 629 8 11 0.046322063 
323 440 6 9 0.04629843 
917 693 14 16 0.046249542 
273 536 7 9 0.046212483 
953 583 10 12 0.046091486 
166 584 7 9 0.046064444 
479 546 7 9 0.046020817 
401 545 7 9 0.045996077 
289 585 7 10 0.04589976 
208 630 9 11 0.045871492 
831 512 6 9 0.045846723 
169 449 7 8 0.04584303 
520 569 8 10 0.045604017 
296 489 7 9 0.04557163 
663 567 8 11 0.045563728 
967 589 9 12 0.04556038 
879 615 8 11 0.045550108 
89 533 7 10 0.045520328 
128 583 8 10 0.045509 
827 470 7 9 0.04538573 
386 434 7 9 0.045373436 
190 400 7 10 0.04534162 
944 519 8 10 0.04533145 
598 613 8 10 0.04528181 
530 568 7 9 0.045257397 
682 608 8 11 0.045145776 
79 471 7 9 0.04511548 
280 456 7 9 0.045083903 
304 569 7 9 0.04507362 
912 494 7 9 0.0450599 
744 557 8 10 0.045004234 
391 576 7 9 0.044993356 
186 473 7 9 0.04491149 
634 576 7 10 0.044882905 
880 580 9 12 0.044877246 
935 605 12 15 0.044788342 
377 598 7 9 0.04476543 
456 496 7 8 0.044706814 
218 526 7 9 0.04466579 
522 449 6 9 0.044641573 
223 560 7 9 0.044617694 
699 462 6 8 0.044600353 
465 561 7 9 0.044599954 
479 528 8 9 0.04451719 
49 637 8 10 0.04428094 
403 430 7 10 0.044241555 
726 486 7 9 0.04416516 
442 521 7 9 0.044148337 
472 605 9 11 0.044099126 
440 494 7 9 0.044069562 
233 662 10 13 0.044047557 
465 448 7 9 0.04404398 
498 584 8 10 0.043959457 
392 597 8 10 0.04394119 
313 568 7 9 0.043936484 
441 489 7 8 0.043898977 
122 557 7 9 0.04388851 
334 700 15 16 0.043858748 
185 478 7 9 0.043850675 
149 655 10 13 0.043845266 
339 431 7 10 0.04377775 
494 522 8 9 0.0437545 
495 494 7 9 0.043718047 
586 681 18 20 0.04369114 
72 512 8 9 0.04368904 
695 496 7 9 0.04357607 
825 326 8 9 0.043571383 
73 574 8 10 0.043564245 
495 559 8 10 0.043527476 
554 496 8 9 0.04349345 
976 446 7 10 0.0434866 
256 567 7 9 0.04344224 
537 497 7 9 0.043406487 
390 700 14 16 0.04340203 
105 465 7 9 0.043377265 
640 559 8 9 0.043363087 
222 527 7 9 0.04334693 
551 519 7 9 0.04327493 
433 608 7 10 0.04318392 
681 591 7 10 0.043033358 
338 611 8 11 0.043022037 
153 446 7 9 0.043012872 
415 607 8 10 0.042992778 
370 383 7 8 0.04296484 
627 375 7 10 0.042931017 
495 543 8 9 0.042896785 
272 578 7 8 0.042889226 
337 440 7 9 0.042848647 
771 480 7 8 0.042846106 
559 698 23 26 0.04283889 
560 511 8 10 0.04279612 
153 511 7 9 0.04278199 
826 512 7 9 0.04270858 
96 528 7 9 0.0427005 
144 520 7 9 0.0426876 
630 693 13 15 0.042648427 
99 454 7 10 0.04262857 
65 599 7 10 0.042614304 
410 575 7 9 0.042570133 
439 414 7 9 0.042552568 
767 545 7 9 0.04254724 
639 472 7 9 0.042451024 
129 439 7 9 0.042427514 
119 528 9 11 0.042410374 
832 456 7 9 0.042382818 
202 478 7 9 0.04234154 
178 463 7 9 0.0422577 
358 631 9 11 0.042236954 
855 505 6 8 0.042122483 
895 635 13 17 0.04211736 
27 481 7 9 0.042014435 
861 608 9 12 0.042010225 
270 621 8 11 0.041999873 
47 632 9 11 0.04192968 
230 546 7 8 0.041842833 
894 506 7 8 0.041828655 
182 457 6 8 0.04181146 
303 616 8 10 0.041808672 
304 527 7 9 0.04180838 
440 409 6 8 0.041751303 
756 582 9 11 0.04174314 
175 429 7 9 0.041739784 
714 549 7 10 0.041732043 
589 623 9 11 0.041720703 
465 471 8 9 0.041700996 
130 432 7 9 0.041699443 
137 448 7 9 0.04169828 
834 502 7 9 0.041695654 
95 589 8 11 0.041689046 
241 545 7 9 0.041622363 
184 463 6 8 0.04156655 
536 593 7 9 0.04150537 
62 485 8 10 0.04135953 
208 545 7 9 0.041352876 
776 631 9 11 0.04129124 
41 432 7 9 0.04126671 
730 552 8 9 0.04121412 
865 534 7 10 0.041208483 
546 513 7 9 0.041167263 
758 535 7 9 0.041096553 
771 328 7 9 0.041085448 
295 646 9 11 0.041080117 
573 592 8 10 0.040896643 
10 616 8 10 0.04084041 
438 634 10 13 0.04083677 
621 600 8 11 0.040803324 
175 575 7 9 0.04080044 
287 568 7 9 0.040797573 
266 583 7 9 0.040766932 
562 651 13 15 0.040729724 
600 496 7 9 0.040710118 
687 545 7 9 0.040705405 
450 511 8 10 0.040670864 
577 488 7 10 0.040615406 
671 573 8 10 0.040592145 
56 630 8 11 0.04058125 
832 534 8 9 0.04057542 
487 505 7 9 0.04056787 
105 520 8 9 0.040534016 
283 487 7 9 0.04052683 
543 574 8 10 0.040510777 
312 477 8 10 0.040487923 
291 574 7 10 0.040479243 
767 549 7 9 0.040463705 
745 472 7 8 0.040412087 
943 455 8 9 0.040373966 
287 455 7 9 0.040372673 
898 561 9 10 0.040362705 
359 488 7 9 0.040326092 
413 692 14 18 0.040293377 
337 584 8 9 0.040241294 
128 591 8 9 0.04024024 
386 446 7 10 0.04023916 
783 487 7 9 0.040226664 
80 620 8 10 0.040216308 
473 545 7 9 0.040198263 
768 667 11 16 0.04016377 
802 549 8 10 0.040132925 
606 526 7 10 0.040045 
458 456 6 9 0.039894808 
328 600 7 10 0.039890204 
223 510 7 9 0.039881777 
9 453 7 10 0.039868105 
363 560 7 9 0.039831366 
656 565 9 11 0.03982902 
194 455 7 9 0.039824203 
524 699 17 26 0.039808474 
890 505 7 9 0.039686378 
984 275 14 18 0.039650984 
504 454 7 9 0.039639074 
767 723 14 18 0.03962305 
626 480 7 9 0.039621998 
175 425 7 9 0.039606605 
218 608 7 10 0.039584473 
752 518 7 8 0.039560515 
594 392 7 9 0.03952015 
904 450 7 8 0.039518215 
563 541 8 10 0.03950871 
314 409 6 9 0.039500155 
840 398 7 9 0.03949777 
377 455 6 9 0.039386746 
832 597 8 10 0.039377842 
553 480 7 9 0.039210323 
123 464 6 8 0.039197236 
519 521 7 10 0.039183572 
342 551 7 9 0.039166525 
339 567 6 9 0.03916302 
425 478 6 9 0.039153412 
384 398 7 9 0.039130483 
218 537 6 8 0.03912266 
72 407 7 9 0.039107487 
223 447 6 9 0.03908293 
697 559 8 10 0.039049502 
179 493 7 9 0.03904534 
458 462 6 8 0.03903595 
297 615 7 10 0.03896627 
344 406 8 10 0.03893408 
543 533 7 10 0.038920507 
430 598 8 9 0.0389163 
128 472 7 9 0.038801316 
821 685 16 22 0.038732518 
936 526 7 9 0.038712874 
257 471 7 9 0.038678985 
310 677 12 14 0.03867777 
915 126 15 16 0.038655207 
853 131 11 15 0.038621854 
251 446 7 8 0.038601466 
713 544 8 9 0.038540423 
655 517 7 10 0.03850876 
107 511 7 10 0.038495816 
888 336 10 12 0.03846644 
415 653 12 15 0.038350638 
17 522 7 9 0.03834539 
542 582 8 10 0.038328685 
871 502 7 9 0.038198624 
784 609 8 10 0.03817833 
217 569 8 10 0.038170394 
766 653 11 15 0.0381019 
26 542 7 10 0.03810185 
710 628 9 12 0.037988562 
144 528 7 9 0.037884545 
618 544 7 10 0.037813824 
178 489 7 9 0.0377996 
403 398 7 9 0.037798613 
879 650 12 16 0.037726555 
850 526 7 8 0.03771885 
183 624 8 10 0.03769942 
734 469 7 9 0.037698053 
305 495 7 9 0.03766838 
1 508 7 11 0.037652854 
368 534 7 9 0.03763103 
368 749 12 17 0.03761499 
80 536 7 9 0.037590016 
105 425 7 9 0.037556466 
312 689 13 18 0.03745199 
904 537 8 9 0.03743112 
728 600 8 10 0.037415765 
406 431 7 9 0.037401512 
953 591 9 12 0.037388656 
294 639 9 11 0.03734341 
636 696 17 17 0.037339244 
504 502 7 9 0.037289467 
1011 640 13 18 0.037287638 
609 590 8 10 0.037270755 
226 593 8 10 0.037144355 
929 517 8 10 0.037109837 
601 502 7 9 0.037107892 
580 750 16 20 0.037102815 
287 383 7 9 0.03709226 
462 608 8 11 0.03706854 
695 512 8 9 0.037066296 
136 430 7 9 0.037064206 
649 614 8 10 0.037047762 
495 536 8 10 0.03702739 
80 479 8 10 0.036999483 
989 503 8 9 0.03696438 
656 616 7 10 0.036905505 
401 534 7 9 0.036894664 
919 551 8 11 0.03687301 
863 543 8 10 0.036816336 
79 553 8 10 0.036803868 
464 455 6 9 0.036759015 
400 592 7 9 0.036754575 
629 520 8 11 0.036744766 
679 628 10 13 0.03672561 
503 450 7 9 0.036715597 
441 567 7 9 0.036668472 
801 613 8 11 0.03666426 
641 691 17 19 0.03660415 
839 497 7 8 0.03659248 
752 638 10 13 0.036585342 
169 552 7 10 0.03658455 
358 422 7 9 0.036570787 
729 559 8 10 0.03654029 
240 575 7 9 0.036460415 
180 710 13 19 0.036425814 
921 513 8 9 0.036414843 
457 598 7 10 0.036386773 
590 466 7 9 0.0363818 
880 459 7 8 0.036362704 
761 522 6 9 0.036334824 
744 615 9 11 0.036331404 
367 598 8 9 0.036304183 
432 431 7 9 0.036276195 
600 414 7 8 0.036269013 
266 535 7 9 0.036267944 
850 559 7 9 0.036221787 
121 472 7 9 0.0362144 
937 598 10 13 0.036203954 
293 553 8 9 0.036168173 
128 625 8 10 0.036136206 
910 621 8 11 0.036029506 
621 653 11 13 0.036024764 
392 433 7 9 0.036006738 
576 447 7 8 0.035969127 
274 463 7 9 0.035958733 
351 561 7 9 0.035904046 
817 505 6 9 0.035885308 
170 509 7 9 0.03582916 
695 519 7 9 0.035821673 
586 465 6 8 0.035793442 
521 533 7 9 0.035770737 
737 561 7 9 0.03576541 
199 534 7 10 0.03575607 
670 529 8 10 0.035705693 
261 374 7 9 0.035701573 
903 624 10 13 0.035665818 
624 492 8 10 0.035662 
450 401 7 9 0.035660557 
416 378 7 8 0.03555733 
203 576 7 9 0.035551086 
670 662 10 12 0.03553209 
882 463 6 8 0.035499822 
113 479 7 9 0.035492957 
376 377 7 8 0.03548085 
505 604 8 11 0.035435706 
912 509 7 9 0.035414893 
355 488 6 8 0.035393316 
40 470 7 9 0.035297353 
690 521 7 9 0.035273038 
653 643 11 14 0.03523256 
842 485 7 9 0.035231136 
400 613 8 10 0.035211872 
368 574 7 10 0.035203442 
713 534 8 10 0.0351894 
87 559 8 10 0.03517885 
200 514 7 9 0.035173655 
317 694 14 17 0.03510298 
928 513 8 9 0.03509903 
376 447 6 9 0.035090514 
536 429 7 9 0.035017397 
638 622 9 11 0.035001896 
688 480 7 9 0.034991577 
135 454 7 10 0.034966692 
65 534 7 8 0.034947447 
657 622 8 11 0.03489491 
294 431 7 9 0.034845695 
578 608 8 11 0.034803197 
739 438 6 9 0.03476335 
407 417 7 8 0.034723468 
566 613 8 11 0.03469987 
760 644 9 12 0.034680374 
7 700 13 16 0.034632552 
776 637 10 12 0.03460593 
586 471 7 10 0.034605484 
810 504 7 9 0.034500834 
335 382 7 9 0.034495044 
703 612 8 12 0.034458008 
192 494 6 9 0.034440074 
656 423 7 8 0.03443206 
792 585 7 10 0.03439541 
313 552 7 8 0.03439397 
883 652 14 19 0.034373786 
29 485 7 9 0.03434515 
889 543 7 10 0.03433825 
31 545 8 9 0.034296338 
297 478 7 9 0.03428072 
895 543 8 10 0.034223583 
544 624 9 11 0.034214236 
234 447 7 9 0.034199763 
544 473 7 9 0.034197424 
839 502 7 9 0.034147635 
434 463 7 9 0.03413336 
471 481 6 8 0.03410597 
1 525 7 11 0.034086198 
56 553 8 10 0.03406014 
728 576 8 9 0.034046337 
384 543 7 9 0.03403962 
130 514 6 8 0.03401058 
356 693 12 15 0.033962656 
890 510 7 9 0.033933662 
578 537 7 9 0.033931 
175 521 8 9 0.033918027 
264 481 7 9 0.033915903 
321 601 8 9 0.03384397 
275 399 7 9 0.033791546 
289 374 7 9 0.033769578 
418 494 7 9 0.033722058 
266 577 7 9 0.0337107 
792 511 7 9 0.033644374 
489 550 7 10 0.03361583 
577 555 10 13 0.033603664 
823 504 7 9 0.03353715 
247 488 7 9 0.033518977 
647 609 9 10 0.033512216 
543 503 7 9 0.033501837 
78 574 7 9 0.033472132 
191 473 7 9 0.033462968 
290 415 7 9 0.033452976 
984 593 11 15 0.033445604 
625 470 7 9 0.033444002 
48 615 9 11 0.0334416 
767 512 6 8 0.03337838 
328 606 8 10 0.033285614 
528 576 8 9 0.03328239 
484 666 13 18 0.03322936 
852 727 28 34 0.03321368 
780 630 10 12 0.033136234 
836 359 9 11 0.03312139 
15 627 8 11 0.033113003 
679 504 8 9 0.033101723 
206 577 8 9 0.033094566 
607 502 7 9 0.033085626 
831 470 7 9 0.033069693 
775 481 7 8 0.033051055 
136 441 6 8 0.033038735 
448 535 7 9 0.033023946 
543 630 9 10 0.03302075 
952 477 7 8 0.03300381 
458 533 8 10 0.03300168 
737 488 7 8 0.03298093 
824 595 9 11 0.03297557 
519 504 7 9 0.03296905 
582 537 8 9 0.032948837 
937 497 6 8 0.03294018 
424 496 6 9 0.032934207 
793 401 7 9 0.03290037 
258 393 7 9 0.03286906 
289 481 7 9 0.03280436 
461 629 9 12 0.032751426 
681 463 8 10 0.032717384 
418 464 7 9 0.032697327 
966 281 14 18 0.032665946 
406 398 7 9 0.032665186 
690 456 6 9 0.032640416 
72 450 6 9 0.032621726 
17 463 7 9 0.03260368 
216 632 9 11 0.03259015 
183 505 7 9 0.032587036 
223 537 7 9 0.032574054 
89 496 7 10 0.0325167 
231 489 7 9 0.03251075 
940 650 14 21 0.03249717 
422 534 7 9 0.032494772 
216 591 7 10 0.032444812 
959 560 8 10 0.03242493 
785 430 7 9 0.032402005 
744 599 8 10 0.032360915 
351 478 7 9 0.032338213 
527 526 8 10 0.03233656 
568 629 9 11 0.03233462 
577 551 9 11 0.03233291 
259 487 6 9 0.032315403 
127 517 7 9 0.03229807 
169 520 8 10 0.032278873 
873 599 9 11 0.032269273 
208 380 7 9 0.032265417 
770 520 6 9 0.032252785 
34 455 8 9 0.032205608 
111 517 7 9 0.032189425 
243 487 7 10 0.032075528 
982 636 10 12 0.032026052 
817 608 9 13 0.031935446 
191 416 7 9 0.03192605 
121 582 7 10 0.031917576 
807 560 8 9 0.03189977 
96 465 7 9 0.03189132 
929 449 7 8 0.031770334 
314 521 7 9 0.03176176 
156 494 7 9 0.031744543 
7 489 8 9 0.03170375 
358 457 8 9 0.0316921 
962 448 7 9 0.03166985 
641 442 7 9 0.031664528 
328 418 7 9 0.031619187 
818 487 7 9 0.031615097 
97 447 7 9 0.03159632 
569 669 15 17 0.031594865 
697 552 7 10 0.031536534 
64 470 7 9 0.031518377 
687 637 9 12 0.031510606 
386 393 7 9 0.03146033 
127 570 7 9 0.031454217 
95 533 7 10 0.03142061 
41 630 9 10 0.031416886 
502 567 8 9 0.031407908 
258 375 7 9 0.03139455 
919 543 7 9 0.031382013 
344 464 7 9 0.031379066 
987 584 10 11 0.03135576 
282 496 7 9 0.031318907 
314 466 7 8 0.03129861 
376 615 8 9 0.031239206 
295 505 7 9 0.031239133 
939 710 23 30 0.031208973 
412 478 6 9 0.031178495 
129 612 8 10 0.031163607 
149 535 7 9 0.03113278 
851 505 7 8 0.03113059 
677 520 8 10 0.03110053 
753 448 7 8 0.03107823 
601 593 8 10 0.031066244 
218 612 8 10 0.030981475 
159 422 7 9 0.03096856 
312 447 7 9 0.030865274 
73 534 7 9 0.030833209 
403 439 7 10 0.03083054 
879 519 8 9 0.03081107 
733 611 10 13 0.030787226 
416 615 8 10 0.03073501 
696 490 7 8 0.030710036 
246 606 8 9 0.030694492 
3 449 6 10 0.030665465 
959 269 40 46 0.03065964 
353 455 8 10 0.030623922 
733 504 7 9 0.030620325 
797 358 8 11 0.030615205 
691 496 7 9 0.030588085 
11 568 7 10 0.030555129 
33 527 7 10 0.030493733 
258 465 6 9 0.030472929 
399 456 7 9 0.030412946 
439 546 7 8 0.030381035 
658 464 6 9 0.030335905 
757 639 10 13 0.030324657 
120 513 7 8 0.030295992 
449 416 6 9 0.030295135 
311 495 7 9 0.030275004 
335 520 7 9 0.030270293 
80 541 7 9 0.03026614 
907 553 7 9 0.0302556 
42 464 6 9 0.030248588 
391 502 7 9 0.030246753 
512 544 8 9 0.030242434 
16 487 7 9 0.030227054 
602 526 7 10 0.0302246 
297 495 7 8 0.030212784 
370 584 7 9 0.030212086 
774 614 8 10 0.030205267 
927 550 7 10 0.030178973 
225 457 7 8 0.030171303 
434 423 7 9 0.03013839 
479 604 8 10 0.030127801 
505 417 7 9 0.030120084 
871 603 10 13 0.030115584 
257 605 7 10 0.030114664 
170 400 7 8 0.030112073 
723 486 7 10 0.030098354 
9 756 17 18 0.030068222 
809 496 7 8 0.030023728 
96 545 8 8 0.03000197 
119 478 8 9 0.029996328 
672 592 8 10 0.029938389 
76 503 9 11 0.029846067 
145 549 8 10 0.029836934 
254 576 7 9 0.02978121 
512 598 9 11 0.02976941 
239 422 6 8 0.029732486 
315 527 7 9 0.029729214 
137 512 6 9 0.029724034 
295 536 6 9 0.029723203 
40 607 7 9 0.029618734 
728 527 7 10 0.029599205 
103 602 9 10 0.02959114 
599 391 8 10 0.029579435 
948 602 11 13 0.029577866 
953 566 9 11 0.02957125 
462 534 8 9 0.0295444 
279 463 7 9 0.029506035 
504 545 8 10 0.029505612 
368 496 7 8 0.029489363 
770 487 7 9 0.029483255 
254 503 8 10 0.029479843 
54 557 8 10 0.029430486 
231 471 7 9 0.029383654 
255 623 9 11 0.029372241 
746 479 7 8 0.029369181 
825 533 8 10 0.029364292 
389 630 10 12 0.029301938 
546 607 7 9 0.029283142 
736 520 7 9 0.0292816 
702 541 7 9 0.029174885 
919 682 12 17 0.02913545 
295 424 7 9 0.029085977 
279 394 7 8 0.029080383 
894 582 8 10 0.029072057 
136 584 7 9 0.029064821 
718 551 7 9 0.029046535 
776 514 7 9 0.028986188 
225 583 7 10 0.028946087 
873 614 9 12 0.02894129 
78 457 6 8 0.028931666 
619 464 7 9 0.028906703 
435 415 7 9 0.028903665 
762 496 7 9 0.028893316 
889 622 8 12 0.028867418 
577 464 6 9 0.028806454 
867 503 6 8 0.028800348 
185 432 7 8 0.028791815 
638 504 8 9 0.02878432 
16 559 7 10 0.028768217 
570 384 7 10 0.028749509 
424 569 7 8 0.028737428 
597 645 9 12 0.028717529 
248 479 7 9 0.028708927 
72 497 9 11 0.028688278 
160 399 7 8 0.028679276 
25 494 7 9 0.028662201 
134 425 7 9 0.028642545 
249 384 7 8 0.02863476 
657 401 7 8 0.02863265 
32 583 8 9 0.028609969 
343 544 7 9 0.028583424 
315 383 7 9 0.02852938 
58 486 8 10 0.028510012 
448 447 7 9 0.028492577 
816 537 7 8 0.02847636 
14 544 8 10 0.02846251 
737 622 9 11 0.028443964 
868 646 12 17 0.02842785 
145 512 7 9 0.028422045 
967 488 7 9 0.028388012 
208 637 9 11 0.028360328 
471 614 9 11 0.028326802 
143 643 10 13 0.028245438 
407 624 9 10 0.028245188 
419 446 6 9 0.028199641 
887 582 9 12 0.028197693 
840 374 7 9 0.02818811 
263 566 8 9 0.028186522 
319 510 7 8 0.02818616 
279 536 7 9 0.028175263 
315 511 6 8 0.028151201 
15 583 9 10 0.02811652 
134 590 8 10 0.028101461 
814 585 8 11 0.028084837 
981 622 12 16 0.028060064 
746 519 7 8 0.028052485 
824 495 6 9 0.028008105 
305 352 7 9 0.027983436 
491 469 7 9 0.027956778 
930 529 7 9 0.027940072 
742 327 7 9 0.027897786 
639 566 8 10 0.027891522 
401 566 6 9 0.027883817 
39 514 7 9 0.027879847 
570 450 7 8 0.02786329 
194 429 7 9 0.027849585 
851 511 7 8 0.027825082 
218 447 7 9 0.027796607 
329 407 6 8 0.027782457 
198 663 9 12 0.027755307 
499 450 7 9 0.02774567 
393 416 6 8 0.027742961 
687 614 10 12 0.027741631 
275 416 7 10 0.027701084 
965 622 15 17 0.02767294 
845 605 9 11 0.027672369 
738 327 7 9 0.027668595 
289 433 8 8 0.02766535 
231 632 9 11 0.027647614 
479 665 13 19 0.02762039 
776 150 9 12 0.027613495 
223 392 6 9 0.027606651 
976 588 9 12 0.027594162 
145 449 6 9 0.027555464 
385 520 7 8 0.027514962 
385 596 7 10 0.027499115 
311 638 9 12 0.027479086 
199 426 7 8 0.027435375 
713 584 7 9 0.027413398 
239 592 8 10 0.027366957 
480 470 7 9 0.027319232 
354 513 7 9 0.027307376 
520 615 9 12 0.027286751 
448 456 7 9 0.027278246 
1014 560 9 12 0.02727606 
423 593 8 9 0.027237274 
313 420 7 9 0.027231038 
831 529 7 9 0.027225973 
183 560 7 10 0.027218591 
265 550 7 9 0.027172485 
456 400 7 8 0.027156897 
906 414 8 9 0.027088836 
790 536 6 9 0.027085483 
864 574 9 10 0.027080784 
50 440 7 10 0.02706712 
417 550 7 9 0.02706649 
520 628 9 12 0.027058443 
474 377 7 9 0.02705839 
400 585 7 9 0.027009329 
359 537 6 9 0.026993498 
937 441 7 9 0.026960885 
146 468 8 10 0.02693717 
282 439 7 8 0.02692523 
288 439 7 9 0.026924603 
974 622 11 15 0.026919061 
804 631 11 13 0.02690867 
218 399 7 8 0.026905088 
232 576 7 9 0.02686617 
318 668 10 13 0.026843907 
592 519 8 10 0.02684366 
159 656 12 14 0.026833944 
685 629 10 13 0.026808564 
485 572 8 11 0.026808154 
722 630 9 11 0.026764408 
900 571 9 12 0.02675222 
15 455 7 9 0.02673786 
768 495 7 9 0.026723692 
922 102 9 11 0.0267223 
735 544 7 9 0.026721371 
697 606 8 11 0.026716426 
201 447 7 9 0.026706876 
233 512 7 9 0.026684094 
464 416 7 9 0.026682314 
169 466 7 9 0.026672035 
700 661 10 13 0.02666209 
361 496 7 9 0.026627358 
632 479 6 8 0.026620215 
959 607 14 17 0.026596624 
511 548 9 11 0.026593503 
499 454 7 9 0.026587097 
902 607 8 11 0.0265775 
162 557 7 10 0.02654203 
586 645 10 13 0.026515318 
598 608 9 10 0.026514878 
832 572 9 11 0.026479429 
378 494 7 9 0.026461076 
90 465 6 9 0.026435796 
249 495 7 9 0.026409233 
721 520 7 9 0.026403142 
754 529 7 9 0.026371889 
208 414 7 9 0.026367918 
610 456 7 9 0.026363589 
906 463 7 9 0.026348416 
584 488 7 8 0.026348252 
859 543 7 9 0.026325407 
769 630 8 11 0.026315212 
89 502 8 9 0.02630113 
98 552 8 12 0.02628972 
865 529 7 8 0.026276961 
344 519 7 8 0.02627568 
352 565 6 9 0.026273921 
576 471 7 9 0.026261978 
650 456 7 9 0.026257405 
958 512 8 9 0.026229942 
366 472 7 10 0.026196495 
107 505 7 9 0.026195254 
801 545 7 9 0.026176568 
576 519 7 9 0.026173012 
193 462 6 9 0.026118914 
488 440 7 8 0.02611506 
593 569 8 10 0.02611201 
553 557 8 10 0.026098497 
216 455 7 9 0.026056608 
800 562 9 10 0.026047649 
236 679 11 14 0.02599099 
335 685 12 15 0.02598973 
281 529 7 9 0.025986886 
166 527 7 10 0.0259837 
958 694 22 25 0.025969667 
36 739 19 20 0.02595039 
866 485 7 10 0.025943147 
370 440 7 9 0.025939532 
296 415 7 8 0.025930474 
83 303 7 10 0.025902968 
737 535 7 10 0.02588855 
80 511 7 9 0.025863858 
289 528 7 9 0.025835209 
492 666 13 17 0.02583047 
827 552 6 9 0.025818879 
322 446 6 9 0.025800753 
352 401 7 8 0.025772482 
39 535 7 9 0.02574522 
32 576 7 10 0.025742605 
321 392 6 8 0.025736457 
912 565 8 10 0.025723351 
32 472 7 9 0.025718031 
913 490 7 9 0.025711395 
680 525 7 10 0.025708351 
176 416 7 8 0.025677327 
378 489 7 9 0.0256749 
927 574 8 10 0.025661174 
519 560 7 9 0.025659915 
834 400 8 10 0.025649918 
562 485 7 10 0.025627973 
648 505 7 10 0.025613584 
221 505 7 9 0.025605025 
672 583 8 10 0.025600368 
505 520 7 9 0.025590837 
797 329 7 9 0.025553748 
560 553 8 10 0.025550019 
423 520 7 9 0.025549356 
830 518 6 9 0.025534714 
362 431 7 9 0.025531678 
803 514 7 9 0.025531145 
832 464 7 9 0.025504017 
193 593 7 9 0.02550254 
121 496 7 9 0.025501534 
780 636 11 13 0.025490934 
439 392 7 9 0.025453016 
880 421 7 9 0.025440995 
976 583 9 11 0.025440086 
878 598 10 13 0.025431847 
800 492 7 10 0.025423208 
326 440 7 9 0.025393948 
727 567 8 10 0.025387216 
122 518 6 9 0.025358193 
911 585 9 10 0.025344465 
169 600 7 9 0.025331547 
105 574 7 9 0.02532619 
102 661 11 13 0.025282705 
998 526 8 10 0.02527814 
240 416 7 9 0.025266346 
885 613 9 12 0.025244156 
296 559 7 10 0.025237124 
146 454 7 9 0.0252349 
825 382 8 10 0.025229178 
498 567 7 9 0.025208067 
176 592 8 10 0.025204575 
408 607 8 10 0.025170112 
249 551 6 9 0.025156666 
560 455 7 9 0.02513041 
439 464 6 8 0.02510202 
839 601 8 10 0.025101263 
575 528 7 9 0.025095072 
614 478 7 9 0.025088355 
520 472 7 9 0.025084667 
399 466 7 8 0.025046058 
47 568 7 9 0.02503883 
776 562 7 9 0.02503698 
727 658 11 14 0.025035936 
233 394 6 8 0.02502658 
880 511 8 10 0.025018346 
686 557 7 10 0.025004778 
418 473 6 8 0.02499055 
1013 593 10 14 0.024986574 
89 617 8 10 0.024980279 
784 521 7 9 0.024978247 
617 472 7 10 0.024973674 
592 526 8 9 0.024954319 
464 422 7 9 0.024931692 
75 470 7 9 0.02491924 
456 481 7 9 0.024907215 
81 519 7 10 0.024901355 
353 377 7 8 0.02487344 
256 536 7 9 0.024859129 
905 615 8 11 0.024857854 
360 502 7 9 0.024853503 
371 400 6 9 0.024827633 
650 521 7 9 0.024823729 
186 546 7 8 0.0248068 
584 639 8 11 0.024797002 
945 478 7 8 0.024777235 
662 552 7 9 0.024760472 
865 358 7 10 0.024744194 
169 478 7 9 0.024736727 
622 569 8 9 0.024736127 
232 668 11 14 0.02472649 
267 495 7 10 0.024705905 
647 393 6 7 0.02469576 
360 384 7 8 0.024691284 
114 551 7 10 0.024690975 
138 519 7 9 0.024689995 
902 600 9 11 0.024680218 
249 535 7 10 0.024646126 
521 463 6 9 0.024645938 
607 446 7 9 0.024620349 
938 591 9 12 0.024610743 
462 522 7 9 0.024576247 
82 583 8 8 0.02456396 
507 401 7 9 0.024527378 
335 527 7 9 0.024520015 
641 489 7 9 0.024512636 
927 502 8 9 0.024508502 
602 375 7 9 0.02450328 
885 597 11 13 0.024490448 
777 717 22 29 0.024477012 
458 423 6 9 0.024427874 
695 477 7 10 0.024409894 
305 434 7 9 0.024408283 
87 683 11 16 0.02439433 
1012 525 10 15 0.024382971 
45 646 11 14 0.024351183 
806 613 9 11 0.024323909 
217 463 7 9 0.024276296 
767 562 8 9 0.024254162 
0 589 8 12 0.024252063 
331 383 7 9 0.024245813 
795 574 7 9 0.024240235 
34 534 7 9 0.024216702 
750 597 8 10 0.02420313 
10 574 8 10 0.024203049 
497 576 8 10 0.024178218 
1013 666 11 19 0.024152227 
87 605 8 11 0.024133528 
434 561 7 9 0.024090448 
9 545 8 9 0.024047492 
951 628 12 14 0.024046356 
1009 571 9 12 0.024042834 
559 648 12 14 0.024030797 
80 528 7 9 0.024004782 
769 473 7 9 0.02399451 
223 399 7 9 0.02399324 
906 510 7 9 0.023991428 
766 647 9 13 0.023990473 
567 571 9 11 0.023970602 
419 421 7 9 0.023964047 
751 503 6 8 0.023962107 
196 646 9 11 0.023961501 
100 713 15 18 0.023955058 
783 656 10 13 0.02395147 
409 560 7 8 0.02392928 
520 607 9 12 0.023920443 
696 592 8 10 0.023920199 
831 432 6 9 0.023918495 
152 559 8 10 0.023872001 
200 407 7 9 0.023871353 
580 689 15 21 0.023844816 
640 478 7 9 0.02384384 
73 551 7 9 0.023837337 
839 535 7 9 0.023808654 
841 325 8 10 0.023808543 
856 536 7 9 0.02376644 
120 431 6 9 0.023764113 
702 462 7 8 0.02376235 
249 577 7 10 0.023760743 
201 591 8 9 0.023736466 
664 637 8 12 0.023733877 
910 559 8 10 0.023731124 
353 518 7 9 0.023671756 
257 545 7 8 0.02366342 
479 558 8 10 0.023652246 
835 497 7 9 0.023627933 
192 478 7 8 0.023621265 
570 454 7 9 0.023604576 
962 496 7 9 0.023551252 
374 383 7 8 0.023547582 
769 359 8 10 0.023539215 
602 409 7 9 0.023534562 
215 473 7 9 0.023533976 
220 429 7 8 0.023523616 
565 426 7 9 0.023517083 
702 670 11 13 0.023515726 
191 543 7 8 0.02349539 
870 534 8 9 0.023493707 
607 440 7 10 0.023473563 
208 478 7 9 0.02347185 
704 622 9 11 0.023463564 
305 520 7 9 0.023461264 
954 512 7 9 0.023447117 
153 505 7 9 0.023446528 
529 559 9 10 0.023435611 
329 620 8 10 0.023430886 
785 568 8 10 0.02342587 
472 446 7 9 0.023391519 
53 661 9 12 0.02339038 
505 577 7 10 0.023374645 
468 664 13 17 0.023370385 
70 581 8 10 0.02336143 
481 479 7 9 0.023360765 
304 489 7 9 0.023340682 
207 489 8 9 0.023336312 
417 559 7 9 0.023331879 
296 519 7 9 0.023318084 
879 603 11 15 0.023312889 
159 417 7 9 0.023307947 
409 446 7 8 0.023293052 
328 392 7 8 0.023291858 
305 447 7 9 0.023284733 
97 575 7 9 0.023253087 
171 430 7 9 0.023252126 
480 416 7 9 0.023238191 
824 575 7 10 0.023232374 
433 398 7 9 0.0232214 
275 393 6 8 0.023204532 
834 546 7 9 0.023183594 
514 560 7 9 0.023178305 
162 479 7 8 0.02317512 
639 590 8 10 0.02315792 
953 473 8 9 0.023147471 
638 606 8 11 0.023139557 
853 584 8 11 0.023131851 
594 416 6 9 0.023099802 
328 537 7 8 0.023076097 
620 675 13 14 0.02307499 
518 544 9 9 0.023073835 
287 660 11 13 0.023044037 
777 486 7 9 0.02303453 
969 447 7 10 0.023013549 
477 423 7 8 0.023008611 
736 551 7 9 0.022927076 
328 400 6 8 0.022916993 
41 425 7 9 0.022907296 
480 534 7 9 0.02290039 
960 533 9 11 0.022883251 
873 513 7 9 0.022882802 
737 357 8 11 0.022837875 
112 583 8 9 0.022834467 
208 409 7 9 0.022799386 
275 457 7 9 0.02277246 
130 489 7 8 0.022761881 
927 600 9 12 0.022747515 
24 581 8 10 0.022746813 
434 394 7 8 0.022726765 
752 632 9 12 0.022714328 
656 456 6 9 0.022664392 
105 479 7 9 0.022658136 
794 559 7 9 0.022657769 
154 422 7 9 0.022652254 
553 693 18 20 0.022642622 
152 433 6 9 0.022638086 
775 359 8 10 0.022578465 
385 408 7 9 0.022577738 
265 629 8 10 0.022538071 
200 473 7 9 0.022533586 
290 716 12 18 0.022527834 
312 559 7 9 0.022519305 
574 384 7 9 0.02251029 
911 463 7 9 0.022507612 
288 448 7 9 0.022505153 
954 574 9 11 0.022493552 
26 470 8 10 0.022482757 
505 535 7 9 0.022480743 
885 575 8 11 0.022467012 
251 425 7 9 0.022436367 
503 560 7 9 0.022433283 
942 721 26 29 0.022410708 
889 528 7 10 0.022398634 
297 474 7 8 0.022390146 
596 581 9 11 0.022378396 
656 470 7 9 0.022373144 
457 432 6 9 0.022362879 
601 447 8 9 0.022348272 
671 597 8 11 0.02234703 
305 639 8 10 0.022327308 
593 488 8 10 0.022315733 
792 505 8 9 0.022313071 
636 615 9 12 0.022301434 
479 590 8 11 0.022297934 
921 567 7 9 0.022256915 
984 605 12 14 0.0222484 
702 557 7 10 0.022229312 
1012 630 10 13 0.022215778 
753 489 7 8 0.02221411 
751 479 7 9 0.022200832 
97 645 9 13 0.022195721 
768 622 9 12 0.022164242 
448 441 6 8 0.022155182 
775 646 9 11 0.022145484 
928 497 7 9 0.022141404 
249 472 7 9 0.022128891 
143 583 7 9 0.022115393 
890 366 8 10 0.022114476 
847 621 10 13 0.02211111 
472 486 7 9 0.022108037 
265 561 8 9 0.02209111 
624 533 8 10 0.022084149 
491 558 7 10 0.02207904 
85 632 8 11 0.022065196 
1002 635 12 15 0.022059076 
248 544 7 9 0.022041379 
840 652 12 14 0.022041237 
545 615 7 10 0.022034856 
888 589 10 12 0.022034513 
967 583 10 13 0.021984192 
552 488 8 9 0.02197057 
201 400 7 8 0.02196772 
625 614 9 11 0.021965647 
840 529 7 8 0.021930862 
581 550 9 11 0.0219261 
192 406 7 9 0.021917148 
578 424 7 8 0.021900797 
216 383 7 9 0.021893427 
18 535 7 8 0.021887477 
963 649 22 28 0.021879926 
48 599 8 10 0.021850698 
647 581 8 11 0.021809861 
878 630 8 11 0.021775777 
785 526 6 9 0.021769246 
330 456 7 9 0.021751931 
162 527 7 10 0.021749413 
289 616 7 10 0.021721026 
177 696 14 18 0.021694994 
354 390 7 9 0.021694506 
795 447 6 8 0.021685703 
621 543 9 11 0.021675142 
995 116 13 14 0.021674294 
282 502 6 9 0.021648293 
230 620 9 11 0.021645162 
857 450 6 8 0.021639371 
304 536 7 9 0.021615656 
876 694 15 17 0.021609643 
249 621 7 10 0.02159472 
826 559 7 9 0.021552261 
466 479 6 9 0.021544334 
576 455 7 9 0.021530004 
666 518 7 9 0.021498168 
773 333 9 11 0.021497207 
385 513 7 9 0.021475948 
353 502 7 9 0.021473285 
695 615 8 11 0.021463899 
334 497 7 9 0.0214377 
651 575 8 10 0.021431535 
556 683 24 24 0.021425381 
104 525 7 9 0.021423548 
800 482 7 8 0.021415483 
87 513 7 8 0.021409227 
937 502 7 10 0.021404231 
785 376 7 9 0.021395648 
65 544 7 10 0.021385644 
945 525 8 10 0.021363374 
288 639 9 11 0.02135214 
511 604 8 12 0.021323523 
378 545 7 9 0.021320408 
600 398 8 9 0.021316022 
321 688 14 20 0.021297794 
53 440 7 9 0.021288756 
945 513 7 9 0.021264127 
959 528 9 11 0.021255247 
958 589 10 13 0.021254936 
134 707 14 16 0.02125489 
435 529 6 8 0.021246778 
817 509 8 9 0.021235455 
951 525 8 11 0.021219207 
848 376 7 8 0.021203784 
306 456 7 8 0.021198094 
282 449 6 9 0.021169852 
613 670 14 18 0.021162072 
304 601 8 9 0.021161223 
1009 508 8 11 0.021150678 
272 607 8 9 0.021145456 
522 646 11 14 0.0211233 
272 560 7 8 0.021109078 
555 598 7 10 0.021108562 
173 662 10 13 0.02110098 
86 583 8 10 0.021095755 
837 662 14 16 0.021093395 
263 465 7 8 0.02107508 
530 600 8 9 0.021057775 
149 455 8 9 0.021054422 
508 650 12 16 0.021048063 
538 533 8 9 0.021044055 
606 409 7 9 0.021038888 
14 448 8 10 0.021035694 
54 591 8 10 0.021026047 
807 545 7 9 0.021016715 
642 392 7 8 0.020977879 
764 510 6 9 0.020956697 
644 664 10 12 0.020950012 
87 520 7 9 0.020935625 
905 410 7 9 0.020935625 
498 503 6 9 0.020934783 
104 590 8 10 0.020923523 
626 360 7 8 0.0209016 
14 588 9 11 0.02090098 
542 692 17 18 0.020890106 
185 509 7 9 0.02088824 
48 540 7 10 0.02086835 
225 490 7 8 0.020848837 
775 609 7 9 0.02082664 
617 661 14 16 0.0208247 
318 521 7 9 0.020824082 
584 423 6 8 0.0208156 
721 560 7 10 0.02078054 
560 448 7 9 0.020778397 
696 457 7 8 0.020759169 
488 593 8 9 0.020757465 
410 474 6 8 0.020753771 
367 433 8 8 0.020745803 
360 714 12 15 0.02074511 
113 414 7 9 0.020742944 
346 401 7 9 0.02073815 
696 527 7 9 0.020733744 
72 543 7 9 0.020733174 
846 638 13 14 0.020732688 
370 447 7 9 0.020709343 
552 430 8 9 0.020698465 
762 596 8 10 0.02068429 
163 533 7 9 0.020683488 
97 469 7 10 0.020676844 
753 567 8 10 0.02066794 
813 681 17 22 0.020665754 
591 511 8 10 0.020665605 
786 425 6 9 0.020664118 
952 560 9 10 0.020656215 
132 502 7 9 0.020646477 
616 615 8 10 0.020644253 
609 586 7 9 0.020621993 
80 558 8 10 0.020621656 
18 510 7 9 0.020610595 
40 437 6 9 0.020600067 
569 521 7 8 0.020598346 
800 636 11 14 0.020598313 
478 465 7 9 0.02058464 
553 461 7 9 0.02058295 
159 511 7 9 0.020564398 
58 470 6 9 0.02055686 
108 606 8 10 0.020555712 
634 568 7 9 0.020555198 
721 566 8 10 0.020552995 
144 504 6 8 0.020487191 
962 478 6 8 0.020483725 
589 673 11 13 0.020480061 
524 657 11 16 0.020465389 
166 535 7 9 0.020463916 
725 634 10 11 0.020458298 
186 416 7 8 0.020448817 
209 557 8 10 0.020447819 
903 472 7 8 0.02043281 
849 358 9 11 0.020386824 
571 497 7 10 0.020373378 
98 520 6 9 0.020349588 
186 406 7 9 0.02034592 
914 760 17 15 0.020335002 
71 643 10 13 0.02031709 
1 542 7 10 0.020315994 
943 535 8 10 0.020311857 
921 496 7 8 0.020310735 
242 383 6 8 0.020298887 
87 592 8 10 0.02029358 
744 575 8 11 0.020289442 
242 472 7 9 0.020288339 
590 543 7 10 0.02028512 
209 536 7 9 0.020276805 
208 440 7 8 0.020271104 
242 464 7 8 0.020269807 
367 621 8 11 0.020262653 
808 574 8 10 0.02025734 
805 389 7 10 0.02025032 
231 518 7 9 0.020232225 
458 448 7 9 0.020211 
713 521 8 9 0.020203052 
424 559 7 9 0.020181542 
848 553 7 9 0.020155132 
336 536 7 8 0.020128073 
105 630 8 10 0.020110536 
860 620 10 13 0.020092733 
291 520 6 8 0.020092385 
251 430 7 9 0.020088617 
557 574 8 10 0.020078607 
691 577 7 9 0.02005524 
58 415 7 9 0.020053227 
1001 589 9 11 0.020043813 
464 391 8 9 0.020025369 
489 433 8 9 0.020022795 
650 463 7 9 0.020016946 
54 520 8 10 0.02001614 
