10_People_Marching_People_Marching_2_373
489
381 188 29 38 0.9994797 
771 186 29 38 0.9994547 
282 294 35 42 0.9991617 
809 299 35 38 0.9989273 
885 175 30 34 0.9988452 
757 275 33 37 0.998774 
136 315 33 36 0.9987081 
714 173 27 34 0.99868566 
698 337 33 41 0.99858296 
394 348 34 41 0.998548 
170 384 34 41 0.99852115 
313 205 28 38 0.99850225 
569 303 30 39 0.99844414 
943 206 29 33 0.9984345 
270 95 26 33 0.9983053 
275 364 38 48 0.99805826 
20 322 36 40 0.99801695 
970 92 26 32 0.99777156 
368 383 30 40 0.99773127 
694 201 31 33 0.9977131 
982 152 27 34 0.9976981 
250 466 40 48 0.9974873 
223 310 31 41 0.99737906 
269 203 27 30 0.99737287 
911 229 31 36 0.9973483 
250 401 39 47 0.99725395 
260 264 28 35 0.99721694 
107 427 41 45 0.99718505 
290 471 35 43 0.9971343 
864 134 24 30 0.99713206 
265 140 25 31 0.99703526 
166 189 27 31 0.99693537 
694 295 31 33 0.99690884 
966 190 25 31 0.9968702 
913 150 27 33 0.9968388 
765 114 26 29 0.9967097 
462 327 35 44 0.9966112 
338 167 26 31 0.99644 
72 470 36 46 0.9964127 
757 336 31 38 0.9962209 
840 158 25 28 0.9961662 
91 376 34 42 0.9961456 
87 187 26 30 0.9961428 
856 295 28 36 0.9959275 
55 305 29 38 0.99590933 
628 472 40 46 0.9958032 
696 239 29 32 0.99577564 
846 238 31 35 0.9957282 
169 289 32 42 0.99560827 
181 121 24 31 0.9955628 
984 243 33 37 0.99555296 
628 292 33 40 0.99555063 
620 112 25 31 0.99551046 
978 439 29 35 0.9954939 
809 144 25 29 0.99545187 
152 344 33 39 0.9953584 
51 259 23 33 0.9952933 
413 427 34 45 0.9949308 
512 414 41 49 0.99489564 
876 102 24 29 0.9947184 
994 80 24 29 0.9944088 
673 439 35 40 0.9942238 
519 259 31 34 0.99417007 
351 443 48 53 0.99388254 
623 175 26 33 0.9935855 
692 486 47 54 0.99322057 
50 54 24 26 0.99320203 
206 261 29 35 0.9925931 
929 291 27 35 0.9925547 
991 477 33 44 0.9924064 
122 7 18 21 0.99222624 
728 87 23 28 0.9917779 
1002 373 21 39 0.9917671 
839 77 23 28 0.9914962 
184 434 30 44 0.9910954 
655 139 26 30 0.9910874 
124 386 32 37 0.99096733 
774 146 24 29 0.99085546 
758 234 26 30 0.9898572 
499 95 24 30 0.9898461 
54 541 39 45 0.98971915 
369 136 26 31 0.989368 
146 511 43 51 0.98870355 
876 275 30 30 0.9885566 
869 403 39 46 0.9879561 
817 183 22 29 0.9877934 
765 497 41 52 0.98751986 
355 77 21 26 0.9869442 
254 167 23 27 0.986863 
791 65 23 28 0.9865704 
816 88 21 28 0.9864703 
935 74 22 29 0.9855422 
627 410 29 36 0.9854431 
285 16 18 23 0.9852903 
826 57 20 25 0.9852583 
729 6 17 23 0.98518676 
552 392 38 42 0.9851339 
158 6 17 23 0.984447 
794 376 33 37 0.9841614 
995 205 24 28 0.98388827 
20 80 22 30 0.98359215 
304 11 17 22 0.98337793 
926 120 25 27 0.98277825 
362 11 15 19 0.98268235 
547 94 24 27 0.9821162 
576 62 21 27 0.9815633 
774 88 21 26 0.9809585 
744 162 24 29 0.9805346 
953 504 41 48 0.97988886 
147 102 23 28 0.97971743 
322 43 17 23 0.9796932 
772 50 18 20 0.97952807 
797 118 23 31 0.9785367 
348 329 24 34 0.9784345 
677 137 24 30 0.97687155 
163 70 22 27 0.97638696 
919 380 32 43 0.97580636 
523 62 17 23 0.9756461 
873 70 23 24 0.9752076 
114 55 22 26 0.9742425 
757 29 19 23 0.97397614 
372 106 24 28 0.97394025 
146 44 18 21 0.9730023 
120 35 19 23 0.9720586 
186 15 18 23 0.9717561 
396 253 27 29 0.9701349 
930 498 32 45 0.9670678 
101 242 21 27 0.9670424 
657 52 20 25 0.96607465 
796 272 29 32 0.96578 
795 19 17 24 0.9652016 
931 52 13 16 0.9649788 
56 224 25 27 0.96402675 
209 231 21 28 0.96112615 
70 246 21 31 0.960305 
199 100 22 28 0.95978343 
613 76 21 25 0.95738626 
698 0 19 18 0.9567681 
243 8 13 18 0.9567574 
346 52 22 24 0.95629084 
479 40 20 25 0.95593286 
416 99 20 26 0.95551395 
956 285 28 32 0.95539284 
853 51 19 23 0.95415777 
821 510 33 42 0.95297444 
48 431 37 41 0.9524647 
640 27 18 23 0.95144844 
333 281 30 32 0.951254 
347 23 17 20 0.94881403 
207 204 25 28 0.9483817 
569 84 17 23 0.945666 
425 52 17 23 0.94394714 
174 502 27 43 0.940077 
818 40 15 17 0.9397919 
406 56 18 20 0.93956673 
849 206 24 28 0.9395102 
134 83 22 27 0.9371406 
4 8 18 20 0.93547875 
549 48 15 19 0.9256454 
229 82 18 23 0.9253328 
369 41 17 23 0.92397815 
411 29 18 21 0.9225903 
381 3 21 24 0.9204149 
185 63 19 25 0.91742885 
320 540 41 45 0.90926677 
658 18 17 20 0.9071901 
38 12 16 21 0.9040915 
445 42 18 22 0.90008545 
138 136 22 26 0.89656776 
0 45 14 23 0.8928005 
403 303 23 27 0.8885603 
761 77 20 21 0.88176984 
766 10 15 17 0.8776281 
835 477 33 43 0.87716246 
331 434 34 44 0.8722806 
617 34 17 20 0.87024313 
59 355 32 37 0.8693405 
456 13 12 14 0.8606263 
82 34 18 22 0.8492094 
479 274 22 25 0.8395788 
493 24 17 19 0.8343322 
943 29 11 13 0.82770956 
262 76 21 24 0.8227099 
414 331 27 32 0.8204673 
678 6 16 21 0.8033167 
564 0 17 14 0.7946939 
731 556 38 28 0.7864567 
363 260 28 33 0.78290623 
447 287 27 35 0.7732229 
847 36 14 16 0.7663337 
899 100 16 23 0.7597276 
510 11 15 19 0.7472756 
0 86 18 26 0.74485636 
908 265 24 26 0.7412795 
107 302 23 28 0.7025176 
881 49 15 17 0.7010025 
451 385 30 37 0.68463725 
537 77 16 20 0.6597284 
569 30 17 21 0.6530243 
57 22 12 14 0.64191663 
902 72 13 17 0.62959063 
658 1 18 16 0.62669843 
218 225 22 28 0.62394845 
792 409 28 40 0.6221955 
497 52 18 24 0.6136811 
399 80 23 25 0.61166704 
584 373 25 37 0.60973924 
30 59 17 19 0.6041949 
612 18 13 16 0.5915791 
211 65 17 22 0.5848431 
945 9 14 18 0.5817015 
730 43 17 19 0.5529099 
215 1 13 15 0.54355913 
700 27 18 23 0.54177946 
0 295 21 28 0.5414601 
916 83 13 17 0.5276358 
339 12 14 17 0.5255114 
83 10 14 17 0.506133 
235 52 15 18 0.48761857 
341 129 21 25 0.42506903 
412 21 14 17 0.4075426 
622 3 12 12 0.38258365 
229 35 16 19 0.38143134 
668 199 24 29 0.36474344 
805 55 16 20 0.35763633 
538 11 16 17 0.34396967 
206 195 22 25 0.33029687 
460 78 19 28 0.3139902 
955 203 24 30 0.30211663 
24 209 13 17 0.2785739 
475 114 22 26 0.27373162 
747 0 17 16 0.2602669 
890 30 13 15 0.25724873 
60 254 23 34 0.24516591 
184 48 19 20 0.240483 
213 25 14 16 0.23595768 
342 18 16 20 0.23323186 
994 133 22 27 0.23073925 
0 205 12 25 0.22365627 
847 15 11 14 0.22100547 
12 82 20 30 0.21242069 
455 43 18 21 0.21105655 
977 554 43 32 0.2030333 
820 23 11 14 0.20241679 
900 557 32 27 0.19923721 
664 348 32 33 0.19449115 
110 383 29 36 0.19102007 
45 179 16 21 0.19088367 
583 42 15 18 0.19021732 
941 172 24 24 0.18964641 
145 332 31 34 0.18580325 
269 0 16 12 0.18058605 
140 1 14 17 0.17793623 
568 386 29 35 0.17150667 
767 81 22 27 0.1707432 
884 0 11 10 0.16986944 
121 360 25 31 0.16267368 
261 155 25 29 0.15227279 
799 1 11 10 0.15117821 
485 21 13 15 0.14447361 
702 144 21 27 0.14329465 
397 98 15 18 0.14098781 
196 44 17 22 0.1401823 
405 337 32 39 0.1371803 
897 269 25 28 0.13597985 
242 108 14 16 0.1356874 
791 389 30 44 0.13540977 
478 27 13 15 0.13482115 
838 224 26 31 0.12675458 
227 220 17 27 0.12022342 
667 2 15 17 0.115409285 
892 73 13 17 0.11366941 
13 375 25 39 0.11170391 
229 27 17 19 0.10820346 
25 21 10 13 0.105857775 
429 330 29 37 0.09544207 
729 64 20 21 0.09413546 
35 2 18 17 0.09379917 
618 419 40 48 0.09247143 
99 127 23 30 0.09060604 
637 58 16 21 0.08746295 
785 80 21 25 0.08730571 
445 0 12 12 0.08601776 
22 1 14 12 0.0844101 
6 444 42 60 0.083204366 
863 31 10 12 0.08039372 
852 31 13 15 0.07746313 
825 15 11 12 0.076230936 
820 50 20 23 0.07617979 
12 63 17 21 0.07488851 
180 69 18 23 0.07400177 
670 229 24 33 0.073938906 
288 172 20 27 0.07389214 
217 214 20 24 0.073168986 
556 249 28 29 0.07307139 
516 2 13 17 0.07219456 
299 224 18 23 0.06971108 
1013 21 9 15 0.06807526 
797 52 17 19 0.06730952 
651 397 31 37 0.06697049 
939 390 28 31 0.064839385 
907 518 23 29 0.06477977 
1003 52 13 16 0.06476711 
442 342 27 33 0.06424353 
942 20 14 18 0.064178206 
894 53 11 14 0.06377431 
837 44 13 14 0.06367711 
3 205 20 26 0.06178606 
219 97 17 22 0.06109746 
102 313 25 32 0.060813773 
556 21 14 17 0.060443636 
25 433 41 57 0.06031596 
892 104 15 22 0.058236007 
1013 114 12 22 0.05796768 
203 56 17 24 0.057832025 
19 58 17 20 0.057710167 
676 14 14 20 0.057414997 
298 535 34 39 0.057124563 
518 37 13 15 0.057081282 
335 16 15 17 0.056723386 
650 24 17 21 0.056538902 
352 311 25 38 0.05563809 
883 55 16 17 0.05489436 
534 18 15 17 0.054766174 
29 0 17 13 0.05467676 
960 22 11 14 0.053652458 
643 177 22 30 0.053498812 
97 554 33 31 0.052346036 
438 556 38 28 0.050533656 
633 70 16 24 0.05041834 
827 82 20 27 0.05040378 
803 4 12 14 0.050116777 
922 82 13 18 0.05009013 
232 42 17 21 0.049492564 
608 5 11 12 0.049468283 
566 432 25 32 0.04896636 
503 6 12 13 0.048817743 
437 47 15 22 0.04704056 
271 1 22 18 0.046036497 
3 419 43 59 0.045341287 
470 39 19 27 0.043629184 
934 0 9 10 0.04340117 
841 37 13 15 0.04228298 
743 182 24 35 0.042055957 
504 11 14 17 0.041439787 
0 192 18 32 0.04085091 
770 15 15 18 0.04067542 
355 16 17 22 0.04058823 
896 23 10 12 0.04042819 
671 12 14 17 0.03962028 
1 260 11 19 0.039593905 
778 11 13 17 0.03953028 
70 0 14 11 0.039474357 
829 494 38 45 0.039225467 
868 51 14 18 0.039059196 
785 136 22 31 0.03883769 
-1 144 12 24 0.038614508 
938 506 38 47 0.038402874 
606 331 27 36 0.03824985 
1011 57 12 19 0.03785957 
525 13 13 18 0.037307225 
197 268 26 35 0.036977988 
605 189 36 48 0.03693362 
461 258 25 26 0.036493964 
580 516 16 24 0.03616668 
692 8 12 17 0.035927244 
607 1 11 10 0.035686813 
198 11 13 19 0.035065815 
615 0 11 11 0.035061203 
614 28 15 18 0.034963585 
460 9 11 13 0.034496132 
549 17 15 19 0.034456514 
350 0 13 11 0.03443119 
21 11 14 17 0.0344119 
675 555 38 30 0.034359425 
522 0 13 13 0.034257244 
757 484 38 42 0.033942472 
872 90 26 30 0.033889834 
984 489 29 39 0.03376847 
400 27 12 18 0.033235215 
718 85 22 29 0.032805253 
801 132 20 24 0.032792583 
229 547 45 46 0.032616094 
493 59 17 24 0.032351483 
715 82 14 20 0.032052074 
3 152 18 23 0.031756945 
926 72 20 28 0.0316971 
37 445 42 57 0.0315828 
317 0 15 12 0.03157827 
462 278 25 29 0.031415477 
997 56 17 19 0.03135846 
10 33 16 19 0.031358276 
264 0 13 11 0.031344466 
234 20 15 18 0.030976705 
409 87 20 23 0.030624587 
846 0 11 9 0.030573025 
614 5 11 12 0.030134121 
124 242 15 21 0.02977024 
161 302 27 33 0.029732639 
389 98 19 25 0.029541777 
294 0 13 11 0.029534923 
849 20 13 14 0.029346148 
29 72 21 27 0.02915588 
45 85 14 20 0.02902841 
493 0 10 10 0.029026698 
626 0 14 12 0.028943364 
467 43 13 19 0.028905218 
187 36 15 19 0.028586984 
639 400 30 39 0.028338747 
203 45 19 26 0.02824798 
368 7 18 24 0.027994024 
451 334 35 48 0.027881972 
544 261 26 31 0.027787443 
788 52 15 18 0.027767804 
515 208 40 50 0.027651474 
772 27 14 17 0.027526392 
350 65 21 25 0.02752223 
209 31 16 19 0.0275092 
183 275 28 37 0.027435005 
757 10 16 18 0.0272705 
195 58 15 22 0.026873413 
854 0 10 10 0.026859313 
204 38 14 17 0.026338644 
800 282 32 37 0.026254386 
499 47 15 18 0.026206898 
451 305 30 40 0.026196744 
356 0 13 11 0.02610522 
347 3 15 14 0.025749072 
783 422 38 49 0.025383713 
834 561 35 25 0.024925346 
633 375 26 34 0.024881184 
12 0 16 13 0.02475645 
56 146 22 29 0.02475598 
969 1 19 18 0.024562862 
576 383 36 44 0.024561036 
825 43 13 16 0.024348125 
28 18 13 16 0.024178062 
545 80 17 20 0.024129478 
0 68 12 22 0.024041597 
1000 230 24 32 0.023683406 
1014 34 9 19 0.023667624 
803 12 13 16 0.023641504 
117 411 30 36 0.023616936 
354 45 17 21 0.023568252 
858 34 15 17 0.023467248 
556 37 13 19 0.02331259 
357 279 25 33 0.023289375 
518 123 15 22 0.023136042 
828 66 24 27 0.022933958 
940 183 23 28 0.02292684 
745 86 21 26 0.022798385 
806 186 26 33 0.022765312 
364 27 16 19 0.022760674 
61 367 36 47 0.022728177 
41 39 18 20 0.022702597 
276 11 14 19 0.02264625 
180 4 17 16 0.022624537 
618 60 15 18 0.0225979 
810 61 15 21 0.022490617 
595 371 33 38 0.022450346 
384 256 39 45 0.022447411 
10 292 16 20 0.022325808 
833 52 17 21 0.022295518 
762 39 20 24 0.022289714 
712 481 41 53 0.022002418 
667 22 15 19 0.0219613 
554 85 23 26 0.021821532 
639 3 15 14 0.02178382 
384 106 18 24 0.021664357 
686 346 36 45 0.021540012 
234 215 17 24 0.021502156 
59 269 31 34 0.021378163 
859 482 25 41 0.020856606 
502 81 22 27 0.020843975 
605 22 13 17 0.020812856 
348 289 30 36 0.020721735 
825 447 23 28 0.020664254 
396 430 32 39 0.02056996 
729 165 25 32 0.02046107 
208 0 13 13 0.0204111 
406 75 19 21 0.020404749 
329 300 39 47 0.020388933 
242 115 17 22 0.020367844 
594 205 36 48 0.020358346 
950 396 27 29 0.020279279 
993 124 21 23 0.020150863 
963 26 13 14 0.020096203 
913 197 20 23 0.020076845 
803 45 16 17 0.02005625 
