10_People_Marching_People_Marching_2_307
64
504 139 103 130 0.9992086 
80 196 62 75 0.9970962 
659 223 50 64 0.99536574 
253 183 80 101 0.99064356 
705 161 17 19 0.7370021 
52 233 46 68 0.6231952 
297 10 18 21 0.5256473 
792 289 18 23 0.4412469 
688 139 14 18 0.329635 
808 261 13 16 0.27345234 
299 21 18 21 0.21627763 
834 223 26 38 0.18851742 
874 173 23 34 0.13046034 
872 168 14 18 0.12893482 
838 171 14 19 0.099004716 
780 194 24 29 0.08843714 
765 183 23 25 0.088194564 
971 225 51 93 0.08321147 
909 636 12 16 0.07632814 
833 355 10 12 0.0758766 
348 226 11 16 0.0756882 
781 277 10 12 0.06325225 
729 318 13 15 0.045335572 
782 406 9 12 0.04495594 
46 223 79 105 0.043043327 
637 198 10 12 0.042453755 
740 246 11 16 0.04239525 
888 431 10 15 0.040862605 
797 407 12 13 0.037241876 
132 44 36 43 0.037171658 
836 223 14 19 0.035755098 
727 235 13 19 0.035176132 
305 3 25 33 0.03455501 
146 155 43 71 0.03079531 
712 231 25 33 0.030647019 
729 237 20 28 0.030428285 
112 33 49 64 0.030299682 
931 685 14 19 0.030003387 
764 170 24 26 0.029698571 
770 300 15 17 0.029271461 
778 206 16 19 0.028660648 
828 408 11 13 0.028631564 
813 444 14 19 0.028444376 
868 422 11 14 0.027413243 
5 315 23 28 0.027174111 
773 377 13 16 0.027029185 
916 195 11 14 0.026203794 
835 350 11 13 0.026152669 
103 57 51 66 0.026002701 
699 182 26 31 0.024993464 
848 400 9 12 0.02463469 
847 419 9 13 0.024591714 
762 164 19 22 0.024038335 
794 395 13 14 0.023547133 
55 210 54 67 0.023280926 
777 404 10 13 0.023136817 
928 649 10 13 0.023112936 
757 319 15 19 0.022552004 
121 51 14 17 0.022419497 
713 293 12 15 0.02200571 
787 192 15 18 0.021932801 
712 157 15 17 0.021559265 
164 376 17 24 0.021329392 
637 191 43 58 0.020278627 
