10_People_Marching_People_Marching_2_236
58
463 163 25 35 0.96493053 
915 124 14 17 0.84428644 
804 134 17 21 0.8040448 
36 123 12 15 0.7691304 
0 123 10 15 0.69282836 
554 126 13 16 0.4814592 
475 119 16 19 0.466237 
875 129 13 16 0.34181818 
973 126 14 16 0.3186975 
827 116 14 19 0.22021179 
708 125 14 17 0.17630336 
981 201 16 21 0.14162995 
702 117 12 14 0.14142062 
605 115 15 16 0.10949986 
563 168 26 39 0.108353555 
136 117 12 17 0.10641269 
992 305 22 29 0.09779009 
704 121 13 17 0.0889689 
731 131 16 19 0.080758974 
931 178 22 33 0.07112333 
847 123 14 18 0.06974528 
310 214 10 12 0.06923744 
51 192 15 19 0.058586754 
834 121 12 16 0.057903003 
821 160 17 21 0.05742817 
469 110 14 21 0.050468497 
715 126 12 15 0.05030507 
827 191 24 32 0.043760147 
821 109 15 22 0.042934053 
726 126 11 14 0.040268037 
805 91 17 19 0.037817992 
846 136 15 20 0.03670334 
831 98 14 18 0.036291078 
890 113 16 20 0.034623098 
598 119 22 24 0.03368849 
148 175 16 22 0.0326715 
302 215 12 14 0.0325358 
746 163 24 35 0.032390732 
136 120 19 24 0.031070612 
314 214 10 13 0.029822694 
4 174 26 34 0.027556324 
872 51 23 30 0.027173152 
608 118 17 20 0.026546147 
925 154 15 19 0.026086006 
968 129 15 17 0.024713332 
852 120 12 15 0.024514068 
903 187 15 19 0.02426948 
556 160 24 40 0.022394445 
904 197 17 24 0.022203434 
582 123 13 17 0.022027653 
622 118 12 18 0.021887554 
1 129 14 18 0.021433815 
985 197 22 30 0.021016488 
862 116 11 14 0.021010416 
291 226 13 16 0.02068748 
863 131 13 19 0.020537801 
863 107 14 17 0.020470228 
886 120 12 17 0.020236483 
