10_People_Marching_People_Marching_10_People_Marching_People_Marching_10_People_Marching_People_Marching_10_716
26
327 346 53 66 0.9988324 
2 440 34 38 0.99849975 
507 296 62 71 0.9966397 
121 422 40 40 0.9966323 
768 266 76 93 0.9953507 
74 438 37 46 0.993946 
198 415 42 44 0.9880471 
653 524 21 25 0.8753079 
930 456 33 35 0.7517606 
753 161 34 47 0.09464276 
340 214 9 12 0.05748462 
103 94 9 12 0.049751937 
132 399 20 20 0.043162387 
95 117 9 11 0.03619819 
59 544 26 33 0.03341682 
0 541 19 40 0.031337332 
15 529 51 62 0.026466096 
95 433 39 45 0.026217626 
762 434 121 130 0.024718992 
724 535 24 28 0.022761447 
345 184 7 10 0.02219151 
57 117 9 13 0.02209683 
179 550 34 37 0.021380357 
87 417 19 21 0.021102382 
126 401 30 36 0.020870725 
662 519 26 31 0.020173991 
