10_People_Marching_People_Marching_10_People_Marching_People_Marching_10_People_Marching_People_Marching_10_162
355
390 309 23 26 0.990533 
446 322 14 17 0.94617045 
69 321 17 19 0.88319117 
656 333 15 18 0.77836144 
780 90 16 18 0.58764344 
699 282 14 20 0.5450913 
573 130 20 27 0.5170827 
254 323 14 16 0.4749641 
475 331 19 21 0.39244696 
857 2 19 20 0.37044895 
846 327 17 18 0.3580772 
139 269 27 28 0.35654044 
276 293 16 18 0.35394332 
839 347 13 15 0.34230548 
870 134 24 25 0.3178953 
662 42 14 18 0.2875118 
89 178 20 26 0.27226046 
910 20 13 16 0.26210123 
829 176 14 16 0.26075742 
445 297 15 18 0.25957626 
594 184 14 17 0.23652764 
827 9 16 18 0.21073954 
671 297 14 18 0.21066111 
478 315 16 17 0.21008879 
509 175 26 32 0.20018484 
338 276 16 18 0.14942901 
530 137 13 18 0.14855134 
411 110 16 17 0.14606622 
912 137 22 28 0.14351222 
675 145 18 18 0.123285234 
498 203 14 20 0.12186821 
451 122 15 21 0.121302366 
884 61 11 15 0.11843985 
730 138 14 16 0.11808247 
571 78 13 19 0.11698482 
309 276 13 16 0.11497865 
631 49 16 19 0.112425685 
649 201 26 34 0.10991004 
606 54 9 12 0.10976871 
713 289 15 17 0.10947001 
54 317 12 16 0.10814406 
356 212 16 19 0.10708019 
301 279 21 27 0.09744998 
810 108 14 19 0.09627093 
475 321 19 21 0.09199495 
580 142 15 19 0.09193475 
844 83 13 18 0.091522 
368 270 11 13 0.0903721 
714 69 13 16 0.08911677 
178 264 15 19 0.08821182 
793 18 15 21 0.08769689 
712 18 13 17 0.085342325 
158 252 24 33 0.0839539 
108 295 12 14 0.080985405 
546 97 18 17 0.07991963 
625 338 15 20 0.0781071 
884 82 14 19 0.07676071 
390 279 10 12 0.07616254 
351 150 12 16 0.07568542 
654 42 15 18 0.0747966 
870 83 12 16 0.07340086 
714 357 19 20 0.07153803 
830 17 15 18 0.0714777 
789 0 13 10 0.071218625 
468 264 15 26 0.06621173 
500 94 13 16 0.06548685 
740 0 12 10 0.06470501 
369 294 10 12 0.06430172 
484 94 10 13 0.06279226 
734 0 13 12 0.06272737 
390 126 13 16 0.06246103 
916 12 14 18 0.062173713 
886 -1 14 11 0.061331216 
749 0 13 11 0.060965408 
892 45 14 16 0.060209617 
911 0 13 11 0.060096804 
707 284 15 18 0.06009503 
792 59 13 17 0.059904903 
805 352 11 12 0.059000257 
101 297 13 14 0.0583543 
2 422 8 15 0.056487266 
418 228 13 15 0.055357885 
877 81 15 19 0.0551597 
739 44 14 15 0.054854956 
829 111 11 15 0.05456164 
519 277 13 15 0.05436202 
415 320 11 16 0.05343699 
726 232 31 24 0.053311445 
905 110 18 20 0.053184696 
932 143 15 22 0.053013615 
67 310 18 20 0.052298926 
975 176 24 36 0.051980857 
837 85 16 20 0.051654376 
851 85 11 14 0.051443033 
381 147 12 15 0.05110721 
249 324 10 13 0.05104057 
783 0 12 10 0.050875597 
267 284 26 29 0.05034351 
499 158 13 15 0.050335947 
797 316 14 18 0.05014865 
904 22 21 26 0.05003934 
650 181 16 20 0.04941601 
466 92 15 16 0.04821885 
915 25 14 19 0.048117068 
721 145 16 20 0.047496572 
258 327 14 18 0.047461044 
696 144 14 18 0.04739745 
138 260 43 44 0.047032207 
555 330 11 15 0.046514876 
43 314 16 19 0.045385294 
355 155 13 15 0.045308605 
595 117 15 19 0.04494645 
736 245 13 13 0.04483538 
448 116 14 19 0.044749063 
444 221 11 13 0.04469874 
755 1 14 15 0.04468092 
661 288 21 31 0.044386055 
30 349 9 10 0.04436156 
762 327 18 24 0.044145834 
439 286 25 28 0.043285113 
386 279 9 11 0.043175314 
405 159 16 22 0.04277748 
391 262 9 11 0.04274432 
669 338 12 16 0.042597532 
533 278 12 15 0.042340834 
565 327 16 19 0.042163905 
416 235 12 14 0.042009402 
61 316 13 18 0.0419396 
557 75 15 22 0.04191167 
985 76 10 12 0.041145023 
358 286 9 10 0.040988576 
449 303 17 18 0.040470816 
838 323 13 15 0.04037657 
846 321 14 15 0.040376212 
811 11 11 15 0.040154 
563 283 14 16 0.039835673 
440 323 12 15 0.03881614 
55 221 22 28 0.03840789 
886 53 13 16 0.03827763 
1009 121 14 22 0.03820374 
733 37 16 18 0.037880745 
211 262 11 15 0.03762232 
54 219 13 21 0.03761778 
800 109 13 15 0.03706022 
922 143 17 23 0.036282297 
773 35 16 19 0.036266766 
691 49 15 18 0.036206424 
808 6 12 14 0.03561537 
727 308 14 16 0.03559327 
811 0 11 10 0.03556443 
666 85 16 18 0.03537952 
390 232 12 12 0.035362244 
942 27 12 16 0.03514538 
913 3 17 17 0.03503687 
712 213 20 30 0.034984212 
292 269 25 32 0.03467131 
821 181 23 29 0.034336723 
366 310 14 15 0.034290265 
614 50 11 14 0.033957556 
780 39 15 19 0.03390269 
877 56 20 26 0.033814184 
719 81 12 17 0.033631425 
834 25 13 18 0.033583067 
757 276 16 18 0.03350218 
359 163 12 15 0.03349182 
821 113 14 19 0.03332974 
902 99 25 26 0.033300966 
939 10 15 16 0.033269554 
1011 55 12 20 0.033017844 
837 105 15 19 0.03285661 
503 195 24 30 0.032376293 
802 608 22 16 0.032338247 
815 340 12 14 0.032215104 
726 0 14 11 0.032165766 
507 91 13 16 0.03209688 
397 231 11 12 0.032050923 
763 57 17 20 0.031906046 
648 211 14 19 0.03175121 
860 163 15 19 0.03170949 
382 161 15 19 0.031582244 
861 71 11 13 0.031580042 
852 319 12 13 0.03137886 
888 39 23 26 0.03128718 
468 203 13 17 0.030761087 
827 1 16 17 0.030706445 
572 82 20 28 0.030691031 
878 55 12 16 0.030546946 
387 146 12 17 0.030403698 
375 288 9 12 0.030365422 
925 11 11 16 0.030342095 
879 0 14 12 0.030330077 
491 146 12 16 0.030151539 
980 86 13 14 0.03005967 
557 300 11 14 0.029991832 
956 160 31 37 0.029952975 
579 92 17 22 0.02948666 
807 43 15 18 0.029478671 
172 250 25 33 0.029400617 
929 268 10 12 0.029374296 
103 291 21 25 0.029294668 
275 237 12 14 0.02928065 
936 27 11 15 0.029202007 
951 153 25 33 0.029056313 
830 318 12 14 0.028844032 
81 184 15 19 0.028663088 
516 272 23 25 0.028516741 
381 153 14 17 0.02847809 
998 1 17 18 0.028326815 
503 302 10 11 0.028295754 
891 59 13 17 0.028214155 
561 205 22 26 0.028178073 
517 156 12 14 0.028169261 
538 153 18 21 0.028079541 
209 263 19 28 0.028077003 
962 80 43 46 0.028022164 
758 52 15 16 0.027853291 
189 268 12 15 0.027782 
894 109 25 29 0.027779883 
151 273 19 20 0.027659135 
637 77 14 22 0.027622158 
464 208 24 28 0.027431699 
776 94 24 28 0.027403684 
810 257 23 29 0.02735297 
865 86 11 14 0.027340693 
257 318 14 16 0.027329715 
357 295 10 12 0.027301397 
854 76 12 15 0.027183706 
863 332 10 14 0.027164241 
851 165 18 22 0.027032608 
249 286 29 31 0.026606997 
978 0 35 30 0.026531624 
315 289 14 20 0.026527366 
900 30 15 23 0.026379079 
530 126 17 22 0.026370415 
369 175 17 21 0.026301604 
231 243 12 14 0.026220689 
502 87 12 14 0.026161827 
115 300 10 13 0.025956273 
845 99 13 18 0.02577748 
866 325 8 12 0.025552161 
582 151 15 20 0.025223987 
215 344 10 13 0.025198912 
924 26 13 17 0.025127698 
873 324 9 11 0.025114119 
315 182 14 17 0.02510737 
709 156 12 16 0.024935342 
763 62 21 28 0.024930403 
970 144 25 29 0.024812872 
841 79 22 27 0.024743907 
573 239 15 21 0.02472219 
841 316 27 28 0.024696156 
165 260 27 31 0.024601158 
313 325 16 19 0.02436102 
1012 76 10 15 0.024313917 
925 18 13 17 0.024204087 
260 292 16 19 0.024161242 
476 253 30 36 0.024160154 
784 231 12 15 0.024149401 
327 384 11 17 0.024138322 
470 315 16 18 0.0241309 
718 223 29 28 0.024080126 
738 286 10 13 0.024014382 
843 341 16 17 0.023999682 
807 111 22 27 0.02390359 
846 66 11 16 0.023896115 
96 293 14 16 0.023877569 
973 88 14 18 0.023874868 
764 257 15 17 0.02386344 
601 168 27 30 0.02384989 
772 254 12 14 0.023845993 
209 345 8 11 0.02369898 
878 348 34 29 0.023692923 
388 242 11 15 0.023687081 
849 20 10 15 0.02367644 
835 89 22 31 0.023671601 
516 323 15 18 0.023626085 
657 184 17 19 0.023592444 
283 283 26 29 0.023590494 
728 60 12 16 0.023587257 
368 290 8 10 0.023462266 
221 332 10 13 0.023357496 
746 43 16 17 0.023329062 
830 109 21 25 0.023307377 
253 293 14 17 0.023297958 
639 359 14 19 0.02326795 
965 90 14 17 0.023200555 
675 246 16 20 0.023199605 
845 193 24 31 0.023145324 
702 332 40 46 0.023138218 
164 297 23 29 0.02313705 
393 278 14 14 0.023084305 
1013 66 10 15 0.023010066 
372 273 13 14 0.022856047 
965 28 13 17 0.022854151 
852 99 12 15 0.02274419 
550 299 11 13 0.022627883 
596 176 22 26 0.022594772 
217 327 10 12 0.022571048 
692 24 15 17 0.022565262 
237 369 15 21 0.022522297 
963 188 28 30 0.022466367 
830 186 26 32 0.022433292 
686 277 24 29 0.022360435 
348 281 13 15 0.02220894 
38 270 13 24 0.022208756 
317 209 16 19 0.022190277 
936 305 39 58 0.022104837 
350 298 13 15 0.02189587 
715 154 23 28 0.021862647 
751 380 14 17 0.021779278 
669 149 25 26 0.021725666 
186 260 15 18 0.021704955 
740 354 15 20 0.021673625 
806 342 13 14 0.021671047 
108 285 16 19 0.021667227 
338 186 17 19 0.02164538 
383 284 11 12 0.02163948 
634 324 15 17 0.021610066 
788 310 21 29 0.021582581 
330 277 27 29 0.021536836 
787 93 23 26 0.02152423 
890 1 15 16 0.021498483 
567 129 17 23 0.021422032 
175 271 13 18 0.021374242 
932 103 14 17 0.021204863 
824 316 13 16 0.021184906 
932 15 21 26 0.021147223 
965 202 24 24 0.021137197 
806 28 13 18 0.021125877 
833 347 13 16 0.021116024 
546 85 21 25 0.021096202 
527 270 25 26 0.021065665 
477 177 13 17 0.021037268 
285 220 16 17 0.020987105 
847 13 10 14 0.020842874 
384 237 12 17 0.020726172 
872 60 13 18 0.020654598 
703 152 12 17 0.02053806 
484 179 15 17 0.020523153 
364 171 16 19 0.020503575 
936 51 13 15 0.020331005 
365 300 12 14 0.0203106 
709 80 15 18 0.020297982 
974 4 15 15 0.020286642 
724 67 13 19 0.020274146 
787 164 28 30 0.02018739 
787 42 13 18 0.02018136 
275 303 15 17 0.02015254 
831 83 15 19 0.020150015 
622 50 12 15 0.020142889 
326 185 10 15 0.020131601 
110 308 12 15 0.020089133 
1001 167 21 31 0.020036582 
406 238 8 10 0.020011581 
463 97 15 19 0.020011226 
