10_People_Marching_People_Marching_10_People_Marching_People_Marching_10_People_Marching_People_Marching_10_619
198
431 460 13 16 0.9370585 
415 445 8 10 0.8346043 
666 441 14 17 0.78801537 
438 433 8 11 0.700544 
352 460 9 11 0.68579984 
51 485 15 18 0.6694653 
158 481 12 15 0.56084573 
104 487 9 12 0.4502692 
400 467 10 12 0.37472072 
501 440 9 12 0.36729375 
589 436 11 15 0.36649576 
519 445 13 17 0.345704 
261 459 9 13 0.3354438 
233 468 10 13 0.2856129 
198 466 9 14 0.26391664 
93 483 11 14 0.22563167 
495 458 9 12 0.21837033 
557 447 13 17 0.20397803 
408 429 8 11 0.19565524 
269 476 8 12 0.1904851 
164 482 11 15 0.18053244 
702 429 13 15 0.17437156 
59 483 12 18 0.16516848 
304 459 10 13 0.16416964 
654 423 10 14 0.15363055 
465 454 8 10 0.1347309 
446 448 8 11 0.12614088 
463 449 8 10 0.12419699 
448 452 9 12 0.11873538 
498 443 9 12 0.10855 
401 431 8 10 0.10790385 
191 463 12 15 0.10389394 
537 452 10 14 0.103166714 
257 456 11 13 0.1027632 
328 456 9 11 0.102598816 
605 413 9 12 0.09994542 
394 445 8 11 0.096866846 
574 444 10 14 0.090629436 
681 417 11 16 0.08822003 
457 432 8 10 0.08410205 
239 500 8 11 0.08305767 
607 440 9 13 0.075735524 
413 428 8 11 0.070839755 
552 450 10 14 0.0707176 
398 445 8 10 0.070337094 
598 437 10 13 0.06878447 
325 515 10 11 0.06774795 
382 448 8 10 0.06739667 
500 455 10 13 0.06705329 
806 22 218 302 0.06569569 
464 469 10 13 0.06541056 
173 486 9 14 0.06376312 
153 478 11 16 0.062831424 
279 456 8 12 0.06271099 
509 404 9 11 0.061869368 
378 447 8 10 0.061457984 
621 439 10 12 0.059373047 
212 462 11 13 0.058788016 
273 456 8 11 0.055338115 
333 459 9 12 0.05501409 
357 456 9 11 0.05463255 
88 502 12 16 0.05415007 
102 479 10 14 0.05378489 
329 445 8 10 0.053719185 
584 443 10 14 0.053163465 
176 520 10 12 0.0527578 
293 494 9 11 0.052419543 
207 465 11 15 0.05208755 
680 408 9 12 0.04964598 
639 428 9 12 0.048449002 
97 463 9 10 0.048364867 
593 461 10 12 0.048029978 
471 453 9 12 0.047795296 
95 470 11 14 0.047508944 
271 460 9 11 0.047336385 
455 453 8 11 0.04662358 
359 438 9 10 0.04651631 
182 475 10 13 0.045209214 
239 527 9 12 0.044153195 
535 438 8 10 0.044051994 
267 473 8 11 0.043921825 
177 475 9 13 0.0435163 
491 455 9 11 0.043191217 
219 491 11 14 0.04283366 
410 425 7 10 0.04229982 
564 444 12 16 0.042288795 
529 437 8 11 0.04223587 
188 487 12 15 0.042190008 
519 441 10 13 0.040647224 
186 462 11 13 0.040456343 
613 444 9 13 0.038903944 
360 432 9 11 0.038850937 
221 453 11 12 0.038646776 
741 422 11 13 0.03851776 
557 440 11 13 0.038096715 
683 411 12 17 0.03783885 
88 480 11 15 0.037018277 
616 439 10 13 0.03575314 
350 430 8 11 0.035552945 
189 475 11 13 0.035533827 
287 455 9 12 0.035013743 
506 401 7 10 0.034859207 
464 463 9 11 0.034704152 
277 523 11 13 0.03459198 
400 440 7 9 0.034296077 
382 452 9 12 0.034192424 
477 454 9 10 0.033386 
237 455 9 11 0.033380397 
706 432 13 17 0.033263147 
270 503 9 11 0.032702196 
215 454 11 12 0.03261731 
600 443 9 12 0.032080743 
357 446 9 10 0.031935558 
445 433 8 10 0.03190295 
530 432 8 10 0.031794272 
233 494 9 12 0.031381484 
221 460 11 12 0.031242251 
231 452 10 12 0.031238426 
658 422 13 15 0.031132925 
459 448 7 11 0.031116001 
216 487 11 14 0.031102132 
149 502 11 14 0.030891364 
236 462 11 15 0.030419504 
726 423 8 11 0.030417742 
294 459 10 13 0.03034639 
686 407 10 14 0.03027744 
280 503 8 10 0.029965458 
482 472 9 12 0.02965253 
457 424 7 9 0.02944575 
333 445 9 10 0.029415725 
540 448 12 15 0.02930888 
193 510 9 13 0.029060442 
499 422 8 11 0.028568055 
264 503 10 11 0.028097475 
781 417 14 17 0.027916862 
255 477 11 13 0.02784845 
174 461 8 10 0.027326243 
514 447 9 12 0.027006608 
101 462 8 9 0.026921723 
521 483 10 14 0.026873248 
741 415 12 13 0.026779786 
248 455 10 11 0.02663245 
221 447 12 12 0.026461551 
342 474 9 13 0.026235705 
224 469 9 13 0.026220737 
276 477 10 12 0.026193954 
216 475 10 12 0.026178258 
295 454 10 13 0.026139652 
321 512 10 11 0.026111135 
216 447 10 11 0.026087966 
393 385 7 9 0.02602931 
337 475 10 14 0.02568631 
597 432 9 11 0.025659021 
649 445 8 11 0.025623478 
594 457 9 10 0.025226593 
583 462 8 11 0.025167212 
345 430 9 11 0.025025092 
330 441 8 10 0.024975222 
620 429 10 13 0.024931893 
625 360 10 11 0.024828969 
237 473 10 13 0.02471412 
391 462 9 12 0.024698138 
481 477 9 12 0.024640406 
638 447 8 11 0.02393347 
554 438 8 11 0.023844639 
366 437 10 11 0.023562666 
257 519 9 12 0.023542916 
568 439 8 12 0.023479385 
357 478 11 14 0.023423687 
181 437 9 11 0.02342029 
582 452 8 12 0.023312662 
376 428 8 11 0.023310035 
209 456 9 11 0.023214174 
77 535 11 14 0.022834565 
165 470 10 13 0.022827173 
633 446 9 12 0.022742242 
248 477 10 13 0.02255866 
703 395 11 15 0.02249266 
263 494 10 13 0.022477098 
364 430 11 13 0.022435563 
719 452 12 15 0.022177506 
539 456 13 16 0.022141904 
302 406 9 12 0.022132497 
168 461 9 11 0.021870943 
256 467 10 12 0.021695968 
630 440 9 10 0.021204568 
405 465 8 12 0.021186935 
368 504 9 9 0.021074697 
41 482 13 18 0.021061985 
302 379 8 11 0.020891618 
621 423 9 12 0.020789249 
720 422 10 13 0.020741617 
631 474 11 14 0.020666111 
207 485 8 12 0.02040108 
255 501 9 12 0.020381011 
351 484 10 14 0.020350734 
246 500 10 13 0.020177703 
729 428 8 11 0.020168355 
