10_People_Marching_People_Marching_10_People_Marching_People_Marching_10_848
28
642 166 48 58 0.9978058 
759 130 56 72 0.99780196 
243 218 34 44 0.9976962 
481 156 45 58 0.9975435 
129 186 35 44 0.9969267 
362 198 41 54 0.98620415 
990 194 34 53 0.9792433 
583 202 27 37 0.96133465 
726 179 34 48 0.95473576 
717 120 32 38 0.3962878 
8 231 26 33 0.3692084 
108 240 16 19 0.12931086 
649 97 26 37 0.097912915 
531 117 29 33 0.044754364 
745 149 43 59 0.044512134 
100 247 17 22 0.032075945 
104 242 25 28 0.0318486 
107 231 16 18 0.027183201 
451 452 15 20 0.026702275 
669 65 24 35 0.026626777 
666 54 23 30 0.025865491 
527 103 30 32 0.024576055 
577 446 26 30 0.024310391 
715 47 29 41 0.02301792 
980 38 13 15 0.022893405 
721 126 42 62 0.022516452 
44 202 23 29 0.022033459 
704 175 43 55 0.021281583 
