10_People_Marching_People_Marching_2_27
55
705 203 32 38 0.99749607 
861 205 26 33 0.9970168 
362 184 28 35 0.9964755 
833 231 28 33 0.9949208 
17 189 26 33 0.9947233 
574 191 35 45 0.9934581 
645 182 29 37 0.99271363 
265 194 23 30 0.9898935 
433 188 27 36 0.98878175 
38 205 28 35 0.9869533 
538 198 29 39 0.9847943 
913 266 36 45 0.9842658 
212 205 22 27 0.9841293 
653 220 25 33 0.9786588 
915 213 29 38 0.97844887 
519 195 22 33 0.9733514 
484 196 22 25 0.9732565 
791 231 24 30 0.9527137 
610 211 32 36 0.9415403 
304 183 34 36 0.8874062 
130 200 27 31 0.8138121 
205 190 19 22 0.69742715 
987 206 22 35 0.64978373 
527 195 28 38 0.5661899 
28 194 24 33 0.26396927 
0 189 12 29 0.22852476 
759 230 22 28 0.18434946 
159 182 27 31 0.14427015 
703 186 26 33 0.1380104 
883 194 15 16 0.1069876 
123 203 20 27 0.0941379 
972 230 18 21 0.08472871 
885 181 13 14 0.055815514 
566 194 26 37 0.05102148 
145 194 29 32 0.050000392 
467 145 13 16 0.04576028 
1 195 17 39 0.043739878 
536 177 18 20 0.04023224 
913 236 39 52 0.033769865 
894 221 21 30 0.03369191 
301 185 19 24 0.032408517 
528 343 10 13 0.031227546 
265 239 16 21 0.030492693 
801 234 22 30 0.03033917 
69 214 16 26 0.030039659 
883 186 16 18 0.029085573 
350 150 19 27 0.028785748 
471 300 30 31 0.027528906 
767 213 23 31 0.027495423 
52 210 24 32 0.027043346 
631 221 36 48 0.025735056 
134 206 44 40 0.025241008 
304 193 41 47 0.024734713 
9 196 23 36 0.021425953 
567 15 11 12 0.021111617 
