10_People_Marching_People_Marching_10_People_Marching_People_Marching_10_240
150
910 427 112 125 0.99974567 
412 322 107 133 0.9993806 
240 306 65 81 0.9988182 
2 238 30 37 0.9986689 
380 253 26 35 0.9982674 
130 211 27 34 0.99798125 
611 233 48 60 0.99783 
222 270 32 43 0.9976162 
688 260 26 36 0.9969476 
714 244 25 32 0.99583083 
418 237 42 53 0.99252945 
329 230 26 40 0.99189043 
195 197 19 25 0.9913311 
290 269 37 51 0.9820586 
492 214 17 23 0.9808333 
838 263 27 35 0.9791957 
219 227 22 27 0.97822464 
261 212 17 25 0.975233 
743 220 13 16 0.97420156 
797 306 36 47 0.95940167 
553 226 21 26 0.95827216 
168 200 22 28 0.94373673 
517 243 28 34 0.90454525 
835 206 15 20 0.8732606 
137 189 15 18 0.8617861 
538 210 17 21 0.86064625 
221 208 19 22 0.852155 
106 195 15 20 0.8436338 
890 218 17 21 0.8373079 
765 204 12 14 0.828604 
684 228 15 17 0.81101483 
390 188 13 15 0.8030877 
478 189 12 17 0.7927759 
162 189 13 18 0.78089815 
791 215 15 20 0.7380601 
231 188 14 17 0.666029 
891 233 16 20 0.5964453 
827 272 26 35 0.5867687 
872 178 13 16 0.4986603 
311 197 10 14 0.49355057 
455 244 27 37 0.49012178 
927 253 54 65 0.45508006 
722 204 11 15 0.43362454 
342 191 10 12 0.43326274 
790 207 10 13 0.39435172 
800 198 10 13 0.36928472 
850 214 15 17 0.3535102 
199 184 10 12 0.31476763 
299 205 16 19 0.30016726 
238 182 11 13 0.2832516 
302 198 13 16 0.27964506 
740 243 15 18 0.26464015 
497 197 11 14 0.26208773 
340 219 14 16 0.25386944 
622 209 14 17 0.24578631 
162 192 20 27 0.21724582 
999 214 15 18 0.21660574 
664 191 8 11 0.21266054 
590 196 9 12 0.21251923 
260 182 9 11 0.17317733 
797 202 13 16 0.16202138 
278 193 14 18 0.13811244 
978 341 46 71 0.1267789 
34 234 21 30 0.12532124 
386 189 10 14 0.12278693 
717 198 11 13 0.114867054 
325 168 8 11 0.11186853 
224 188 13 15 0.10845426 
839 208 19 24 0.10159123 
296 185 9 11 0.09975849 
713 197 9 11 0.09393082 
736 196 9 11 0.0937266 
965 177 21 28 0.09255114 
785 206 10 13 0.08223086 
29 313 25 25 0.07407422 
287 172 8 11 0.071371816 
606 223 11 14 0.06690443 
804 205 13 17 0.06448193 
598 234 13 17 0.06272271 
744 195 8 11 0.061121333 
258 186 11 15 0.059779607 
1011 225 12 22 0.05866275 
36 185 26 29 0.058578666 
375 190 9 11 0.057614625 
297 166 9 11 0.05616386 
196 186 16 17 0.052463595 
695 208 8 11 0.05212204 
801 158 10 14 0.051796924 
156 508 61 54 0.051617987 
777 234 16 19 0.050676435 
725 200 10 14 0.046710625 
223 184 10 13 0.04542578 
500 200 13 16 0.044955008 
785 211 11 17 0.04448112 
22 237 24 31 0.040805046 
748 196 9 11 0.040085174 
379 220 12 15 0.038322065 
983 209 27 30 0.03807929 
346 221 13 15 0.037233993 
731 240 20 26 0.03682203 
711 227 13 16 0.035020024 
203 182 11 13 0.034057606 
283 190 11 14 0.03364746 
244 182 9 12 0.03351366 
822 220 14 18 0.032572117 
861 205 10 14 0.032505393 
965 203 41 51 0.03224011 
451 204 15 18 0.031605996 
453 231 23 30 0.02955518 
369 191 8 10 0.029218651 
246 187 10 15 0.02859921 
845 185 13 17 0.028438022 
685 213 9 11 0.02721425 
114 195 13 19 0.026993906 
375 216 12 13 0.026805941 
300 188 11 14 0.02662496 
351 199 9 12 0.026376354 
629 215 16 18 0.026285302 
149 190 12 17 0.026266178 
750 207 11 12 0.025985347 
544 214 17 22 0.025769774 
634 220 16 17 0.025687672 
275 206 14 20 0.025542589 
716 191 10 11 0.025458772 
301 184 9 11 0.02521415 
772 209 12 17 0.02500546 
529 210 12 19 0.024781814 
600 227 20 30 0.024766227 
860 210 12 18 0.024715632 
689 208 8 11 0.024533344 
681 214 9 11 0.024255142 
43 313 15 20 0.02409814 
647 166 8 10 0.023611201 
268 204 14 19 0.023254225 
827 243 16 18 0.023008475 
803 218 12 16 0.02235858 
803 52 12 13 0.022097921 
422 171 14 16 0.021849725 
262 177 8 11 0.021840436 
359 198 9 12 0.02177596 
901 174 10 15 0.021751855 
855 206 13 18 0.02110621 
851 186 15 17 0.021076763 
618 206 11 14 0.020847416 
464 241 18 25 0.020592896 
896 225 16 20 0.020477472 
369 297 30 49 0.020349585 
760 211 11 14 0.020335639 
271 195 15 17 0.020094024 
748 214 11 15 0.020083267 
