10_People_Marching_People_Marching_2_40
242
714 270 56 65 0.9973074 
836 245 51 63 0.9967782 
401 158 29 34 0.99627715 
267 119 27 32 0.99220604 
767 211 36 31 0.99220145 
45 133 39 46 0.9916528 
356 128 26 32 0.9910533 
716 53 12 16 0.99095494 
97 135 28 38 0.98891443 
942 244 45 61 0.9884885 
496 145 30 33 0.9878791 
666 202 40 55 0.98726326 
92 89 25 31 0.9871963 
853 53 12 16 0.98452157 
516 86 18 25 0.98423 
586 273 39 50 0.98180115 
83 460 91 113 0.9814569 
166 220 37 50 0.9809121 
683 251 40 48 0.9798625 
564 64 15 18 0.9772904 
822 54 12 15 0.97539926 
588 127 24 35 0.97497493 
411 45 12 16 0.9726629 
228 93 22 25 0.97157675 
796 68 12 15 0.9685489 
317 145 28 36 0.9679339 
816 145 20 33 0.96685845 
712 84 14 19 0.9665132 
422 101 20 26 0.95538425 
518 519 94 95 0.95500976 
474 108 18 24 0.9523399 
511 49 12 15 0.94760823 
574 45 12 15 0.94637066 
710 363 40 61 0.9409432 
681 98 18 23 0.9407608 
741 64 13 16 0.93102646 
136 79 22 28 0.92760134 
946 199 35 43 0.91704804 
379 87 21 25 0.90157884 
985 336 39 71 0.89971286 
699 45 12 15 0.8954658 
758 49 12 15 0.8876149 
49 344 63 67 0.88676417 
462 50 13 17 0.8809259 
793 118 23 28 0.8549272 
884 101 13 21 0.8470103 
166 56 15 17 0.82820994 
252 84 18 21 0.80772847 
157 44 9 12 0.7794926 
700 257 49 62 0.7292494 
227 200 26 33 0.72419864 
189 39 8 11 0.70216656 
57 37 11 14 0.67603475 
769 90 16 19 0.6710925 
666 101 14 20 0.6677769 
668 47 10 14 0.63171583 
949 299 48 62 0.6018272 
935 158 20 31 0.57862246 
193 80 19 23 0.5409136 
601 212 25 35 0.49124977 
141 40 9 12 0.4634119 
801 113 19 25 0.45914343 
523 44 11 15 0.45331773 
749 113 17 22 0.44900867 
460 4 9 12 0.38673997 
567 3 13 17 0.3722166 
879 83 12 16 0.35780653 
905 115 21 24 0.32145914 
284 21 12 16 0.31364772 
95 37 11 15 0.31277123 
11 27 11 15 0.27730668 
436 84 16 21 0.27248794 
927 149 22 36 0.26881272 
557 50 11 15 0.26685035 
104 38 12 15 0.2651896 
466 44 13 16 0.26232284 
653 51 12 19 0.2527094 
663 115 14 19 0.22914626 
621 38 10 13 0.20330437 
857 107 18 23 0.1969695 
56 31 10 12 0.19165593 
491 59 11 14 0.18924785 
194 92 20 29 0.18586706 
809 31 11 13 0.17050822 
482 47 9 12 0.16970359 
487 53 10 14 0.16302352 
123 385 64 71 0.16076511 
808 53 11 15 0.15992782 
907 91 13 15 0.15836471 
15 3 10 11 0.14019015 
152 30 9 11 0.13696438 
679 39 9 11 0.13626695 
769 135 17 21 0.13486877 
686 21 12 16 0.1304932 
926 248 43 62 0.12310528 
298 99 16 25 0.11469211 
3 52 16 22 0.11066449 
662 172 26 32 0.10617172 
323 12 14 17 0.10233822 
939 214 43 52 0.100755416 
284 59 14 16 0.09495525 
152 40 10 12 0.093790874 
756 138 15 20 0.09242369 
583 70 10 14 0.09092086 
90 38 9 13 0.090831146 
648 47 12 18 0.08955138 
816 53 11 14 0.08760513 
852 75 11 16 0.08678094 
840 67 11 14 0.08433598 
884 79 12 15 0.08334251 
100 7 8 11 0.08012258 
702 40 12 14 0.076689586 
112 28 9 11 0.07632864 
124 46 10 12 0.07552773 
516 26 11 13 0.07509599 
619 45 12 17 0.07485404 
121 37 9 12 0.074376024 
804 101 14 19 0.0730858 
605 215 39 45 0.0724316 
735 85 12 15 0.070432104 
867 157 15 26 0.06955307 
876 140 23 33 0.068695195 
332 38 11 14 0.06706512 
326 37 11 14 0.06648403 
200 76 15 20 0.06541776 
0 19 8 12 0.0640317 
673 153 20 35 0.063888736 
581 104 23 28 0.063397445 
100 56 11 12 0.06286394 
825 204 25 38 0.06219167 
21 1 11 11 0.06120155 
418 67 13 15 0.061147064 
319 76 15 17 0.05999095 
719 142 22 26 0.058736566 
197 61 10 13 0.057460744 
178 95 18 24 0.05581269 
320 36 11 14 0.05511323 
759 31 9 11 0.054567758 
565 50 15 17 0.053761847 
807 45 11 13 0.05335837 
246 89 16 18 0.051015373 
0 325 31 79 0.04936974 
29 0 13 11 0.04927294 
64 62 12 15 0.04907929 
673 39 9 10 0.04875429 
96 31 9 11 0.046490975 
616 13 9 11 0.04535734 
320 125 24 36 0.044513214 
106 418 91 112 0.043514367 
304 20 9 12 0.042306367 
659 56 11 16 0.040876143 
881 93 15 20 0.04083166 
322 83 14 16 0.03974451 
323 7 13 14 0.03909258 
690 183 30 36 0.0390902 
653 142 26 30 0.03852116 
29 84 22 25 0.03825552 
685 64 12 14 0.03808974 
685 39 9 12 0.037908506 
-1 80 10 21 0.037889056 
318 91 16 18 0.03777677 
678 45 10 12 0.037706133 
622 29 11 15 0.03745448 
775 168 25 26 0.03722208 
177 82 23 28 0.036934488 
385 97 17 25 0.03663751 
321 68 15 17 0.034419097 
611 89 15 18 0.03427039 
7 0 14 12 0.034085367 
159 49 13 17 0.033802584 
616 27 9 13 0.03373747 
689 0 9 10 0.03307314 
620 57 12 15 0.032742646 
152 25 9 11 0.032488354 
682 194 33 45 0.032076765 
0 46 12 17 0.031859748 
365 60 14 19 0.031719677 
253 39 9 12 0.03114235 
900 247 41 60 0.030779988 
356 105 20 21 0.03031786 
607 8 8 11 0.030170243 
493 46 8 11 0.03007895 
767 31 9 11 0.029800158 
62 66 15 20 0.029420204 
492 65 11 16 0.029307589 
30 37 10 11 0.028905632 
228 69 14 16 0.028861357 
708 39 10 12 0.02872483 
760 94 23 25 0.028574156 
99 75 16 19 0.028319214 
164 47 11 13 0.02798284 
658 153 26 34 0.027355978 
631 52 11 15 0.027235908 
119 32 9 11 0.026832152 
321 96 19 19 0.026796946 
779 83 13 17 0.026748281 
757 91 14 18 0.026659282 
686 44 9 13 0.026558563 
375 34 11 15 0.02640904 
80 351 57 69 0.025004765 
784 131 13 17 0.025000978 
707 105 15 20 0.024950525 
102 32 10 11 0.02472733 
714 113 16 20 0.024583446 
428 88 18 22 0.024529574 
782 78 12 15 0.02452139 
742 21 10 13 0.024167398 
13 33 11 16 0.024142753 
317 0 12 11 0.024115397 
760 113 17 20 0.023573257 
672 174 31 34 0.023471262 
82 365 79 89 0.022931673 
50 70 16 21 0.02271747 
233 209 28 32 0.022687377 
126 51 10 12 0.022534395 
49 36 8 12 0.022487951 
371 60 15 18 0.022477686 
331 12 12 16 0.022270659 
312 14 11 13 0.02222303 
694 213 28 33 0.022169948 
26 351 83 105 0.022087596 
600 7 8 11 0.022020599 
747 123 22 28 0.021950804 
314 139 17 22 0.021863598 
909 98 14 18 0.02178828 
758 36 10 13 0.021783154 
799 22 10 13 0.021748614 
127 33 8 10 0.021700406 
6 34 13 15 0.02166073 
765 144 24 26 0.02159883 
734 53 11 14 0.021567203 
69 54 10 13 0.02142211 
412 75 13 15 0.02125742 
638 53 12 16 0.020807024 
915 151 26 40 0.020765593 
305 97 16 22 0.02059399 
120 53 9 12 0.020380858 
781 137 14 17 0.020295326 
785 125 21 26 0.020109873 
206 62 12 16 0.020104457 
571 6 12 18 0.020100836 
330 114 17 23 0.020088518 
