10_People_Marching_People_Marching_10_People_Marching_People_Marching_10_447
782
175 829 24 30 0.9975873 
966 475 26 32 0.99731845 
850 653 24 29 0.9967219 
463 481 26 32 0.99444395 
246 484 24 29 0.99391276 
411 454 23 30 0.9938828 
964 393 24 30 0.992668 
568 754 25 30 0.99144804 
36 687 22 28 0.99129045 
640 673 23 27 0.99110866 
927 617 23 29 0.9906041 
737 333 18 24 0.988867 
131 794 24 28 0.98830974 
670 511 23 27 0.9882556 
69 445 22 27 0.9878626 
599 157 22 29 0.9869105 
384 643 23 28 0.9863837 
170 470 23 26 0.9859013 
807 637 22 28 0.9857656 
259 438 22 28 0.9854447 
252 809 23 27 0.9852615 
769 745 23 28 0.9848615 
232 637 22 28 0.98465145 
615 364 22 30 0.9834313 
872 626 21 28 0.9826276 
255 73 23 26 0.98258245 
662 151 23 26 0.98238695 
462 103 16 22 0.98086023 
215 884 24 32 0.9807148 
860 471 22 26 0.9805839 
810 309 21 26 0.98058194 
610 692 23 27 0.97997665 
37 778 22 33 0.9792347 
489 327 20 25 0.979147 
557 633 22 25 0.97879785 
979 270 21 24 0.9775009 
310 642 22 26 0.97692686 
277 547 20 26 0.97675985 
791 705 22 26 0.9766739 
333 157 19 23 0.9766284 
108 537 21 25 0.97650456 
620 3 19 24 0.97640353 
271 280 19 24 0.97628266 
519 352 22 25 0.9759877 
221 335 22 26 0.9753245 
908 68 17 23 0.9751099 
480 112 22 27 0.975104 
328 426 21 26 0.9744469 
834 48 20 22 0.9740685 
774 498 22 26 0.97370696 
953 24 19 28 0.9734336 
84 194 22 26 0.97241205 
883 408 23 24 0.97131044 
703 20 20 26 0.9711301 
186 575 21 27 0.9701067 
838 196 22 26 0.96955925 
888 352 17 22 0.9691938 
832 527 21 26 0.96664464 
414 350 22 25 0.9663391 
849 14 16 20 0.9661767 
282 368 20 26 0.96614677 
646 271 18 23 0.96505207 
81 894 24 32 0.96466684 
301 398 21 26 0.9642425 
895 240 19 23 0.96225744 
687 267 20 25 0.9617805 
73 649 19 26 0.96160984 
545 132 20 24 0.9613709 
148 669 22 32 0.9588382 
497 789 36 41 0.95792025 
407 799 30 33 0.95715165 
2 246 18 21 0.956891 
993 367 21 26 0.95571285 
667 47 21 28 0.95558536 
832 245 20 24 0.9550614 
895 198 21 26 0.95502543 
614 130 23 28 0.9548431 
993 106 21 28 0.95426494 
720 47 20 27 0.9533508 
854 294 17 21 0.95314896 
697 89 18 20 0.9527384 
564 332 20 25 0.95254236 
404 85 22 31 0.9517334 
901 730 22 29 0.95095557 
740 136 20 23 0.94963926 
15 455 19 26 0.94939667 
567 275 20 25 0.9485545 
15 292 20 24 0.94735384 
338 252 21 24 0.9472581 
993 525 21 25 0.9469478 
759 105 22 28 0.94654113 
992 343 19 23 0.94581884 
606 265 21 28 0.94574034 
256 570 21 25 0.9448616 
193 428 22 25 0.9441367 
296 334 20 26 0.9439122 
970 165 18 23 0.9394351 
512 78 20 24 0.9391563 
205 57 19 21 0.9386752 
150 174 20 25 0.9364407 
463 39 16 20 0.93401176 
67 835 23 29 0.9338025 
904 445 21 28 0.9335887 
86 617 18 22 0.9331248 
501 290 19 22 0.9319557 
461 184 21 26 0.9309701 
682 365 20 25 0.9308064 
144 346 19 24 0.92695296 
48 76 19 23 0.9254124 
66 103 16 19 0.92411757 
147 414 19 24 0.9214909 
179 602 23 25 0.9186902 
880 2 19 24 0.9175934 
123 450 21 25 0.91627073 
504 38 18 25 0.9150843 
873 109 21 26 0.91380495 
494 154 20 25 0.912209 
531 253 16 21 0.91099966 
933 328 19 25 0.90420556 
748 166 21 26 0.90092766 
110 59 17 22 0.89831823 
123 592 19 26 0.8951315 
411 167 23 28 0.89455587 
768 357 20 24 0.8884564 
904 159 20 26 0.88735175 
214 97 19 22 0.8847567 
562 107 21 22 0.8780362 
954 103 18 24 0.875635 
963 200 16 21 0.8695368 
953 609 16 20 0.86779815 
529 178 21 23 0.8618555 
544 36 19 24 0.860372 
629 95 20 22 0.85344976 
813 123 16 22 0.8459998 
870 324 20 24 0.8424994 
19 228 15 20 0.84008926 
57 584 19 22 0.8397728 
569 154 20 30 0.8293142 
678 311 19 23 0.8274611 
677 136 22 25 0.8258358 
342 854 39 48 0.8252622 
428 29 16 19 0.82260054 
5 183 21 27 0.81955945 
860 428 19 22 0.81575346 
863 369 14 20 0.81009805 
360 512 17 24 0.79405016 
193 123 18 21 0.7931897 
637 240 17 24 0.7866265 
109 126 18 22 0.7790458 
136 573 19 25 0.77246064 
19 156 20 21 0.7682368 
797 279 16 23 0.76763403 
515 259 13 18 0.75051767 
295 234 20 21 0.74764025 
363 539 18 25 0.7435892 
41 838 24 34 0.7433243 
169 540 20 23 0.74305475 
227 296 18 21 0.7417452 
934 249 14 19 0.7416629 
332 472 22 27 0.7305857 
572 229 19 22 0.72779346 
53 4 23 24 0.7252055 
717 453 20 25 0.72452414 
874 382 17 22 0.71660244 
1010 235 14 23 0.7100258 
636 389 18 20 0.68720496 
534 268 17 23 0.6813273 
196 651 19 28 0.6720333 
537 708 18 24 0.64581734 
107 682 17 21 0.6451621 
50 666 15 21 0.6441197 
38 593 14 18 0.6430983 
338 838 22 29 0.63724387 
748 83 17 19 0.6169961 
525 433 15 18 0.60923874 
595 58 20 26 0.6080594 
159 728 21 26 0.60222095 
424 284 16 22 0.600634 
534 0 21 16 0.5775321 
524 405 11 14 0.572329 
741 426 17 22 0.563465 
572 0 16 21 0.55774415 
286 586 20 25 0.54165864 
950 138 15 20 0.53308845 
340 370 15 18 0.5293338 
721 296 16 21 0.5276879 
1005 182 18 25 0.52389634 
460 286 16 21 0.506295 
783 310 12 17 0.5005612 
321 8 17 21 0.4961919 
647 325 15 18 0.4915546 
961 704 23 25 0.49012697 
166 721 19 24 0.48626316 
926 387 20 27 0.48559415 
701 659 15 18 0.4826794 
45 656 14 21 0.47977787 
501 417 16 20 0.4661325 
460 307 18 21 0.46375304 
629 271 14 19 0.46004024 
41 894 23 30 0.4569632 
323 493 15 21 0.4514406 
756 537 21 26 0.4467506 
973 355 19 22 0.43513548 
198 288 15 20 0.428334 
762 411 19 23 0.4255971 
226 391 20 27 0.42182496 
782 126 14 20 0.4008958 
112 513 19 19 0.39583528 
414 394 17 19 0.39425802 
764 0 15 12 0.39409637 
805 178 14 17 0.39398676 
724 0 14 14 0.38834882 
683 705 15 22 0.3836932 
606 525 19 26 0.37874353 
658 113 19 22 0.37681532 
542 65 15 19 0.37503996 
1009 457 15 23 0.37320083 
176 907 20 25 0.3661041 
345 390 16 21 0.3644462 
676 600 12 16 0.36346468 
709 231 19 22 0.36209434 
641 338 18 22 0.35624346 
799 24 12 17 0.354624 
946 228 17 22 0.3545084 
910 1 18 16 0.34839123 
171 604 23 27 0.34668005 
467 456 15 17 0.34505072 
387 380 15 21 0.3336973 
963 783 42 44 0.3319217 
780 20 16 19 0.33182576 
787 25 16 20 0.33086553 
139 555 20 24 0.3246259 
0 62 23 32 0.31408787 
840 351 17 21 0.30780286 
660 82 18 24 0.29576555 
805 423 23 29 0.29473042 
319 581 21 25 0.29426652 
611 59 16 21 0.29315808 
204 389 21 26 0.2930486 
619 57 16 21 0.29234916 
815 34 13 18 0.28992844 
410 289 14 19 0.28916448 
250 122 15 19 0.28688872 
885 448 18 28 0.285452 
123 129 15 21 0.28346264 
996 700 15 24 0.2772768 
492 436 15 22 0.2673901 
250 318 19 23 0.26280123 
776 205 19 23 0.26192272 
198 37 11 13 0.2593774 
828 369 15 20 0.25852415 
692 0 18 14 0.2583573 
819 715 20 27 0.2496378 
353 428 20 27 0.24875262 
377 863 23 31 0.24614847 
436 514 20 21 0.23728935 
969 211 15 18 0.23161797 
507 467 16 18 0.22642747 
267 596 16 21 0.22610736 
146 51 16 20 0.2255241 
713 379 16 18 0.22272436 
687 600 13 18 0.21950716 
300 862 33 44 0.21725391 
689 771 35 39 0.2165762 
627 77 19 20 0.2143973 
971 217 16 19 0.21054564 
459 252 14 17 0.2102401 
24 635 21 28 0.20905894 
217 35 12 14 0.20868365 
442 0 15 15 0.20692198 
85 777 24 33 0.20600866 
973 224 18 20 0.20496146 
954 233 16 21 0.20476933 
954 69 16 20 0.2038183 
655 57 14 18 0.2031069 
36 186 21 27 0.20273425 
929 737 25 29 0.20135503 
854 251 12 18 0.20100611 
174 39 13 18 0.19933581 
326 477 20 26 0.19622967 
252 753 20 21 0.19517155 
128 584 20 25 0.19212556 
732 182 21 28 0.19017243 
769 656 17 20 0.18809412 
663 3 15 16 0.18764336 
350 548 15 19 0.18600804 
235 788 13 16 0.18369314 
404 266 14 19 0.18309122 
340 587 16 19 0.18214825 
564 3 14 18 0.18181369 
127 323 15 19 0.1809768 
812 180 15 18 0.1804316 
826 168 17 22 0.17924635 
453 130 20 26 0.17850281 
659 480 17 20 0.17793085 
430 87 14 18 0.17787993 
150 884 22 36 0.17760079 
559 7 13 15 0.1772434 
658 359 16 22 0.17642787 
204 533 21 24 0.17421491 
709 386 17 20 0.17020425 
662 442 21 25 0.17017117 
356 686 16 22 0.16932063 
392 544 18 20 0.16777937 
638 483 13 15 0.16643004 
235 294 19 24 0.16577466 
811 821 42 57 0.16408534 
192 95 17 20 0.16282979 
711 711 15 20 0.1605028 
0 547 10 21 0.16040292 
451 361 16 21 0.15923734 
869 11 11 15 0.1580584 
668 385 16 19 0.1555078 
410 432 19 20 0.15225685 
765 391 18 20 0.15148771 
698 673 14 17 0.15129241 
483 155 20 27 0.15098077 
466 332 13 16 0.14812669 
762 61 16 19 0.1473547 
0 120 11 22 0.14279404 
822 140 13 18 0.14258699 
387 687 13 17 0.13977951 
550 388 14 18 0.13938867 
462 385 16 20 0.13799633 
392 91 12 18 0.13631557 
817 453 19 24 0.13541603 
485 392 15 17 0.13454786 
442 290 14 19 0.13435756 
579 -1 15 17 0.13312781 
748 620 18 20 0.13276029 
438 167 15 22 0.13251318 
779 653 15 20 0.13207859 
476 154 16 23 0.13042742 
542 472 16 22 0.1278439 
350 410 16 21 0.12699027 
518 435 12 17 0.12624022 
813 689 15 20 0.12540232 
61 501 15 20 0.12526986 
955 312 16 24 0.1248732 
439 416 14 19 0.12350621 
787 420 16 22 0.12344782 
182 306 17 21 0.12196494 
309 302 15 23 0.121838175 
494 85 20 24 0.12044087 
855 43 14 20 0.11848895 
768 801 30 36 0.11762077 
709 146 16 20 0.11615625 
595 406 21 26 0.116052255 
0 737 11 26 0.11531134 
355 544 16 22 0.11286099 
685 484 13 18 0.11259747 
812 818 27 36 0.11166194 
957 285 16 19 0.11111983 
700 113 17 21 0.11079598 
729 461 21 28 0.110263035 
194 11 15 19 0.10957269 
231 559 14 18 0.10851954 
155 390 21 22 0.10653753 
950 588 13 17 0.10567569 
347 705 23 28 0.10559721 
204 38 10 13 0.10453065 
237 301 22 27 0.10433972 
0 592 12 19 0.104157425 
885 296 15 18 0.10326677 
548 157 17 17 0.102514185 
420 427 17 20 0.10198926 
503 508 23 27 0.10168392 
413 402 22 28 0.101418726 
212 138 12 15 0.10129402 
289 500 16 20 0.10083187 
427 417 14 20 0.098257534 
637 270 18 24 0.098050565 
318 262 15 20 0.097588375 
735 469 24 29 0.096566655 
332 562 16 21 0.094898924 
545 764 16 18 0.09424458 
0 614 12 25 0.09402809 
641 395 20 24 0.09378313 
969 588 20 27 0.09362874 
400 0 20 15 0.09291338 
459 296 18 22 0.092709094 
395 380 15 20 0.09201144 
669 365 23 27 0.09133031 
524 0 17 14 0.09104585 
802 57 15 17 0.09075888 
775 19 12 18 0.09011361 
143 442 16 22 0.089649774 
29 504 21 25 0.08934468 
382 245 13 19 0.088739306 
614 402 15 20 0.08864367 
961 6 44 52 0.088367224 
588 66 19 25 0.08805243 
966 102 21 27 0.08588407 
404 633 21 29 0.08565817 
845 429 12 16 0.084427156 
428 144 17 20 0.083682835 
594 7 17 23 0.083451375 
626 337 17 21 0.083411425 
636 654 22 26 0.083324954 
650 116 22 26 0.08001361 
257 370 18 26 0.07998995 
588 490 13 16 0.079865165 
779 299 15 18 0.07970959 
485 273 15 21 0.0796076 
961 588 19 26 0.079531685 
574 326 19 27 0.078948416 
881 507 21 30 0.078732714 
420 294 16 21 0.07832911 
771 216 17 22 0.07815151 
663 361 20 25 0.07782523 
443 334 17 22 0.07691878 
564 494 14 15 0.07663166 
955 588 17 20 0.07657455 
14 604 17 19 0.07657011 
5 236 22 25 0.07636914 
508 251 17 21 0.07611943 
652 343 16 23 0.075972915 
567 460 14 19 0.075454734 
879 44 14 18 0.07480424 
334 630 22 31 0.07375915 
766 28 13 18 0.07306519 
323 746 18 21 0.072615564 
867 208 15 19 0.07185811 
727 365 14 17 0.07184103 
6 78 15 21 0.071668856 
750 583 25 29 0.071217045 
142 55 23 29 0.07101332 
98 877 16 24 0.0708862 
321 86 17 21 0.0708141 
276 592 19 25 0.07039631 
785 452 22 28 0.070213705 
779 115 15 22 0.06930779 
916 356 16 20 0.06749605 
831 357 20 25 0.06747294 
375 872 37 55 0.06712385 
876 455 14 20 0.06690509 
2 -1 20 19 0.065627754 
167 710 23 26 0.064734265 
794 34 13 17 0.064388804 
381 224 16 25 0.064086884 
850 352 15 20 0.063981086 
316 206 18 23 0.06305157 
503 299 20 22 0.06260329 
47 1 17 23 0.062023114 
786 271 14 20 0.06107627 
416 78 22 28 0.061049577 
231 84 15 18 0.061027184 
550 455 13 15 0.06042675 
162 741 16 21 0.060350377 
426 70 20 26 0.059698593 
813 720 16 22 0.0595947 
761 725 20 22 0.05831739 
347 376 15 20 0.05760917 
929 0 18 15 0.05684225 
462 460 22 24 0.056833312 
970 16 22 33 0.056287695 
130 0 16 14 0.055960964 
397 110 19 27 0.05581391 
922 260 15 18 0.055808377 
411 772 15 19 0.055606093 
216 418 21 27 0.055490542 
776 195 18 21 0.05544389 
598 605 14 18 0.055429667 
234 157 13 17 0.05540956 
334 362 16 18 0.05523088 
1006 267 16 24 0.05522461 
271 368 20 27 0.05506053 
963 138 15 20 0.05490843 
361 865 38 54 0.054797497 
0 45 23 35 0.054224744 
529 439 17 20 0.05409821 
384 282 13 17 0.05401221 
795 663 14 19 0.053850006 
387 260 14 19 0.053686965 
315 306 19 26 0.053511783 
181 651 20 25 0.053435218 
14 595 16 19 0.05322855 
535 64 15 20 0.05244429 
315 668 17 19 0.052025124 
115 385 18 20 0.051621944 
461 315 21 25 0.051542033 
975 64 21 29 0.051530708 
514 473 13 20 0.05152646 
613 603 15 19 0.05145646 
774 293 14 18 0.05139566 
56 107 13 17 0.051246688 
835 457 14 18 0.05119081 
123 580 18 21 0.051120635 
813 153 13 15 0.050864685 
418 604 23 27 0.050716773 
699 645 16 20 0.0505948 
921 225 17 22 0.050535124 
12 58 16 22 0.050200664 
639 314 21 25 0.049887635 
34 645 20 27 0.049491033 
796 421 22 27 0.049067874 
782 31 16 19 0.048693594 
777 248 17 20 0.048503373 
492 426 14 21 0.0469331 
744 173 21 30 0.046727337 
385 14 12 16 0.046415046 
764 16 15 21 0.046364266 
556 117 22 26 0.046027478 
23 543 19 21 0.045797158 
670 671 16 22 0.045565117 
533 513 17 20 0.04546111 
615 628 13 18 0.04525503 
493 13 14 15 0.04517197 
690 33 14 18 0.045052323 
1011 466 14 26 0.04499637 
877 442 20 30 0.044659156 
771 605 16 23 0.04457373 
404 438 17 23 0.044549186 
356 352 14 20 0.044479277 
350 691 23 30 0.04445213 
789 15 15 19 0.044037096 
326 585 23 25 0.044030823 
949 695 25 32 0.043298174 
907 267 13 17 0.042978574 
455 177 20 29 0.04278771 
871 272 14 18 0.042675983 
205 94 19 26 0.042584408 
898 42 16 20 0.042576663 
0 724 10 23 0.0424062 
195 676 15 23 0.042292107 
979 2 32 38 0.042193152 
75 540 16 21 0.041806914 
19 579 15 18 0.04170236 
604 603 14 18 0.041686013 
316 762 13 17 0.04158563 
5 701 17 22 0.041476253 
858 530 15 19 0.041459203 
385 247 17 22 0.041148674 
589 3 16 21 0.04097719 
245 358 16 20 0.040664937 
962 235 14 17 0.040334173 
619 608 13 16 0.04010735 
551 160 20 24 0.04000165 
625 396 23 26 0.03979256 
343 504 21 27 0.039637752 
619 342 20 22 0.039489508 
620 397 16 21 0.039304603 
912 314 14 20 0.039227776 
859 590 17 22 0.038957585 
749 423 20 24 0.038751435 
827 455 16 22 0.038645215 
166 603 16 25 0.038597252 
596 458 17 23 0.03844803 
696 652 16 20 0.038373217 
388 364 14 21 0.038140524 
946 192 14 19 0.03806426 
578 220 17 23 0.037959706 
623 508 13 17 0.037166074 
772 625 15 22 0.03678342 
35 124 12 17 0.03662922 
582 323 20 24 0.03580098 
852 58 16 21 0.03568229 
636 332 18 21 0.035557788 
852 811 50 55 0.035464726 
578 62 20 27 0.035221025 
318 751 21 26 0.035143528 
321 784 16 19 0.03468431 
14 586 17 20 0.034484655 
169 43 14 17 0.03438306 
746 634 19 22 0.034363262 
787 656 15 22 0.034122344 
842 140 13 18 0.034118306 
709 279 16 19 0.03408549 
764 713 19 21 0.034038913 
396 82 19 28 0.034022614 
971 147 15 18 0.033832483 
382 890 40 53 0.033769418 
454 370 22 26 0.033660997 
812 132 18 24 0.033601023 
949 171 13 17 0.033493064 
596 498 14 17 0.03345862 
290 801 14 20 0.03328454 
543 166 22 23 0.033148725 
595 521 14 22 0.032958943 
555 444 15 18 0.032879457 
171 304 23 27 0.03282512 
193 43 12 15 0.03256615 
290 407 19 27 0.03249758 
789 276 16 23 0.03238992 
400 291 15 18 0.032270886 
70 747 23 31 0.032215733 
978 105 19 27 0.032031294 
165 901 20 28 0.0320077 
269 54 12 13 0.032006893 
540 160 18 21 0.031952605 
399 96 23 29 0.03188181 
962 65 18 25 0.03159105 
371 34 15 22 0.03144069 
220 389 18 24 0.03143117 
816 172 21 23 0.0313167 
495 418 15 21 0.0312986 
583 482 15 19 0.031262312 
157 39 12 16 0.031118402 
867 369 20 26 0.031115746 
195 709 17 24 0.031100137 
405 806 18 24 0.031065352 
394 142 17 27 0.03098196 
997 231 16 21 0.03084619 
596 617 15 18 0.030624235 
772 25 13 19 0.030536296 
256 761 19 24 0.030382441 
830 293 19 22 0.03034672 
759 2 13 14 0.030225849 
501 247 18 21 0.030041384 
717 1 17 17 0.030011727 
434 140 16 20 0.029979212 
803 826 28 33 0.029922593 
409 442 21 27 0.029899754 
210 380 17 21 0.029885242 
205 42 12 15 0.029876104 
148 42 22 26 0.029806888 
673 391 16 20 0.029767033 
971 155 16 19 0.029729601 
977 211 16 18 0.029701587 
274 313 13 18 0.029622115 
131 356 14 18 0.02939166 
437 436 16 19 0.029338183 
700 594 14 18 0.029309899 
194 0 15 15 0.029198928 
554 456 15 18 0.029136963 
788 411 16 21 0.029070605 
397 638 21 30 0.028939134 
303 692 24 34 0.028821113 
49 631 16 20 0.028793346 
392 258 19 25 0.028591115 
59 107 18 22 0.02844111 
979 136 15 22 0.028438736 
760 653 22 27 0.028310241 
598 527 15 23 0.027946278 
998 147 22 27 0.027916579 
28 791 22 31 0.027648274 
480 395 12 15 0.027578788 
188 302 13 18 0.027566526 
758 12 15 19 0.027529903 
134 411 24 29 0.02751794 
943 58 21 27 0.027493032 
729 172 21 27 0.027485115 
334 660 15 20 0.027390562 
791 58 11 16 0.027342025 
796 324 14 19 0.027275717 
875 463 16 22 0.02723645 
917 0 24 21 0.027217468 
731 745 16 22 0.027095124 
1 581 11 18 0.027082795 
835 342 18 21 0.027072461 
703 238 15 22 0.027070742 
311 72 21 28 0.026940815 
311 322 14 22 0.026764423 
73 732 25 33 0.026708925 
605 383 14 20 0.026690152 
926 743 15 21 0.02668287 
968 715 20 24 0.026647301 
429 0 15 17 0.02652638 
198 609 15 21 0.026435556 
694 634 16 19 0.026214384 
245 292 21 26 0.026149832 
427 59 22 27 0.026121814 
962 796 51 59 0.026059046 
275 497 21 26 0.02603304 
859 800 37 41 0.0260078 
131 318 20 26 0.02592645 
761 614 21 27 0.025908248 
476 330 13 18 0.025848642 
203 293 14 19 0.025816806 
432 282 18 26 0.025697244 
442 376 15 21 0.025472037 
844 1015 52 68 0.025399754 
232 683 14 20 0.0253352 
571 454 13 17 0.025321694 
292 773 15 18 0.02531167 
550 298 15 17 0.025184765 
697 102 21 24 0.025140516 
421 714 12 17 0.025124114 
770 59 15 19 0.0250952 
9 378 46 54 0.025023142 
627 69 17 19 0.024951318 
391 920 49 67 0.024856137 
763 400 21 26 0.024786297 
305 69 17 25 0.024650864 
547 915 14 18 0.02445581 
655 199 19 29 0.024322506 
603 462 15 21 0.024308024 
754 912 51 71 0.024301432 
391 875 33 42 0.024232697 
972 137 15 19 0.024148878 
1011 83 12 18 0.024096236 
804 833 15 20 0.024039475 
142 45 17 21 0.024023842 
673 480 19 25 0.023887208 
8 610 20 28 0.023886217 
874 363 15 19 0.023792552 
617 845 42 58 0.023788773 
931 140 13 19 0.02375689 
873 1007 28 32 0.02369587 
488 276 20 26 0.023684863 
393 602 23 28 0.023619795 
680 32 21 24 0.023615124 
444 365 21 26 0.023578186 
691 596 21 27 0.023524502 
664 485 20 22 0.023515355 
685 1 16 16 0.023447083 
414 154 26 30 0.023410492 
677 0 13 13 0.023335278 
351 719 19 23 0.023327934 
214 107 16 23 0.023257386 
53 97 22 27 0.023229264 
957 163 12 17 0.023214305 
816 425 17 24 0.023183165 
578 513 17 20 0.02316675 
446 781 9 12 0.02304379 
531 460 22 30 0.022954227 
469 116 22 28 0.022952907 
823 154 14 17 0.022933487 
803 413 16 19 0.022882238 
925 252 16 20 0.022789264 
825 146 13 16 0.0226842 
339 555 21 27 0.022637004 
444 166 19 27 0.022607114 
540 440 13 16 0.02253542 
477 276 20 25 0.022211941 
851 1013 26 33 0.022201562 
906 203 16 23 0.022174818 
908 1056 50 77 0.022164164 
235 476 23 28 0.02210126 
322 206 21 26 0.022014191 
601 0 17 23 0.021965126 
677 298 16 21 0.021853985 
281 411 22 27 0.021815833 
833 801 47 57 0.021811051 
699 125 17 23 0.021790715 
195 87 16 19 0.021649605 
422 794 26 32 0.021648176 
670 127 22 26 0.021428492 
770 111 17 22 0.0213949 
665 897 18 22 0.021343071 
858 38 14 18 0.021264603 
292 802 21 27 0.021264127 
374 906 26 35 0.021248244 
952 18 36 45 0.02120943 
182 21 12 15 0.02120616 
428 789 16 22 0.021182112 
306 41 17 22 0.021167189 
619 267 16 22 0.021161934 
544 1 18 17 0.021151278 
445 797 13 16 0.021087755 
353 415 22 29 0.02107635 
844 255 16 22 0.020989358 
422 31 17 20 0.02098588 
925 323 20 28 0.020966306 
271 31 25 29 0.020956002 
2 602 15 19 0.020953733 
789 135 16 19 0.020940222 
830 132 13 18 0.02089712 
352 395 17 19 0.020867236 
730 453 17 21 0.020859888 
935 210 12 17 0.020799061 
271 500 14 20 0.020734452 
14 627 23 31 0.020730726 
659 92 19 23 0.020708425 
376 39 17 24 0.020669557 
341 655 19 27 0.020663757 
964 1146 30 38 0.0206584 
824 363 14 21 0.020626012 
162 436 16 20 0.020597672 
930 490 16 21 0.020545647 
675 354 17 19 0.020475429 
651 26 14 17 0.020423416 
274 72 15 22 0.020412434 
938 610 22 29 0.02040215 
395 95 14 19 0.020330464 
540 926 28 37 0.020326613 
548 419 15 18 0.020269927 
899 1089 82 102 0.020202324 
797 411 15 20 0.020187162 
694 589 13 17 0.020078337 
329 753 17 19 0.02006335 
837 481 14 20 0.020057267 
