10_People_Marching_People_Marching_2_944
40
244 512 40 43 0.99254614 
482 452 33 40 0.99234617 
608 461 45 53 0.9676495 
233 470 23 30 0.932185 
55 454 32 46 0.8858099 
133 483 29 34 0.8549203 
291 488 23 29 0.32906213 
169 499 23 31 0.18693864 
220 555 24 32 0.17168647 
304 546 39 49 0.13876973 
0 472 30 54 0.120053336 
114 422 41 53 0.09343075 
260 453 21 28 0.09211315 
46 462 27 38 0.08060445 
640 429 43 57 0.07348768 
711 640 24 30 0.068049975 
360 494 28 42 0.068034224 
303 541 27 35 0.04745785 
118 466 30 38 0.043898493 
790 8 188 279 0.043384865 
286 494 37 44 0.042833492 
361 557 31 40 0.041519314 
248 583 24 34 0.04037122 
716 770 29 51 0.036708623 
224 535 24 33 0.033299014 
459 381 29 34 0.033236627 
165 333 22 31 0.033102594 
5 453 44 69 0.031580362 
599 402 23 30 0.03102988 
514 567 61 92 0.030235523 
426 429 29 40 0.030102173 
404 591 40 45 0.029920867 
76 588 34 34 0.029449508 
291 477 17 23 0.028521834 
730 478 16 21 0.028027598 
655 490 33 41 0.025469545 
133 29 14 17 0.023911525 
602 1043 20 29 0.023783306 
146 604 14 20 0.02022163 
123 497 27 33 0.020145837 
