10_People_Marching_People_Marching_2_277
165
620 187 30 39 0.99768853 
43 189 54 70 0.99746084 
368 183 27 34 0.9960884 
837 184 26 32 0.9943052 
754 189 26 32 0.9921021 
257 167 23 28 0.9907417 
912 183 23 27 0.9869076 
328 177 22 28 0.97836226 
415 177 33 40 0.97831535 
558 178 11 14 0.971283 
670 190 23 29 0.9661836 
971 191 19 21 0.9595811 
505 196 22 26 0.94072086 
939 184 15 19 0.9368349 
471 180 13 17 0.9306885 
870 192 16 19 0.9104932 
228 171 20 25 0.9038552 
816 186 20 26 0.8657351 
793 190 18 21 0.86543804 
1010 185 13 18 0.8526734 
732 191 17 21 0.8271457 
496 172 12 16 0.78604585 
601 184 17 20 0.5472296 
580 211 11 13 0.509226 
575 159 10 12 0.45758253 
994 192 14 18 0.4167823 
710 187 13 16 0.40606666 
492 205 10 15 0.31417808 
395 174 18 22 0.3073526 
959 175 11 14 0.30700114 
556 212 12 14 0.28737968 
23 172 10 13 0.2753406 
4 197 23 30 0.25262055 
573 181 11 16 0.17674468 
451 165 14 18 0.17131774 
543 175 10 14 0.16410555 
28 202 30 44 0.13955374 
21 201 12 17 0.13631314 
892 197 12 17 0.12560491 
171 180 13 18 0.12067307 
512 215 18 20 0.12044178 
1001 220 15 18 0.11825269 
487 232 17 18 0.11233545 
126 96 10 12 0.09568075 
17 173 12 14 0.08349734 
134 153 12 15 0.08102596 
31 204 10 13 0.07652296 
592 151 11 14 0.075994596 
166 196 11 14 0.07376984 
568 188 11 14 0.07221464 
310 188 13 17 0.06903026 
717 190 13 19 0.068105206 
127 135 7 9 0.06699763 
703 202 13 17 0.066679515 
213 177 14 19 0.06284752 
412 169 26 32 0.061255194 
166 186 13 20 0.057301573 
828 187 14 20 0.056406833 
313 192 15 18 0.052856773 
417 208 18 23 0.051761054 
168 174 13 16 0.051558424 
705 187 11 15 0.05006033 
854 212 15 19 0.049946122 
192 196 9 11 0.049832545 
172 189 13 20 0.049772456 
464 178 14 20 0.049688835 
317 183 20 27 0.04921109 
552 218 12 16 0.048628967 
490 174 10 14 0.04835575 
166 203 12 13 0.048255768 
924 251 13 16 0.047238957 
139 151 11 14 0.046973452 
11 201 25 34 0.046877436 
134 485 14 16 0.046192046 
592 182 11 14 0.04465521 
431 181 25 31 0.042242017 
598 154 10 13 0.042165846 
0 151 8 13 0.041255556 
569 196 10 14 0.04123422 
126 149 13 15 0.040832795 
30 176 11 18 0.04072878 
608 202 12 16 0.040609032 
12 168 23 26 0.040491242 
188 252 28 29 0.04000251 
381 249 29 35 0.03667148 
833 242 18 19 0.036147915 
731 182 15 19 0.03583149 
450 290 26 29 0.03574509 
28 172 10 15 0.035409458 
521 201 15 19 0.035192613 
311 184 10 13 0.034771416 
160 189 12 16 0.03404528 
997 183 10 14 0.03387921 
200 189 11 14 0.033817958 
391 291 25 26 0.03317356 
95 357 36 33 0.032974422 
608 160 9 11 0.0326969 
333 143 9 11 0.032646216 
496 194 20 27 0.03237819 
198 194 10 13 0.03215112 
42 196 29 51 0.032008003 
876 235 14 17 0.031472012 
890 253 12 16 0.031442855 
32 188 10 13 0.031228986 
780 203 14 19 0.0311826 
204 183 12 16 0.030944 
597 176 14 18 0.030758876 
0 200 16 22 0.030240957 
531 286 24 24 0.030187495 
134 193 14 18 0.030028436 
451 187 13 18 0.029679533 
538 174 10 13 0.029584486 
404 209 14 20 0.029290749 
524 216 14 18 0.029062394 
221 173 18 24 0.02889587 
440 175 24 31 0.027730819 
98 272 58 74 0.027529083 
475 211 13 17 0.027475202 
461 172 13 20 0.027390003 
551 164 10 13 0.027360559 
533 509 11 12 0.027325163 
668 311 15 20 0.027218644 
782 195 15 19 0.027021272 
150 178 11 14 0.026666006 
516 179 13 14 0.026356138 
36 205 12 17 0.02604073 
988 215 21 26 0.025913993 
613 163 10 12 0.02591357 
29 167 8 11 0.025721788 
1 268 7 15 0.025472322 
570 158 8 11 0.025340956 
183 194 10 14 0.025244385 
577 207 11 14 0.025216278 
23 169 22 31 0.025154777 
472 103 10 13 0.02474832 
864 193 15 19 0.02473425 
790 239 23 27 0.024620498 
741 198 13 19 0.024522062 
512 166 8 11 0.024493242 
517 222 16 19 0.024439458 
178 188 12 17 0.024396371 
37 173 11 14 0.024190485 
518 174 11 12 0.023660015 
693 178 14 22 0.023527844 
551 374 9 10 0.023494631 
715 184 13 18 0.023342866 
138 229 31 35 0.022674056 
550 174 11 15 0.022384608 
197 265 16 17 0.022233602 
92 481 15 17 0.022145875 
485 197 12 16 0.022096891 
127 130 7 9 0.02197795 
40 167 9 10 0.02181717 
128 147 20 24 0.02169906 
37 198 11 17 0.021570696 
553 159 9 10 0.021513596 
391 182 23 31 0.021423722 
611 185 14 19 0.021237645 
8 172 11 14 0.020877589 
151 157 10 13 0.020827115 
160 165 9 12 0.020627419 
343 142 9 11 0.020626236 
157 181 11 14 0.02056992 
485 180 11 15 0.02051481 
137 399 46 32 0.02051008 
