10_People_Marching_People_Marching_2_395
65
578 183 33 40 0.99685305 
218 162 33 42 0.99447966 
955 179 32 37 0.9930964 
744 216 25 31 0.9862071 
831 213 24 30 0.98474485 
929 147 22 29 0.9292853 
154 180 26 32 0.8875074 
516 195 29 39 0.88371414 
464 182 31 33 0.8739897 
5 228 25 32 0.86832446 
301 343 15 20 0.8446111 
64 226 23 28 0.7926157 
666 218 18 21 0.73006105 
324 230 32 35 0.6741196 
395 212 38 40 0.47230288 
666 165 22 29 0.40698427 
148 189 23 28 0.394565 
1 218 37 56 0.28822538 
137 192 23 26 0.2832084 
416 217 27 30 0.28149855 
670 212 27 31 0.1728039 
115 191 24 29 0.13982978 
98 202 18 22 0.124650046 
103 195 26 31 0.12043343 
517 212 17 23 0.11077349 
35 200 22 26 0.09898573 
9 257 25 31 0.094447866 
93 174 13 14 0.08435023 
321 232 19 24 0.081966005 
491 211 25 29 0.06998779 
1004 349 10 13 0.063052475 
761 223 30 35 0.060754716 
0 234 11 19 0.059420493 
88 174 28 37 0.056314737 
157 171 17 25 0.05630104 
578 3 59 61 0.05035908 
946 232 16 20 0.0497877 
811 195 24 29 0.042203788 
914 241 19 20 0.042096883 
341 237 48 56 0.03360937 
477 195 32 39 0.03348463 
159 187 30 35 0.031476445 
317 238 17 23 0.029727083 
432 219 19 25 0.028669994 
56 215 38 44 0.028296607 
644 291 23 31 0.028270986 
30 202 16 20 0.028059563 
657 155 37 51 0.027092796 
37 190 15 19 0.026998078 
978 218 18 21 0.02695388 
1009 214 14 24 0.026839895 
823 123 24 27 0.02634356 
822 206 25 31 0.025955055 
117 239 25 30 0.022579767 
94 208 26 33 0.022512317 
23 201 28 33 0.022094727 
1008 391 10 16 0.021805782 
680 218 30 37 0.021695253 
380 217 45 55 0.021653447 
322 236 47 53 0.021643635 
768 207 19 24 0.021603117 
138 206 16 21 0.020918932 
42 243 16 20 0.020554343 
170 456 10 12 0.020089427 
284 265 12 15 0.020074049 
