10_People_Marching_People_Marching_10_People_Marching_People_Marching_10_499
53
578 359 32 35 0.7909844 
375 243 28 31 0.7891858 
432 272 32 32 0.7244819 
559 283 25 29 0.6357322 
644 74 17 24 0.54852283 
497 271 21 30 0.31397608 
739 78 25 32 0.26359865 
613 348 31 33 0.19599357 
549 26 17 23 0.18523401 
478 308 27 30 0.18190193 
547 285 32 39 0.16273719 
491 365 33 32 0.14323264 
537 24 26 31 0.12272964 
541 301 31 40 0.08124377 
503 267 29 38 0.07676809 
587 68 28 32 0.07617835 
430 315 29 31 0.071411006 
801 108 45 53 0.06413225 
529 278 43 53 0.064031795 
371 168 14 17 0.062707655 
341 134 44 60 0.05263973 
451 275 17 22 0.051537376 
754 82 16 24 0.050999243 
378 213 42 62 0.044580206 
502 354 31 36 0.04248177 
539 0 19 14 0.039997455 
896 31 43 53 0.038133983 
729 41 35 40 0.038055055 
600 67 24 28 0.03739904 
449 361 26 28 0.035953697 
508 262 44 60 0.034905504 
793 176 28 32 0.034874123 
892 7 29 35 0.03432597 
394 210 36 40 0.031580113 
565 1 18 19 0.031569865 
711 27 43 53 0.031214997 
791 116 35 47 0.030966226 
917 72 57 66 0.029546343 
535 1 28 23 0.027056437 
896 15 38 43 0.026745787 
588 145 13 16 0.02658278 
579 67 15 20 0.026552467 
367 206 34 49 0.025890555 
704 31 31 41 0.025681945 
513 272 17 24 0.024778249 
731 60 44 53 0.024726415 
641 179 13 15 0.024675135 
670 424 29 29 0.024560193 
508 256 17 25 0.024370952 
476 365 30 31 0.022670342 
792 9 27 27 0.022446984 
621 415 42 73 0.02061458 
386 299 18 17 0.020557242 
