10_People_Marching_People_Marching_2_269
427
769 237 26 35 0.9988966 
67 219 11 15 0.8205061 
655 192 9 11 0.6917402 
6 222 9 10 0.49587443 
246 206 10 13 0.49279553 
941 179 9 12 0.42491633 
693 183 9 10 0.3791506 
725 199 10 12 0.3750337 
254 252 10 11 0.36001787 
918 174 9 11 0.3300059 
200 222 9 11 0.31787315 
748 191 10 13 0.25075448 
479 205 8 11 0.24454841 
173 236 9 12 0.23824692 
669 285 12 15 0.22956955 
158 224 9 12 0.2291986 
790 224 12 14 0.21898153 
965 186 12 17 0.21787232 
775 190 8 10 0.21159168 
192 222 8 11 0.19624773 
887 176 8 10 0.18935183 
705 224 9 11 0.18212287 
762 180 9 11 0.17530744 
697 198 8 11 0.17232619 
672 191 7 9 0.171078 
672 198 9 12 0.15839806 
723 182 8 10 0.1554113 
858 176 9 10 0.1547478 
712 191 7 9 0.15473239 
743 228 11 16 0.1489862 
927 184 10 13 0.14104268 
615 192 8 9 0.13930549 
399 200 8 9 0.13297363 
101 184 8 12 0.13252345 
58 214 9 12 0.13227615 
847 189 8 10 0.13106331 
682 193 7 9 0.122256756 
653 220 15 21 0.11914094 
549 222 8 11 0.116571225 
152 228 9 12 0.11607457 
5 233 12 16 0.11493345 
96 199 9 11 0.11198936 
510 205 9 11 0.104531445 
109 214 8 10 0.10410516 
887 196 9 12 0.101204805 
824 182 8 9 0.09969184 
137 252 10 14 0.09807019 
710 263 12 14 0.096036874 
873 201 8 10 0.09548051 
337 198 9 11 0.094650194 
505 200 8 10 0.092237554 
687 197 8 11 0.088626005 
62 216 12 15 0.08698278 
601 198 8 10 0.08661539 
230 228 9 11 0.08580558 
874 175 7 9 0.08543454 
725 158 9 11 0.08522209 
808 182 7 10 0.08482518 
141 221 8 11 0.078708105 
73 236 11 14 0.0771394 
142 230 10 13 0.07705515 
88 267 13 17 0.07680673 
967 175 9 11 0.07662206 
793 182 7 8 0.076391526 
841 214 9 11 0.07612856 
769 163 9 11 0.07535362 
862 180 8 11 0.0753111 
186 223 8 10 0.07519321 
236 304 11 15 0.075192615 
535 224 9 12 0.074890636 
931 156 12 14 0.07426934 
123 237 11 13 0.07424825 
670 185 7 9 0.07414034 
687 207 8 10 0.07373574 
142 217 8 10 0.073580064 
511 201 7 9 0.073305614 
679 197 8 10 0.07304512 
665 190 8 10 0.07292832 
701 199 8 10 0.07200833 
0 214 10 13 0.071160935 
521 199 8 10 0.07090279 
259 268 14 15 0.07042026 
475 207 8 10 0.07035089 
537 198 7 9 0.06939428 
265 198 9 11 0.06872187 
880 176 8 10 0.06839973 
82 206 9 11 0.067824274 
488 200 8 10 0.06740351 
744 182 8 9 0.06720528 
603 194 7 8 0.067150034 
608 193 7 9 0.06700613 
251 206 10 13 0.06639209 
687 192 8 10 0.065971844 
495 204 8 11 0.064849444 
226 206 7 10 0.063662484 
126 253 8 11 0.06363939 
983 186 9 12 0.06352514 
330 207 7 9 0.06336645 
799 183 8 9 0.06284547 
714 199 7 10 0.06283625 
103 206 8 11 0.06255646 
487 204 8 11 0.062219597 
544 197 8 11 0.06171299 
432 198 7 9 0.061660416 
666 185 7 9 0.061641794 
383 207 8 10 0.061215393 
320 214 7 8 0.061192796 
526 198 7 10 0.060676247 
808 206 9 10 0.060434144 
872 169 7 9 0.06016402 
937 176 9 11 0.059432782 
952 179 9 12 0.05889759 
895 176 8 10 0.058453213 
473 215 7 10 0.057932343 
654 214 11 14 0.057281245 
223 201 8 10 0.05700508 
231 208 8 11 0.056318395 
379 207 7 10 0.056241862 
305 206 7 9 0.05575241 
242 210 9 13 0.054838274 
841 175 8 9 0.054714993 
103 229 9 13 0.054622345 
94 244 9 12 0.054197077 
776 185 8 10 0.053473942 
97 188 9 11 0.053294674 
927 173 8 11 0.05290897 
728 190 8 11 0.05268286 
784 191 8 11 0.052558135 
280 207 9 10 0.052503217 
847 174 8 10 0.05140712 
809 192 7 9 0.05082309 
97 239 8 12 0.050689988 
706 190 8 10 0.050417263 
720 190 9 11 0.0500138 
313 207 6 9 0.049890146 
0 204 12 17 0.049121276 
799 190 8 11 0.048646253 
951 239 14 15 0.0485831 
12 269 16 20 0.0484628 
138 229 10 13 0.048243 
785 183 7 9 0.048185565 
715 260 12 15 0.047978874 
207 229 10 12 0.047259804 
90 198 7 10 0.04694049 
167 196 8 10 0.04678948 
614 197 9 11 0.04640212 
495 191 7 8 0.046149522 
727 285 15 17 0.04605032 
45 223 10 12 0.045605343 
741 222 10 15 0.045463443 
237 292 15 22 0.04486566 
320 209 6 8 0.044603996 
943 238 11 14 0.04366507 
833 181 8 10 0.043583747 
667 262 11 15 0.04356029 
122 231 8 11 0.04336821 
11 233 13 16 0.043294698 
960 174 9 11 0.04279639 
664 207 8 10 0.04265472 
812 216 10 11 0.042627815 
120 193 8 10 0.042226903 
576 213 9 12 0.042023145 
750 181 8 10 0.04192139 
577 208 8 10 0.041831713 
915 155 10 13 0.041661922 
809 219 11 14 0.04100663 
226 224 8 11 0.04095035 
760 206 8 10 0.04091362 
28 223 10 12 0.04087489 
738 177 8 10 0.040708315 
959 179 9 14 0.0406605 
98 203 9 12 0.040528074 
212 235 11 13 0.040469464 
706 185 7 9 0.040423367 
946 165 8 11 0.03998951 
226 213 8 10 0.039904866 
552 198 7 10 0.039203662 
889 180 7 10 0.03900515 
265 192 8 11 0.038572725 
793 191 9 11 0.038460545 
651 192 7 10 0.03830328 
432 193 8 9 0.038053546 
102 224 9 11 0.037580222 
973 181 10 13 0.037579063 
327 214 7 9 0.0372567 
560 198 8 10 0.03722184 
932 164 10 12 0.037102975 
764 176 10 12 0.036815584 
536 192 8 10 0.03643317 
639 190 8 10 0.0362964 
617 270 8 11 0.036200166 
264 223 9 11 0.036132887 
439 214 7 9 0.03598744 
903 188 7 10 0.035955478 
189 294 12 15 0.035843585 
809 200 8 11 0.035728723 
963 309 13 17 0.035624962 
103 167 8 9 0.0356036 
695 215 8 10 0.035469037 
371 255 17 18 0.03538094 
808 178 8 9 0.035338275 
711 175 8 9 0.03513133 
586 185 7 9 0.03513003 
896 183 8 9 0.03493644 
817 177 7 9 0.034865025 
192 216 7 10 0.0347596 
397 377 9 11 0.034514863 
208 209 8 9 0.034506094 
113 198 8 10 0.034388334 
697 239 15 19 0.034358785 
960 197 10 15 0.034223523 
422 233 9 11 0.03409496 
818 182 7 9 0.033923537 
167 223 8 11 0.03392329 
886 166 9 11 0.03383646 
252 199 9 11 0.03375633 
584 231 11 14 0.033688657 
343 193 7 9 0.033541802 
466 221 8 11 0.03343064 
704 206 8 10 0.033428695 
13 214 11 13 0.033422522 
417 232 8 11 0.03301568 
606 196 8 11 0.0328494 
632 192 8 10 0.032726422 
37 230 12 14 0.032536734 
186 217 7 9 0.032174125 
0 249 9 16 0.031954933 
89 221 9 12 0.031718347 
199 318 11 15 0.03170735 
548 239 9 11 0.031561445 
729 121 233 355 0.0313688 
698 165 8 10 0.031241588 
90 247 9 12 0.031222392 
961 168 8 10 0.031186389 
239 221 11 13 0.031071812 
880 181 8 10 0.030959904 
792 196 8 11 0.030952241 
568 183 7 10 0.030790886 
527 193 8 10 0.030693373 
621 260 11 16 0.030691985 
286 206 8 11 0.030558242 
945 158 9 11 0.030477371 
815 192 8 11 0.030383153 
569 192 7 9 0.030375022 
712 204 8 11 0.03036518 
594 205 7 10 0.030182669 
624 191 8 9 0.030111378 
489 260 7 9 0.030007 
102 235 9 12 0.029966777 
742 309 15 17 0.029940028 
725 164 9 10 0.029921664 
254 211 9 12 0.029921206 
975 168 8 10 0.029748801 
86 212 9 12 0.029677091 
949 133 11 14 0.02949491 
95 222 8 11 0.029462455 
570 197 7 10 0.029413516 
478 212 8 11 0.02939354 
126 246 9 12 0.02936312 
192 227 8 11 0.029322075 
587 189 8 10 0.029312456 
470 236 10 12 0.029173082 
111 181 8 11 0.0291211 
528 216 8 11 0.029112354 
784 206 8 10 0.029072931 
784 197 8 11 0.028990712 
154 207 8 10 0.028941583 
615 205 9 10 0.02887559 
81 180 9 12 0.028766315 
107 230 11 13 0.028748875 
156 260 11 14 0.028703988 
176 222 8 10 0.028571151 
823 178 8 9 0.028513188 
543 192 8 10 0.028330503 
879 197 8 10 0.028301982 
71 300 14 17 0.028073603 
41 160 9 12 0.027739286 
973 174 9 11 0.027674511 
0 230 10 13 0.02758376 
562 237 9 13 0.027396683 
1014 187 9 16 0.027347231 
142 248 9 12 0.027343027 
740 157 9 11 0.027337922 
458 201 7 9 0.02728633 
312 244 8 10 0.027281148 
965 294 11 14 0.027277533 
815 197 8 11 0.027237386 
279 198 9 11 0.027231378 
930 186 11 14 0.027143534 
94 175 8 9 0.027064119 
391 206 8 10 0.027007872 
92 263 11 16 0.026958473 
666 148 8 10 0.026944524 
619 267 11 13 0.026898628 
32 214 9 11 0.02676974 
205 215 10 11 0.026765566 
275 215 7 9 0.026729286 
504 192 7 9 0.026678745 
710 185 7 9 0.026670584 
82 175 8 11 0.026654907 
574 199 7 10 0.026650567 
925 102 10 12 0.02664869 
593 222 8 10 0.026595188 
504 216 7 10 0.026542105 
335 205 8 10 0.0265389 
524 204 9 11 0.026513003 
176 216 7 10 0.026490992 
640 186 8 9 0.026463881 
723 178 7 9 0.02638288 
599 203 8 11 0.02635687 
921 180 8 12 0.026302448 
1013 196 10 15 0.026298614 
857 170 8 9 0.026080638 
841 191 8 10 0.025973637 
462 202 7 8 0.025751598 
689 212 7 11 0.025530064 
45 165 9 11 0.025499893 
200 216 9 12 0.025342083 
967 167 9 11 0.025309857 
738 151 8 11 0.025234392 
279 213 8 10 0.02520676 
409 229 8 11 0.025145127 
535 214 9 11 0.025131233 
86 175 8 10 0.025068494 
470 220 9 11 0.024947394 
703 261 13 16 0.024889324 
521 193 8 10 0.024841765 
384 211 9 12 0.02482002 
696 222 9 12 0.024675602 
726 177 7 9 0.024641162 
642 198 8 12 0.024613315 
415 255 10 12 0.024519045 
533 278 11 12 0.024399731 
359 208 7 9 0.024295097 
496 235 11 13 0.02426366 
683 206 7 10 0.02421898 
758 200 8 10 0.024176782 
561 192 7 9 0.024161192 
719 256 11 15 0.02413464 
926 196 11 15 0.024117563 
710 226 10 13 0.024079828 
889 144 9 12 0.02405241 
600 243 11 14 0.023864323 
150 235 11 14 0.02385633 
442 184 7 9 0.023774656 
527 228 10 12 0.023730885 
645 224 15 18 0.0237193 
865 168 7 9 0.023671921 
742 177 8 11 0.023594428 
511 212 8 12 0.023588143 
423 221 9 10 0.023554454 
838 198 9 10 0.02354293 
537 207 9 11 0.023537965 
694 190 8 10 0.023419052 
566 174 9 10 0.023368133 
100 201 9 10 0.023358721 
687 259 10 14 0.023343781 
575 278 9 11 0.023334028 
638 221 12 16 0.023328248 
743 208 8 10 0.023245748 
269 222 8 10 0.02319807 
315 214 6 9 0.023157088 
582 214 8 11 0.023138834 
726 216 10 11 0.023066808 
251 192 8 9 0.023051811 
565 243 10 13 0.022988452 
873 181 8 10 0.022974243 
574 272 9 12 0.02294575 
543 228 9 12 0.02275344 
78 233 9 12 0.02263823 
240 200 7 9 0.022612257 
12 205 13 16 0.022508001 
169 230 8 11 0.02241337 
589 185 8 9 0.022322165 
30 227 11 14 0.022303969 
159 214 9 10 0.022261549 
895 189 8 10 0.022256544 
458 206 7 9 0.022218978 
425 199 8 9 0.022201637 
839 182 8 10 0.022150792 
622 231 11 14 0.022063347 
791 217 9 10 0.022002745 
775 195 9 12 0.02194453 
1001 204 11 14 0.021944098 
561 244 11 15 0.021925349 
431 221 9 11 0.02190417 
697 205 8 11 0.021898666 
650 213 10 13 0.021881314 
3 199 14 19 0.02181758 
816 167 9 10 0.021708215 
297 206 7 9 0.02167136 
543 206 8 10 0.021587353 
737 229 10 14 0.021540834 
261 216 9 11 0.021510018 
0 286 9 15 0.02149342 
127 212 8 11 0.021445775 
823 223 8 11 0.02142727 
745 216 8 11 0.021398095 
904 168 8 10 0.021312576 
795 223 10 12 0.02128891 
704 215 9 11 0.021153895 
489 214 8 11 0.021150678 
698 227 8 12 0.02114136 
0 270 8 14 0.021131106 
730 199 10 12 0.021130282 
593 201 7 9 0.021040253 
466 216 7 10 0.0209123 
99 229 8 11 0.020871185 
70 224 11 15 0.020858958 
56 218 10 13 0.020789366 
944 152 9 11 0.020720968 
561 183 8 10 0.020715889 
935 119 28 33 0.02070585 
520 223 8 10 0.020696053 
237 227 10 13 0.020681752 
524 259 11 14 0.02065682 
95 216 8 10 0.020617725 
409 200 7 10 0.020456664 
502 222 9 10 0.02044037 
347 214 7 10 0.02036722 
606 203 9 12 0.020277858 
183 238 10 12 0.02025242 
373 249 11 12 0.020243812 
248 201 10 12 0.020179162 
287 221 8 10 0.020157654 
959 203 9 11 0.020107357 
472 265 11 13 0.020043869 
