10_People_Marching_People_Marching_10_People_Marching_People_Marching_10_524
28
585 167 65 74 0.99629873 
838 138 56 67 0.990918 
69 144 66 76 0.98908013 
282 211 41 45 0.8947064 
505 86 59 73 0.3102276 
148 188 32 44 0.2712226 
471 81 82 110 0.07832401 
897 158 49 53 0.07581841 
213 227 47 58 0.060776018 
159 194 43 58 0.059809253 
41 223 34 39 0.059777703 
501 247 17 23 0.057480954 
502 75 34 41 0.05423214 
354 228 24 30 0.0534416 
872 150 56 60 0.05235913 
397 235 22 28 0.04548076 
699 85 31 44 0.045160178 
336 171 50 57 0.036582362 
890 198 50 66 0.029402127 
1011 166 12 22 0.027682332 
676 214 48 60 0.025758944 
706 197 58 71 0.02522444 
506 59 55 54 0.024823898 
110 159 50 64 0.024602033 
90 91 56 68 0.024497693 
306 217 27 39 0.022143805 
528 82 42 54 0.021683855 
161 192 19 26 0.020883992 
