10_People_Marching_People_Marching_2_171
195
114 125 22 29 0.9937179 
347 114 18 22 0.99239784 
307 358 22 27 0.9920934 
976 265 23 29 0.9912437 
455 77 23 29 0.9909281 
305 436 24 29 0.9900227 
324 298 18 24 0.98882735 
215 433 23 27 0.98642635 
419 492 21 30 0.98523176 
453 532 20 29 0.9849878 
266 492 20 28 0.9806085 
32 433 22 26 0.97873265 
607 385 22 30 0.9763634 
722 345 23 28 0.97628266 
672 91 21 27 0.97305244 
13 632 21 26 0.9725558 
572 73 19 24 0.97197604 
840 99 20 29 0.9717335 
194 305 17 23 0.97079283 
747 275 20 27 0.97067505 
248 105 17 22 0.9699368 
200 364 20 26 0.96960527 
906 335 24 29 0.9692295 
440 427 23 27 0.9620645 
468 355 20 24 0.9612821 
5 144 19 22 0.9597378 
392 358 18 22 0.9564062 
64 362 22 26 0.9515303 
561 580 19 27 0.9509319 
125 440 23 29 0.94480795 
223 584 15 25 0.9297451 
342 619 16 25 0.9202514 
552 353 22 27 0.9128518 
253 434 14 18 0.91243964 
102 545 19 24 0.88624984 
768 73 20 28 0.8778981 
584 367 19 23 0.84696627 
565 427 20 25 0.8458194 
99 658 19 26 0.8150908 
482 436 21 28 0.63766444 
665 370 19 28 0.6122847 
442 294 14 17 0.5995023 
19 176 24 30 0.45867452 
339 377 18 22 0.45605677 
790 114 17 24 0.45291513 
828 397 29 35 0.4430822 
430 651 22 29 0.3932867 
194 458 16 23 0.31855828 
590 254 18 22 0.28334072 
717 319 16 24 0.28328222 
360 284 22 31 0.2576303 
743 96 12 17 0.22284819 
283 376 17 20 0.22065595 
163 326 16 19 0.18774955 
416 331 12 15 0.18417975 
183 307 10 16 0.18095982 
0 614 18 23 0.18025427 
380 508 16 19 0.17396419 
163 435 13 17 0.16196889 
634 384 17 26 0.15462983 
471 329 14 17 0.14683537 
228 160 13 19 0.14233494 
688 160 27 33 0.1370001 
173 310 9 14 0.13323039 
121 581 21 32 0.11895343 
540 602 15 18 0.11088653 
0 467 8 16 0.10931429 
272 270 12 17 0.107368946 
325 402 17 23 0.10554418 
379 363 14 21 0.10272708 
220 326 14 16 0.10242672 
267 184 19 20 0.09473211 
499 372 15 22 0.094648436 
421 156 10 14 0.090223834 
838 264 23 34 0.08889615 
460 297 11 15 0.088696204 
333 479 19 22 0.08727287 
815 305 23 26 0.086584136 
571 277 13 17 0.08577342 
1005 277 17 25 0.08556951 
417 308 11 14 0.08415163 
7 453 14 18 0.07804703 
153 168 26 29 0.076283075 
220 307 12 14 0.07464453 
424 370 13 16 0.07428857 
658 346 23 28 0.07215385 
545 161 23 28 0.07106311 
0 528 13 19 0.06953446 
593 396 18 23 0.06932057 
186 521 23 27 0.06876797 
550 333 11 14 0.06833164 
418 540 22 34 0.06790574 
466 441 22 27 0.06628014 
673 371 17 22 0.06519007 
238 445 14 18 0.06489822 
572 290 13 16 0.06337417 
568 283 13 19 0.05673709 
653 335 15 20 0.055353023 
444 302 13 17 0.054796237 
684 369 14 21 0.05458131 
450 362 16 20 0.05431995 
459 341 15 16 0.05380787 
553 463 22 29 0.053535964 
364 480 16 19 0.053057265 
548 338 13 17 0.051832017 
440 650 17 25 0.051294457 
74 477 10 12 0.049657315 
795 283 14 17 0.049379006 
339 443 17 20 0.049101036 
403 490 15 19 0.048532553 
740 429 21 29 0.048231248 
470 160 24 29 0.04795231 
789 256 24 31 0.047886703 
770 297 16 22 0.046462346 
613 579 16 24 0.044384543 
364 277 17 22 0.04287637 
578 283 14 17 0.042642586 
459 471 23 29 0.04165488 
50 456 14 17 0.041204665 
540 345 14 19 0.041071907 
535 625 20 33 0.040850166 
490 438 26 27 0.040595844 
583 394 22 25 0.039951786 
896 315 42 48 0.03922285 
340 344 15 20 0.03876195 
167 669 21 19 0.038466897 
891 332 22 31 0.037465174 
766 65 16 25 0.037345845 
0 131 12 18 0.0369559 
553 326 11 15 0.035814915 
810 376 22 31 0.035803925 
15 469 13 16 0.034391865 
623 382 21 30 0.033416208 
521 363 16 19 0.032968935 
174 303 9 12 0.032915894 
636 355 18 24 0.03279815 
213 551 17 23 0.032624673 
311 297 12 17 0.03251882 
505 410 18 21 0.032259885 
639 312 15 19 0.03172287 
804 150 24 31 0.03158592 
676 165 26 32 0.03133204 
183 378 13 16 0.03070407 
637 325 14 20 0.03060629 
6 563 16 20 0.03020226 
397 331 15 18 0.029903565 
154 485 16 21 0.029062955 
71 565 21 29 0.028625485 
1 228 17 26 0.028034963 
652 349 18 25 0.02738205 
948 342 25 29 0.027251892 
0 642 11 19 0.02686256 
821 391 26 33 0.02670398 
541 355 13 19 0.026437644 
304 525 21 29 0.026265 
596 450 18 20 0.026264543 
503 362 22 29 0.026126668 
606 603 12 18 0.02568007 
293 442 13 19 0.025047194 
540 360 22 27 0.025025778 
997 348 24 31 0.02500518 
506 377 16 21 0.024895666 
354 654 21 29 0.02480189 
94 484 16 19 0.024412062 
405 534 26 35 0.023770893 
522 507 14 16 0.02371904 
259 589 14 24 0.023645794 
209 606 20 27 0.02345261 
964 347 14 19 0.023276132 
589 357 25 29 0.023014175 
373 368 14 19 0.02299383 
550 349 16 21 0.022970032 
842 401 29 33 0.022955623 
467 662 22 27 0.022745093 
150 345 12 15 0.02273162 
460 345 20 25 0.022652946 
221 665 24 24 0.022514079 
671 268 29 39 0.022433268 
545 334 10 12 0.022259979 
605 579 14 21 0.022086682 
0 664 20 23 0.021876862 
418 446 22 25 0.021495366 
675 289 16 21 0.02146718 
187 374 13 18 0.021268087 
654 374 23 29 0.02124815 
560 309 10 14 0.021023965 
998 328 25 35 0.020666227 
500 400 20 26 0.020491922 
641 379 22 29 0.020423064 
96 588 19 25 0.020328108 
167 314 13 15 0.020262944 
388 674 16 14 0.02015816 
20 611 18 19 0.02006287 
170 429 12 15 0.02002883 
154 461 15 19 0.020001756 
