10_People_Marching_People_Marching_2_898
56
675 594 56 66 0.9964007 
511 715 48 60 0.9869826 
262 809 46 55 0.97534966 
797 652 32 38 0.7798918 
446 785 31 38 0.5048205 
379 681 22 31 0.2879485 
243 682 15 18 0.14664444 
285 645 10 14 0.13681455 
916 586 15 17 0.13668132 
445 701 13 18 0.13255098 
326 724 20 22 0.12894565 
323 612 13 16 0.07982879 
378 770 32 34 0.068108164 
326 647 12 17 0.066570655 
931 566 12 15 0.057881672 
376 652 15 19 0.05758501 
387 673 16 21 0.05395589 
341 674 15 19 0.05323429 
799 551 24 26 0.05206481 
869 582 16 23 0.046782594 
925 564 12 16 0.041379876 
915 508 13 17 0.03789761 
358 692 13 16 0.037889 
283 666 14 19 0.037480082 
545 659 25 32 0.037086282 
377 777 41 48 0.03532308 
931 543 11 13 0.034876503 
386 605 10 12 0.034577653 
701 541 11 14 0.0325021 
879 643 48 55 0.03228302 
329 715 18 22 0.031925727 
516 645 12 14 0.02821181 
307 872 31 27 0.028119687 
301 677 16 22 0.027961282 
911 583 14 17 0.027573058 
363 619 11 14 0.027486466 
475 665 13 15 0.0270934 
339 773 23 33 0.026707083 
585 631 23 26 0.026226241 
767 676 27 41 0.025536114 
254 648 16 19 0.024161013 
387 616 14 19 0.02407118 
781 665 42 51 0.02305347 
308 687 15 20 0.022889962 
382 667 16 20 0.022476083 
918 572 14 16 0.022419546 
383 611 14 19 0.022141973 
365 683 26 32 0.021492146 
871 538 14 18 0.021318916 
411 581 12 14 0.02111915 
803 596 17 22 0.021105373 
527 637 9 12 0.020934382 
560 734 28 33 0.020518309 
876 651 31 37 0.020403078 
349 689 21 25 0.02028433 
320 700 27 32 0.020263433 
