10_People_Marching_People_Marching_2_2
368
759 425 31 37 0.9935486 
663 481 29 49 0.9911528 
1002 420 22 31 0.9851777 
658 398 16 24 0.97699684 
488 484 24 41 0.97212505 
950 468 39 58 0.9580917 
962 394 15 23 0.9497801 
792 387 11 14 0.94703245 
630 383 11 15 0.9439299 
903 406 15 24 0.9424373 
293 394 13 17 0.9346305 
659 434 19 32 0.9055451 
338 388 9 12 0.78936744 
827 348 10 13 0.7260523 
942 358 10 13 0.71362793 
252 383 10 12 0.67939174 
163 428 12 17 0.6432325 
312 391 9 13 0.6261842 
110 405 9 11 0.6251612 
720 396 13 19 0.6244928 
358 412 12 15 0.5956486 
38 388 10 15 0.55279326 
815 403 10 13 0.5307784 
760 390 11 13 0.51653886 
910 352 11 13 0.5043835 
520 417 12 17 0.49944636 
574 425 11 17 0.49727088 
85 403 11 17 0.48309457 
975 348 8 11 0.47403327 
540 372 9 12 0.42174438 
994 355 10 13 0.40469435 
815 382 9 12 0.38802296 
557 392 11 14 0.3755922 
763 392 14 17 0.33247906 
913 511 24 41 0.3248906 
268 383 11 13 0.3235904 
621 356 9 11 0.32004365 
878 347 9 12 0.3154968 
538 403 10 12 0.31028026 
719 391 10 14 0.2976165 
365 381 9 11 0.28807658 
199 388 11 13 0.28366557 
749 404 12 16 0.2717857 
592 398 9 12 0.26525113 
406 390 10 12 0.2575687 
495 382 10 12 0.25482225 
233 407 11 15 0.25437307 
857 396 12 17 0.25192758 
362 375 9 11 0.2487733 
267 448 23 41 0.2472225 
240 422 11 15 0.24656337 
589 357 8 10 0.24500565 
438 404 9 12 0.2440124 
394 367 8 10 0.23944491 
406 373 10 12 0.21473518 
584 358 9 11 0.21403094 
577 360 9 11 0.20951648 
53 398 10 12 0.20268798 
636 360 9 11 0.19703121 
223 392 8 11 0.19411856 
733 390 12 14 0.1920131 
519 381 10 13 0.19111368 
725 392 12 15 0.1849981 
522 356 8 11 0.17423302 
7 392 10 12 0.1730631 
326 380 9 11 0.16395237 
560 380 10 13 0.16073051 
433 406 9 12 0.1601381 
46 389 9 13 0.15890959 
328 376 8 10 0.15806453 
425 389 9 11 0.15486239 
590 392 10 12 0.15340504 
96 397 8 10 0.14615385 
300 410 11 14 0.14455755 
152 374 8 9 0.14438483 
285 382 12 13 0.143257 
248 464 24 28 0.14153332 
863 418 13 18 0.14137934 
639 377 9 10 0.14084838 
861 375 11 15 0.13937719 
343 458 14 21 0.13554275 
217 392 8 11 0.13202262 
748 408 16 23 0.12944916 
432 374 9 10 0.12873633 
702 368 9 12 0.12521 
513 382 8 11 0.12315161 
744 404 9 13 0.11949566 
635 379 11 13 0.117580794 
378 374 8 11 0.11390838 
289 376 9 10 0.10936823 
473 375 9 11 0.1081982 
185 375 11 13 0.10740894 
453 464 15 24 0.10383441 
101 394 9 12 0.10355122 
381 376 8 10 0.10201698 
182 390 10 13 0.10098393 
354 390 8 11 0.09835799 
472 381 9 11 0.09832017 
207 374 8 11 0.09671011 
321 381 8 11 0.09367942 
375 367 8 10 0.093662634 
350 397 9 12 0.0935662 
374 393 12 15 0.09343035 
478 374 9 10 0.09332942 
311 443 14 18 0.09286133 
447 374 8 10 0.09252894 
478 398 10 12 0.092160724 
201 395 11 13 0.091982335 
241 383 8 11 0.09094996 
971 373 13 15 0.08981121 
294 374 8 10 0.08660928 
343 421 9 12 0.0856395 
4 406 17 25 0.08455814 
223 484 40 53 0.08312969 
519 396 10 13 0.08208511 
831 416 13 22 0.08187968 
456 374 8 10 0.0808379 
753 414 18 21 0.080664136 
407 382 11 13 0.08033404 
177 390 9 12 0.079946 
457 426 11 18 0.07867868 
914 356 12 14 0.07731432 
266 388 10 13 0.0747212 
574 398 9 13 0.07378253 
201 372 9 11 0.07233901 
565 380 10 12 0.07179405 
528 367 9 13 0.071590595 
830 238 10 11 0.07126577 
321 407 9 13 0.070261724 
441 373 8 11 0.06957862 
2 391 10 13 0.06873846 
398 366 7 10 0.0686637 
95 383 8 11 0.06708478 
97 392 8 10 0.066099316 
583 398 9 12 0.06607016 
189 379 10 12 0.06386678 
613 386 10 13 0.06276127 
519 375 10 12 0.06196032 
264 397 11 13 0.061433967 
367 387 10 12 0.061080657 
566 396 11 15 0.060736097 
473 396 9 13 0.059910804 
643 412 13 15 0.059755888 
429 384 9 10 0.059202153 
188 420 13 17 0.058963895 
623 372 8 11 0.058801025 
661 392 12 16 0.058686115 
645 381 9 12 0.058373846 
524 396 10 12 0.058022402 
407 413 10 13 0.05789197 
815 407 13 19 0.05756585 
221 410 11 14 0.056714714 
596 143 13 15 0.056595825 
345 397 8 13 0.056538828 
906 356 10 12 0.05607693 
554 395 10 14 0.055005662 
676 388 14 18 0.05500489 
383 379 9 12 0.054729376 
279 387 10 14 0.054525223 
91 403 10 16 0.054056127 
392 372 9 13 0.053930167 
208 382 9 11 0.05377511 
874 344 8 11 0.05370004 
857 373 10 14 0.053623177 
326 408 9 12 0.05301715 
463 361 8 10 0.05255186 
512 374 8 12 0.05234481 
113 381 8 10 0.052232638 
341 385 8 10 0.051266916 
445 399 9 12 0.050994363 
552 405 11 16 0.050920423 
335 373 7 10 0.05040307 
413 396 9 12 0.050394047 
441 368 7 10 0.049888592 
335 392 11 16 0.04970354 
414 472 14 20 0.049461428 
525 390 11 13 0.04895768 
518 388 10 13 0.048910324 
635 364 8 11 0.048872296 
167 428 18 20 0.048669077 
985 365 9 12 0.048397966 
315 394 10 13 0.048250403 
120 400 7 10 0.047728676 
855 366 9 12 0.047416523 
90 384 8 10 0.047020324 
576 403 10 14 0.046559434 
46 384 9 11 0.045860767 
313 384 9 11 0.045648467 
561 359 8 10 0.045515623 
523 421 14 19 0.04540757 
341 461 25 37 0.04528238 
142 383 8 10 0.044746943 
762 401 16 17 0.044248678 
359 390 8 10 0.044179756 
577 421 16 20 0.042869 
353 383 8 11 0.04257663 
333 413 10 12 0.042565282 
423 360 7 10 0.042250358 
414 374 9 11 0.042038925 
285 387 13 17 0.041721564 
345 447 20 32 0.041711047 
837 374 11 15 0.04127012 
740 389 9 12 0.04102898 
268 412 14 17 0.04079788 
943 354 10 11 0.040545285 
598 432 12 21 0.040513817 
510 527 28 43 0.04040552 
336 421 11 13 0.040147014 
143 411 9 12 0.040045373 
495 377 9 11 0.03998167 
120 392 8 9 0.039950974 
240 470 26 36 0.03945622 
144 374 7 9 0.03942604 
412 391 9 11 0.0393247 
981 372 10 12 0.039088912 
646 388 9 12 0.038998563 
418 360 7 9 0.038441457 
333 406 10 12 0.03833758 
596 391 10 12 0.038177438 
441 389 10 12 0.03759647 
367 395 12 15 0.037558492 
267 402 14 17 0.037532475 
138 383 7 10 0.037333637 
405 403 10 14 0.036986753 
417 367 8 10 0.036736835 
344 375 8 9 0.036676615 
895 461 22 33 0.036490615 
159 382 9 11 0.036096722 
613 372 9 12 0.03607114 
753 390 9 11 0.036021773 
568 359 7 10 0.03593623 
568 302 10 13 0.0357386 
413 382 9 12 0.035663325 
363 406 12 13 0.035520148 
981 348 10 13 0.035499472 
258 439 17 20 0.034866393 
608 367 9 11 0.034790643 
198 404 10 12 0.034485634 
269 419 14 17 0.03438874 
138 375 8 9 0.034319174 
927 350 9 11 0.03387679 
462 366 8 10 0.033763587 
564 390 11 14 0.033427935 
594 402 12 14 0.03338 
883 349 10 12 0.033145905 
360 397 9 12 0.033124577 
490 367 7 9 0.033000413 
446 382 9 12 0.032896478 
608 381 10 14 0.032777797 
390 378 10 13 0.032449637 
606 359 8 10 0.03231047 
639 404 10 13 0.03226629 
488 389 9 11 0.032185797 
742 407 13 22 0.031933226 
117 403 9 12 0.03184476 
62 405 9 14 0.03175898 
423 273 12 15 0.031599745 
471 390 8 12 0.031371992 
216 412 12 14 0.031018391 
344 416 9 12 0.030950537 
376 380 10 12 0.030792294 
381 391 8 13 0.030440496 
224 383 9 10 0.030308165 
1009 394 14 22 0.030119387 
232 420 13 18 0.030084565 
177 424 21 24 0.02992261 
486 405 11 15 0.02982184 
601 147 14 17 0.029630648 
695 353 8 10 0.029425025 
931 378 12 17 0.029419025 
910 409 18 21 0.029240895 
494 365 8 10 0.029102597 
401 395 12 15 0.028796785 
409 359 7 9 0.02872857 
791 411 14 17 0.02858696 
971 344 8 11 0.028397406 
151 391 9 11 0.028382175 
672 168 17 20 0.028366847 
821 412 14 24 0.028126817 
88 391 8 9 0.027973194 
494 360 8 10 0.02791404 
310 415 10 13 0.02767419 
513 398 9 14 0.027658232 
400 404 11 14 0.027646506 
316 438 11 19 0.027601339 
342 440 14 21 0.027580539 
868 372 12 17 0.027517416 
214 382 8 11 0.027426349 
848 352 8 10 0.027167972 
350 419 11 15 0.02692963 
118 381 9 10 0.026730102 
240 387 8 11 0.026683463 
265 421 9 13 0.026538258 
927 357 8 11 0.026163014 
442 383 8 12 0.026141461 
302 375 8 11 0.025906742 
574 382 8 11 0.025484828 
909 360 13 16 0.025413876 
623 367 9 11 0.025368858 
256 397 9 11 0.025230551 
372 475 24 27 0.02515434 
501 381 9 13 0.02504107 
264 412 10 14 0.024863865 
269 426 15 18 0.024793567 
119 377 8 10 0.024716383 
0 390 19 26 0.024690902 
192 405 10 12 0.024272831 
316 422 9 12 0.024119264 
195 421 13 19 0.02407908 
499 387 10 13 0.024052847 
129 382 7 10 0.024052482 
489 360 9 10 0.02402611 
835 421 15 22 0.024021583 
780 283 10 12 0.0239646 
413 419 11 14 0.023849322 
213 420 15 18 0.023824535 
391 395 10 13 0.023822507 
968 368 10 11 0.023803042 
457 369 8 10 0.023758437 
475 368 7 9 0.023752738 
476 379 11 14 0.02371057 
415 465 22 29 0.023681965 
487 374 8 10 0.023607211 
729 245 43 49 0.023542732 
130 390 8 10 0.02352876 
761 409 18 19 0.023327356 
159 501 23 41 0.023292337 
586 391 8 12 0.023281794 
54 393 9 11 0.023220642 
374 411 12 14 0.022921318 
698 372 10 12 0.022881685 
511 403 10 14 0.02287761 
937 362 10 13 0.022741163 
190 398 10 12 0.022729332 
945 485 27 44 0.022597555 
94 410 11 15 0.022509087 
866 397 14 17 0.022350017 
899 514 29 44 0.022348799 
701 410 14 16 0.022307662 
679 365 8 10 0.022126522 
8 386 9 10 0.022027077 
401 372 9 13 0.022010064 
344 404 9 12 0.021991927 
486 411 12 16 0.021953588 
478 369 8 9 0.021882283 
192 533 29 29 0.0218703 
299 426 15 15 0.02184368 
425 374 7 11 0.021574933 
243 493 19 31 0.021485688 
853 342 8 10 0.02142779 
430 446 12 16 0.021323463 
601 358 8 10 0.021007568 
828 259 14 17 0.020966992 
820 398 12 15 0.020965962 
959 350 9 11 0.020942993 
286 402 13 14 0.020928299 
446 388 9 13 0.020823276 
543 393 8 10 0.02081592 
433 369 8 9 0.020473383 
213 358 10 13 0.020433793 
1 383 9 12 0.02039603 
144 390 8 9 0.020371057 
982 357 11 14 0.020288587 
475 437 17 20 0.02028105 
575 391 9 11 0.020237638 
176 384 7 11 0.020172399 
615 368 8 10 0.020011371 
353 374 7 10 0.020000871 
