10_People_Marching_People_Marching_2_36
157
815 331 30 37 0.99779046 
556 323 32 37 0.9962179 
649 306 26 33 0.995355 
753 317 30 37 0.99530494 
696 305 31 37 0.995097 
502 319 29 39 0.9943709 
427 302 29 34 0.99284303 
305 334 33 40 0.9922983 
949 335 35 42 0.9914643 
466 307 30 37 0.99122226 
257 322 30 36 0.9911238 
11 312 17 19 0.98873156 
852 290 17 20 0.9858622 
189 311 27 34 0.9810713 
223 316 28 36 0.9805962 
382 295 28 32 0.9789834 
154 304 28 37 0.97882426 
32 286 17 22 0.9695581 
594 274 15 19 0.95993465 
114 287 21 30 0.94553745 
1006 293 12 17 0.93771636 
931 296 12 18 0.9344028 
673 272 15 19 0.91083974 
51 410 12 15 0.9062255 
322 289 26 31 0.90008694 
58 237 15 18 0.8440057 
93 310 17 19 0.84326833 
829 292 16 21 0.8390063 
814 293 15 19 0.8103241 
904 304 12 17 0.7801884 
974 297 12 15 0.68538344 
636 291 15 20 0.6647697 
610 303 20 29 0.50875545 
960 279 13 15 0.4588967 
546 284 17 21 0.4173922 
520 285 23 25 0.3771438 
487 226 11 15 0.2871338 
569 290 15 17 0.24439895 
613 326 22 28 0.2398594 
108 411 13 17 0.22856441 
629 293 17 22 0.19883932 
129 294 24 28 0.16235135 
941 328 15 18 0.14741421 
108 239 12 14 0.13633513 
942 289 11 17 0.11244358 
300 276 22 32 0.107398085 
950 302 12 14 0.100666314 
85 228 10 12 0.093439944 
491 228 13 16 0.08631904 
255 234 11 13 0.08555068 
502 275 15 20 0.08155175 
330 406 41 48 0.081316285 
7 245 9 12 0.08092535 
619 300 17 24 0.07223549 
902 263 8 9 0.07219192 
402 322 24 28 0.07085562 
895 301 13 17 0.06417917 
602 297 21 28 0.063924596 
1005 275 11 13 0.06310205 
717 282 16 18 0.06309997 
555 289 15 19 0.06169648 
79 423 9 11 0.061517157 
81 224 9 12 0.059825394 
507 269 15 21 0.05892368 
59 376 12 17 0.055701472 
20 430 11 14 0.054593865 
45 244 9 13 0.052599773 
108 406 23 30 0.04996193 
690 286 19 24 0.049814172 
753 228 18 21 0.049223498 
670 329 24 29 0.048456457 
0 238 7 13 0.04811574 
955 302 11 13 0.045589883 
621 227 16 20 0.045024246 
195 310 38 46 0.044694196 
953 284 11 14 0.043892466 
942 280 9 11 0.04375711 
943 327 22 30 0.042668853 
486 232 14 17 0.042032763 
64 428 9 10 0.04180096 
47 215 9 11 0.04159308 
943 298 11 16 0.04122912 
30 239 9 10 0.040711403 
508 273 24 27 0.0404793 
519 305 28 33 0.039997123 
144 296 25 30 0.039593965 
508 257 14 20 0.037397873 
870 315 10 14 0.037150852 
602 291 16 21 0.03663416 
935 286 13 19 0.036599904 
68 358 10 12 0.036229677 
970 293 12 15 0.036196202 
948 292 12 15 0.03507709 
894 294 12 14 0.034977973 
64 447 9 11 0.03471228 
602 283 15 18 0.0336161 
627 301 16 21 0.033578996 
127 384 25 36 0.033502445 
953 279 10 12 0.033337392 
259 230 12 13 0.03326773 
278 316 26 31 0.032575227 
516 260 13 16 0.03246963 
30 400 14 20 0.031449866 
497 229 15 16 0.030866278 
71 447 9 11 0.03040637 
709 303 29 34 0.029667785 
114 206 106 143 0.029256074 
52 415 13 17 0.028788185 
71 390 12 14 0.028712144 
547 292 17 24 0.028644111 
546 259 14 16 0.028449884 
467 212 11 13 0.028399462 
362 286 19 22 0.028104365 
156 257 14 17 0.028096825 
140 428 12 15 0.026861364 
1014 277 9 13 0.026803384 
497 278 24 30 0.026379991 
588 385 39 49 0.025834091 
957 287 12 15 0.025277128 
98 305 22 26 0.025201721 
96 223 10 13 0.024987085 
309 312 40 48 0.024983833 
54 221 9 11 0.024976837 
72 425 8 10 0.024836302 
300 269 17 21 0.024707967 
170 206 14 16 0.024581844 
48 222 9 11 0.024539243 
132 228 10 13 0.024286598 
502 257 13 17 0.023718499 
117 277 41 45 0.023682777 
331 280 33 39 0.023471272 
15 229 9 10 0.023459367 
12 427 22 26 0.02316065 
493 281 16 18 0.02304959 
245 269 13 18 0.022937652 
691 293 25 32 0.02263558 
269 283 13 15 0.022552906 
1002 271 10 12 0.02243111 
98 161 176 250 0.022402853 
188 258 26 32 0.022381254 
547 267 15 19 0.022373574 
686 202 11 12 0.022073831 
530 279 16 21 0.021996481 
1 404 9 14 0.021863742 
721 300 24 28 0.021774182 
86 241 11 14 0.021705013 
573 220 14 15 0.021687098 
510 246 12 15 0.021607975 
0 323 8 15 0.021582697 
61 198 9 11 0.021559808 
157 216 15 19 0.02099066 
16 224 8 10 0.02089432 
238 273 15 18 0.020783538 
6 405 9 12 0.020744178 
810 301 19 22 0.020730656 
463 220 12 15 0.020347182 
16 246 9 12 0.02027955 
