10_People_Marching_People_Marching_2_430
24
416 172 30 36 0.9978818 
165 164 32 36 0.9964843 
286 129 32 36 0.99541664 
914 251 34 41 0.9932581 
633 202 41 53 0.9919253 
769 202 40 45 0.99139917 
214 158 23 27 0.98346406 
90 146 19 23 0.8094966 
304 184 28 34 0.28860852 
61 125 25 26 0.1430922 
113 187 17 24 0.08585785 
534 164 51 57 0.06969115 
594 226 17 26 0.047377516 
54 134 30 34 0.046291836 
339 198 28 31 0.040368773 
73 163 18 22 0.037977934 
78 154 23 30 0.03705227 
80 182 27 31 0.034017973 
352 170 31 35 0.033619735 
68 137 25 32 0.033093106 
94 185 25 30 0.025178527 
252 212 35 32 0.023116762 
312 177 22 27 0.022199178 
838 276 29 38 0.020998659 
