10_People_Marching_People_Marching_2_498
115
786 542 24 27 0.9940048 
954 545 23 29 0.9849246 
70 146 22 28 0.98429906 
163 422 21 27 0.9837907 
346 420 25 26 0.98329824 
538 440 24 28 0.97823745 
412 585 24 26 0.97702676 
895 418 21 26 0.97039783 
834 275 21 28 0.97026324 
705 0 20 23 0.9685941 
28 15 21 27 0.96600693 
363 30 21 26 0.9555229 
543 4 23 26 0.95394456 
721 420 25 26 0.9367148 
773 134 22 27 0.93579566 
608 130 22 23 0.93158674 
37 614 23 25 0.92643905 
190 29 22 25 0.91802424 
1002 276 20 24 0.9033862 
574 597 19 29 0.8445596 
117 271 16 20 0.81806046 
214 591 26 31 0.72507685 
941 125 22 24 0.7130561 
701 313 13 23 0.42671332 
875 6 23 26 0.3950811 
290 284 25 27 0.31959242 
354 403 13 14 0.24550574 
469 297 23 25 0.22638534 
194 11 14 16 0.19227356 
307 319 23 26 0.181942 
210 603 28 30 0.18123053 
240 139 23 24 0.14225098 
664 281 20 21 0.13931611 
135 468 22 33 0.12255509 
563 40 21 20 0.10701788 
180 444 16 19 0.10443127 
885 86 15 17 0.10421279 
819 577 14 18 0.09497112 
364 12 15 19 0.09381591 
123 306 19 18 0.088305034 
893 48 12 16 0.08335216 
430 135 11 13 0.079583816 
910 65 12 15 0.06835999 
762 40 14 21 0.0639887 
301 14 17 21 0.06380418 
678 316 14 18 0.0631435 
0 459 14 19 0.06127778 
239 67 11 15 0.05818856 
681 316 21 28 0.05800015 
739 465 17 19 0.05612393 
540 673 17 16 0.05600997 
461 290 11 17 0.055359498 
426 145 17 19 0.054704204 
286 266 32 34 0.05031852 
673 73 17 22 0.050163858 
28 491 12 16 0.049304143 
4 168 15 21 0.048153814 
876 99 12 16 0.045793023 
414 565 16 17 0.04536432 
546 464 17 21 0.044765238 
741 453 22 26 0.043200944 
800 177 21 21 0.042541713 
488 327 21 24 0.042096525 
788 522 17 17 0.04182627 
132 270 12 17 0.040854804 
692 316 16 25 0.03970744 
7 492 9 12 0.039003965 
324 314 14 21 0.038231626 
463 298 13 17 0.0372207 
783 530 24 29 0.036443952 
721 406 24 26 0.036121793 
72 22 13 17 0.035258546 
692 460 16 23 0.0352283 
60 34 18 18 0.035038546 
649 8 19 20 0.032857805 
813 171 13 19 0.032717627 
314 312 22 28 0.032575488 
878 107 13 20 0.03221966 
860 315 15 20 0.03195123 
120 276 19 22 0.031142393 
15 487 10 13 0.030657617 
68 29 15 17 0.030170733 
696 311 12 17 0.029976882 
883 570 21 25 0.029752254 
456 285 11 17 0.029553426 
891 76 16 17 0.028799234 
212 51 18 19 0.02832276 
318 447 11 14 0.02822712 
375 81 20 21 0.027713351 
746 180 18 24 0.027441306 
232 68 11 14 0.027396755 
130 300 15 18 0.027337082 
2 492 9 14 0.026478287 
471 284 23 25 0.026296323 
728 367 18 20 0.025158942 
441 318 27 37 0.024218213 
887 46 13 17 0.023825184 
214 616 27 29 0.023459954 
586 607 16 21 0.023303246 
951 124 17 20 0.02320469 
313 334 18 21 0.022887502 
898 43 13 18 0.022308208 
617 88 16 22 0.02215485 
682 310 14 18 0.021822566 
292 0 13 12 0.02173833 
188 18 20 21 0.02169491 
363 17 21 28 0.021617187 
300 7 15 17 0.021616159 
21 486 13 15 0.02136478 
247 142 27 30 0.021076486 
826 578 12 17 0.021042394 
940 117 18 21 0.020880157 
589 564 12 16 0.020701723 
605 114 27 31 0.020536343 
640 312 9 11 0.020324672 
