10_People_Marching_People_Marching_2_668
89
540 293 30 36 0.99873096 
657 310 33 38 0.9986498 
768 316 27 30 0.99772173 
99 264 33 41 0.99722856 
191 299 37 45 0.9954342 
604 305 24 29 0.99460226 
295 352 37 42 0.99457175 
410 311 39 47 0.9911975 
463 319 24 31 0.9828735 
922 335 16 19 0.9790344 
857 315 22 25 0.97858596 
370 333 20 24 0.9630819 
513 315 20 23 0.94899404 
957 331 13 16 0.9083148 
987 325 12 15 0.7906046 
958 324 12 15 0.7714809 
903 346 14 17 0.4846153 
835 327 16 20 0.3433569 
967 346 13 17 0.32826754 
879 328 11 16 0.2698895 
1005 334 9 11 0.22508635 
915 89 13 21 0.2133556 
942 295 12 14 0.19315563 
923 326 14 15 0.18296286 
108 159 27 41 0.14083645 
644 333 15 19 0.096800946 
987 337 13 16 0.086785525 
831 314 10 13 0.07742776 
659 284 16 18 0.07356867 
888 287 7 8 0.07264644 
969 351 15 19 0.0685557 
1004 341 11 13 0.06555054 
969 296 9 11 0.061881803 
417 276 26 28 0.06150849 
944 342 11 15 0.060802095 
990 346 13 15 0.055238742 
997 349 14 16 0.050638065 
583 262 12 13 0.05047517 
359 336 22 27 0.050352197 
895 340 10 14 0.049830448 
498 327 17 21 0.049407106 
9 327 8 11 0.047871906 
836 317 13 15 0.04632524 
898 279 7 9 0.04594889 
831 337 14 16 0.04472981 
812 343 14 18 0.04455016 
940 311 10 12 0.040832687 
962 319 11 13 0.038473655 
1014 348 9 14 0.03839745 
649 323 23 29 0.038281526 
840 323 16 20 0.036818337 
721 254 8 11 0.03407091 
818 346 12 17 0.033253606 
971 342 12 15 0.03210573 
947 345 13 16 0.03200232 
1004 347 13 16 0.03160204 
357 344 15 20 0.03137462 
882 324 12 16 0.03127159 
990 254 8 11 0.03117511 
942 316 10 11 0.031027498 
1016 310 7 11 0.030040862 
973 298 10 12 0.029540587 
831 303 7 9 0.029212564 
991 311 8 11 0.02913653 
639 308 12 17 0.028357556 
56 231 8 9 0.027971447 
902 278 7 10 0.027307643 
990 381 10 14 0.02728712 
983 327 17 22 0.027053218 
952 319 9 13 0.026763165 
726 287 9 11 0.026616966 
355 320 16 19 0.026560478 
804 340 17 19 0.025561875 
670 204 8 11 0.02552332 
375 271 7 9 0.024899723 
149 220 14 17 0.023804244 
697 209 7 10 0.023665925 
990 111 9 11 0.023512682 
289 306 8 10 0.02305542 
902 336 12 16 0.022617904 
842 296 7 10 0.02256969 
896 345 14 17 0.02190934 
945 335 10 13 0.021405296 
1007 327 10 13 0.021234661 
844 316 12 19 0.020695804 
985 112 10 12 0.020636056 
908 334 12 15 0.020616766 
862 302 12 13 0.020459564 
749 291 9 12 0.020393154 
