10_People_Marching_People_Marching_2_60
27
844 192 31 35 0.9981499 
356 211 34 37 0.99773455 
771 154 37 40 0.99731654 
509 182 39 44 0.9967986 
399 223 35 37 0.9962597 
103 198 40 43 0.99548507 
664 196 36 39 0.99539894 
920 214 37 39 0.9944652 
221 168 40 40 0.9909651 
590 186 27 35 0.9329957 
143 1 27 21 0.89430386 
310 0 21 18 0.26732567 
420 6 16 18 0.075129405 
438 170 23 31 0.07507338 
209 -1 20 18 0.045806855 
232 3 27 27 0.042892963 
262 206 20 27 0.039894003 
434 -1 14 12 0.038916603 
495 62 9 11 0.035671283 
393 93 31 29 0.03505705 
320 0 20 20 0.031238155 
555 109 17 23 0.03074187 
338 19 19 22 0.029496687 
604 190 26 31 0.028084887 
0 96 17 36 0.026890982 
346 -1 17 19 0.025984282 
302 0 20 19 0.021012655 
