10_People_Marching_People_Marching_2_191
70
515 317 17 26 0.99001735 
455 320 15 26 0.9882025 
747 325 20 27 0.98547214 
243 309 18 25 0.98525155 
83 295 15 20 0.9826649 
660 322 19 24 0.9805401 
318 301 15 21 0.97003204 
386 316 16 21 0.9547371 
378 239 14 18 0.95379555 
970 346 18 25 0.9511725 
93 315 19 24 0.95000815 
847 318 22 27 0.9428718 
138 305 14 20 0.9422572 
336 307 17 25 0.92723316 
187 316 16 20 0.9222035 
19 301 20 22 0.92042994 
826 323 20 27 0.9060133 
329 238 15 19 0.83894503 
256 293 18 22 0.73934364 
939 456 15 20 0.7043428 
364 311 13 19 0.69663894 
498 331 14 18 0.6420709 
1005 311 10 11 0.62372 
567 343 11 14 0.52168036 
737 313 16 20 0.3188019 
790 472 19 30 0.26566872 
916 407 13 17 0.20467688 
1004 475 19 28 0.1809594 
294 355 16 19 0.16069822 
988 460 22 28 0.15325972 
899 372 16 27 0.121170014 
638 315 20 30 0.09936012 
773 492 10 12 0.093513966 
166 294 14 21 0.09348543 
879 326 11 17 0.09250664 
962 483 12 17 0.08803675 
331 285 14 18 0.08556295 
819 474 16 25 0.08452438 
67 293 13 21 0.075557955 
119 290 12 15 0.07527316 
252 286 15 21 0.07425474 
733 318 17 23 0.071984105 
739 321 18 22 0.06971065 
835 315 21 32 0.062154323 
174 324 14 18 0.05586641 
370 313 14 20 0.051827513 
16 287 24 29 0.05123472 
880 518 22 32 0.051096678 
603 340 15 21 0.050636463 
796 483 26 27 0.048887946 
268 321 15 20 0.04047002 
1007 199 12 16 0.038347658 
872 524 24 32 0.034118462 
694 380 13 18 0.033375416 
406 478 15 21 0.031121654 
246 299 20 24 0.030737298 
895 160 8 9 0.029272884 
389 280 12 17 0.027688412 
561 346 12 16 0.024889769 
942 445 13 19 0.024146039 
876 515 14 20 0.024131158 
991 477 23 28 0.02410512 
364 279 13 18 0.023848241 
510 307 13 18 0.023545044 
146 300 15 21 0.022383666 
947 449 14 19 0.022215048 
594 364 15 18 0.022167433 
628 293 10 14 0.020875247 
231 307 11 15 0.020786017 
276 445 10 13 0.020257274 
