10_People_Marching_People_Marching_2_935
22
367 302 216 321 0.9996965 
821 219 189 353 0.27077946 
963 869 17 22 0.26018673 
111 125 183 207 0.21041653 
44 466 228 250 0.08385611 
111 398 268 243 0.042041477 
698 135 367 457 0.039686453 
922 843 10 13 0.036779135 
581 1383 12 12 0.03544692 
813 366 202 349 0.034796435 
22 537 162 203 0.033805232 
132 170 360 519 0.032788415 
208 134 205 205 0.03003749 
908 789 10 12 0.028036665 
954 857 27 31 0.026696183 
904 244 114 250 0.026676837 
998 853 13 20 0.026591206 
919 1011 45 56 0.024548171 
955 808 14 19 0.023648491 
571 613 455 518 0.023159614 
349 155 221 252 0.021336973 
833 840 23 26 0.020520262 
