10_People_Marching_People_Marching_10_People_Marching_People_Marching_10_552
30
439 104 71 84 0.9992711 
838 86 12 15 0.22126181 
692 99 13 14 0.15757951 
795 91 11 14 0.11550618 
280 318 30 28 0.09103527 
894 2 21 21 0.07592025 
627 92 16 18 0.06277669 
714 5 17 19 0.05351661 
957 99 11 14 0.0451423 
691 0 18 15 0.041956753 
828 2 29 33 0.04099908 
428 38 17 22 0.040891603 
666 171 16 21 0.039042786 
626 0 28 23 0.03383569 
655 90 14 16 0.033816654 
882 82 16 21 0.03181206 
974 0 28 25 0.027945265 
990 154 13 20 0.026133 
746 94 14 17 0.026064644 
986 1 20 18 0.025661519 
593 0 29 37 0.025634054 
928 90 13 15 0.025612926 
919 116 22 27 0.024383584 
570 105 21 30 0.024173338 
929 0 19 18 0.023092953 
640 1 18 18 0.023044994 
833 0 19 21 0.02200877 
580 -1 67 63 0.021677183 
563 13 27 38 0.021394651 
267 133 13 15 0.02098206 
