10_People_Marching_People_Marching_2_173
261
794 510 25 35 0.99429435 
859 514 15 19 0.9706488 
520 502 11 14 0.9301542 
365 496 12 14 0.90915257 
759 499 10 12 0.8939119 
672 503 11 14 0.81301224 
317 486 10 13 0.80736524 
493 504 10 13 0.79213184 
422 494 9 12 0.7599617 
455 496 9 12 0.7265129 
674 532 12 16 0.6548006 
279 493 10 14 0.56689274 
506 501 9 12 0.5185739 
249 491 11 14 0.49696422 
465 502 9 12 0.46024752 
657 501 7 11 0.42241612 
351 486 9 13 0.41372177 
823 472 16 19 0.37085947 
341 495 10 13 0.36650202 
542 495 8 10 0.34968844 
730 503 13 15 0.3456963 
481 501 9 11 0.3403195 
209 484 9 11 0.3270304 
615 508 9 12 0.30983058 
575 517 9 12 0.2864881 
596 475 10 12 0.2604035 
469 503 9 11 0.22984765 
383 494 9 11 0.22507219 
641 496 8 10 0.22078468 
449 496 8 11 0.21971259 
418 496 9 11 0.21613091 
631 516 10 14 0.20054533 
345 485 10 13 0.19647495 
690 496 8 11 0.1748852 
376 495 8 12 0.17448828 
631 522 10 15 0.17225021 
436 517 9 14 0.16371661 
376 444 11 15 0.15771526 
416 500 9 11 0.14978491 
812 499 11 16 0.14797203 
632 495 8 9 0.14472027 
751 544 14 22 0.14290395 
190 486 8 10 0.14261681 
430 477 8 10 0.12794848 
647 556 10 14 0.12578072 
645 496 9 10 0.118027 
575 512 9 10 0.11682314 
621 477 12 15 0.11632331 
225 501 9 11 0.115778394 
390 492 9 12 0.11467083 
637 518 10 14 0.11173943 
187 488 7 9 0.10864452 
462 496 9 11 0.10861233 
170 489 7 9 0.108285464 
629 511 10 14 0.10804418 
569 503 8 11 0.10554436 
114 487 7 10 0.10462124 
703 485 9 10 0.09901866 
841 602 10 13 0.098159 
325 486 9 13 0.09567799 
252 487 10 14 0.0954447 
648 500 7 11 0.09514789 
582 502 10 13 0.09301114 
441 501 8 10 0.09190106 
663 502 7 11 0.089845054 
144 490 7 8 0.0893559 
624 510 11 14 0.08720807 
780 516 12 16 0.08571324 
703 519 10 12 0.08424694 
698 484 8 11 0.08065867 
410 496 8 11 0.078678384 
542 527 8 9 0.078036435 
576 502 9 11 0.0772847 
410 501 9 11 0.07687006 
137 485 7 9 0.07634703 
855 498 12 15 0.07540929 
569 509 9 12 0.07477961 
174 488 8 9 0.07396456 
701 509 11 13 0.06706085 
678 477 9 12 0.06698947 
343 479 9 11 0.06347059 
305 494 7 10 0.06303366 
553 492 8 11 0.061812803 
980 517 11 15 0.061628856 
599 524 8 12 0.061304152 
520 496 10 12 0.060865324 
274 494 10 12 0.060864806 
654 478 8 10 0.058370814 
570 517 9 12 0.058284093 
479 476 9 11 0.05828069 
161 488 7 9 0.05822725 
313 491 10 12 0.057577103 
513 486 8 11 0.057530496 
972 533 22 29 0.056777272 
553 511 8 11 0.05579171 
437 471 9 10 0.055163216 
443 496 7 10 0.054800738 
760 516 10 12 0.05470477 
704 523 11 15 0.05452912 
553 488 7 10 0.05400764 
542 500 9 11 0.053601675 
239 486 8 11 0.052176617 
830 573 10 14 0.051858243 
696 500 9 13 0.051084265 
135 482 8 9 0.051077817 
186 492 8 10 0.049303453 
688 480 8 10 0.04928408 
191 482 8 10 0.04877858 
102 440 12 15 0.048227932 
650 478 8 10 0.04793983 
598 502 9 13 0.04772224 
285 500 10 12 0.047327716 
693 495 9 12 0.04723866 
504 506 10 14 0.04696873 
375 512 11 15 0.04638369 
851 231 10 12 0.046143595 
698 508 9 13 0.046062957 
152 488 7 9 0.04532447 
342 516 13 17 0.044885997 
1013 513 10 18 0.044826575 
265 493 8 11 0.044627815 
398 494 8 11 0.044561327 
568 480 10 11 0.04371649 
575 495 10 12 0.043164987 
703 529 13 18 0.042825606 
632 488 7 10 0.04268637 
433 472 8 10 0.04243739 
959 501 11 16 0.042174514 
145 493 7 9 0.04180247 
423 489 9 12 0.04076518 
190 493 7 10 0.040638678 
627 496 7 9 0.040590085 
120 415 11 13 0.04018218 
213 482 8 10 0.038831417 
992 492 17 17 0.03874433 
349 509 11 14 0.038734306 
622 503 9 10 0.03787503 
567 542 14 16 0.03778793 
710 486 10 12 0.037149627 
369 477 9 12 0.036422156 
212 491 11 14 0.036011316 
592 509 9 11 0.0359064 
398 523 12 13 0.03545126 
606 525 9 12 0.035399783 
233 476 8 10 0.03537844 
581 494 11 12 0.03478925 
362 493 10 14 0.034642562 
561 518 8 10 0.034456097 
295 487 9 12 0.033963762 
569 497 8 10 0.03395922 
103 486 8 10 0.033851903 
338 499 9 12 0.033850174 
305 488 7 10 0.033788167 
674 477 9 11 0.033704985 
517 487 9 11 0.033550117 
617 470 10 13 0.03333188 
413 517 9 13 0.03320636 
707 517 12 16 0.03298399 
920 486 9 11 0.032972947 
383 499 10 13 0.03280983 
743 493 9 10 0.032616604 
422 526 10 12 0.032450702 
1014 500 9 16 0.03196252 
376 487 9 11 0.031826165 
598 520 8 10 0.031820968 
262 489 8 11 0.031589944 
429 494 8 11 0.031408735 
664 496 8 10 0.031072235 
583 478 9 11 0.03080652 
582 486 10 12 0.030633487 
378 451 11 15 0.030472822 
417 469 7 10 0.030452555 
685 528 13 19 0.030418137 
758 531 14 21 0.029667204 
196 508 12 14 0.029602988 
595 520 7 10 0.029594805 
248 481 8 11 0.02955374 
544 489 8 9 0.029483134 
130 485 8 9 0.029268319 
744 488 9 11 0.02911492 
575 485 9 12 0.02909655 
407 518 11 14 0.029048983 
599 495 9 12 0.029035537 
688 462 7 10 0.02897698 
935 495 9 12 0.028687794 
559 511 8 10 0.027950114 
536 487 8 11 0.027899042 
185 482 8 10 0.027802903 
415 523 10 13 0.027745863 
611 508 9 12 0.02713881 
313 432 9 11 0.02713041 
942 498 14 16 0.02709956 
432 511 10 14 0.026769541 
637 511 10 14 0.026732843 
577 469 8 11 0.026656948 
366 517 12 16 0.026640011 
200 481 8 10 0.026616585 
687 525 9 14 0.02647872 
213 451 14 17 0.02608339 
909 461 8 10 0.026056001 
664 488 8 10 0.025997616 
328 461 9 11 0.025915748 
648 488 7 9 0.025901584 
972 513 22 28 0.02578647 
130 482 7 8 0.025681507 
693 530 12 18 0.025635531 
336 523 10 12 0.025570523 
343 453 8 10 0.025270864 
976 488 9 12 0.02512022 
698 519 9 11 0.024777101 
949 504 15 20 0.024599237 
287 486 10 12 0.024565432 
575 479 9 11 0.024163457 
295 504 8 10 0.024155572 
595 523 9 12 0.02409938 
477 516 10 13 0.023884704 
199 496 8 10 0.023753943 
628 478 9 12 0.023741351 
390 502 9 11 0.023441795 
238 479 9 11 0.023107694 
536 519 8 10 0.023003617 
240 535 17 20 0.022954956 
198 500 9 11 0.022798385 
327 491 9 12 0.022787796 
996 537 14 15 0.022763206 
533 478 9 10 0.02274168 
160 494 7 9 0.022488061 
816 469 10 13 0.02239865 
529 486 8 10 0.022339394 
776 521 12 15 0.022326265 
103 481 7 10 0.022210428 
304 501 8 10 0.022194896 
543 522 8 9 0.022163345 
694 525 9 13 0.02210316 
558 493 8 11 0.021919357 
671 496 9 11 0.021559276 
1000 499 20 30 0.021532753 
581 463 9 12 0.021446932 
318 421 10 12 0.021336403 
525 494 8 11 0.02127612 
975 492 10 14 0.021124689 
655 471 8 10 0.021080667 
964 501 11 14 0.021069353 
510 507 9 13 0.021056304 
477 509 9 11 0.021051517 
631 500 9 11 0.021023376 
474 479 7 10 0.021013914 
471 496 8 11 0.020857375 
580 518 8 11 0.020746693 
655 463 8 10 0.020716846 
577 464 8 11 0.020665644 
464 487 8 10 0.02054455 
641 477 7 9 0.020454887 
673 472 8 11 0.020378822 
448 478 8 10 0.02031531 
511 496 8 11 0.020261552 
543 463 8 10 0.020242857 
601 529 10 16 0.020237742 
984 491 11 15 0.020224849 
640 490 8 9 0.020199534 
230 494 9 11 0.020195419 
