10_People_Marching_People_Marching_2_401
106
332 402 67 84 0.999231 
19 408 59 69 0.9991835 
192 351 54 67 0.99894005 
100 282 30 35 0.9989318 
92 515 63 78 0.9988557 
495 268 30 39 0.9982059 
627 250 26 35 0.9978669 
661 266 33 41 0.9974542 
725 382 38 46 0.9966388 
638 533 76 96 0.99654335 
547 493 60 70 0.9960849 
568 264 28 36 0.9955771 
728 301 36 46 0.9954921 
541 241 23 31 0.9954364 
45 290 25 30 0.994735 
284 294 22 30 0.99471164 
421 239 24 29 0.9944787 
64 318 29 37 0.9937921 
314 269 18 22 0.9917463 
923 266 26 35 0.991572 
384 248 19 24 0.98635906 
853 510 83 117 0.98585606 
356 252 13 17 0.9854966 
101 390 37 44 0.9838103 
382 311 26 33 0.9833788 
253 272 21 28 0.98290837 
308 328 23 30 0.9802505 
798 282 42 50 0.9791803 
209 304 24 26 0.977966 
189 268 24 28 0.97764915 
741 252 18 25 0.97667015 
850 248 34 50 0.97272205 
702 241 13 17 0.97147804 
349 334 31 39 0.9708882 
478 264 21 32 0.9684945 
351 276 21 26 0.9671573 
672 419 39 53 0.95948756 
756 264 26 33 0.9576335 
508 240 20 25 0.94734734 
781 358 46 72 0.92624897 
30 267 21 30 0.9242143 
819 245 24 30 0.90832347 
746 229 15 19 0.8995145 
328 291 19 24 0.8583607 
138 195 16 19 0.711137 
615 237 14 19 0.6579987 
754 428 34 46 0.60285085 
581 256 24 31 0.44390315 
782 263 24 34 0.41099858 
0 352 20 47 0.32021454 
545 300 25 29 0.2709876 
633 235 18 18 0.23759003 
747 257 21 30 0.2328233 
942 246 14 18 0.22588278 
590 252 20 26 0.19101524 
610 468 45 71 0.17935753 
996 275 20 31 0.17746864 
170 263 14 22 0.17196092 
658 256 18 23 0.12918165 
487 241 13 16 0.12746814 
984 234 12 17 0.12256683 
240 287 15 20 0.11898561 
315 255 14 16 0.11401202 
40 278 22 32 0.10886876 
665 241 15 16 0.10654521 
0 324 17 29 0.09640418 
339 265 16 18 0.09623271 
71 284 14 16 0.084846936 
180 262 19 27 0.08417359 
298 274 14 18 0.07746128 
624 219 11 13 0.071309224 
904 236 11 13 0.06962811 
421 361 33 40 0.051975053 
498 353 30 48 0.049122993 
916 249 10 12 0.046527535 
972 251 10 16 0.0456811 
988 237 13 20 0.045665316 
444 216 9 12 0.041097466 
709 220 10 12 0.03853718 
590 230 12 13 0.038235076 
0 287 12 25 0.037861727 
911 245 11 15 0.036067393 
490 247 16 20 0.03468248 
937 244 13 16 0.034525864 
360 326 23 30 0.03399575 
348 235 11 13 0.033918533 
976 250 25 43 0.032919545 
603 256 15 21 0.031116273 
627 463 49 66 0.030845413 
372 315 22 30 0.030684223 
227 285 12 15 0.028940095 
629 242 16 23 0.02790554 
245 278 20 29 0.02767972 
583 245 23 26 0.027509294 
550 309 29 32 0.027144989 
939 252 16 20 0.025664601 
1000 262 21 34 0.023571193 
808 350 51 68 0.022346629 
970 248 21 31 0.021678764 
1010 258 13 23 0.021551138 
176 326 23 29 0.021010956 
346 266 16 19 0.02090078 
777 269 34 48 0.02057271 
791 213 11 15 0.020355891 
908 233 10 12 0.020199243 
941 241 12 15 0.020079385 
