10_People_Marching_People_Marching_10_People_Marching_People_Marching_10_People_Marching_People_Marching_10_933
85
539 156 27 34 0.9919437 
111 202 37 46 0.98998344 
984 140 19 29 0.8971924 
735 8 13 16 0.3848705 
520 183 19 24 0.20426504 
775 0 20 16 0.1747079 
181 0 11 10 0.15218586 
233 10 14 19 0.14102118 
674 10 14 18 0.121606074 
811 56 16 20 0.11649746 
230 165 29 33 0.10237768 
545 284 23 26 0.08351972 
789 42 15 20 0.082046665 
750 39 12 17 0.07916465 
238 52 15 18 0.07663154 
584 23 11 15 0.07491988 
317 72 14 21 0.07328701 
806 0 16 19 0.07092735 
215 0 14 13 0.069242544 
282 56 15 20 0.060982946 
808 53 12 18 0.05774422 
14 10 13 19 0.05579623 
335 196 9 13 0.05549433 
322 4 24 34 0.054611757 
748 181 16 25 0.052133128 
4 7 16 18 0.05168415 
651 0 12 12 0.05090289 
246 102 10 14 0.047179967 
754 34 13 17 0.046602234 
972 46 11 14 0.04647595 
147 67 10 13 0.044615258 
758 29 12 17 0.04302736 
724 0 10 11 0.04022782 
669 17 13 17 0.039397355 
647 18 14 20 0.039038956 
304 191 11 13 0.038333885 
226 209 25 30 0.036498908 
846 0 12 10 0.035771582 
228 63 15 20 0.03551787 
277 0 15 12 0.034103174 
794 37 14 19 0.033659402 
819 53 14 17 0.030962579 
245 0 11 10 0.030488633 
277 85 11 15 0.030157702 
588 26 11 15 0.029469082 
462 0 19 16 0.028687539 
145 81 16 22 0.028665572 
742 41 15 18 0.028429754 
791 153 14 19 0.027493268 
254 131 10 13 0.027247546 
614 24 11 14 0.027109358 
636 22 12 16 0.027105091 
262 17 14 16 0.026669547 
309 1 14 16 0.02654266 
290 60 14 17 0.025886105 
717 41 13 19 0.025883721 
324 245 16 20 0.025663612 
238 117 12 18 0.02540021 
730 204 20 29 0.02533899 
607 0 11 9 0.02532419 
231 29 13 17 0.02495235 
693 0 16 14 0.024783216 
308 68 14 21 0.02424889 
325 -2 14 15 0.0242141 
823 77 14 21 0.023972325 
229 50 21 26 0.023954285 
596 34 13 15 0.023786817 
108 5 14 18 0.02376818 
692 158 27 34 0.023524234 
245 205 12 13 0.022830863 
838 27 16 22 0.022424616 
302 73 12 19 0.022380525 
355 18 13 18 0.022309355 
204 119 17 21 0.022055117 
244 47 14 19 0.02204431 
765 0 15 13 0.02168386 
247 93 11 16 0.02155835 
749 3 12 17 0.021486932 
257 78 24 30 0.02132841 
591 34 11 15 0.021072924 
632 26 12 15 0.020942394 
247 124 10 16 0.02084907 
351 170 13 16 0.020704295 
332 86 15 21 0.020204972 
523 174 17 22 0.020012828 
