10_People_Marching_People_Marching_2_1046
82
511 200 51 65 0.99874556 
47 203 24 27 0.9793457 
281 260 16 20 0.9726955 
364 236 16 21 0.95973295 
218 215 19 23 0.9270184 
423 198 20 24 0.8980191 
168 246 27 33 0.87100613 
97 205 16 20 0.8286388 
1005 225 19 29 0.8217854 
743 238 18 24 0.8092013 
200 190 14 17 0.7776948 
683 197 13 15 0.6509388 
876 235 17 18 0.64312714 
575 235 26 35 0.642208 
347 218 12 15 0.4561768 
131 238 20 22 0.42898333 
145 300 33 43 0.38565803 
587 192 11 12 0.30657947 
325 190 10 14 0.22319321 
790 219 15 18 0.19357865 
325 248 14 19 0.18442617 
733 231 23 31 0.1471671 
5 203 13 17 0.12783837 
955 202 14 19 0.12432063 
389 196 13 18 0.109709986 
625 215 9 13 0.10865602 
876 240 22 24 0.09942597 
338 182 11 13 0.09564089 
601 214 12 15 0.09040736 
0 273 8 18 0.06716791 
689 197 13 15 0.054334916 
395 193 13 16 0.053866044 
803 371 40 42 0.049997076 
654 200 9 11 0.04894033 
628 217 10 15 0.047316093 
1011 300 14 24 0.04704352 
722 229 19 30 0.0449832 
945 313 16 21 0.043680023 
336 198 9 12 0.041774612 
389 228 17 21 0.04066327 
341 199 11 13 0.038444944 
871 239 16 19 0.037755217 
630 236 25 31 0.035897754 
649 204 10 13 0.03582904 
431 158 9 12 0.035404246 
110 181 9 12 0.034971964 
826 282 26 31 0.03484076 
964 313 15 18 0.033277716 
655 246 13 18 0.031713627 
946 199 21 26 0.03149469 
403 193 12 15 0.0311772 
829 216 11 12 0.03075327 
168 215 12 14 0.030232303 
845 266 38 54 0.029869126 
698 237 20 29 0.029811505 
853 266 15 18 0.0295252 
382 177 13 18 0.029225782 
760 219 13 15 0.029174238 
150 198 9 13 0.028965088 
922 292 26 31 0.028887846 
401 127 10 13 0.028568942 
325 239 14 20 0.027784145 
661 220 13 16 0.02746894 
636 212 12 15 0.026785051 
707 241 16 23 0.026631424 
856 292 26 32 0.026530808 
693 240 15 23 0.025540316 
133 301 31 37 0.02494349 
957 235 14 24 0.02470697 
557 222 40 53 0.02410741 
702 260 25 31 0.023749582 
732 167 21 26 0.023401326 
334 167 10 12 0.0231301 
715 238 17 22 0.022427624 
165 244 17 23 0.022321133 
13 199 12 15 0.021602822 
193 176 9 13 0.021152725 
308 289 15 20 0.021151014 
959 190 11 14 0.020750083 
937 303 22 27 0.02046713 
333 190 9 12 0.020236189 
657 229 11 15 0.020152798 
