26_Soldier_Drilling_Soldiers_Drilling_26_192
21
71 298 34 38 0.9973826 
639 293 31 40 0.99737763 
517 303 29 36 0.995226 
93 405 24 32 0.98300976 
577 357 26 30 0.4397875 
614 315 20 21 0.19533455 
413 271 27 28 0.10145774 
397 119 9 12 0.09788794 
21 382 17 21 0.08127684 
57 289 26 32 0.076160334 
151 322 16 29 0.06604422 
571 344 25 36 0.04700278 
442 231 15 23 0.041186605 
410 278 40 43 0.03459169 
52 421 12 16 0.030162014 
221 343 22 30 0.026810471 
403 270 21 27 0.025291989 
606 318 24 27 0.024811009 
46 379 23 29 0.024015777 
425 268 18 23 0.02143525 
631 598 15 17 0.020947644 
