26_Soldier_Drilling_Soldiers_Drilling_26_719
19
461 214 28 35 0.98871124 
816 246 23 25 0.94999814 
380 244 21 26 0.5071561 
240 26 23 30 0.16587926 
678 203 25 26 0.0972512 
959 343 12 13 0.069866486 
120 251 22 28 0.069236055 
775 282 11 13 0.04536503 
66 234 20 29 0.043069236 
968 321 7 10 0.040197767 
131 255 15 22 0.038014874 
54 238 28 33 0.03771256 
957 414 9 11 0.027564019 
514 236 22 31 0.026592368 
693 243 24 25 0.026581299 
2 341 38 79 0.02560306 
804 247 14 21 0.023812694 
834 379 12 14 0.022542724 
124 30 25 32 0.0210939 
