26_Soldier_Drilling_Soldiers_Drilling_26_393
20
373 86 81 108 0.99106264 
67 134 74 110 0.9727213 
741 62 76 111 0.97136176 
867 147 77 91 0.9499198 
514 92 68 104 0.93913263 
707 97 42 37 0.32863835 
220 595 19 22 0.09280777 
276 580 18 23 0.0908544 
216 632 22 32 0.054888774 
126 568 14 18 0.04798051 
186 662 11 14 0.041898645 
112 633 12 15 0.03622267 
36 670 14 16 0.034396768 
219 557 16 18 0.030464834 
117 668 14 15 0.029332902 
212 578 15 19 0.028808365 
120 595 10 12 0.023958476 
159 569 12 16 0.023790032 
198 241 61 74 0.023478426 
180 594 13 17 0.02101875 
