26_Soldier_Drilling_Soldiers_Drilling_26_85
41
58 351 31 41 0.9987948 
599 397 29 31 0.9984975 
217 361 27 33 0.9955095 
0 600 28 50 0.97308457 
386 380 10 13 0.8391513 
925 354 25 27 0.6874416 
328 384 8 11 0.16777125 
891 314 19 21 0.09323053 
380 622 31 32 0.089605555 
248 393 14 18 0.08220753 
335 388 9 12 0.049603127 
605 334 12 15 0.04852435 
351 397 7 9 0.048360467 
262 404 12 14 0.04758758 
276 628 21 34 0.042912368 
805 365 14 16 0.040033568 
449 429 9 10 0.039144408 
226 410 17 17 0.036819573 
400 392 8 10 0.036737703 
370 601 46 47 0.032328382 
322 389 8 11 0.031859268 
245 396 21 28 0.031714328 
231 401 26 25 0.030740874 
261 730 37 46 0.030315775 
674 148 16 20 0.030233867 
1001 261 22 39 0.029957352 
990 290 16 21 0.029207272 
925 307 11 14 0.028346851 
384 385 11 14 0.027501399 
477 359 9 11 0.02724278 
995 315 13 18 0.026247473 
473 357 10 11 0.025811253 
867 309 19 22 0.02394277 
841 338 17 21 0.023796812 
424 981 427 523 0.023077575 
988 305 16 18 0.022902641 
826 358 21 30 0.022449255 
249 642 38 46 0.022441704 
949 300 11 16 0.022218265 
322 383 9 12 0.021935564 
719 921 237 196 0.020388352 
