26_Soldier_Drilling_Soldiers_Drilling_26_1022
22
253 415 31 47 0.9355109 
86 494 20 25 0.88219696 
30 454 22 30 0.53582984 
140 313 18 26 0.17163326 
25 507 17 22 0.12685236 
118 292 16 21 0.1060602 
109 297 20 28 0.085265435 
76 301 21 29 0.07391455 
72 222 8 10 0.047985908 
131 476 15 22 0.04470565 
18 291 15 20 0.035683386 
67 270 15 19 0.035001982 
123 382 15 18 0.03484277 
720 581 12 14 0.03469164 
39 260 15 19 0.034005847 
97 232 8 11 0.033081144 
61 205 10 12 0.03306574 
51 288 15 19 0.032235205 
282 336 17 20 0.024907941 
13 501 27 32 0.022733193 
196 266 13 17 0.02048169 
219 338 40 58 0.020156767 
