26_Soldier_Drilling_Soldiers_Drilling_26_345
32
469 189 26 37 0.97649515 
854 193 29 34 0.9508609 
163 194 25 31 0.9351489 
664 186 27 34 0.92942727 
344 202 22 29 0.5283984 
832 228 18 20 0.3112189 
634 216 9 11 0.20496425 
601 252 16 22 0.09489579 
168 214 19 22 0.08028285 
691 238 29 37 0.06242536 
841 226 16 20 0.054499727 
976 106 45 65 0.05125985 
828 267 10 14 0.049564157 
160 181 13 21 0.04664458 
414 242 11 16 0.045144387 
498 249 27 32 0.042793367 
162 187 17 27 0.037943587 
830 240 15 17 0.03523372 
289 157 20 27 0.03328373 
453 237 14 18 0.02959121 
429 258 23 24 0.027307376 
301 235 13 14 0.025132382 
823 229 12 16 0.025042675 
864 242 12 17 0.023917055 
341 196 16 25 0.022797588 
296 252 9 12 0.022225827 
288 244 8 11 0.021524139 
285 239 11 12 0.021248462 
668 202 18 24 0.020708147 
985 95 32 45 0.020565685 
300 245 12 12 0.02030473 
350 211 22 24 0.020178592 
