26_Soldier_Drilling_Soldiers_Drilling_26_619
39
460 215 28 35 0.9962638 
816 245 25 27 0.9924171 
72 240 13 20 0.70423573 
383 249 18 22 0.6322405 
133 255 14 19 0.4406395 
702 248 13 17 0.2012548 
211 152 14 17 0.19348966 
124 253 16 20 0.17646751 
678 315 14 16 0.16011654 
156 39 9 11 0.12773253 
564 99 14 19 0.11351182 
12 241 13 18 0.09900076 
240 26 22 28 0.098831244 
707 244 14 20 0.09855712 
118 252 15 18 0.083219506 
189 408 13 15 0.07874442 
766 298 26 29 0.07703721 
969 321 8 10 0.053361356 
63 241 20 28 0.043077294 
835 380 11 13 0.03958375 
965 373 11 14 0.039384432 
76 239 20 29 0.03918869 
125 32 21 28 0.035105836 
714 241 15 23 0.03425643 
957 414 9 11 0.033729684 
63 237 14 20 0.03360999 
515 237 22 29 0.029265745 
588 103 12 14 0.027679259 
84 248 15 20 0.026239822 
694 245 17 20 0.025904689 
66 205 17 20 0.025420284 
645 96 13 14 0.02512117 
960 342 12 14 0.023355532 
650 109 30 31 0.022782246 
190 156 9 12 0.022537842 
111 276 12 16 0.02048578 
653 101 12 14 0.02031975 
196 123 12 13 0.02024729 
144 244 12 18 0.020066045 
