26_Soldier_Drilling_Soldiers_Drilling_26_31
46
236 188 36 45 0.99738246 
662 198 38 41 0.992953 
530 215 40 44 0.9892419 
380 176 39 49 0.9878269 
808 160 40 47 0.9842481 
649 572 23 27 0.9598043 
536 608 19 20 0.62885916 
618 417 16 21 0.41294837 
593 428 17 21 0.34349474 
853 89 15 20 0.13656835 
593 418 19 21 0.101542674 
456 403 13 16 0.09032238 
315 385 16 20 0.080600135 
331 417 17 24 0.059511084 
597 147 11 13 0.055879563 
604 188 17 18 0.047833852 
308 409 14 18 0.047183514 
579 574 15 20 0.041128132 
842 166 24 30 0.04104767 
627 524 15 19 0.04068493 
737 418 19 23 0.03338629 
489 381 13 16 0.032126185 
687 552 23 31 0.03189642 
704 582 9 14 0.0299494 
825 101 16 23 0.029665196 
594 177 26 29 0.029503293 
521 215 26 35 0.029272268 
733 561 16 18 0.028925007 
797 103 15 19 0.02866164 
762 186 27 34 0.028078835 
486 170 24 29 0.026795564 
463 388 11 14 0.026034987 
519 591 18 21 0.025274243 
795 199 17 20 0.024433957 
293 210 25 36 0.024190893 
460 153 24 30 0.024069773 
749 454 9 12 0.023821507 
654 288 22 28 0.023811454 
274 186 29 33 0.02333276 
597 258 14 19 0.022768278 
738 400 18 20 0.022534234 
459 397 14 17 0.02249674 
1 43 11 14 0.021444885 
716 166 17 20 0.021211613 
604 186 29 30 0.020963648 
309 394 16 20 0.020351058 
