26_Soldier_Drilling_Soldiers_Drilling_26_832
19
785 225 66 83 0.9975598 
435 216 64 82 0.99738246 
545 263 50 68 0.9717078 
987 323 13 18 0.36518303 
39 304 14 17 0.26949382 
69 318 10 13 0.14269733 
65 319 11 15 0.09187284 
106 298 14 17 0.081259824 
893 266 43 63 0.051913384 
982 323 21 30 0.04822456 
706 300 17 21 0.044070914 
174 317 15 19 0.037843514 
10 332 15 17 0.02980528 
214 309 15 16 0.028871816 
742 269 44 64 0.024902804 
158 355 14 18 0.023700569 
234 325 14 18 0.023460528 
205 324 16 20 0.023162536 
76 317 9 13 0.022859655 
