26_Soldier_Drilling_Soldiers_Drilling_26_204
341
371 257 25 36 0.9874998 
451 142 15 20 0.94736123 
599 117 12 16 0.94325316 
437 195 21 29 0.90788996 
1014 127 8 12 0.8985611 
944 171 11 17 0.8834089 
662 236 22 30 0.7775504 
583 85 10 13 0.64182204 
736 108 11 16 0.5404956 
623 156 12 15 0.5396912 
857 123 10 13 0.5201 
942 115 9 13 0.5101854 
500 108 11 14 0.46763444 
965 150 14 18 0.4639522 
868 310 31 38 0.45813352 
967 119 8 10 0.4512057 
988 163 11 14 0.42855495 
713 125 11 15 0.40798694 
888 150 10 14 0.40561417 
902 177 14 17 0.40296623 
732 380 24 36 0.35292873 
989 119 10 13 0.33114505 
628 78 10 13 0.3252062 
925 110 9 11 0.31957814 
836 139 10 12 0.31713063 
663 114 12 16 0.3166808 
823 140 9 11 0.28031778 
937 115 9 12 0.26167235 
734 275 17 18 0.26133388 
993 188 13 15 0.25310415 
913 118 9 12 0.23527874 
811 372 13 15 0.22660963 
665 94 8 11 0.22614558 
983 203 15 18 0.21417734 
1008 294 15 34 0.20838828 
892 356 16 21 0.20582704 
700 193 12 16 0.19844088 
1012 148 10 13 0.19606447 
923 229 16 26 0.18709132 
686 122 13 15 0.17818326 
583 156 12 14 0.1766111 
582 144 14 19 0.17488694 
976 112 11 12 0.1717637 
950 268 23 33 0.16343372 
706 222 21 28 0.16335471 
912 405 22 19 0.16272755 
670 94 9 10 0.16197364 
731 322 14 17 0.15687671 
749 77 8 10 0.15023503 
893 276 15 18 0.14067549 
651 73 12 16 0.1400615 
733 307 12 14 0.139263 
363 178 24 24 0.13065924 
575 99 11 16 0.12752135 
804 117 10 11 0.12324755 
652 163 11 13 0.12214923 
195 80 9 11 0.1221104 
475 135 16 20 0.117140666 
774 114 12 14 0.115276605 
487 69 8 11 0.11482545 
756 100 11 15 0.113874175 
968 196 13 16 0.11289714 
703 87 8 11 0.111737534 
239 69 8 10 0.111217305 
966 210 12 16 0.10895917 
962 120 9 11 0.10729411 
739 281 16 18 0.106496856 
579 36 11 14 0.102745585 
786 211 16 25 0.10137714 
821 304 23 26 0.10093317 
986 124 10 13 0.10063284 
896 125 8 11 0.10001538 
1013 182 9 14 0.09907886 
988 194 16 19 0.09843708 
663 123 12 16 0.0965502 
743 290 12 12 0.09308914 
947 116 9 12 0.09271188 
860 288 28 30 0.09228988 
639 122 11 15 0.089355215 
917 116 10 13 0.08820995 
679 174 10 15 0.084705934 
899 190 16 20 0.081837684 
631 172 12 15 0.08125783 
910 155 9 12 0.08110505 
975 131 11 14 0.07760916 
886 144 11 13 0.075488895 
733 103 12 17 0.07296511 
797 134 10 13 0.07286419 
848 398 31 26 0.07251131 
711 277 11 15 0.07210527 
912 124 9 12 0.07118238 
984 116 10 13 0.070137225 
895 120 8 11 0.070076734 
905 207 16 22 0.0691391 
715 276 12 15 0.06816041 
947 167 14 18 0.06659673 
742 112 10 15 0.066292495 
903 184 16 18 0.06582036 
710 119 12 15 0.0649852 
831 111 9 11 0.06298419 
656 110 11 14 0.060705718 
912 151 10 12 0.05948395 
728 107 11 14 0.058843564 
658 178 15 17 0.058735047 
677 94 8 11 0.058104474 
843 284 15 18 0.056802012 
933 141 10 12 0.056509018 
807 135 8 10 0.05606634 
768 110 11 15 0.05545916 
894 111 8 10 0.055325154 
716 176 14 21 0.055259526 
734 93 9 12 0.054093745 
889 110 8 10 0.0537837 
668 111 12 17 0.053567 
671 89 8 10 0.053553753 
1012 212 10 14 0.053405814 
795 213 16 27 0.053183872 
965 242 15 23 0.053142913 
752 139 10 13 0.05176477 
816 136 8 10 0.050894205 
775 124 13 15 0.050555874 
881 148 10 14 0.050445113 
843 162 15 19 0.050305452 
772 276 13 18 0.049026124 
801 216 22 30 0.048831817 
634 119 9 13 0.046850767 
795 402 19 17 0.045911707 
964 122 11 14 0.045525357 
704 117 9 12 0.044858266 
819 140 8 11 0.04468585 
666 89 8 11 0.044570636 
663 98 10 13 0.04452323 
691 209 13 19 0.043985996 
971 199 15 21 0.04340625 
749 116 9 12 0.041862484 
858 284 20 22 0.041798376 
911 113 9 11 0.041759208 
731 132 11 14 0.04171395 
847 140 8 11 0.041082982 
915 212 22 31 0.04097938 
917 235 17 23 0.040884256 
943 256 23 29 0.040582176 
748 109 11 15 0.040399052 
648 84 11 14 0.04010194 
944 258 14 17 0.039829202 
683 177 12 16 0.03964706 
750 306 14 18 0.039539613 
851 317 21 31 0.038760636 
652 168 16 20 0.0386136 
798 268 12 19 0.038347922 
1011 235 12 19 0.03808367 
671 236 24 33 0.037936643 
863 143 8 11 0.037671726 
685 200 9 11 0.0374383 
694 99 9 12 0.037417263 
628 163 13 17 0.037359115 
849 136 8 10 0.037354622 
670 99 9 12 0.037332047 
841 178 17 18 0.03723517 
841 193 16 18 0.036944322 
866 94 8 11 0.036871165 
816 102 8 12 0.036216713 
720 170 19 23 0.035796404 
679 130 13 16 0.035751168 
656 103 9 11 0.035599507 
648 160 9 12 0.035013773 
890 126 8 9 0.034771718 
986 200 21 25 0.034697603 
995 212 13 17 0.03464741 
971 209 38 45 0.034505237 
764 101 11 15 0.034473192 
759 80 8 10 0.034377433 
912 143 9 11 0.034305036 
728 94 10 13 0.034263697 
737 314 16 19 0.034242373 
797 128 9 10 0.034081817 
879 133 8 11 0.033971075 
903 133 8 11 0.03383936 
889 120 8 10 0.03369316 
691 119 11 15 0.033113036 
689 95 9 10 0.033088252 
693 170 16 17 0.033025075 
952 248 25 37 0.032965176 
615 148 13 17 0.032821182 
856 149 10 13 0.03267526 
689 87 8 10 0.032619014 
1015 121 8 12 0.032437243 
874 132 8 11 0.03232956 
965 157 16 19 0.032242082 
712 112 8 11 0.03222173 
703 275 13 19 0.032219797 
750 72 9 11 0.0322138 
792 137 10 14 0.03175544 
822 157 10 13 0.031716805 
679 101 8 10 0.0316163 
903 127 8 11 0.031477712 
699 207 21 33 0.03146998 
714 223 25 32 0.031141035 
779 132 12 14 0.031107465 
800 262 19 29 0.031050406 
943 192 9 12 0.03092639 
869 167 10 13 0.030793045 
917 124 9 12 0.030784272 
895 103 8 11 0.03065798 
840 158 11 13 0.030343097 
678 88 8 9 0.030303193 
646 119 11 15 0.030300304 
871 127 9 12 0.030224692 
648 109 8 11 0.030220937 
687 208 20 30 0.030003374 
727 292 11 14 0.02999748 
888 277 24 27 0.029977735 
747 293 12 13 0.02994365 
731 290 13 16 0.029942125 
658 95 9 11 0.029916015 
889 104 9 10 0.029788263 
696 95 9 11 0.029589033 
805 140 9 12 0.029472 
810 84 8 11 0.029354522 
708 85 10 12 0.02933502 
651 81 12 15 0.02932466 
852 284 16 19 0.029313393 
698 87 8 10 0.029295819 
924 216 22 29 0.028966786 
911 167 10 14 0.028894965 
167 67 9 11 0.028711902 
773 104 12 15 0.028618716 
847 100 10 12 0.0283639 
915 203 14 20 0.028298061 
717 120 11 16 0.028204482 
717 139 11 16 0.02798363 
970 162 15 17 0.0278636 
783 190 13 16 0.027803691 
831 128 9 10 0.027636556 
712 148 11 14 0.027399708 
917 300 23 30 0.027243907 
989 215 17 20 0.02723874 
743 378 23 36 0.027135061 
928 236 17 23 0.027120322 
757 154 13 19 0.027105056 
689 100 9 11 0.027083201 
681 117 11 14 0.027080432 
735 89 8 10 0.026970219 
702 229 16 22 0.026956487 
854 179 12 16 0.02695247 
798 148 11 14 0.026933948 
907 194 15 17 0.02688789 
625 81 10 14 0.026661731 
494 84 8 10 0.02665918 
799 408 20 16 0.02651279 
849 119 9 11 0.026408928 
750 193 17 20 0.02637151 
759 84 9 11 0.02621235 
711 78 9 12 0.026152765 
638 165 11 16 0.026134426 
728 283 25 29 0.026046226 
1010 144 9 12 0.026025062 
886 135 8 11 0.025869828 
626 133 9 11 0.025417829 
1005 373 17 22 0.025362328 
771 109 22 26 0.025338234 
911 133 9 11 0.025184508 
825 110 8 11 0.025107779 
687 205 11 14 0.024970448 
732 303 22 23 0.024926366 
896 352 22 27 0.024695674 
638 132 13 15 0.02445857 
639 307 14 17 0.02442862 
935 384 25 34 0.024425589 
863 165 11 13 0.024374347 
924 203 15 19 0.024325782 
750 95 19 25 0.024254298 
823 163 11 15 0.024119252 
860 213 21 28 0.024040999 
637 76 10 13 0.024004746 
856 142 8 10 0.023950607 
970 238 23 27 0.023908155 
709 93 9 11 0.023753354 
638 140 11 13 0.02375162 
623 169 13 16 0.02375131 
1008 186 10 13 0.023671713 
961 210 12 16 0.023480346 
483 135 12 18 0.023326946 
804 302 11 15 0.023313653 
705 122 11 14 0.02329788 
779 151 16 19 0.023109157 
926 196 14 16 0.022762751 
630 133 9 13 0.02269668 
818 292 22 27 0.022681167 
1005 239 14 21 0.022628218 
965 252 25 30 0.022607574 
787 180 16 20 0.022560518 
1015 175 8 14 0.022559399 
727 126 11 15 0.022467326 
795 154 11 15 0.022454154 
806 148 10 14 0.022397952 
640 110 9 11 0.022380011 
793 126 9 11 0.02237619 
726 138 12 15 0.022282002 
822 179 11 15 0.022209704 
626 151 12 17 0.022067264 
852 155 11 14 0.021942982 
741 300 13 16 0.021873923 
836 197 19 22 0.021785693 
820 103 9 12 0.021714227 
915 147 11 14 0.02170393 
727 275 13 17 0.021698058 
727 300 14 17 0.021546975 
897 131 9 11 0.021541275 
849 172 14 18 0.021516318 
873 274 27 27 0.021512331 
858 183 15 20 0.021479895 
390 102 10 12 0.021468604 
756 135 10 14 0.02143608 
668 205 9 12 0.021314932 
879 129 7 10 0.021288505 
685 237 20 29 0.021271542 
704 81 10 12 0.021254588 
855 131 9 11 0.02123231 
745 201 18 22 0.021186117 
881 118 8 11 0.021178387 
785 222 21 33 0.02110411 
803 188 15 17 0.021065239 
707 183 18 27 0.020823888 
696 197 22 30 0.020812962 
678 110 10 13 0.020759534 
720 94 8 12 0.020669267 
713 211 18 25 0.02064894 
438 77 9 11 0.020607807 
801 111 10 12 0.020469759 
928 135 10 13 0.020441707 
680 205 11 13 0.02038205 
840 102 9 10 0.020334275 
1016 110 7 12 0.02029765 
678 138 13 16 0.020292962 
920 398 29 26 0.020234276 
1007 208 12 14 0.020230168 
854 187 12 17 0.020206356 
853 101 10 12 0.02018886 
640 190 11 14 0.02011881 
740 103 12 18 0.020033995 
