26_Soldier_Drilling_Soldiers_Drilling_26_223
35
615 98 28 34 0.9980769 
913 111 37 45 0.99785334 
719 103 33 38 0.9973864 
383 110 27 31 0.99705744 
514 78 35 38 0.9970396 
277 112 27 33 0.9968881 
202 123 24 28 0.9968845 
406 93 27 33 0.9920163 
17 129 21 25 0.97713065 
90 131 21 25 0.961711 
163 141 20 23 0.9469601 
126 150 18 22 0.9383348 
110 140 14 18 0.5648416 
67 136 12 18 0.5174741 
393 105 26 33 0.35465485 
464 108 23 29 0.2830967 
667 150 22 29 0.25003237 
364 132 12 14 0.21935928 
49 246 11 14 0.08832714 
668 139 21 27 0.07451239 
491 111 14 18 0.07122751 
143 153 12 18 0.07065166 
16 210 10 13 0.057422835 
53 147 12 14 0.05387949 
117 143 19 24 0.049302626 
472 105 18 20 0.03945383 
481 108 22 26 0.036020283 
464 239 10 12 0.032864682 
222 238 16 23 0.03120973 
77 136 14 20 0.029016145 
212 207 12 14 0.027707223 
566 140 12 14 0.025913967 
134 246 12 15 0.024200357 
791 141 12 15 0.021657897 
463 119 30 31 0.02161372 
