26_Soldier_Drilling_Soldiers_Drilling_26_245
25
797 516 41 44 0.9961056 
293 350 91 103 0.9954448 
152 261 21 25 0.72193956 
616 263 11 13 0.19423197 
755 439 14 17 0.17402728 
735 419 11 12 0.16853224 
248 407 11 13 0.10191874 
144 268 26 25 0.062508516 
765 435 12 17 0.047682084 
93 242 23 24 0.044049945 
591 280 9 11 0.041794546 
969 92 14 17 0.038958196 
925 160 10 12 0.037845187 
715 443 14 15 0.03641215 
712 447 27 36 0.035259698 
0 247 84 165 0.033788607 
756 433 13 15 0.031891916 
793 440 19 18 0.028618583 
703 24 10 13 0.028017329 
705 416 17 22 0.027264174 
60 1228 136 131 0.023526173 
444 967 113 154 0.023373878 
220 702 457 492 0.022357661 
984 377 8 11 0.021345666 
970 239 7 9 0.020096017 
