26_Soldier_Drilling_Soldiers_Drilling_26_359
17
512 683 63 75 0.8170885 
114 1396 32 37 0.1566685 
670 316 65 86 0.124558225 
104 1508 43 43 0.120355405 
874 82 50 62 0.06561571 
549 455 42 53 0.064009525 
883 68 37 50 0.04732479 
640 344 55 74 0.04281714 
11 1405 26 29 0.04060136 
447 607 162 182 0.03670523 
651 298 63 83 0.034347378 
13 1453 31 42 0.032210067 
629 367 55 72 0.028676096 
25 1409 17 20 0.024009787 
113 1411 41 53 0.022889342 
7 1453 52 67 0.022163913 
642 389 26 39 0.021943169 
