12_Group_Team_Organized_Group_12_Group_Team_Organized_Group_12_418
229
471 376 24 32 0.997074 
301 369 26 31 0.9970727 
167 353 24 32 0.9961248 
621 217 15 18 0.9958424 
188 185 16 22 0.9953577 
404 260 23 31 0.9951853 
633 362 24 29 0.9947817 
154 171 16 20 0.9932273 
257 223 17 21 0.99314827 
717 213 17 21 0.99302506 
667 211 15 21 0.99233574 
393 401 23 29 0.9909657 
316 283 22 27 0.98784304 
406 163 14 17 0.9875059 
134 192 16 21 0.98621386 
236 349 24 29 0.98617214 
698 186 13 18 0.9855068 
325 141 12 15 0.985296 
509 209 17 23 0.98439145 
658 303 21 28 0.98431087 
562 220 17 23 0.9836121 
599 194 15 20 0.98360574 
361 227 15 20 0.9825668 
379 145 13 16 0.9810121 
149 215 18 24 0.98062426 
559 369 23 26 0.9804718 
461 139 12 14 0.98011476 
305 205 18 23 0.9799605 
619 169 14 17 0.9793646 
514 287 21 27 0.97608954 
484 155 12 15 0.97605056 
205 204 17 22 0.9751262 
310 182 13 17 0.9736448 
248 185 16 19 0.97211444 
648 187 14 18 0.97058916 
455 218 17 20 0.9695337 
206 167 15 18 0.9682474 
407 220 16 21 0.9672189 
805 180 20 26 0.9668675 
28 209 21 24 0.9667753 
403 190 14 18 0.9648454 
268 134 13 17 0.9627436 
551 185 15 19 0.9616572 
122 140 14 18 0.96103036 
101 173 16 20 0.9550016 
319 84 14 17 0.95325285 
91 185 15 21 0.94572484 
428 143 11 14 0.93865407 
645 158 11 14 0.9377411 
749 199 15 19 0.9375924 
498 189 14 18 0.9374829 
271 157 13 17 0.93579584 
220 156 14 16 0.93526274 
576 170 14 17 0.9219976 
356 189 14 19 0.91465235 
359 137 14 18 0.911643 
94 227 17 21 0.9102391 
597 161 12 15 0.90538967 
294 35 11 15 0.90245867 
650 107 12 16 0.90040416 
451 188 14 18 0.8872432 
521 177 14 17 0.8685868 
411 74 12 15 0.86660373 
307 160 13 17 0.8401716 
513 156 12 15 0.8117082 
551 159 13 16 0.79016566 
495 167 11 14 0.7880891 
265 66 11 15 0.7746086 
240 76 12 16 0.7586885 
340 150 12 15 0.7214685 
283 87 12 16 0.7139165 
533 147 10 13 0.71282685 
609 143 12 15 0.6510526 
307 142 13 17 0.5814005 
670 167 12 15 0.5762101 
374 79 12 15 0.5187809 
577 140 12 15 0.47662148 
358 173 15 17 0.34993032 
176 153 12 15 0.3395912 
216 62 10 13 0.33845675 
503 146 11 13 0.3295247 
450 161 13 16 0.2867741 
206 77 10 14 0.26306012 
90 307 15 19 0.22827074 
390 86 11 14 0.22432195 
247 62 11 15 0.18617511 
374 92 12 15 0.1749922 
190 71 12 15 0.15338655 
485 28 10 12 0.14638573 
140 148 10 12 0.1408307 
367 123 12 15 0.12886146 
582 125 10 13 0.12488221 
255 163 11 15 0.12444685 
312 84 10 15 0.115079895 
250 295 15 19 0.11485509 
597 441 14 19 0.111966915 
435 159 11 14 0.1093402 
581 155 10 13 0.106603004 
80 182 9 13 0.10062826 
170 135 9 12 0.09512029 
429 476 12 15 0.092960425 
323 10 11 15 0.08551808 
431 34 11 16 0.079903945 
368 11 16 20 0.07318192 
622 128 11 13 0.07276171 
606 98 10 14 0.07203289 
353 71 8 12 0.07165722 
335 77 9 13 0.06769425 
299 55 9 11 0.0654139 
689 147 10 14 0.064077035 
304 86 10 14 0.06383102 
349 75 10 13 0.060509145 
557 94 12 16 0.060397036 
325 360 14 17 0.059999753 
540 172 10 13 0.05903082 
23 183 10 12 0.058094274 
222 84 12 15 0.0564847 
264 13 11 15 0.05580304 
166 155 11 14 0.054807194 
319 7 12 15 0.054266356 
533 153 11 14 0.053853266 
224 71 9 11 0.05279983 
575 147 11 14 0.051730495 
358 70 10 12 0.050649505 
448 134 9 13 0.05044629 
341 171 12 16 0.050175805 
412 47 11 15 0.04920017 
350 139 10 14 0.04899277 
554 123 9 13 0.047886524 
31 187 9 12 0.04665072 
3 219 13 18 0.046540502 
347 86 12 15 0.046036355 
652 80 9 12 0.045824528 
414 156 12 16 0.044736896 
674 462 10 11 0.04431733 
343 142 13 17 0.043199167 
209 61 10 13 0.04260972 
85 181 13 17 0.042455424 
580 133 11 15 0.04235066 
447 35 12 14 0.04180974 
342 226 14 17 0.04151723 
221 56 10 13 0.03966755 
662 166 11 15 0.038334962 
549 139 11 13 0.037689492 
184 124 9 12 0.037397407 
422 117 11 13 0.036761377 
4 147 10 13 0.036708664 
469 185 13 16 0.035101153 
614 99 9 13 0.035044942 
529 133 10 11 0.03487335 
671 159 11 14 0.034843534 
566 158 10 13 0.03423473 
201 77 10 13 0.03420172 
589 140 10 14 0.03415141 
198 12 13 17 0.033840608 
201 101 9 12 0.033784553 
260 19 11 15 0.03247519 
385 46 11 14 0.03226585 
175 38 9 11 0.03200099 
636 178 11 16 0.031939242 
207 56 10 12 0.031749256 
529 127 10 11 0.031671107 
316 44 10 12 0.03139477 
677 295 15 20 0.031234186 
436 53 12 16 0.031210788 
419 154 11 14 0.03090809 
372 477 11 14 0.030180128 
478 143 10 12 0.030151848 
346 234 14 17 0.029551841 
435 60 12 15 0.029393367 
144 127 8 11 0.028817851 
656 171 11 14 0.028446183 
496 142 10 12 0.028286407 
449 128 9 12 0.02828423 
174 162 13 16 0.027948957 
374 130 12 16 0.02752217 
452 37 12 14 0.027404297 
512 85 12 15 0.02739018 
525 166 11 13 0.027355041 
383 235 11 14 0.02723714 
400 39 9 13 0.02717629 
268 149 15 18 0.027113985 
230 75 11 15 0.026782256 
109 186 14 18 0.026374515 
603 158 11 15 0.026197381 
91 30 13 15 0.026147015 
130 54 13 15 0.025802305 
373 69 12 13 0.025710428 
352 456 13 18 0.025631346 
16 183 10 12 0.025573043 
453 44 12 14 0.02555227 
485 45 9 12 0.025448255 
301 30 12 16 0.024839083 
415 14 11 15 0.02448305 
324 103 11 13 0.024400888 
342 76 11 13 0.024321526 
500 155 10 13 0.024264127 
380 82 11 15 0.02409116 
425 34 11 15 0.02355902 
479 45 11 13 0.023548672 
380 127 11 13 0.023487385 
314 6 9 12 0.023397125 
500 62 12 15 0.023312217 
364 67 11 13 0.023237752 
694 142 10 14 0.02319754 
309 89 11 16 0.02296914 
487 62 10 12 0.02242906 
343 71 9 12 0.022361543 
3 202 12 15 0.022297109 
137 126 8 10 0.022293877 
324 78 13 17 0.022192024 
676 444 11 14 0.022154694 
358 127 13 16 0.02204049 
211 77 11 14 0.022022547 
2 142 10 14 0.021649383 
383 92 10 14 0.021314587 
293 86 12 16 0.021277439 
132 141 12 17 0.021030003 
256 26 11 15 0.020975191 
100 52 12 16 0.020960266 
628 163 11 16 0.02093744 
294 17 9 11 0.020908391 
230 307 17 23 0.020765767 
252 66 11 16 0.020594096 
405 18 11 14 0.020383354 
601 99 10 14 0.020319117 
592 157 12 16 0.02025783 
487 36 11 14 0.020210722 
247 57 9 13 0.020084772 
