12_Group_Group_12_Group_Group_12_935
463
695 595 24 31 0.9962507 
943 421 22 31 0.9947824 
979 151 16 22 0.99392784 
513 184 22 28 0.99305576 
298 191 17 23 0.99158317 
20 605 22 28 0.99077356 
753 664 21 29 0.989488 
771 127 19 25 0.989296 
614 492 22 29 0.9892481 
917 499 24 31 0.9892179 
762 420 22 29 0.9889714 
903 559 22 29 0.98865926 
356 278 19 24 0.98823744 
413 166 17 23 0.986989 
143 599 22 27 0.98693085 
74 601 19 26 0.9868073 
635 191 19 25 0.9864427 
625 664 21 27 0.9862758 
522 391 20 25 0.98583686 
297 320 18 22 0.98579365 
405 559 20 28 0.9854182 
683 6 18 22 0.98492473 
242 452 20 24 0.9846577 
222 161 15 20 0.9845894 
650 158 16 23 0.98454225 
510 423 23 27 0.9845131 
250 631 22 26 0.9839527 
759 378 22 29 0.98375505 
172 665 22 26 0.98332226 
888 663 22 28 0.982653 
912 24 19 22 0.9825492 
222 524 21 28 0.982483 
949 611 20 26 0.9824829 
500 65 19 23 0.98227984 
300 155 18 24 0.981987 
443 407 20 25 0.9817426 
772 321 19 24 0.98167634 
98 355 19 25 0.9816027 
719 558 21 27 0.98110354 
648 561 21 28 0.9810714 
169 536 19 25 0.98089784 
675 490 23 29 0.98064363 
363 0 20 26 0.9802223 
821 92 21 27 0.9792867 
216 63 18 23 0.97926956 
807 663 21 27 0.97918975 
924 243 20 27 0.9787815 
701 390 20 26 0.978609 
725 509 20 29 0.9785367 
1003 87 19 27 0.978223 
484 115 18 22 0.9781973 
67 318 22 28 0.97763914 
688 186 20 25 0.9776225 
561 421 20 26 0.97741765 
52 675 22 28 0.97703004 
569 221 18 23 0.97702765 
941 375 20 26 0.9770173 
10 158 18 26 0.9769877 
339 560 21 28 0.9757017 
111 184 21 26 0.97544074 
123 631 20 28 0.9751595 
816 428 21 27 0.9751277 
654 312 19 26 0.97508764 
553 668 20 24 0.9749326 
361 484 19 26 0.9747482 
532 527 20 26 0.97434765 
543 320 20 25 0.97418004 
63 155 22 27 0.9741073 
263 411 21 27 0.97384137 
808 455 21 28 0.97376347 
234 319 20 25 0.9735994 
895 636 21 26 0.9734142 
357 351 20 27 0.9730539 
148 387 21 26 0.9730102 
944 113 20 24 0.9730013 
412 350 19 26 0.9729864 
598 529 21 26 0.9729697 
37 352 18 24 0.97244114 
363 117 20 26 0.9723937 
570 644 17 22 0.97166854 
881 117 20 25 0.9711348 
204 602 20 26 0.97087705 
1004 461 18 32 0.97080415 
662 61 17 24 0.97071296 
112 535 20 25 0.97062945 
441 58 19 26 0.9701844 
36 217 17 23 0.9698954 
398 381 23 28 0.96984136 
18 563 20 26 0.96970505 
464 561 20 28 0.9693934 
853 22 19 25 0.9693608 
304 285 19 25 0.9691722 
607 91 18 22 0.9691667 
49 527 19 22 0.9689039 
217 569 20 25 0.9686224 
341 383 21 27 0.9683747 
696 150 18 24 0.9677375 
463 530 21 27 0.9675126 
846 528 20 27 0.9674403 
204 288 19 26 0.96738285 
112 671 21 24 0.9670817 
144 82 20 28 0.96666723 
280 562 20 26 0.96658003 
705 287 20 26 0.96651 
542 489 21 24 0.96646065 
386 639 20 27 0.9661559 
135 279 20 26 0.9661257 
575 393 21 25 0.96591437 
123 15 19 26 0.96583676 
92 85 19 26 0.96569186 
596 349 20 25 0.9653063 
241 663 21 26 0.96515423 
922 217 19 24 0.9650896 
800 230 19 21 0.96475494 
18 108 20 26 0.96475273 
988 193 20 25 0.9646284 
556 287 20 26 0.9645903 
121 153 20 26 0.96455586 
912 531 20 26 0.9644944 
470 158 20 27 0.9643413 
569 200 20 23 0.9641849 
379 419 20 27 0.9639974 
805 0 18 20 0.9639871 
33 88 18 25 0.9636312 
435 492 19 25 0.96353436 
338 24 22 27 0.96344113 
456 0 19 27 0.9632722 
375 656 22 30 0.96303964 
684 671 20 23 0.96273726 
937 467 22 29 0.96240306 
51 191 20 25 0.9623733 
218 383 21 27 0.96190876 
951 319 21 25 0.96185106 
531 162 21 25 0.9617517 
327 59 19 24 0.96146244 
281 387 19 23 0.96127933 
756 178 20 26 0.96126676 
831 351 20 26 0.9611139 
945 687 19 22 0.9607797 
872 425 23 26 0.9605578 
833 316 20 26 0.9588895 
629 639 21 28 0.9584934 
523 609 20 24 0.9575759 
587 563 22 26 0.95726097 
746 494 19 24 0.957235 
784 287 18 22 0.9557515 
770 604 21 27 0.9554371 
830 383 20 26 0.9550886 
846 221 21 24 0.95389956 
326 597 20 27 0.9536417 
687 217 21 26 0.95345426 
794 490 18 24 0.95335 
319 425 18 23 0.9531114 
720 130 17 23 0.9530706 
56 34 18 21 0.95293635 
974 524 22 27 0.952454 
788 24 21 26 0.9520469 
152 565 21 27 0.9513657 
620 426 20 26 0.95073277 
475 321 19 22 0.95064086 
235 487 18 23 0.95061296 
367 91 19 24 0.9502362 
427 116 19 23 0.94965464 
177 315 21 27 0.9494532 
860 487 21 26 0.9488224 
655 115 19 25 0.94873226 
988 246 21 25 0.9484959 
783 563 20 25 0.9481023 
411 523 20 25 0.9466631 
958 66 18 20 0.9462999 
508 456 20 26 0.9451188 
214 0 16 20 0.94480956 
902 60 20 26 0.9447633 
39 392 20 26 0.944156 
617 219 20 26 0.94385123 
719 30 19 25 0.9430008 
21 457 20 24 0.9418617 
182 174 20 25 0.9394079 
83 572 20 25 0.9392994 
393 58 20 28 0.939044 
-1 635 18 28 0.9387283 
208 93 17 21 0.93871236 
535 354 19 27 0.9386754 
356 151 20 26 0.93852973 
225 346 20 26 0.93745226 
420 96 18 24 0.93648756 
581 608 20 24 0.93641824 
685 453 21 25 0.9352092 
781 529 20 23 0.9339622 
549 91 18 23 0.9339471 
631 606 23 25 0.9338064 
689 426 20 22 0.93369216 
718 349 19 24 0.9334551 
386 203 18 21 0.93320864 
764 640 20 25 0.9315558 
553 256 21 26 0.93091685 
828 640 22 25 0.9304687 
888 88 19 26 0.930395 
295 493 20 26 0.92950493 
511 628 20 26 0.92934644 
830 606 21 25 0.9293074 
613 287 20 23 0.92911094 
554 66 15 20 0.9280927 
284 347 20 26 0.9280714 
869 461 20 26 0.927893 
741 0 19 19 0.92744064 
192 637 20 27 0.92675364 
458 189 21 26 0.9261114 
113 486 18 23 0.9259586 
0 47 17 24 0.9257249 
596 315 19 26 0.9250443 
969 30 19 24 0.92428213 
591 160 21 26 0.92366743 
892 319 20 26 0.9229012 
61 637 21 27 0.9228243 
960 564 23 27 0.92061985 
508 0 21 21 0.91933167 
230 195 20 27 0.9156996 
924 0 20 18 0.91568434 
534 122 21 24 0.9147264 
1000 677 20 24 0.9144092 
429 291 19 22 0.91072017 
262 110 18 22 0.91025335 
435 592 21 27 0.90932614 
461 383 22 29 0.9083027 
357 322 21 24 0.90740204 
738 454 19 25 0.9063351 
742 258 19 26 0.9059606 
285 29 20 25 0.90459484 
135 121 22 25 0.8989388 
155 352 20 26 0.8965695 
262 252 17 21 0.8960061 
490 290 20 22 0.89502 
735 232 17 22 0.8948896 
113 316 19 23 0.8932809 
949 92 18 22 0.8900804 
381 610 21 24 0.8890713 
77 291 18 22 0.8883507 
41 426 20 23 0.88549787 
528 568 21 25 0.8833819 
631 379 21 27 0.8828306 
820 177 19 25 0.8737921 
434 454 20 24 0.8722836 
614 61 19 25 0.868331 
976 227 19 21 0.8626793 
441 646 20 26 0.8624844 
977 495 21 23 0.8623063 
422 330 18 21 0.8563771 
478 347 18 28 0.8563259 
659 539 21 22 0.8518595 
959 351 21 26 0.8454714 
489 260 17 23 0.8446497 
189 0 19 19 0.8429225 
0 487 15 25 0.8370248 
615 255 18 21 0.83353084 
668 90 18 24 0.8302821 
629 4 16 21 0.82538223 
563 461 17 23 0.8168385 
1006 119 16 29 0.81603825 
246 134 16 19 0.8063255 
459 53 16 21 0.8051577 
934 150 17 22 0.78880334 
668 355 19 26 0.77361244 
316 535 21 26 0.76057917 
846 557 19 23 0.75787574 
972 290 21 26 0.75593144 
894 608 19 25 0.75291204 
777 350 17 24 0.7397104 
320 625 18 24 0.7304279 
614 457 20 26 0.7234945 
899 365 17 22 0.7180972 
306 126 17 20 0.7132317 
696 644 22 24 0.7095685 
509 663 16 21 0.7044496 
304 668 22 25 0.70442367 
501 496 18 22 0.70342314 
357 192 17 22 0.70238286 
508 141 14 19 0.6769816 
40 266 17 23 0.66008675 
317 454 20 25 0.6512425 
399 18 21 28 0.64458585 
171 189 12 18 0.6402568 
1010 388 13 29 0.62949675 
340 483 10 15 0.6255851 
843 288 15 18 0.62421787 
326 253 14 18 0.62306494 
594 137 15 17 0.61877275 
24 292 17 20 0.61664265 
166 24 15 17 0.612375 
305 93 18 23 0.59130496 
61 0 18 14 0.55277926 
293 0 17 12 0.52523327 
861 0 18 15 0.470939 
983 630 10 12 0.47066054 
380 647 21 29 0.4599085 
76 495 18 21 0.4468288 
171 119 14 21 0.4135633 
276 598 19 24 0.39289618 
485 94 19 22 0.37400526 
7 0 15 14 0.3690917 
304 475 15 18 0.34580645 
0 669 11 27 0.3395895 
392 322 14 18 0.3374186 
136 0 19 13 0.32996804 
849 386 18 26 0.26595238 
168 86 19 20 0.25969496 
262 7 18 20 0.25544456 
92 36 12 15 0.23305628 
0 186 10 22 0.21675356 
980 79 14 18 0.21491697 
844 669 14 17 0.2109513 
795 264 20 20 0.19807373 
404 201 14 21 0.19487512 
244 531 15 22 0.19350357 
1012 50 12 23 0.19347982 
257 86 16 19 0.18365751 
201 28 12 15 0.18296258 
1013 326 11 20 0.16122521 
438 261 14 18 0.1602283 
942 230 13 16 0.1565229 
742 144 15 17 0.15016131 
459 250 13 16 0.1467555 
22 0 13 12 0.14557403 
668 306 16 22 0.14546421 
1014 2 9 16 0.14196683 
876 383 17 21 0.1363547 
450 56 16 23 0.134588 
826 66 17 23 0.13109583 
514 268 17 18 0.1302068 
973 2 15 18 0.12852263 
3 379 13 19 0.12764448 
720 404 15 20 0.12043192 
656 236 14 18 0.112343006 
900 292 18 23 0.10967988 
0 25 10 19 0.09745931 
16 291 14 18 0.0958241 
184 434 21 22 0.09118506 
486 554 19 28 0.09018533 
40 123 14 17 0.08965946 
983 331 10 13 0.08730615 
144 512 11 13 0.0864743 
783 92 12 16 0.08324642 
161 0 15 13 0.08312181 
0 318 10 21 0.07915231 
500 244 18 23 0.07828676 
405 131 15 19 0.07766243 
641 382 18 23 0.07544271 
203 0 19 22 0.07518933 
214 28 14 18 0.07353167 
607 201 15 20 0.07118874 
237 0 16 15 0.06969859 
967 92 14 20 0.0683199 
132 510 10 13 0.06351455 
287 -1 15 12 0.06280186 
843 384 16 24 0.06147519 
651 435 18 22 0.06052576 
930 532 15 21 0.060213126 
267 196 16 20 0.05931719 
125 80 16 20 0.055382963 
997 60 16 21 0.055221993 
974 80 13 17 0.053549234 
91 0 15 12 0.053269368 
612 1 15 14 0.050889965 
443 622 18 23 0.050476015 
414 329 16 20 0.049487002 
168 97 20 20 0.049266197 
1005 52 16 27 0.049076866 
22 389 14 19 0.047296103 
989 393 15 21 0.046247996 
498 505 18 25 0.046111427 
974 668 17 19 0.045401495 
898 212 14 19 0.045121487 
506 123 13 15 0.044799622 
621 0 14 14 0.0441454 
981 244 18 23 0.04355205 
480 697 19 16 0.043327753 
322 475 14 17 0.043121543 
882 194 15 22 0.04190381 
173 178 16 25 0.041859247 
89 420 16 20 0.04055387 
1011 498 11 19 0.039837733 
894 358 15 20 0.0393609 
301 85 18 23 0.039141104 
836 284 17 23 0.03902685 
554 155 16 19 0.03843719 
73 0 15 11 0.037808187 
294 11 15 18 0.037798364 
499 256 16 22 0.037494786 
252 15 12 14 0.037106294 
788 4 13 15 0.036809344 
973 66 14 19 0.036518086 
329 620 18 24 0.0364168 
974 8 19 19 0.036255922 
922 529 16 24 0.03599659 
542 0 18 22 0.03552959 
126 431 15 21 0.035420798 
991 26 16 25 0.034939814 
841 511 19 20 0.03421601 
130 78 20 25 0.033744648 
0 250 9 16 0.033733517 
190 442 19 20 0.03332684 
1012 279 12 25 0.032631014 
957 364 18 24 0.032569285 
251 185 13 19 0.03138509 
817 488 20 27 0.031367462 
373 457 17 22 0.031020476 
727 680 16 21 0.0309216 
333 490 13 17 0.03062242 
902 124 15 19 0.030580973 
229 190 16 21 0.030018786 
395 198 16 21 0.029931111 
2 277 10 16 0.029705493 
430 0 15 13 0.029558772 
498 385 15 21 0.028861532 
479 91 14 19 0.02831048 
667 155 14 21 0.028248344 
180 116 14 22 0.027853498 
450 642 17 26 0.027644975 
982 391 14 20 0.027261704 
516 454 20 26 0.02719223 
898 144 15 20 0.02704016 
953 100 17 23 0.026737498 
986 81 14 18 0.026482219 
797 -1 15 16 0.025796318 
708 209 16 22 0.025788888 
212 186 16 20 0.025675407 
298 481 20 27 0.025067562 
314 90 16 23 0.0249123 
1012 62 12 20 0.02485575 
490 193 19 24 0.024630541 
326 491 13 18 0.024388095 
324 698 17 15 0.02429221 
98 0 15 13 0.024131 
245 178 14 19 0.024076376 
544 65 15 20 0.023924705 
838 556 17 24 0.023722116 
451 316 15 18 0.023531629 
4 281 12 16 0.023418635 
211 43 17 18 0.02340942 
785 346 17 26 0.02330728 
233 167 17 21 0.023198849 
67 114 17 23 0.022892885 
981 696 17 16 0.022635164 
856 557 17 21 0.022615612 
39 3 13 13 0.022615526 
881 413 18 21 0.022429874 
625 65 15 21 0.022429291 
602 133 16 20 0.022081891 
56 0 14 13 0.02177866 
86 16 14 18 0.021536877 
157 122 12 19 0.02145666 
234 176 17 21 0.021407835 
958 91 17 25 0.02113919 
0 160 11 22 0.021000084 
967 83 14 17 0.020792156 
854 0 17 13 0.020617211 
0 347 7 16 0.02058697 
235 527 17 25 0.02036883 
1014 335 10 19 0.020306095 
312 457 14 19 0.020242028 
538 565 17 22 0.020223422 
0 565 10 19 0.02019196 
909 135 16 23 0.02003499 
