12_Group_Team_Organized_Group_12_Group_Team_Organized_Group_12_500
18
586 157 106 141 0.99943095 
876 165 118 168 0.9992756 
224 167 106 120 0.9991171 
934 75 89 130 0.9967032 
389 122 143 189 0.9925424 
918 123 91 124 0.25160646 
89 241 30 41 0.24431185 
369 0 25 22 0.16948381 
68 159 22 30 0.074168585 
510 236 45 74 0.07333129 
418 0 22 21 0.058492802 
311 10 26 28 0.055046074 
729 225 33 46 0.0476019 
339 0 18 17 0.036897812 
352 81 69 99 0.03259092 
373 86 98 113 0.03059126 
451 170 105 154 0.024835028 
78 253 24 38 0.02297384 
