12_Group_Group_12_Group_Group_12_153
29
752 438 113 160 0.9993259 
405 322 227 299 0.9991738 
187 539 80 121 0.99642485 
258 141 379 469 0.12758383 
101 42 520 360 0.083604954 
499 794 12 15 0.04619146 
85 422 11 16 0.045135207 
572 853 13 16 0.04301718 
76 420 15 21 0.04285299 
580 799 11 15 0.041297242 
998 373 21 30 0.040436443 
213 486 12 16 0.039959833 
466 828 12 14 0.03785231 
592 853 9 10 0.033508938 
569 817 9 12 0.03320814 
304 496 8 10 0.032921348 
1003 320 18 21 0.031880233 
501 827 12 15 0.03163282 
69 392 12 16 0.029695643 
434 131 422 493 0.02840687 
77 393 21 26 0.026237506 
337 484 9 12 0.025596794 
77 351 15 20 0.02470039 
5 497 11 15 0.02283767 
340 521 9 11 0.022723174 
217 488 15 19 0.02231594 
93 423 10 14 0.02109836 
559 759 7 9 0.021045616 
309 494 8 10 0.020633377 
