12_Group_Large_Group_12_Group_Large_Group_12_15
21
635 329 32 39 0.99968386 
635 445 36 44 0.99959403 
521 392 31 38 0.99928385 
244 354 34 43 0.9991722 
517 257 34 46 0.99915195 
77 416 32 39 0.99864453 
764 266 36 46 0.9985397 
613 195 39 49 0.99849486 
405 239 39 45 0.9984586 
139 323 38 50 0.99831736 
806 426 33 40 0.9982191 
409 369 42 54 0.9980404 
173 382 30 36 0.99804014 
217 216 38 50 0.9980375 
853 204 41 50 0.99803287 
859 439 33 37 0.99798274 
307 196 38 51 0.99757963 
567 308 28 33 0.9973471 
357 281 38 46 0.99708897 
737 344 29 36 0.99617743 
592 448 21 22 0.027820501 
