12_Group_Large_Group_12_Group_Large_Group_12_253
64
243 400 33 41 0.9992501 
408 235 28 36 0.99920756 
485 364 34 45 0.99913496 
678 321 28 37 0.99911946 
351 422 31 39 0.99906653 
355 226 28 37 0.9990134 
87 243 29 34 0.9987804 
972 390 33 40 0.9987142 
934 258 27 35 0.99867034 
161 264 31 38 0.99865425 
158 210 27 34 0.9985989 
659 385 29 36 0.99856853 
545 333 31 40 0.99848014 
40 265 33 40 0.99847645 
297 229 25 32 0.99811304 
758 373 29 34 0.99798965 
460 233 26 34 0.9979747 
20 434 34 45 0.99793327 
860 252 27 34 0.99768317 
130 416 37 47 0.9975249 
606 322 27 35 0.99746644 
616 286 27 33 0.99742186 
330 200 23 31 0.9973272 
590 424 27 33 0.9969959 
873 386 30 37 0.9969638 
394 199 24 30 0.99673295 
118 199 23 32 0.9963844 
797 233 24 31 0.99623954 
28 201 26 33 0.99554944 
636 226 24 30 0.9954802 
206 196 25 31 0.99461323 
708 246 25 32 0.99459296 
560 204 22 29 0.9942983 
499 210 22 29 0.99207956 
281 260 27 36 0.9917252 
0 242 21 32 0.991443 
731 233 22 28 0.9907945 
765 260 21 27 0.9873652 
261 220 23 27 0.9871881 
896 239 21 31 0.986811 
683 237 21 28 0.98617053 
767 202 21 26 0.97607577 
613 210 23 27 0.9728431 
457 204 23 26 0.97219443 
390 434 41 43 0.9663037 
861 224 21 24 0.9568882 
563 323 23 30 0.94219893 
214 270 29 33 0.91898197 
687 225 19 19 0.2103521 
904 221 9 11 0.10078029 
943 221 8 10 0.09609098 
523 213 12 18 0.048958436 
694 237 20 29 0.046209976 
907 222 11 12 0.04523825 
284 220 14 22 0.041052062 
908 228 12 14 0.03738328 
92 147 10 13 0.0350128 
896 222 10 14 0.032572694 
781 239 16 23 0.027449831 
845 222 11 13 0.026463436 
861 213 12 13 0.024747036 
858 242 25 30 0.02117298 
902 226 13 15 0.02088601 
291 423 22 28 0.020528426 
