12_Group_Group_12_Group_Group_12_519
137
822 202 31 41 0.9992242 
569 198 37 48 0.9989648 
903 207 29 38 0.9989299 
712 221 37 47 0.9984848 
449 207 40 50 0.9940969 
663 146 20 34 0.70784163 
1000 62 12 14 0.6673353 
717 131 28 37 0.65340996 
758 71 13 16 0.33027953 
707 46 14 16 0.29254243 
979 38 11 14 0.2425906 
799 66 13 14 0.21754244 
965 57 12 16 0.20520154 
719 77 14 17 0.18926235 
824 94 12 15 0.18255034 
460 19 16 21 0.16829418 
823 40 12 16 0.16606618 
244 69 12 14 0.16131383 
247 92 14 19 0.15908545 
925 37 13 15 0.13386367 
467 23 15 18 0.13082254 
801 175 27 33 0.12138119 
306 11 12 15 0.10913966 
683 0 19 19 0.10844207 
499 21 16 23 0.108292006 
738 1 16 16 0.09744242 
786 111 17 19 0.08148816 
746 48 16 18 0.081293985 
830 60 16 20 0.07784678 
212 111 12 16 0.07717383 
684 29 21 31 0.076611646 
891 18 13 15 0.06875469 
778 106 22 28 0.06245693 
997 100 12 16 0.061366424 
742 96 14 18 0.060607668 
301 43 13 17 0.058646586 
573 140 12 15 0.058535744 
284 99 13 16 0.05749917 
590 95 9 13 0.056943305 
855 42 14 17 0.05528532 
771 28 12 17 0.053202532 
618 101 12 14 0.049294736 
804 13 15 18 0.047399234 
863 1 12 12 0.046879802 
900 61 13 18 0.045985177 
431 65 14 18 0.045469195 
310 68 13 16 0.045058686 
362 0 15 12 0.044076312 
263 46 12 15 0.043078482 
928 19 12 15 0.042928196 
768 104 22 33 0.042627152 
511 49 14 16 0.042058595 
293 28 14 18 0.041646354 
303 82 28 34 0.04056691 
165 359 11 14 0.039185364 
778 57 14 20 0.039169125 
364 82 15 18 0.03892035 
820 61 14 19 0.03872042 
342 7 12 14 0.03853348 
333 37 13 16 0.038143314 
795 72 27 34 0.03810297 
537 1 25 26 0.03782614 
319 26 13 15 0.03753751 
588 158 11 16 0.036761258 
666 6 13 17 0.036413144 
700 100 16 21 0.036205675 
1002 29 13 16 0.036132887 
857 77 20 28 0.035863563 
624 135 27 35 0.033385478 
710 71 23 26 0.03289807 
645 124 13 17 0.032803867 
822 0 11 11 0.032589648 
381 70 12 15 0.03251291 
1013 83 10 15 0.031339683 
362 102 16 17 0.03133022 
662 130 28 39 0.030966332 
883 51 13 16 0.030902557 
431 14 12 14 0.030860635 
697 37 20 26 0.03061703 
976 91 13 16 0.030261168 
652 135 23 37 0.030147329 
854 89 14 19 0.030064233 
703 5 12 16 0.029745078 
291 31 19 26 0.029163534 
428 192 24 30 0.028224688 
765 85 13 16 0.028123206 
683 188 22 29 0.028068107 
294 64 12 17 0.027733454 
653 139 34 52 0.027500642 
764 115 16 24 0.027436666 
266 49 12 16 0.027286638 
671 66 12 15 0.02722334 
277 71 12 16 0.027095202 
848 101 12 17 0.026715744 
903 52 15 18 0.026530378 
307 96 18 22 0.026446296 
603 134 12 15 0.026379416 
945 108 10 15 0.026318118 
582 145 41 53 0.026122069 
1004 6 14 15 0.02607781 
585 98 11 16 0.025926944 
860 48 14 17 0.025745587 
195 82 13 18 0.025533492 
827 17 13 16 0.025480017 
447 9 13 18 0.025296945 
651 42 15 18 0.025156897 
832 54 13 15 0.024851838 
356 29 13 18 0.024842016 
422 76 10 14 0.024577066 
582 12 14 19 0.023976283 
639 87 20 29 0.023888007 
451 12 16 21 0.023782564 
525 192 16 22 0.023480047 
843 164 14 19 0.023431433 
216 60 11 16 0.023346737 
707 8 14 17 0.02333328 
612 93 25 29 0.022833029 
840 83 12 16 0.02270072 
653 83 13 20 0.02250362 
439 196 27 39 0.022478236 
386 42 16 19 0.022045 
484 71 14 18 0.022038575 
894 0 10 10 0.021875834 
389 113 24 31 0.021742212 
595 134 16 18 0.021588188 
284 127 25 30 0.021282088 
253 67 13 16 0.020974183 
323 31 20 25 0.020887366 
801 221 22 27 0.020876661 
315 105 15 18 0.020728704 
301 65 13 19 0.020716982 
884 70 11 13 0.0205456 
972 11 13 16 0.020438906 
484 0 15 13 0.020206852 
773 100 13 19 0.020195464 
180 127 51 72 0.02009546 
781 99 14 20 0.020063134 
