12_Group_Team_Organized_Group_12_Group_Team_Organized_Group_12_850
21
471 173 129 161 0.99975234 
283 240 131 143 0.99913055 
671 266 32 47 0.99114335 
926 275 14 18 0.42587364 
965 293 13 17 0.29498163 
970 292 14 16 0.08824902 
119 258 12 14 0.08282307 
1012 269 10 14 0.08260762 
936 294 12 17 0.068274245 
1011 248 11 17 0.061773133 
973 304 16 18 0.04172778 
904 286 11 12 0.040572744 
1011 299 13 20 0.03544763 
980 290 14 17 0.031632774 
59 256 15 20 0.031135777 
29 378 17 20 0.027719555 
988 289 13 18 0.027226422 
1006 293 14 17 0.024805067 
1007 271 13 17 0.024332829 
0 25 27 33 0.023376347 
93 251 15 17 0.022783369 
