12_Group_Large_Group_12_Group_Large_Group_12_103
38
916 301 53 64 0.99890125 
638 141 26 33 0.99859124 
501 188 39 48 0.9965804 
773 190 30 42 0.99633104 
821 167 23 32 0.9955076 
402 203 28 43 0.9938532 
534 174 26 35 0.9936837 
311 195 42 55 0.9926979 
107 152 39 50 0.9890394 
361 135 19 25 0.9817811 
399 149 22 29 0.9757943 
509 128 20 25 0.9613188 
487 334 77 98 0.95609397 
922 179 19 34 0.95459235 
297 162 20 30 0.9498585 
739 133 19 25 0.948246 
641 227 38 62 0.92092985 
666 131 19 27 0.40014935 
443 147 14 21 0.40002328 
316 128 18 21 0.38346976 
437 142 14 20 0.13233188 
704 187 24 26 0.12714419 
520 187 29 37 0.07429139 
649 137 26 30 0.07233171 
337 161 14 18 0.066023275 
0 205 23 37 0.050404813 
580 181 25 33 0.03360096 
745 284 24 43 0.033256687 
308 134 20 21 0.032475337 
6 232 27 47 0.032041457 
156 173 24 33 0.027588159 
696 192 21 23 0.026303964 
450 149 15 24 0.023965467 
740 194 17 21 0.02340953 
170 184 15 18 0.023363769 
329 160 24 28 0.022140915 
757 175 21 26 0.021694748 
294 167 34 46 0.020793712 
