12_Group_Team_Organized_Group_12_Group_Team_Organized_Group_12_551
19
489 74 92 113 0.9988675 
274 -2 83 106 0.9958242 
745 434 18 24 0.71895975 
808 436 16 22 0.49123347 
722 392 17 21 0.2696903 
714 103 36 50 0.12520693 
197 407 17 22 0.108306095 
837 392 23 26 0.09688549 
752 321 25 33 0.03421761 
820 442 14 20 0.032233603 
724 97 53 68 0.030505946 
770 356 27 29 0.028046587 
861 357 15 19 0.026687685 
830 393 19 20 0.025587318 
700 61 46 59 0.024240708 
793 394 15 20 0.02272628 
743 105 57 71 0.021965457 
711 90 98 130 0.021801693 
754 387 16 21 0.021754915 
