12_Group_Large_Group_12_Group_Large_Group_12_228
37
698 415 18 22 0.99572515 
827 405 18 23 0.9945205 
525 407 17 22 0.99271554 
483 397 17 21 0.9922501 
781 410 17 22 0.99159473 
564 405 16 20 0.99149865 
202 408 16 20 0.9911767 
429 414 16 21 0.9903515 
156 415 15 19 0.99018025 
293 406 16 20 0.9858314 
869 420 17 21 0.98530895 
906 413 16 21 0.9844701 
653 417 18 24 0.98264194 
606 411 17 22 0.977444 
338 412 14 19 0.97722536 
248 411 15 19 0.9677904 
111 410 16 21 0.9635328 
742 407 18 23 0.96095306 
393 412 14 18 0.95483637 
306 475 16 18 0.8408248 
464 501 14 17 0.6101188 
468 477 11 14 0.30737668 
404 430 13 18 0.19988556 
61 434 17 21 0.14761251 
243 471 19 20 0.07798491 
46 404 14 17 0.045473095 
52 404 12 15 0.04274728 
405 502 12 15 0.04175018 
150 360 10 12 0.041615494 
820 396 12 15 0.036191463 
60 411 11 14 0.033972207 
87 355 13 16 0.0313114 
55 409 12 15 0.030067695 
515 498 13 16 0.026065176 
0 395 14 19 0.025332501 
103 398 12 16 0.022040784 
347 473 14 18 0.021949075 
