12_Group_Team_Organized_Group_12_Group_Team_Organized_Group_12_403
27
231 399 24 28 0.99488646 
879 210 24 30 0.9918538 
359 409 23 28 0.9871651 
751 265 22 28 0.98212343 
436 335 23 26 0.98036146 
602 261 22 27 0.9656804 
183 290 22 26 0.957434 
318 334 20 24 0.8689634 
190 422 14 17 0.72034353 
340 361 15 22 0.16783805 
411 418 17 22 0.085977346 
105 447 10 13 0.0679726 
131 385 16 18 0.05844307 
494 381 12 14 0.0508511 
165 470 11 12 0.04088898 
313 384 16 22 0.033277515 
84 417 13 17 0.032856453 
482 342 16 21 0.028092138 
766 307 28 38 0.027698843 
565 264 8 11 0.024311243 
134 399 24 28 0.023715017 
666 321 15 19 0.023511285 
63 430 10 12 0.023434533 
0 564 12 16 0.02249749 
663 316 15 18 0.022036683 
545 280 8 10 0.021464396 
97 391 10 13 0.020766338 
