12_Group_Group_12_Group_Group_12_735
21
212 304 95 116 0.9991461 
537 259 96 130 0.9991166 
763 230 44 58 0.9930956 
816 378 92 132 0.98910636 
171 196 85 148 0.5560817 
180 242 101 147 0.18169656 
869 263 39 48 0.11696481 
972 271 14 15 0.0856366 
897 259 45 49 0.055983447 
806 197 9 11 0.053736787 
924 254 44 51 0.037207004 
999 289 23 29 0.033123527 
968 276 22 27 0.032588392 
995 304 30 49 0.02910156 
878 253 26 36 0.028732006 
902 230 30 35 0.02446902 
643 249 50 68 0.02366641 
855 264 27 34 0.023017216 
780 274 18 23 0.022058839 
1013 63 10 20 0.021423481 
526 102 8 10 0.02062343 
