12_Group_Group_12_Group_Group_12_268
30
571 222 34 44 0.99961627 
702 191 32 41 0.99949706 
807 224 29 40 0.9993537 
586 363 37 47 0.999268 
151 262 31 40 0.9992472 
757 212 33 43 0.9990715 
626 220 35 45 0.9989146 
854 230 34 41 0.9989084 
457 326 38 48 0.9988034 
246 350 35 44 0.9987895 
369 208 33 41 0.99855083 
444 217 34 43 0.99849355 
486 191 34 45 0.9984028 
218 211 35 39 0.99832135 
103 245 36 44 0.9981573 
305 244 30 35 0.9980136 
707 383 38 47 0.997943 
725 263 36 42 0.99775046 
896 209 34 45 0.99774003 
810 395 40 47 0.9969723 
914 319 36 47 0.99696237 
342 356 43 54 0.99552345 
605 200 30 40 0.98988813 
156 346 40 51 0.98241365 
240 93 24 25 0.89872026 
156 218 15 20 0.6302066 
772 431 17 24 0.47582212 
426 167 27 30 0.043001868 
50 142 8 12 0.02517113 
584 218 28 38 0.023217944 
