12_Group_Large_Group_12_Group_Large_Group_12_1007
27
447 200 34 41 0.99937797 
6 158 30 35 0.99893206 
110 140 29 38 0.99834085 
260 151 31 36 0.9980234 
344 168 32 37 0.99709547 
530 196 40 48 0.9952742 
636 212 37 45 0.9917999 
368 231 39 51 0.9892726 
976 198 22 26 0.96121657 
602 221 22 26 0.9052483 
224 195 39 54 0.8534924 
162 156 14 18 0.774864 
684 248 37 47 0.55070686 
679 234 30 49 0.26212123 
869 218 28 50 0.21305838 
769 239 27 37 0.20331165 
663 162 32 34 0.11606595 
387 178 23 25 0.055604346 
819 238 38 46 0.047840547 
659 150 29 35 0.047462877 
667 218 38 54 0.028927969 
850 219 32 48 0.028414356 
771 237 44 53 0.026720626 
491 219 25 27 0.025232345 
630 214 23 35 0.023444174 
794 104 48 70 0.020985343 
412 176 16 20 0.020663477 
