12_Group_Team_Organized_Group_12_Group_Team_Organized_Group_12_707
44
388 270 31 42 0.99957997 
299 159 32 44 0.999509 
492 282 32 41 0.99926645 
719 299 37 49 0.99925476 
210 153 35 46 0.99904424 
179 270 39 50 0.9988225 
501 137 33 46 0.9988212 
602 273 37 48 0.99855596 
684 149 36 47 0.9975319 
280 256 33 47 0.9974764 
390 163 34 43 0.9973048 
606 138 30 42 0.9969748 
793 126 40 46 0.9915941 
550 139 10 13 0.20612109 
625 78 8 11 0.204943 
186 133 9 10 0.09473339 
71 151 7 10 0.0588876 
15 148 8 11 0.04762512 
523 110 7 9 0.045241024 
556 167 9 12 0.04378216 
466 30 7 9 0.0434263 
945 77 8 10 0.043019287 
998 72 8 10 0.041819368 
530 33 8 10 0.03791853 
26 135 7 9 0.03676927 
55 190 8 9 0.03613433 
0 120 8 11 0.033237346 
992 72 8 10 0.03249013 
31 135 7 10 0.031121338 
120 164 8 10 0.030714031 
581 456 28 31 0.030318698 
0 348 13 21 0.029131299 
49 112 8 10 0.02699453 
0 171 10 13 0.026437677 
263 184 9 11 0.025916964 
526 105 7 10 0.02467762 
80 112 7 9 0.023636362 
657 87 8 10 0.02361191 
72 159 8 9 0.023148568 
67 150 7 10 0.022218917 
545 133 11 13 0.02217581 
201 127 8 9 0.022120282 
23 109 7 9 0.021207629 
422 129 7 9 0.02050326 
