12_Group_Large_Group_12_Group_Large_Group_12_213
66
292 285 14 18 0.98843014 
471 297 16 21 0.98662347 
850 267 17 22 0.98632336 
484 346 26 32 0.984866 
245 303 17 23 0.98255575 
351 358 31 32 0.98006505 
668 278 12 16 0.9791781 
405 291 12 15 0.9583478 
167 411 38 32 0.9367606 
279 317 21 26 0.9250644 
585 284 12 16 0.9213184 
738 274 12 16 0.9139714 
885 281 13 16 0.90589386 
698 311 14 18 0.8939264 
721 379 25 25 0.8651114 
763 305 12 17 0.7420663 
425 317 18 20 0.7175434 
382 346 20 31 0.54253227 
0 378 21 46 0.5119456 
581 318 16 19 0.5111851 
414 301 13 16 0.46469334 
836 352 29 30 0.46038347 
551 308 9 11 0.33943346 
411 293 13 16 0.2601733 
700 365 13 18 0.1469244 
944 315 24 23 0.1462025 
582 308 14 17 0.1356071 
419 308 13 19 0.11810258 
257 424 17 19 0.10658507 
784 300 8 11 0.086841814 
293 346 20 21 0.07643959 
526 318 10 14 0.07364889 
590 400 14 18 0.06722811 
790 316 12 16 0.065776765 
364 350 24 32 0.06078889 
773 301 11 14 0.056801204 
590 279 12 17 0.056195557 
709 370 12 18 0.05319173 
544 304 9 12 0.05260633 
596 277 9 12 0.048288256 
750 357 13 15 0.044978157 
547 328 16 19 0.041633107 
555 301 9 12 0.041565698 
669 366 13 19 0.041353386 
720 345 11 15 0.039509103 
789 300 9 11 0.0347799 
646 342 14 21 0.03209678 
436 306 13 18 0.029227296 
576 341 12 16 0.028507458 
994 342 26 31 0.027729854 
754 339 10 14 0.027727457 
655 276 8 11 0.026356973 
713 286 11 13 0.024429716 
621 276 9 11 0.023663405 
269 302 14 16 0.023609938 
714 372 19 22 0.023432013 
731 340 11 12 0.023118243 
709 375 16 22 0.022444325 
448 291 12 14 0.022083674 
268 285 9 12 0.021019911 
545 337 17 19 0.020703655 
281 278 9 12 0.02043543 
663 364 13 20 0.020433592 
725 341 13 15 0.020128956 
671 367 21 25 0.020035068 
589 302 13 17 0.0200081 
