12_Group_Team_Organized_Group_12_Group_Team_Organized_Group_12_583
63
922 247 37 46 0.9972415 
570 220 24 33 0.9959954 
829 224 28 36 0.9920561 
815 301 57 72 0.9869127 
143 44 36 42 0.9864466 
259 232 50 57 0.9759059 
992 155 25 31 0.9734125 
830 173 24 31 0.96955955 
435 215 24 31 0.9652242 
702 143 22 28 0.9603255 
526 281 38 51 0.924831 
533 136 25 29 0.8997253 
360 74 21 28 0.7660106 
392 177 22 26 0.7530162 
668 193 24 30 0.73857045 
851 198 20 26 0.30471122 
260 66 19 21 0.2410265 
458 238 25 32 0.21663909 
757 139 16 19 0.16974379 
574 134 22 28 0.14035872 
853 69 14 17 0.118426204 
608 115 28 33 0.103883766 
789 186 24 28 0.094127916 
489 81 31 36 0.06403691 
611 145 30 33 0.061789878 
528 175 23 28 0.057124272 
610 129 27 31 0.05527355 
757 143 21 26 0.054946773 
817 66 10 15 0.051701702 
931 200 25 31 0.046847604 
790 210 21 28 0.04574941 
483 60 17 21 0.044515576 
924 171 14 20 0.04386109 
544 225 24 30 0.043618307 
261 90 17 18 0.04126667 
498 130 19 19 0.040008534 
236 72 15 18 0.037430484 
796 180 18 23 0.036120124 
651 163 17 19 0.03099596 
899 152 16 20 0.030280747 
479 58 14 18 0.02998491 
712 168 20 26 0.029175576 
764 134 14 19 0.02915947 
412 79 17 22 0.02904668 
392 277 25 31 0.028251301 
484 66 29 38 0.027035775 
536 173 27 28 0.026636759 
912 167 21 27 0.025858982 
506 308 22 29 0.025046691 
585 135 18 24 0.02445722 
409 88 22 28 0.024071844 
695 281 29 32 0.02406794 
464 153 22 30 0.023321899 
449 277 25 27 0.023255633 
390 208 26 29 0.022876523 
449 254 27 34 0.022752857 
429 92 17 20 0.022466708 
991 228 27 40 0.021999678 
771 139 12 16 0.02195623 
369 121 41 49 0.021938065 
598 293 24 27 0.021616433 
504 26 13 16 0.021523306 
418 129 22 26 0.020250186 
