12_Group_Group_12_Group_Group_12_354
3381
172 10 397 351 0.12508959 
379 4 410 339 0.12508622 
563 -20 410 331 0.12508464 
257 25 219 212 0.1250664 
353 27 215 209 0.12506062 
515 26 211 210 0.12505968 
600 10 218 201 0.12505235 
615 82 127 162 0.12505181 
498 59 119 151 0.1250517 
422 36 116 141 0.12505166 
726 47 116 145 0.12505157 
374 79 106 166 0.12505145 
603 28 118 134 0.12505135 
358 15 116 131 0.12505132 
124 69 95 163 0.1250513 
12 47 74 148 0.1250513 
557 49 118 145 0.12505122 
316 28 106 132 0.12505122 
778 57 117 154 0.12505119 
523 23 117 139 0.12505119 
681 27 122 133 0.12505117 
421 92 105 171 0.12505114 
95 108 88 174 0.12505111 
531 105 105 172 0.12505108 
327 90 106 171 0.12505108 
466 87 110 176 0.12505105 
468 27 112 134 0.12505105 
219 62 97 151 0.12505105 
252 38 96 138 0.12505104 
283 80 99 166 0.12505104 
78 62 90 151 0.12505102 
49 26 89 136 0.12505092 
5 -9 70 136 0.12505092 
681 74 119 169 0.12505092 
157 107 92 173 0.1250508 
857 57 110 155 0.12505078 
49 97 88 167 0.12505078 
154 48 98 147 0.12505072 
2 118 70 157 0.12505063 
253 106 89 176 0.12505062 
187 25 97 134 0.12505059 
109 28 93 132 0.12505059 
582 105 98 174 0.12505056 
814 24 110 140 0.12505056 
768 105 106 170 0.1250505 
395 134 95 176 0.1250504 
766 23 110 125 0.12505038 
832 91 106 170 0.12505038 
276 12 102 120 0.12505029 
655 166 84 153 0.12505028 
217 12 106 120 0.12505028 
205 153 90 169 0.1250502 
297 149 96 175 0.1250502 
561 164 85 156 0.1250501 
187 81 95 164 0.12505008 
881 20 103 130 0.12505005 
137 11 96 118 0.12505002 
440 150 98 172 0.12505001 
30 144 76 161 0.12505 
138 160 92 180 0.12504996 
701 166 84 152 0.1250499 
746 166 89 154 0.12504989 
348 151 93 171 0.12504973 
807 132 91 177 0.12504968 
898 91 99 171 0.12504968 
490 146 97 179 0.12504968 
719 6 108 112 0.12504965 
608 167 86 151 0.12504959 
66 156 82 170 0.12504959 
658 9 108 110 0.12504943 
562 8 107 109 0.12504931 
174 5 219 202 0.12504926 
72 8 100 109 0.12504904 
867 138 90 169 0.12504902 
404 7 104 108 0.12504892 
923 46 89 150 0.12504883 
482 1 108 99 0.12504861 
594 219 44 76 0.12504831 
562 220 43 74 0.1250483 
493 77 55 82 0.1250483 
635 76 57 83 0.1250483 
555 90 57 85 0.12504826 
395 61 57 82 0.12504826 
333 48 55 78 0.1250482 
444 62 57 81 0.12504819 
685 123 52 84 0.12504818 
404 219 43 76 0.12504816 
780 77 55 82 0.12504816 
540 61 55 82 0.12504816 
270 62 52 81 0.12504816 
690 220 44 73 0.12504816 
254 47 53 80 0.12504816 
300 48 55 78 0.12504816 
142 106 51 86 0.12504816 
335 2 108 99 0.12504813 
717 78 52 80 0.12504812 
620 123 55 84 0.12504812 
658 220 43 75 0.12504812 
603 90 56 85 0.12504812 
669 93 53 82 0.12504812 
524 92 56 83 0.1250481 
509 122 53 86 0.1250481 
640 172 48 83 0.12504809 
485 220 42 73 0.12504809 
287 123 50 84 0.12504809 
1 190 71 149 0.12504807 
532 219 43 75 0.12504807 
239 92 50 84 0.12504807 
626 220 43 74 0.12504803 
916 156 84 165 0.12504803 
571 47 57 79 0.12504803 
477 107 53 84 0.12504801 
559 154 50 86 0.12504801 
24 3 100 100 0.12504801 
652 138 54 85 0.12504801 
303 93 50 83 0.12504801 
287 77 51 83 0.12504801 
398 122 51 86 0.12504801 
318 62 52 81 0.125048 
174 77 51 82 0.125048 
240 139 48 85 0.125048 
608 171 48 85 0.125048 
670 155 51 84 0.12504797 
112 138 48 85 0.12504795 
262 129 12 21 0.12504795 
159 92 50 84 0.12504795 
540 121 55 86 0.12504795 
367 139 49 84 0.12504794 
700 63 54 79 0.12504794 
177 182 82 152 0.12504794 
746 63 58 79 0.12504792 
64 170 46 85 0.12504792 
304 155 47 85 0.12504792 
351 78 49 81 0.1250479 
718 140 51 83 0.1250479 
590 139 51 84 0.1250479 
430 92 51 84 0.1250479 
799 156 49 83 0.12504788 
430 138 51 86 0.12504788 
271 138 49 86 0.12504788 
366 63 51 79 0.12504786 
446 123 52 84 0.12504786 
526 139 52 84 0.12504783 
160 219 45 83 0.12504782 
192 154 47 86 0.12504782 
206 47 51 79 0.12504782 
433 219 45 78 0.12504782 
143 61 50 82 0.12504782 
336 156 48 83 0.12504782 
160 155 47 85 0.12504782 
414 107 51 85 0.1250478 
463 138 50 86 0.12504779 
801 4 104 99 0.12504779 
48 154 47 86 0.12504777 
813 93 53 82 0.12504777 
95 107 49 85 0.12504777 
64 123 48 85 0.12504777 
474 48 60 77 0.12504777 
723 220 44 74 0.12504776 
351 123 50 84 0.12504776 
319 108 49 83 0.12504774 
815 140 49 83 0.12504774 
383 155 49 84 0.12504774 
847 140 49 83 0.12504771 
831 156 49 83 0.12504771 
845 93 53 82 0.12504771 
255 153 50 87 0.12504771 
223 78 50 81 0.12504771 
701 108 52 83 0.12504771 
798 108 51 83 0.1250477 
288 169 48 88 0.1250477 
411 34 57 76 0.1250477 
382 107 51 84 0.12504768 
544 187 47 84 0.12504768 
783 140 49 83 0.12504767 
879 140 49 83 0.12504767 
95 61 50 82 0.12504765 
862 109 51 82 0.12504765 
830 109 51 82 0.12504765 
863 156 49 83 0.12504764 
667 48 57 78 0.12504764 
733 107 53 84 0.12504764 
80 139 48 85 0.12504761 
33 47 47 81 0.12504761 
849 2 104 101 0.12504761 
750 140 51 83 0.12504761 
371 220 43 76 0.12504761 
633 34 60 76 0.1250476 
191 61 50 82 0.1250476 
79 46 50 81 0.1250476 
158 47 51 80 0.12504758 
735 155 49 84 0.12504758 
225 202 45 85 0.12504756 
97 154 46 87 0.12504756 
767 124 49 83 0.12504756 
223 123 49 85 0.12504756 
33 139 46 85 0.12504756 
18 62 45 82 0.12504752 
320 170 47 87 0.1250475 
127 47 50 80 0.1250475 
877 63 53 80 0.12504749 
894 123 50 84 0.12504749 
63 34 50 78 0.12504749 
795 49 56 77 0.12504749 
415 153 49 88 0.12504749 
829 62 53 81 0.12504748 
911 140 49 83 0.12504746 
379 33 59 76 0.12504746 
572 122 56 85 0.12504746 
507 49 56 77 0.12504746 
314 21 58 73 0.12504746 
129 170 46 87 0.12504743 
173 34 53 76 0.12504743 
600 48 62 76 0.12504743 
909 92 52 83 0.12504742 
893 78 52 81 0.12504742 
257 202 45 86 0.1250474 
352 170 47 86 0.12504739 
306 202 45 86 0.12504739 
245 238 40 71 0.12504739 
943 141 49 81 0.12504737 
550 57 12 21 0.12504736 
512 170 47 87 0.12504736 
480 152 49 89 0.12504736 
49 93 46 83 0.12504734 
339 218 43 83 0.12504734 
110 34 51 77 0.12504731 
927 124 49 83 0.12504731 
753 203 46 84 0.12504731 
770 220 45 76 0.12504728 
761 35 60 74 0.12504728 
141 21 54 73 0.12504728 
175 123 49 84 0.12504728 
704 171 47 85 0.12504728 
844 47 55 79 0.12504728 
21 155 42 86 0.12504728 
576 202 47 85 0.12504728 
83 202 44 86 0.12504725 
768 171 47 84 0.12504725 
63 77 49 82 0.12504722 
38 188 42 82 0.12504722 
943 92 49 84 0.12504722 
52 220 43 79 0.1250472 
817 187 46 84 0.1250472 
712 35 62 74 0.12504719 
273 186 46 87 0.12504719 
131 219 43 84 0.12504718 
194 219 44 84 0.12504716 
926 77 50 82 0.12504716 
177 169 46 88 0.12504716 
959 107 49 85 0.12504716 
553 23 61 71 0.12504716 
784 204 47 82 0.12504716 
93 21 53 74 0.12504716 
282 21 59 73 0.12504716 
335 93 49 82 0.12504716 
466 203 47 83 0.12504712 
1 95 37 80 0.12504712 
558 58 11 19 0.1250471 
7 35 43 77 0.12504707 
220 21 56 73 0.12504706 
116 238 41 70 0.12504701 
673 203 46 84 0.12504701 
959 156 48 84 0.12504701 
500 203 45 83 0.12504701 
880 203 47 84 0.125047 
891 34 56 76 0.12504698 
450 186 46 86 0.12504698 
442 23 59 70 0.12504695 
586 23 58 71 0.12504695 
145 202 45 86 0.12504695 
113 186 46 86 0.12504694 
242 185 46 87 0.12504692 
833 204 46 83 0.12504692 
79 92 49 84 0.12504692 
849 187 45 84 0.1250469 
663 12 63 67 0.1250469 
491 23 57 71 0.1250469 
36 238 41 73 0.12504686 
896 171 47 85 0.12504686 
617 14 61 66 0.12504686 
1 142 36 81 0.12504686 
207 92 50 83 0.12504686 
102 219 41 83 0.12504683 
912 187 46 85 0.1250468 
47 22 50 74 0.1250468 
1 7 37 72 0.1250468 
255 107 49 85 0.1250468 
361 10 61 68 0.1250468 
958 62 49 82 0.1250468 
401 170 47 87 0.12504677 
928 171 47 85 0.12504677 
111 92 49 84 0.12504677 
744 9 62 69 0.12504676 
810 11 58 68 0.12504674 
249 11 62 68 0.12504673 
942 48 49 80 0.12504673 
944 187 46 85 0.12504669 
388 203 45 83 0.12504667 
392 10 62 68 0.12504667 
802 220 45 79 0.12504667 
68 238 41 73 0.12504666 
777 11 61 68 0.12504666 
695 11 63 68 0.12504663 
208 139 48 84 0.12504663 
188 11 54 68 0.12504661 
505 2 61 62 0.1250466 
913 2 99 101 0.12504657 
859 13 57 67 0.12504655 
275 238 42 73 0.12504655 
972 31 44 81 0.1250465 
974 222 42 74 0.1250465 
924 34 53 77 0.12504645 
-3 173 39 82 0.12504645 
176 1 117 86 0.12504642 
289 218 45 86 0.12504636 
127 122 50 86 0.12504636 
191 108 49 83 0.12504634 
867 219 44 81 0.12504631 
329 2 62 63 0.12504631 
156 2 55 63 0.1250463 
20 12 45 69 0.12504627 
941 8 51 72 0.12504622 
125 3 53 62 0.12504618 
908 10 53 70 0.12504616 
537 2 61 62 0.12504616 
62 4 51 62 0.12504613 
900 219 43 82 0.12504612 
297 3 61 62 0.12504603 
931 221 43 82 0.12504601 
844 2 53 63 0.12504598 
569 3 60 62 0.12504598 
18 108 45 84 0.12504598 
474 3 58 62 0.12504594 
425 4 60 61 0.1250459 
524 0 119 85 0.1250459 
209 185 46 87 0.12504579 
973 -2 44 67 0.12504564 
324 238 41 71 0.1250456 
24 203 41 83 0.12504551 
984 80 37 78 0.12504551 
9 237 39 77 0.12504551 
182 238 40 74 0.12504537 
9 187 40 85 0.12504534 
264 -1 62 50 0.12504527 
984 127 38 79 0.1250452 
598 153 11 21 0.12504517 
984 175 38 79 0.12504503 
985 -22 40 70 0.1250449 
599 -1 66 49 0.12504442 
212 238 41 71 0.12504442 
-3 221 38 82 0.12504436 
680 0 63 49 0.12504435 
518 81 12 21 0.12504435 
478 97 12 21 0.12504433 
886 209 11 21 0.12504427 
647 0 65 49 0.12504424 
217 0 62 49 0.1250442 
761 0 61 48 0.12504418 
550 97 12 21 0.12504418 
550 81 12 21 0.12504417 
793 -1 61 49 0.12504415 
711 0 64 49 0.12504409 
91 1 56 49 0.12504397 
376 0 62 49 0.12504394 
875 -1 56 50 0.12504388 
174 137 11 21 0.12504387 
29 2 53 49 0.12504385 
230 145 11 21 0.12504384 
558 81 12 21 0.12504384 
326 42 11 19 0.12504375 
6 0 45 50 0.12504373 
923 -1 55 50 0.1250437 
542 89 12 21 0.12504365 
326 97 12 21 0.12504365 
206 153 11 21 0.12504363 
246 145 11 21 0.12504363 
894 153 11 21 0.1250436 
790 81 12 21 0.12504353 
238 137 11 21 0.12504344 
956 198 74 129 0.12504342 
62 41 11 21 0.12504339 
222 137 11 21 0.12504336 
470 97 12 21 0.12504324 
54 41 11 21 0.12504321 
62 25 11 21 0.12504321 
62 57 11 21 0.12504315 
646 42 11 19 0.12504315 
318 89 12 21 0.12504311 
222 153 11 21 0.12504311 
198 153 11 21 0.12504308 
70 73 11 21 0.12504306 
518 18 11 19 0.12504306 
598 18 12 19 0.12504303 
238 153 11 21 0.12504303 
70 25 11 21 0.12504303 
630 18 11 19 0.12504302 
550 18 12 19 0.12504302 
358 18 11 19 0.12504302 
622 18 12 19 0.125043 
638 18 11 19 0.125043 
542 18 12 19 0.125043 
374 18 11 19 0.125043 
478 18 11 19 0.125043 
558 18 12 19 0.125043 
422 18 11 19 0.125043 
526 18 12 19 0.125043 
366 18 11 19 0.125043 
462 26 11 19 0.12504297 
430 18 12 19 0.12504297 
718 18 12 19 0.12504297 
590 18 12 19 0.12504297 
302 18 12 19 0.12504297 
350 18 12 19 0.12504297 
334 18 12 19 0.12504297 
342 18 12 19 0.12504297 
614 18 12 19 0.12504297 
534 18 12 19 0.12504296 
390 34 11 19 0.12504295 
382 26 11 19 0.12504295 
166 25 11 21 0.12504295 
710 18 12 19 0.12504295 
310 18 12 19 0.12504295 
566 18 12 19 0.12504295 
582 18 12 19 0.12504295 
454 26 11 19 0.12504295 
646 18 12 19 0.12504295 
654 18 12 19 0.12504295 
262 18 11 19 0.12504295 
286 18 12 19 0.12504295 
406 34 11 19 0.12504295 
574 58 11 19 0.12504295 
190 26 11 20 0.12504293 
294 18 12 19 0.12504293 
846 18 12 19 0.12504293 
806 18 12 19 0.12504293 
726 18 12 19 0.12504293 
182 17 12 21 0.12504293 
758 18 12 19 0.12504293 
838 18 12 19 0.12504292 
198 26 11 20 0.12504292 
702 18 12 19 0.12504292 
574 42 11 19 0.12504292 
318 26 12 19 0.12504292 
54 25 11 21 0.12504292 
150 25 11 21 0.12504292 
486 26 11 19 0.12504292 
782 18 12 19 0.12504292 
694 18 12 19 0.12504292 
766 18 12 19 0.12504292 
398 26 11 19 0.12504292 
790 18 12 19 0.12504292 
446 26 11 19 0.12504292 
318 42 11 19 0.12504292 
686 18 12 19 0.12504292 
278 18 12 19 0.12504292 
566 58 11 19 0.12504292 
670 18 12 19 0.12504292 
158 153 11 21 0.12504292 
326 18 12 19 0.12504292 
302 42 11 19 0.12504292 
374 34 11 20 0.12504292 
414 34 12 19 0.12504292 
390 49 11 21 0.1250429 
78 89 11 21 0.1250429 
662 18 12 19 0.1250429 
606 26 12 20 0.1250429 
46 17 11 21 0.1250429 
582 34 11 19 0.1250429 
158 33 11 21 0.1250429 
518 34 11 19 0.1250429 
246 34 11 20 0.1250429 
126 129 11 21 0.1250429 
214 34 11 19 0.1250429 
574 18 12 19 0.1250429 
582 50 11 19 0.1250429 
246 18 12 19 0.1250429 
454 66 11 19 0.1250429 
110 81 11 21 0.1250429 
78 65 11 21 0.1250429 
774 18 12 19 0.1250429 
94 25 11 21 0.1250429 
310 50 11 19 0.1250429 
134 25 12 21 0.1250429 
814 18 12 19 0.1250429 
478 34 11 19 0.1250429 
110 25 11 21 0.1250429 
470 34 11 19 0.1250429 
798 18 12 19 0.1250429 
254 18 12 19 0.1250429 
134 121 11 21 0.1250429 
350 42 12 20 0.1250429 
510 26 11 19 0.1250429 
750 18 12 19 0.1250429 
502 26 12 19 0.1250429 
742 18 12 19 0.1250429 
494 26 11 19 0.1250429 
118 33 11 21 0.1250429 
734 18 12 19 0.1250429 
206 34 11 20 0.1250429 
310 34 11 19 0.1250429 
342 33 12 21 0.1250429 
590 58 11 19 0.1250429 
366 33 12 21 0.1250429 
286 34 12 19 0.1250429 
830 18 12 19 0.1250429 
566 42 11 19 0.1250429 
438 18 11 19 0.1250429 
230 18 12 19 0.1250429 
294 34 12 19 0.1250429 
478 50 11 19 0.1250429 
214 18 12 19 0.12504287 
470 66 11 19 0.12504287 
678 18 12 19 0.12504287 
358 49 11 21 0.12504287 
86 73 11 21 0.12504287 
494 42 11 19 0.12504287 
190 105 11 21 0.12504287 
94 81 11 21 0.12504287 
222 97 11 21 0.12504287 
54 57 11 21 0.12504287 
462 57 11 21 0.12504287 
430 33 12 21 0.12504287 
174 25 12 21 0.12504287 
142 121 11 21 0.12504287 
142 25 12 21 0.12504287 
254 42 11 19 0.12504287 
470 50 11 19 0.12504287 
302 65 11 21 0.12504287 
526 50 11 19 0.12504287 
238 81 12 21 0.12504287 
486 42 11 19 0.12504287 
510 42 11 19 0.12504287 
166 145 11 21 0.12504287 
134 137 11 21 0.12504287 
622 58 11 19 0.12504287 
238 26 11 20 0.12504287 
646 97 12 21 0.12504287 
526 34 11 19 0.12504287 
102 81 11 21 0.12504287 
70 57 11 21 0.12504287 
270 26 12 20 0.12504287 
230 81 11 21 0.12504287 
638 50 11 19 0.12504287 
622 89 11 21 0.12504287 
102 41 11 21 0.12504287 
822 18 12 19 0.12504287 
222 18 12 19 0.12504287 
102 65 11 21 0.12504287 
166 129 11 21 0.12504287 
126 41 11 21 0.12504287 
222 34 12 20 0.12504287 
206 18 12 19 0.12504287 
86 25 11 21 0.12504287 
198 113 11 21 0.12504287 
654 97 12 21 0.12504287 
182 89 12 21 0.12504287 
118 105 11 21 0.12504287 
558 34 11 19 0.12504287 
334 34 12 19 0.12504287 
78 17 11 21 0.12504287 
86 49 11 21 0.12504287 
726 34 11 19 0.12504287 
198 97 12 21 0.12504287 
598 34 11 19 0.12504287 
638 34 11 19 0.12504287 
718 42 11 19 0.12504287 
94 97 11 21 0.12504286 
854 41 12 21 0.12504286 
38 25 11 21 0.12504286 
526 81 11 21 0.12504286 
30 25 11 21 0.12504286 
502 42 12 19 0.12504286 
214 97 11 21 0.12504286 
222 121 11 21 0.12504286 
750 42 12 19 0.12504286 
182 137 11 21 0.12504286 
102 97 11 21 0.12504286 
198 42 12 20 0.12504286 
222 50 11 19 0.12504286 
246 89 12 21 0.12504286 
86 89 11 21 0.12504286 
206 113 11 21 0.12504286 
662 34 11 19 0.12504286 
854 25 12 21 0.12504286 
214 113 11 21 0.12504286 
134 41 11 21 0.12504286 
422 34 12 19 0.12504286 
166 105 12 21 0.12504286 
78 49 11 21 0.12504286 
798 49 12 21 0.12504286 
398 41 11 21 0.12504286 
134 105 11 21 0.12504286 
638 81 11 21 0.12504286 
102 25 11 21 0.12504286 
654 73 11 21 0.12504286 
230 34 12 19 0.12504286 
110 41 11 21 0.12504286 
206 97 12 21 0.12504286 
446 49 11 21 0.12504284 
454 97 12 21 0.12504284 
694 89 12 21 0.12504284 
630 58 11 19 0.12504284 
278 42 11 19 0.12504284 
806 49 12 21 0.12504284 
534 89 12 21 0.12504284 
814 49 12 21 0.12504284 
614 58 11 19 0.12504284 
182 105 11 21 0.12504284 
318 57 12 21 0.12504284 
270 42 11 19 0.12504284 
174 105 12 21 0.12504284 
94 49 11 21 0.12504284 
222 73 11 21 0.12504284 
702 81 12 21 0.12504284 
126 25 12 21 0.12504284 
142 73 11 21 0.12504284 
238 42 12 20 0.12504284 
270 97 12 21 0.12504284 
262 105 12 21 0.12504284 
438 33 11 21 0.12504284 
310 105 12 21 0.12504284 
198 137 11 21 0.12504284 
454 41 12 21 0.12504284 
334 105 12 21 0.12504284 
382 41 12 21 0.12504284 
414 73 12 21 0.12504284 
110 97 11 21 0.12504284 
214 81 12 21 0.12504284 
270 121 11 21 0.12504284 
150 113 12 21 0.12504284 
190 121 11 21 0.12504284 
198 81 12 21 0.12504284 
206 65 11 21 0.12504284 
446 66 11 19 0.12504284 
286 65 11 21 0.12504284 
734 34 12 19 0.12504284 
118 81 11 21 0.12504284 
174 65 12 21 0.12504284 
646 58 11 19 0.12504284 
158 17 12 21 0.12504284 
94 65 11 21 0.12504284 
518 50 11 19 0.12504284 
158 129 11 21 0.12504284 
150 129 11 21 0.12504284 
166 81 11 21 0.12504284 
798 105 12 21 0.12504284 
158 113 11 21 0.12504284 
78 113 11 21 0.12504284 
206 129 11 21 0.12504284 
310 81 12 21 0.12504284 
174 153 11 21 0.12504284 
174 121 11 21 0.12504284 
182 153 11 21 0.12504284 
462 73 11 21 0.12504284 
302 97 12 21 0.12504284 
438 58 11 19 0.12504284 
166 57 12 21 0.12504284 
702 97 12 21 0.12504284 
278 58 11 19 0.12504284 
678 97 11 21 0.12504284 
790 33 12 21 0.12504284 
798 33 12 21 0.12504284 
246 58 11 20 0.12504284 
806 33 12 21 0.12504284 
398 57 12 21 0.12504284 
254 89 12 21 0.12504284 
686 34 12 19 0.12504284 
742 42 12 20 0.12504284 
710 41 12 21 0.12504284 
158 57 12 21 0.12504284 
774 41 12 21 0.12504284 
638 97 12 21 0.12504284 
694 34 12 19 0.12504284 
550 34 12 19 0.12504284 
142 57 12 21 0.12504284 
110 57 11 21 0.12504284 
838 41 12 21 0.12504284 
190 89 12 21 0.12504284 
590 34 12 19 0.12504284 
782 97 12 21 0.12504284 
46 33 11 21 0.12504284 
358 34 12 20 0.12504284 
182 33 12 21 0.12504284 
534 50 11 19 0.12504284 
134 89 11 21 0.12504284 
158 89 11 21 0.12504284 
150 41 12 21 0.12504284 
190 41 12 21 0.12504284 
142 41 12 21 0.12504284 
606 50 11 19 0.12504284 
78 33 11 21 0.12504284 
678 34 12 19 0.12504284 
406 49 12 21 0.12504284 
830 41 12 21 0.12504284 
542 42 11 19 0.12504284 
766 34 12 20 0.12504284 
70 41 11 21 0.12504284 
294 97 12 21 0.12504284 
174 41 12 21 0.12504284 
822 34 12 20 0.12504283 
630 34 11 19 0.12504283 
814 33 12 21 0.12504283 
790 65 12 21 0.12504283 
686 89 12 21 0.12504283 
710 73 12 21 0.12504283 
286 50 11 19 0.12504283 
126 89 11 21 0.12504283 
582 81 12 21 0.12504283 
758 34 12 19 0.12504283 
782 33 12 21 0.12504283 
734 58 12 20 0.12504283 
214 129 11 21 0.12504283 
534 34 12 19 0.12504283 
150 153 11 21 0.12504283 
830 65 12 21 0.12504283 
670 34 12 19 0.12504283 
614 33 12 21 0.12504283 
790 97 12 21 0.12504283 
118 49 12 21 0.12504283 
286 113 11 21 0.12504283 
790 49 12 21 0.12504283 
486 161 11 21 0.12504283 
662 66 11 19 0.12504283 
310 65 11 21 0.12504283 
462 42 11 19 0.12504283 
462 97 12 21 0.12504283 
158 73 12 21 0.12504283 
774 81 12 21 0.12504283 
94 113 12 21 0.12504283 
846 73 12 21 0.12504283 
478 66 11 19 0.12504283 
630 81 11 21 0.12504283 
830 81 12 21 0.12504283 
134 65 11 21 0.12504283 
622 42 11 19 0.12504283 
590 81 11 21 0.12504283 
454 81 12 21 0.12504281 
718 81 12 21 0.12504281 
382 81 11 21 0.12504281 
822 73 12 21 0.12504281 
654 42 12 19 0.12504281 
398 74 11 19 0.12504281 
814 65 12 21 0.12504281 
806 65 12 21 0.12504281 
406 74 12 20 0.12504281 
422 89 12 21 0.12504281 
110 113 11 21 0.12504281 
230 113 12 21 0.12504281 
174 81 12 21 0.12504281 
422 74 11 19 0.12504281 
350 81 12 21 0.12504281 
358 81 12 21 0.12504281 
598 58 11 19 0.12504281 
366 81 12 21 0.12504281 
782 57 12 21 0.12504281 
126 113 11 21 0.12504281 
446 81 12 21 0.12504281 
198 65 12 21 0.12504281 
254 113 12 21 0.12504281 
510 58 12 19 0.12504281 
798 65 12 21 0.12504281 
438 73 11 20 0.12504281 
334 89 12 21 0.12504281 
342 89 12 21 0.12504281 
702 42 12 20 0.12504281 
750 73 12 21 0.12504281 
534 66 11 19 0.12504281 
262 153 12 21 0.12504281 
806 89 12 21 0.12504281 
438 89 12 21 0.12504281 
182 121 11 21 0.12504281 
854 65 12 21 0.12504281 
230 97 12 21 0.12504281 
70 113 11 21 0.12504281 
262 34 11 19 0.12504281 
710 58 12 19 0.12504281 
294 81 12 21 0.12504281 
694 105 12 21 0.12504281 
774 57 12 21 0.12504281 
758 81 12 21 0.12504281 
326 81 12 21 0.12504281 
590 105 12 21 0.12504281 
286 81 12 21 0.12504281 
414 58 11 19 0.12504281 
670 81 12 21 0.12504281 
206 81 12 21 0.12504281 
686 105 12 21 0.12504281 
782 81 12 21 0.12504281 
814 81 12 21 0.12504281 
670 105 12 21 0.12504281 
726 57 12 21 0.12504281 
718 58 11 19 0.12504281 
766 81 12 21 0.12504281 
662 81 12 21 0.12504281 
374 58 11 19 0.12504281 
430 58 11 19 0.12504281 
614 81 12 21 0.12504281 
126 57 11 21 0.12504281 
478 81 12 21 0.12504281 
278 81 12 21 0.12504281 
278 105 12 21 0.12504281 
734 81 12 21 0.12504281 
598 81 12 21 0.12504281 
646 81 12 21 0.12504281 
190 57 12 21 0.12504281 
230 58 12 19 0.12504281 
238 58 12 20 0.12504281 
414 105 12 21 0.12504281 
262 58 12 19 0.12504281 
182 57 12 21 0.12504281 
438 105 12 21 0.12504281 
150 65 12 21 0.12504281 
150 81 11 21 0.12504281 
326 58 11 19 0.12504281 
142 97 11 21 0.12504281 
494 65 12 21 0.12504281 
334 66 11 19 0.12504281 
262 89 12 21 0.12504281 
838 81 12 21 0.12504281 
934 177 11 21 0.12504281 
342 113 12 21 0.12504281 
350 113 12 21 0.12504281 
390 113 12 21 0.12504281 
398 113 12 21 0.12504281 
270 66 12 20 0.12504281 
126 73 11 21 0.12504281 
630 97 12 21 0.12504281 
846 34 12 20 0.12504281 
758 50 12 20 0.12504281 
246 73 11 21 0.12504281 
598 97 12 21 0.12504281 
614 97 12 21 0.12504281 
486 121 12 21 0.12504281 
566 73 12 21 0.12504281 
606 66 11 19 0.12504281 
390 97 12 21 0.12504281 
742 65 11 21 0.12504281 
150 97 12 21 0.12504281 
294 50 11 19 0.12504281 
206 49 12 21 0.12504281 
214 49 11 21 0.12504281 
726 89 12 21 0.12504281 
710 89 12 21 0.12504281 
766 97 12 21 0.1250428 
702 113 12 21 0.1250428 
350 66 12 19 0.1250428 
422 113 12 21 0.1250428 
774 97 12 21 0.1250428 
790 113 12 21 0.1250428 
662 97 12 21 0.1250428 
238 105 11 21 0.1250428 
422 50 11 19 0.1250428 
342 65 12 21 0.1250428 
294 66 12 20 0.1250428 
766 50 12 19 0.1250428 
406 113 12 21 0.1250428 
678 81 12 21 0.1250428 
502 66 12 19 0.1250428 
846 49 12 21 0.1250428 
574 105 12 21 0.1250428 
358 66 12 19 0.1250428 
838 65 12 21 0.1250428 
182 73 12 21 0.1250428 
694 66 12 19 0.1250428 
750 58 12 20 0.1250428 
374 81 12 21 0.1250428 
390 82 12 20 0.1250428 
582 105 12 21 0.1250428 
678 66 12 19 0.1250428 
670 66 12 20 0.1250428 
574 89 12 21 0.1250428 
710 113 12 21 0.1250428 
742 81 12 21 0.1250428 
638 66 11 19 0.1250428 
974 41 11 21 0.1250428 
670 50 12 19 0.1250428 
662 50 12 20 0.1250428 
718 113 12 21 0.1250428 
318 113 12 21 0.1250428 
214 65 12 21 0.1250428 
366 50 12 19 0.1250428 
694 50 11 19 0.1250428 
470 113 11 21 0.1250428 
326 113 12 21 0.1250428 
750 97 12 21 0.1250428 
246 105 11 21 0.1250428 
686 50 11 19 0.1250428 
734 97 12 21 0.1250428 
678 50 12 19 0.1250428 
342 50 12 20 0.1250428 
726 113 12 21 0.1250428 
382 113 12 21 0.1250428 
366 66 12 19 0.1250428 
382 66 12 20 0.1250428 
390 66 12 20 0.1250428 
334 50 12 20 0.1250428 
822 49 12 21 0.1250428 
254 65 12 21 0.1250428 
486 66 12 20 0.1250428 
606 97 12 21 0.1250428 
190 73 12 21 0.1250428 
654 58 11 19 0.1250428 
430 105 12 21 0.1250428 
262 73 12 21 0.1250428 
518 97 12 21 0.1250428 
118 65 11 21 0.1250428 
398 89 12 21 0.1250428 
542 105 12 21 0.1250428 
582 66 11 19 0.1250428 
238 121 11 21 0.1250428 
414 89 12 21 0.1250428 
486 81 12 21 0.1250428 
526 105 11 21 0.1250428 
502 97 12 21 0.1250428 
470 81 12 21 0.1250428 
414 18 12 19 0.1250428 
430 89 12 21 0.1250428 
318 73 12 21 0.1250428 
542 66 12 20 0.1250428 
270 81 12 21 0.1250428 
118 129 11 21 0.1250428 
430 73 12 21 0.1250428 
798 89 12 21 0.1250428 
350 97 12 21 0.1250428 
302 81 12 21 0.1250428 
622 74 12 20 0.1250428 
806 105 12 21 0.1250428 
166 41 12 21 0.1250428 
654 121 12 21 0.1250428 
558 97 12 21 0.1250428 
278 121 12 21 0.1250428 
670 121 11 21 0.1250428 
390 18 12 19 0.1250428 
758 65 12 21 0.1250428 
382 97 12 21 0.1250428 
686 121 12 21 0.1250428 
406 18 12 19 0.1250428 
766 66 12 20 0.12504278 
694 121 11 21 0.12504278 
782 113 12 21 0.12504278 
606 81 12 21 0.12504278 
702 58 12 19 0.12504278 
982 25 11 21 0.12504278 
974 25 11 21 0.12504278 
566 89 12 21 0.12504278 
270 137 12 21 0.12504278 
686 66 12 19 0.12504278 
510 97 12 21 0.12504278 
966 33 11 21 0.12504277 
502 82 12 20 0.12504277 
950 81 11 21 0.12504277 
38 41 11 21 0.12504277 
286 137 12 21 0.12504277 
734 113 12 21 0.12504277 
406 89 12 21 0.12504277 
726 74 12 20 0.12504277 
510 82 12 20 0.12504277 
254 129 11 21 0.12504277 
470 10 11 19 0.12504277 
990 33 11 21 0.12504277 
742 97 12 21 0.12504277 
982 41 11 21 0.12504277 
214 145 11 21 0.12504277 
758 97 12 21 0.12504277 
334 121 12 21 0.12504277 
750 121 12 21 0.12504277 
998 25 11 21 0.12504277 
430 121 12 21 0.12504277 
438 121 11 21 0.12504277 
518 66 12 19 0.12504277 
358 121 11 21 0.12504277 
678 113 12 21 0.12504277 
574 74 12 20 0.12504277 
502 113 11 21 0.12504277 
718 97 12 21 0.12504277 
446 97 12 21 0.12504277 
494 113 12 21 0.12504277 
662 113 12 21 0.12504277 
374 121 12 21 0.12504275 
142 137 11 21 0.12504275 
310 129 12 21 0.12504275 
502 153 11 21 0.12504275 
966 49 11 21 0.12504274 
822 97 12 21 0.12504274 
830 97 12 21 0.12504274 
494 89 12 21 0.12504274 
966 17 11 21 0.12504274 
286 97 12 21 0.12504274 
230 129 11 21 0.12504274 
998 41 11 21 0.12504274 
814 97 12 21 0.12504274 
886 153 11 21 0.12504274 
518 121 11 21 0.12504274 
358 105 12 21 0.12504274 
294 137 12 21 0.12504274 
854 97 12 21 0.12504274 
598 113 12 21 0.12504274 
366 121 12 21 0.12504274 
958 81 11 21 0.12504274 
926 73 12 21 0.12504274 
702 137 11 21 0.12504274 
670 137 12 21 0.12504274 
366 97 12 21 0.12504274 
646 121 12 21 0.12504274 
774 113 11 21 0.12504274 
606 113 12 21 0.12504274 
710 129 11 21 0.12504274 
766 113 11 21 0.12504274 
222 169 11 21 0.12504274 
414 121 12 21 0.12504274 
678 129 12 21 0.12504274 
862 97 12 21 0.12504274 
990 17 11 21 0.12504274 
614 121 11 21 0.1250427 
582 121 12 21 0.1250427 
974 57 11 21 0.1250427 
982 57 11 21 0.1250427 
950 113 11 21 0.1250427 
566 105 12 21 0.1250427 
302 145 12 21 0.1250427 
686 137 12 21 0.1250427 
846 97 11 21 0.1250427 
934 73 12 21 0.1250427 
486 97 12 21 0.1250427 
894 81 11 21 0.1250427 
838 97 11 21 0.1250427 
294 121 12 21 0.1250427 
302 121 12 21 0.1250427 
622 105 12 21 0.1250427 
630 113 12 21 0.1250427 
870 97 12 21 0.1250427 
934 105 11 21 0.1250427 
510 113 11 21 0.1250427 
926 105 11 21 0.1250427 
694 137 12 21 0.1250427 
46 49 11 21 0.1250427 
446 121 12 21 0.1250427 
846 113 11 21 0.1250427 
942 113 11 21 0.1250427 
758 113 12 21 0.1250427 
942 81 11 21 0.1250427 
966 89 11 21 0.1250427 
526 129 12 21 0.1250427 
246 129 11 21 0.1250427 
862 57 12 21 0.1250427 
990 49 11 21 0.1250427 
870 81 11 21 0.1250427 
742 121 12 21 0.1250427 
934 89 11 21 0.1250427 
662 129 12 21 0.1250427 
918 65 12 21 0.1250427 
894 105 11 21 0.1250427 
862 81 11 21 0.1250427 
318 129 11 21 0.1250427 
798 121 11 21 0.1250427 
806 121 11 21 0.1250427 
862 33 12 21 0.1250427 
886 81 11 21 0.1250427 
974 89 11 21 0.1250427 
590 121 12 21 0.12504269 
718 137 11 21 0.12504269 
822 121 11 21 0.12504269 
726 129 12 21 0.12504269 
734 137 12 21 0.12504269 
814 121 11 21 0.12504269 
710 145 11 21 0.12504269 
862 121 11 21 0.12504269 
622 121 12 21 0.12504269 
374 97 12 21 0.12504269 
878 89 12 21 0.12504269 
838 121 11 21 0.12504269 
918 97 11 21 0.12504269 
390 137 12 21 0.12504269 
454 113 12 21 0.12504269 
854 121 11 21 0.12504269 
870 65 11 21 0.12504269 
902 65 11 21 0.12504269 
662 153 11 21 0.12504269 
926 89 11 21 0.12504269 
638 113 11 21 0.12504269 
910 65 12 21 0.12504269 
902 81 11 21 0.12504269 
118 17 12 21 0.12504269 
854 81 12 21 0.12504269 
382 129 12 21 0.12504269 
902 105 11 21 0.12504268 
678 145 12 21 0.12504268 
878 65 12 21 0.12504268 
606 129 11 21 0.12504268 
502 129 11 21 0.12504268 
726 145 12 21 0.12504268 
870 33 11 21 0.12504268 
990 113 11 21 0.12504268 
942 97 11 21 0.12504268 
870 17 12 21 0.12504268 
886 57 12 21 0.12504268 
758 129 12 21 0.12504268 
742 145 12 21 0.12504268 
558 113 11 21 0.12504266 
614 137 11 21 0.12504266 
942 33 11 21 0.12504266 
774 137 12 21 0.12504266 
894 33 11 21 0.12504266 
830 121 11 21 0.12504266 
886 33 11 21 0.12504266 
782 137 11 21 0.12504266 
878 33 11 21 0.12504266 
982 113 11 21 0.12504266 
982 73 11 21 0.12504266 
622 137 12 21 0.12504266 
910 25 11 21 0.12504266 
998 81 11 21 0.12504266 
862 17 12 21 0.12504266 
382 161 11 21 0.12504266 
918 25 11 21 0.12504266 
902 25 11 21 0.12504266 
910 89 11 21 0.12504266 
902 121 11 21 0.12504266 
942 49 11 21 0.12504266 
886 113 11 21 0.12504266 
942 65 12 21 0.12504266 
910 105 11 21 0.12504266 
510 129 11 21 0.12504266 
598 129 12 21 0.12504266 
398 137 11 21 0.12504266 
902 49 12 21 0.12504266 
894 57 11 21 0.12504266 
750 137 12 21 0.12504266 
990 97 11 21 0.12504266 
982 97 11 21 0.12504266 
766 129 12 21 0.12504266 
974 73 11 21 0.12504265 
46 89 11 21 0.12504265 
966 65 11 21 0.12504265 
870 113 11 21 0.12504265 
918 113 11 21 0.12504265 
950 129 11 21 0.12504265 
462 121 11 21 0.12504265 
406 145 11 21 0.12504265 
974 105 11 21 0.12504265 
926 121 11 21 0.12504262 
854 137 11 21 0.12504262 
950 97 11 21 0.12504262 
654 137 11 21 0.12504262 
958 121 11 21 0.12504262 
878 105 11 21 0.12504262 
886 97 11 21 0.12504262 
990 81 11 21 0.12504262 
950 33 11 21 0.12504262 
654 153 11 21 0.12504262 
486 137 11 21 0.12504262 
934 33 11 21 0.12504262 
998 65 11 21 0.12504262 
574 121 12 21 0.12504262 
38 81 11 21 0.12504262 
958 33 11 21 0.12504262 
942 137 11 21 0.12504262 
358 145 12 21 0.12504262 
990 65 11 21 0.12504262 
870 49 12 21 0.12504262 
734 153 12 21 0.12504262 
958 105 11 21 0.12504262 
758 145 12 21 0.12504262 
950 57 11 21 0.12504262 
934 57 11 21 0.12504262 
846 129 12 21 0.12504262 
910 49 11 21 0.12504262 
926 25 11 21 0.12504262 
670 153 11 21 0.12504262 
878 49 12 21 0.12504262 
870 129 11 21 0.12504262 
910 121 11 21 0.12504262 
630 129 11 21 0.12504262 
638 129 11 21 0.12504262 
926 57 11 21 0.12504262 
918 41 11 21 0.12504262 
534 129 11 21 0.1250426 
814 137 11 21 0.1250426 
510 153 11 21 0.1250426 
958 65 11 21 0.1250426 
326 129 11 21 0.1250426 
878 17 12 21 0.1250426 
966 113 11 21 0.1250426 
518 137 12 21 0.1250426 
958 137 11 21 0.1250426 
790 129 11 21 0.1250426 
934 121 11 21 0.1250426 
894 121 11 21 0.1250426 
926 41 11 21 0.1250426 
990 129 11 21 0.1250426 
590 137 11 21 0.1250426 
406 129 11 21 0.1250426 
942 193 11 21 0.1250426 
718 153 12 21 0.1250426 
830 137 12 21 0.12504259 
934 137 11 21 0.12504259 
862 137 11 21 0.12504259 
798 137 11 21 0.12504259 
766 145 12 21 0.12504259 
974 121 11 21 0.12504259 
982 137 11 21 0.12504259 
838 137 11 21 0.12504259 
822 137 12 21 0.12504259 
918 81 12 21 0.12504259 
646 137 12 21 0.12504259 
526 145 11 21 0.12504259 
446 137 12 21 0.12504259 
894 18 11 20 0.12504259 
430 145 12 21 0.12504259 
958 49 11 21 0.12504259 
886 17 11 21 0.12504259 
422 145 11 21 0.12504259 
390 153 11 21 0.12504257 
966 129 11 21 0.12504257 
918 129 11 21 0.12504257 
926 137 11 21 0.12504257 
374 137 11 21 0.12504257 
806 137 11 21 0.12504257 
398 153 11 21 0.12504257 
894 209 11 21 0.12504256 
54 73 11 21 0.12504256 
46 73 11 21 0.12504256 
814 153 11 21 0.12504256 
974 137 11 21 0.12504256 
998 105 11 21 0.12504253 
910 145 11 21 0.12504253 
918 145 11 21 0.12504253 
950 145 11 21 0.12504253 
574 161 11 21 0.12504253 
454 137 11 21 0.12504253 
582 137 11 21 0.12504253 
102 121 11 21 0.12504251 
606 145 11 21 0.1250425 
998 121 11 21 0.1250425 
990 145 11 21 0.1250425 
942 161 11 21 0.1250425 
966 145 11 21 0.12504248 
254 145 11 21 0.12504248 
990 169 11 21 0.12504248 
942 17 12 21 0.12504248 
958 17 12 21 0.12504247 
934 17 12 21 0.12504247 
86 105 11 21 0.12504245 
998 137 11 21 0.12504245 
470 129 12 21 0.12504245 
934 193 11 21 0.12504245 
38 121 11 21 0.12504245 
518 153 11 21 0.12504245 
950 17 12 21 0.12504245 
382 145 11 21 0.12504245 
62 9 12 21 0.12504244 
950 161 11 21 0.12504244 
966 169 11 21 0.12504242 
958 169 11 21 0.12504242 
70 9 12 21 0.12504242 
30 89 11 21 0.12504241 
462 10 12 19 0.1250424 
366 145 11 21 0.1250424 
54 89 11 21 0.12504238 
38 97 11 21 0.12504238 
982 177 11 21 0.12504236 
542 145 11 21 0.12504236 
902 137 11 21 0.12504235 
1006 17 12 21 0.12504233 
22 25 11 21 0.12504233 
806 153 11 21 0.12504233 
6 33 11 21 0.12504233 
822 153 11 21 0.12504233 
6 0 11 13 0.1250423 
30 105 11 21 0.12504229 
278 145 11 21 0.12504229 
534 145 11 21 0.12504229 
30 41 11 21 0.12504229 
1006 33 12 21 0.12504227 
566 121 11 21 0.12504227 
14 33 11 21 0.12504227 
406 161 11 21 0.12504227 
14 17 11 21 0.12504224 
422 129 12 21 0.12504224 
142 153 11 21 0.12504221 
774 153 11 21 0.12504221 
566 153 11 21 0.12504221 
126 153 11 21 0.12504219 
502 9 12 20 0.12504219 
951 108 71 149 0.12504219 
486 9 12 20 0.12504219 
1006 57 11 21 0.12504219 
630 9 12 20 0.12504219 
638 9 12 20 0.12504219 
190 161 11 21 0.12504217 
606 9 12 20 0.12504217 
382 9 12 20 0.12504217 
70 89 11 21 0.12504217 
54 9 12 21 0.12504217 
6 17 11 21 0.12504217 
46 105 11 21 0.12504217 
318 9 12 20 0.12504217 
494 9 12 20 0.12504216 
638 153 11 21 0.12504216 
790 145 11 21 0.12504216 
1006 81 12 21 0.12504216 
510 9 12 20 0.12504213 
646 9 12 20 0.12504213 
14 0 11 13 0.12504211 
22 41 11 21 0.12504211 
974 9 12 21 0.12504211 
982 9 12 21 0.12504211 
998 9 12 21 0.12504211 
270 9 12 20 0.1250421 
62 129 11 21 0.1250421 
878 121 11 21 0.12504208 
86 9 12 21 0.12504207 
454 10 12 19 0.12504207 
429 2 13 19 0.12504207 
62 105 11 21 0.12504207 
902 209 11 21 0.12504207 
398 9 12 20 0.12504204 
926 177 11 21 0.12504204 
190 9 12 20 0.12504204 
454 153 11 21 0.12504204 
902 153 11 21 0.12504202 
750 153 12 21 0.12504202 
854 9 12 20 0.12504202 
1006 97 12 21 0.125042 
94 9 12 20 0.125042 
238 9 12 20 0.125042 
478 129 11 21 0.12504199 
462 145 11 21 0.12504199 
318 145 11 21 0.12504198 
102 9 12 20 0.12504198 
542 121 11 21 0.12504198 
174 9 12 20 0.12504198 
414 137 11 21 0.12504198 
646 153 12 21 0.12504198 
22 89 11 21 0.12504198 
214 160 11 22 0.12504196 
782 153 11 21 0.12504196 
54 105 11 21 0.12504196 
165 9 13 21 0.12504193 
62 73 11 21 0.12504193 
197 9 13 20 0.12504193 
446 9 12 20 0.1250419 
494 153 11 21 0.1250419 
614 153 11 21 0.1250419 
1006 113 11 21 0.12504187 
30 9 12 21 0.12504187 
205 2 13 19 0.12504187 
110 129 11 21 0.12504187 
1006 169 11 20 0.12504186 
1006 129 11 21 0.12504186 
150 9 12 20 0.12504186 
886 129 11 21 0.12504184 
109 9 13 20 0.12504184 
446 169 11 21 0.12504184 
422 2 12 19 0.12504183 
534 113 11 21 0.12504183 
910 161 11 21 0.12504183 
254 160 11 22 0.12504183 
342 137 12 21 0.1250418 
301 2 13 19 0.1250418 
558 137 11 21 0.1250418 
678 161 11 21 0.1250418 
622 153 11 21 0.1250418 
62 89 11 21 0.12504177 
549 2 13 19 0.12504175 
702 153 12 21 0.12504175 
1006 153 11 21 0.12504174 
413 2 13 19 0.12504174 
38 9 12 20 0.12504171 
438 145 12 21 0.12504171 
934 161 11 21 0.12504171 
38 65 11 21 0.12504171 
341 2 13 19 0.1250417 
141 9 13 20 0.1250417 
918 9 12 20 0.1250417 
926 9 12 20 0.1250417 
326 145 11 21 0.1250417 
798 153 11 21 0.1250417 
845 2 13 19 0.12504166 
133 8 13 22 0.12504166 
950 -38 75 120 0.12504166 
613 2 13 19 0.12504166 
78 129 11 21 0.12504165 
118 153 11 21 0.12504165 
550 137 11 21 0.12504165 
574 137 11 21 0.12504165 
910 9 12 20 0.12504165 
517 2 13 19 0.12504162 
470 145 11 21 0.1250416 
22 0 11 13 0.1250416 
125 8 13 22 0.12504159 
550 113 11 21 0.12504157 
414 161 11 21 0.12504156 
478 145 11 21 0.12504156 
918 169 11 21 0.12504156 
710 161 11 21 0.12504154 
566 137 11 21 0.12504154 
374 161 11 21 0.12504154 
46 129 11 21 0.12504154 
350 161 11 21 0.12504154 
334 145 12 21 0.12504153 
902 9 12 20 0.12504153 
878 169 11 21 0.12504151 
30 57 11 21 0.12504151 
333 2 13 19 0.1250415 
726 161 11 21 0.12504148 
950 177 11 21 0.12504146 
246 161 11 21 0.12504146 
110 153 11 21 0.12504146 
830 153 11 21 0.12504146 
749 2 13 19 0.12504146 
166 161 11 21 0.12504144 
325 2 13 19 0.12504144 
533 2 13 19 0.12504144 
989 2 13 19 0.12504143 
525 2 13 19 0.12504141 
621 2 13 19 0.12504141 
22 73 11 21 0.12504141 
573 2 13 19 0.1250414 
182 169 11 21 0.12504135 
293 2 13 19 0.12504135 
974 169 11 21 0.12504135 
741 2 13 19 0.12504135 
22 9 12 21 0.12504134 
1005 2 13 19 0.12504134 
766 161 11 21 0.12504134 
541 2 13 19 0.12504134 
230 169 11 21 0.12504134 
998 169 11 21 0.12504134 
286 153 12 21 0.1250413 
350 145 12 21 0.1250413 
894 137 11 21 0.1250413 
870 185 11 21 0.12504129 
974 153 11 21 0.12504128 
990 201 11 21 0.12504128 
22 105 11 21 0.12504128 
630 145 11 21 0.12504126 
54 137 11 21 0.12504126 
829 2 13 19 0.12504126 
565 2 13 19 0.12504125 
270 153 11 21 0.12504125 
910 201 11 21 0.12504125 
557 2 13 19 0.12504125 
437 2 13 19 0.12504123 
349 2 13 19 0.12504123 
405 2 13 19 0.12504123 
581 2 13 19 0.12504123 
261 2 13 19 0.12504123 
878 137 11 21 0.12504123 
870 145 11 21 0.12504123 
765 2 13 19 0.12504122 
958 153 11 21 0.12504122 
94 137 11 21 0.12504122 
357 2 13 19 0.1250412 
253 2 13 19 0.1250412 
757 2 13 19 0.1250412 
477 2 13 19 0.12504119 
597 2 13 19 0.12504119 
669 2 13 19 0.12504119 
14 49 11 21 0.12504117 
590 161 11 21 0.12504114 
589 2 13 19 0.12504114 
134 153 11 21 0.12504114 
285 2 13 19 0.12504114 
389 2 13 19 0.12504113 
294 161 12 21 0.12504113 
22 57 11 21 0.12504113 
725 2 13 19 0.12504113 
661 2 13 19 0.12504113 
550 153 11 21 0.12504113 
653 2 13 19 0.12504113 
30 73 11 21 0.12504113 
102 137 11 21 0.12504113 
373 2 13 19 0.12504111 
277 2 13 19 0.12504111 
142 169 11 21 0.1250411 
446 153 11 21 0.1250411 
574 176 11 22 0.1250411 
821 2 13 19 0.1250411 
654 177 11 21 0.1250411 
365 2 13 19 0.1250411 
677 2 13 19 0.12504108 
309 2 13 19 0.12504108 
785 -2 197 204 0.12504107 
450 239 43 65 0.12504107 
717 2 13 19 0.12504107 
987 243 39 70 0.12504107 
454 169 11 21 0.12504107 
846 161 11 21 0.12504104 
797 2 13 19 0.12504104 
789 2 13 19 0.12504104 
781 2 13 19 0.12504104 
790 161 11 21 0.12504104 
694 161 11 21 0.12504102 
366 161 11 21 0.12504102 
733 2 13 19 0.12504102 
805 2 13 19 0.12504102 
758 161 11 21 0.12504102 
998 193 11 21 0.12504102 
30 0 11 13 0.12504101 
773 2 13 19 0.12504101 
933 2 13 19 0.125041 
982 153 11 21 0.125041 
14 65 11 21 0.125041 
245 2 13 19 0.125041 
941 2 13 19 0.12504096 
837 2 13 19 0.12504096 
813 2 13 19 0.12504096 
246 177 11 21 0.12504096 
181 2 13 19 0.12504093 
62 145 11 21 0.12504093 
893 2 13 19 0.12504093 
54 121 11 21 0.12504092 
102 153 11 21 0.12504092 
949 2 13 19 0.12504092 
838 153 11 21 0.12504092 
157 2 13 19 0.12504092 
693 2 13 19 0.12504089 
213 2 13 19 0.12504089 
14 89 11 21 0.12504089 
685 2 13 19 0.12504089 
117 2 13 19 0.12504089 
957 2 13 19 0.12504086 
254 177 11 21 0.12504086 
670 185 11 21 0.12504086 
965 2 13 19 0.12504084 
30 137 11 21 0.12504084 
38 153 11 21 0.12504084 
334 161 12 21 0.12504083 
46 0 11 13 0.12504083 
229 2 13 19 0.12504083 
550 193 11 21 0.12504081 
46 161 11 21 0.1250408 
310 153 11 21 0.1250408 
662 177 11 21 0.1250408 
221 2 13 19 0.1250408 
38 137 11 21 0.1250408 
709 2 13 19 0.12504078 
701 2 13 19 0.12504075 
526 161 11 21 0.12504072 
830 169 11 21 0.12504072 
14 105 11 21 0.12504072 
77 2 13 19 0.12504071 
38 0 11 13 0.12504071 
854 153 12 21 0.1250407 
942 177 11 21 0.12504068 
358 238 40 67 0.12504065 
94 168 11 22 0.12504065 
558 153 11 21 0.12504065 
70 137 11 21 0.12504065 
902 169 11 21 0.12504065 
62 0 11 13 0.12504065 
885 2 13 19 0.12504064 
877 2 13 19 0.12504064 
846 145 11 21 0.12504059 
278 161 11 21 0.12504055 
958 185 11 21 0.12504055 
54 0 11 13 0.12504053 
758 185 11 21 0.12504052 
861 2 13 19 0.1250405 
998 153 11 21 0.1250405 
542 161 11 21 0.12504049 
326 161 12 21 0.12504049 
86 137 11 21 0.12504047 
518 177 11 21 0.12504047 
6 49 11 21 0.12504047 
438 169 11 21 0.12504047 
262 177 11 21 0.12504044 
869 2 13 19 0.12504044 
742 185 11 21 0.12504043 
70 0 11 13 0.12504043 
878 153 11 21 0.12504041 
358 161 11 21 0.12504041 
982 193 11 21 0.12504041 
736 19 189 271 0.12504041 
78 161 11 21 0.1250404 
582 161 11 21 0.12504034 
310 169 11 21 0.12504034 
798 169 11 21 0.12504032 
686 153 11 21 0.12504032 
966 193 11 21 0.12504031 
6 113 11 21 0.1250403 
422 177 11 21 0.1250403 
126 168 11 22 0.12504028 
22 129 11 21 0.12504023 
806 169 11 21 0.12504023 
462 169 11 21 0.12504023 
86 0 11 13 0.12504019 
840 187 87 124 0.12504019 
822 169 11 21 0.12504019 
814 169 11 21 0.12504019 
70 161 11 21 0.12504016 
94 153 11 21 0.1250401 
862 153 11 21 0.1250401 
414 177 11 21 0.1250401 
734 201 11 21 0.12504008 
446 185 11 21 0.12504008 
750 177 11 21 0.12504008 
534 185 11 21 0.12504005 
790 177 11 21 0.12504 
62 161 11 21 0.12504 
630 161 11 21 0.12503998 
766 177 11 21 0.12503998 
838 168 11 22 0.12503998 
390 169 11 21 0.12503995 
566 169 11 21 0.12503995 
6 65 11 21 0.12503994 
990 185 11 21 0.12503992 
782 169 11 21 0.12503992 
30 121 11 21 0.1250399 
630 184 11 22 0.1250399 
318 169 11 21 0.12503989 
342 161 12 21 0.12503989 
198 169 11 21 0.12503988 
774 177 11 21 0.12503988 
646 177 11 21 0.12503985 
926 153 11 21 0.12503982 
430 185 11 21 0.12503982 
86 169 11 21 0.12503977 
870 169 11 21 0.12503977 
606 168 11 22 0.12503977 
94 0 11 13 0.12503976 
598 169 11 21 0.12503976 
158 169 11 21 0.12503974 
454 185 11 21 0.12503974 
478 161 11 21 0.12503973 
14 129 11 21 0.1250397 
558 193 11 21 0.12503968 
854 169 11 21 0.12503968 
494 169 11 21 0.12503968 
982 209 11 21 0.12503968 
134 168 11 22 0.12503967 
862 176 11 22 0.12503965 
470 161 11 21 0.12503964 
46 145 11 21 0.1250396 
78 145 11 21 0.1250396 
398 169 11 21 0.12503956 
478 177 11 21 0.12503956 
806 185 11 21 0.12503956 
582 177 11 21 0.12503953 
774 201 11 21 0.12503953 
102 0 11 13 0.12503953 
814 185 11 21 0.12503953 
150 177 11 21 0.1250395 
574 193 11 21 0.1250395 
822 184 11 22 0.12503949 
110 0 11 13 0.12503946 
238 185 11 21 0.12503943 
190 137 11 21 0.12503943 
566 185 11 21 0.12503941 
798 185 11 21 0.12503941 
718 169 11 21 0.12503937 
6 97 11 21 0.12503935 
206 169 11 21 0.12503935 
102 169 11 21 0.12503932 
638 176 11 22 0.12503932 
614 176 11 22 0.12503932 
894 169 11 21 0.12503932 
950 193 11 21 0.12503931 
670 169 11 21 0.1250393 
974 201 11 21 0.1250393 
118 169 11 21 0.1250393 
110 169 11 21 0.12503928 
398 193 11 21 0.12503926 
910 217 11 21 0.12503926 
782 185 11 21 0.12503925 
830 184 11 22 0.12503923 
398 0 11 13 0.12503923 
182 185 11 21 0.12503919 
486 0 11 13 0.12503918 
6 129 11 21 0.12503918 
550 169 11 21 0.12503916 
726 201 11 21 0.12503916 
382 0 11 13 0.12503916 
766 193 11 21 0.12503915 
6 145 11 21 0.12503915 
558 169 11 21 0.12503912 
62 177 11 21 0.1250391 
86 153 11 21 0.1250391 
302 161 11 21 0.12503909 
534 161 11 21 0.12503909 
630 0 11 13 0.12503906 
342 201 11 21 0.12503906 
510 177 11 21 0.12503906 
334 193 11 21 0.12503904 
462 0 11 13 0.12503904 
366 177 11 21 0.12503904 
150 0 11 13 0.12503903 
446 0 11 13 0.12503903 
598 184 11 22 0.12503901 
6 81 11 21 0.12503901 
262 201 11 21 0.12503901 
494 0 11 13 0.12503897 
886 169 11 21 0.12503897 
422 193 11 21 0.12503897 
430 161 12 21 0.12503897 
166 185 11 21 0.12503897 
918 201 11 21 0.12503897 
526 66 12 19 0.12503895 
238 0 11 13 0.12503895 
982 0 11 13 0.12503895 
750 193 11 21 0.12503895 
86 121 11 21 0.12503895 
662 193 11 21 0.12503895 
470 0 11 13 0.12503892 
582 192 11 22 0.1250389 
126 0 11 13 0.12503888 
134 0 11 13 0.12503888 
470 177 11 21 0.12503886 
142 0 11 13 0.12503886 
902 0 11 13 0.12503886 
526 177 11 21 0.12503885 
502 0 11 13 0.12503885 
638 0 11 13 0.12503885 
318 0 11 13 0.12503883 
422 161 11 21 0.12503883 
862 192 11 22 0.12503879 
854 0 11 13 0.12503879 
510 0 11 13 0.12503879 
678 200 11 22 0.12503879 
546 238 44 65 0.12503879 
270 0 11 13 0.12503879 
418 238 42 68 0.12503877 
590 184 11 22 0.12503877 
926 0 11 13 0.12503876 
206 185 11 21 0.12503876 
230 192 11 22 0.12503874 
30 153 11 21 0.12503874 
894 193 11 21 0.12503874 
515 237 43 68 0.12503874 
918 0 11 13 0.12503874 
974 0 11 13 0.12503873 
166 0 11 13 0.12503871 
854 184 11 22 0.1250387 
198 0 11 13 0.1250387 
486 177 11 21 0.12503867 
326 193 11 21 0.12503867 
254 193 11 21 0.12503867 
246 193 11 21 0.12503867 
174 0 11 13 0.12503865 
350 192 11 22 0.12503864 
814 201 11 21 0.12503864 
174 185 11 21 0.12503864 
270 168 11 22 0.1250386 
910 0 11 13 0.1250386 
790 193 11 21 0.1250386 
270 185 11 21 0.12503856 
702 169 11 21 0.12503856 
294 176 11 22 0.12503856 
374 192 11 22 0.12503856 
54 153 11 21 0.12503853 
646 0 11 13 0.12503853 
134 201 11 21 0.12503853 
742 161 11 21 0.12503853 
886 185 11 21 0.12503853 
350 176 11 22 0.12503852 
390 185 11 21 0.12503852 
502 193 11 21 0.1250385 
214 185 11 21 0.12503849 
958 200 11 22 0.12503849 
342 184 11 22 0.12503849 
542 184 11 22 0.12503849 
614 200 11 22 0.12503849 
822 200 11 22 0.12503847 
190 0 11 13 0.12503847 
334 176 11 22 0.12503846 
694 185 11 21 0.12503844 
702 193 11 21 0.12503843 
414 201 11 21 0.12503843 
358 200 11 22 0.12503842 
678 184 11 22 0.12503842 
686 169 11 21 0.12503839 
454 0 11 13 0.12503839 
302 201 11 21 0.12503839 
286 184 11 22 0.12503839 
255 117 25 44 0.12503836 
390 201 11 21 0.12503836 
838 184 11 22 0.12503834 
382 177 11 21 0.12503833 
222 184 11 22 0.12503833 
782 201 11 21 0.12503833 
686 201 11 21 0.12503833 
798 200 11 22 0.12503833 
374 177 11 21 0.12503831 
462 193 11 21 0.12503831 
158 209 11 21 0.12503828 
870 201 11 21 0.12503827 
518 193 11 21 0.12503825 
998 0 11 13 0.12503825 
606 192 11 22 0.12503822 
606 0 11 13 0.12503822 
806 200 11 22 0.1250382 
494 185 11 21 0.1250382 
654 200 11 22 0.12503819 
294 201 11 21 0.12503818 
846 192 11 22 0.12503816 
190 176 11 22 0.12503815 
222 200 11 22 0.12503815 
382 193 11 21 0.12503815 
686 184 11 22 0.12503812 
142 185 11 21 0.12503812 
198 185 11 21 0.12503812 
286 168 11 22 0.12503812 
718 200 11 22 0.1250381 
486 193 11 21 0.1250381 
758 201 11 21 0.1250381 
926 192 11 22 0.12503809 
142 201 11 21 0.12503809 
150 193 11 21 0.12503803 
406 201 11 21 0.12503801 
406 177 11 21 0.12503801 
190 192 11 22 0.12503801 
742 200 11 22 0.125038 
542 45 27 45 0.12503797 
134 184 11 22 0.12503797 
670 200 11 22 0.12503797 
878 185 11 21 0.12503797 
182 201 11 21 0.12503791 
478 113 12 21 0.12503791 
318 193 11 21 0.12503791 
358 176 11 22 0.12503786 
198 200 11 22 0.12503786 
310 201 11 21 0.12503786 
846 176 11 22 0.12503786 
350 129 11 21 0.12503783 
310 184 11 22 0.12503783 
94 185 11 21 0.12503776 
166 225 11 21 0.12503776 
710 200 11 22 0.12503774 
830 200 11 22 0.1250377 
22 153 11 21 0.1250377 
630 200 11 22 0.1250377 
278 185 11 21 0.12503769 
286 200 11 22 0.12503766 
694 201 11 21 0.12503761 
622 200 11 22 0.12503749 
118 201 11 21 0.12503749 
150 209 11 21 0.12503748 
454 201 11 21 0.12503742 
494 201 11 21 0.12503739 
206 200 11 22 0.12503739 
54 169 11 21 0.12503739 
166 200 11 22 0.12503737 
478 201 11 21 0.12503731 
302 184 11 22 0.12503731 
622 169 11 21 0.12503731 
14 153 11 21 0.12503728 
78 184 11 22 0.12503727 
878 201 11 21 0.12503725 
574 208 11 22 0.1250372 
738 238 45 67 0.12503718 
598 201 11 21 0.12503715 
902 192 11 22 0.12503709 
174 201 11 21 0.12503707 
470 193 11 21 0.12503703 
254 209 11 21 0.12503701 
582 208 11 22 0.125037 
158 192 11 22 0.12503698 
558 208 11 22 0.12503695 
510 192 11 22 0.12503695 
854 200 11 22 0.12503687 
606 208 11 22 0.12503687 
366 200 11 22 0.12503685 
214 200 11 22 0.12503678 
526 192 11 22 0.12503676 
838 200 11 22 0.12503669 
126 208 11 22 0.12503667 
790 208 11 22 0.12503664 
446 200 11 22 0.12503661 
238 200 11 22 0.12503658 
102 193 11 21 0.12503655 
270 200 11 22 0.12503655 
998 209 11 21 0.12503651 
590 201 11 21 0.12503651 
926 209 11 21 0.12503645 
110 193 11 21 0.12503645 
326 208 11 22 0.12503643 
462 208 11 22 0.1250364 
662 208 11 22 0.12503637 
430 201 11 21 0.12503634 
566 208 11 22 0.1250363 
86 193 11 21 0.1250363 
534 209 11 21 0.12503627 
494 137 11 21 0.12503627 
118 184 11 22 0.12503618 
879 198 25 43 0.12503617 
78 -15 216 191 0.12503617 
46 177 11 21 0.12503617 
438 240 12 22 0.12503614 
734 177 11 21 0.12503614 
974 185 11 21 0.12503612 
30 177 11 21 0.12503609 
510 69 27 46 0.12503603 
471 85 25 44 0.12503603 
895 198 25 43 0.12503603 
750 208 11 22 0.12503602 
94 200 11 22 0.12503602 
934 209 11 21 0.125036 
438 192 11 22 0.12503599 
543 85 25 44 0.12503596 
591 141 25 44 0.12503582 
167 125 25 44 0.12503576 
550 69 27 45 0.12503575 
317 30 29 44 0.12503567 
319 85 25 44 0.12503567 
215 125 25 44 0.12503567 
239 133 25 44 0.12503564 
643 239 44 64 0.12503564 
199 141 25 44 0.12503561 
223 133 25 44 0.12503561 
782 69 27 45 0.12503551 
526 208 11 22 0.1250355 
646 192 11 22 0.12503546 
231 125 25 45 0.12503546 
278 200 11 22 0.12503543 
318 240 12 22 0.12503543 
614 216 11 22 0.12503538 
967 198 25 43 0.12503535 
518 208 11 22 0.1250353 
246 208 11 22 0.1250353 
438 208 11 22 0.12503529 
637 30 29 44 0.12503526 
966 208 11 22 0.12503523 
422 0 27 32 0.12503521 
-16 -23 163 224 0.1250352 
54 30 27 44 0.12503518 
610 238 44 65 0.12503517 
502 208 11 22 0.12503517 
198 0 27 33 0.12503517 
1005 230 21 42 0.12503514 
494 1 27 32 0.12503514 
445 7 29 33 0.12503514 
589 3 29 37 0.12503512 
334 1 27 32 0.12503512 
510 208 11 22 0.12503512 
838 0 27 33 0.12503512 
63 62 25 44 0.12503512 
62 2 27 38 0.12503512 
119 126 25 43 0.1250351 
943 85 25 45 0.12503509 
382 37 27 45 0.12503509 
903 85 25 45 0.12503509 
686 69 27 45 0.12503509 
453 38 29 44 0.12503509 
959 85 25 45 0.12503509 
470 38 27 44 0.12503509 
485 37 28 45 0.12503509 
509 38 29 44 0.12503509 
975 85 25 45 0.12503509 
653 37 29 46 0.12503509 
103 93 25 44 0.12503509 
781 29 29 46 0.12503509 
110 77 27 45 0.12503509 
798 85 27 45 0.12503509 
951 69 25 45 0.12503509 
246 30 27 44 0.12503509 
717 37 29 46 0.12503509 
181 29 29 45 0.12503509 
198 29 28 45 0.12503509 
229 29 29 45 0.12503509 
261 30 29 44 0.12503509 
366 29 27 45 0.12503509 
285 30 29 44 0.12503509 
367 85 26 45 0.12503509 
390 85 27 45 0.12503509 
701 37 29 46 0.12503509 
911 69 26 45 0.12503509 
614 85 27 45 0.12503509 
150 29 27 45 0.12503509 
838 69 27 45 0.12503509 
726 85 27 45 0.12503509 
645 69 28 46 0.12503509 
70 37 27 45 0.12503509 
102 37 27 45 0.12503509 
605 0 29 33 0.12503509 
118 37 27 45 0.12503509 
134 37 27 45 0.12503509 
476 8 31 41 0.12503509 
927 69 25 45 0.12503509 
863 85 26 45 0.12503509 
263 93 25 45 0.12503509 
223 93 25 44 0.12503509 
199 93 25 44 0.12503509 
183 93 25 44 0.12503509 
806 37 28 46 0.12503509 
582 69 27 45 0.12503509 
749 37 29 46 0.12503509 
733 37 29 46 0.12503509 
166 29 27 46 0.12503509 
983 69 25 45 0.12503509 
95 77 25 45 0.12503509 
255 77 25 45 0.12503509 
975 53 25 45 0.12503509 
887 141 25 44 0.12503509 
742 117 27 45 0.12503509 
567 117 25 44 0.12503509 
644 8 31 41 0.12503509 
628 8 30 41 0.12503509 
438 29 27 45 0.12503509 
572 8 31 41 0.12503509 
583 125 25 44 0.12503509 
639 125 25 45 0.12503509 
461 1 28 39 0.12503509 
479 125 25 44 0.12503509 
959 53 25 45 0.12503509 
615 125 25 44 0.12503509 
679 117 25 44 0.12503509 
134 61 27 45 0.12503509 
166 61 27 45 0.12503509 
86 61 27 45 0.12503509 
727 117 25 45 0.12503509 
519 133 25 44 0.12503509 
439 125 25 44 0.12503509 
78 2 27 38 0.12503509 
86 29 27 45 0.12503509 
740 8 31 41 0.12503509 
94 3 27 37 0.12503509 
517 8 29 41 0.12503509 
527 85 25 44 0.12503509 
549 7 29 42 0.12503509 
494 85 27 45 0.12503509 
614 29 27 45 0.12503509 
589 30 29 44 0.12503509 
558 30 27 44 0.12503509 
533 30 29 44 0.12503509 
238 69 27 45 0.12503509 
334 61 28 45 0.12503509 
350 61 27 45 0.12503509 
693 3 30 37 0.12503509 
709 3 29 37 0.12503509 
127 118 25 43 0.12503509 
397 61 29 46 0.12503509 
111 117 25 44 0.12503509 
830 53 27 46 0.12503509 
151 109 25 44 0.12503509 
285 8 29 41 0.12503509 
677 3 30 37 0.12503509 
958 3 26 38 0.12503509 
694 53 27 45 0.12503509 
422 61 27 46 0.12503509 
190 61 27 46 0.12503509 
391 117 25 44 0.12503509 
270 61 27 46 0.12503509 
310 61 27 46 0.12503509 
311 101 25 44 0.12503509 
213 8 29 41 0.12503509 
253 8 29 41 0.12503509 
189 8 29 41 0.12503509 
462 54 27 44 0.12503509 
783 101 25 45 0.12503509 
533 3 29 37 0.12503509 
118 101 27 45 0.12503509 
245 53 29 46 0.12503509 
230 53 27 45 0.12503509 
214 53 27 46 0.12503509 
207 101 25 44 0.12503509 
268 8 31 41 0.12503509 
565 61 29 46 0.12503509 
742 93 27 45 0.12503509 
703 93 25 44 0.12503509 
407 93 26 44 0.12503509 
663 93 25 44 0.12503509 
325 7 29 42 0.12503509 
943 45 26 45 0.12503509 
349 8 29 41 0.12503509 
300 7 31 42 0.12503509 
823 93 26 45 0.12503509 
439 93 25 45 0.12503509 
805 2 29 38 0.12503509 
821 2 29 38 0.12503509 
757 53 29 46 0.12503509 
455 109 25 44 0.12503509 
525 61 29 46 0.12503509 
630 53 27 45 0.12503509 
711 109 25 44 0.12503509 
781 3 29 37 0.12503509 
341 45 29 46 0.12503509 
758 93 27 45 0.12503509 
325 45 29 45 0.12503509 
374 15 27 42 0.12503509 
454 77 27 45 0.12503509 
413 14 29 44 0.12503509 
39 22 25 44 0.12503509 
102 13 27 45 0.12503509 
118 13 27 45 0.12503509 
493 14 29 44 0.12503509 
453 15 29 42 0.12503509 
174 13 27 45 0.12503509 
429 14 29 44 0.12503509 
294 77 27 45 0.12503509 
870 7 27 42 0.12503509 
717 14 29 44 0.12503509 
685 14 29 44 0.12503509 
302 38 27 44 0.12503509 
365 2 29 38 0.12503509 
757 13 29 46 0.12503509 
23 14 25 43 0.12503509 
854 13 27 46 0.12503509 
837 13 29 46 0.12503509 
813 14 29 44 0.12503509 
789 14 29 44 0.12503509 
389 22 29 44 0.12503509 
591 101 25 44 0.12503509 
142 8 27 41 0.12503509 
285 53 29 46 0.12503509 
423 101 25 44 0.12503509 
998 2 25 39 0.12503509 
685 37 29 46 0.12503509 
661 22 29 44 0.12503509 
142 85 27 45 0.12503509 
158 77 27 45 0.12503509 
814 53 27 45 0.12503508 
919 53 25 45 0.12503508 
878 53 27 46 0.12503508 
846 53 27 46 0.12503508 
774 53 27 46 0.12503508 
798 53 27 45 0.12503508 
741 53 29 46 0.12503508 
677 53 29 46 0.12503508 
725 53 29 45 0.12503508 
710 53 27 45 0.12503508 
478 53 28 46 0.12503508 
150 53 27 45 0.12503508 
590 53 27 45 0.12503508 
493 53 29 46 0.12503508 
446 54 27 44 0.12503508 
991 45 25 45 0.12503508 
430 45 27 45 0.12503508 
422 208 11 22 0.12503508 
174 45 27 45 0.12503508 
110 53 27 45 0.12503508 
574 46 27 44 0.12503508 
862 45 27 45 0.12503508 
47 46 25 43 0.12503508 
837 37 29 46 0.12503508 
821 37 29 46 0.12503508 
406 37 27 45 0.12503508 
765 37 29 46 0.12503508 
333 29 29 45 0.12503508 
349 29 29 45 0.12503508 
678 85 27 45 0.12503508 
605 14 29 44 0.12503508 
214 30 27 44 0.12503508 
773 13 29 46 0.12503508 
375 149 25 44 0.12503508 
911 141 25 44 0.12503508 
807 141 25 44 0.12503508 
727 141 25 44 0.12503508 
703 141 25 44 0.12503508 
383 141 25 44 0.12503508 
399 141 25 44 0.12503508 
503 141 25 44 0.12503508 
967 13 25 45 0.12503508 
701 14 29 44 0.12503508 
158 14 27 44 0.12503508 
982 3 26 38 0.12503508 
766 2 28 38 0.12503508 
724 2 31 38 0.12503508 
510 0 27 33 0.12503508 
406 0 27 32 0.12503508 
222 69 27 45 0.12503508 
206 69 27 45 0.12503508 
718 69 27 45 0.12503508 
430 77 27 45 0.12503508 
855 117 25 44 0.12503508 
750 69 27 45 0.12503508 
662 61 27 45 0.12503508 
702 69 27 45 0.12503508 
613 61 29 46 0.12503508 
175 77 25 45 0.12503508 
374 101 27 45 0.12503508 
903 117 25 44 0.12503508 
647 93 25 44 0.12503508 
631 93 25 44 0.12503508 
359 101 25 44 0.12503508 
63 101 25 44 0.12503508 
134 101 27 45 0.12503508 
247 101 25 44 0.12503508 
559 101 25 44 0.12503508 
343 101 25 44 0.12503508 
295 101 25 44 0.12503508 
487 101 25 44 0.12503508 
519 101 25 44 0.12503508 
535 101 25 44 0.12503508 
623 101 25 44 0.12503508 
687 101 25 44 0.12503508 
839 117 25 44 0.12503508 
607 101 25 44 0.12503508 
822 69 27 45 0.12503508 
287 133 25 44 0.12503508 
671 133 25 44 0.12503508 
381 68 29 47 0.12503508 
414 77 27 45 0.12503508 
278 77 27 46 0.12503508 
415 133 25 44 0.12503508 
39 77 25 44 0.12503508 
71 77 25 44 0.12503508 
655 133 25 44 0.12503508 
806 69 27 45 0.12503508 
751 133 25 44 0.12503508 
766 69 27 45 0.12503508 
126 77 27 45 0.12503508 
87 101 25 44 0.12503508 
1004 94 19 43 0.12503508 
167 93 25 44 0.12503508 
887 77 25 45 0.12503508 
175 133 25 44 0.12503508 
207 133 25 44 0.12503508 
303 125 25 44 0.12503508 
574 85 27 45 0.12503508 
598 85 27 45 0.12503508 
775 85 26 45 0.12503508 
351 117 25 44 0.12503508 
511 117 25 44 0.12503508 
407 117 25 44 0.12503508 
367 117 25 44 0.12503508 
327 117 25 44 0.12503508 
279 117 25 44 0.12503508 
335 85 25 44 0.12503508 
191 117 25 44 0.12503508 
823 125 25 44 0.12503508 
695 125 25 44 0.12503508 
967 37 25 45 0.12503505 
357 45 29 46 0.12503505 
951 189 24 44 0.12503505 
911 101 25 44 0.12503505 
886 37 27 46 0.12503505 
734 69 27 45 0.12503505 
894 61 27 45 0.12503505 
661 3 29 37 0.12503505 
71 13 26 45 0.12503505 
237 2 29 38 0.12503505 
159 117 25 44 0.12503505 
878 21 27 46 0.12503505 
983 29 25 45 0.12503505 
791 117 25 45 0.12503505 
381 3 29 37 0.12503505 
527 117 25 44 0.12503505 
351 141 25 44 0.12503503 
373 53 29 46 0.12503503 
350 85 27 45 0.12503502 
767 125 25 44 0.12503502 
967 101 25 44 0.12503502 
31 69 25 44 0.12503502 
894 21 27 46 0.12503502 
998 60 23 47 0.12503502 
910 176 11 22 0.12503502 
143 117 25 44 0.12503502 
317 1 29 32 0.12503502 
294 0 27 33 0.12503502 
967 69 25 45 0.125035 
39 3 26 38 0.125035 
79 85 25 44 0.12503499 
599 125 25 44 0.12503499 
934 3 27 38 0.12503499 
175 110 25 43 0.12503499 
991 93 25 45 0.12503499 
669 37 29 45 0.12503499 
846 85 27 45 0.12503499 
919 133 25 44 0.12503499 
166 2 27 38 0.12503499 
991 13 25 45 0.12503499 
951 101 25 44 0.12503499 
422 29 27 46 0.12503499 
919 85 25 45 0.12503497 
565 0 29 33 0.12503496 
110 2 27 39 0.12503496 
126 2 27 39 0.12503496 
927 125 25 44 0.12503496 
86 216 11 22 0.12503496 
975 190 25 43 0.12503496 
910 37 27 45 0.12503496 
151 134 25 43 0.12503496 
902 3 27 38 0.12503496 
998 29 24 46 0.12503496 
886 3 27 38 0.12503496 
437 0 29 33 0.12503494 
950 13 27 45 0.12503494 
926 37 27 45 0.12503494 
895 101 25 44 0.12503494 
143 142 25 43 0.12503494 
502 177 11 21 0.12503493 
918 7 27 42 0.12503493 
606 46 27 44 0.12503493 
919 109 25 44 0.12503491 
959 109 25 44 0.12503491 
31 109 25 44 0.12503491 
959 181 24 44 0.12503491 
854 69 27 45 0.12503491 
895 125 25 45 0.1250349 
903 190 25 43 0.1250349 
934 21 27 45 0.12503488 
277 0 29 33 0.12503488 
991 125 25 44 0.12503488 
750 0 28 33 0.12503488 
879 101 25 44 0.12503488 
255 141 25 44 0.12503488 
23 77 25 44 0.12503488 
622 0 27 33 0.12503488 
807 101 25 44 0.12503488 
870 69 27 45 0.12503488 
495 117 25 44 0.12503487 
159 142 25 42 0.12503487 
951 125 25 44 0.12503487 
54 184 11 22 0.12503485 
967 125 25 44 0.12503485 
999 141 22 44 0.12503484 
895 157 25 44 0.12503484 
943 158 25 43 0.12503484 
935 101 25 44 0.12503484 
261 0 29 33 0.12503484 
181 0 29 33 0.12503482 
637 0 29 33 0.12503482 
983 109 25 44 0.12503482 
975 117 25 44 0.12503481 
135 126 25 43 0.12503481 
959 134 25 43 0.12503481 
951 150 25 43 0.12503481 
503 102 25 43 0.12503481 
943 118 25 43 0.12503478 
31 45 25 44 0.12503478 
319 125 25 44 0.12503478 
935 134 25 43 0.12503478 
535 133 25 44 0.12503478 
142 216 11 22 0.12503478 
55 70 25 44 0.12503478 
150 0 27 33 0.12503476 
221 0 29 33 0.12503476 
23 37 25 44 0.12503476 
998 109 23 45 0.12503476 
919 166 24 43 0.12503473 
983 134 25 43 0.12503473 
959 158 25 43 0.12503473 
935 190 24 43 0.12503473 
95 109 25 44 0.12503472 
927 182 24 43 0.12503469 
718 185 11 21 0.12503468 
983 174 25 43 0.12503468 
1 6 24 44 0.12503466 
15 85 25 44 0.12503465 
918 217 11 21 0.12503463 
863 1 25 33 0.12503463 
174 216 11 22 0.12503457 
631 141 25 44 0.12503457 
711 150 25 43 0.12503457 
0 0 25 26 0.12503457 
726 185 11 21 0.12503456 
446 232 12 23 0.12503453 
710 185 11 21 0.12503453 
271 133 25 44 0.1250345 
638 200 11 22 0.1250345 
231 149 25 44 0.12503447 
190 208 11 22 0.12503444 
15 61 25 45 0.12503444 
783 133 25 44 0.1250344 
23 0 25 34 0.12503439 
943 181 24 44 0.12503436 
471 117 25 44 0.12503436 
455 133 25 45 0.12503435 
991 190 25 43 0.12503432 
47 85 25 45 0.12503432 
1004 47 19 42 0.12503432 
879 150 25 43 0.1250343 
158 224 11 22 0.12503429 
239 110 25 43 0.12503429 
8 37 24 45 0.12503427 
487 141 25 44 0.12503423 
40 117 24 44 0.12503423 
991 158 25 43 0.12503421 
94 224 11 22 0.1250342 
23 101 25 44 0.12503417 
70 176 11 22 0.12503415 
607 141 25 44 0.12503415 
447 141 25 45 0.12503414 
479 149 25 45 0.12503414 
983 198 25 43 0.12503414 
559 141 25 44 0.12503414 
927 150 25 43 0.12503411 
903 149 25 44 0.12503408 
975 166 25 43 0.12503405 
887 206 25 44 0.12503405 
942 209 11 21 0.125034 
567 149 25 44 0.125034 
215 157 24 45 0.12503394 
55 93 25 44 0.12503392 
55 117 25 44 0.1250339 
551 125 25 45 0.12503384 
103 125 25 44 0.12503384 
471 141 25 44 0.12503384 
407 149 25 44 0.12503384 
54 0 27 25 0.12503383 
871 117 25 45 0.12503377 
663 165 24 45 0.12503377 
247 149 25 45 0.12503374 
48 125 24 44 0.12503374 
470 240 12 23 0.12503374 
167 150 25 43 0.12503374 
71 117 25 44 0.12503372 
871 158 25 43 0.12503372 
112 142 23 43 0.1250337 
183 141 25 44 0.12503366 
70 0 27 25 0.12503366 
526 232 12 23 0.12503366 
759 149 25 44 0.12503365 
367 141 25 44 0.12503363 
911 198 25 44 0.12503362 
343 149 25 45 0.12503362 
919 190 25 44 0.12503356 
175 158 25 43 0.1250335 
23 125 25 44 0.1250335 
335 133 25 44 0.12503345 
32 142 23 43 0.12503345 
791 149 25 44 0.12503345 
86 0 27 25 0.12503342 
775 149 25 44 0.12503338 
264 157 23 44 0.12503338 
887 117 25 45 0.12503338 
622 184 11 23 0.12503333 
974 0 27 25 0.12503333 
134 216 11 22 0.12503332 
126 193 11 21 0.12503332 
863 133 25 44 0.1250333 
2 100 22 46 0.12503329 
101 0 29 25 0.12503326 
191 149 25 45 0.12503326 
463 125 25 45 0.12503326 
543 109 25 44 0.12503324 
687 149 25 44 0.12503324 
583 149 25 44 0.12503324 
40 150 23 43 0.12503324 
910 0 27 25 0.12503324 
453 0 29 25 0.12503321 
1013 2 10 20 0.12503321 
926 0 27 25 0.1250332 
38 177 11 21 0.1250332 
975 141 25 44 0.12503317 
950 0 27 25 0.12503317 
136 157 23 44 0.12503316 
240 166 23 43 0.12503313 
1013 105 10 21 0.12503313 
87 125 25 44 0.12503313 
389 0 29 25 0.12503311 
127 142 25 43 0.12503311 
774 240 12 23 0.12503311 
894 0 27 25 0.12503311 
120 150 23 43 0.1250331 
773 0 29 25 0.1250331 
373 0 29 25 0.1250331 
864 165 23 44 0.12503308 
717 0 29 25 0.12503305 
118 216 11 22 0.12503305 
815 149 25 44 0.12503305 
296 158 23 43 0.12503305 
701 0 29 25 0.12503304 
669 0 29 25 0.12503304 
831 141 25 44 0.12503304 
990 0 26 25 0.12503304 
16 117 24 44 0.12503304 
477 0 29 25 0.12503304 
685 0 29 25 0.12503304 
485 69 29 46 0.12503304 
733 0 29 25 0.125033 
280 157 23 44 0.125033 
133 0 29 25 0.12503299 
117 0 29 25 0.12503299 
877 0 29 25 0.12503299 
797 0 29 25 0.12503299 
849 238 45 67 0.12503296 
653 0 29 25 0.12503296 
96 142 23 43 0.12503292 
439 157 25 45 0.12503292 
607 165 24 45 0.12503292 
663 117 25 44 0.12503292 
541 0 29 25 0.1250329 
847 133 25 45 0.1250329 
813 0 29 25 0.1250329 
525 0 29 25 0.12503287 
2 52 22 46 0.12503287 
391 149 25 44 0.12503283 
839 149 25 45 0.12503281 
78 200 11 22 0.12503278 
357 0 29 25 0.12503278 
935 166 25 43 0.12503274 
334 209 11 21 0.12503272 
245 0 29 25 0.12503272 
639 149 25 44 0.1250327 
590 224 12 23 0.1250327 
63 125 25 44 0.12503268 
104 150 23 43 0.12503266 
319 149 25 44 0.12503263 
311 141 25 44 0.12503257 
550 208 11 22 0.12503248 
88 157 23 44 0.12503248 
431 141 25 44 0.12503247 
784 190 23 43 0.12503247 
415 166 25 43 0.12503247 
256 166 23 43 0.12503247 
600 157 23 45 0.1250324 
102 224 11 22 0.12503238 
150 224 11 22 0.12503238 
581 0 29 25 0.12503238 
646 208 11 22 0.12503237 
670 216 11 23 0.12503237 
950 208 11 22 0.12503234 
967 173 25 44 0.12503234 
24 165 23 44 0.12503234 
766 240 12 23 0.1250323 
1013 81 10 21 0.12503226 
967 149 25 44 0.12503226 
647 165 24 44 0.12503226 
1013 57 10 21 0.12503226 
72 149 23 44 0.12503222 
512 165 23 44 0.12503222 
3 132 21 47 0.1250322 
528 174 23 43 0.12503217 
887 166 25 43 0.12503214 
623 149 25 44 0.1250321 
544 182 23 42 0.12503207 
1013 41 10 21 0.125032 
582 240 12 22 0.125032 
1004 167 19 41 0.12503196 
48 157 23 44 0.12503196 
823 157 24 44 0.12503195 
56 149 23 44 0.12503195 
54 208 11 22 0.12503195 
2 76 22 47 0.12503192 
327 157 25 45 0.12503186 
735 149 25 44 0.12503186 
303 149 25 45 0.12503184 
144 190 23 43 0.12503181 
248 198 23 43 0.12503178 
432 174 23 43 0.12503175 
551 149 25 44 0.12503175 
102 208 11 22 0.12503174 
1004 126 19 43 0.12503174 
478 240 12 23 0.1250317 
1004 198 20 42 0.1250317 
550 248 12 23 0.12503166 
312 165 23 45 0.1250316 
152 157 23 44 0.1250316 
1013 17 10 21 0.12503158 
463 149 25 44 0.12503158 
207 165 25 45 0.12503153 
855 149 25 45 0.12503149 
706 238 44 67 0.12503149 
382 208 11 22 0.12503147 
62 192 11 22 0.12503147 
879 174 25 43 0.12503146 
817 239 45 67 0.12503146 
576 165 23 44 0.12503143 
783 157 25 45 0.1250314 
560 190 23 42 0.1250314 
64 157 23 44 0.1250314 
670 232 12 22 0.1250314 
46 192 11 22 0.1250314 
184 190 23 43 0.1250314 
653 248 13 23 0.12503138 
752 173 23 44 0.12503138 
799 157 25 45 0.12503137 
224 182 23 43 0.12503134 
592 174 23 43 0.1250313 
144 165 23 44 0.1250313 
472 165 23 44 0.12503129 
736 190 23 43 0.12503128 
40 174 23 43 0.12503126 
800 190 23 43 0.12503126 
78 216 11 22 0.12503126 
894 224 11 23 0.12503126 
768 190 23 43 0.12503125 
22 177 11 21 0.12503125 
847 157 24 45 0.12503123 
734 216 12 23 0.12503122 
655 173 24 45 0.1250312 
334 248 12 23 0.12503119 
398 208 11 23 0.12503119 
245 232 13 23 0.12503119 
456 157 23 45 0.12503119 
16 141 24 44 0.12503116 
624 173 23 44 0.12503113 
79 133 24 44 0.12503111 
165 240 13 23 0.12503108 
767 157 24 45 0.12503107 
128 190 23 43 0.12503104 
360 157 23 44 0.12503102 
264 182 23 43 0.12503102 
560 166 23 43 0.12503101 
856 181 23 44 0.12503101 
744 165 23 44 0.125031 
447 165 24 44 0.12503098 
575 141 25 45 0.12503098 
527 149 25 44 0.12503092 
423 149 25 45 0.12503092 
110 224 11 22 0.1250309 
128 165 23 44 0.1250309 
488 165 23 44 0.12503085 
807 165 24 45 0.12503085 
680 181 23 44 0.12503082 
760 182 23 43 0.12503082 
568 174 23 43 0.12503079 
232 174 23 43 0.12503079 
534 248 12 22 0.12503067 
845 248 13 23 0.12503067 
615 157 25 45 0.12503064 
392 182 23 42 0.1250306 
672 173 23 44 0.12503058 
720 190 23 43 0.12503058 
544 158 23 43 0.12503058 
495 149 25 44 0.12503058 
80 190 23 43 0.12503056 
240 190 23 43 0.12503056 
1013 241 11 21 0.12503055 
453 232 13 23 0.12503053 
352 190 23 43 0.12503053 
79 109 25 45 0.12503052 
248 174 23 43 0.12503049 
272 190 23 43 0.12503049 
719 157 25 44 0.12503049 
230 208 11 22 0.12503049 
400 190 23 43 0.12503047 
360 182 23 43 0.12503046 
640 181 23 45 0.12503046 
525 248 13 23 0.12503046 
832 165 23 45 0.12503041 
648 190 23 43 0.12503041 
695 157 25 44 0.1250304 
496 182 23 42 0.1250304 
792 182 23 43 0.12503038 
344 182 23 43 0.12503038 
776 182 23 43 0.12503038 
518 232 12 23 0.12503035 
200 174 23 43 0.12503034 
816 182 23 43 0.1250303 
160 214 23 43 0.12503028 
424 182 23 43 0.12503028 
918 184 11 22 0.12503022 
374 208 11 22 0.12503022 
718 240 12 23 0.1250302 
110 208 12 23 0.1250302 
902 224 11 23 0.12503019 
416 190 23 43 0.12503019 
679 157 25 44 0.12503019 
368 190 23 43 0.12503017 
440 182 23 43 0.12503013 
168 174 23 43 0.12503013 
903 214 25 44 0.12503013 
552 174 23 43 0.12503013 
184 165 23 44 0.12503012 
149 240 13 23 0.1250301 
632 165 23 44 0.12503009 
552 197 23 44 0.12503009 
253 240 13 23 0.12503007 
728 182 23 43 0.12503004 
863 190 24 43 0.12503004 
390 224 12 22 0.12502998 
152 181 23 44 0.12502998 
256 190 23 43 0.12502998 
70 208 11 23 0.12502998 
686 240 12 23 0.12502998 
672 197 23 44 0.12502998 
328 182 23 43 0.12502997 
726 240 12 23 0.1250299 
336 190 23 43 0.12502988 
104 190 23 43 0.12502988 
222 232 12 23 0.12502986 
160 165 23 44 0.12502986 
590 240 12 22 0.12502983 
520 157 23 44 0.12502983 
520 181 23 44 0.12502982 
383 165 24 44 0.12502973 
96 173 23 44 0.12502973 
136 198 23 43 0.12502968 
480 173 23 44 0.12502965 
600 190 23 43 0.12502964 
688 173 23 44 0.12502964 
696 182 23 43 0.12502962 
262 240 12 23 0.1250296 
288 165 23 44 0.12502956 
871 182 25 43 0.12502956 
112 182 23 43 0.12502956 
152 206 23 43 0.12502955 
536 165 23 44 0.12502955 
288 190 23 43 0.12502952 
744 198 23 43 0.12502952 
320 173 23 44 0.12502947 
470 208 11 22 0.12502947 
464 182 23 43 0.12502946 
367 165 24 44 0.12502946 
80 165 23 44 0.12502946 
280 181 23 44 0.1250294 
384 190 23 43 0.1250294 
840 173 23 44 0.12502939 
352 165 23 45 0.12502939 
160 190 23 43 0.12502939 
400 165 23 44 0.12502937 
216 190 23 43 0.12502936 
62 208 11 23 0.12502934 
232 197 23 44 0.12502934 
504 173 23 44 0.1250293 
376 182 23 43 0.12502928 
64 25 169 294 0.12502928 
408 182 23 43 0.12502925 
176 182 23 43 0.12502922 
664 189 23 44 0.1250292 
712 198 23 43 0.12502915 
350 208 12 23 0.12502915 
120 197 23 44 0.12502913 
296 181 23 44 0.1250291 
70 192 11 22 0.1250291 
472 190 23 43 0.12502909 
366 240 12 22 0.12502909 
848 190 23 43 0.12502907 
456 198 23 43 0.12502904 
584 182 23 43 0.12502903 
488 190 23 43 0.12502903 
829 240 13 23 0.125029 
622 216 11 23 0.125029 
528 197 23 44 0.125029 
486 232 12 22 0.12502895 
911 173 25 44 0.12502895 
304 173 23 44 0.12502894 
397 240 13 23 0.12502886 
742 232 12 23 0.12502886 
824 190 23 43 0.12502883 
206 240 12 23 0.12502883 
616 190 23 43 0.12502883 
414 232 12 23 0.12502882 
157 240 13 23 0.12502882 
272 165 23 44 0.12502877 
336 165 23 44 0.12502873 
389 240 13 23 0.12502871 
678 232 12 22 0.12502871 
77 248 13 23 0.12502868 
56 174 23 43 0.12502868 
168 197 23 44 0.12502865 
310 240 12 23 0.12502863 
568 197 23 44 0.12502863 
576 190 23 43 0.12502861 
72 173 23 44 0.12502855 
632 190 23 43 0.12502852 
238 232 12 23 0.12502848 
72 197 23 44 0.12502846 
886 224 11 23 0.12502842 
661 240 13 23 0.1250284 
608 197 23 44 0.12502839 
192 182 23 43 0.12502837 
80 214 23 43 0.12502831 
448 190 23 43 0.1250283 
512 189 23 44 0.12502827 
598 240 12 22 0.12502827 
373 240 13 23 0.12502821 
238 216 11 22 0.12502821 
766 208 11 23 0.1250282 
320 198 23 43 0.12502816 
406 232 12 22 0.12502812 
645 248 13 23 0.12502812 
382 224 12 23 0.1250281 
758 240 12 23 0.1250281 
1013 177 10 21 0.12502804 
704 190 23 43 0.125028 
312 190 23 43 0.12502798 
504 198 23 43 0.12502795 
510 232 12 23 0.12502792 
431 230 25 42 0.12502792 
461 240 13 23 0.12502791 
1013 129 10 21 0.12502787 
304 197 23 44 0.12502782 
301 248 13 23 0.12502782 
558 224 11 22 0.12502782 
1013 161 10 21 0.12502779 
48 182 23 43 0.12502778 
311 230 25 42 0.12502775 
808 198 23 44 0.12502766 
173 240 13 23 0.12502766 
38 209 11 21 0.12502766 
1013 145 10 21 0.12502764 
656 197 23 44 0.1250276 
46 208 11 22 0.1250276 
1013 202 10 20 0.12502757 
439 222 25 42 0.12502754 
728 206 23 44 0.12502754 
88 181 23 44 0.12502748 
294 240 12 22 0.12502746 
112 205 23 44 0.12502745 
614 240 12 22 0.12502739 
214 240 12 23 0.12502739 
712 173 23 44 0.12502737 
358 232 12 23 0.12502737 
565 248 13 23 0.1250273 
1006 185 11 21 0.12502727 
88 205 23 44 0.12502725 
277 248 13 23 0.12502724 
704 165 23 44 0.12502716 
624 197 23 45 0.12502708 
432 197 23 44 0.12502706 
926 233 11 21 0.12502706 
629 240 13 23 0.12502699 
806 224 12 22 0.12502696 
30 201 11 21 0.1250269 
519 222 25 42 0.12502678 
101 248 13 23 0.12502678 
64 190 23 43 0.12502675 
814 224 12 23 0.12502673 
144 213 23 44 0.12502669 
709 248 13 23 0.12502664 
767 230 25 42 0.12502664 
494 224 12 22 0.12502664 
558 248 12 23 0.12502664 
749 240 13 23 0.12502663 
56 197 23 44 0.1250266 
463 230 25 42 0.12502655 
200 197 23 44 0.12502655 
735 222 25 43 0.12502654 
96 197 23 44 0.12502652 
637 240 13 23 0.12502646 
30 217 11 21 0.12502642 
630 216 12 23 0.12502638 
663 222 25 42 0.12502636 
326 240 12 23 0.12502633 
230 232 12 22 0.12502633 
799 222 25 41 0.1250263 
120 173 23 44 0.1250263 
141 240 13 23 0.12502629 
582 224 12 23 0.12502606 
871 206 25 44 0.12502602 
583 214 25 42 0.12502602 
711 230 25 43 0.12502594 
575 230 25 42 0.12502591 
359 230 25 41 0.12502582 
383 214 25 42 0.12502578 
239 222 25 42 0.12502576 
853 248 13 23 0.12502573 
430 232 12 23 0.12502573 
32 197 23 44 0.1250257 
215 222 25 43 0.1250257 
1013 225 11 21 0.12502564 
327 238 25 42 0.12502557 
543 238 25 42 0.12502553 
679 230 25 42 0.12502551 
165 256 13 23 0.1250255 
647 238 25 42 0.1250255 
125 61 216 307 0.12502545 
734 240 12 22 0.12502545 
398 224 12 23 0.12502542 
573 232 13 23 0.12502538 
407 222 25 42 0.12502538 
479 222 25 42 0.12502535 
104 213 23 44 0.1250253 
262 224 12 23 0.12502527 
759 238 25 42 0.1250252 
702 208 12 23 0.12502518 
48 205 23 44 0.12502515 
24 206 23 43 0.12502508 
445 248 13 22 0.12502503 
974 217 11 21 0.12502499 
15 173 25 44 0.12502494 
422 224 12 23 0.12502487 
878 216 11 23 0.12502486 
351 222 25 43 0.12502483 
255 230 25 42 0.12502483 
832 198 23 44 0.12502475 
606 240 12 22 0.12502474 
199 230 25 43 0.12502474 
477 224 13 23 0.1250247 
269 248 13 22 0.12502469 
959 206 24 43 0.12502468 
190 232 12 23 0.12502466 
607 230 25 42 0.12502465 
591 230 25 42 0.12502462 
751 230 25 42 0.12502456 
62 224 11 22 0.12502454 
527 238 25 42 0.12502454 
655 230 25 43 0.12502454 
38 193 11 21 0.12502447 
919 222 25 42 0.12502445 
381 240 13 23 0.12502445 
823 230 25 42 0.12502444 
399 214 25 42 0.12502444 
694 232 12 23 0.1250244 
295 238 25 42 0.12502438 
54 224 11 22 0.12502438 
701 240 13 23 0.12502435 
503 222 25 42 0.12502435 
7 157 25 44 0.12502427 
374 224 12 23 0.12502426 
423 222 25 43 0.12502424 
69 248 13 23 0.12502424 
542 208 12 23 0.12502421 
487 214 25 42 0.12502418 
350 232 12 23 0.1250241 
415 214 25 43 0.12502405 
862 208 12 23 0.12502404 
183 230 25 41 0.12502399 
688 198 23 44 0.12502399 
391 238 25 41 0.12502395 
14 169 11 21 0.1250239 
238 169 11 21 0.12502383 
839 238 25 42 0.12502381 
367 222 25 43 0.12502381 
640 206 23 44 0.12502374 
687 222 25 42 0.12502371 
927 206 25 43 0.12502368 
639 230 25 43 0.12502368 
598 216 12 23 0.12502363 
591 206 25 43 0.12502362 
231 230 25 42 0.12502362 
542 248 12 22 0.12502354 
583 238 25 42 0.12502351 
335 230 25 41 0.12502351 
16 197 23 44 0.12502348 
422 240 12 22 0.12502342 
71 238 25 42 0.12502338 
559 238 25 42 0.12502337 
151 230 25 42 0.12502335 
742 216 12 23 0.1250233 
455 222 25 42 0.12502328 
125 240 13 23 0.12502326 
447 213 25 44 0.12502323 
623 230 25 42 0.12502319 
167 230 25 42 0.12502316 
807 230 25 41 0.12502311 
727 230 25 42 0.12502304 
816 206 23 44 0.12502299 
22 209 11 21 0.12502298 
943 206 25 43 0.12502295 
366 224 12 23 0.12502289 
263 238 25 42 0.12502289 
285 248 13 23 0.12502283 
791 214 25 41 0.12502281 
837 248 13 23 0.12502281 
462 224 12 23 0.12502278 
517 248 13 23 0.12502272 
40 213 23 44 0.12502268 
647 214 25 44 0.12502265 
287 230 25 42 0.12502263 
638 216 12 23 0.12502259 
143 238 25 42 0.12502256 
695 214 25 43 0.1250225 
295 214 25 43 0.12502247 
821 240 13 23 0.12502246 
622 240 12 22 0.12502243 
846 208 12 23 0.12502237 
135 230 25 42 0.12502234 
192 206 23 44 0.12502232 
438 224 12 23 0.12502232 
703 238 25 42 0.12502226 
631 222 25 43 0.12502225 
303 222 25 43 0.12502213 
46 224 11 22 0.12502211 
471 214 25 42 0.12502208 
463 206 25 43 0.12502208 
415 238 25 41 0.12502205 
133 248 13 23 0.12502201 
573 248 13 22 0.125022 
686 224 12 23 0.12502196 
95 238 25 42 0.1250219 
567 222 25 43 0.12502187 
223 214 25 43 0.12502187 
53 248 13 23 0.12502185 
119 230 25 43 0.12502173 
662 224 12 23 0.12502173 
502 224 12 23 0.12502173 
798 224 12 22 0.12502171 
174 169 11 21 0.12502162 
447 238 25 40 0.12502162 
126 224 11 23 0.12502159 
318 208 12 23 0.12502153 
47 238 25 41 0.12502152 
654 216 12 23 0.12502141 
61 240 13 23 0.12502138 
775 222 25 41 0.1250213 
206 224 12 23 0.12502125 
343 214 25 43 0.1250212 
719 222 25 43 0.12502117 
550 232 11 23 0.12502117 
847 230 25 42 0.12502114 
342 240 12 22 0.12502109 
176 214 23 43 0.12502109 
326 176 11 22 0.12502106 
958 217 11 21 0.12502103 
535 221 25 43 0.12502097 
480 198 23 44 0.1250209 
861 240 13 23 0.1250209 
813 240 13 22 0.12502089 
702 224 12 23 0.12502089 
128 213 23 45 0.12502085 
264 206 23 44 0.12502082 
254 224 12 23 0.12502077 
375 238 25 41 0.1250207 
280 206 23 44 0.12502062 
534 232 12 23 0.12502056 
198 216 12 23 0.12502053 
616 214 23 44 0.12502041 
272 222 23 44 0.1250204 
646 232 12 23 0.12502025 
127 238 25 43 0.1250202 
654 232 12 23 0.12502016 
133 232 13 23 0.12502006 
759 214 25 43 0.12501998 
680 206 23 44 0.12501997 
543 205 25 45 0.12501997 
302 224 12 23 0.1250199 
870 216 12 23 0.1250199 
512 230 23 44 0.12501985 
14 185 11 21 0.12501973 
207 214 25 43 0.12501965 
750 224 12 23 0.12501962 
221 248 13 22 0.12501962 
470 224 12 23 0.12501961 
542 232 12 22 0.12501945 
310 224 12 23 0.12501937 
831 222 25 43 0.12501937 
159 246 25 42 0.12501934 
565 232 13 23 0.12501933 
22 192 11 22 0.12501924 
23 238 25 40 0.12501921 
726 216 12 23 0.12501903 
294 224 12 23 0.12501897 
446 216 12 23 0.12501894 
752 206 23 44 0.12501888 
599 221 25 44 0.12501885 
710 224 12 23 0.12501882 
429 248 13 22 0.1250188 
93 248 13 23 0.12501878 
822 216 12 23 0.12501872 
855 205 25 45 0.12501864 
840 206 23 44 0.12501861 
990 217 11 21 0.1250186 
850 56 161 304 0.12501833 
879 222 25 44 0.1250183 
551 221 25 44 0.12501822 
360 206 23 44 0.12501822 
198 232 12 23 0.12501816 
758 224 12 23 0.12501809 
678 216 12 23 0.12501802 
173 256 13 23 0.12501799 
64 214 23 43 0.1250178 
774 224 12 23 0.12501761 
328 206 23 44 0.12501757 
869 247 13 24 0.12501752 
454 216 12 23 0.12501752 
182 224 12 23 0.12501742 
718 216 12 23 0.12501726 
677 248 13 22 0.12501724 
326 224 12 23 0.12501703 
486 208 12 23 0.12501676 
0 165 24 44 0.12501666 
790 224 12 22 0.12501661 
14 208 11 22 0.12501653 
877 247 13 24 0.12501651 
782 232 12 22 0.12501642 
286 224 12 23 0.12501624 
117 240 13 23 0.12501621 
766 224 12 23 0.12501611 
278 224 12 23 0.12501611 
854 216 12 23 0.12501611 
838 232 12 23 0.12501608 
8 181 24 44 0.12501596 
863 213 25 45 0.12501596 
214 224 12 23 0.12501593 
495 238 26 40 0.12501593 
974 213 25 43 0.12501593 
559 214 25 43 0.12501593 
38 224 11 22 0.1250158 
318 224 12 23 0.12501577 
270 224 12 23 0.12501575 
863 238 25 43 0.12501575 
45 248 13 22 0.12501559 
430 215 12 24 0.12501559 
111 238 25 42 0.12501533 
70 224 12 23 0.1250152 
87 230 25 43 0.12501505 
222 216 12 23 0.12501505 
38 240 11 22 0.12501493 
342 215 12 24 0.12501487 
805 240 13 22 0.12501451 
6 176 11 22 0.12501445 
55 222 25 42 0.12501442 
605 224 13 23 0.12501429 
406 216 12 23 0.12501425 
669 248 13 22 0.12501423 
414 216 12 23 0.12501414 
782 238 27 39 0.12501413 
16 221 24 44 0.12501393 
358 216 12 23 0.12501387 
895 221 25 45 0.12501386 
453 248 13 22 0.12501381 
485 248 13 22 0.12501377 
29 248 13 22 0.12501368 
8 213 24 44 0.12501366 
181 240 13 22 0.12501366 
0 197 24 44 0.12501359 
1006 201 11 21 0.12501359 
854 232 12 23 0.12501332 
32 221 24 44 0.12501305 
934 224 12 22 0.12501287 
109 248 13 23 0.12501281 
22 224 11 22 0.1250128 
6 160 11 22 0.12501276 
590 58 219 312 0.12501271 
85 232 13 23 0.12501268 
536 189 23 44 0.12501267 
871 230 25 43 0.12501252 
509 248 13 22 0.12501252 
887 230 25 44 0.12501252 
694 216 12 23 0.1250125 
911 230 25 42 0.12501249 
830 224 12 23 0.12501223 
878 232 12 23 0.12501223 
846 232 12 23 0.12501211 
1013 257 11 21 0.1250121 
901 248 13 23 0.125012 
958 230 26 39 0.12501186 
903 238 25 43 0.12501161 
998 213 24 43 0.1250115 
909 248 13 23 0.1250114 
893 247 13 24 0.12501122 
-1 238 26 39 0.12501115 
838 216 12 23 0.12501103 
917 240 13 23 0.12501092 
14 224 11 22 0.12501076 
77 232 13 23 0.12501062 
6 208 11 22 0.12501048 
30 232 11 22 0.1250099 
869 232 13 23 0.12500975 
885 247 13 24 0.12500957 
718 246 27 37 0.12500928 
966 238 26 39 0.1250088 
157 256 13 22 0.12500837 
734 246 27 37 0.12500837 
862 224 12 23 0.1250081 
782 216 12 23 0.12500805 
910 232 12 23 0.12500781 
6 192 11 22 0.12500772 
1006 216 11 22 0.12500767 
982 225 12 21 0.12500758 
942 225 12 21 0.12500706 
950 222 26 40 0.12500703 
-1 241 10 21 0.12500693 
926 238 27 38 0.12500681 
6 232 11 22 0.12500665 
357 248 13 22 0.1250066 
982 222 26 40 0.12500641 
814 246 27 37 0.12500633 
935 222 25 40 0.12500603 
966 225 12 21 0.12500554 
229 248 13 22 0.12500493 
950 224 12 22 0.12500483 
349 248 13 22 0.1250042 
693 248 13 22 0.12500393 
85 248 13 22 0.12500371 
334 224 12 23 0.12500341 
409 76 210 276 0.12500219 
501 248 13 22 0.12500109 
493 240 13 22 0.12500094 
22 240 11 22 0.12500092 
990 230 26 38 0.12500001 
942 238 27 38 0.125 
413 248 13 22 0.124999724 
878 246 27 39 0.12499958 
5 254 29 34 0.124998555 
245 248 13 22 0.12499785 
14 240 11 22 0.12499781 
405 248 13 22 0.12499605 
998 225 12 21 0.12499593 
998 246 26 37 0.12499343 
797 246 29 34 0.12499319 
741 248 13 22 0.12499308 
789 248 13 22 0.12499306 
1 52 165 308 0.12499199 
781 248 13 22 0.12499087 
173 246 29 33 0.12499087 
237 246 29 33 0.124990426 
221 246 29 33 0.12499042 
15 -26 409 333 0.124990106 
629 246 29 34 0.12498931 
205 246 30 33 0.12498886 
-4 222 21 43 0.12498859 
477 246 29 33 0.124988146 
277 246 30 33 0.12498794 
5 248 13 22 0.124987744 
-9 254 27 37 0.12498713 
189 246 30 32 0.12498563 
348 246 31 32 0.12498515 
613 246 30 33 0.12498427 
189 248 13 22 0.12498421 
685 246 29 33 0.124984115 
733 256 13 22 0.12498394 
597 246 29 33 0.12498383 
237 248 13 22 0.1249838 
661 246 30 32 0.12498328 
966 241 12 21 0.12498254 
981 246 28 35 0.124982186 
958 233 12 21 0.12498211 
990 233 12 21 0.124981746 
974 233 12 21 0.12497963 
934 241 12 21 0.12497947 
797 240 13 22 0.124977626 
974 249 12 20 0.12497671 
725 256 13 22 0.124976255 
717 256 13 22 0.124975815 
982 241 12 21 0.124974586 
-2 256 12 22 0.12497443 
1006 233 12 21 0.12497443 
117 256 13 22 0.12497181 
37 256 13 22 0.12497073 
941 241 13 21 0.12496898 
0 25 10 21 0.124968626 
0 41 10 21 0.1249685 
0 57 10 21 0.12496847 
0 73 10 21 0.124968134 
0 9 10 21 0.12496782 
0 89 10 21 0.12496756 
0 105 10 21 0.12496591 
125 256 13 22 0.12496492 
829 256 13 22 0.12496464 
272 182 82 157 0.1249646 
949 241 13 21 0.124964364 
821 256 13 22 0.12496375 
925 248 13 22 0.12496284 
998 241 12 20 0.12496094 
0 0 10 13 0.12496074 
1005 249 13 21 0.124960035 
957 249 13 20 0.12495804 
21 256 13 22 0.124956004 
0 129 10 21 0.12495572 
989 249 13 20 0.12495255 
13 256 13 22 0.12495246 
0 161 10 21 0.124952234 
149 256 13 22 0.124947585 
917 256 13 22 0.12494702 
749 256 13 22 0.12494038 
61 256 13 22 0.1249396 
0 193 10 21 0.12493796 
0 176 10 22 0.12493505 
325 256 13 21 0.12493414 
0 22 20 43 0.1249333 
933 256 13 22 0.12493318 
197 248 13 22 0.12493292 
141 256 13 22 0.12493214 
0 145 10 21 0.12493167 
949 256 13 22 0.12493089 
965 256 13 22 0.12492604 
941 256 13 22 0.12492534 
205 256 13 21 0.12492505 
5 264 13 21 0.12492489 
0 118 19 43 0.12492482 
805 256 13 21 0.12492278 
597 256 13 21 0.12492235 
1 150 18 43 0.124921866 
981 256 13 21 0.12492169 
389 256 13 21 0.12492117 
757 256 13 21 0.12492008 
181 256 13 21 0.12491532 
309 256 13 21 0.12491442 
997 256 13 21 0.12491427 
381 256 13 21 0.12491291 
373 256 13 21 0.12491269 
0 183 19 41 0.12491201 
637 256 13 21 0.12491149 
813 256 13 21 0.12491138 
421 256 13 21 0.12491109 
397 256 13 21 0.12490935 
493 256 13 21 0.12490928 
213 256 13 21 0.124907374 
261 256 13 21 0.12490486 
293 256 13 21 0.12490306 
629 256 13 21 0.12490224 
685 256 13 21 0.12490101 
253 256 13 21 0.12490089 
477 256 13 21 0.124900036 
701 256 13 21 0.124899514 
581 256 13 21 0.12489948 
589 256 13 21 0.12489863 
613 256 13 21 0.124898545 
773 256 13 21 0.12489792 
621 256 13 21 0.12489684 
765 256 13 21 0.12489576 
469 256 13 21 0.12489474 
341 256 13 21 0.12489397 
365 256 13 21 0.1248939 
317 256 13 21 0.12489307 
797 256 13 21 0.12489138 
861 256 13 21 0.12489133 
605 256 13 21 0.12488912 
461 256 13 21 0.12488841 
437 256 13 21 0.12488779 
661 256 13 21 0.12488707 
29 264 13 22 0.12488097 
750 -52 261 499 0.12482938 
0 217 10 21 0.12481557 
-58 -31 308 481 0.12460182 
933 254 29 27 0.12208753 
29 254 29 30 0.121532485 
133 254 30 26 0.12139993 
116 254 31 26 0.12139855 
532 254 31 26 0.121393226 
308 254 31 24 0.12139125 
852 254 31 26 0.12139082 
380 254 31 24 0.12139036 
893 254 30 26 0.12138923 
564 254 32 24 0.12138784 
252 254 32 24 0.12138724 
452 254 32 24 0.12138668 
396 254 32 24 0.12138518 
500 254 32 24 0.121385165 
909 254 30 27 0.12138306 
428 254 32 24 0.12138296 
516 254 32 23 0.12138258 
772 254 32 24 0.12138093 
332 254 32 23 0.121380106 
548 254 32 24 0.121376954 
748 254 32 23 0.12137318 
100 254 31 25 0.12137055 
365 254 30 26 0.12133697 
957 254 29 26 0.12133143 
828 254 32 24 0.12100994 
61 254 30 26 0.12093413 
76 254 31 25 0.120173365 
148 254 31 25 0.120125405 
134 265 11 15 0.11542444 
1006 265 11 15 0.115423076 
902 265 12 15 0.11542224 
870 265 12 15 0.11541973 
542 265 12 15 0.11541844 
910 265 12 15 0.11541776 
54 265 12 15 0.11541567 
854 265 12 15 0.11541371 
486 265 12 15 0.11541057 
694 265 12 15 0.115409926 
878 265 12 15 0.11540673 
894 265 12 15 0.11540665 
990 265 11 15 0.115406595 
550 265 12 15 0.11540472 
502 265 12 15 0.11540263 
886 265 12 15 0.11540202 
270 265 12 15 0.11540145 
302 265 12 15 0.11540024 
446 265 12 14 0.11539776 
222 265 12 14 0.115395986 
278 265 12 15 0.115393616 
574 265 12 14 0.11539292 
110 265 12 15 0.115392014 
454 265 12 14 0.115391284 
654 265 12 15 0.115387656 
670 265 12 14 0.11538667 
566 265 12 14 0.11538608 
358 265 12 14 0.11538573 
406 265 12 14 0.11538571 
534 265 12 14 0.115385376 
646 265 12 14 0.11538535 
510 265 12 14 0.11538438 
286 265 12 14 0.1153839 
334 265 12 14 0.11538379 
518 265 12 14 0.115382284 
678 265 12 14 0.115381636 
414 265 12 14 0.115381405 
782 265 12 14 0.11537966 
350 265 12 14 0.1153795 
526 265 12 14 0.11537858 
430 265 12 14 0.11537561 
558 265 12 14 0.11537243 
846 265 12 14 0.115371235 
926 265 11 15 0.115319125 
102 265 12 15 0.11530122 
958 265 11 15 0.115203924 
974 265 11 15 0.11518838 
78 265 11 15 0.11517873 
46 265 12 15 0.115067594 
246 265 12 14 0.11502872 
238 265 12 14 0.115002215 
838 265 12 14 0.1149334 
790 265 12 14 0.11484185 
70 265 11 15 0.11480112 
190 265 12 15 0.114677876 
86 265 12 15 0.11395407 
198 265 12 14 0.11332468 
94 265 12 14 0.11213378 
710 265 12 14 0.112054445 
742 265 12 14 0.1120151 
230 265 12 15 0.09761686 
