12_Group_Large_Group_12_Group_Large_Group_12_94
46
647 192 64 87 0.9996306 
654 112 57 66 0.99932003 
824 106 61 73 0.99924374 
403 136 73 86 0.9987564 
204 109 75 94 0.9984968 
377 63 57 75 0.99832755 
697 53 46 60 0.99692243 
870 51 54 73 0.9967 
325 1 30 34 0.9964684 
170 75 46 68 0.9961111 
710 1 42 43 0.99394375 
359 5 48 56 0.9913995 
129 2 31 50 0.6275573 
534 17 35 43 0.31904563 
511 3 17 19 0.24235432 
79 20 22 28 0.21436626 
6 30 48 52 0.12430482 
39 3 32 32 0.08548964 
283 1 34 25 0.051209975 
547 6 50 61 0.043608338 
25 40 43 54 0.04166552 
514 1 24 34 0.04061707 
88 53 45 48 0.03754342 
251 1 45 35 0.034907788 
469 9 25 31 0.033128764 
420 2 32 36 0.031008065 
345 0 29 38 0.030055188 
696 3 15 18 0.029676111 
603 0 16 13 0.02879117 
578 1 15 13 0.028337603 
523 3 15 19 0.027507193 
594 0 19 16 0.025746645 
503 113 33 43 0.02527508 
533 -1 39 30 0.024738027 
764 0 30 23 0.024675611 
827 3 47 64 0.024096733 
47 46 25 36 0.023659231 
571 10 46 54 0.023498055 
533 23 16 26 0.023176895 
170 1 53 38 0.02306979 
528 5 27 42 0.021901036 
5 50 37 44 0.021792473 
1 59 49 66 0.021259053 
863 23 36 42 0.021007841 
294 0 39 34 0.020816442 
90 3 28 26 0.020524535 
