12_Group_Large_Group_12_Group_Large_Group_12_662
57
394 210 26 30 0.96885186 
804 297 47 47 0.96496224 
229 231 13 19 0.9151173 
441 274 21 22 0.6790895 
266 226 15 18 0.25513893 
235 230 12 19 0.20782712 
357 247 13 15 0.1573181 
564 297 15 18 0.14983818 
494 230 10 14 0.10076243 
511 354 16 18 0.099430814 
82 185 8 10 0.097799994 
42 231 24 29 0.09083294 
863 116 29 51 0.06223259 
817 546 42 69 0.060064614 
256 248 13 17 0.05467854 
939 148 17 24 0.05429511 
332 392 23 31 0.053940486 
481 307 11 16 0.05373588 
333 258 14 17 0.05209844 
332 389 15 19 0.05027801 
350 241 24 27 0.04888574 
20 204 22 36 0.048197474 
327 252 12 15 0.045881722 
110 260 12 16 0.045453455 
317 403 27 42 0.0428442 
3 229 15 22 0.041875884 
236 237 13 20 0.040666603 
432 271 15 22 0.03930145 
62 225 15 23 0.038090937 
499 283 12 16 0.033563945 
371 269 16 25 0.031585976 
797 376 38 42 0.03125907 
885 173 55 32 0.030148953 
445 402 14 22 0.029526114 
52 228 16 21 0.029506342 
326 184 10 12 0.027746873 
631 300 9 12 0.02599302 
501 346 21 26 0.025712075 
115 254 10 12 0.025358556 
571 344 16 25 0.024931576 
342 230 29 30 0.024663651 
347 396 14 19 0.024654906 
791 293 35 44 0.024546174 
239 325 9 11 0.024480486 
341 228 13 15 0.024443096 
490 355 15 19 0.024093188 
341 339 26 35 0.02388013 
193 233 16 18 0.023438133 
325 311 24 33 0.02257736 
434 393 23 28 0.022104984 
49 214 27 37 0.021551251 
199 210 14 16 0.02130216 
554 285 27 31 0.020920727 
573 373 13 18 0.020627197 
267 288 15 20 0.020271622 
317 230 11 14 0.020235071 
468 364 12 15 0.020199059 
