12_Group_Large_Group_12_Group_Large_Group_12_607
28
617 352 23 27 0.97943044 
372 337 21 28 0.9692439 
336 345 21 28 0.96410155 
538 340 20 22 0.94291663 
572 178 16 19 0.9428984 
470 218 17 17 0.18419002 
307 320 16 22 0.14901134 
506 373 13 18 0.1060685 
454 331 18 20 0.08978524 
730 273 14 17 0.07732529 
614 161 14 19 0.054272547 
93 297 13 16 0.048951842 
437 453 9 11 0.04714266 
596 200 13 17 0.042739738 
400 454 8 10 0.037742145 
662 151 15 19 0.031773794 
673 221 8 12 0.030114181 
725 220 13 18 0.028577391 
500 336 13 16 0.026975887 
785 212 17 22 0.025191989 
590 355 11 14 0.02510827 
410 69 69 83 0.0244663 
382 466 11 13 0.023885561 
638 210 17 21 0.023795374 
469 177 13 17 0.022980731 
500 381 16 22 0.022274239 
843 216 24 28 0.020843636 
678 220 9 12 0.020350978 
