12_Group_Large_Group_12_Group_Large_Group_12_736
77
397 390 17 22 0.9843083 
937 454 24 30 0.98109126 
571 403 31 38 0.9651127 
141 390 24 29 0.95999616 
422 389 20 28 0.9375903 
70 311 11 15 0.93708074 
228 367 18 21 0.8607342 
304 386 25 24 0.81575066 
736 380 22 26 0.8104122 
223 393 23 31 0.7863622 
153 334 20 31 0.77335674 
634 361 17 23 0.7043605 
770 355 14 19 0.6570182 
11 360 23 31 0.5824059 
629 345 15 19 0.41322628 
1 308 10 16 0.29119152 
675 368 16 19 0.21440989 
750 393 14 23 0.16751945 
322 357 17 21 0.16451834 
755 443 30 55 0.14803411 
719 343 21 28 0.13455841 
212 367 12 18 0.10206395 
629 354 16 22 0.09670352 
125 383 37 46 0.0957355 
891 285 13 15 0.08479618 
740 293 15 16 0.08035062 
16 309 12 14 0.07947294 
18 305 10 11 0.07900684 
184 365 21 32 0.07531566 
413 405 12 19 0.07287926 
113 340 12 14 0.06714911 
452 392 12 17 0.06397172 
189 362 15 21 0.05966059 
105 372 16 20 0.056097236 
893 281 11 12 0.050279193 
536 469 45 67 0.048530415 
643 356 13 21 0.046158805 
298 377 20 24 0.04455706 
974 512 21 27 0.03960673 
116 336 10 13 0.039566856 
20 333 15 17 0.038232356 
3 680 28 32 0.03664855 
305 334 17 22 0.03501862 
92 340 14 16 0.034239143 
140 331 36 51 0.034175046 
40 325 13 15 0.033245884 
738 356 16 18 0.032682903 
871 473 15 19 0.032114178 
45 330 13 18 0.032110635 
885 451 15 20 0.031175492 
310 364 14 18 0.03090815 
148 442 23 28 0.03046037 
400 397 20 25 0.030277818 
262 388 12 14 0.02807968 
101 375 23 31 0.027062126 
7 361 17 25 0.026889002 
107 459 26 30 0.026804715 
270 384 11 13 0.025519025 
97 312 9 11 0.02467606 
660 437 15 19 0.023969384 
5 313 12 17 0.02384547 
738 308 16 17 0.023425797 
676 358 15 19 0.02302293 
834 295 10 12 0.022851232 
65 344 22 30 0.022573499 
0 356 8 16 0.022353435 
636 344 18 27 0.02234182 
695 295 32 33 0.021748547 
17 362 34 33 0.021639759 
917 444 11 15 0.021576256 
52 332 12 17 0.021567049 
756 391 18 27 0.021421563 
728 345 18 23 0.021111729 
760 354 22 29 0.020849241 
554 448 32 60 0.020378988 
3 369 23 36 0.020372845 
85 735 17 22 0.020366937 
