12_Group_Team_Organized_Group_12_Group_Team_Organized_Group_12_412
36
761 179 33 41 0.9991511 
556 234 33 43 0.99914825 
117 192 32 41 0.99876803 
780 58 32 38 0.9983365 
705 200 39 45 0.9981926 
662 224 33 40 0.9978794 
386 220 39 48 0.99778146 
234 201 37 52 0.9970282 
604 333 36 48 0.99679726 
577 408 45 58 0.9967681 
330 220 37 45 0.9964659 
495 226 38 52 0.995021 
3 205 41 46 0.99300134 
891 224 36 47 0.9919927 
494 174 30 39 0.989244 
966 135 38 52 0.9852893 
591 224 26 39 0.9782562 
142 218 36 50 0.97387105 
909 206 31 42 0.9246032 
612 170 15 20 0.6356576 
473 242 21 31 0.6213214 
816 235 26 35 0.48055252 
707 174 20 22 0.3431182 
482 235 35 51 0.17786226 
543 142 12 16 0.10908645 
497 345 48 57 0.089044645 
209 210 16 19 0.07690669 
651 230 29 34 0.041134868 
576 151 10 13 0.034356695 
477 426 46 54 0.034197595 
575 226 32 42 0.032217465 
641 236 26 34 0.032212544 
467 459 44 40 0.031908166 
603 223 27 40 0.025185179 
813 249 29 38 0.021814901 
866 259 22 28 0.020136258 
