12_Group_Team_Organized_Group_12_Group_Team_Organized_Group_12_171
36
93 179 54 71 0.99921215 
581 235 23 30 0.99622846 
490 248 25 28 0.99320436 
358 291 28 32 0.99146384 
284 248 26 30 0.98031884 
726 232 14 21 0.9790421 
413 257 22 26 0.9780215 
646 224 23 27 0.9447086 
849 236 17 22 0.63159466 
186 254 33 36 0.55161023 
463 269 12 16 0.5311764 
383 260 14 17 0.26979327 
0 315 24 37 0.1463057 
201 254 25 31 0.104004696 
937 207 7 10 0.05212135 
828 243 13 17 0.0465254 
626 227 14 18 0.046416942 
990 47 11 15 0.044123553 
611 226 14 17 0.042443518 
0 151 8 14 0.03449494 
532 356 19 28 0.032786578 
846 232 13 19 0.031981844 
933 258 11 14 0.031648304 
214 260 26 28 0.030690352 
346 269 20 30 0.026340468 
936 43 17 20 0.026001936 
833 238 20 26 0.025902282 
806 245 11 13 0.02444454 
831 221 11 15 0.024215592 
941 212 9 11 0.021572122 
38 217 52 66 0.021427145 
374 257 22 25 0.02135249 
641 228 13 20 0.02052706 
0 289 38 71 0.020324575 
832 254 50 65 0.020237032 
845 244 14 21 0.020191934 
