12_Group_Group_12_Group_Group_12_843
118
387 493 98 107 0.99783534 
506 228 13 17 0.94443864 
621 203 17 18 0.9018409 
672 262 16 21 0.89991546 
421 238 14 19 0.88330966 
546 222 12 15 0.85391307 
582 192 10 13 0.72861034 
277 254 14 19 0.595003 
392 197 10 12 0.31626818 
643 217 12 15 0.29588667 
266 224 8 11 0.22000453 
224 229 8 10 0.19593845 
407 269 12 16 0.15308309 
96 450 114 184 0.14391507 
602 206 10 12 0.13270925 
310 200 9 11 0.13043433 
532 293 14 18 0.116724774 
58 323 16 20 0.09293606 
255 223 8 10 0.09078524 
385 197 10 12 0.08823841 
336 236 11 13 0.08366426 
241 216 9 11 0.082217425 
268 228 9 11 0.08211928 
280 231 7 10 0.082117185 
299 450 67 95 0.08187276 
317 231 14 18 0.0808338 
349 209 8 10 0.07173062 
162 252 12 14 0.06891094 
257 231 8 10 0.06850697 
256 189 8 10 0.06666608 
572 237 10 14 0.06362472 
214 206 8 11 0.06094411 
17 410 140 256 0.054062635 
63 271 8 11 0.053431734 
230 231 7 9 0.052257773 
390 179 10 13 0.05060014 
137 237 7 9 0.048420083 
938 651 14 20 0.047531746 
639 193 11 16 0.046800267 
389 229 9 11 0.046678986 
248 221 8 11 0.046182156 
135 253 10 12 0.045352854 
376 174 11 13 0.04514969 
517 304 9 12 0.044886675 
272 205 8 10 0.04475017 
332 440 29 49 0.04464988 
151 326 11 14 0.044379167 
310 228 15 18 0.042789295 
142 238 7 8 0.041493665 
225 208 8 10 0.03983227 
242 205 8 10 0.03909301 
627 198 16 19 0.03835923 
224 213 9 11 0.036645014 
189 229 8 10 0.036219273 
246 204 9 11 0.035954457 
958 643 9 13 0.03487726 
390 244 10 14 0.034717876 
69 247 10 13 0.033842396 
256 184 7 9 0.03301669 
189 173 8 10 0.03294128 
210 206 8 10 0.032691173 
295 389 11 13 0.03237957 
383 179 9 12 0.032170963 
532 237 11 15 0.03146571 
257 238 7 9 0.030867916 
314 220 16 18 0.029876435 
0 171 9 12 0.029758027 
438 202 11 14 0.029602807 
220 270 10 12 0.029327689 
335 199 9 11 0.029166171 
201 237 8 10 0.029074285 
215 200 8 9 0.029048352 
129 216 8 9 0.028414726 
601 212 10 12 0.02809266 
250 249 12 15 0.027713118 
452 312 29 30 0.027116977 
139 253 11 14 0.027101662 
216 213 8 10 0.026703048 
230 239 9 11 0.026546907 
153 203 9 12 0.02627358 
230 224 7 9 0.025899416 
633 190 11 13 0.025711922 
304 229 11 15 0.025625508 
69 237 8 10 0.025468301 
220 229 8 9 0.02528753 
271 216 9 11 0.025187235 
186 223 8 10 0.025184495 
228 245 11 14 0.025046298 
216 246 7 10 0.024704399 
264 200 7 10 0.02429616 
513 308 10 13 0.023936698 
136 270 10 13 0.023924638 
643 191 11 15 0.023627285 
580 218 12 15 0.023446016 
279 207 8 11 0.023187516 
256 218 8 10 0.023143645 
217 255 8 10 0.023061553 
189 735 24 29 0.022993581 
5 255 9 11 0.02294112 
954 641 9 11 0.022875767 
327 200 9 12 0.022739772 
319 200 10 12 0.022357885 
569 230 11 15 0.022347009 
191 237 8 10 0.02203171 
230 206 7 10 0.021988481 
513 227 11 16 0.021714004 
271 202 7 9 0.021613583 
-1 457 89 186 0.021579383 
205 237 8 11 0.021246735 
445 203 11 14 0.021196432 
188 422 12 15 0.02117147 
279 223 9 12 0.021115718 
536 94 48 59 0.020905728 
217 262 9 11 0.020834917 
327 176 8 10 0.020807212 
651 123 14 18 0.02077757 
301 189 10 14 0.020561012 
1 316 11 17 0.020488277 
