12_Group_Large_Group_12_Group_Large_Group_12_120
1096
364 449 12 16 0.981206 
508 389 11 14 0.97799927 
431 323 11 14 0.975373 
112 357 11 14 0.97508144 
77 451 13 16 0.9750056 
927 387 13 16 0.97374177 
694 324 10 13 0.97177 
209 326 10 13 0.9706231 
198 394 11 15 0.9687657 
549 293 12 15 0.9662378 
223 422 11 13 0.96601963 
113 420 11 15 0.9657963 
548 391 11 14 0.96381855 
902 348 11 15 0.96309525 
691 421 13 17 0.9630237 
351 350 11 14 0.96211284 
742 348 10 13 0.95967054 
323 293 10 13 0.9587892 
566 324 10 14 0.958692 
648 419 12 16 0.9582242 
345 269 10 13 0.95764685 
563 378 12 15 0.9562857 
347 293 10 14 0.9549546 
624 386 12 16 0.9541116 
686 300 9 12 0.95351 
243 325 10 13 0.9527019 
221 356 10 13 0.9512176 
389 350 12 15 0.9504149 
278 396 10 14 0.94958484 
278 422 12 15 0.94893616 
672 348 11 14 0.9486731 
621 299 11 14 0.9474174 
609 325 12 15 0.9464531 
797 351 10 12 0.94617546 
200 302 9 12 0.9447832 
944 349 9 12 0.94354546 
412 322 11 14 0.94337654 
101 300 10 12 0.94150925 
638 298 11 13 0.9414028 
271 295 11 13 0.9410199 
328 349 11 15 0.94014424 
135 271 10 13 0.9400969 
511 453 12 16 0.93666995 
548 325 11 14 0.9352405 
443 269 11 14 0.93430644 
878 419 10 14 0.9340626 
383 245 10 13 0.93318176 
405 447 13 18 0.93117124 
669 421 11 14 0.92920643 
679 244 10 12 0.9277006 
412 247 10 13 0.92495036 
473 246 10 13 0.9235527 
423 418 11 15 0.9222428 
150 327 11 14 0.9218934 
94 328 10 13 0.9209126 
120 394 11 15 0.92050153 
169 421 11 14 0.9195963 
589 267 11 13 0.91909975 
797 325 10 13 0.918426 
509 409 12 16 0.91784817 
253 355 9 12 0.9170264 
901 391 11 13 0.91659665 
180 328 10 12 0.9161531 
232 222 9 11 0.9161058 
753 328 9 12 0.91531426 
295 323 11 14 0.9140498 
194 420 10 13 0.91272885 
762 348 10 12 0.9108787 
428 295 11 14 0.9100033 
449 380 12 15 0.90988326 
476 452 12 17 0.90972817 
546 453 12 17 0.90853447 
846 278 10 12 0.90768236 
488 318 10 13 0.9067842 
516 296 10 12 0.9064602 
718 304 10 13 0.9058598 
282 355 9 13 0.9056669 
777 350 10 14 0.9056092 
888 280 9 13 0.9032596 
376 322 11 14 0.9029029 
737 293 10 13 0.9023091 
596 296 10 13 0.9020517 
442 445 12 16 0.9017502 
607 269 10 12 0.9011205 
56 421 12 16 0.90034604 
230 269 10 12 0.90009516 
765 293 10 13 0.8985926 
448 420 12 16 0.8984161 
153 300 10 12 0.89807415 
525 379 12 14 0.8974705 
582 349 10 12 0.89696956 
611 450 12 16 0.8965898 
386 391 13 17 0.8965372 
824 418 11 14 0.89538676 
593 239 10 12 0.89535934 
863 358 11 14 0.89400274 
158 394 11 15 0.89284545 
121 451 10 14 0.89259034 
335 322 11 15 0.89152044 
716 347 10 12 0.8913412 
477 422 12 17 0.89037734 
382 293 11 13 0.88960344 
805 420 10 13 0.88809305 
653 325 11 13 0.8874716 
239 356 9 12 0.8874571 
269 323 11 14 0.8860976 
153 279 9 12 0.88603365 
200 245 9 12 0.8838056 
367 384 13 16 0.88274515 
451 291 10 14 0.8824404 
865 387 9 13 0.88218516 
811 390 11 14 0.8815369 
390 271 9 12 0.8814252 
359 221 9 10 0.8813796 
292 272 10 12 0.878694 
470 394 12 16 0.87616783 
502 263 10 13 0.8760982 
95 363 10 14 0.87435126 
700 303 10 12 0.8729919 
270 274 11 14 0.87195945 
336 427 10 13 0.87143904 
363 293 10 13 0.86853445 
487 381 12 16 0.8677411 
227 383 11 14 0.86657417 
527 324 11 13 0.86530507 
185 248 10 11 0.8650444 
129 301 11 14 0.86346126 
881 358 11 15 0.86320364 
855 251 9 13 0.86312526 
597 220 9 11 0.86300313 
519 266 11 13 0.86213404 
426 358 12 14 0.8617434 
408 291 10 12 0.86157244 
652 347 11 14 0.86065453 
406 348 12 15 0.8595204 
497 302 11 13 0.8589034 
595 423 12 15 0.85551065 
337 221 9 11 0.85416776 
579 449 12 16 0.85191125 
217 300 10 13 0.85109264 
312 398 12 15 0.849065 
588 326 12 14 0.8490611 
140 358 11 13 0.8484658 
878 331 10 13 0.8452053 
190 272 10 13 0.8448406 
377 221 8 11 0.8447684 
849 419 11 14 0.8431726 
410 272 10 12 0.84193254 
819 354 11 14 0.84181297 
694 267 9 12 0.84096026 
641 378 10 14 0.84065074 
664 393 12 15 0.83951545 
828 447 13 16 0.8389467 
958 426 12 14 0.8387039 
795 446 12 15 0.83710873 
824 296 10 13 0.83701867 
808 275 10 12 0.8365878 
790 384 11 14 0.8358957 
690 347 11 14 0.8354282 
619 239 10 13 0.8350972 
543 419 12 16 0.83379036 
764 427 11 14 0.8336783 
70 327 11 14 0.8331052 
819 327 11 13 0.83293307 
916 272 9 12 0.8307413 
457 242 10 12 0.83033013 
239 395 12 14 0.82860523 
734 243 9 12 0.82573795 
250 418 11 15 0.82520336 
865 276 10 12 0.82411003 
292 448 12 15 0.8233872 
258 453 12 16 0.8231349 
673 267 11 13 0.8219854 
537 266 12 15 0.82138115 
737 271 10 12 0.81979513 
653 453 12 16 0.8191777 
573 241 10 12 0.8184163 
43 397 11 15 0.81772715 
347 391 13 16 0.8175099 
749 380 11 13 0.8159298 
628 266 10 14 0.81529146 
463 267 11 14 0.81511956 
825 275 11 13 0.8142483 
715 268 10 12 0.8140493 
775 393 10 12 0.81261927 
255 382 12 15 0.81164944 
238 247 9 11 0.8115936 
645 268 11 14 0.811589 
172 271 10 13 0.8094731 
803 295 11 13 0.8077721 
170 299 10 13 0.8071565 
840 298 10 13 0.80568796 
435 247 10 13 0.8038908 
308 271 9 13 0.80346894 
308 248 9 11 0.8030725 
248 270 10 12 0.8019713 
201 357 11 14 0.80112165 
174 222 9 10 0.80078846 
608 373 11 14 0.8003252 
220 247 10 12 0.79825807 
715 387 11 13 0.794884 
289 298 10 13 0.7942524 
926 418 11 16 0.7913911 
426 390 12 15 0.7908667 
355 244 10 13 0.7902691 
570 297 12 15 0.7901528 
699 246 10 12 0.7894865 
903 327 10 12 0.78707016 
186 388 10 13 0.7860652 
331 246 10 13 0.7852665 
493 236 10 12 0.7849499 
302 350 10 14 0.78428054 
122 279 9 12 0.782658 
425 270 11 14 0.7819598 
670 328 10 12 0.77748394 
304 295 9 13 0.77658373 
28 390 11 14 0.7763507 
789 272 9 12 0.7754133 
466 353 12 15 0.7748952 
730 325 9 13 0.7748192 
451 319 12 15 0.7672892 
820 246 9 12 0.7667158 
61 270 10 12 0.76655424 
763 269 10 13 0.76402926 
354 322 11 15 0.7629644 
165 358 9 12 0.76178586 
87 283 10 13 0.7616101 
324 272 10 12 0.76039326 
644 220 9 12 0.75528306 
86 423 12 15 0.75473076 
840 351 11 14 0.75226843 
551 236 10 12 0.7518769 
369 272 9 12 0.75086325 
472 288 11 13 0.7453798 
40 328 10 14 0.7451254 
134 242 10 13 0.743685 
663 242 10 12 0.7429685 
570 221 9 11 0.74180627 
249 222 8 11 0.7391421 
873 254 9 12 0.73743445 
494 355 11 13 0.7349737 
863 297 10 13 0.734584 
45 362 10 13 0.73421896 
769 327 10 13 0.7310428 
620 418 11 15 0.7309373 
735 394 12 14 0.73076946 
625 324 11 14 0.7302234 
754 245 9 11 0.7295271 
562 265 12 15 0.72759736 
394 416 12 16 0.7249211 
484 264 11 12 0.72332865 
302 383 11 14 0.7150124 
210 271 10 12 0.7149546 
633 346 11 14 0.7134131 
116 243 10 12 0.70606315 
690 453 12 16 0.70229214 
363 420 12 16 0.69632673 
140 419 11 15 0.69489944 
530 235 10 13 0.6901953 
510 235 10 12 0.6899812 
618 220 9 11 0.6876663 
282 222 8 11 0.6849997 
82 225 9 11 0.68444955 
252 298 11 14 0.68325824 
191 221 9 10 0.68248874 
884 298 11 13 0.67971313 
527 346 11 13 0.67716503 
76 303 10 13 0.6696729 
510 322 11 13 0.6681405 
641 238 10 13 0.66680497 
762 455 10 14 0.6665929 
583 390 12 15 0.664849 
148 459 12 14 0.6570822 
739 420 11 15 0.65455014 
797 244 9 11 0.65267134 
657 299 11 14 0.64755553 
393 321 11 15 0.64048296 
719 448 13 17 0.6395123 
146 388 10 13 0.6345249 
838 250 10 12 0.633797 
714 324 10 13 0.63308203 
102 280 10 12 0.63264686 
466 217 8 10 0.63155925 
308 422 11 14 0.63078576 
696 225 8 10 0.63046825 
267 355 10 13 0.63022274 
775 241 9 11 0.6268686 
394 221 8 10 0.6248406 
505 217 9 11 0.61904436 
103 392 12 16 0.61521524 
725 225 8 10 0.6091435 
468 319 11 13 0.5968266 
429 217 9 11 0.59601533 
912 297 11 14 0.59200156 
746 225 7 9 0.5870268 
56 330 9 12 0.5857686 
265 220 8 10 0.5802843 
701 387 11 15 0.5801773 
850 382 14 17 0.574243 
886 451 11 13 0.5733777 
27 363 11 13 0.5677001 
153 240 10 13 0.5640054 
337 381 10 14 0.56240004 
77 240 10 13 0.5614153 
411 385 12 15 0.5593502 
770 223 8 10 0.5589833 
720 246 9 11 0.5581331 
849 331 11 13 0.5546756 
138 224 8 11 0.5542125 
188 460 10 13 0.5526634 
553 345 11 14 0.55253875 
210 225 9 10 0.5500571 
530 295 10 13 0.5468598 
370 350 13 15 0.5350302 
121 331 11 12 0.5311957 
825 382 11 14 0.5256075 
571 421 10 14 0.51883847 
50 300 10 12 0.5148395 
489 217 9 10 0.5133811 
250 253 8 11 0.49896023 
292 251 9 12 0.4940008 
172 248 9 12 0.48979262 
605 346 11 14 0.48794565 
554 220 9 11 0.4868989 
788 294 9 12 0.47763985 
413 220 9 11 0.47596428 
522 220 10 12 0.46943137 
676 386 11 14 0.46633583 
317 221 8 10 0.4635246 
584 221 8 10 0.45719126 
786 225 8 10 0.4492714 
336 452 11 14 0.4283037 
784 419 10 14 0.42357138 
235 296 10 13 0.42245957 
81 390 11 15 0.42193034 
446 355 11 14 0.4209182 
98 228 8 10 0.40990287 
448 217 8 10 0.39842647 
225 454 11 14 0.39517134 
274 248 9 11 0.39236328 
302 224 8 10 0.38625133 
715 415 12 16 0.3800253 
645 262 11 12 0.37935233 
537 220 10 12 0.37327734 
180 360 10 13 0.36292228 
854 229 7 9 0.36215633 
933 419 11 15 0.35859576 
157 225 8 10 0.35833552 
900 251 9 12 0.34064704 
369 238 9 12 0.33468977 
825 225 8 10 0.33087456 
114 229 9 10 0.31257746 
106 460 9 13 0.30676025 
802 229 7 10 0.29551962 
702 394 11 14 0.2925167 
535 313 10 11 0.2855597 
852 450 12 16 0.28094384 
489 236 9 12 0.2805845 
671 463 9 12 0.28037655 
879 228 8 10 0.26603773 
307 355 10 13 0.26521713 
70 386 11 15 0.26164022 
885 391 10 13 0.26069278 
334 447 10 13 0.24827299 
928 349 10 12 0.2435403 
308 460 11 12 0.23071465 
153 228 9 10 0.22058956 
918 450 10 14 0.21916823 
677 223 9 11 0.21910763 
541 217 9 11 0.21780927 
247 249 9 10 0.2177274 
302 228 9 11 0.21568435 
673 312 10 11 0.2135951 
426 219 9 12 0.21335182 
503 286 9 12 0.21254633 
661 220 8 11 0.1990767 
663 216 8 10 0.19566807 
758 240 8 11 0.1886165 
191 317 9 11 0.18837899 
205 352 10 12 0.18783242 
64 365 11 15 0.18630901 
765 313 10 12 0.17740707 
917 252 9 12 0.16866522 
730 244 9 11 0.16082992 
220 296 10 12 0.15765564 
773 380 10 12 0.15587823 
451 415 11 15 0.15474705 
572 415 10 14 0.15335853 
81 358 10 13 0.15091793 
557 218 8 9 0.14985196 
628 320 10 13 0.14861694 
190 296 9 12 0.14798367 
767 289 10 12 0.14664456 
834 248 9 11 0.14619601 
103 243 9 12 0.14227073 
471 240 10 12 0.1399627 
897 249 9 11 0.1385233 
493 221 8 10 0.13809232 
238 267 9 12 0.13722979 
497 451 11 14 0.1368139 
598 405 10 13 0.13241534 
897 415 10 13 0.13240606 
197 461 9 11 0.12672612 
445 264 12 14 0.12655993 
410 217 9 11 0.12429338 
881 246 8 11 0.123945154 
389 266 9 11 0.12070362 
886 246 9 11 0.12053943 
546 236 9 12 0.12037467 
702 241 9 11 0.1172843 
442 220 8 11 0.11644598 
720 241 8 10 0.11579083 
791 318 9 12 0.115551904 
149 417 11 15 0.11521308 
253 260 9 12 0.11474433 
480 236 9 12 0.110194676 
774 284 9 11 0.10975326 
729 321 9 11 0.109560944 
863 282 10 12 0.1092604 
286 412 11 14 0.10898426 
185 223 8 10 0.10794742 
250 294 10 13 0.10598591 
239 241 8 10 0.1052469 
354 240 9 12 0.10437833 
874 230 8 10 0.10348714 
298 229 8 11 0.10330934 
249 262 9 12 0.10310939 
942 270 9 12 0.10306894 
469 220 7 10 0.10269454 
354 221 9 11 0.10117703 
647 257 10 12 0.10079934 
517 319 9 12 0.10056452 
214 265 9 11 0.10033295 
506 323 10 13 0.09965788 
167 463 9 11 0.09845192 
234 356 9 12 0.09810063 
147 358 10 13 0.09721396 
770 241 9 11 0.09683393 
266 277 11 13 0.096584104 
398 217 7 10 0.09506899 
901 267 9 12 0.09390911 
741 289 10 11 0.09329927 
185 311 8 10 0.09291023 
279 241 9 10 0.09284379 
530 342 11 14 0.09252984 
158 295 9 12 0.09016792 
896 268 10 12 0.08995958 
552 241 11 13 0.08944912 
118 226 8 10 0.089200765 
101 226 8 10 0.088941514 
212 228 9 10 0.088270836 
806 229 7 9 0.08823545 
80 425 13 16 0.087496184 
975 341 11 14 0.087468736 
173 404 10 12 0.087429054 
168 335 8 11 0.087358445 
141 229 8 10 0.0873199 
265 294 10 12 0.08679736 
862 246 9 10 0.08678715 
697 250 10 12 0.08629463 
392 446 10 13 0.08586642 
276 460 11 14 0.08573664 
941 420 10 15 0.0850224 
295 239 8 10 0.08497743 
855 256 11 14 0.084131524 
274 270 11 13 0.08412065 
242 461 9 11 0.08287715 
184 457 10 12 0.08282003 
848 249 8 10 0.08261079 
86 241 9 12 0.08232186 
157 419 10 14 0.08221319 
222 241 9 10 0.08207896 
913 422 10 13 0.08085173 
465 322 11 14 0.08022252 
769 374 10 13 0.08011287 
933 342 10 12 0.0792842 
70 359 10 12 0.07813631 
738 224 7 9 0.07799283 
109 380 10 13 0.07780033 
863 240 8 10 0.07657372 
786 382 10 13 0.07653173 
716 330 10 12 0.0758494 
96 239 9 12 0.07580794 
232 218 9 10 0.07534106 
762 316 9 12 0.074653596 
956 446 13 15 0.0746393 
738 455 8 11 0.07455976 
466 389 11 14 0.07436871 
189 384 10 13 0.07365724 
42 359 9 13 0.07319909 
687 213 9 11 0.07291468 
493 242 11 13 0.072733834 
254 221 8 11 0.071951665 
673 294 9 11 0.07181786 
735 265 9 11 0.07085791 
791 310 9 11 0.070491545 
392 452 9 13 0.07043664 
935 349 9 13 0.07035545 
630 451 10 13 0.07003773 
690 265 9 11 0.06988795 
703 230 7 9 0.06988301 
734 415 11 14 0.06961792 
679 287 9 11 0.06951 
139 275 10 13 0.06946936 
98 280 9 12 0.069386095 
848 239 7 9 0.069058694 
1011 222 10 13 0.06890304 
873 415 10 13 0.06884692 
269 221 8 10 0.06863499 
711 231 7 10 0.0673973 
455 221 8 10 0.06734539 
94 453 8 11 0.06690117 
169 340 9 11 0.06628014 
265 318 11 14 0.065997645 
550 446 12 14 0.06590821 
596 261 11 13 0.06583763 
817 250 10 12 0.065717466 
243 390 10 13 0.06524435 
741 461 8 11 0.06492719 
644 241 11 13 0.064776644 
413 289 10 12 0.06451226 
194 299 9 12 0.064454645 
186 295 10 12 0.06443365 
655 286 10 11 0.06412316 
944 426 10 15 0.064087905 
342 374 11 14 0.06393929 
346 255 7 10 0.06335156 
253 247 8 10 0.06293662 
665 325 10 13 0.06273074 
74 243 10 13 0.06243848 
144 456 12 14 0.062230214 
89 362 10 14 0.06151694 
400 444 11 16 0.061205104 
787 414 10 12 0.061188664 
46 460 11 13 0.060906515 
215 460 9 12 0.060695585 
108 301 10 13 0.060094 
938 230 7 9 0.05978151 
930 245 8 10 0.059495796 
64 326 9 13 0.05904877 
818 224 7 10 0.058482878 
396 348 11 15 0.058271743 
821 241 9 10 0.058047924 
718 288 9 11 0.058019694 
935 246 8 10 0.05785923 
781 389 10 13 0.057673797 
186 270 10 12 0.057520825 
671 316 10 11 0.057291962 
479 308 9 12 0.057265546 
712 238 8 10 0.057254463 
176 351 9 11 0.0568847 
953 276 8 11 0.05656233 
504 235 10 13 0.05614389 
288 239 8 10 0.056139853 
940 415 10 12 0.05601546 
273 420 12 15 0.056012128 
65 359 10 13 0.0557497 
671 214 8 10 0.05574423 
953 328 9 11 0.055255044 
723 227 8 11 0.055101573 
901 444 9 11 0.054897003 
176 238 8 10 0.05463722 
572 217 9 11 0.054329492 
647 472 9 12 0.05412491 
731 269 9 13 0.05372534 
454 216 8 10 0.053712282 
801 261 8 11 0.0536585 
935 261 8 10 0.052999947 
158 460 9 12 0.052838024 
38 445 10 14 0.05248939 
936 255 9 11 0.05231246 
885 229 8 10 0.052117895 
760 232 8 9 0.0518816 
801 414 10 13 0.051829815 
6 317 10 13 0.051703442 
329 221 8 11 0.051330518 
935 356 9 11 0.05129849 
944 238 8 9 0.050854165 
774 311 9 12 0.05071743 
304 217 7 9 0.050618626 
6 325 9 12 0.050125323 
135 353 10 12 0.049029484 
687 239 9 11 0.04898406 
677 342 10 12 0.04890817 
369 232 8 10 0.04886775 
401 291 10 13 0.048730012 
332 240 9 11 0.048715755 
193 376 10 12 0.048671562 
817 461 8 11 0.048458688 
343 413 11 14 0.048319448 
701 264 9 12 0.04821769 
898 231 8 10 0.04809315 
719 293 9 11 0.048053198 
657 216 9 10 0.04801557 
500 256 10 12 0.04769705 
648 477 10 12 0.04760244 
607 238 9 11 0.047407627 
816 229 8 10 0.04716955 
272 239 8 10 0.04704037 
807 225 7 9 0.046981364 
840 238 8 9 0.046722643 
497 253 8 11 0.046612203 
937 272 9 11 0.046532314 
696 287 9 11 0.046155807 
725 440 12 14 0.04553278 
176 470 8 10 0.045454264 
128 230 8 10 0.045439947 
53 462 11 13 0.045365468 
769 228 8 10 0.04527073 
95 268 9 11 0.045173492 
680 214 8 10 0.045026924 
314 218 8 9 0.044975195 
858 356 11 14 0.044951122 
263 238 8 10 0.044901207 
893 452 9 13 0.044877514 
343 238 8 11 0.04453805 
898 224 7 9 0.04428771 
887 405 9 12 0.04386581 
468 384 12 14 0.043813035 
654 259 9 12 0.043804556 
159 270 8 10 0.04373946 
190 313 8 10 0.043689687 
208 455 9 11 0.043475043 
406 238 9 10 0.04331179 
232 351 9 12 0.043252632 
405 231 9 10 0.043061454 
113 241 9 11 0.04282511 
439 236 9 12 0.042789273 
834 241 7 9 0.042781834 
660 342 10 12 0.042718902 
183 239 9 10 0.04249054 
210 461 8 11 0.04242087 
330 446 9 12 0.042390622 
802 350 11 14 0.042345487 
786 298 9 13 0.04220885 
858 300 9 12 0.04218744 
789 406 10 12 0.042166196 
794 241 9 11 0.042114362 
957 332 9 11 0.042048793 
540 312 10 11 0.042004377 
713 288 8 11 0.041886773 
738 217 7 9 0.041871436 
7 334 8 10 0.041856788 
181 350 10 11 0.041847084 
143 238 8 11 0.04148439 
39 279 9 11 0.041483436 
582 418 10 13 0.041448668 
109 456 9 12 0.04128244 
310 240 9 11 0.041069653 
471 310 10 12 0.041059062 
653 476 10 12 0.041007597 
255 448 10 13 0.040852237 
920 414 11 14 0.04062248 
743 215 8 9 0.040460996 
824 395 10 13 0.040299732 
627 328 11 14 0.040139634 
390 229 9 11 0.04006451 
652 270 10 12 0.04001121 
281 217 8 10 0.039973784 
195 275 9 13 0.039943587 
793 354 11 14 0.039896317 
744 262 8 11 0.039879303 
865 214 7 10 0.03980036 
672 371 10 12 0.03967919 
197 297 10 12 0.039593574 
256 240 8 10 0.039489474 
814 413 9 13 0.039424654 
533 405 10 13 0.039423734 
384 231 8 10 0.03916322 
813 270 9 12 0.03913678 
217 240 9 10 0.039095342 
230 319 10 12 0.039074577 
681 208 8 10 0.038917046 
281 227 8 11 0.038911432 
229 447 11 13 0.03884514 
780 243 8 12 0.038741663 
255 216 8 10 0.038660977 
480 222 8 10 0.038484856 
665 209 8 9 0.038455054 
951 427 11 14 0.038267445 
914 249 9 11 0.03810552 
129 225 7 9 0.038055144 
775 319 9 11 0.03789173 
896 237 8 10 0.03787709 
597 325 10 14 0.037861906 
679 451 10 12 0.03785326 
213 455 9 11 0.03779336 
784 407 10 12 0.037788037 
289 342 10 12 0.037746664 
217 251 10 12 0.03768993 
640 471 9 12 0.03751959 
785 318 9 12 0.037478633 
39 451 11 14 0.03726549 
736 230 7 9 0.03721733 
607 221 8 11 0.037153427 
761 423 10 14 0.03713379 
80 351 9 10 0.037127748 
286 218 8 9 0.037105985 
640 396 9 12 0.03700089 
312 228 8 10 0.036968894 
605 292 11 14 0.036938958 
696 216 8 9 0.036790837 
732 329 10 13 0.036696907 
903 237 9 10 0.036670126 
200 325 9 12 0.036657423 
697 241 9 11 0.036496997 
786 275 9 13 0.036437742 
752 215 8 10 0.036437433 
130 244 9 12 0.03638326 
103 465 11 15 0.036354005 
318 315 10 13 0.03630788 
502 293 9 12 0.03614084 
857 238 8 10 0.035985455 
303 345 10 13 0.03591304 
703 287 9 10 0.03591094 
5 382 11 13 0.035732824 
77 269 9 11 0.035608612 
851 277 11 13 0.035465736 
309 390 12 14 0.035443597 
225 276 9 12 0.03544341 
0 359 8 12 0.035403516 
224 464 10 15 0.0353068 
61 463 9 11 0.035195656 
596 467 10 14 0.035157993 
238 430 9 11 0.03504896 
200 352 10 13 0.035019748 
751 286 9 11 0.03501085 
451 349 11 14 0.034844484 
591 402 11 14 0.0348329 
818 294 10 12 0.034752455 
728 288 9 11 0.03437478 
840 223 7 9 0.03418121 
658 240 9 12 0.034062643 
701 367 10 12 0.033930447 
175 227 9 11 0.033769026 
401 238 8 11 0.033736542 
336 263 8 11 0.033685297 
55 349 9 10 0.033625055 
903 231 8 10 0.033609513 
174 463 8 10 0.03350707 
216 351 10 12 0.033493932 
672 244 8 12 0.03341993 
496 208 8 9 0.03339262 
104 382 10 12 0.033383645 
376 243 10 13 0.033378117 
928 286 8 10 0.033348195 
823 345 11 12 0.033205647 
818 241 7 10 0.03313434 
656 278 9 11 0.03303449 
79 404 11 14 0.03296759 
943 253 8 11 0.032963704 
510 486 10 12 0.032857373 
762 223 7 10 0.032819 
527 403 10 13 0.03279331 
611 275 11 12 0.032781165 
806 262 8 11 0.032768574 
226 223 8 10 0.03271154 
351 445 9 13 0.032693382 
336 226 9 12 0.032625295 
749 228 7 10 0.03258482 
532 332 10 13 0.032533385 
558 311 10 11 0.032481857 
1002 237 9 11 0.03247598 
448 237 9 12 0.032402273 
209 293 9 12 0.032388706 
167 326 10 12 0.032293092 
702 297 9 10 0.032252647 
753 251 9 11 0.03222957 
921 222 7 9 0.03221723 
921 237 7 10 0.032160766 
161 362 10 13 0.03214704 
33 332 9 12 0.03210961 
157 283 10 12 0.03210714 
588 366 10 13 0.03191245 
677 315 9 12 0.031878013 
0 365 8 12 0.0318134 
488 351 11 13 0.031715944 
428 264 10 12 0.031697996 
559 232 8 11 0.031678922 
107 284 10 12 0.031609718 
761 298 9 12 0.031578977 
159 307 8 12 0.031530637 
375 227 10 12 0.031446166 
740 297 10 13 0.03139861 
55 317 9 11 0.031167205 
815 264 9 11 0.031131787 
303 288 9 11 0.031038152 
817 216 7 9 0.031005036 
943 275 9 12 0.030772306 
686 208 8 10 0.030702708 
828 228 8 10 0.030592144 
776 217 7 10 0.030572945 
343 217 8 9 0.030452894 
130 270 10 13 0.03041351 
888 213 7 10 0.030108428 
199 455 9 12 0.03001024 
320 264 9 10 0.029995633 
911 233 8 10 0.02995451 
902 216 8 9 0.029923119 
703 342 9 12 0.029906675 
321 471 9 13 0.029895501 
457 231 8 10 0.029814217 
509 286 10 12 0.029750733 
568 227 9 11 0.029734826 
974 302 9 12 0.029704697 
700 319 10 13 0.029685477 
127 349 11 13 0.029650336 
914 222 7 8 0.02963876 
78 384 11 13 0.02962631 
584 329 12 15 0.029548023 
509 262 9 12 0.02953426 
253 486 12 14 0.029467432 
721 217 7 9 0.02940189 
159 383 10 12 0.029304985 
587 372 10 14 0.029298315 
701 372 10 13 0.029290933 
901 455 8 12 0.02925199 
738 345 9 13 0.029214328 
475 388 11 14 0.029126631 
14 319 8 11 0.029060772 
792 287 9 11 0.029059863 
352 427 10 12 0.029033693 
245 468 10 13 0.028974907 
398 269 9 12 0.028823312 
329 231 8 10 0.02880375 
851 225 8 10 0.02874815 
879 240 9 10 0.028734837 
678 293 10 12 0.028729824 
487 313 10 11 0.028664647 
192 358 9 12 0.028604576 
64 317 9 11 0.028596265 
592 216 9 11 0.028499918 
921 350 10 12 0.028465888 
969 302 9 12 0.02846354 
30 291 12 16 0.028415978 
185 318 9 10 0.028349826 
902 224 7 9 0.02834957 
326 469 11 14 0.028279865 
39 349 9 11 0.028163167 
385 264 9 12 0.02812542 
673 229 8 10 0.028080368 
797 344 12 13 0.028066216 
57 366 8 12 0.028040214 
0 325 9 13 0.028017206 
349 420 11 15 0.027972972 
743 316 8 11 0.027939536 
902 294 10 13 0.027824193 
671 209 8 9 0.027798356 
214 344 10 11 0.02779666 
197 221 7 10 0.027791861 
105 375 8 11 0.027790997 
816 311 8 10 0.027687171 
959 259 9 12 0.027602982 
448 209 8 9 0.027587008 
601 344 9 12 0.027501918 
238 217 8 9 0.027468411 
743 255 8 10 0.02744837 
1 317 10 14 0.027436074 
248 227 9 10 0.027354926 
886 414 11 14 0.027347548 
923 450 12 15 0.027332252 
567 284 11 13 0.02712993 
841 232 7 9 0.027073907 
215 379 9 12 0.027043156 
97 388 11 14 0.026985079 
491 322 10 14 0.026918292 
958 275 9 12 0.026841287 
261 446 11 14 0.026676666 
584 263 10 14 0.026594743 
883 332 9 12 0.026593948 
205 359 11 15 0.02656709 
292 413 11 14 0.026497375 
663 229 9 11 0.02645829 
612 342 10 13 0.026409803 
271 465 13 16 0.026366772 
366 263 10 12 0.026328167 
897 295 9 13 0.026325088 
942 232 7 9 0.026313148 
863 413 9 13 0.026311804 
497 286 10 11 0.026259452 
575 263 10 14 0.02616587 
113 325 10 12 0.02611037 
792 345 9 11 0.02607229 
896 445 9 12 0.026011026 
70 270 9 12 0.025992842 
824 376 9 12 0.025974484 
873 238 8 10 0.025968801 
174 344 8 10 0.02595926 
822 406 11 13 0.02590938 
935 277 9 11 0.02584786 
842 414 10 12 0.025744792 
829 348 10 13 0.02567123 
270 415 10 13 0.02563051 
29 285 11 14 0.025622653 
505 486 10 12 0.025605805 
465 209 8 9 0.025597906 
973 280 9 10 0.02559114 
912 237 8 10 0.025554609 
789 372 10 11 0.025552932 
296 217 8 9 0.025504975 
185 493 10 13 0.025422394 
327 265 10 11 0.02541513 
151 492 11 14 0.02535869 
720 209 7 9 0.025298344 
856 350 9 12 0.02526556 
691 230 8 10 0.025195189 
774 229 7 10 0.025024928 
856 437 11 14 0.02500582 
381 216 8 10 0.024995986 
134 467 9 13 0.024957735 
903 429 9 11 0.024927752 
47 349 9 11 0.02492407 
725 346 9 13 0.024844281 
182 230 8 10 0.024803754 
931 262 8 10 0.024803499 
884 350 10 11 0.024795141 
959 249 8 11 0.024760429 
877 337 11 14 0.024687981 
118 301 10 13 0.024514046 
67 370 12 14 0.024428226 
678 372 11 12 0.024418036 
888 209 8 9 0.02439712 
155 330 9 13 0.024365803 
198 217 8 10 0.024327235 
363 269 9 12 0.024298688 
631 286 10 11 0.024256384 
304 263 9 10 0.024250789 
286 229 7 10 0.024247054 
110 294 10 12 0.024246924 
378 286 8 12 0.024229562 
782 285 9 11 0.024200054 
517 252 10 12 0.024195643 
328 216 8 10 0.024176024 
0 334 8 11 0.024115881 
229 377 11 13 0.024108138 
161 478 9 11 0.024028666 
999 267 10 13 0.023995448 
160 352 9 11 0.023994207 
359 226 9 12 0.023965126 
883 278 10 13 0.023956694 
929 255 8 10 0.023940776 
663 459 10 13 0.02390231 
416 208 8 9 0.02389923 
156 493 12 14 0.023898784 
86 350 9 11 0.02384537 
238 437 11 14 0.023813425 
428 382 12 14 0.023735572 
544 232 10 12 0.023720944 
263 246 9 11 0.023699548 
784 373 9 11 0.023691798 
54 358 9 12 0.023688404 
456 208 8 9 0.023607345 
782 343 10 11 0.023590706 
559 317 9 12 0.023568932 
792 215 7 9 0.023525504 
471 208 7 9 0.023519624 
162 468 9 12 0.023509674 
759 447 10 12 0.02350353 
830 317 10 11 0.023397196 
247 444 11 14 0.023380233 
631 293 10 13 0.023373356 
661 284 8 11 0.023354793 
675 332 10 13 0.023352545 
632 299 10 14 0.02333841 
143 493 11 13 0.023330182 
166 353 10 11 0.023327379 
57 274 10 13 0.023300909 
534 365 11 12 0.023287598 
23 286 11 15 0.02327836 
365 317 10 14 0.023264917 
831 262 9 10 0.023240093 
839 257 10 13 0.023215668 
489 255 9 11 0.02321113 
31 279 10 12 0.023206761 
280 443 11 13 0.023190772 
535 387 10 12 0.023174107 
230 413 10 12 0.023169735 
758 367 9 11 0.023142716 
928 231 7 9 0.023113687 
351 249 10 13 0.023081953 
627 420 10 15 0.023050793 
0 350 9 12 0.023040516 
921 233 8 9 0.023030417 
171 415 11 14 0.02301773 
311 264 9 11 0.022975177 
584 237 9 12 0.022913346 
437 292 11 13 0.022912879 
598 316 10 13 0.022907337 
929 240 7 9 0.022879696 
40 391 9 14 0.022872271 
191 350 9 11 0.022779927 
324 473 11 15 0.022746999 
724 307 10 12 0.022712009 
224 286 8 10 0.02270636 
784 264 8 10 0.02270018 
812 384 11 14 0.022697495 
277 375 11 13 0.022671243 
69 319 10 12 0.022630023 
558 365 10 12 0.022618003 
168 229 9 10 0.0226161 
422 237 9 11 0.022563742 
276 454 10 13 0.022494392 
97 479 9 12 0.022461314 
47 285 9 11 0.022408267 
150 486 11 12 0.022370316 
321 289 10 12 0.022336336 
71 422 10 14 0.022326836 
423 318 10 14 0.022310983 
362 263 8 11 0.022197638 
888 241 7 9 0.022191634 
874 327 10 13 0.022184065 
973 284 10 12 0.0221616 
608 216 7 10 0.02213134 
308 465 12 15 0.022120815 
607 245 9 12 0.02205723 
197 380 11 12 0.022046745 
978 346 13 17 0.022032795 
388 237 9 11 0.022017527 
252 272 10 14 0.022008799 
56 342 10 12 0.02200804 
368 221 8 10 0.022006951 
454 261 9 12 0.021997493 
84 302 11 13 0.021983687 
912 217 8 9 0.021971472 
248 381 10 13 0.021962814 
168 404 9 12 0.021939715 
545 355 9 12 0.021926135 
711 444 13 16 0.02189114 
701 225 7 10 0.021882739 
669 494 12 12 0.021875972 
335 268 10 12 0.021841474 
7 374 9 10 0.021837093 
937 226 7 8 0.02183366 
984 319 9 9 0.021825891 
128 421 9 13 0.021825727 
527 286 10 11 0.021787725 
177 455 9 11 0.021664057 
237 222 8 10 0.021656126 
649 457 12 15 0.021476088 
448 256 8 10 0.021465171 
184 301 9 12 0.021451678 
803 341 11 12 0.021442864 
953 288 8 11 0.021398284 
886 384 11 13 0.021294475 
472 231 9 11 0.021224102 
853 427 10 13 0.021214977 
208 470 9 11 0.021203052 
312 289 9 11 0.021196615 
884 327 9 12 0.021170123 
816 302 8 11 0.02116861 
133 318 9 11 0.021166272 
617 261 9 11 0.021153811 
154 455 11 13 0.021113176 
152 375 9 11 0.0211127 
7 311 10 13 0.021110905 
63 350 8 11 0.02107754 
191 227 9 11 0.020991778 
32 343 8 10 0.020915454 
501 456 12 15 0.020884655 
832 356 9 13 0.020867433 
761 265 10 12 0.020850604 
521 342 10 13 0.020835932 
351 208 8 9 0.020797744 
481 317 9 13 0.020769529 
286 493 11 13 0.020757727 
641 325 9 12 0.020750113 
101 478 11 14 0.020716462 
320 244 9 12 0.02069546 
429 288 11 13 0.020690842 
279 341 9 11 0.020609872 
143 486 11 13 0.02057314 
131 296 12 15 0.020566346 
624 460 9 12 0.020562923 
691 223 8 11 0.020558512 
342 229 8 10 0.020553134 
731 389 10 13 0.020546557 
383 453 10 12 0.020495096 
663 319 9 12 0.020482695 
770 390 10 13 0.020446872 
898 216 8 10 0.020392153 
447 343 10 13 0.020389711 
713 223 7 10 0.020318137 
150 350 11 12 0.020317541 
786 254 8 10 0.020296955 
431 459 9 12 0.020252477 
372 343 12 14 0.020244118 
935 337 8 10 0.020232238 
95 384 10 12 0.020221777 
672 300 8 11 0.02022023 
535 450 12 15 0.020217283 
384 208 8 9 0.020161461 
102 265 9 11 0.02015711 
156 486 10 11 0.020072164 
648 353 12 14 0.02005339 
225 230 7 10 0.020030431 
497 267 9 13 0.020027736 
