12_Group_Large_Group_12_Group_Large_Group_12_276
32
572 211 60 71 0.999627 
217 247 57 68 0.99958855 
437 242 59 72 0.999537 
666 271 69 76 0.99948007 
849 92 60 70 0.99940896 
323 231 57 71 0.9993973 
354 44 55 71 0.9993704 
593 100 55 65 0.99936265 
224 69 55 61 0.99928266 
519 86 52 59 0.99927884 
696 159 59 74 0.99918205 
103 295 71 78 0.99911433 
438 73 53 65 0.9982211 
488 5 49 59 0.9980488 
708 84 49 57 0.9966813 
581 31 41 54 0.99539375 
297 14 43 52 0.9939235 
138 16 46 51 0.99224466 
648 69 47 57 0.9914049 
980 25 18 26 0.9309476 
0 75 32 70 0.85556424 
495 126 27 36 0.22600016 
788 194 24 35 0.049633134 
1012 5 10 13 0.049527884 
59 77 55 63 0.03718476 
231 0 25 22 0.03533957 
1013 10 10 17 0.027158068 
1003 128 20 38 0.026182827 
346 4 46 51 0.02574137 
823 206 58 71 0.024284838 
1003 35 12 15 0.023390567 
567 43 26 36 0.022989528 
