12_Group_Large_Group_12_Group_Large_Group_12_527
30
715 423 81 116 0.9970348 
331 420 79 106 0.97677 
816 237 82 106 0.26592785 
4 419 68 91 0.26346567 
723 240 78 104 0.17510757 
877 119 82 113 0.16033687 
681 624 37 46 0.09972164 
451 51 41 53 0.090146795 
195 59 83 123 0.06704764 
490 418 122 146 0.0649972 
0 26 68 117 0.050688818 
721 224 58 82 0.04753152 
464 69 105 120 0.039738484 
295 80 62 91 0.038145177 
400 370 57 88 0.036720872 
245 62 93 122 0.034147203 
563 221 132 177 0.033641923 
465 60 53 60 0.03259605 
184 190 46 51 0.032142334 
225 231 86 101 0.031841815 
12 -11 415 390 0.028084898 
761 227 100 113 0.027574297 
909 133 90 119 0.026966704 
617 27 128 162 0.025228443 
496 74 66 73 0.024900777 
791 106 49 64 0.024285385 
640 437 42 55 0.022476627 
826 274 106 132 0.020914081 
927 283 45 57 0.020760134 
780 81 32 36 0.02043147 
