12_Group_Group_12_Group_Group_12_522
32
371 300 38 50 0.9991592 
884 288 47 57 0.9987715 
264 293 40 49 0.9987429 
397 229 37 45 0.99833053 
301 232 37 44 0.9982395 
359 402 44 54 0.9978473 
724 295 38 49 0.9974712 
598 264 41 46 0.99746466 
505 390 44 55 0.99713194 
685 229 40 48 0.997065 
189 229 40 50 0.99602795 
654 398 43 53 0.9942105 
491 246 42 54 0.9938645 
113 228 41 51 0.99229723 
792 284 43 50 0.9919281 
820 243 39 48 0.98948705 
866 754 16 14 0.13995583 
419 699 19 25 0.135545 
612 714 16 20 0.12523268 
390 725 15 18 0.0641744 
497 737 24 27 0.063128315 
808 259 42 53 0.04367674 
388 692 16 21 0.042374313 
828 729 19 20 0.035132125 
584 744 28 25 0.034102187 
0 455 26 33 0.032711405 
276 692 22 23 0.030932607 
302 716 13 15 0.026439404 
494 715 15 19 0.025805091 
443 749 15 17 0.025198676 
726 214 10 13 0.023991568 
407 694 11 15 0.022716504 
