12_Group_Group_12_Group_Group_12_379
32
665 125 29 34 0.99947506 
895 229 32 42 0.9993235 
845 115 31 39 0.999302 
360 155 29 36 0.9991923 
869 171 31 38 0.99915946 
764 153 28 39 0.9991553 
799 243 33 40 0.99915123 
732 218 34 42 0.999114 
792 106 28 36 0.9990715 
243 236 30 36 0.99905306 
156 244 30 39 0.9990368 
331 244 32 39 0.9990017 
430 154 34 41 0.99895006 
427 248 32 42 0.99893755 
482 119 30 39 0.99888915 
155 187 30 36 0.9988589 
383 117 29 35 0.9988392 
522 112 30 37 0.99883693 
728 133 28 32 0.9987563 
79 232 35 41 0.99875236 
286 112 27 35 0.99870205 
637 179 29 34 0.9986904 
614 112 28 34 0.9985482 
189 100 33 44 0.9984888 
580 136 29 33 0.9984666 
536 234 32 41 0.9980825 
534 166 32 37 0.99781954 
295 168 29 36 0.9974195 
416 99 30 33 0.9973979 
630 231 35 40 0.9973779 
224 173 29 35 0.9966667 
712 116 18 22 0.16086443 
