12_Group_Group_12_Group_Group_12_59
21
593 121 25 34 0.99868065 
807 147 26 37 0.9984561 
173 110 25 37 0.9962806 
521 90 22 31 0.9851028 
118 89 21 29 0.98268825 
274 85 20 28 0.97693324 
417 84 17 23 0.95771015 
745 174 22 35 0.8858505 
394 126 21 25 0.637853 
207 271 59 39 0.50633746 
388 121 15 20 0.26053762 
242 247 30 50 0.23686212 
768 187 29 32 0.11007419 
384 119 13 20 0.10065997 
469 67 14 20 0.064273864 
754 179 27 35 0.056122597 
487 132 13 18 0.04900709 
998 271 26 63 0.046701185 
277 155 21 33 0.04381334 
257 241 29 42 0.03237852 
405 127 18 22 0.024865413 
