12_Group_Group_12_Group_Group_12_367
25
694 352 27 33 0.9988404 
626 356 26 33 0.9983138 
611 293 23 31 0.9982723 
214 298 25 31 0.9978064 
520 286 23 29 0.9974579 
203 341 25 31 0.9969261 
324 365 26 33 0.9968957 
458 357 25 28 0.99689 
260 366 26 33 0.99645364 
653 324 24 29 0.9962674 
394 345 24 28 0.99562126 
424 283 23 29 0.9951142 
566 324 23 29 0.99414635 
548 370 25 31 0.9937457 
519 339 23 29 0.9923895 
351 295 22 28 0.9920919 
561 281 20 26 0.9863296 
437 332 21 27 0.98524135 
292 263 21 27 0.9849476 
383 271 22 27 0.98460114 
636 266 21 27 0.9842317 
470 282 21 26 0.9766272 
201 260 21 27 0.9742843 
287 308 20 26 0.9681733 
371 275 13 19 0.026978524 
