12_Group_Group_12_Group_Group_12_249
28
494 572 70 77 0.999198 
939 553 35 37 0.9986959 
404 399 50 60 0.99851936 
884 479 32 36 0.997493 
138 22 78 71 0.99608225 
465 137 38 41 0.99575377 
882 531 33 37 0.9952567 
342 292 56 54 0.99508566 
765 412 27 30 0.99364215 
739 362 31 32 0.9925534 
825 421 33 34 0.9916824 
619 380 46 48 0.9909508 
982 609 37 39 0.98981875 
590 308 40 43 0.9875537 
552 255 48 48 0.98589385 
456 199 43 43 0.9851223 
517 205 42 42 0.97746277 
719 334 26 29 0.80519813 
652 461 36 51 0.13792016 
293 531 49 39 0.11373077 
223 487 37 33 0.047321018 
396 201 25 36 0.044523753 
224 451 45 35 0.027527265 
537 231 54 57 0.02623679 
594 7 336 469 0.025223391 
267 241 47 54 0.024631836 
790 553 37 42 0.021791425 
335 228 36 43 0.02061837 
