12_Group_Team_Organized_Group_12_Group_Team_Organized_Group_12_503
33
645 205 35 43 0.99937254 
575 80 35 39 0.9993562 
156 49 30 36 0.9993449 
628 50 29 38 0.99930596 
656 79 33 41 0.99929047 
267 104 32 39 0.999275 
366 45 31 35 0.9992261 
297 55 29 35 0.99900585 
558 39 29 35 0.99895954 
491 73 33 40 0.9989537 
866 198 39 45 0.9988966 
884 70 30 33 0.99883205 
881 112 36 42 0.9988242 
748 64 28 34 0.9987728 
338 206 34 41 0.9987098 
227 44 28 33 0.9986696 
409 75 33 40 0.9986105 
797 93 37 41 0.998599 
542 180 40 50 0.9985398 
190 95 33 42 0.9985253 
952 204 38 45 0.99851257 
328 88 35 41 0.99848324 
756 202 39 44 0.9984212 
429 187 36 48 0.99840146 
488 26 29 32 0.99831545 
435 39 24 35 0.99824023 
95 104 37 41 0.99814904 
242 195 35 44 0.99812776 
722 100 36 41 0.9976301 
137 173 38 44 0.99738556 
26 178 41 50 0.9973127 
830 67 25 30 0.99616015 
692 66 25 33 0.9954556 
