12_Group_Large_Group_12_Group_Large_Group_12_212
19
476 710 96 129 0.999199 
684 378 83 109 0.9982716 
266 364 90 101 0.9920779 
974 745 14 19 0.7561207 
935 776 15 19 0.3735465 
2 607 35 62 0.27081707 
870 743 15 19 0.25034302 
11 594 23 41 0.23502983 
907 776 16 20 0.21832392 
262 325 26 28 0.076772176 
154 799 24 28 0.06400831 
842 819 15 18 0.034948666 
14 867 51 73 0.032944575 
101 614 34 33 0.030096237 
34 864 29 39 0.028608244 
915 734 23 27 0.026091864 
597 378 26 31 0.023450764 
906 804 15 20 0.021680787 
891 762 16 19 0.020332173 
