12_Group_Group_12_Group_Group_12_80
29
221 127 33 40 0.9995409 
349 127 32 40 0.9994966 
836 168 31 39 0.9994437 
596 116 30 35 0.9993316 
406 104 32 38 0.99932754 
132 113 33 39 0.9992367 
539 222 37 45 0.9992285 
805 118 30 37 0.9992261 
281 116 34 40 0.9992206 
303 303 33 39 0.9991775 
71 141 33 41 0.9990553 
469 123 34 40 0.999038 
523 100 30 37 0.99900144 
932 132 30 40 0.99896646 
705 122 29 36 0.9989046 
873 283 32 39 0.998719 
769 281 33 45 0.9986926 
641 117 31 37 0.9984559 
183 291 38 48 0.9983662 
652 216 36 48 0.9978975 
420 225 36 44 0.9973968 
2 90 12 15 0.0818898 
0 180 12 18 0.07264992 
18 117 9 11 0.047002345 
743 96 7 9 0.025691802 
16 113 7 9 0.024289949 
35 118 8 10 0.022827884 
55 132 8 11 0.022802297 
101 126 10 12 0.02143878 
