12_Group_Team_Organized_Group_12_Group_Team_Organized_Group_12_653
18
844 192 36 43 0.99901223 
799 196 34 40 0.99894375 
654 329 39 48 0.99886644 
526 322 33 42 0.9987276 
315 227 37 48 0.9985197 
385 289 37 48 0.99843556 
241 359 45 56 0.99758744 
949 377 45 53 0.9967584 
73 167 45 55 0.9964349 
200 178 39 55 0.9960348 
770 363 45 53 0.99491006 
427 388 41 53 0.99376845 
327 304 39 52 0.9926541 
595 376 41 52 0.9865029 
948 564 22 26 0.07927085 
916 385 25 37 0.063730635 
835 520 29 39 0.029449513 
836 471 26 34 0.027881142 
