12_Group_Large_Group_12_Group_Large_Group_12_315
190
753 267 32 39 0.9992454 
579 407 33 42 0.9989108 
495 380 31 36 0.9989039 
692 411 35 40 0.99867296 
647 305 31 36 0.99852717 
682 275 27 33 0.9984053 
600 302 26 33 0.9977018 
794 259 27 34 0.99719965 
258 409 23 32 0.9969202 
809 388 35 45 0.99672407 
368 360 25 29 0.99569964 
117 425 26 31 0.99549365 
181 409 25 31 0.9941942 
499 272 17 20 0.9940063 
406 296 15 20 0.9932673 
386 289 16 20 0.99269545 
354 279 16 20 0.9926065 
396 259 14 18 0.9912594 
954 385 17 20 0.9910608 
475 262 16 19 0.98994046 
949 448 22 29 0.98986256 
899 351 15 21 0.9897054 
453 282 15 18 0.9887589 
490 305 17 20 0.9882542 
371 319 18 24 0.987542 
382 269 13 17 0.987303 
536 332 21 28 0.98666304 
436 225 13 17 0.9866045 
118 345 22 27 0.986574 
554 236 14 19 0.98500085 
413 266 15 19 0.98478496 
335 381 21 27 0.98452294 
455 214 12 15 0.9836901 
157 341 21 26 0.98365 
265 338 19 24 0.9813184 
420 240 13 17 0.9807794 
187 341 21 27 0.9800061 
480 332 20 27 0.9788969 
322 350 18 22 0.9782165 
228 334 20 26 0.9779097 
580 220 13 16 0.9766773 
447 330 19 23 0.9746841 
311 278 17 22 0.97421986 
519 210 11 13 0.97224146 
926 409 21 25 0.9719215 
192 316 20 24 0.969697 
429 347 20 25 0.96412724 
881 393 21 26 0.9631624 
507 230 12 15 0.961321 
884 420 20 24 0.9595196 
504 315 21 26 0.95938057 
481 220 14 17 0.95909166 
348 308 17 21 0.9558789 
287 315 17 21 0.9552299 
209 339 18 23 0.9518223 
294 360 20 24 0.95180815 
430 315 16 19 0.9482652 
389 314 15 21 0.93768835 
134 328 17 21 0.934581 
445 260 13 17 0.9339268 
864 411 19 25 0.93182623 
526 234 13 16 0.9306514 
570 238 14 19 0.9210157 
537 254 14 18 0.90518194 
837 60 11 13 0.9036251 
613 218 11 15 0.9032702 
534 212 11 13 0.8991839 
496 241 13 17 0.8960975 
318 321 17 21 0.8743591 
553 212 11 14 0.8552968 
566 200 9 12 0.8509381 
679 149 8 11 0.8407382 
456 233 13 16 0.8215298 
752 133 8 10 0.82149553 
499 214 10 14 0.8067763 
594 189 9 12 0.79395705 
669 167 9 12 0.77792054 
797 136 9 11 0.7427154 
611 166 10 13 0.7328986 
608 204 10 13 0.70010376 
595 215 11 15 0.6812022 
658 183 11 14 0.67535627 
656 165 9 10 0.6238844 
611 184 10 12 0.6040283 
476 242 13 16 0.5971316 
664 145 9 11 0.57613546 
706 145 9 12 0.5616616 
695 143 8 10 0.5020412 
682 163 8 11 0.5011716 
724 136 8 10 0.48156118 
694 170 9 12 0.4098384 
381 315 18 24 0.35392883 
221 336 17 26 0.31905898 
729 148 9 12 0.26737693 
773 138 8 10 0.24469134 
831 78 10 12 0.22539854 
292 418 20 21 0.2003285 
834 91 13 17 0.154982 
674 149 8 11 0.15440916 
736 167 9 11 0.14000945 
812 129 9 10 0.119984254 
727 142 8 10 0.09569655 
612 254 15 20 0.092256725 
694 195 10 13 0.08433919 
542 213 9 13 0.08388111 
771 141 8 10 0.08353616 
704 167 9 11 0.08104344 
709 167 9 11 0.07808047 
561 203 10 12 0.07527272 
837 115 9 11 0.07111997 
669 144 8 11 0.065656394 
750 141 8 11 0.06520926 
688 191 10 13 0.064079344 
784 143 7 10 0.06162038 
574 200 9 11 0.059460223 
710 183 9 11 0.05809419 
117 325 11 13 0.057860482 
686 150 9 11 0.05785744 
653 171 9 11 0.0556253 
829 125 9 11 0.052278962 
760 151 8 10 0.05194068 
742 168 9 11 0.051712714 
812 158 13 15 0.049818076 
695 138 8 9 0.049011473 
247 337 13 19 0.0484678 
614 160 9 12 0.047280163 
583 204 9 12 0.04544208 
513 245 12 14 0.0446141 
471 220 11 15 0.04439874 
717 196 9 11 0.04428765 
735 159 9 11 0.043222252 
831 83 13 17 0.043195367 
756 133 8 10 0.041728117 
251 341 14 19 0.041642338 
484 244 13 16 0.041166082 
671 159 8 12 0.040171187 
751 149 8 10 0.039426733 
784 151 8 10 0.038840804 
550 198 10 10 0.037193503 
878 424 16 21 0.036901724 
780 158 10 12 0.036004152 
522 237 11 14 0.035787087 
709 173 9 11 0.035540275 
423 294 13 16 0.0342169 
722 140 8 10 0.0340045 
706 172 8 11 0.033466622 
691 143 8 11 0.032962482 
238 335 18 25 0.032102264 
747 143 8 10 0.031501472 
694 147 9 11 0.031379327 
494 257 14 17 0.030074697 
711 190 9 12 0.029393064 
747 134 8 10 0.028953737 
447 219 11 16 0.02799123 
437 343 19 26 0.027869288 
678 190 12 15 0.027864866 
126 331 14 17 0.027618108 
443 225 12 18 0.027223881 
472 239 12 15 0.026752865 
598 229 11 13 0.026575008 
662 160 9 10 0.026416104 
746 149 8 11 0.026161196 
750 174 10 11 0.026156127 
760 165 8 10 0.026080638 
667 171 9 12 0.026024515 
542 218 11 15 0.025956476 
736 182 8 10 0.025563052 
705 161 7 10 0.02556062 
599 195 9 12 0.025488304 
810 131 9 12 0.025411326 
840 143 8 9 0.025278283 
834 118 9 12 0.025254456 
846 134 9 12 0.02510304 
599 184 9 11 0.024772758 
875 416 14 21 0.024317136 
742 159 8 10 0.0242919 
744 172 9 11 0.023976447 
736 173 8 10 0.023901649 
498 250 13 16 0.023431933 
778 152 8 11 0.02335512 
840 151 9 11 0.02329503 
759 159 9 11 0.023237467 
541 208 9 11 0.022288585 
671 137 8 9 0.021746758 
766 181 9 10 0.02170336 
760 181 9 11 0.021562504 
792 152 8 11 0.021356257 
436 329 15 19 0.02108277 
123 326 13 15 0.020913433 
824 150 8 10 0.02020307 
