12_Group_Large_Group_12_Group_Large_Group_12_13
19
570 368 18 22 0.9953381 
866 408 23 29 0.9928336 
477 367 18 22 0.9917135 
117 335 23 27 0.9914581 
637 345 17 23 0.9878336 
356 404 17 23 0.9870085 
730 354 18 23 0.9854675 
517 396 18 25 0.9844989 
163 392 21 26 0.977866 
904 371 20 24 0.97720647 
407 362 18 22 0.9755155 
232 354 19 25 0.973165 
804 361 20 25 0.9665295 
680 392 21 26 0.95877254 
311 357 18 22 0.9243141 
377 360 15 18 0.8651106 
367 360 14 18 0.05990255 
68 386 26 34 0.029024158 
-89 -104 381 479 0.021829002 
