12_Group_Team_Organized_Group_12_Group_Team_Organized_Group_12_60
24
822 73 59 69 0.99964476 
658 113 59 68 0.9995987 
655 184 55 71 0.9993843 
416 258 52 70 0.9989925 
521 231 56 78 0.9989863 
366 170 48 55 0.99865854 
523 154 44 60 0.99846005 
196 185 49 62 0.99845135 
299 156 36 43 0.9978229 
111 157 46 51 0.99738234 
185 149 37 42 0.9972517 
18 182 50 55 0.99692637 
594 150 40 48 0.9967775 
445 168 37 51 0.99484646 
923 1 78 56 0.99074894 
759 122 45 47 0.9876416 
512 513 33 50 0.28847066 
981 154 35 39 0.11075794 
656 148 53 59 0.10724434 
873 218 40 40 0.07341718 
970 204 50 82 0.048813887 
961 141 44 54 0.039155487 
356 325 11 17 0.03394936 
647 500 49 63 0.023110755 
