12_Group_Team_Organized_Group_12_Group_Team_Organized_Group_12_927
41
909 148 31 39 0.99907196 
583 274 27 38 0.9988955 
844 165 27 36 0.99885476 
969 164 27 34 0.9987972 
346 179 29 36 0.9987753 
677 174 25 33 0.9985984 
632 157 27 32 0.998596 
669 292 26 34 0.99852896 
512 285 28 36 0.9983388 
744 153 26 33 0.9983071 
288 170 27 35 0.9982735 
214 199 27 34 0.99811494 
403 197 28 33 0.9979055 
443 174 26 31 0.9978689 
1000 195 23 36 0.99775416 
725 341 26 31 0.99768794 
167 175 35 46 0.9975364 
667 372 27 36 0.99727184 
555 207 25 32 0.9967062 
796 188 24 31 0.9965899 
403 168 24 29 0.99631643 
123 188 27 37 0.99623317 
504 179 23 32 0.99592125 
581 180 22 29 0.99546176 
785 316 22 30 0.995436 
864 338 23 31 0.995086 
605 211 22 28 0.9938013 
713 155 22 28 0.9917601 
740 424 23 29 0.98778754 
479 154 23 28 0.98762405 
526 182 21 29 0.9869496 
796 161 22 27 0.9760937 
548 176 20 25 0.9666981 
812 339 20 25 0.9411681 
756 330 15 21 0.9375929 
363 167 22 27 0.9356844 
30 145 15 21 0.07982063 
23 125 10 12 0.074748665 
637 281 17 25 0.040738303 
22 139 13 16 0.03632263 
149 184 21 30 0.026048575 
