12_Group_Team_Organized_Group_12_Group_Team_Organized_Group_12_101
46
910 510 20 25 0.7623242 
792 522 21 24 0.7538528 
833 521 17 23 0.46865362 
740 512 22 28 0.36444837 
691 509 23 30 0.2730385 
850 510 24 28 0.1299401 
841 514 21 28 0.1093866 
697 482 25 28 0.08870449 
258 391 56 70 0.06761078 
886 482 14 19 0.064653635 
673 497 18 24 0.061929747 
531 546 14 17 0.058693863 
583 489 48 56 0.058593526 
778 523 11 14 0.050580353 
513 751 8 10 0.046469755 
845 472 13 18 0.04376889 
577 497 29 40 0.04325628 
479 563 12 16 0.042025775 
758 533 16 21 0.041012324 
924 482 12 16 0.038244992 
748 489 18 20 0.03610136 
920 478 12 16 0.033113997 
641 491 12 17 0.031887364 
682 505 15 21 0.030887797 
580 503 15 20 0.030611642 
836 469 14 20 0.030513056 
528 507 11 14 0.030298427 
600 509 29 36 0.029924503 
564 499 11 15 0.027913745 
602 455 17 19 0.027889319 
729 509 38 48 0.026149165 
1007 558 12 15 0.025524365 
844 1029 9 12 0.024892258 
140 372 84 115 0.024454823 
877 431 30 32 0.024374753 
677 487 24 31 0.024239227 
363 1045 11 14 0.023984507 
357 571 10 12 0.02346151 
687 512 16 23 0.022461535 
672 538 13 17 0.02175176 
575 499 12 18 0.021674981 
942 346 12 17 0.02148462 
565 503 27 37 0.021099778 
1008 484 11 15 0.020680282 
628 450 17 23 0.020459168 
1011 560 12 17 0.020176403 
