12_Group_Team_Organized_Group_12_Group_Team_Organized_Group_12_83
73
727 381 168 229 0.9990012 
807 224 59 69 0.99654585 
146 285 26 36 0.99485695 
301 240 34 48 0.9942977 
110 238 24 31 0.9927718 
38 259 22 24 0.97878677 
956 246 15 19 0.97810215 
401 246 31 40 0.9729423 
732 226 15 18 0.9712938 
961 192 16 21 0.958271 
555 271 38 30 0.9532568 
90 280 25 33 0.95084655 
998 192 17 22 0.94730026 
918 206 13 15 0.9464061 
29 323 21 25 0.9458089 
905 242 21 28 0.9452157 
210 271 17 22 0.9444367 
9 264 17 22 0.8767456 
0 346 16 32 0.723509 
200 293 22 32 0.6791535 
144 261 17 23 0.66818553 
1005 239 13 17 0.53093284 
183 261 21 28 0.47633296 
16 295 17 24 0.42540824 
125 254 16 22 0.40251946 
62 264 15 20 0.290166 
911 212 12 15 0.13139825 
761 212 11 13 0.11107137 
900 212 12 17 0.10935415 
217 235 11 14 0.10621389 
754 235 37 59 0.08665463 
186 251 21 27 0.08363573 
196 249 15 20 0.0773771 
764 220 23 31 0.072754934 
785 109 25 42 0.069974296 
130 261 16 22 0.0630673 
893 214 16 22 0.053341527 
204 250 13 18 0.05177009 
703 244 38 49 0.051264808 
740 220 38 56 0.047633648 
152 262 16 24 0.046428762 
390 288 25 27 0.04298463 
915 215 16 20 0.04175072 
966 282 20 29 0.036584776 
229 258 11 14 0.033588246 
762 216 17 22 0.032244105 
151 238 12 15 0.031944312 
20 605 16 19 0.031786222 
192 267 18 25 0.031402953 
205 277 17 23 0.03098119 
677 266 25 34 0.030922001 
0 264 15 21 0.030822368 
974 499 11 15 0.028148187 
263 266 14 17 0.02684755 
246 245 9 12 0.026409011 
855 132 14 20 0.0261202 
211 250 12 15 0.026093049 
231 236 9 13 0.025999544 
895 133 10 12 0.025923826 
907 214 18 24 0.024734933 
753 211 41 53 0.023886584 
645 270 26 32 0.023843938 
878 120 15 18 0.023748003 
193 282 21 28 0.023357403 
778 126 30 40 0.022695472 
772 212 13 13 0.02250985 
698 265 29 36 0.02213545 
154 241 16 19 0.02190685 
18 260 17 24 0.021181084 
717 229 40 57 0.021046137 
717 223 11 15 0.0209621 
806 219 26 32 0.020932654 
996 251 12 15 0.020610027 
