12_Group_Team_Organized_Group_12_Group_Team_Organized_Group_12_685
138
403 159 65 82 0.99964964 
649 983 63 73 0.9995634 
538 987 47 66 0.9987344 
646 775 25 33 0.99718946 
729 759 26 31 0.9970682 
90 631 25 32 0.9960103 
756 866 27 30 0.99540234 
565 767 25 33 0.99531305 
680 719 24 30 0.9949181 
802 771 24 30 0.9947685 
855 859 26 33 0.99418455 
327 760 24 31 0.99352336 
26 639 22 29 0.9897427 
427 991 56 59 0.9890919 
946 616 23 30 0.9872392 
566 652 23 29 0.98649246 
168 765 22 28 0.98592967 
592 609 21 27 0.98508817 
753 714 23 28 0.98212296 
643 872 23 27 0.9811473 
705 666 22 27 0.97999495 
605 720 22 29 0.97850317 
306 861 25 29 0.97813845 
278 641 25 29 0.9754951 
659 607 21 28 0.9744693 
78 755 22 29 0.97088975 
623 659 22 27 0.9674771 
484 655 23 27 0.960659 
494 865 23 29 0.9605987 
538 720 22 26 0.9567067 
519 608 21 27 0.9416728 
903 569 22 28 0.8279577 
395 765 22 28 0.8167066 
961 567 21 27 0.8128047 
361 647 21 27 0.8107634 
132 528 18 23 0.5794005 
191 597 21 25 0.5759685 
1008 678 16 30 0.5625055 
204 689 31 40 0.46999934 
115 832 17 23 0.45438156 
490 686 17 21 0.4028837 
425 616 25 29 0.33181015 
443 689 17 26 0.33047986 
152 492 16 19 0.30382845 
667 663 21 24 0.2310777 
444 820 39 42 0.22894713 
473 762 22 29 0.20718282 
138 1024 102 79 0.19740933 
230 615 20 28 0.14839824 
164 1034 55 40 0.1431735 
898 614 19 23 0.13841398 
851 757 30 35 0.1278031 
129 747 23 28 0.120570466 
895 649 27 35 0.11953405 
659 702 23 28 0.11593677 
443 740 21 27 0.11454543 
555 895 28 31 0.10168327 
433 1048 49 44 0.10073395 
1006 558 17 22 0.094800346 
579 843 26 27 0.083841145 
177 536 17 20 0.08298444 
426 777 25 29 0.07627969 
102 587 21 31 0.07586751 
512 991 36 46 0.070735514 
684 640 18 22 0.069810666 
659 138 25 40 0.0693249 
481 627 18 21 0.06857525 
153 517 18 20 0.060243342 
758 643 23 29 0.0577841 
820 683 24 28 0.055378664 
263 1017 41 52 0.054700702 
92 530 12 14 0.05391477 
881 585 17 20 0.053030454 
618 620 22 27 0.052408766 
771 646 15 22 0.048750166 
268 619 16 24 0.047172192 
851 793 46 63 0.0467498 
426 807 44 47 0.046554957 
765 691 23 26 0.04443301 
416 793 25 29 0.044194788 
879 612 21 31 0.042072773 
0 796 13 21 0.038893763 
438 684 15 26 0.038533796 
1009 565 16 25 0.036862355 
354 714 25 29 0.036152318 
521 814 24 31 0.034794994 
779 899 21 27 0.033817865 
44 743 21 28 0.033401098 
16 752 17 20 0.033171207 
452 662 21 26 0.03296407 
308 603 21 31 0.031722896 
508 949 34 42 0.03152072 
373 838 20 33 0.031518873 
627 895 15 20 0.030931907 
241 753 17 24 0.030087296 
144 1057 67 58 0.030024461 
932 884 24 30 0.02929936 
206 512 16 21 0.029153531 
126 567 24 29 0.028567793 
1008 880 13 18 0.026788978 
93 812 18 19 0.026342094 
900 1121 16 20 0.025700804 
669 137 14 21 0.025552161 
211 466 13 16 0.025466923 
823 696 26 30 0.025368825 
935 663 22 26 0.024883404 
951 876 31 37 0.02467256 
873 704 25 35 0.02460835 
0 835 12 17 0.024591919 
123 576 23 33 0.024061296 
500 957 46 60 0.023641072 
853 563 45 49 0.023329912 
140 494 13 16 0.023281211 
169 539 24 30 0.022843052 
439 911 29 37 0.022629496 
425 793 29 36 0.022519697 
237 569 18 19 0.022469984 
755 652 18 23 0.022371221 
937 704 30 37 0.022188734 
69 815 18 20 0.021869458 
1012 900 11 18 0.021810925 
154 507 16 19 0.021750035 
891 618 28 35 0.02165491 
111 582 24 32 0.021483382 
1002 581 20 30 0.02143792 
326 679 21 29 0.02126961 
251 590 15 21 0.021265678 
187 497 14 18 0.02118541 
139 525 22 26 0.021145476 
370 753 17 23 0.021051042 
245 756 21 29 0.020827256 
417 742 20 27 0.020721732 
870 573 27 31 0.020702701 
726 697 15 20 0.02066258 
99 613 18 22 0.02047434 
929 611 21 30 0.020445747 
396 926 43 57 0.020384591 
166 481 15 19 0.020115564 
