12_Group_Team_Organized_Group_12_Group_Team_Organized_Group_12_617
62
563 156 40 51 0.99638075 
195 191 47 61 0.99615073 
276 177 16 20 0.9926484 
68 202 24 28 0.99059254 
756 167 19 23 0.9866507 
653 156 17 22 0.9840449 
909 193 43 50 0.9780784 
359 228 19 28 0.97633934 
805 159 18 28 0.97110003 
849 131 18 28 0.9654508 
137 200 28 44 0.9546688 
693 175 9 12 0.9501136 
981 158 15 21 0.92020005 
384 161 13 16 0.84643155 
401 197 9 12 0.75975305 
965 174 17 23 0.7545766 
257 221 20 27 0.6811329 
633 166 10 13 0.6699218 
300 167 13 17 0.6565338 
714 153 13 20 0.5721706 
351 167 10 12 0.5390894 
349 180 11 14 0.40815926 
278 230 15 24 0.2973597 
441 200 8 11 0.25672367 
501 198 9 11 0.2511076 
511 189 8 10 0.24870941 
312 156 8 11 0.24378085 
735 156 14 20 0.21763952 
308 225 12 17 0.1828015 
11 248 23 36 0.17847182 
251 201 21 27 0.15450057 
104 210 22 29 0.14807633 
48 286 12 16 0.14320533 
504 192 9 10 0.1218906 
975 157 13 19 0.109327614 
716 166 15 20 0.09882168 
48 185 9 12 0.0868183 
354 171 11 14 0.059495956 
747 160 13 18 0.056145433 
44 283 21 26 0.055375442 
266 225 16 25 0.051828474 
445 191 9 11 0.05133794 
0 191 10 20 0.049024362 
305 164 12 18 0.048915822 
396 177 12 16 0.048793957 
441 191 8 11 0.03980287 
603 172 11 14 0.038099714 
347 197 13 16 0.033115298 
497 193 9 10 0.032461304 
625 174 10 14 0.030158065 
443 203 9 12 0.029851045 
38 293 26 37 0.029813899 
257 194 15 20 0.029595545 
34 203 15 18 0.027164066 
502 204 9 11 0.02674312 
95 204 20 30 0.024599286 
511 207 8 10 0.024406064 
281 233 22 27 0.02437357 
900 160 22 27 0.02408553 
390 168 13 17 0.023864992 
774 171 12 19 0.022728115 
288 103 9 10 0.020395106 
