12_Group_Team_Organized_Group_12_Group_Team_Organized_Group_12_21
23
355 299 26 33 0.9963147 
263 323 40 42 0.99588263 
561 302 27 30 0.9945305 
470 275 22 27 0.9859481 
518 317 22 25 0.80023676 
426 297 14 18 0.6320194 
436 305 14 19 0.32027987 
381 288 15 21 0.12100194 
422 304 16 19 0.11932463 
427 310 18 20 0.09171071 
363 458 15 20 0.07646025 
499 297 17 22 0.05364501 
547 309 16 24 0.046585932 
436 341 23 36 0.043161944 
420 315 15 17 0.038737316 
528 323 16 19 0.03495842 
613 349 12 15 0.03449601 
507 443 12 14 0.02964271 
391 298 13 19 0.029374367 
216 328 600 475 0.024783729 
308 324 10 13 0.024764476 
410 340 15 20 0.021971652 
556 357 24 35 0.020827709 
