12_Group_Large_Group_12_Group_Large_Group_12_849
67
212 219 15 19 0.9856543 
780 341 15 21 0.9609611 
399 325 14 19 0.8423428 
436 303 14 19 0.82165766 
645 356 16 21 0.5160488 
209 161 11 16 0.26093173 
657 202 17 22 0.184203 
134 221 14 17 0.13618653 
673 419 15 18 0.13567975 
819 319 26 29 0.11885264 
299 322 20 19 0.106765784 
655 356 16 18 0.09317744 
860 164 66 83 0.082983844 
389 163 17 19 0.080456436 
534 163 23 31 0.07943947 
390 326 11 15 0.06466452 
646 448 26 42 0.064022675 
680 250 25 30 0.06266766 
384 327 11 13 0.05855751 
435 229 22 26 0.045301862 
798 332 12 18 0.04365794 
373 195 24 32 0.03894489 
479 159 23 25 0.03672192 
610 175 25 34 0.03593499 
787 119 38 58 0.03533931 
388 338 14 16 0.034727514 
154 145 14 18 0.03356546 
750 375 21 28 0.032569602 
276 161 12 17 0.030900737 
759 175 25 33 0.029645013 
669 152 25 31 0.029069632 
645 359 25 29 0.028212892 
314 268 15 18 0.027671559 
459 239 16 21 0.027609494 
619 227 22 30 0.027142502 
181 123 10 12 0.027102513 
167 152 12 16 0.026934683 
241 285 22 28 0.026734112 
655 425 13 18 0.026543198 
661 155 22 30 0.026477968 
517 266 16 22 0.026160806 
320 161 17 21 0.02596961 
831 323 21 21 0.025705878 
316 147 23 29 0.025615199 
773 135 42 66 0.025436934 
841 176 58 75 0.025205033 
468 283 14 19 0.025121484 
557 243 20 27 0.024892183 
802 129 32 39 0.024846345 
292 327 20 19 0.024632793 
718 130 26 29 0.024529917 
316 324 12 15 0.023354895 
681 155 23 29 0.023056729 
247 170 12 16 0.022842668 
230 412 25 24 0.022828683 
447 232 22 27 0.0223516 
-33 -41 395 537 0.021527242 
582 288 13 18 0.021245241 
673 226 26 31 0.021234019 
535 148 29 35 0.021070488 
655 184 27 37 0.020967666 
321 205 27 32 0.020963985 
130 207 21 26 0.020769995 
700 118 27 34 0.020761326 
435 200 16 21 0.02053795 
717 354 14 17 0.020336516 
602 208 20 27 0.020158926 
