12_Group_Large_Group_12_Group_Large_Group_12_295
71
430 328 33 43 0.96792734 
615 295 11 14 0.90841466 
584 291 9 12 0.9079694 
555 294 10 13 0.8437358 
505 337 15 19 0.8328938 
540 300 10 12 0.79483986 
276 292 12 17 0.75023943 
578 277 8 11 0.669164 
667 277 11 16 0.6469171 
507 307 11 14 0.6258839 
485 271 10 11 0.4370594 
536 270 7 9 0.36617902 
497 287 10 12 0.25828516 
454 283 11 14 0.21519995 
485 292 9 11 0.14469525 
543 284 9 11 0.12603816 
504 272 9 10 0.11979033 
610 317 10 14 0.113130376 
509 270 8 11 0.107087485 
616 356 25 43 0.08798638 
527 312 9 11 0.07632992 
588 317 11 16 0.0738376 
313 311 10 12 0.06743433 
502 277 9 10 0.06254969 
584 316 10 14 0.059403505 
582 311 9 11 0.052681338 
502 247 8 9 0.04486309 
500 291 10 12 0.044735596 
481 288 8 11 0.04199031 
49 277 22 36 0.041557558 
632 311 9 13 0.041468803 
406 283 10 13 0.040887244 
601 295 8 10 0.040309593 
570 319 9 12 0.040188618 
485 247 10 12 0.03978972 
574 316 10 13 0.039573852 
562 279 7 9 0.037287485 
448 284 13 15 0.036759917 
576 312 10 12 0.03485594 
461 292 11 14 0.03266787 
541 270 8 10 0.029791944 
693 317 12 13 0.029668102 
591 310 9 13 0.029099505 
531 271 7 9 0.029026246 
717 281 14 17 0.02800628 
317 313 11 14 0.027812805 
437 275 10 12 0.027639175 
470 301 8 10 0.02621733 
496 302 9 13 0.025934113 
595 324 12 15 0.02584741 
499 280 8 10 0.02560373 
610 294 9 13 0.025119022 
273 282 25 29 0.024891665 
495 324 13 18 0.024666375 
558 350 11 16 0.02429992 
463 299 10 12 0.023482922 
597 314 11 16 0.023056665 
510 328 14 18 0.022725333 
519 303 8 11 0.02270873 
529 279 8 10 0.022564106 
260 237 46 55 0.022135228 
499 327 15 18 0.021881329 
266 365 9 12 0.02149563 
499 271 9 11 0.021327505 
537 285 9 11 0.021120435 
565 279 8 11 0.021097759 
640 243 9 13 0.020680683 
722 276 14 16 0.020639168 
471 278 9 12 0.020160047 
723 321 15 16 0.020104792 
472 263 8 11 0.020044627 
