12_Group_Large_Group_12_Group_Large_Group_12_286
70
800 227 68 97 0.99833184 
493 241 28 36 0.9975313 
0 195 29 37 0.9962754 
86 156 46 66 0.9950712 
284 156 42 57 0.99410325 
970 256 17 21 0.9856424 
1003 264 20 26 0.9718309 
596 246 22 31 0.9609559 
918 262 13 17 0.96019477 
417 260 47 78 0.9488898 
724 247 18 25 0.86824095 
264 222 36 58 0.85316265 
486 218 17 23 0.80347836 
411 215 16 21 0.6648085 
565 258 14 17 0.49627525 
747 239 52 63 0.41441512 
162 212 16 19 0.4107771 
645 220 12 16 0.33678606 
901 257 14 22 0.3013585 
746 223 23 32 0.19758531 
138 195 24 29 0.18900292 
356 159 13 16 0.16507474 
571 255 14 17 0.13225785 
975 213 8 10 0.12739474 
1002 188 9 11 0.119992346 
147 203 22 28 0.119421504 
487 224 24 28 0.10773194 
404 732 44 34 0.09077785 
157 206 15 22 0.09066359 
837 652 11 15 0.07904274 
908 257 12 21 0.07714562 
399 215 23 25 0.075500175 
146 189 14 17 0.0739098 
440 222 12 15 0.06581209 
970 213 8 11 0.060144607 
709 246 10 14 0.055682 
322 194 14 19 0.054969657 
524 250 463 548 0.051616378 
155 214 24 29 0.05043327 
591 120 9 11 0.050104626 
749 232 40 41 0.049469404 
744 228 14 20 0.04776727 
811 651 12 18 0.04769971 
605 260 36 49 0.042597555 
805 191 10 11 0.04079085 
911 206 10 12 0.03950473 
942 254 9 11 0.037584513 
396 214 16 19 0.0351984 
540 264 10 13 0.035179522 
889 206 12 16 0.034021083 
959 212 9 12 0.03343167 
435 257 35 53 0.032691956 
803 197 12 15 0.03206628 
373 6 13 12 0.030373378 
973 219 10 14 0.028981771 
990 252 11 15 0.027047774 
728 234 38 50 0.026651276 
749 269 33 42 0.026611704 
975 228 10 12 0.02538143 
167 215 16 20 0.02464319 
476 212 14 19 0.02347036 
541 141 10 13 0.022277523 
822 191 8 11 0.021915443 
502 205 9 11 0.0216139 
622 264 24 29 0.0214813 
567 144 7 10 0.020887354 
446 212 12 14 0.020781152 
310 183 26 36 0.020757856 
969 209 8 10 0.020322667 
136 206 38 45 0.020233147 
