12_Group_Team_Organized_Group_12_Group_Team_Organized_Group_12_340
29
324 111 58 79 0.9995701 
608 35 53 68 0.99918944 
285 3 52 67 0.998988 
38 0 49 56 0.9977331 
135 2 45 58 0.9977283 
476 0 40 49 0.996636 
530 30 49 68 0.99558073 
382 4 44 52 0.9872 
88 0 39 40 0.9835735 
361 0 32 44 0.97952795 
932 46 37 48 0.9766609 
846 74 41 49 0.975606 
0 63 38 70 0.9485312 
20 79 34 50 0.75099146 
64 -2 44 51 0.547509 
529 0 37 25 0.32792866 
685 2 25 27 0.32399547 
433 0 29 26 0.19204058 
689 60 29 44 0.035874 
725 81 47 57 0.035049587 
339 80 39 45 0.03371239 
240 0 41 50 0.031170558 
499 44 43 57 0.027588114 
32 89 21 31 0.0252822 
892 142 53 58 0.024776636 
56 144 9 11 0.02444451 
846 144 45 60 0.023340594 
222 1 38 36 0.021737961 
252 0 35 28 0.020537369 
