12_Group_Large_Group_12_Group_Large_Group_12_86
324
901 406 10 12 0.86261463 
958 396 9 11 0.8594063 
702 395 9 12 0.85760576 
824 396 9 12 0.8548249 
717 399 9 12 0.8485244 
917 407 10 13 0.84705913 
620 395 9 12 0.6819953 
673 398 9 11 0.6750964 
965 408 9 12 0.6381392 
599 392 8 12 0.59749794 
687 438 8 11 0.5968361 
575 460 9 11 0.5312329 
878 380 9 11 0.53107536 
463 355 13 18 0.5061146 
749 399 9 11 0.5031597 
404 391 11 13 0.48358586 
653 396 9 11 0.44293958 
799 399 8 10 0.44273442 
702 436 9 11 0.43170282 
872 400 9 12 0.40204602 
578 390 8 10 0.3851444 
928 414 9 12 0.36004287 
856 397 8 10 0.34189314 
302 391 8 9 0.2782971 
983 406 9 11 0.2570693 
840 406 8 11 0.24551402 
456 382 9 11 0.24261194 
274 388 8 11 0.24108866 
992 401 8 10 0.23717491 
849 398 8 10 0.23257473 
787 421 7 10 0.22639795 
769 399 7 10 0.21616958 
634 397 8 11 0.1924255 
462 400 14 18 0.18964668 
913 393 8 10 0.18746348 
938 382 8 11 0.18713064 
492 482 10 14 0.18479948 
775 401 7 9 0.1841077 
730 396 8 11 0.17059022 
831 407 8 11 0.16581148 
921 382 8 9 0.1647823 
467 359 14 18 0.16326576 
46 361 9 11 0.15975344 
657 445 11 15 0.15894113 
359 408 13 18 0.1558078 
639 392 9 11 0.1449704 
944 414 9 12 0.14437132 
648 393 9 10 0.14364439 
384 382 7 9 0.1433721 
878 418 13 17 0.14215861 
985 412 9 12 0.120395504 
986 400 9 10 0.11892005 
817 417 8 10 0.11810292 
866 405 7 10 0.115531094 
726 384 8 9 0.11410017 
994 404 8 12 0.11173578 
944 396 8 10 0.11139687 
663 419 8 11 0.108786285 
840 445 10 13 0.10866148 
738 429 10 14 0.10731741 
544 412 8 10 0.107006945 
697 437 9 12 0.106516115 
933 415 9 12 0.104272 
501 406 11 15 0.096478514 
510 404 11 14 0.09554803 
248 385 8 9 0.09530485 
673 393 8 11 0.09354835 
210 381 7 10 0.09190882 
813 436 8 10 0.091437414 
672 431 9 11 0.08968577 
751 393 8 10 0.0886842 
842 400 7 10 0.08829359 
437 364 9 11 0.087668635 
464 387 12 16 0.084697686 
263 382 8 10 0.08433655 
830 414 9 11 0.08278597 
400 377 7 9 0.08234458 
942 391 8 11 0.081004016 
560 392 7 9 0.0804443 
996 430 14 22 0.080292866 
408 367 8 10 0.07703054 
468 351 13 17 0.07684617 
863 400 8 10 0.07665936 
200 368 8 10 0.075709164 
928 407 9 11 0.074815705 
736 414 8 11 0.073221415 
758 445 8 10 0.07282413 
342 378 13 16 0.07238692 
728 391 8 11 0.072325274 
902 429 8 11 0.07231657 
998 401 8 10 0.07147 
234 382 8 9 0.06938588 
571 461 9 11 0.06908176 
403 430 12 15 0.067713656 
637 396 9 11 0.06761273 
595 391 8 11 0.06718489 
809 389 8 10 0.066928096 
655 421 7 10 0.06626123 
531 477 15 21 0.06577847 
798 422 9 10 0.064797685 
225 367 8 10 0.06322422 
990 413 9 12 0.06317654 
753 441 9 11 0.06288195 
719 430 11 13 0.06145492 
977 406 8 12 0.061379768 
898 429 8 11 0.061222054 
832 382 8 10 0.060313698 
145 382 7 10 0.05964367 
509 496 9 11 0.057990294 
133 358 13 15 0.05778001 
126 384 7 10 0.05742002 
541 444 9 12 0.057212554 
30 364 8 11 0.05665819 
405 405 12 14 0.054936457 
934 405 8 11 0.054092642 
863 428 13 17 0.053737894 
831 419 8 11 0.0531251 
389 406 9 12 0.053115625 
683 437 8 11 0.052502837 
490 342 15 18 0.052328207 
325 397 12 21 0.052297156 
621 451 9 11 0.051868204 
961 384 7 9 0.051594064 
799 416 8 10 0.051423162 
43 365 8 10 0.050887365 
239 383 8 9 0.050435502 
831 448 10 12 0.05035332 
559 398 8 10 0.050305307 
570 404 7 10 0.049826946 
250 389 7 9 0.049817592 
129 366 9 12 0.049176555 
888 398 8 9 0.04816554 
789 376 8 10 0.047905877 
55 395 10 12 0.047432598 
1008 398 8 10 0.04730655 
383 377 7 9 0.046879813 
672 423 8 10 0.046516355 
687 397 9 11 0.046005424 
829 438 10 11 0.045217626 
380 426 13 16 0.044855747 
737 422 9 12 0.04455775 
709 477 9 11 0.043984093 
917 399 8 10 0.043670002 
278 359 7 9 0.042479753 
868 435 9 13 0.042394247 
967 382 8 10 0.04237085 
838 451 9 11 0.041426208 
543 389 8 11 0.041312326 
461 383 12 15 0.041196134 
614 409 8 10 0.041127693 
605 390 8 10 0.040666856 
679 432 8 11 0.04064315 
696 421 10 13 0.040017996 
723 435 12 14 0.03999455 
819 397 9 11 0.039772715 
861 421 12 17 0.039491195 
400 403 11 14 0.03932112 
701 423 10 12 0.039234426 
801 438 8 10 0.039046235 
809 434 8 10 0.03870567 
756 426 13 14 0.03867716 
457 355 10 16 0.038484335 
897 425 8 10 0.037990373 
312 392 7 9 0.037974548 
447 380 8 12 0.03781792 
226 374 7 9 0.03773542 
391 381 8 10 0.036881223 
71 372 8 11 0.03679265 
552 391 8 10 0.03672604 
558 444 9 11 0.036539648 
720 393 8 11 0.036260262 
9 366 7 10 0.035227578 
401 381 8 9 0.035090327 
560 479 10 13 0.034527164 
768 405 8 10 0.034521315 
535 384 9 11 0.034464497 
725 421 10 12 0.034397155 
826 404 8 12 0.034333497 
517 362 11 15 0.03432221 
475 363 13 16 0.034217406 
529 384 10 12 0.034049373 
560 374 7 10 0.03386331 
999 411 9 13 0.033852845 
591 238 405 490 0.03367609 
938 388 9 12 0.033658493 
953 382 7 9 0.03330037 
378 383 8 10 0.033208754 
437 342 11 13 0.033089813 
728 415 9 12 0.032944538 
874 404 10 12 0.0328988 
576 386 8 10 0.03245446 
345 386 14 15 0.031690005 
1014 398 8 11 0.031681053 
646 416 10 12 0.03153107 
128 356 12 15 0.031439107 
619 448 9 11 0.031329535 
537 445 9 12 0.031265207 
574 406 8 10 0.031070754 
723 383 7 9 0.030957581 
754 383 7 9 0.03084326 
144 377 9 10 0.030819895 
534 399 10 12 0.030672397 
929 400 7 10 0.03062283 
873 456 11 13 0.030434314 
348 371 13 19 0.03023526 
703 414 9 11 0.030131117 
232 377 7 9 0.03011029 
527 469 12 15 0.030077813 
775 422 7 9 0.029961806 
214 377 7 9 0.029697828 
1014 405 8 12 0.029393043 
800 430 8 10 0.02936655 
449 475 10 13 0.029292878 
768 423 8 11 0.029279307 
408 373 7 10 0.029138722 
257 384 8 10 0.029041639 
123 383 7 9 0.028920067 
559 422 9 10 0.02888061 
806 399 8 11 0.028854372 
255 389 7 10 0.028687237 
760 391 7 10 0.028458966 
762 398 8 9 0.0284439 
442 380 8 11 0.028149238 
610 414 8 10 0.028128143 
367 390 9 11 0.028106619 
809 415 8 11 0.02772378 
767 428 9 12 0.027703848 
425 389 8 11 0.02766204 
375 389 8 10 0.027465139 
314 376 7 9 0.027341368 
921 377 8 9 0.027277514 
326 392 11 16 0.02723332 
673 373 8 10 0.02719481 
754 421 11 13 0.027161753 
657 441 9 13 0.026902573 
576 483 15 18 0.026885943 
532 458 12 15 0.026885409 
633 393 8 11 0.02685815 
460 386 22 28 0.026623689 
146 390 7 11 0.026577475 
943 419 8 11 0.026492342 
178 376 7 10 0.026479581 
744 434 9 12 0.026419865 
394 377 7 9 0.026365194 
336 370 9 15 0.026320785 
808 405 8 10 0.026216038 
275 367 8 10 0.026154296 
576 398 8 10 0.02608414 
911 460 12 16 0.025933558 
759 416 10 11 0.025877107 
226 383 7 8 0.025816377 
656 402 9 13 0.025802448 
942 407 10 12 0.025778236 
666 391 7 10 0.025719143 
639 416 12 13 0.025685247 
653 428 8 11 0.02545352 
181 375 8 10 0.025434552 
568 390 7 9 0.025422843 
824 414 8 11 0.02523814 
696 416 10 12 0.025189262 
168 375 7 10 0.025183056 
842 462 9 14 0.025009435 
506 408 12 16 0.024891365 
825 447 11 12 0.024687432 
559 385 7 9 0.024377266 
999 390 8 10 0.02437415 
241 400 7 8 0.024330955 
800 394 8 9 0.024330376 
883 426 11 14 0.024327325 
843 439 11 14 0.024324235 
417 367 8 11 0.024182383 
537 405 8 11 0.023910688 
994 384 8 10 0.02383727 
560 471 9 11 0.023832045 
1008 406 9 12 0.023769328 
542 373 7 9 0.02372638 
154 367 7 10 0.023673264 
1015 391 7 11 0.023651557 
991 419 8 11 0.023558209 
856 421 10 13 0.023542853 
14 366 7 10 0.023452539 
830 431 9 11 0.023369808 
790 380 8 10 0.023280358 
512 347 10 13 0.023258029 
1009 393 8 10 0.023221983 
544 495 9 11 0.023102604 
795 405 8 10 0.023053098 
782 438 9 11 0.022979729 
814 384 8 10 0.02284489 
12 388 10 11 0.022716012 
737 375 7 8 0.022590881 
766 454 8 11 0.022300476 
320 391 8 11 0.022236854 
639 404 9 11 0.022210153 
128 373 8 10 0.022070896 
825 420 8 11 0.022058591 
554 397 8 10 0.022025274 
767 414 7 10 0.021768905 
813 455 9 11 0.021529121 
733 407 9 11 0.021495607 
320 407 12 20 0.02130891 
358 373 9 14 0.021221478 
759 384 7 9 0.02104191 
906 375 7 10 0.02097929 
855 413 10 12 0.020976948 
614 429 9 11 0.020962525 
912 424 7 9 0.020941608 
390 427 10 14 0.020793078 
646 427 11 13 0.02078284 
709 436 9 12 0.020744948 
996 422 11 17 0.020737316 
592 385 8 10 0.020703012 
501 428 12 16 0.020658132 
359 399 13 19 0.020597441 
628 447 10 13 0.020581877 
160 412 9 11 0.020573754 
1013 412 9 14 0.02040862 
413 405 10 13 0.020276692 
916 391 9 11 0.020244544 
914 410 10 13 0.020220332 
420 443 11 14 0.020128002 
735 460 9 12 0.020107722 
712 382 8 9 0.02006405 
965 390 8 10 0.020061053 
