12_Group_Group_12_Group_Group_12_227
33
549 281 32 40 0.9994492 
838 194 29 38 0.99943024 
732 187 29 36 0.99934906 
694 217 33 39 0.9993093 
637 153 31 37 0.99928457 
327 220 30 39 0.99920684 
604 220 33 39 0.9990791 
240 179 29 37 0.99904245 
730 268 37 42 0.9990074 
386 307 35 42 0.998949 
567 185 27 36 0.998868 
338 155 29 36 0.9988607 
810 258 32 41 0.99883884 
716 147 30 37 0.998604 
472 123 28 38 0.998599 
647 276 30 41 0.998533 
445 151 29 37 0.9985195 
181 258 36 45 0.99850094 
300 259 33 40 0.99848443 
424 225 32 40 0.9983986 
512 226 31 40 0.9983941 
396 183 30 36 0.99826294 
298 182 30 37 0.9981426 
478 274 32 42 0.99803644 
239 275 35 43 0.9977755 
380 127 27 32 0.9976236 
649 205 30 38 0.99751115 
389 243 36 43 0.9970697 
555 135 26 37 0.996727 
486 200 30 36 0.9960097 
590 277 41 56 0.9928284 
49 398 9 11 0.048892427 
47 412 13 15 0.022718098 
