9_Press_Conference_Press_Conference_9_60
24
768 390 26 33 0.9984226 
680 393 30 38 0.997962 
862 401 28 35 0.99722373 
392 386 31 38 0.9968656 
553 312 31 42 0.9965223 
261 396 32 42 0.9958702 
120 383 30 39 0.99540114 
774 524 24 50 0.1814033 
541 462 24 32 0.16256306 
938 458 26 44 0.12841941 
336 580 67 63 0.10800355 
461 303 33 36 0.08670161 
982 442 21 36 0.07930574 
948 470 39 38 0.07455955 
820 471 18 21 0.054581657 
308 486 40 35 0.050376598 
549 526 42 55 0.030883959 
975 453 26 40 0.0279154 
357 545 48 63 0.026157597 
1013 462 9 16 0.026060505 
587 729 33 38 0.025972806 
712 358 8 11 0.025486842 
433 366 9 12 0.022570312 
772 507 23 49 0.02094455 
