9_Press_Conference_Press_Conference_9_12
74
107 221 32 39 0.99741226 
932 208 35 51 0.9899492 
673 260 16 20 0.9814471 
263 305 17 21 0.98068833 
390 312 20 27 0.97534764 
317 317 21 25 0.9724419 
616 288 15 20 0.96942747 
181 255 19 22 0.9634966 
513 292 13 17 0.96296924 
567 286 14 18 0.9604445 
803 430 31 56 0.9463191 
197 313 22 25 0.85164434 
205 339 18 29 0.75704455 
52 245 9 11 0.7352037 
831 303 19 21 0.49871734 
18 247 9 11 0.46849748 
817 332 41 51 0.4609275 
319 239 13 18 0.24826443 
456 500 35 50 0.23963718 
258 330 15 21 0.202473 
151 276 9 12 0.19862035 
326 235 13 19 0.18361382 
417 344 19 26 0.16505918 
99 333 24 26 0.16025062 
158 277 9 12 0.15885848 
639 491 58 50 0.12342732 
70 262 9 13 0.11114616 
190 235 10 13 0.10504177 
697 347 23 33 0.09917576 
117 386 21 34 0.097287245 
750 298 16 21 0.080569655 
46 261 9 12 0.08051057 
475 351 16 24 0.07783917 
330 230 12 17 0.06929477 
285 426 28 59 0.064984836 
300 236 12 17 0.056784626 
197 325 21 26 0.05420198 
645 351 15 24 0.053766433 
64 248 8 10 0.053615946 
6 278 11 13 0.053155206 
198 238 10 12 0.052438397 
708 199 24 31 0.05106365 
722 286 12 15 0.04674801 
286 162 46 45 0.045415588 
21 250 10 12 0.04515436 
1 278 9 13 0.04394606 
185 238 10 13 0.041749645 
72 247 7 10 0.041517675 
340 313 16 21 0.04054292 
292 352 14 25 0.03979264 
65 259 10 14 0.03905518 
726 362 22 35 0.039040603 
425 351 15 20 0.03698435 
64 255 9 11 0.036144286 
4 282 13 17 0.0358721 
469 346 16 26 0.03452378 
247 331 16 21 0.033913866 
835 324 16 17 0.03241318 
701 290 12 14 0.030806078 
661 356 22 26 0.029332846 
7 272 10 13 0.028421914 
232 351 17 21 0.027696442 
5 291 11 15 0.027228871 
70 253 10 13 0.02711133 
208 233 10 11 0.025555037 
732 140 10 12 0.024507387 
17 301 10 13 0.024345623 
674 355 13 19 0.02421623 
14 270 9 13 0.023740513 
0 261 9 13 0.02207578 
0 254 8 11 0.021394838 
750 287 28 26 0.02055777 
318 232 11 15 0.020538837 
164 276 8 12 0.020228345 
