9_Press_Conference_Press_Conference_9_655
58
885 210 30 41 0.9984888 
956 214 30 43 0.9983967 
366 227 29 41 0.998198 
64 206 24 31 0.9980738 
162 205 27 32 0.9980451 
306 201 26 32 0.9978161 
199 190 24 31 0.9977857 
942 184 27 37 0.9976998 
759 208 27 38 0.99750936 
499 224 34 43 0.9969531 
847 188 24 32 0.99627316 
579 213 29 35 0.99579066 
794 241 48 62 0.99558073 
651 203 24 31 0.99407476 
661 218 40 60 0.9935495 
466 192 19 22 0.9930721 
136 224 22 31 0.9923971 
421 192 22 28 0.98986804 
393 197 22 27 0.98251 
726 189 24 30 0.9697232 
235 219 22 25 0.9589673 
709 186 24 33 0.9455254 
136 200 21 26 0.94523615 
546 187 22 25 0.94403064 
344 213 20 28 0.87947154 
1007 205 16 39 0.86737204 
487 201 21 29 0.74479365 
117 218 18 21 0.6322875 
644 225 13 21 0.45214254 
646 212 21 37 0.21025759 
485 508 16 26 0.18398713 
464 253 17 23 0.13246186 
494 203 24 36 0.10563636 
469 485 11 13 0.093135305 
462 491 12 14 0.09259129 
446 477 14 17 0.09044079 
680 198 21 22 0.06474941 
451 481 15 17 0.054784086 
421 502 10 11 0.053908642 
356 212 21 29 0.053476077 
514 195 21 23 0.046467412 
444 468 25 29 0.042199735 
456 494 13 14 0.041360624 
460 478 16 17 0.037915085 
112 204 20 26 0.036891744 
133 218 16 25 0.036698136 
452 192 14 22 0.035225008 
620 195 19 29 0.03373143 
747 223 22 30 0.032882288 
359 524 13 17 0.0325473 
111 194 18 20 0.028269608 
344 191 22 26 0.027373187 
423 508 11 13 0.025964605 
341 201 23 28 0.025690565 
228 202 17 25 0.025147106 
145 221 24 29 0.023232803 
441 476 12 18 0.021725973 
412 199 16 23 0.020030374 
