9_Press_Conference_Press_Conference_9_552
27
382 121 253 351 0.9997198 
448 1432 17 23 0.4456228 
353 1218 23 32 0.064252354 
456 1436 23 26 0.059343148 
400 1220 18 19 0.05647578 
450 1251 16 19 0.052434184 
370 1445 16 17 0.0523732 
366 1442 14 17 0.049019936 
429 1354 14 20 0.04629727 
353 1411 15 17 0.038928073 
533 1372 10 13 0.036424283 
466 1441 20 22 0.034987506 
213 80 585 653 0.033176642 
401 1228 18 22 0.028895676 
436 1260 13 17 0.028594358 
345 1291 18 19 0.02832542 
421 1245 26 32 0.026889423 
436 1360 13 19 0.026114883 
401 1325 17 23 0.025857763 
378 1371 24 36 0.024697095 
421 1250 15 18 0.022933431 
374 1293 14 16 0.022593498 
558 1371 10 13 0.021483527 
444 1217 16 18 0.02116958 
396 1212 16 19 0.020786889 
418 1282 19 21 0.020737737 
378 1318 16 20 0.020008437 
