9_Press_Conference_Press_Conference_9_40
54
751 118 28 36 0.99891543 
715 159 31 36 0.9984028 
109 186 16 20 0.9951729 
51 224 18 23 0.99325836 
299 177 15 18 0.99325836 
459 157 17 21 0.99174315 
188 180 15 19 0.99091583 
221 231 36 52 0.989287 
405 161 16 23 0.98725766 
464 178 18 23 0.98373634 
373 177 12 16 0.9835186 
333 180 12 15 0.98219866 
246 170 13 16 0.98129016 
206 172 14 18 0.979878 
13 169 18 23 0.9786063 
369 235 19 24 0.9777002 
694 159 20 29 0.97624105 
896 169 36 42 0.9675473 
527 168 20 27 0.96578395 
976 176 48 41 0.92617285 
511 167 15 20 0.9192627 
353 168 14 17 0.9080849 
422 164 18 24 0.89852875 
590 129 25 29 0.8661246 
324 229 22 45 0.74912214 
663 173 21 27 0.5460385 
261 216 17 22 0.53192717 
586 140 23 25 0.42844588 
565 169 13 18 0.4089968 
707 159 24 33 0.31537107 
417 281 20 33 0.16735138 
582 159 21 23 0.12214225 
598 170 14 20 0.08220508 
862 171 14 19 0.0727587 
673 176 22 28 0.06705646 
917 133 34 38 0.06392167 
443 174 15 17 0.05934622 
329 219 16 25 0.056427065 
579 116 10 14 0.051275913 
819 176 23 36 0.050099187 
504 169 12 19 0.04617434 
367 174 13 17 0.04570156 
577 112 8 11 0.040127307 
220 197 12 14 0.039763752 
560 165 13 16 0.03837007 
960 159 41 52 0.033402834 
365 228 17 21 0.029933374 
452 176 14 19 0.029029312 
920 158 27 33 0.027712414 
460 170 17 22 0.027028002 
645 230 24 34 0.025541976 
422 159 13 17 0.023349736 
80 206 7 9 0.02289631 
250 178 12 15 0.022212744 
