9_Press_Conference_Press_Conference_9_872
28
414 332 207 271 0.99984825 
290 475 33 33 0.3000269 
481 950 64 100 0.23486356 
452 831 16 21 0.19220167 
65 473 49 62 0.1794202 
280 470 29 37 0.1650416 
479 808 9 12 0.153503 
252 436 43 68 0.076829895 
494 817 8 12 0.07010977 
445 791 13 16 0.06982973 
249 433 26 39 0.056677584 
982 1091 22 33 0.040694218 
509 952 60 89 0.03983987 
954 593 26 32 0.039109003 
245 451 31 53 0.037159674 
484 811 9 13 0.034952417 
991 1090 26 36 0.029848747 
543 911 40 64 0.027346581 
451 812 11 13 0.026499385 
273 443 31 54 0.025422014 
630 243 10 12 0.024433022 
339 1173 54 69 0.02374081 
235 464 50 69 0.023237564 
936 820 14 18 0.02197639 
491 820 8 12 0.021174245 
550 799 9 11 0.020439155 
268 511 33 48 0.020064846 
251 480 52 67 0.020017434 
