15_Stock_Market_Stock_Market_15_286
34
622 216 59 73 0.9975205 
687 134 89 112 0.9969524 
485 245 41 50 0.9731645 
308 219 28 32 0.16346252 
567 273 25 30 0.15679885 
371 239 23 28 0.12772642 
323 218 18 19 0.090080015 
416 233 30 37 0.08245489 
307 211 15 18 0.07771347 
297 213 28 32 0.07046484 
422 229 14 17 0.065730326 
390 259 36 39 0.06562755 
315 217 18 21 0.056114085 
424 235 16 18 0.0363919 
319 223 26 32 0.036146622 
423 178 12 16 0.03193955 
352 364 26 31 0.03057299 
331 242 34 38 0.029396793 
423 179 21 29 0.029114436 
437 193 15 18 0.02798262 
401 237 14 18 0.027249089 
400 237 25 31 0.025786165 
294 204 13 20 0.025581418 
384 110 9 11 0.025512516 
392 280 30 40 0.02525798 
300 205 13 18 0.024258688 
352 204 9 12 0.023054851 
313 229 41 45 0.022419995 
328 255 39 47 0.022358188 
415 235 13 17 0.022126185 
430 151 8 11 0.0220098 
329 226 16 20 0.021614203 
468 111 13 14 0.020761134 
518 74 29 38 0.02072453 
