15_Stock_Market_Stock_Market_15_554
18
348 116 85 124 0.99764204 
494 202 91 115 0.9974598 
222 87 144 197 0.99321294 
677 217 39 50 0.9748956 
-1 177 68 102 0.9561008 
749 251 14 23 0.3499921 
699 222 21 38 0.16370189 
741 254 21 29 0.13892001 
115 178 22 30 0.09321439 
790 213 13 14 0.06786014 
194 97 51 74 0.034386225 
572 350 15 19 0.03065352 
281 93 155 184 0.02960777 
586 -2 380 491 0.028371882 
735 134 13 15 0.026973061 
577 2 46 53 0.026573472 
115 176 36 46 0.025218895 
643 379 32 55 0.020352518 
