15_Stock_Market_Stock_Market_15_706
26
331 200 168 228 0.9991652 
128 313 28 40 0.6902137 
155 302 25 37 0.39828277 
95 315 23 31 0.17286119 
700 316 20 21 0.1497956 
106 286 14 18 0.1309339 
803 291 14 18 0.11604709 
220 314 23 29 0.058504786 
976 442 12 16 0.044638447 
798 365 19 27 0.035445992 
640 315 11 15 0.033660654 
75 367 17 21 0.032319177 
-1 381 38 64 0.031587385 
829 260 14 16 0.030052999 
894 321 16 20 0.029734744 
915 273 17 19 0.029026503 
682 347 27 36 0.027910594 
0 372 27 46 0.027627697 
67 49 17 19 0.027476437 
919 307 12 14 0.025594227 
858 284 16 18 0.02453614 
774 354 15 20 0.023271896 
44 64 18 24 0.02326195 
1004 440 16 21 0.022986911 
0 347 14 21 0.0228318 
151 280 43 60 0.02148521 
