47_Matador_Bullfighter_Matador_Bullfighter_47_631
29
731 85 40 65 0.9498249 
361 36 66 76 0.7060629 
881 13 18 21 0.21656145 
948 3 24 29 0.15195659 
91 48 15 18 0.15117826 
722 14 18 23 0.14288232 
557 53 21 26 0.11977862 
643 53 18 22 0.119133994 
685 79 23 28 0.083425894 
696 112 19 21 0.07608523 
570 2 20 24 0.06076306 
151 55 15 20 0.060393438 
984 72 19 22 0.044986002 
251 323 26 33 0.044422586 
124 0 16 12 0.038406264 
769 3 20 24 0.035833187 
834 18 18 22 0.028316187 
322 45 109 99 0.026090765 
425 353 225 225 0.026017874 
689 15 20 23 0.025759375 
358 255 367 392 0.024178967 
927 0 38 33 0.023986772 
606 480 65 81 0.023653105 
371 63 40 49 0.022625616 
875 6 18 20 0.021919092 
658 126 18 23 0.021657797 
974 110 23 27 0.021313133 
500 3 22 27 0.020843955 
691 95 25 35 0.020201566 
