47_Matador_Bullfighter_matadorbullfighting_47_236
126
390 276 94 109 0.99832267 
68 197 17 21 0.98507917 
35 191 16 21 0.9832449 
389 191 22 26 0.9680904 
750 48 14 17 0.9654818 
110 194 19 23 0.94920695 
716 107 21 25 0.9475789 
946 48 16 20 0.9474534 
352 196 18 22 0.9432699 
265 204 21 27 0.9222133 
278 120 17 20 0.9012325 
681 43 14 18 0.9000788 
85 106 19 24 0.8916535 
831 129 20 23 0.89144313 
388 138 16 20 0.8680961 
155 136 17 21 0.8452749 
990 96 20 26 0.8351078 
793 116 19 24 0.83242357 
453 185 23 29 0.8278094 
589 129 19 20 0.76937747 
267 71 14 18 0.73386914 
157 178 19 21 0.7331097 
602 191 18 21 0.6657347 
728 182 17 22 0.6592001 
418 125 14 20 0.6237281 
123 179 18 21 0.59022397 
437 129 15 17 0.55770236 
524 112 20 23 0.4492756 
224 255 11 14 0.36212063 
94 185 14 17 0.2770512 
216 205 13 17 0.25841135 
97 152 14 17 0.24991481 
254 180 14 20 0.2479961 
151 129 18 21 0.2120024 
58 169 14 16 0.18614069 
387 147 18 21 0.12728569 
854 157 13 16 0.124981195 
183 236 14 16 0.12161584 
67 131 17 20 0.11975353 
779 122 12 17 0.1152137 
352 929 410 393 0.10887595 
425 127 19 25 0.099810176 
151 256 16 21 0.09787971 
233 207 14 17 0.09761634 
747 86 20 21 0.09592168 
546 202 19 23 0.08729312 
704 178 14 17 0.08709313 
638 185 12 17 0.08279268 
518 122 16 23 0.08036798 
930 83 15 22 0.07330137 
824 130 14 19 0.073130384 
188 109 12 15 0.070905924 
1012 112 12 18 0.06956885 
963 82 13 17 0.06549769 
238 118 13 17 0.06404668 
0 181 8 18 0.06287409 
293 176 23 26 0.061732344 
486 164 10 12 0.061285798 
639 172 11 15 0.05960601 
217 131 17 19 0.05897961 
53 210 14 18 0.05859523 
366 182 17 18 0.058019836 
64 139 14 18 0.05603999 
485 284 16 21 0.05428542 
879 104 14 17 0.046920974 
813 160 15 19 0.04565631 
928 169 19 18 0.043868326 
621 177 16 18 0.04202012 
571 49 21 29 0.041254256 
770 265 22 28 0.04039009 
644 168 15 18 0.040049154 
622 186 14 17 0.039133515 
383 133 17 21 0.039125785 
123 191 16 20 0.03898476 
190 132 13 18 0.038824927 
161 202 17 21 0.03848154 
645 188 11 15 0.037165 
179 190 13 17 0.03513652 
740 89 19 20 0.034322023 
716 206 14 17 0.034114093 
355 170 13 18 0.032446705 
200 107 11 14 0.031764492 
76 139 14 18 0.031670656 
683 190 13 17 0.03125925 
626 171 15 20 0.030650925 
898 163 18 19 0.030596584 
341 202 13 18 0.030583372 
44 106 17 21 0.030570587 
36 220 13 15 0.030382795 
782 114 19 26 0.029465552 
156 196 17 19 0.029270513 
66 169 13 17 0.02925585 
100 212 12 15 0.028754849 
97 800 611 580 0.028638579 
568 27 23 27 0.028591182 
562 143 14 19 0.028551599 
196 583 20 20 0.027320094 
41 179 15 17 0.027163649 
836 242 11 13 0.02707819 
464 190 17 23 0.026381552 
978 41 15 17 0.026358096 
777 99 16 20 0.026240664 
878 155 11 15 0.02605794 
820 157 12 19 0.026057428 
415 135 15 20 0.025840428 
982 0 21 20 0.025470722 
652 189 11 15 0.025013441 
591 109 14 16 0.024646696 
495 187 13 17 0.024625452 
596 97 14 17 0.023723597 
719 181 12 15 0.023453373 
542 105 13 19 0.023261799 
120 172 14 17 0.023046916 
790 126 18 22 0.022808481 
293 199 21 28 0.02260484 
431 181 21 28 0.022526864 
195 140 14 16 0.022502838 
83 144 14 16 0.022216395 
587 183 13 17 0.02179484 
903 141 14 17 0.021712977 
64 125 16 18 0.021672808 
772 181 11 13 0.021570338 
773 199 9 12 0.021376288 
52 195 12 17 0.021314837 
882 146 17 19 0.021060402 
274 74 14 17 0.02036004 
