47_Matador_Bullfighter_matadorbullfighting_47_511
1400
68 80 9 12 0.76967007 
32 69 8 11 0.74423283 
0 114 9 12 0.7089679 
412 255 9 10 0.69375104 
991 97 8 11 0.654624 
637 295 10 12 0.6337316 
814 560 16 19 0.5831709 
177 86 8 10 0.5578085 
161 77 8 10 0.5361524 
68 107 9 12 0.5304064 
764 272 10 13 0.52433455 
144 41 8 10 0.5230645 
147 578 11 17 0.52112263 
938 577 11 16 0.51623076 
697 25 9 11 0.5095312 
950 150 8 11 0.4917803 
970 132 9 11 0.48960653 
6 74 8 10 0.4799723 
833 89 7 9 0.4774949 
961 117 8 10 0.46675935 
175 58 8 9 0.45862615 
13 53 8 9 0.45611283 
918 109 7 10 0.45488736 
857 30 8 9 0.43697137 
785 503 22 26 0.43697107 
357 436 10 13 0.4240199 
760 593 15 17 0.41923863 
941 52 8 11 0.41441196 
70 567 10 14 0.4131239 
321 61 8 10 0.41151115 
962 63 7 10 0.4056588 
442 6 7 10 0.38722625 
165 22 7 9 0.37986323 
31 53 8 9 0.3795628 
845 57 9 11 0.35240588 
296 47 8 10 0.3510059 
19 593 12 17 0.34974283 
478 13 8 9 0.33808747 
123 76 8 11 0.33424455 
38 103 10 13 0.33355403 
56 52 8 10 0.32952556 
31 123 12 15 0.31930834 
250 21 8 11 0.31779444 
882 44 7 11 0.31726924 
1006 38 8 10 0.31616864 
406 29 7 10 0.31065223 
470 48 7 9 0.30643559 
983 79 7 9 0.30581477 
498 61 7 9 0.30572158 
868 558 19 21 0.30466813 
164 574 11 14 0.30057976 
238 575 13 15 0.29038042 
1007 100 9 11 0.2856611 
215 74 8 9 0.27970102 
233 22 7 10 0.27888083 
271 34 7 9 0.27308917 
337 86 8 9 0.2724606 
905 82 8 10 0.2722615 
159 100 8 10 0.26575762 
886 111 9 12 0.2622911 
322 21 8 10 0.26126885 
56 92 8 10 0.26126027 
701 46 7 8 0.25098827 
873 74 7 9 0.24934588 
206 87 7 10 0.23821166 
849 112 9 11 0.23815495 
105 62 8 9 0.23366159 
247 37 7 9 0.23325303 
0 36 7 12 0.22714251 
937 37 7 10 0.22225694 
993 500 9 12 0.22199588 
966 39 7 9 0.2211248 
718 78 7 9 0.21948925 
801 31 7 10 0.21944955 
914 45 8 10 0.21732408 
390 37 7 9 0.21503791 
728 65 8 9 0.2136454 
799 105 7 9 0.211371 
856 188 9 11 0.20763567 
895 127 8 12 0.2069021 
153 70 7 10 0.20520537 
830 54 7 9 0.19996904 
804 36 7 10 0.19714636 
294 1 8 9 0.19545704 
956 76 7 10 0.1950288 
933 108 8 10 0.19478539 
770 102 7 9 0.1938955 
112 103 7 10 0.19123393 
182 87 8 10 0.18806677 
866 43 8 10 0.18786423 
998 574 11 13 0.1858431 
976 23 8 10 0.18583827 
554 66 7 9 0.18539983 
266 14 8 11 0.18429717 
792 86 7 9 0.18274194 
860 528 13 18 0.18259291 
798 109 7 10 0.18223934 
104 380 9 12 0.18162099 
589 0 10 11 0.17834593 
225 89 7 9 0.1763103 
244 563 10 13 0.17618354 
90 24 7 9 0.17565255 
317 5 8 10 0.17529456 
1003 616 20 31 0.17332962 
1002 125 8 10 0.17282896 
144 73 8 9 0.17275329 
901 548 9 12 0.17052393 
344 61 7 10 0.16305466 
224 134 7 9 0.15921465 
1001 121 8 9 0.15861797 
90 53 8 10 0.15724206 
354 88 7 10 0.1558942 
961 95 8 9 0.15580054 
112 550 7 10 0.15578637 
26 15 9 12 0.15438668 
458 16 7 10 0.15404423 
18 108 8 12 0.15331498 
746 66 7 9 0.15166055 
290 46 8 10 0.15080377 
105 80 7 10 0.14986259 
913 145 7 9 0.14955448 
477 31 7 10 0.1476546 
871 119 8 10 0.14626382 
115 45 7 9 0.14597209 
687 48 8 9 0.14541173 
754 94 7 10 0.14429092 
959 173 8 10 0.14136717 
462 31 7 9 0.1402718 
782 55 7 9 0.13948026 
279 56 7 10 0.13908516 
77 69 8 10 0.13885501 
238 65 7 9 0.13776068 
992 46 7 9 0.13754474 
798 25 7 10 0.13601409 
345 16 7 9 0.13492799 
105 23 7 10 0.13409841 
823 38 7 9 0.1336367 
959 114 8 10 0.13288125 
542 620 8 12 0.13253185 
911 81 7 10 0.13230452 
824 31 7 9 0.13082077 
179 30 7 9 0.12946786 
1006 149 8 10 0.12899226 
79 564 10 15 0.12706591 
191 566 10 14 0.12688237 
786 38 8 10 0.12572074 
505 22 8 9 0.12490643 
1001 86 9 10 0.12221007 
137 128 9 12 0.12212513 
576 615 8 12 0.12155258 
1004 536 10 13 0.12023718 
771 127 7 9 0.11934624 
95 49 8 10 0.118933454 
153 65 8 10 0.1188195 
430 18 7 8 0.11817812 
265 9 8 9 0.11772542 
175 45 8 9 0.11756141 
955 508 12 14 0.11730627 
305 81 7 9 0.11619105 
223 37 7 10 0.11468041 
186 45 7 10 0.113483824 
177 81 7 10 0.11304055 
856 521 12 21 0.1126546 
530 79 7 9 0.11245936 
272 6 7 9 0.11238296 
935 18 7 9 0.11160391 
90 70 7 9 0.111561246 
129 27 8 11 0.11145558 
62 49 8 10 0.11064657 
808 54 7 8 0.1103397 
723 32 7 9 0.11004441 
239 70 7 9 0.10989764 
374 608 16 18 0.10962346 
394 589 17 20 0.10942261 
382 48 7 8 0.10911214 
383 78 7 10 0.10878913 
988 40 7 9 0.10851895 
944 138 7 9 0.108406276 
842 38 8 9 0.10831864 
888 32 7 10 0.10732106 
808 95 7 9 0.10645129 
144 15 7 9 0.10590028 
895 6 8 10 0.105534546 
809 65 7 9 0.10317086 
87 110 9 11 0.1025612 
520 73 7 8 0.10235623 
167 73 8 9 0.10234846 
74 65 8 10 0.102029294 
216 31 8 9 0.10177137 
279 591 10 12 0.101609536 
937 80 7 9 0.101599835 
81 559 10 14 0.10129107 
859 100 8 11 0.10116939 
211 78 7 10 0.10060276 
880 40 8 10 0.09976337 
954 116 8 10 0.0996886 
973 130 8 10 0.099483594 
175 565 11 13 0.099300385 
138 72 7 10 0.098443955 
887 6 8 10 0.098226555 
266 68 7 10 0.09801519 
242 8 7 9 0.09798998 
416 8 7 9 0.09774588 
407 85 7 9 0.09716378 
920 30 8 10 0.09590482 
531 32 7 9 0.09490048 
761 63 8 9 0.09420327 
729 69 7 10 0.09345602 
880 94 8 9 0.09335196 
705 72 7 9 0.093065135 
559 605 9 12 0.092741065 
95 70 7 9 0.0926893 
793 82 7 9 0.092549816 
867 78 7 9 0.0921153 
770 98 7 9 0.09188338 
36 69 8 12 0.09126802 
337 46 7 10 0.09112666 
193 78 8 10 0.09029926 
312 33 7 9 0.08975293 
183 565 11 14 0.089559056 
696 72 6 9 0.08937795 
347 629 16 22 0.08914491 
498 8 7 8 0.08908402 
216 7 7 9 0.08839134 
235 69 7 9 0.08770807 
871 41 8 10 0.08765259 
912 32 8 9 0.08699027 
224 33 7 9 0.0865523 
521 40 8 10 0.0862413 
809 49 7 9 0.08615299 
672 8 8 10 0.08538164 
47 65 8 10 0.08529147 
90 29 7 9 0.08526237 
472 7 7 9 0.08524882 
191 45 7 9 0.085044265 
882 111 8 11 0.08478905 
602 105 7 9 0.084645465 
852 115 9 13 0.08436106 
257 86 7 10 0.084321216 
4 586 13 17 0.084225975 
990 31 7 9 0.08377266 
551 613 11 16 0.08361344 
521 45 7 10 0.083363056 
855 74 7 9 0.082974605 
305 71 7 9 0.08260197 
506 104 8 10 0.08251558 
666 12 7 9 0.08177862 
785 88 6 9 0.08163522 
611 594 13 15 0.081306756 
543 563 10 13 0.08106453 
457 39 8 10 0.08104758 
666 90 7 9 0.080960445 
928 6 7 9 0.08044909 
450 47 6 9 0.08039777 
23 37 8 10 0.08032143 
176 124 8 10 0.08028836 
334 8 8 9 0.08018465 
625 69 8 9 0.07929292 
553 104 8 9 0.079224095 
817 102 8 10 0.078881145 
575 53 7 10 0.07872098 
760 57 7 10 0.078218386 
202 21 8 10 0.0782057 
721 572 9 12 0.07804498 
134 109 8 9 0.07803305 
599 59 8 11 0.07800314 
198 2 7 9 0.07797704 
728 45 7 9 0.077863984 
47 30 9 12 0.07785569 
897 80 7 10 0.07687959 
210 72 7 10 0.07687473 
86 86 8 10 0.0768082 
819 38 7 9 0.07667556 
367 5 7 9 0.07653986 
20 136 8 10 0.07650263 
695 78 7 9 0.0764334 
163 15 7 10 0.07634643 
987 46 7 10 0.076259114 
391 5 7 9 0.07577576 
985 126 7 11 0.07532541 
571 97 8 10 0.07524645 
919 81 8 10 0.074926555 
103 85 8 10 0.07487653 
431 586 11 15 0.07457338 
879 73 7 9 0.074348345 
3 72 8 11 0.07434032 
362 32 7 9 0.07419204 
287 21 7 9 0.07415307 
783 71 7 8 0.07394582 
426 0 7 9 0.07357075 
730 88 6 9 0.073503986 
273 64 7 9 0.07313291 
498 23 7 10 0.07308165 
15 541 8 11 0.072965704 
312 612 18 19 0.07284531 
840 95 7 9 0.07258748 
27 52 7 10 0.07230011 
267 34 7 9 0.07214397 
314 2 8 9 0.07203664 
164 76 8 11 0.072013825 
751 24 8 9 0.071762815 
680 117 9 10 0.07127734 
23 85 8 10 0.07122731 
96 23 7 10 0.07109946 
242 133 7 9 0.07091011 
129 46 7 9 0.07090755 
94 111 9 10 0.070901245 
785 33 7 9 0.07080582 
510 20 8 10 0.07067528 
195 566 14 17 0.070660666 
951 96 8 11 0.07041798 
209 54 7 10 0.07024783 
558 66 7 8 0.07018481 
60 5 7 10 0.07016342 
352 15 8 10 0.07010599 
384 73 7 9 0.069953986 
119 42 7 9 0.0698118 
-1 93 7 11 0.06980299 
105 549 9 10 0.06977308 
808 88 7 8 0.06942845 
782 149 7 10 0.0685303 
779 88 6 9 0.06822633 
935 190 7 10 0.068121105 
661 57 8 10 0.06795529 
585 0 10 11 0.06786277 
559 21 7 9 0.06751679 
563 37 7 9 0.06741966 
824 26 7 9 0.06738072 
455 45 8 10 0.067368336 
889 96 8 10 0.06735568 
192 94 6 9 0.06707051 
200 80 7 9 0.06684996 
827 647 27 28 0.06673602 
278 2 7 8 0.066433705 
952 101 8 10 0.06641827 
353 1 7 9 0.06640455 
534 78 7 10 0.06630372 
358 88 7 9 0.06619337 
248 55 8 10 0.06605878 
417 14 7 9 0.06599376 
848 79 7 10 0.06592154 
958 71 7 10 0.06587587 
503 39 7 9 0.06577821 
677 6 8 9 0.065570034 
808 81 7 9 0.06555995 
998 54 8 10 0.06555481 
544 55 7 9 0.065448776 
425 62 6 9 0.06534952 
810 111 8 10 0.06531151 
929 65 7 9 0.065089785 
426 57 7 9 0.06475621 
367 96 7 9 0.064543046 
145 77 7 10 0.06453655 
558 16 8 10 0.064466365 
279 62 7 9 0.06436828 
122 65 8 9 0.0643359 
966 102 8 10 0.06433147 
935 86 9 10 0.06395576 
32 109 8 10 0.063721396 
942 33 7 10 0.06356161 
311 582 9 11 0.06336774 
427 17 7 9 0.06318535 
217 102 7 10 0.06290334 
113 109 8 10 0.062885776 
591 4 10 11 0.06255791 
965 95 7 10 0.06253127 
129 95 7 10 0.062037326 
526 40 7 9 0.061946385 
17 33 8 10 0.061727818 
166 611 14 19 0.061641824 
335 30 8 10 0.061387688 
1001 81 7 9 0.061347358 
1006 86 8 10 0.06125848 
201 72 7 9 0.06125481 
929 144 7 10 0.061099593 
387 33 7 9 0.06103397 
873 22 8 10 0.060713388 
111 57 8 9 0.06056808 
64 17 7 9 0.06038876 
764 582 13 15 0.0602666 
696 65 7 9 0.05981462 
241 55 7 10 0.05973853 
839 88 7 9 0.05964407 
490 48 6 9 0.059479337 
200 47 7 9 0.0593015 
344 21 7 9 0.059008177 
146 24 8 10 0.05898491 
80 48 7 10 0.05893058 
867 523 14 17 0.058926426 
473 66 7 9 0.058835976 
888 61 7 9 0.058631454 
209 16 8 9 0.058488786 
433 37 7 9 0.058254357 
887 103 9 10 0.057975978 
814 110 7 10 0.057963062 
952 129 7 9 0.057850234 
655 120 7 9 0.0576547 
968 47 7 9 0.057648554 
961 16 6 9 0.05750984 
759 89 7 10 0.057269357 
669 12 8 9 0.057232685 
888 39 7 10 0.057103027 
339 61 7 10 0.057102405 
810 69 7 9 0.056972567 
822 103 7 10 0.0567375 
369 24 7 9 0.05648752 
601 598 8 10 0.056482714 
991 127 8 10 0.056449864 
736 86 6 8 0.05639704 
665 33 8 9 0.056379624 
225 71 7 9 0.05632081 
16 86 8 10 0.05627671 
597 572 14 15 0.05572215 
80 31 8 9 0.05562803 
338 23 7 9 0.055536725 
825 49 7 9 0.055530775 
600 79 8 11 0.05542705 
171 63 6 9 0.055367813 
185 62 7 9 0.05533682 
111 29 8 9 0.05504293 
431 0 7 8 0.055009305 
998 633 12 19 0.054989774 
138 78 7 10 0.054942265 
825 121 8 9 0.054827176 
449 39 6 9 0.054815464 
526 45 8 10 0.054769497 
892 95 9 11 0.054756965 
98 87 7 9 0.05463557 
367 104 8 9 0.054611377 
433 63 7 9 0.054601826 
883 2 7 8 0.05451566 
207 64 8 10 0.054483265 
599 558 11 13 0.054432534 
224 600 21 25 0.054403808 
249 63 7 10 0.054124616 
215 13 8 10 0.05403739 
399 121 7 9 0.053976044 
996 476 10 12 0.05380341 
936 142 8 10 0.05360923 
507 595 14 18 0.053331975 
554 21 8 9 0.053304378 
927 120 8 10 0.05327215 
192 74 8 9 0.053252228 
520 77 6 9 0.053215504 
1 148 14 16 0.05311848 
818 0 8 9 0.053077362 
258 6 7 9 0.0529963 
762 1 8 9 0.052912816 
79 536 15 17 0.052872386 
677 1 8 9 0.052767076 
266 48 7 9 0.052703448 
50 88 8 10 0.052589558 
498 40 7 9 0.052577514 
103 47 7 9 0.05247923 
713 95 8 10 0.05247414 
961 90 7 9 0.05244515 
783 64 7 9 0.052232035 
233 18 7 9 0.052174542 
442 588 14 18 0.0520223 
801 81 6 9 0.051821 
369 70 8 9 0.05177845 
289 41 7 9 0.051707435 
459 32 7 10 0.051693637 
217 96 7 9 0.051623285 
175 0 8 8 0.05136059 
819 32 7 9 0.051273882 
1003 145 8 10 0.051253796 
966 113 8 10 0.051227234 
275 56 7 9 0.051139887 
103 96 8 10 0.05111575 
29 559 13 18 0.051062617 
944 579 15 16 0.051045787 
161 1 7 8 0.05104122 
77 568 15 20 0.051003814 
33 103 10 13 0.05096109 
378 54 8 9 0.05085198 
10 49 8 10 0.05065512 
211 7 7 9 0.0505034 
944 103 8 10 0.05036294 
282 38 7 9 0.05034616 
993 24 7 10 0.050128467 
515 73 7 9 0.050108038 
2 13 8 11 0.050043114 
775 96 7 9 0.05000557 
769 450 22 30 0.049707208 
861 29 7 10 0.049695633 
337 14 7 10 0.049541265 
329 46 8 10 0.049437188 
542 16 8 10 0.049424842 
145 30 8 10 0.04938048 
529 63 7 9 0.049246445 
161 9 8 9 0.04911164 
816 97 7 9 0.04892976 
935 94 8 11 0.048908457 
861 517 14 22 0.048883405 
824 69 8 10 0.048825964 
879 21 8 10 0.048426025 
110 574 12 15 0.04841075 
860 189 9 12 0.048294373 
229 641 18 19 0.048209075 
934 124 8 9 0.04817848 
166 567 11 15 0.048029535 
133 24 8 10 0.04778367 
825 111 7 9 0.047673788 
727 40 7 9 0.04757702 
794 29 7 10 0.047527116 
231 30 8 9 0.04751885 
638 112 8 10 0.047264744 
384 22 8 9 0.047252465 
946 96 8 10 0.047118463 
89 81 7 9 0.04700278 
217 2 7 8 0.04693782 
190 88 7 10 0.046723727 
766 1 7 8 0.046690967 
832 50 6 8 0.046662673 
208 40 7 8 0.046626735 
130 104 8 9 0.04662368 
703 78 7 9 0.046620358 
957 500 12 15 0.046579186 
346 71 7 9 0.04652988 
427 22 7 9 0.046288934 
822 587 16 17 0.046202935 
247 165 8 10 0.046132177 
553 606 10 14 0.04604756 
791 15 7 8 0.04604755 
969 56 7 9 0.04603566 
494 569 16 18 0.045920826 
962 101 7 10 0.045736935 
191 61 7 9 0.045545258 
269 69 8 9 0.045523353 
839 47 7 9 0.045369398 
294 580 10 12 0.045322716 
797 578 16 18 0.045314625 
89 1 7 9 0.045239642 
622 5 8 10 0.045154084 
129 16 7 9 0.045117892 
722 37 8 10 0.045013625 
109 60 7 10 0.044912864 
966 174 8 10 0.044791684 
864 144 8 9 0.04457944 
859 183 10 12 0.044547077 
876 524 11 16 0.0445151 
577 0 9 10 0.044515055 
937 73 7 9 0.04445693 
515 79 7 8 0.044341836 
395 580 15 16 0.04430245 
117 551 8 11 0.044285934 
171 572 13 15 0.044243146 
326 57 7 10 0.04416341 
98 95 8 10 0.044147372 
8 102 9 11 0.044135813 
294 42 8 9 0.044073272 
984 495 9 13 0.043902252 
738 624 17 19 0.043766458 
817 48 7 9 0.043765295 
441 38 7 9 0.043663573 
366 30 8 10 0.0435899 
183 605 14 20 0.04358199 
944 87 7 10 0.04357158 
999 48 8 10 0.04354887 
993 574 9 13 0.043523636 
606 483 12 17 0.043395486 
33 161 9 11 0.043375365 
638 94 8 9 0.043374147 
608 32 8 10 0.043364435 
393 78 7 9 0.043312248 
739 587 12 13 0.043281984 
881 117 7 10 0.043194078 
202 64 7 9 0.04318391 
232 579 11 13 0.043181494 
913 71 7 9 0.043117963 
202 93 6 9 0.04308664 
425 48 8 9 0.043072484 
206 21 8 10 0.04304386 
833 111 8 10 0.042986106 
464 103 7 10 0.042865198 
130 606 17 21 0.042802192 
903 111 8 10 0.042798407 
449 369 49 36 0.042756233 
569 14 7 9 0.042738408 
770 31 7 9 0.042737197 
151 45 7 10 0.042730838 
216 25 8 10 0.042639427 
377 589 11 13 0.042402394 
21 140 9 11 0.04231031 
99 7 7 9 0.042300668 
491 55 7 9 0.042292766 
848 33 7 9 0.04227125 
113 5 7 10 0.04226908 
240 79 7 9 0.04224322 
907 54 7 9 0.042181626 
802 7 7 9 0.042124577 
58 16 7 9 0.042015564 
843 59 8 11 0.04200183 
305 65 7 9 0.041821934 
641 62 8 9 0.0418111 
171 46 7 9 0.0416118 
361 105 7 10 0.0415786 
90 65 7 10 0.041555714 
265 55 7 9 0.041487336 
822 1 8 9 0.041474603 
543 22 7 9 0.04144831 
503 31 7 9 0.041322444 
529 23 7 9 0.041316863 
282 18 7 9 0.041313246 
598 564 14 15 0.041290503 
920 14 7 9 0.041256182 
898 85 7 10 0.041159928 
975 54 8 10 0.041149072 
751 126 7 9 0.04113801 
778 64 7 9 0.041117914 
464 72 7 9 0.041063316 
111 79 7 9 0.041029084 
736 71 7 8 0.04100664 
108 377 10 12 0.04096818 
103 6 7 9 0.04095422 
110 555 10 13 0.0408782 
338 57 7 9 0.040819455 
281 71 8 9 0.040792007 
569 8 7 10 0.040785216 
281 49 7 9 0.04071724 
830 63 7 9 0.04068858 
377 73 7 8 0.040674876 
104 72 7 9 0.04064687 
341 86 7 9 0.040572483 
766 65 7 9 0.0405197 
528 74 7 8 0.040515643 
125 73 7 9 0.04048757 
831 38 8 10 0.0404289 
103 117 7 10 0.040426716 
678 62 7 9 0.040413883 
879 89 8 10 0.04039846 
1006 497 9 11 0.040386733 
416 46 7 10 0.039958235 
171 41 7 9 0.03981744 
999 0 8 9 0.039797727 
830 562 12 16 0.039795097 
301 48 7 10 0.039793145 
414 635 8 12 0.039714456 
825 8 7 9 0.039642695 
201 55 7 9 0.03959962 
209 48 7 9 0.039590728 
443 79 7 10 0.03954838 
468 6 7 9 0.03951579 
725 571 12 15 0.03950068 
211 31 7 9 0.03949612 
929 125 7 9 0.03949308 
919 144 7 9 0.039370555 
1 87 8 11 0.039363403 
226 23 7 9 0.039360788 
725 24 7 9 0.039357413 
7 31 8 11 0.03929273 
841 80 8 10 0.039279662 
267 111 7 10 0.039259993 
15 104 9 12 0.039249185 
64 65 7 10 0.03922312 
746 121 7 9 0.03920505 
119 7 7 9 0.039188538 
894 111 8 11 0.039150726 
221 579 11 15 0.039066613 
48 24 8 10 0.039049007 
87 18 8 9 0.03901154 
7 86 8 9 0.03885407 
343 46 7 10 0.03885105 
96 116 9 12 0.038773004 
368 65 8 9 0.038694054 
895 120 8 10 0.038681388 
106 102 8 10 0.038594007 
567 121 8 10 0.038593836 
896 2 8 9 0.038531117 
194 1 7 9 0.03849679 
626 38 7 9 0.038488407 
378 78 7 10 0.038460564 
930 94 8 11 0.038425323 
590 111 7 9 0.038384583 
403 25 8 10 0.038369898 
144 87 7 9 0.03828209 
208 93 7 9 0.038248427 
679 22 8 10 0.038229473 
33 93 8 11 0.038118925 
983 85 8 9 0.038117398 
239 16 8 9 0.03800927 
927 559 9 12 0.038007013 
928 150 7 10 0.037911817 
0 164 9 12 0.037889574 
39 95 8 10 0.037810735 
298 53 7 10 0.037785646 
106 29 8 9 0.037758347 
729 95 8 9 0.037711356 
840 102 8 10 0.037666 
895 40 8 10 0.037614055 
176 73 8 9 0.037562374 
15 62 9 11 0.037526492 
38 52 8 10 0.03743662 
866 118 8 11 0.037325315 
149 41 8 10 0.037226334 
963 32 7 9 0.03718454 
301 590 10 13 0.037161037 
961 144 8 9 0.037107654 
794 150 7 10 0.0370792 
951 502 12 15 0.037069783 
736 98 7 8 0.03706777 
558 8 8 9 0.037013315 
319 86 7 9 0.03699121 
250 87 7 9 0.036989212 
776 589 10 15 0.036930893 
777 48 7 9 0.036913134 
257 2 8 8 0.036889184 
81 40 7 9 0.03682306 
262 87 8 10 0.03678062 
1015 142 8 11 0.036662925 
431 58 6 8 0.036644194 
872 568 17 18 0.03660215 
699 28 9 12 0.036594305 
22 105 9 12 0.036431987 
362 6 7 9 0.036426432 
685 117 9 10 0.03642552 
455 72 8 9 0.03638123 
873 113 8 9 0.036380623 
865 86 7 9 0.036377966 
777 30 7 8 0.036294624 
361 37 8 9 0.036189117 
184 57 7 9 0.03618011 
954 169 9 11 0.03601708 
931 88 7 10 0.036015574 
224 80 7 9 0.035947092 
31 9 8 9 0.035940837 
688 95 7 9 0.035872877 
911 53 7 10 0.035792995 
571 54 7 9 0.035760872 
85 114 11 13 0.035732735 
464 23 7 9 0.035730723 
240 94 8 10 0.03571543 
352 64 7 9 0.03570448 
807 0 7 8 0.035693288 
987 97 7 10 0.03566524 
35 556 14 20 0.035663117 
195 110 7 10 0.035659976 
303 0 7 9 0.035642393 
40 78 8 11 0.035604324 
831 33 7 9 0.03560429 
184 72 7 10 0.035576183 
537 56 7 9 0.035469726 
632 105 7 9 0.035467103 
718 95 8 10 0.035436574 
794 48 6 9 0.035420932 
407 63 7 9 0.03537847 
51 54 7 9 0.03533834 
670 604 15 17 0.03532145 
419 62 7 9 0.03530408 
1015 79 8 10 0.035300255 
135 29 7 9 0.035218924 
111 2 8 9 0.03520741 
565 605 9 11 0.0351726 
337 41 7 9 0.035093 
284 597 12 13 0.03507035 
554 610 13 16 0.035052087 
85 93 8 10 0.0350285 
983 54 8 9 0.035006337 
138 15 6 9 0.03499805 
121 29 7 9 0.034982786 
323 621 12 16 0.034965392 
904 517 9 11 0.034864325 
6 24 8 10 0.034779754 
203 572 13 15 0.03476359 
778 0 8 9 0.034688767 
912 150 7 8 0.034686342 
506 18 8 9 0.034572784 
969 609 18 20 0.034535337 
721 74 7 8 0.034524016 
482 120 8 10 0.034461085 
470 2 7 9 0.034371458 
746 24 7 10 0.034333132 
358 81 7 8 0.03421351 
133 578 12 17 0.034194775 
168 95 7 9 0.034156214 
88 106 8 9 0.034153078 
552 98 7 9 0.034135044 
359 22 7 10 0.034113135 
689 40 7 9 0.034106486 
993 175 8 11 0.03394608 
182 81 7 9 0.033924773 
779 70 6 9 0.03388572 
753 30 7 9 0.033794288 
41 1 8 10 0.033765256 
945 22 7 10 0.03376154 
129 87 7 10 0.033736724 
171 86 7 11 0.03367223 
562 81 7 9 0.033653583 
185 14 7 9 0.033629328 
232 648 18 20 0.033594787 
23 558 11 14 0.03351308 
795 105 7 9 0.033427913 
794 54 7 9 0.033345662 
319 30 8 10 0.033280376 
919 26 7 9 0.033203796 
315 626 16 18 0.033185903 
977 96 8 10 0.0331776 
866 509 15 18 0.0331203 
383 18 8 9 0.033091735 
538 37 7 10 0.03307706 
998 496 9 12 0.033073854 
441 14 8 11 0.03305312 
929 70 8 9 0.033010866 
880 77 7 9 0.032982968 
889 78 8 10 0.032973744 
100 149 9 11 0.032945465 
278 582 11 13 0.03286538 
291 4 7 10 0.032805037 
750 65 7 9 0.03279113 
651 120 7 9 0.03276209 
750 70 7 9 0.032645844 
728 57 8 9 0.03261695 
96 80 7 10 0.032605127 
738 102 7 10 0.032587837 
351 71 7 9 0.032583307 
520 33 8 9 0.03252687 
410 46 7 9 0.032517195 
767 109 8 9 0.032483667 
214 581 13 16 0.032481506 
238 22 7 10 0.032470655 
857 48 7 8 0.032387722 
96 66 7 9 0.032354735 
74 7 7 9 0.032349274 
151 30 7 9 0.03234263 
552 50 7 8 0.03224316 
590 33 8 9 0.032188963 
193 57 7 10 0.032142542 
784 48 7 9 0.03209157 
954 17 7 9 0.032073796 
886 145 9 10 0.032054573 
4 154 12 15 0.032011088 
905 13 7 9 0.031992037 
847 87 7 9 0.031982407 
118 110 8 9 0.031959537 
747 126 7 9 0.03194117 
962 48 7 9 0.031929825 
223 1 7 8 0.031918723 
503 72 7 9 0.031796467 
536 62 7 10 0.031794515 
159 576 12 18 0.031774815 
931 16 7 10 0.031750508 
448 23 7 9 0.031696506 
496 15 8 9 0.031671133 
13 70 8 10 0.031662956 
351 56 8 9 0.03164294 
586 32 8 10 0.03161632 
326 17 8 9 0.031550158 
134 95 8 10 0.03154244 
135 0 7 8 0.03148321 
679 57 7 8 0.03148171 
990 159 8 10 0.031449795 
178 26 7 9 0.03140421 
919 72 7 10 0.031371806 
168 120 8 10 0.031368833 
410 39 7 10 0.031354815 
801 86 7 9 0.03135454 
401 14 7 9 0.031342205 
942 109 8 10 0.03132723 
951 23 7 9 0.031289533 
984 74 8 10 0.031243738 
392 73 7 9 0.031236839 
911 533 11 15 0.03119489 
736 56 7 9 0.031189367 
744 87 7 9 0.031097148 
943 71 8 9 0.031077715 
832 14 7 9 0.031047301 
14 95 9 11 0.031037867 
896 24 7 9 0.03097775 
257 64 6 9 0.030939024 
807 7 7 9 0.030897498 
402 80 6 9 0.030793086 
894 102 8 10 0.030715538 
103 40 7 10 0.030677207 
402 61 7 10 0.030666573 
177 14 7 9 0.030654032 
691 78 7 9 0.030619545 
457 21 8 10 0.030604579 
383 102 8 10 0.0305248 
446 2 8 9 0.030517332 
32 89 8 10 0.030504331 
221 103 9 10 0.030450614 
760 127 8 8 0.030448748 
39 87 8 11 0.030428335 
994 119 7 9 0.030424424 
767 70 7 9 0.030410545 
498 30 7 9 0.030375503 
802 1 7 8 0.030358322 
64 40 8 10 0.030353481 
218 38 8 10 0.030332578 
62 70 7 9 0.030298533 
704 43 7 9 0.030295128 
127 65 7 9 0.03028275 
669 89 8 10 0.030276364 
888 73 8 10 0.030250939 
290 95 7 9 0.03020133 
61 2 7 8 0.030178728 
194 7 7 8 0.030168995 
737 47 7 9 0.030140268 
481 125 8 10 0.030098164 
102 18 8 9 0.030081872 
880 63 8 9 0.029920708 
791 94 7 9 0.029915905 
908 31 7 9 0.029837295 
733 626 14 18 0.029831262 
232 48 8 9 0.02982604 
121 15 7 8 0.029726326 
706 120 7 8 0.029688992 
273 96 8 9 0.029687725 
961 58 7 9 0.029668486 
918 40 8 10 0.029620064 
354 22 7 9 0.02960207 
803 97 7 9 0.029595237 
656 78 7 9 0.029573768 
1015 86 8 11 0.029466642 
305 18 7 9 0.02944434 
449 54 7 9 0.029376363 
287 71 7 9 0.029349571 
634 112 8 9 0.029343335 
810 16 7 8 0.029318526 
569 24 7 9 0.029198702 
826 81 7 9 0.029190388 
689 89 7 8 0.029187877 
290 110 7 8 0.029170055 
43 30 8 10 0.029161317 
557 105 8 9 0.029151859 
903 529 11 15 0.029080521 
205 581 13 15 0.029076274 
975 17 8 10 0.029047532 
254 55 7 10 0.029031841 
796 587 16 19 0.02892955 
119 136 7 9 0.028925965 
224 47 7 9 0.028903134 
117 566 10 13 0.02886647 
113 86 7 10 0.028860606 
399 126 7 8 0.02883948 
82 17 7 8 0.028837465 
592 597 8 11 0.028826026 
318 125 7 8 0.028824003 
130 0 7 8 0.028815558 
674 56 7 9 0.028789267 
928 32 7 10 0.02878598 
353 6 8 10 0.028749833 
248 69 7 10 0.02872483 
462 39 7 9 0.028712293 
883 31 7 10 0.028708555 
0 45 8 11 0.028684312 
497 2 8 9 0.028618265 
962 23 8 9 0.028601581 
664 37 8 11 0.028531346 
242 2 7 8 0.02849902 
871 0 7 8 0.028484639 
597 647 12 16 0.028479224 
786 15 7 8 0.028447911 
479 65 6 8 0.028439196 
792 9 7 9 0.028438352 
416 41 6 8 0.028431922 
562 49 7 9 0.028387057 
98 16 8 10 0.028344039 
754 102 7 9 0.028338106 
109 545 9 11 0.028310219 
786 127 7 9 0.028278196 
140 40 7 10 0.028248182 
216 48 7 9 0.028239725 
498 72 6 9 0.028173959 
478 38 7 9 0.028086191 
919 55 8 9 0.028082168 
398 619 13 16 0.028074058 
426 40 7 10 0.028061716 
233 55 8 9 0.02805207 
835 563 14 19 0.027907591 
920 0 7 8 0.027898746 
297 594 10 13 0.0278842 
568 33 7 9 0.02787122 
697 15 7 9 0.027824026 
735 577 15 18 0.027810667 
914 0 7 8 0.027666377 
7 37 8 11 0.027639242 
745 48 7 9 0.027616229 
953 31 7 9 0.027591947 
438 647 9 12 0.027585309 
231 94 7 9 0.027577367 
137 46 7 9 0.027569838 
150 567 11 13 0.0275645 
408 121 7 9 0.02755244 
816 135 8 10 0.027549312 
704 127 7 8 0.02753723 
608 620 9 11 0.027531879 
512 86 7 9 0.027525648 
790 569 16 18 0.02751592 
817 126 8 10 0.027505057 
537 22 7 9 0.027497582 
593 78 8 10 0.02746255 
999 94 8 11 0.027401254 
996 596 13 15 0.027369685 
110 564 12 16 0.02735843 
31 32 8 10 0.02731921 
137 56 7 9 0.02729374 
738 25 7 9 0.027286828 
218 110 7 9 0.027271323 
455 77 8 10 0.027253298 
495 46 7 9 0.027229719 
871 7 7 9 0.027225014 
850 73 7 10 0.027192734 
0 63 8 10 0.027165437 
856 14 7 9 0.027123947 
458 102 7 9 0.027115047 
1003 33 8 10 0.027090333 
931 22 7 9 0.027087431 
274 87 7 9 0.027065976 
303 55 7 9 0.02706561 
307 33 7 9 0.027064765 
793 129 7 9 0.027048377 
224 16 8 9 0.027047811 
921 151 7 9 0.027015831 
176 93 8 10 0.026961837 
232 119 8 9 0.026891427 
630 621 11 16 0.026890708 
474 25 7 9 0.026881704 
713 40 7 9 0.026865965 
358 17 7 9 0.026840532 
842 33 7 9 0.026823018 
609 63 8 10 0.026818646 
873 125 7 10 0.02681852 
803 65 7 8 0.026786393 
859 586 15 16 0.026781013 
315 582 10 12 0.026779067 
839 111 8 10 0.026762623 
820 151 12 14 0.026757136 
280 126 7 8 0.02669098 
303 583 9 11 0.026674869 
808 103 7 10 0.02666403 
255 39 7 8 0.026600653 
1008 81 7 10 0.026592009 
920 97 7 9 0.026564142 
120 624 17 20 0.026525404 
586 38 8 9 0.026495835 
888 23 8 10 0.026489891 
882 104 8 11 0.026477655 
664 47 7 10 0.02645122 
930 80 7 9 0.026426818 
729 111 7 9 0.02641566 
745 6 7 9 0.026410919 
241 49 7 9 0.026404379 
981 23 8 11 0.02635522 
920 137 7 9 0.026344847 
160 568 9 12 0.026340283 
242 88 7 9 0.02629526 
907 144 8 10 0.026247744 
882 144 8 10 0.026240971 
710 71 7 9 0.026179299 
728 627 11 17 0.026178913 
895 73 7 10 0.026158242 
306 39 7 9 0.026108194 
968 23 7 9 0.026101332 
881 55 8 10 0.026055096 
527 18 7 9 0.026043836 
176 104 7 10 0.026042018 
863 26 7 9 0.025994001 
657 47 8 10 0.025945285 
92 570 12 16 0.025847225 
394 121 7 9 0.025823072 
515 46 6 9 0.025807597 
98 40 8 9 0.02576384 
887 15 8 9 0.025740964 
366 88 7 9 0.025704714 
568 79 7 9 0.025630843 
368 38 8 10 0.025619484 
417 2 8 8 0.025608312 
297 64 7 9 0.025605883 
112 97 7 10 0.025570234 
64 569 12 15 0.02556683 
58 70 7 10 0.02555963 
655 73 8 10 0.025544457 
417 619 11 15 0.025507333 
352 574 10 12 0.025491208 
403 85 7 10 0.02546681 
369 109 7 9 0.02545294 
281 111 7 9 0.025451532 
54 22 8 10 0.02544508 
842 24 7 8 0.025438476 
786 94 7 9 0.025430132 
489 14 7 9 0.02542568 
188 615 13 18 0.02542517 
545 50 7 8 0.02541508 
1013 101 8 13 0.025383035 
62 557 12 16 0.02534747 
592 16 8 9 0.025335094 
975 101 8 10 0.025321746 
944 501 10 14 0.025307672 
561 55 7 9 0.025295343 
663 79 7 8 0.025274483 
433 7 7 8 0.025224036 
974 48 8 10 0.02521652 
803 570 14 19 0.02521495 
822 647 19 20 0.025181009 
822 559 19 24 0.025139092 
943 189 8 10 0.025090195 
646 57 8 10 0.025088511 
401 58 7 9 0.025073733 
521 110 7 9 0.025045186 
256 81 8 10 0.024984408 
722 47 7 9 0.024976226 
401 10 7 8 0.024975287 
382 54 8 9 0.024973335 
848 182 8 11 0.024968872 
760 40 7 9 0.024955006 
343 41 8 9 0.024922084 
55 104 9 11 0.024917742 
119 104 7 10 0.024912177 
804 444 22 28 0.024908815 
437 583 11 15 0.024892801 
244 33 6 9 0.024851019 
610 23 7 10 0.02484829 
149 560 11 12 0.024825493 
912 13 7 9 0.024800131 
586 105 8 10 0.024794783 
136 88 7 9 0.024747156 
158 137 8 9 0.024683839 
960 127 7 10 0.024637276 
160 49 7 9 0.024600122 
82 111 9 11 0.02459264 
376 1 7 9 0.024580482 
601 49 8 9 0.024567574 
950 155 8 11 0.024534304 
169 103 7 10 0.024530193 
420 270 10 12 0.024524918 
129 128 8 11 0.024517227 
598 620 9 12 0.02451344 
825 65 8 10 0.024495978 
955 64 7 9 0.024463171 
223 109 8 10 0.024450589 
925 564 12 16 0.024433717 
104 112 7 10 0.024430376 
711 120 7 8 0.02442166 
690 71 7 10 0.024411205 
992 76 8 11 0.024363162 
425 7 7 9 0.024327973 
201 41 7 9 0.024296923 
527 127 8 9 0.024291882 
155 141 8 10 0.024285058 
702 576 10 11 0.024273388 
721 15 6 8 0.024214704 
530 57 7 8 0.02420328 
927 48 8 10 0.02420073 
231 88 6 9 0.024197418 
227 478 12 14 0.02419172 
913 97 7 9 0.024175856 
552 55 7 9 0.024100881 
247 7 7 9 0.024096401 
95 565 10 13 0.024089366 
1014 95 8 11 0.024067175 
442 22 7 9 0.024044452 
433 89 7 8 0.024032816 
751 18 8 8 0.024028542 
762 110 8 9 0.02402146 
106 2 7 8 0.024002664 
952 87 8 11 0.023990422 
934 65 8 9 0.023972666 
313 56 7 9 0.023968672 
514 39 6 9 0.023949169 
501 6 8 9 0.02394213 
638 89 8 9 0.023918891 
738 81 7 9 0.02386979 
280 89 7 9 0.023869772 
37 165 8 10 0.023868963 
46 104 8 11 0.023865646 
1016 7 7 10 0.023801697 
894 446 9 13 0.023774384 
618 587 12 14 0.02376576 
611 601 13 15 0.023751395 
872 87 9 11 0.023727627 
215 54 8 9 0.023716185 
975 8 8 9 0.023701994 
449 78 7 10 0.023678292 
799 129 7 9 0.023647254 
601 109 7 9 0.023638861 
194 105 7 9 0.02360366 
70 55 8 9 0.023591686 
279 34 8 9 0.023589581 
547 104 7 10 0.023541894 
98 145 9 10 0.02353353 
921 117 9 12 0.023522427 
816 154 12 14 0.023512632 
311 86 8 9 0.023492415 
762 70 7 9 0.023438947 
198 580 14 16 0.023436878 
265 79 7 10 0.023404218 
864 137 8 9 0.023395408 
343 104 8 9 0.023386333 
905 135 8 10 0.023380911 
6 593 15 17 0.023370113 
894 29 8 10 0.02335187 
944 120 7 8 0.023313774 
713 14 7 9 0.023284288 
489 626 15 17 0.02326398 
979 119 8 10 0.023240322 
1009 612 14 22 0.023234729 
537 47 7 9 0.02320519 
846 95 7 9 0.023126291 
152 57 8 9 0.023071926 
8 64 9 12 0.023037033 
56 121 8 10 0.023024486 
249 49 7 9 0.023021499 
752 145 7 9 0.023001794 
488 0 7 8 0.022934314 
362 94 7 9 0.022932256 
999 617 15 25 0.022931961 
742 81 7 9 0.022920992 
753 38 7 9 0.022918781 
119 555 9 13 0.022910494 
658 59 8 10 0.022902464 
801 70 7 9 0.022894831 
376 40 8 9 0.022890545 
156 101 7 11 0.022883737 
105 557 9 12 0.022840807 
577 79 8 9 0.022835772 
103 135 8 9 0.022802707 
841 126 7 9 0.022795297 
473 39 6 9 0.022769708 
681 95 7 9 0.022755647 
120 1 7 9 0.022725277 
993 180 7 10 0.02271796 
434 96 7 9 0.022715628 
137 150 8 10 0.02269423 
633 49 6 8 0.022672778 
81 116 10 12 0.022627894 
953 55 7 9 0.02259055 
931 37 7 10 0.0225478 
272 49 7 8 0.022525221 
40 65 7 10 0.02252463 
785 80 6 8 0.02248436 
153 78 8 10 0.02247051 
712 581 11 13 0.022466926 
992 166 9 11 0.022466132 
218 88 7 9 0.022466049 
570 49 7 9 0.0224392 
14 581 14 18 0.022436453 
527 120 8 9 0.022425912 
13 149 10 14 0.022407724 
536 613 10 13 0.022368524 
840 136 8 10 0.022343475 
986 133 9 11 0.022339154 
225 56 7 9 0.02233678 
767 88 7 8 0.02233576 
480 71 7 8 0.02233576 
779 145 7 10 0.022315819 
600 17 7 8 0.022305695 
914 105 7 9 0.02227917 
169 0 7 8 0.022265214 
434 102 9 11 0.022227813 
735 41 7 9 0.022226749 
874 92 8 11 0.022224156 
624 33 8 10 0.022194004 
321 47 7 8 0.022170858 
36 130 11 14 0.022169245 
41 24 7 9 0.02215458 
967 142 8 10 0.022152092 
271 80 7 9 0.02214887 
616 33 7 10 0.022133859 
83 550 14 16 0.022131983 
88 39 7 9 0.02207849 
153 87 7 9 0.022044554 
265 20 8 10 0.02202496 
873 17 7 10 0.022024836 
991 132 9 12 0.022018798 
18 80 7 9 0.022007866 
378 17 7 9 0.021992825 
651 87 7 9 0.0219855 
907 48 7 9 0.021972343 
1016 54 7 11 0.021969516 
784 120 7 9 0.021968655 
826 14 7 9 0.021961745 
513 65 7 9 0.021957254 
95 1 7 9 0.021953093 
872 30 9 10 0.021951847 
319 68 8 10 0.02194566 
965 603 17 21 0.021944093 
457 98 7 9 0.021933602 
481 80 6 8 0.02191063 
341 567 12 15 0.021904925 
114 136 7 9 0.021904863 
817 25 7 9 0.021904659 
258 70 6 9 0.021899316 
823 135 9 11 0.021882094 
115 142 7 9 0.021803573 
93 30 7 9 0.021798847 
47 80 7 10 0.02179641 
81 94 8 10 0.021783845 
827 87 7 10 0.021775793 
185 92 7 10 0.021725768 
876 627 15 18 0.021720326 
606 80 8 10 0.021683581 
184 124 8 10 0.021635227 
168 30 7 9 0.021631874 
705 13 6 9 0.021624148 
594 62 6 8 0.021618389 
271 104 8 9 0.021614779 
8 94 10 13 0.021605505 
152 128 8 9 0.021599395 
685 135 8 10 0.021598801 
712 65 7 9 0.021584278 
129 8 7 9 0.02156503 
162 119 8 10 0.021558333 
345 0 7 8 0.021555537 
222 7 7 9 0.021538185 
214 574 12 15 0.021532174 
232 112 8 10 0.02151933 
95 104 8 9 0.02148607 
521 66 7 8 0.021468302 
520 105 7 9 0.021464897 
81 53 7 9 0.021456286 
857 56 7 10 0.021440128 
647 637 11 15 0.021432102 
831 82 8 9 0.021418111 
345 437 8 12 0.021391941 
940 79 8 10 0.021372607 
840 1 8 8 0.021366466 
831 9 7 9 0.021362286 
976 40 7 9 0.021350946 
690 65 7 9 0.021341437 
536 74 7 9 0.021337887 
813 65 7 9 0.021335956 
857 143 7 9 0.021329515 
935 6 7 8 0.021287508 
612 488 14 18 0.02128157 
616 37 7 10 0.021258878 
801 54 7 9 0.021200743 
782 0 7 8 0.021181544 
639 77 9 10 0.021172704 
309 586 9 13 0.0211441 
121 127 8 10 0.021128811 
937 137 8 10 0.021062916 
185 10 7 8 0.02105867 
693 94 8 10 0.021048347 
999 22 8 10 0.021046057 
145 0 8 9 0.021032372 
596 7 8 10 0.021028044 
336 1 7 8 0.021025727 
322 599 10 12 0.021003477 
863 61 8 10 0.020975685 
564 600 10 11 0.020952823 
968 69 7 10 0.020941481 
944 18 7 9 0.020925881 
922 63 8 10 0.020907033 
182 26 7 9 0.020902047 
697 9 7 9 0.020897105 
53 31 9 11 0.020879537 
894 152 8 9 0.020850979 
840 158 8 10 0.020846315 
295 22 7 9 0.020838011 
47 159 11 14 0.020823041 
199 117 7 10 0.020802207 
270 110 7 10 0.02072608 
380 596 11 12 0.02070762 
217 65 7 9 0.02069116 
161 31 7 9 0.020686159 
95 128 9 10 0.020614991 
385 64 7 9 0.020609615 
635 94 7 9 0.020603502 
368 608 13 18 0.02056188 
634 89 7 9 0.020527603 
754 78 7 9 0.020522034 
410 9 7 8 0.02049379 
490 72 6 9 0.020493072 
825 96 7 9 0.020485472 
809 116 7 10 0.020481618 
947 126 7 9 0.020479059 
816 54 7 8 0.020465504 
109 581 13 18 0.020453108 
455 55 7 9 0.020447923 
999 183 8 10 0.020447187 
143 10 8 8 0.020399665 
794 117 7 9 0.020395573 
136 64 7 9 0.020387849 
624 48 7 9 0.020369444 
289 581 8 10 0.020368787 
182 613 12 19 0.020359378 
805 603 12 16 0.020354757 
713 46 7 9 0.020348059 
159 55 8 9 0.020333607 
38 551 10 13 0.020333502 
848 25 7 8 0.0202947 
679 78 7 9 0.020279003 
760 23 7 9 0.020278275 
833 103 8 11 0.020272166 
302 5 7 9 0.020268803 
415 87 7 9 0.020260708 
778 81 7 8 0.0202111 
360 64 7 9 0.020207914 
479 25 7 9 0.020196956 
255 576 10 13 0.02018828 
680 71 8 9 0.020183606 
929 105 8 10 0.020168373 
504 45 8 10 0.020152396 
736 120 7 9 0.020146744 
896 57 7 9 0.020127142 
827 591 14 18 0.020102734 
951 39 7 9 0.020086827 
448 17 6 8 0.020017818 
