47_Matador_Bullfighter_matadorbullfighting_47_42
27
217 101 49 59 0.9947916 
187 149 27 32 0.52148503 
526 0 28 22 0.49221295 
808 0 23 16 0.32183275 
158 99 38 53 0.2800477 
250 148 24 31 0.21309216 
99 0 17 14 0.11249846 
271 102 40 52 0.0739096 
635 336 371 459 0.06593525 
622 12 16 18 0.05006808 
171 83 31 40 0.048094403 
775 17 13 18 0.047651473 
131 0 17 16 0.047058683 
191 80 26 35 0.044440154 
219 3 26 28 0.044205066 
436 -1 15 11 0.03929896 
81 0 21 21 0.037859395 
639 0 20 13 0.029717276 
159 57 26 40 0.02938848 
180 75 27 36 0.027330488 
158 405 27 39 0.02724378 
189 93 31 42 0.027134484 
158 63 38 58 0.026719997 
659 9 17 18 0.024024066 
240 124 33 46 0.023725174 
230 8 30 32 0.023138693 
708 0 19 13 0.021209486 
