47_Matador_Bullfighter_matadorbullfighting_47_72
20
507 12 29 32 0.9939505 
913 5 28 34 0.99077904 
635 6 24 31 0.9868658 
228 0 23 29 0.98285943 
751 5 22 27 0.9788249 
687 0 24 29 0.9578579 
571 14 24 26 0.9489806 
330 74 54 53 0.7763378 
973 16 22 25 0.69123507 
351 67 29 38 0.09212778 
322 5 12 15 0.051539447 
300 58 12 15 0.04615091 
319 10 13 18 0.044607338 
194 324 9 13 0.03567295 
362 64 19 25 0.03369388 
324 88 36 38 0.026357653 
973 6 17 22 0.025779605 
997 27 21 25 0.02319278 
685 10 19 26 0.02056068 
248 300 10 13 0.020139163 
