47_Matador_Bullfighter_Matador_Bullfighter_47_912
213
778 126 26 33 0.997063 
777 6 24 30 0.996111 
842 57 29 37 0.99553585 
847 120 31 40 0.9954426 
631 114 23 30 0.9935324 
917 0 31 37 0.99199134 
732 64 23 30 0.99167764 
738 12 20 24 0.9855965 
236 22 15 19 0.98544127 
548 56 17 23 0.9851295 
324 94 23 28 0.9846965 
434 28 18 23 0.98373735 
718 125 26 31 0.9836394 
247 177 23 34 0.98334897 
512 18 18 21 0.98014337 
594 167 22 28 0.977539 
879 117 34 44 0.9728804 
629 17 18 25 0.9705384 
686 57 21 27 0.97042364 
657 5 16 22 0.96985203 
478 18 17 21 0.966565 
180 45 18 20 0.9659963 
677 7 15 20 0.9642456 
121 20 14 17 0.96203405 
602 103 20 25 0.95840377 
816 1 24 25 0.9565146 
689 26 19 22 0.95377636 
566 1 18 23 0.9504011 
93 36 15 19 0.9380996 
59 13 16 20 0.9002399 
497 107 18 23 0.79726297 
595 47 20 23 0.793006 
36 19 15 20 0.7748732 
378 34 19 21 0.7523687 
694 111 20 27 0.7046428 
860 26 21 24 0.6876155 
96 306 27 63 0.666435 
727 307 48 67 0.6618771 
533 41 15 20 0.5860178 
347 50 13 17 0.5711307 
0 21 12 18 0.5352681 
274 3 15 17 0.47604096 
369 101 18 21 0.3671683 
747 115 18 24 0.35507107 
85 0 14 12 0.3441754 
964 46 48 73 0.33783156 
367 389 30 51 0.33376768 
0 116 20 28 0.29774192 
355 0 16 14 0.29579598 
423 20 11 16 0.28167266 
562 29 14 17 0.26129854 
398 19 14 20 0.2491275 
156 22 15 17 0.24856779 
255 21 13 15 0.245839 
252 3 14 16 0.24148719 
160 0 11 10 0.2374963 
111 1 12 11 0.23669 
43 78 13 18 0.2232508 
986 267 39 78 0.20201619 
908 61 27 39 0.19476694 
77 0 16 13 0.19162193 
0 90 12 18 0.18307023 
310 16 14 19 0.18143098 
350 0 12 13 0.17185853 
181 0 14 12 0.16043654 
343 4 12 14 0.15837133 
349 21 20 28 0.1569407 
222 36 12 16 0.15305495 
412 3 13 17 0.15268676 
150 20 13 17 0.15159239 
764 117 15 22 0.14395489 
404 23 12 17 0.13727762 
667 5 17 24 0.13281049 
957 424 47 83 0.13208741 
842 0 19 21 0.117967464 
42 21 14 21 0.114835486 
12 26 15 18 0.11097748 
195 34 13 16 0.10817782 
292 35 18 26 0.10233952 
960 64 34 47 0.10194426 
141 0 13 12 0.10184611 
383 19 22 25 0.10135768 
482 107 14 19 0.09738134 
239 111 17 22 0.09501744 
881 124 50 60 0.093158245 
459 23 16 25 0.09206492 
770 116 19 27 0.09061656 
436 60 18 21 0.084933504 
86 18 11 14 0.083915345 
532 6 15 22 0.0836914 
603 13 15 18 0.08280081 
427 19 14 21 0.08250914 
254 9 13 17 0.07827743 
207 28 12 17 0.07608594 
164 58 16 22 0.07338167 
428 0 13 12 0.07330537 
207 0 12 10 0.073284514 
831 223 41 54 0.07289811 
701 114 22 30 0.07182764 
88 134 27 33 0.07175367 
251 25 14 18 0.066555776 
643 -1 14 13 0.06585658 
93 1 13 14 0.059970014 
133 0 14 11 0.05950951 
126 0 12 9 0.058702596 
213 34 12 17 0.055375725 
387 14 16 18 0.053625356 
260 3 13 15 0.052436765 
270 0 13 15 0.052371718 
454 27 13 21 0.051553316 
855 3 23 24 0.05134579 
309 23 18 23 0.051237904 
686 21 16 21 0.050901182 
71 0 14 12 0.050334964 
346 10 14 18 0.050094243 
526 11 13 19 0.049741827 
5 31 13 19 0.04926534 
436 2 15 15 0.049225572 
202 169 17 21 0.049030617 
148 1 11 10 0.048978176 
206 12 13 16 0.048944734 
20 0 16 13 0.047260128 
771 0 15 14 0.047216795 
206 19 13 17 0.046140164 
300 35 15 22 0.0459788 
20 21 12 17 0.04590737 
76 59 16 21 0.045899592 
101 0 12 10 0.04361862 
421 2 11 15 0.0436001 
29 0 14 12 0.042837188 
819 65 20 26 0.042124562 
285 14 10 13 0.041025262 
103 18 11 16 0.040180176 
576 38 18 26 0.03996609 
516 1 15 12 0.039215215 
245 58 21 27 0.038810376 
403 10 14 20 0.03795662 
403 1 20 23 0.03779623 
971 31 34 49 0.036787983 
466 21 21 27 0.036688708 
730 123 24 27 0.036520377 
489 83 16 23 0.03629184 
55 4 15 19 0.035258032 
357 101 21 28 0.034495417 
679 104 19 28 0.034437023 
205 5 13 16 0.034167003 
965 82 34 44 0.03412022 
422 193 39 37 0.033971872 
185 3 14 14 0.033321876 
332 26 13 17 0.03251367 
140 134 26 31 0.0323149 
845 352 39 44 0.032176968 
30 23 14 19 0.03210893 
611 12 15 22 0.031214448 
406 0 13 13 0.031190876 
35 109 22 26 0.031116577 
425 312 35 35 0.030847458 
454 11 13 17 0.030403782 
690 5 16 17 0.030257497 
194 42 15 19 0.030221352 
165 6 12 13 0.030176228 
599 18 14 17 0.02866754 
114 76 23 26 0.028614238 
636 1 19 18 0.028594725 
829 0 24 28 0.028593937 
301 0 12 12 0.028454103 
998 2 24 31 0.028286256 
942 303 63 85 0.028165555 
674 492 51 53 0.02762541 
340 157 28 30 0.027551178 
522 2 17 18 0.027509395 
144 20 12 16 0.026947493 
176 0 13 10 0.026310204 
324 26 15 18 0.026097223 
139 137 16 21 0.025947008 
642 78 15 18 0.025913479 
247 1 12 12 0.025620725 
59 0 15 13 0.025355032 
68 2 12 17 0.025221117 
294 1 11 12 0.025024993 
414 19 12 18 0.024730776 
69 65 21 28 0.024602238 
540 50 16 22 0.024459496 
372 0 13 11 0.024121795 
722 17 15 21 0.023957297 
2 15 14 19 0.023957217 
150 51 13 18 0.023773516 
78 18 10 16 0.023598019 
95 15 11 14 0.02322169 
384 3 24 24 0.02309523 
82 54 16 22 0.022963665 
613 5 16 21 0.022695355 
983 24 33 45 0.022573011 
862 1 13 13 0.022251537 
306 3 15 16 0.021989899 
954 418 28 66 0.021717452 
290 203 30 39 0.021705575 
200 0 11 10 0.021608602 
733 280 49 69 0.021283993 
665 458 48 65 0.021195818 
158 59 15 19 0.021183914 
762 10 14 19 0.021058256 
499 10 12 19 0.021040652 
876 0 24 24 0.02081787 
229 4 14 15 0.020762198 
902 55 23 36 0.020710368 
32 73 22 28 0.020681765 
467 161 28 30 0.020602286 
671 104 15 24 0.020590879 
722 312 33 45 0.020409003 
300 212 32 37 0.020224812 
269 19 12 15 0.02020494 
494 392 43 55 0.02004042 
