47_Matador_Bullfighter_matadorbullfighting_47_152
57
192 216 33 43 0.99664485 
116 11 15 18 0.97242266 
778 274 27 50 0.96566355 
312 7 18 20 0.90740323 
425 0 20 22 0.89504665 
469 0 21 23 0.7351253 
677 55 12 15 0.5526909 
172 10 17 20 0.4243193 
288 0 18 14 0.32791844 
691 50 13 18 0.20663543 
686 44 14 16 0.1966223 
670 97 14 16 0.1531918 
151 28 10 14 0.14452358 
681 47 18 24 0.111140676 
627 9 14 17 0.103556655 
380 26 17 20 0.095853254 
624 61 11 14 0.09323912 
1012 3 10 14 0.08209348 
693 58 12 17 0.08027684 
614 54 10 12 0.07223182 
701 43 10 15 0.06551014 
607 71 11 15 0.06495506 
567 3 12 14 0.05627171 
691 38 14 16 0.050609488 
380 0 15 13 0.04613708 
579 69 12 13 0.044972014 
625 5 11 12 0.0439634 
479 0 17 20 0.043782722 
597 0 13 11 0.041830864 
174 21 14 18 0.040751163 
624 55 10 12 0.03821486 
175 4 16 19 0.037687726 
277 0 14 12 0.03733954 
679 45 12 16 0.03716575 
566 73 14 17 0.032736927 
303 95 39 46 0.032406475 
262 4 17 16 0.03234624 
607 94 13 16 0.030477852 
568 330 221 330 0.02883464 
604 0 13 12 0.027725792 
507 60 14 20 0.026183017 
466 41 18 20 0.025550608 
634 10 14 18 0.025335858 
624 48 9 10 0.024436159 
699 50 11 17 0.024238689 
680 41 9 12 0.023752483 
420 -1 43 36 0.0236465 
267 0 15 15 0.02347595 
572 0 12 12 0.023205735 
918 23 11 12 0.023175064 
560 70 10 13 0.023134062 
174 1 13 13 0.022288432 
298 1 16 17 0.022061544 
255 21 15 20 0.021659544 
318 43 14 21 0.021474766 
616 60 11 13 0.02122752 
629 0 11 11 0.0208074 
