47_Matador_Bullfighter_matadorbullfighting_47_491
94
316 196 14 18 0.9922019 
983 198 14 17 0.9304005 
348 195 11 14 0.92704004 
748 192 17 22 0.8048894 
99 189 17 22 0.7873306 
197 200 14 16 0.7679835 
948 63 12 15 0.7307676 
6 150 13 17 0.7243555 
86 132 15 17 0.72222567 
868 137 14 17 0.68426204 
892 136 14 18 0.6228838 
185 157 12 15 0.6030981 
405 191 15 18 0.59866786 
1011 179 12 17 0.3260152 
306 326 18 22 0.30181134 
57 190 11 14 0.23623174 
210 161 14 16 0.21743059 
341 238 9 12 0.21271409 
933 193 12 14 0.20892926 
32 190 12 15 0.1589224 
229 186 11 14 0.11609488 
117 187 12 15 0.11197915 
463 219 39 31 0.10275379 
247 188 9 12 0.08950315 
360 185 11 15 0.08929356 
38 182 13 17 0.08487026 
303 313 23 27 0.07539086 
7 178 15 16 0.07228851 
362 170 13 15 0.07089685 
37 191 12 17 0.06725079 
845 133 14 20 0.06637294 
244 166 14 16 0.06166968 
124 187 11 17 0.057165418 
917 138 13 17 0.05466422 
186 307 297 316 0.04650095 
45 187 11 16 0.045846142 
246 148 14 17 0.043220244 
898 134 13 16 0.042492945 
0 153 14 17 0.04233449 
217 203 15 18 0.042048972 
953 168 10 12 0.040355485 
379 187 12 15 0.040016185 
52 230 9 11 0.039534535 
443 258 27 30 0.037471287 
637 112 9 11 0.037392516 
139 239 11 13 0.03689529 
53 181 13 18 0.036321133 
953 188 9 11 0.035584684 
867 155 12 15 0.03556042 
228 175 14 15 0.034464683 
450 220 31 27 0.033667434 
337 308 9 13 0.033494797 
231 197 12 15 0.032851186 
992 174 9 11 0.031590663 
45 195 12 15 0.031380955 
206 178 13 15 0.030815823 
245 157 15 16 0.030814357 
237 189 11 12 0.030288365 
981 158 9 12 0.02939157 
241 172 12 14 0.029273964 
165 166 13 16 0.029036704 
733 110 15 17 0.02897522 
210 170 15 17 0.02890677 
77 235 9 11 0.028853947 
283 237 13 17 0.028065596 
225 181 12 15 0.027792085 
128 220 11 13 0.027758574 
132 222 12 14 0.027333992 
900 110 9 12 0.026358387 
351 302 9 12 0.025999652 
911 139 12 15 0.02576834 
312 279 10 11 0.025562862 
956 185 9 11 0.025388349 
210 144 16 16 0.024424087 
718 114 13 15 0.02412889 
215 198 13 16 0.02385 
205 190 11 15 0.023081286 
300 307 16 20 0.022612661 
134 195 10 14 0.022320688 
5 184 18 21 0.021861224 
111 184 20 25 0.021794913 
149 195 14 16 0.021717012 
653 128 18 19 0.02117553 
889 146 10 13 0.021163266 
0 140 10 14 0.021115541 
235 201 12 16 0.02063798 
126 180 12 17 0.020624701 
40 183 19 25 0.02053258 
188 188 16 18 0.02040607 
935 183 11 13 0.020354029 
229 224 12 15 0.020236285 
989 180 11 12 0.020176956 
175 158 11 14 0.020110456 
1 115 14 17 0.020086024 
