47_Matador_Bullfighter_matadorbullfighting_47_207
101
921 478 18 23 0.9723106 
577 400 19 25 0.9702637 
884 482 19 24 0.9646529 
742 424 16 21 0.9484435 
719 489 19 22 0.9241306 
405 515 41 41 0.9155865 
378 418 21 27 0.87061113 
601 468 18 24 0.7882133 
63 341 14 18 0.63387644 
508 476 14 18 0.57064515 
474 431 13 19 0.36825335 
819 480 16 21 0.30911484 
644 542 14 18 0.23589456 
553 420 12 14 0.21621118 
533 474 13 20 0.21027869 
244 420 19 24 0.19003731 
401 497 18 25 0.18742588 
1003 471 20 28 0.18118212 
440 430 11 14 0.16982904 
475 420 11 14 0.15077426 
795 482 16 19 0.14032422 
502 481 11 15 0.09691694 
443 435 12 15 0.08452205 
656 482 16 19 0.076684095 
528 531 11 13 0.061996885 
652 580 17 22 0.061195064 
310 478 16 20 0.059273593 
637 498 13 15 0.05375941 
175 460 12 15 0.049927596 
185 540 9 10 0.04923819 
237 425 16 21 0.048136618 
913 540 12 15 0.045092147 
871 522 11 14 0.044978812 
534 458 12 14 0.042358223 
517 480 13 18 0.04130466 
590 523 10 12 0.040694755 
524 481 13 17 0.040470056 
780 475 15 20 0.039484575 
14 511 8 10 0.039046414 
826 487 15 21 0.038020942 
218 527 7 9 0.035873126 
653 468 15 17 0.034725964 
511 459 15 17 0.034175344 
633 495 11 14 0.034090675 
831 537 23 27 0.03391605 
653 474 17 21 0.03345299 
597 461 18 24 0.033271577 
320 438 12 16 0.033123173 
413 430 15 18 0.0328675 
233 524 9 10 0.032794602 
540 470 15 21 0.032750074 
541 452 14 17 0.03261881 
590 481 10 15 0.031533364 
787 475 19 25 0.031175388 
473 415 12 13 0.030866925 
175 499 10 11 0.030473368 
788 520 16 21 0.030238504 
640 544 20 27 0.029879546 
786 469 13 16 0.029723791 
286 438 11 13 0.02855941 
446 414 12 14 0.028442647 
462 358 9 10 0.028364291 
667 579 13 18 0.028199587 
765 471 15 19 0.027822854 
613 510 11 14 0.02748829 
419 459 13 19 0.027486963 
604 434 12 17 0.02735815 
176 484 11 14 0.02662386 
277 467 12 17 0.026286734 
160 482 11 14 0.0259587 
514 466 14 19 0.02586054 
375 522 51 50 0.025854196 
1003 462 18 20 0.025634846 
439 413 12 14 0.02515658 
475 462 12 14 0.025009459 
63 350 13 19 0.02496934 
802 484 16 23 0.024636878 
418 449 13 17 0.02431072 
325 437 13 16 0.023620998 
249 415 18 22 0.023617763 
453 412 11 16 0.023585454 
704 507 12 15 0.023526449 
698 438 13 17 0.02350081 
527 470 13 19 0.02295181 
175 419 11 14 0.022909323 
463 429 12 16 0.022809975 
566 541 10 12 0.022750558 
253 523 10 12 0.022356166 
175 492 11 14 0.021812018 
311 467 12 17 0.021751728 
446 484 11 15 0.021750191 
874 472 14 19 0.021652088 
560 536 10 11 0.021502098 
583 483 11 13 0.021476828 
573 554 12 14 0.021259105 
235 520 10 11 0.02078581 
231 427 13 19 0.020640193 
687 548 11 13 0.020469993 
256 462 22 29 0.020361474 
716 595 11 15 0.020180702 
-1 510 6 10 0.020099409 
