47_Matador_Bullfighter_matadorbullfighting_47_710
45
514 339 54 57 0.9437784 
195 363 347 492 0.605346 
382 16 13 17 0.2660847 
424 25 13 17 0.23955515 
986 34 16 17 0.20266151 
720 0 12 10 0.1580845 
640 51 11 14 0.13207218 
698 103 18 21 0.10654498 
679 0 14 11 0.1020494 
673 115 15 16 0.08656575 
757 19 10 13 0.08361802 
963 164 15 18 0.076838166 
614 0 20 19 0.068707615 
893 1 11 12 0.06412088 
381 73 11 14 0.05404381 
451 0 16 15 0.050602604 
375 17 15 19 0.048408378 
1013 20 10 17 0.04194875 
926 29 13 16 0.036721036 
355 1 18 16 0.03530991 
502 176 10 12 0.03422048 
652 14 13 16 0.033591382 
956 158 15 20 0.0334699 
644 2 12 14 0.033417985 
900 0 11 12 0.031688403 
361 72 9 12 0.031424813 
771 37 13 15 0.030961929 
251 74 12 14 0.029880956 
476 0 18 14 0.027605385 
628 62 12 14 0.026003415 
695 85 14 15 0.025771547 
678 45 11 15 0.025520781 
50 167 35 37 0.025518501 
439 0 25 19 0.024784464 
893 21 11 13 0.024171898 
417 27 11 16 0.023954062 
1004 3 14 17 0.023771608 
841 176 8 10 0.02240043 
592 67 15 19 0.022375634 
869 13 10 15 0.021769622 
977 72 10 12 0.021158932 
827 20 13 17 0.021130133 
225 73 7 9 0.021119455 
49 378 170 264 0.020113925 
982 127 11 13 0.020035984 
