47_Matador_Bullfighter_matadorbullfighting_47_536
140
775 286 21 26 0.9502534 
899 335 17 20 0.93952143 
969 339 17 20 0.8867527 
622 271 18 22 0.8201683 
477 318 19 23 0.81848925 
402 218 20 23 0.57344586 
941 314 10 13 0.5004263 
333 283 21 27 0.48961085 
720 322 20 22 0.4657315 
834 325 15 18 0.4414214 
665 240 16 20 0.3254487 
145 430 30 27 0.31017226 
0 194 11 18 0.30806097 
583 301 14 17 0.30648276 
701 195 9 11 0.30189365 
447 199 9 12 0.29123834 
75 187 12 16 0.28357834 
548 291 16 20 0.2600609 
649 306 15 17 0.24760562 
599 299 10 16 0.23478332 
954 313 12 15 0.21499543 
941 354 15 19 0.19659981 
920 356 12 16 0.17093417 
524 338 14 21 0.16360836 
1007 341 16 23 0.15951644 
969 357 16 20 0.15106146 
404 290 13 19 0.14544038 
695 340 12 14 0.124048196 
451 381 12 15 0.122823976 
372 293 17 20 0.116788186 
2 189 11 15 0.11676526 
109 409 26 28 0.10494966 
797 302 12 16 0.099168815 
4 400 21 26 0.09537515 
499 302 17 17 0.08587666 
499 314 18 20 0.08378359 
706 261 14 18 0.077689424 
571 332 20 24 0.075832814 
568 539 23 27 0.070779875 
541 296 16 23 0.06969581 
412 382 15 18 0.06811202 
934 361 13 16 0.064318664 
710 322 13 19 0.06431605 
2 428 10 14 0.06421806 
449 260 15 20 0.058978472 
374 305 12 14 0.05779431 
845 325 12 17 0.05428318 
463 226 13 16 0.05313207 
409 369 16 19 0.050736245 
18 198 8 11 0.04662604 
647 291 14 17 0.045492325 
158 435 19 19 0.04431781 
334 453 11 13 0.04360744 
924 359 12 17 0.042699017 
644 254 15 20 0.04265816 
118 423 15 16 0.042521156 
948 350 14 20 0.04243083 
149 440 32 28 0.042399433 
698 192 9 12 0.042295724 
1008 323 13 18 0.041740127 
535 304 15 20 0.040842008 
371 370 15 20 0.040494617 
16 408 17 22 0.040431626 
911 324 12 16 0.03927332 
358 308 13 16 0.038026143 
399 214 16 20 0.037169736 
1 223 10 14 0.036977213 
565 305 14 17 0.036895964 
860 259 14 17 0.036164146 
660 247 16 21 0.03612515 
4 222 13 15 0.036015905 
730 318 13 18 0.035808425 
317 318 15 19 0.03534666 
553 296 15 20 0.03416109 
15 443 14 18 0.03361797 
708 293 12 15 0.033243403 
529 331 17 23 0.033091713 
379 345 13 16 0.03280815 
105 519 10 12 0.032723803 
692 293 13 16 0.032013863 
18 335 16 19 0.03158251 
387 371 14 17 0.030755535 
518 331 14 22 0.030677091 
832 319 13 17 0.03064617 
23 201 8 10 0.030458162 
655 237 11 18 0.029806418 
460 256 15 20 0.029469326 
558 306 14 16 0.029153556 
433 396 9 12 0.029119538 
67 216 14 19 0.029008135 
730 324 15 22 0.028733598 
494 316 13 18 0.028708702 
651 256 14 20 0.028641982 
484 298 13 14 0.02818629 
40 379 27 29 0.027925016 
21 214 8 12 0.027606253 
446 373 17 19 0.027528109 
524 325 17 21 0.027278125 
380 368 14 17 0.027144145 
909 357 14 18 0.027006395 
269 425 14 16 0.026755221 
29 203 11 12 0.026223488 
394 285 22 28 0.025871085 
141 434 18 21 0.02566676 
659 257 13 17 0.02555892 
448 362 18 19 0.025551215 
1010 329 13 20 0.02529978 
666 229 16 19 0.025210358 
3 242 12 20 0.025077235 
437 226 13 21 0.024959203 
366 390 12 13 0.024875076 
334 461 12 15 0.024429835 
0 407 15 20 0.024422761 
504 306 16 18 0.024310945 
3 199 12 17 0.024065219 
682 254 16 20 0.023902578 
717 260 12 16 0.023634449 
91 408 13 19 0.02354443 
408 378 15 18 0.023539761 
347 464 12 18 0.023354663 
633 274 14 19 0.023215763 
107 402 22 24 0.0229982 
555 534 24 26 0.02253206 
20 394 15 24 0.02246608 
982 316 9 10 0.021675719 
437 391 10 13 0.021568365 
580 325 15 18 0.021544792 
973 350 20 26 0.02134198 
707 213 11 15 0.021331187 
571 302 11 15 0.021321693 
33 221 9 12 0.02128292 
396 337 12 15 0.021025935 
720 220 11 13 0.021005532 
131 419 13 16 0.020900613 
3 418 15 18 0.02077873 
102 412 13 18 0.020756902 
391 333 11 14 0.020545257 
47 354 14 16 0.020456778 
554 286 13 16 0.020198205 
366 376 16 19 0.020159377 
