47_Matador_Bullfighter_Matador_Bullfighter_47_761
41
237 29 33 39 0.99188966 
184 40 27 34 0.98697996 
73 32 31 38 0.98630375 
348 41 26 31 0.98311263 
40 120 28 35 0.98009104 
885 116 26 32 0.9680366 
472 30 27 36 0.9664946 
197 121 30 37 0.8532957 
596 48 25 29 0.84833664 
563 16 22 28 0.79145247 
278 546 27 40 0.630919 
350 117 31 37 0.3740105 
250 0 28 24 0.14292131 
479 136 36 39 0.13390055 
700 52 30 33 0.07741236 
828 147 23 26 0.073533736 
463 129 19 21 0.073451385 
1005 130 19 37 0.068204634 
509 485 23 30 0.06299024 
396 138 19 21 0.045123477 
294 555 30 44 0.043050278 
499 466 30 35 0.03921764 
175 131 23 31 0.03786512 
923 172 24 25 0.03338988 
571 23 24 30 0.031680506 
589 36 26 35 0.03157825 
1012 124 11 20 0.0309161 
423 519 36 34 0.02857409 
1010 146 14 29 0.02786149 
247 9 30 35 0.027756482 
288 540 24 38 0.02749164 
718 498 49 64 0.027358491 
313 607 36 44 0.026732078 
2 116 25 30 0.026600515 
233 561 22 38 0.026572172 
482 344 201 228 0.026450764 
64 21 25 34 0.025869546 
350 144 30 34 0.024736036 
278 530 24 37 0.023502372 
226 119 20 28 0.02349562 
51 56 25 34 0.022253087 
