47_Matador_Bullfighter_matadorbullfighting_47_731
1278
360 116 10 13 0.9789155 
424 171 19 21 0.97051996 
680 115 10 14 0.9689409 
142 78 10 12 0.95912015 
577 138 20 25 0.95059586 
85 99 10 13 0.95012987 
145 132 9 12 0.9348253 
870 92 10 12 0.93418765 
839 86 10 12 0.92456156 
625 109 10 13 0.9208336 
950 114 10 13 0.914377 
720 133 11 14 0.9018807 
302 135 11 13 0.89609826 
1012 81 11 17 0.8913279 
833 112 9 11 0.88217247 
593 104 10 11 0.88199997 
64 115 10 13 0.87368464 
712 108 9 12 0.86110586 
565 123 10 12 0.85457647 
906 133 11 14 0.85184264 
914 110 10 13 0.85104203 
601 116 10 13 0.84965706 
863 77 9 10 0.8433836 
142 11 11 14 0.83239317 
454 120 9 12 0.8283285 
872 111 10 13 0.8119384 
365 13 10 12 0.8107469 
888 103 10 13 0.8105682 
622 131 11 14 0.80751866 
404 134 10 12 0.8041294 
190 140 9 11 0.8031571 
890 53 9 12 0.8002368 
768 100 9 11 0.78463644 
977 5 9 12 0.7843687 
310 18 11 13 0.7708745 
205 80 9 11 0.770398 
523 126 10 13 0.7698739 
536 5 10 12 0.76792043 
72 150 11 13 0.7672699 
977 36 9 11 0.76598245 
396 61 9 11 0.7644732 
967 91 11 13 0.75964403 
646 119 9 13 0.7595596 
326 142 12 15 0.7584854 
105 136 10 13 0.7517059 
495 64 9 12 0.74921805 
832 54 9 10 0.7487368 
9 117 10 12 0.7421391 
923 90 11 13 0.741194 
536 109 9 11 0.7360487 
39 126 12 14 0.73365384 
817 63 8 10 0.72898865 
985 106 12 15 0.7283441 
183 69 9 11 0.7267481 
165 125 9 11 0.7193082 
445 68 9 11 0.71907246 
389 149 10 11 0.7129701 
340 8 10 12 0.71231866 
1 148 10 13 0.70593405 
0 80 7 11 0.7054895 
927 48 9 11 0.6988756 
478 86 8 11 0.6980265 
100 87 10 13 0.69738233 
264 134 9 12 0.68894917 
166 160 9 11 0.6779728 
944 52 9 11 0.6720005 
82 80 9 12 0.67058307 
991 79 11 14 0.6697975 
402 32 10 12 0.6661272 
85 124 10 13 0.66506535 
688 60 8 11 0.6627918 
853 96 9 12 0.65994126 
646 149 10 11 0.65885115 
470 179 9 12 0.65734744 
962 73 9 12 0.65529364 
208 100 9 12 0.6527264 
246 55 8 11 0.6466101 
543 79 9 11 0.64519066 
783 81 9 11 0.64278245 
873 63 9 11 0.6360313 
308 75 10 13 0.6298059 
303 92 10 13 0.61821127 
69 95 9 12 0.6172136 
998 129 12 15 0.616938 
324 4 9 12 0.61578876 
178 132 8 11 0.6106215 
513 8 9 11 0.60724664 
414 152 9 11 0.6060635 
502 44 8 11 0.60343814 
113 11 10 13 0.60120326 
58 20 11 13 0.5981124 
273 10 9 12 0.5914339 
546 116 9 12 0.59116346 
154 100 9 12 0.59068304 
440 131 9 11 0.5881978 
857 60 9 11 0.585075 
973 49 10 12 0.58419967 
20 94 9 12 0.58129805 
514 71 9 11 0.57856596 
85 23 9 11 0.5741344 
588 85 9 11 0.5676168 
666 43 8 11 0.56667835 
504 140 11 13 0.56560326 
29 154 10 12 0.5650928 
169 101 9 12 0.56447023 
806 93 8 11 0.5642411 
377 97 9 11 0.55980855 
50 83 10 13 0.55914336 
825 30 8 10 0.5582456 
767 127 10 13 0.55491334 
191 10 10 12 0.5514623 
864 17 9 11 0.5443711 
20 136 11 13 0.5342248 
536 133 9 12 0.5330526 
715 80 8 11 0.53248185 
341 86 9 11 0.52340025 
125 105 9 11 0.5209369 
718 49 9 11 0.5136164 
717 109 9 12 0.5114068 
912 13 9 10 0.51135886 
982 64 10 13 0.51047516 
228 71 10 12 0.5077257 
689 38 9 12 0.5053303 
429 108 9 12 0.5005356 
908 59 9 12 0.49509266 
973 140 12 14 0.4949492 
559 81 9 11 0.49363926 
183 92 9 10 0.4894434 
948 38 9 12 0.48826033 
103 122 10 12 0.4858366 
780 136 11 12 0.48425025 
775 9 9 11 0.48124218 
881 127 11 15 0.4804072 
654 13 8 11 0.47985125 
801 117 10 12 0.47144622 
837 22 8 10 0.46924606 
753 87 8 12 0.46771175 
338 119 9 12 0.45380363 
30 78 8 10 0.4528572 
902 77 10 12 0.44950092 
769 29 8 10 0.4419063 
742 33 8 10 0.43762988 
648 63 8 11 0.4355118 
24 1 9 10 0.42634115 
671 110 9 12 0.42163438 
231 136 9 11 0.41874805 
25 22 9 12 0.41693056 
406 112 9 12 0.41474405 
178 3 9 12 0.4142643 
612 47 8 11 0.40916014 
693 91 9 11 0.40797004 
695 23 8 10 0.40593922 
642 93 9 11 0.405906 
922 67 9 11 0.40489414 
641 28 9 11 0.40243062 
302 3 10 12 0.40082026 
541 60 8 10 0.39965612 
868 35 9 12 0.39829844 
484 113 9 11 0.39751732 
333 108 9 12 0.39476433 
665 24 8 10 0.39007923 
741 61 8 11 0.3891152 
185 112 8 11 0.38854954 
252 79 10 13 0.38709646 
278 143 11 13 0.38438037 
680 89 9 11 0.38210267 
1006 6 10 11 0.378048 
601 61 8 10 0.374639 
215 157 9 10 0.37290525 
727 103 9 12 0.37288183 
566 103 9 10 0.37045106 
917 41 9 11 0.36979058 
349 108 9 12 0.369523 
779 40 8 11 0.36730507 
225 117 9 11 0.36339465 
124 148 10 13 0.36111295 
1009 51 10 13 0.35936984 
46 6 10 12 0.35250828 
415 102 9 11 0.34849468 
72 68 9 12 0.3475816 
905 85 10 12 0.34433907 
847 47 8 10 0.34288937 
554 14 9 11 0.34197643 
497 116 9 11 0.33708966 
461 147 9 11 0.33484244 
265 99 10 13 0.32870775 
814 13 9 11 0.32670647 
231 93 8 10 0.32617885 
421 5 9 11 0.3248329 
15 85 8 10 0.32276243 
638 45 8 10 0.31881163 
608 88 9 11 0.3182327 
264 69 9 11 0.3163646 
295 119 9 12 0.31482083 
616 24 8 10 0.3144215 
287 86 10 11 0.3101891 
777 65 8 10 0.30913004 
333 75 9 12 0.30530962 
117 84 8 10 0.30470535 
879 49 9 11 0.2988363 
281 103 8 11 0.29632285 
34 96 10 12 0.29525968 
789 17 8 10 0.293145 
137 115 8 11 0.29266044 
464 133 9 11 0.2913856 
38 118 11 13 0.2913281 
85 140 9 12 0.29083997 
945 15 9 11 0.28971153 
557 65 8 10 0.2886869 
265 86 10 12 0.28838402 
197 160 9 11 0.28783134 
160 83 9 12 0.28680906 
625 8 8 10 0.28574932 
369 153 10 11 0.28459468 
658 76 8 11 0.28373542 
709 127 10 13 0.27997902 
425 109 9 11 0.2748804 
164 7 10 12 0.27460068 
504 88 8 10 0.2718916 
949 14 9 12 0.2709086 
750 46 9 11 0.2695139 
439 5 8 10 0.26853138 
352 73 9 11 0.26777792 
233 102 8 11 0.26476222 
666 64 8 11 0.26429313 
110 105 10 12 0.26373592 
937 71 9 11 0.26283336 
142 115 9 12 0.26270735 
802 5 9 12 0.26244536 
746 86 8 11 0.26166806 
528 182 11 14 0.2591801 
758 72 9 10 0.25912765 
481 52 9 11 0.25636277 
575 57 8 10 0.2559283 
805 123 9 12 0.2540972 
462 94 9 10 0.2521243 
121 108 8 11 0.24922591 
392 91 9 12 0.24903835 
833 131 9 12 0.24891251 
545 112 8 11 0.24851847 
249 7 9 11 0.24817139 
859 131 10 12 0.24778976 
455 144 8 10 0.24430625 
603 22 7 10 0.24348518 
406 78 9 11 0.24274053 
477 69 8 10 0.24215806 
1016 23 8 13 0.24147412 
392 7 8 10 0.23579663 
106 76 8 11 0.23475009 
719 16 8 11 0.23378511 
567 22 8 9 0.23110816 
710 65 8 9 0.2279197 
463 86 9 11 0.22633976 
666 92 8 11 0.22139993 
946 61 9 11 0.2200944 
829 70 8 10 0.21920232 
822 63 8 10 0.21912253 
570 63 8 10 0.21903531 
837 54 9 10 0.21652962 
225 43 10 12 0.21534148 
890 14 8 10 0.21501252 
129 7 9 12 0.2110817 
13 171 11 14 0.20684947 
622 78 8 11 0.20675442 
759 39 7 10 0.20160472 
447 6 8 11 0.2007829 
343 92 10 13 0.20070222 
212 69 9 12 0.20030744 
722 68 8 11 0.19982992 
446 88 8 11 0.19947106 
970 29 9 12 0.19933344 
753 39 8 10 0.1981273 
278 109 9 11 0.19695441 
606 63 8 10 0.19680838 
385 32 9 13 0.19482292 
294 87 9 13 0.1940864 
711 39 8 10 0.19294779 
381 80 9 11 0.19240156 
463 81 9 10 0.1897384 
158 144 8 10 0.18563022 
633 72 8 10 0.18537074 
435 6 7 10 0.18536398 
805 54 8 10 0.18400797 
202 5 8 11 0.18083985 
786 28 8 11 0.18032362 
309 115 9 12 0.17595914 
362 165 13 14 0.17437595 
416 78 9 11 0.17419964 
60 175 9 13 0.1733181 
191 174 13 15 0.1725885 
760 76 8 10 0.17170674 
405 1 8 10 0.17079249 
881 36 9 10 0.16827495 
600 138 12 15 0.16765389 
166 80 8 10 0.16686086 
664 68 8 11 0.16660951 
585 65 7 9 0.16449927 
233 6 8 11 0.16374123 
329 72 9 12 0.16180341 
752 119 9 11 0.16106321 
111 79 9 11 0.1603338 
807 13 8 10 0.15923077 
815 69 8 10 0.15920176 
654 45 8 10 0.15827985 
754 64 8 10 0.15371089 
377 84 9 11 0.15294011 
905 22 9 11 0.15279043 
914 44 9 11 0.15251507 
535 46 7 9 0.15093063 
225 89 8 11 0.150287 
82 213 8 11 0.14873657 
256 69 9 10 0.14857616 
149 153 8 10 0.14851046 
841 148 9 11 0.14838085 
267 93 10 14 0.14823577 
809 72 7 10 0.14658026 
0 6 8 12 0.14616542 
792 70 9 10 0.14427255 
536 86 8 10 0.14421973 
10 86 8 10 0.14313495 
800 80 8 10 0.14281341 
583 54 7 10 0.14190698 
793 46 8 10 0.13940442 
809 32 8 10 0.1390175 
707 62 8 11 0.13868977 
948 44 10 13 0.13827349 
694 72 8 11 0.1372835 
337 160 10 13 0.13713713 
662 142 10 13 0.13654679 
489 133 9 11 0.13603716 
849 73 8 10 0.13593394 
0 102 8 12 0.13528816 
206 121 8 11 0.13522522 
491 9 7 10 0.13449937 
217 135 8 10 0.13447799 
512 160 10 13 0.13362217 
736 55 8 10 0.13332461 
429 158 9 11 0.13286164 
943 78 8 10 0.13257754 
477 92 9 11 0.1324922 
879 8 8 9 0.13171299 
496 102 8 10 0.13092275 
527 64 8 10 0.13061143 
201 83 8 11 0.13003339 
457 96 8 10 0.12908773 
505 54 9 11 0.12893446 
606 15 8 10 0.12855296 
817 45 7 10 0.12663487 
838 17 8 9 0.12623139 
353 1 8 10 0.12605378 
293 71 9 11 0.1260485 
688 6 8 10 0.12602974 
943 21 9 10 0.12579751 
815 40 7 10 0.12364868 
603 135 11 13 0.1236322 
734 13 8 10 0.12226169 
247 132 9 11 0.121724896 
754 70 9 11 0.12114924 
786 23 8 10 0.11978565 
980 31 10 11 0.11972725 
393 13 10 12 0.11615022 
747 81 7 9 0.1161153 
576 81 8 10 0.116001345 
191 88 8 11 0.115676016 
682 14 8 10 0.11503931 
671 69 8 11 0.11451094 
431 150 8 10 0.11423554 
356 75 9 12 0.11375762 
639 56 8 10 0.112882785 
500 111 9 12 0.111770906 
760 118 8 12 0.110630505 
206 144 8 10 0.11025228 
737 7 8 10 0.10959135 
573 62 8 9 0.10944899 
509 89 8 10 0.10911982 
641 62 8 10 0.10907501 
626 13 7 10 0.1087827 
715 48 7 10 0.108518966 
898 76 9 12 0.10824183 
428 87 9 11 0.107758135 
683 62 8 10 0.10757135 
793 64 8 10 0.10636437 
633 77 9 11 0.10549755 
842 6 8 11 0.102722354 
714 147 9 12 0.102601275 
1015 62 9 12 0.10062807 
743 94 8 9 0.10005654 
721 6 7 9 0.09960984 
754 22 8 10 0.0992476 
960 154 13 15 0.09899833 
905 91 9 12 0.09867596 
438 54 8 10 0.09842283 
570 68 7 10 0.098403364 
688 89 9 11 0.097581856 
841 1 8 9 0.096229516 
562 48 7 9 0.09621703 
566 108 11 11 0.09555712 
48 39 10 14 0.09492958 
97 6 9 11 0.09440604 
402 3 8 11 0.0942155 
193 164 11 13 0.09359848 
434 55 8 11 0.093406744 
241 121 8 9 0.09333562 
544 29 8 10 0.09314683 
432 145 8 10 0.093137324 
135 8 9 12 0.09302428 
767 55 8 11 0.0930135 
767 78 8 10 0.091767445 
803 111 9 11 0.09140088 
201 126 8 10 0.091393866 
239 157 9 11 0.09126516 
1015 68 8 12 0.0906217 
447 110 8 10 0.09021035 
474 93 8 12 0.09013584 
704 47 8 10 0.08978269 
753 33 8 9 0.089652464 
488 166 10 13 0.08907025 
196 135 8 11 0.08906287 
766 47 8 10 0.08889789 
814 188 12 14 0.08885205 
367 70 8 11 0.088701084 
497 87 8 10 0.08814447 
57 179 9 12 0.088007085 
847 150 9 12 0.08797123 
810 37 8 11 0.08776669 
871 68 8 11 0.08660135 
695 30 9 11 0.08638402 
781 69 8 10 0.086359456 
463 128 9 11 0.08562364 
858 78 8 11 0.08534733 
696 76 9 11 0.08528665 
217 0 8 10 0.08520197 
653 63 8 10 0.08497787 
97 156 9 11 0.08496503 
541 104 9 10 0.08486766 
801 87 8 10 0.0848281 
666 111 8 12 0.08481636 
345 102 9 12 0.083686665 
47 101 9 11 0.08363733 
211 157 8 11 0.08342776 
850 15 8 10 0.08316618 
687 157 8 11 0.08303669 
562 21 7 10 0.0829254 
605 9 8 9 0.08275044 
433 134 8 10 0.08271363 
149 110 9 11 0.082707405 
873 55 8 10 0.08257773 
43 130 11 13 0.082477786 
175 109 8 11 0.08198767 
456 102 9 10 0.08176329 
410 104 8 10 0.08175943 
637 72 8 10 0.08131951 
890 0 8 8 0.08108448 
854 151 9 12 0.08104358 
373 12 8 12 0.08069508 
567 97 8 10 0.0805088 
888 149 9 12 0.0803686 
271 118 8 10 0.080333605 
634 56 8 10 0.07988342 
840 28 8 10 0.0797517 
995 77 11 14 0.07949573 
240 89 8 10 0.07902944 
713 5 8 10 0.07896334 
166 72 9 10 0.07882382 
200 119 9 10 0.07879474 
738 93 7 10 0.07872154 
577 15 7 10 0.078679875 
703 16 8 10 0.07842246 
685 151 9 12 0.078101404 
10 70 8 10 0.07779284 
153 143 8 11 0.07708108 
1013 151 9 13 0.07669717 
190 117 8 10 0.07668973 
765 118 9 11 0.07656308 
578 40 8 10 0.07629288 
630 14 8 10 0.07618518 
817 79 8 10 0.07586542 
644 24 8 11 0.075585805 
213 96 9 11 0.07557583 
609 53 7 10 0.074726015 
696 57 8 10 0.07454319 
256 148 9 12 0.07446656 
937 75 9 12 0.074444 
417 110 8 11 0.07439597 
424 105 8 10 0.07406384 
229 110 8 11 0.073808424 
524 150 10 14 0.073361754 
598 110 10 12 0.07268841 
530 111 8 10 0.07255061 
548 150 10 13 0.07193449 
241 125 8 10 0.07181756 
751 132 9 12 0.071801074 
496 96 9 10 0.071378775 
376 7 8 10 0.07119371 
412 54 10 13 0.071155 
200 142 9 11 0.07086309 
756 90 10 12 0.0708463 
705 93 8 10 0.070703834 
734 49 8 10 0.07068038 
168 107 9 12 0.070648246 
378 1 8 9 0.0704918 
673 116 10 13 0.070271626 
702 55 9 11 0.07018846 
30 84 9 11 0.06986298 
908 79 11 12 0.06983404 
517 105 9 11 0.069456995 
633 85 8 10 0.069178864 
669 23 8 10 0.06907155 
401 88 8 11 0.06855001 
942 0 8 9 0.0685383 
570 56 7 10 0.06850246 
613 92 9 11 0.0682788 
673 30 8 10 0.0682774 
538 80 8 11 0.068275645 
448 92 8 10 0.06807374 
752 54 8 10 0.067865595 
941 101 9 11 0.06765423 
727 95 9 10 0.06757748 
209 151 8 10 0.06757427 
545 41 7 9 0.06733901 
860 57 8 10 0.067214206 
95 1 9 9 0.067024946 
583 49 8 9 0.0668227 
73 13 8 11 0.06677828 
633 63 7 9 0.066769436 
820 157 10 12 0.06665912 
220 15 11 13 0.06662388 
531 47 7 9 0.06510476 
722 2 7 9 0.065008886 
450 125 8 11 0.065006405 
648 68 9 11 0.06500277 
42 24 8 10 0.06498752 
673 5 8 10 0.06435812 
168 153 9 11 0.064303264 
415 144 9 10 0.06424462 
216 172 11 14 0.06420906 
271 78 8 11 0.06415208 
859 206 7 10 0.06380116 
678 31 8 10 0.063687526 
329 105 10 12 0.06365449 
48 62 8 10 0.06337354 
500 61 9 12 0.06334288 
105 104 10 12 0.063121244 
0 181 11 14 0.06306439 
549 113 9 12 0.06289727 
857 87 8 10 0.062684104 
441 109 8 11 0.061926935 
807 77 8 10 0.061878286 
538 57 9 10 0.061840873 
71 75 9 12 0.061819617 
656 109 8 11 0.061744776 
744 6 8 10 0.061627127 
834 85 9 12 0.061614938 
878 192 8 10 0.061549593 
33 116 9 12 0.061539322 
873 231 9 11 0.061436277 
714 21 8 10 0.061067283 
161 10 9 12 0.060797743 
63 49 9 10 0.06010266 
815 88 8 10 0.05972353 
938 23 8 10 0.05970147 
789 80 8 10 0.059571773 
238 93 9 10 0.059569553 
64 141 8 12 0.059543863 
823 80 8 10 0.059515253 
531 166 12 14 0.05924534 
28 28 10 12 0.05904423 
689 2 8 9 0.05896543 
862 0 8 7 0.058938026 
894 21 9 11 0.0585872 
906 198 8 11 0.058551494 
726 5 8 10 0.058534995 
288 14 9 11 0.05851308 
392 72 8 11 0.05841761 
511 107 10 12 0.058142602 
848 22 8 10 0.057918347 
223 126 9 10 0.057572283 
814 93 8 10 0.057368755 
478 81 9 11 0.05733336 
710 94 9 10 0.057116993 
202 1 8 9 0.056928635 
617 17 7 9 0.05674601 
121 155 10 12 0.05657322 
845 182 9 11 0.056511257 
183 157 8 10 0.056130044 
529 95 7 10 0.056053497 
180 199 11 13 0.05597791 
187 70 9 11 0.05577865 
607 70 8 9 0.05576514 
990 54 10 12 0.05546448 
650 41 7 10 0.055439357 
585 112 8 10 0.05533263 
546 44 8 10 0.055004172 
410 60 9 12 0.05498387 
555 69 7 9 0.054910388 
482 166 9 12 0.054826755 
517 155 11 14 0.054767933 
128 94 9 11 0.05427289 
111 174 11 13 0.05392727 
817 58 7 9 0.053914454 
0 109 8 12 0.053855967 
791 133 8 12 0.05382487 
658 141 9 12 0.053753436 
280 60 8 11 0.053738944 
159 235 9 12 0.053722993 
471 23 9 11 0.053717606 
753 125 9 12 0.053679675 
146 152 8 10 0.053585134 
256 133 8 11 0.05341819 
200 152 9 10 0.05323984 
183 76 9 10 0.053122275 
906 16 8 10 0.053050946 
744 112 8 10 0.052731466 
418 117 8 10 0.052549638 
62 0 9 10 0.052499615 
714 53 9 10 0.052030493 
399 92 9 11 0.051953867 
47 30 9 10 0.051783938 
950 9 9 10 0.05171153 
697 18 8 9 0.051684346 
890 22 8 10 0.051682733 
724 65 8 10 0.051294878 
415 47 9 12 0.051180452 
281 95 8 10 0.051154297 
592 64 8 9 0.051087685 
257 111 8 10 0.051081743 
633 23 7 10 0.050724037 
320 72 8 10 0.0506865 
726 1 7 9 0.05064515 
945 32 9 10 0.050635606 
134 95 8 10 0.050562054 
792 128 8 9 0.05040668 
1012 109 10 15 0.050348412 
644 89 10 11 0.050297175 
745 117 8 10 0.049956407 
802 13 8 11 0.04987711 
590 82 8 10 0.049872994 
562 39 8 9 0.049843743 
503 102 8 10 0.049802307 
418 126 8 10 0.04978934 
704 89 7 10 0.049753856 
876 115 10 12 0.049746934 
463 7 8 10 0.049595427 
305 112 9 11 0.049514025 
561 0 9 9 0.049491063 
528 86 7 10 0.049481947 
225 75 9 12 0.04947725 
422 128 9 11 0.049293693 
239 135 9 12 0.04924337 
729 15 7 10 0.049233474 
797 40 9 10 0.049176548 
253 11 9 12 0.048762705 
583 117 9 10 0.048666958 
575 135 14 19 0.04866508 
576 101 9 10 0.048613284 
48 181 9 10 0.048345767 
6 14 8 11 0.048344627 
951 87 10 12 0.048156764 
103 175 9 13 0.0479784 
542 83 8 11 0.04778113 
367 64 8 10 0.047637127 
240 152 9 11 0.047615673 
778 80 8 12 0.04758706 
283 87 8 11 0.047551278 
798 46 7 10 0.04754585 
583 8 8 9 0.047432315 
957 111 10 12 0.04728215 
759 125 8 12 0.047164373 
913 172 10 14 0.04706655 
306 20 9 12 0.046845526 
495 127 8 11 0.046818003 
682 55 8 10 0.046811905 
256 117 9 11 0.046783317 
826 54 7 10 0.046742305 
1 12 8 11 0.04660657 
440 151 7 9 0.0465909 
97 175 8 11 0.046489354 
126 134 8 10 0.04646241 
852 156 9 11 0.046278574 
253 128 8 10 0.046126507 
904 40 7 10 0.046082143 
868 20 8 10 0.04590936 
288 80 10 11 0.045815166 
711 33 8 11 0.045557544 
483 48 9 11 0.045446794 
714 17 8 10 0.044992108 
374 141 8 11 0.044692717 
230 63 9 10 0.04451872 
322 1 9 11 0.044411294 
149 0 9 9 0.044271268 
174 141 9 11 0.043996204 
218 87 8 10 0.043963563 
681 8 8 9 0.043898635 
916 13 8 10 0.043893892 
93 102 9 12 0.04378641 
274 111 8 11 0.04366803 
761 112 8 10 0.043436486 
905 28 8 11 0.043243695 
510 231 9 12 0.043209396 
18 99 8 11 0.04320629 
575 22 8 10 0.04317958 
702 21 8 10 0.04312355 
950 78 8 11 0.043086417 
136 174 9 11 0.0430271 
861 173 9 10 0.04293462 
684 142 9 13 0.042915534 
670 90 8 11 0.04285479 
732 103 9 11 0.042809 
591 8 8 9 0.042797558 
938 0 8 8 0.042787593 
7 6 8 10 0.0425103 
601 78 8 10 0.04225632 
479 39 9 11 0.042226188 
656 104 8 10 0.04214634 
576 97 8 9 0.042056996 
361 160 9 11 0.041814074 
208 174 10 12 0.041812986 
829 29 9 11 0.04174686 
830 149 9 11 0.04167669 
360 8 9 10 0.04167 
648 2 8 9 0.041637618 
425 92 8 11 0.041628867 
728 53 8 11 0.041559555 
471 101 8 10 0.04152201 
911 30 8 10 0.04140095 
462 101 9 10 0.04138341 
706 70 8 10 0.041378044 
933 47 8 11 0.041337848 
583 14 8 10 0.041271083 
264 118 9 10 0.041199293 
311 124 8 12 0.041117117 
772 96 9 12 0.04110965 
614 125 244 223 0.04108947 
658 136 9 11 0.041070346 
150 117 9 11 0.041037437 
78 42 10 13 0.040978268 
824 174 8 10 0.040901534 
268 69 9 12 0.040648784 
551 79 7 11 0.04044394 
623 84 8 11 0.040413134 
423 117 8 10 0.040384267 
759 17 8 9 0.04024235 
759 57 8 10 0.040142514 
16 1 9 9 0.040139705 
103 13 9 11 0.039988916 
746 14 8 10 0.039892573 
424 132 9 10 0.03986326 
262 5 9 12 0.039801143 
840 48 8 10 0.039706912 
518 76 8 11 0.03970435 
560 54 8 9 0.039605163 
606 80 9 10 0.039543763 
118 166 11 13 0.03949795 
983 25 10 12 0.039445523 
895 92 8 11 0.039433245 
432 14 8 10 0.039428588 
404 85 10 12 0.039331693 
759 33 7 9 0.03925133 
474 65 8 10 0.039169867 
868 155 12 13 0.038913447 
166 179 9 12 0.038867995 
117 172 12 14 0.038846895 
447 12 8 10 0.038817972 
514 76 8 10 0.03876593 
677 72 8 10 0.03870212 
520 65 8 10 0.038624644 
175 221 9 11 0.03859425 
456 5 8 11 0.03852486 
987 68 11 14 0.038421452 
238 7 8 10 0.038320772 
3 144 11 13 0.03830257 
405 166 9 13 0.038289197 
977 62 10 13 0.038261026 
218 129 7 10 0.03824374 
528 14 8 10 0.038110923 
78 8 8 9 0.03792611 
147 156 9 11 0.037893973 
679 78 8 10 0.03785197 
791 56 8 9 0.037841227 
222 153 9 10 0.037785124 
863 152 9 10 0.037763774 
272 44 9 12 0.03772207 
46 110 10 12 0.037677534 
308 0 10 10 0.037528004 
705 131 10 13 0.037519973 
509 171 12 15 0.03740921 
705 161 9 10 0.037398797 
273 55 8 11 0.03738631 
707 39 7 10 0.037284188 
440 50 8 10 0.037264097 
25 117 9 11 0.037175495 
762 43 7 11 0.03712254 
385 5 8 11 0.0370726 
651 7 7 9 0.036945462 
173 151 9 10 0.03694396 
149 7 9 13 0.03691119 
745 102 9 11 0.036760904 
535 93 8 10 0.03673297 
841 70 7 9 0.036701925 
848 54 7 10 0.036671296 
625 64 7 8 0.036625434 
980 147 12 14 0.03658854 
23 217 9 11 0.03656461 
23 87 8 10 0.036558464 
190 149 10 11 0.036448054 
763 8 8 9 0.036442764 
664 56 7 9 0.036358684 
658 95 7 9 0.03634886 
357 1 9 10 0.036280412 
750 104 8 10 0.036267545 
578 9 8 9 0.03607033 
399 166 10 13 0.03605905 
158 202 10 13 0.035884902 
447 2 9 10 0.03579856 
889 157 10 13 0.035759963 
893 48 9 11 0.03567773 
208 180 11 13 0.035581034 
585 81 8 10 0.03555104 
798 62 8 9 0.0354989 
120 128 8 11 0.03547271 
682 37 8 11 0.035407227 
128 128 8 11 0.03539699 
177 93 8 11 0.035340015 
503 82 8 9 0.03519891 
635 41 7 10 0.03514378 
6 21 10 13 0.03513449 
216 5 8 9 0.03513117 
624 73 8 10 0.03510974 
81 136 10 11 0.035087943 
216 141 9 10 0.034976747 
584 0 7 9 0.03493922 
286 134 8 10 0.034931097 
225 141 8 11 0.034856625 
485 320 60 54 0.03485265 
811 195 14 15 0.03483145 
165 132 10 12 0.034713864 
508 136 9 11 0.034713015 
751 111 8 11 0.0346832 
0 204 11 14 0.03453183 
847 42 8 10 0.034480907 
528 81 8 10 0.03443778 
529 240 18 20 0.034416385 
87 181 9 11 0.03436081 
903 45 8 10 0.0343244 
241 61 8 11 0.03420419 
57 69 8 10 0.03415761 
86 174 10 13 0.03415366 
425 159 9 11 0.034099437 
768 85 8 10 0.034040965 
56 63 9 11 0.03403849 
697 45 8 11 0.03401139 
794 170 16 16 0.03399636 
639 135 8 11 0.03395668 
127 173 9 12 0.033917006 
289 125 8 11 0.033699375 
749 8 8 9 0.033603176 
442 64 10 12 0.03358556 
781 64 7 10 0.0335679 
874 191 8 11 0.033554286 
494 133 8 10 0.033552144 
581 101 8 11 0.033550482 
943 85 9 12 0.03349249 
63 5 8 10 0.03341106 
751 16 8 9 0.033270966 
553 102 8 9 0.033266883 
507 203 14 15 0.03326269 
842 62 8 10 0.033207774 
800 32 8 10 0.03317613 
492 170 12 13 0.033130422 
568 18 8 9 0.03292586 
446 49 9 11 0.032917768 
208 64 9 11 0.032904323 
238 14 9 11 0.032875877 
737 89 7 10 0.032863256 
759 157 11 12 0.03272449 
272 141 9 12 0.032707028 
861 184 9 11 0.03265007 
566 37 8 10 0.032636546 
769 182 13 14 0.03262808 
537 28 8 11 0.0324116 
425 151 8 10 0.03230579 
793 103 8 10 0.032283183 
54 4 10 12 0.032199807 
184 180 9 11 0.03219741 
-1 117 9 13 0.03213996 
801 23 7 9 0.032127403 
80 175 9 10 0.032125782 
878 151 10 12 0.032102615 
128 89 8 9 0.032067373 
393 126 7 10 0.031939693 
617 71 7 9 0.031925343 
792 188 12 13 0.031903774 
952 93 10 11 0.03190145 
729 88 8 10 0.03189816 
65 98 9 12 0.031875715 
2 187 12 15 0.031843152 
162 135 8 10 0.031830736 
856 15 7 10 0.03176948 
543 73 8 10 0.031736568 
762 0 8 8 0.031624977 
690 69 9 12 0.03153966 
506 6 8 11 0.031513195 
6 0 9 10 0.031487707 
215 109 8 10 0.031471003 
270 127 8 10 0.03141658 
432 80 8 9 0.031381816 
737 35 9 11 0.03137637 
40 79 7 10 0.031371877 
719 114 9 12 0.031342737 
6 94 8 10 0.03132184 
410 156 9 12 0.031317923 
100 153 10 12 0.03130369 
672 134 9 13 0.031296212 
330 146 12 16 0.031296 
824 151 9 11 0.031190908 
592 23 8 9 0.031164115 
968 25 9 11 0.031156637 
528 55 8 9 0.031146219 
488 86 8 10 0.03111888 
270 63 8 11 0.031100595 
236 71 9 12 0.03107309 
521 86 8 10 0.031064995 
122 133 8 10 0.030968033 
526 102 7 11 0.030938523 
497 141 8 12 0.030937295 
668 139 11 15 0.030844636 
880 13 8 10 0.030814957 
859 0 7 8 0.030802546 
108 124 9 12 0.030725578 
295 111 9 10 0.03066701 
113 167 10 13 0.030641083 
657 56 7 9 0.030550048 
212 177 13 16 0.030546516 
720 104 10 13 0.030544555 
120 234 13 15 0.030544233 
160 56 9 11 0.030407159 
96 181 8 10 0.030347796 
565 81 8 10 0.030320115 
445 132 8 11 0.030286144 
603 86 8 11 0.030187368 
471 1 8 9 0.030098988 
318 75 8 11 0.030034645 
385 73 8 11 0.029998953 
489 30 8 10 0.029994247 
839 174 8 10 0.029830022 
982 97 10 12 0.029616691 
512 48 7 9 0.029587897 
567 85 8 10 0.029531403 
515 233 89 101 0.029416539 
264 156 9 12 0.029408427 
888 191 8 10 0.029373292 
75 64 9 12 0.029331136 
846 176 8 10 0.029302321 
261 151 9 12 0.029241072 
240 110 8 11 0.029236784 
111 95 8 10 0.02916977 
885 32 8 11 0.02909433 
832 175 9 10 0.029057872 
941 95 9 12 0.029056959 
836 114 10 12 0.029030737 
56 56 8 10 0.029022189 
536 24 8 11 0.028924594 
39 176 9 12 0.028912669 
430 71 8 10 0.028868526 
72 175 8 12 0.028852096 
809 48 7 9 0.02883622 
56 0 9 11 0.028755058 
449 105 8 10 0.028747352 
858 188 8 11 0.028741576 
664 17 8 9 0.028702093 
179 69 8 11 0.02869061 
224 134 8 11 0.028656373 
823 85 8 10 0.028642552 
288 0 8 9 0.028590461 
234 158 8 11 0.028566899 
726 78 8 11 0.028507086 
864 168 8 11 0.028488617 
815 21 8 10 0.028407834 
377 136 8 11 0.028396457 
863 86 9 11 0.02839392 
479 174 8 10 0.028359713 
798 103 9 11 0.028309051 
69 163 10 13 0.028244484 
929 29 8 10 0.028195973 
213 65 9 11 0.028190257 
141 174 11 12 0.028106697 
517 12 8 10 0.028102526 
916 8 8 11 0.02807129 
822 166 10 12 0.028031051 
591 15 7 9 0.028028363 
471 112 8 10 0.028022463 
624 97 8 10 0.028022284 
255 1 9 11 0.027886286 
678 136 9 11 0.027829314 
185 152 7 9 0.027827622 
416 135 8 10 0.027813708 
402 116 9 11 0.02777257 
348 93 9 12 0.027766207 
285 92 10 12 0.027711624 
986 62 11 12 0.027677553 
981 1 8 10 0.027677083 
125 205 12 13 0.0276429 
298 0 9 11 0.027622541 
54 141 10 13 0.027619189 
433 60 9 11 0.027576113 
686 136 9 12 0.027559947 
223 0 8 9 0.027554575 
626 57 7 9 0.027553031 
847 64 8 9 0.027486365 
746 131 9 12 0.027480597 
775 58 8 10 0.027448077 
318 165 11 12 0.027417848 
421 79 8 10 0.027323244 
738 110 7 10 0.02729317 
840 199 10 11 0.02728136 
69 144 11 14 0.027266432 
22 199 13 14 0.02717623 
232 2 8 9 0.027144037 
888 9 8 9 0.027107487 
639 13 8 10 0.027020343 
496 81 8 10 0.026916325 
737 24 7 9 0.026891582 
332 169 13 16 0.026877036 
434 1 8 10 0.026859308 
366 77 8 10 0.026819974 
383 1 8 9 0.026809232 
84 209 9 11 0.026784468 
368 143 8 10 0.026769495 
183 175 9 12 0.026747365 
216 167 9 12 0.026731685 
689 33 8 11 0.026705578 
465 1 8 9 0.026586426 
90 0 9 10 0.026584456 
455 63 9 11 0.026564432 
233 13 9 11 0.026473075 
317 14 9 12 0.026463022 
682 159 9 12 0.026394451 
189 200 9 11 0.026355641 
937 66 8 10 0.026353983 
126 182 9 11 0.02635357 
505 1 7 9 0.026349908 
494 30 8 10 0.026282633 
880 2 8 8 0.026270311 
29 199 11 14 0.026116107 
626 39 7 9 0.026107613 
199 113 8 10 0.02609611 
389 166 12 14 0.026020678 
710 158 9 11 0.026004598 
178 87 8 11 0.025957271 
391 2 8 9 0.025955306 
841 40 7 10 0.025949486 
480 1 8 9 0.025944063 
618 7 8 10 0.025917094 
7 122 11 13 0.025906011 
1009 71 9 11 0.025856867 
807 102 8 10 0.025809705 
148 129 9 11 0.025798103 
381 111 9 11 0.0257976 
823 36 8 11 0.025780505 
893 163 10 13 0.025770865 
456 56 8 9 0.025737043 
516 180 12 14 0.025726473 
928 78 9 10 0.025662847 
1 94 8 11 0.025606103 
656 87 7 10 0.025579723 
206 1 8 10 0.025560878 
977 99 9 14 0.025529936 
31 135 8 11 0.02548939 
928 0 8 9 0.025418663 
176 175 9 11 0.025407169 
861 247 9 12 0.025376307 
0 126 7 10 0.025287436 
798 72 8 10 0.025260344 
970 135 12 15 0.025248982 
9 80 8 10 0.02521883 
261 181 10 14 0.025188081 
3 197 11 14 0.025165638 
82 96 9 12 0.025139045 
681 23 7 9 0.02512282 
527 119 9 11 0.025036462 
319 118 8 11 0.024916725 
96 14 9 11 0.024896784 
492 159 12 13 0.024863038 
672 105 8 11 0.024810836 
786 56 7 9 0.024787404 
319 160 9 11 0.024742479 
221 167 11 13 0.024735 
137 148 8 11 0.024719281 
62 203 12 14 0.024708204 
192 221 8 10 0.02470054 
125 168 10 13 0.024658158 
642 123 9 12 0.024648704 
632 30 8 10 0.024643963 
870 165 10 13 0.024568267 
854 47 7 10 0.024488049 
758 165 14 15 0.024422131 
646 103 9 11 0.024415616 
479 32 8 10 0.024406713 
463 14 8 10 0.024381198 
141 207 11 13 0.024363639 
990 49 9 12 0.024349917 
245 141 10 13 0.024339747 
15 5 7 10 0.024270466 
613 151 11 14 0.024244213 
784 100 8 11 0.02419736 
319 125 8 11 0.02419261 
480 22 8 10 0.024181345 
561 109 9 11 0.0241489 
37 151 10 13 0.024035405 
454 110 9 11 0.024024913 
918 103 10 12 0.02400454 
460 118 9 11 0.024003098 
965 109 9 12 0.023978913 
173 156 9 12 0.023831801 
553 97 7 9 0.02376957 
928 25 7 9 0.02362315 
52 45 10 13 0.02355335 
202 102 8 10 0.023533775 
417 1 9 10 0.023499537 
255 156 10 13 0.023473619 
218 56 8 10 0.02336551 
784 119 8 10 0.023313215 
96 79 8 11 0.02328097 
488 24 9 10 0.023239464 
86 16 9 11 0.02322816 
652 147 10 13 0.023222627 
153 203 9 13 0.023221757 
826 145 9 10 0.02321598 
975 125 10 12 0.023209512 
568 139 9 14 0.023209332 
245 149 10 12 0.023152031 
463 164 9 11 0.023113778 
615 65 7 10 0.023105994 
896 9 7 10 0.023093404 
723 127 11 13 0.023052631 
367 137 8 10 0.023005005 
238 164 9 12 0.022985218 
961 7 8 10 0.022983816 
401 139 7 10 0.022977257 
361 150 8 11 0.022969611 
591 70 8 9 0.022964267 
366 86 9 11 0.02289463 
287 108 8 12 0.02281877 
871 99 10 12 0.022799088 
494 149 9 11 0.02277527 
1014 104 9 14 0.022747768 
408 15 8 11 0.022684136 
535 9 9 12 0.022664579 
598 97 8 9 0.02264208 
464 112 8 9 0.022586305 
646 112 11 13 0.022577085 
864 10 8 9 0.022561718 
8 64 9 10 0.02255472 
497 40 9 11 0.022526734 
293 14 8 11 0.02250673 
934 116 9 12 0.022501623 
414 73 9 10 0.022469435 
409 74 8 10 0.022448828 
844 144 9 12 0.022391444 
856 31 8 10 0.022384908 
569 32 8 10 0.022379505 
10 167 11 13 0.022367101 
33 124 10 14 0.022343365 
688 44 8 10 0.022332396 
749 182 13 14 0.022331113 
968 15 8 10 0.022299591 
311 61 8 10 0.022297857 
162 163 9 11 0.022290995 
114 149 8 11 0.022283131 
458 16 8 9 0.022224285 
120 213 8 11 0.022205183 
1011 5 11 13 0.022188406 
845 188 10 13 0.022184703 
550 200 10 12 0.022169277 
454 168 10 11 0.022155115 
488 142 9 11 0.022146638 
864 222 7 9 0.022075314 
338 92 9 12 0.022074448 
558 141 9 11 0.022073848 
681 48 8 10 0.022059044 
86 104 11 14 0.022045113 
263 79 9 11 0.022034325 
812 203 13 13 0.022025084 
246 157 10 13 0.022007687 
82 181 8 11 0.022007484 
555 84 8 11 0.021986416 
406 94 8 10 0.021984069 
442 92 8 11 0.021953538 
602 29 7 10 0.021935986 
42 60 8 11 0.021918295 
303 61 8 11 0.021879166 
66 148 10 14 0.021845026 
610 41 7 9 0.021826714 
759 150 11 13 0.021824222 
119 52 9 11 0.021786334 
645 172 10 13 0.021786304 
325 170 14 17 0.0217538 
497 1 8 9 0.02171707 
37 205 9 12 0.021674972 
317 103 9 11 0.021665843 
256 103 8 10 0.021640604 
826 127 7 10 0.021593904 
415 97 9 10 0.021581339 
765 109 9 12 0.021570696 
966 97 11 15 0.021562535 
261 174 11 13 0.02155287 
601 39 7 9 0.021530759 
575 110 9 11 0.021528423 
415 84 8 11 0.021466428 
1014 14 10 13 0.021464963 
805 142 9 12 0.021421816 
248 2 9 9 0.021401828 
480 102 9 10 0.021386754 
872 49 9 10 0.021382255 
474 40 8 11 0.021379283 
194 128 8 10 0.021373589 
799 133 8 11 0.02134749 
167 1 9 10 0.021340339 
16 128 8 11 0.021285454 
285 61 8 10 0.021275 
1008 114 11 14 0.021262042 
824 13 7 9 0.02124884 
296 23 9 11 0.021234019 
352 136 9 11 0.021177871 
505 15 7 10 0.021167476 
727 48 8 11 0.021094106 
814 31 7 10 0.02108933 
503 305 27 33 0.021066343 
303 101 9 11 0.021049075 
958 38 8 11 0.021001818 
949 20 9 11 0.020971196 
41 14 9 11 0.020953367 
972 177 14 16 0.020952675 
225 61 8 11 0.020952027 
129 1 9 10 0.020937646 
153 85 8 11 0.020923998 
592 1 7 9 0.020915978 
143 138 10 12 0.020913225 
114 209 7 9 0.02087149 
672 17 7 9 0.020869903 
739 117 7 10 0.020828603 
124 212 10 11 0.020806225 
278 188 11 16 0.020759905 
945 8 8 9 0.020718172 
659 31 7 9 0.020715605 
296 65 9 10 0.020671409 
15 55 8 10 0.020670049 
126 198 12 14 0.020622082 
578 46 8 10 0.020584019 
549 40 7 10 0.020581305 
727 157 11 13 0.02056423 
100 38 10 12 0.0205338 
506 165 10 13 0.020529399 
67 78 8 11 0.020520627 
880 196 8 10 0.020506533 
68 197 11 14 0.02048689 
899 40 7 9 0.02047202 
574 69 8 11 0.020464182 
222 55 9 11 0.020460013 
618 128 9 11 0.02043514 
55 198 10 12 0.020433145 
759 142 10 11 0.020365747 
344 1 9 11 0.020365475 
0 232 9 12 0.020365223 
182 215 10 12 0.020299193 
81 120 10 13 0.02027106 
855 22 8 10 0.020262953 
793 150 9 11 0.020261638 
640 142 8 12 0.020257927 
165 62 9 11 0.020254804 
647 58 8 10 0.020234399 
934 179 11 13 0.020216279 
693 6 8 9 0.0202137 
78 13 9 11 0.02017502 
706 104 8 11 0.020169768 
799 149 9 12 0.020169137 
544 216 11 13 0.020132702 
249 102 8 11 0.020021006 
