47_Matador_Bullfighter_Matador_Bullfighter_47_583
32
383 184 250 316 0.99991214 
119 608 16 18 0.83006674 
901 601 15 18 0.3958828 
400 714 37 36 0.36287254 
204 539 38 41 0.25739056 
909 890 23 34 0.18464339 
619 893 34 48 0.17166567 
283 841 29 51 0.097348824 
912 914 19 22 0.09281529 
611 864 44 50 0.08467054 
627 1058 33 38 0.08453799 
716 846 27 39 0.06905541 
376 709 39 43 0.061597086 
828 937 12 18 0.05622284 
380 1054 43 38 0.054054853 
801 829 18 22 0.046275694 
386 1084 27 29 0.04042233 
598 727 50 49 0.03997042 
767 559 43 48 0.0373867 
624 906 54 48 0.036555298 
807 1182 36 35 0.034045044 
411 689 29 43 0.030331165 
178 596 8 10 0.028607944 
214 590 11 15 0.02847616 
731 918 22 31 0.027387628 
379 899 37 34 0.025812296 
812 898 16 18 0.024949161 
632 1099 50 45 0.024711454 
359 1047 26 29 0.024042469 
632 1086 33 35 0.023593044 
721 850 17 24 0.021084554 
919 880 27 32 0.020221299 
