14_Traffic_Traffic_14_170
596
952 566 8 10 0.7953549 
212 352 12 14 0.7259871 
950 615 10 12 0.67595506 
350 605 8 11 0.46850967 
746 569 8 11 0.46482947 
929 634 10 12 0.4497013 
830 584 8 10 0.44071692 
441 317 10 13 0.4388417 
248 442 9 12 0.41125348 
476 342 9 11 0.40088463 
864 621 9 12 0.39407378 
968 596 9 11 0.3625126 
934 565 8 10 0.34195358 
599 383 9 12 0.32232592 
887 527 7 9 0.3031868 
502 275 13 15 0.28488624 
852 608 10 13 0.28001836 
799 615 9 12 0.27286005 
537 428 11 13 0.25782874 
856 567 8 10 0.246467 
424 308 8 10 0.2433088 
966 479 7 9 0.22703019 
983 549 8 10 0.22154158 
988 581 9 11 0.2105229 
959 582 9 11 0.20275652 
580 420 9 11 0.19936743 
546 389 8 10 0.19935109 
646 437 8 10 0.1935447 
915 509 7 10 0.18966089 
534 381 9 11 0.1780663 
302 601 7 9 0.1779052 
513 381 9 11 0.17568842 
550 418 8 10 0.17373979 
900 607 11 13 0.17243949 
363 270 8 10 0.17028919 
750 612 10 13 0.16465205 
192 369 9 11 0.15031925 
925 589 8 10 0.14896952 
1006 558 9 12 0.14750797 
862 564 8 11 0.14565903 
879 492 9 10 0.14422572 
959 630 8 10 0.14215598 
832 492 11 14 0.14165255 
956 698 14 18 0.14077315 
862 549 8 9 0.1402538 
250 415 10 12 0.14007135 
574 444 8 11 0.13887548 
512 333 9 10 0.13779569 
125 221 10 13 0.13777196 
785 598 8 10 0.12921947 
398 278 9 11 0.1291958 
382 253 9 12 0.12782748 
473 360 9 12 0.12377969 
328 280 10 11 0.11919021 
437 262 8 11 0.11901034 
972 592 9 11 0.115309246 
368 479 8 10 0.11454922 
892 652 8 11 0.11265505 
823 673 8 9 0.11206606 
832 653 12 15 0.111870915 
578 416 8 10 0.11029355 
846 628 9 12 0.1040936 
621 293 9 12 0.10351582 
785 592 9 11 0.10304725 
974 559 9 11 0.1003951 
370 736 7 11 0.10028364 
171 12 12 15 0.09803247 
407 281 7 10 0.09785974 
985 695 11 14 0.097409055 
1007 625 9 10 0.09652301 
1009 587 9 11 0.094999015 
880 625 9 11 0.09411888 
850 569 8 10 0.09378337 
481 311 8 10 0.09370954 
913 505 8 10 0.09318403 
604 387 10 12 0.092100225 
519 349 10 13 0.09093463 
873 542 8 10 0.089685306 
978 551 7 10 0.08674869 
389 239 9 11 0.08596473 
561 414 7 10 0.08519703 
329 205 8 10 0.08415866 
1014 573 8 12 0.08284586 
575 388 8 10 0.082379244 
576 406 9 10 0.08220747 
520 357 10 12 0.081431076 
401 246 8 10 0.080016814 
464 312 7 9 0.07917265 
898 680 9 10 0.077763274 
454 347 10 12 0.077523485 
441 343 8 10 0.07594063 
878 581 10 12 0.075372696 
256 298 14 19 0.07488026 
433 285 8 10 0.07479819 
416 624 10 12 0.073786035 
462 303 8 10 0.073738135 
351 433 9 11 0.07356151 
620 436 9 11 0.072791785 
628 182 15 17 0.070915826 
703 288 8 11 0.07086033 
486 382 8 10 0.07072671 
814 606 9 12 0.07061193 
949 663 8 11 0.070515886 
878 669 8 10 0.07007885 
767 489 7 9 0.06931588 
577 401 8 10 0.06881899 
964 694 12 15 0.06786595 
464 316 8 10 0.06784509 
476 336 11 13 0.067607984 
524 207 10 12 0.06749619 
515 232 14 15 0.06617739 
975 647 9 13 0.06588139 
984 616 8 11 0.065745756 
835 657 12 14 0.06569921 
630 399 10 11 0.06487409 
519 363 9 11 0.064488485 
598 377 9 11 0.064246625 
1013 582 8 13 0.06372597 
360 214 7 10 0.06354635 
567 413 7 10 0.06308519 
429 357 10 12 0.062722504 
428 303 8 10 0.06244571 
735 485 9 12 0.062373724 
83 678 9 12 0.06102825 
549 342 8 11 0.060366403 
514 621 9 11 0.06000064 
610 452 8 10 0.05974655 
233 318 10 14 0.059533175 
557 372 9 12 0.05888267 
789 598 7 10 0.058401573 
700 327 12 15 0.058207706 
509 407 8 10 0.058010913 
836 607 11 15 0.057909083 
639 421 11 13 0.057668235 
545 344 8 9 0.05706895 
808 663 8 9 0.056789786 
1002 557 8 11 0.056572914 
513 248 22 19 0.05647029 
865 599 9 12 0.0558814 
1014 566 8 12 0.05557779 
569 260 20 22 0.055464853 
541 436 10 11 0.05496782 
681 480 8 11 0.054636184 
498 644 9 11 0.054489966 
954 669 7 10 0.05419824 
970 560 9 11 0.054043457 
374 437 9 11 0.053705174 
407 239 8 10 0.052416462 
449 347 8 12 0.05217527 
936 541 8 9 0.05192966 
437 281 8 10 0.05132185 
398 296 7 9 0.050102863 
390 260 8 11 0.049683657 
1009 564 9 12 0.049418963 
862 518 8 11 0.049307294 
862 493 8 10 0.049147457 
945 660 9 12 0.048981484 
502 341 8 10 0.048893932 
447 344 8 11 0.04883449 
926 528 8 10 0.04824424 
417 264 7 10 0.048223063 
391 255 8 11 0.04792056 
758 596 8 10 0.047902785 
920 569 8 10 0.047441266 
471 85 10 13 0.047432274 
769 615 8 11 0.04743048 
424 255 7 9 0.0474265 
399 303 7 9 0.04736779 
489 294 8 10 0.04719759 
403 341 14 16 0.04708865 
439 348 8 11 0.047070403 
863 694 8 11 0.047037806 
277 437 14 19 0.046949904 
992 551 8 10 0.046245188 
505 356 9 12 0.04599863 
847 652 8 12 0.045963176 
309 271 9 11 0.04594109 
880 519 9 11 0.045754522 
176 351 11 14 0.045712397 
71 740 24 26 0.045587003 
777 598 8 10 0.04549305 
862 511 8 9 0.04483295 
1006 551 9 11 0.044590537 
110 143 9 12 0.04458232 
803 614 10 12 0.04439519 
872 696 8 10 0.044191115 
685 479 8 10 0.044043 
318 160 8 10 0.04379466 
600 423 8 10 0.043703537 
987 598 8 10 0.04340534 
415 269 8 10 0.043136347 
271 149 7 10 0.042835563 
525 358 9 11 0.042575754 
895 527 7 9 0.042416785 
570 444 9 11 0.04239601 
183 367 9 10 0.04237825 
254 406 7 10 0.04235621 
181 356 10 13 0.042306207 
522 413 8 10 0.04205896 
1001 552 8 10 0.04196356 
277 371 13 16 0.041822217 
920 518 8 9 0.041541483 
965 687 12 13 0.041536056 
575 373 8 9 0.04148986 
394 296 8 9 0.041456115 
583 388 8 11 0.041311003 
402 240 8 11 0.04120544 
447 415 9 10 0.041010316 
132 165 9 12 0.040919047 
436 373 10 12 0.040876243 
350 249 9 10 0.040859226 
898 611 10 12 0.040702578 
958 558 8 11 0.04068723 
429 350 11 13 0.040336628 
493 356 9 11 0.03998736 
319 461 10 13 0.039780173 
957 645 14 17 0.03955608 
863 487 9 10 0.039480586 
1014 669 8 12 0.03928603 
776 620 9 11 0.038904477 
487 248 15 19 0.03885966 
329 202 7 9 0.03884709 
225 271 10 12 0.038760085 
561 367 9 11 0.038567703 
895 629 8 11 0.038464006 
423 263 8 10 0.038336653 
177 225 9 12 0.038307235 
366 266 7 9 0.03825965 
872 652 9 11 0.038142152 
343 221 8 10 0.038036037 
472 326 10 11 0.037889596 
415 239 8 9 0.037878398 
874 670 9 10 0.037621867 
909 631 9 11 0.037341338 
359 461 11 12 0.03725143 
959 576 9 12 0.03689558 
952 542 10 12 0.036847807 
909 560 9 11 0.036830887 
489 207 9 11 0.03649606 
985 577 10 12 0.036456134 
562 409 8 10 0.036247924 
958 551 9 12 0.036222715 
927 560 9 10 0.036045305 
489 352 8 11 0.03598084 
547 416 8 11 0.03593149 
896 519 7 10 0.035744548 
505 337 8 10 0.03573702 
324 221 9 10 0.03551149 
482 383 9 10 0.035283625 
99 677 8 10 0.035267256 
576 431 7 10 0.035116825 
428 307 8 12 0.034968078 
868 709 11 13 0.03494806 
191 291 13 14 0.03485803 
424 239 7 9 0.034784228 
391 244 8 11 0.034711685 
166 141 11 14 0.034703203 
349 477 9 12 0.034612816 
359 247 8 9 0.034557838 
820 628 10 13 0.034271173 
898 685 7 9 0.034220975 
401 325 8 9 0.03397253 
159 689 9 11 0.03392162 
474 349 8 10 0.033896763 
853 599 10 13 0.03378644 
575 367 8 10 0.03348117 
416 295 8 9 0.033439692 
783 584 8 10 0.03333313 
769 608 8 10 0.033262834 
613 450 7 9 0.033152875 
394 303 7 9 0.033117525 
543 348 8 11 0.032975536 
966 534 9 11 0.032886542 
55 10 13 15 0.032878026 
582 438 8 10 0.032859303 
483 397 14 17 0.03256429 
954 582 8 12 0.032546863 
921 652 9 12 0.03251388 
261 126 9 11 0.032510564 
485 311 8 10 0.03238062 
750 596 10 12 0.032302435 
298 57 15 18 0.032223724 
949 654 9 12 0.03217889 
984 559 7 11 0.03208018 
934 607 9 10 0.032041717 
926 693 8 10 0.031908948 
361 504 10 12 0.03173321 
445 313 9 12 0.03171778 
281 183 8 9 0.03169184 
982 536 8 10 0.03167904 
936 622 8 10 0.031652134 
925 533 8 11 0.03138372 
825 653 8 12 0.03136173 
593 387 10 13 0.031346604 
1010 528 8 10 0.0312916 
545 422 9 12 0.031188736 
943 558 8 10 0.031156322 
153 701 9 11 0.03115347 
943 551 9 11 0.030973462 
208 430 9 10 0.030951837 
365 277 8 9 0.030825099 
485 132 10 12 0.030804832 
409 616 10 11 0.030766176 
571 385 8 10 0.030692296 
458 296 7 9 0.030638874 
1012 559 9 12 0.030621547 
858 512 8 10 0.030561628 
504 350 8 13 0.030532956 
472 319 8 10 0.03048431 
502 232 10 11 0.03041946 
488 211 13 16 0.030224515 
384 247 9 11 0.030156747 
801 596 9 11 0.030144453 
278 380 14 17 0.030105483 
179 367 9 11 0.02988347 
613 381 10 12 0.02988191 
192 310 12 13 0.02979559 
741 487 8 11 0.029789835 
964 580 11 12 0.029785704 
189 217 8 10 0.02959501 
384 320 7 9 0.029534219 
615 390 8 10 0.02949484 
424 295 7 9 0.029482689 
911 565 8 11 0.029351708 
904 653 11 13 0.029252192 
901 684 8 10 0.029247178 
185 172 9 12 0.029209917 
959 687 11 14 0.029206293 
214 242 13 15 0.029147547 
120 268 9 11 0.029120065 
302 557 8 10 0.029054774 
478 347 8 11 0.029042209 
206 322 10 13 0.029041277 
305 208 8 11 0.028958155 
609 422 8 10 0.028927194 
392 221 8 10 0.028886046 
361 277 8 9 0.028829051 
986 591 8 10 0.02874939 
350 472 9 11 0.028619053 
315 537 6 8 0.028588906 
285 196 9 11 0.028560806 
494 295 8 11 0.028559824 
553 373 9 11 0.028481586 
1007 544 9 11 0.028399216 
625 190 23 27 0.02838202 
600 417 8 9 0.02836987 
961 588 9 12 0.028364165 
416 288 7 10 0.02835439 
319 217 8 10 0.02823799 
554 489 8 10 0.028230207 
544 386 8 10 0.028113443 
327 272 8 11 0.02809495 
228 125 9 11 0.028065905 
280 261 9 12 0.027944248 
1002 474 12 14 0.027943563 
581 406 8 10 0.027886271 
878 511 9 11 0.027861558 
661 404 11 13 0.027821971 
405 325 8 10 0.027816644 
575 361 8 10 0.027755849 
829 673 9 10 0.027721021 
919 648 9 11 0.027674397 
991 557 8 11 0.027667077 
353 238 6 8 0.02761724 
827 589 9 11 0.027609155 
405 244 8 11 0.0275937 
871 700 9 11 0.027578697 
609 416 8 10 0.027550012 
641 427 10 13 0.027524954 
909 636 11 12 0.027423812 
887 522 8 9 0.027414402 
345 431 11 12 0.027359875 
546 368 8 9 0.027311835 
755 614 11 13 0.027293764 
990 593 8 9 0.027288843 
570 389 7 9 0.027263379 
794 614 9 13 0.027249353 
174 268 11 13 0.027237663 
537 343 8 10 0.027232444 
607 406 9 10 0.027207192 
648 396 8 10 0.027177453 
921 527 7 10 0.027152127 
196 373 8 11 0.027104646 
567 366 8 10 0.027060544 
624 409 8 10 0.027035782 
196 314 12 14 0.027029216 
455 375 9 12 0.026993267 
556 492 10 13 0.026974488 
70 680 8 10 0.026970383 
749 591 10 11 0.02696699 
596 295 9 12 0.026939228 
320 270 7 9 0.026846074 
902 601 11 13 0.026840856 
432 256 8 9 0.026722364 
922 624 8 10 0.026713831 
921 585 9 12 0.026668992 
538 349 8 10 0.02660075 
895 567 7 11 0.026438516 
910 645 11 14 0.026339695 
967 528 8 10 0.026238542 
360 239 7 9 0.026116405 
607 400 9 10 0.026037917 
863 689 7 9 0.026005602 
542 134 8 10 0.026000975 
847 661 8 12 0.025999647 
888 678 7 10 0.025995627 
429 343 11 14 0.025973408 
874 664 9 11 0.025932591 
617 433 9 11 0.025919117 
434 318 9 13 0.025896706 
429 363 11 12 0.025843933 
1007 616 9 12 0.025705606 
958 664 8 9 0.02563613 
128 685 12 15 0.02559305 
99 403 14 22 0.025591917 
967 542 9 11 0.025568323 
863 524 8 10 0.025552055 
744 596 11 13 0.02555106 
130 691 14 17 0.025541432 
550 386 8 10 0.0254661 
951 547 11 14 0.02543422 
420 627 9 12 0.025429174 
839 535 8 11 0.025346007 
952 534 8 10 0.025168229 
838 541 8 11 0.025151564 
278 413 13 18 0.025077408 
549 405 9 11 0.024969157 
1002 582 8 11 0.024941612 
297 157 8 10 0.024818743 
570 431 7 10 0.024715086 
630 462 8 10 0.02469674 
513 365 8 11 0.02468832 
432 248 8 10 0.024677116 
535 335 9 12 0.024652608 
608 430 7 9 0.024572648 
962 534 8 10 0.024505107 
969 550 7 10 0.024499338 
376 229 7 10 0.024477394 
894 587 10 12 0.024443287 
905 550 8 9 0.024361292 
352 233 7 9 0.024355628 
418 255 7 9 0.024292948 
903 636 11 14 0.024204457 
362 479 8 10 0.024170289 
203 2 22 26 0.024103235 
951 570 11 12 0.024006145 
508 203 11 14 0.02399009 
177 340 9 11 0.023905134 
521 410 8 9 0.023824237 
758 581 7 10 0.02377904 
195 287 12 13 0.023761474 
886 574 8 10 0.02369003 
325 583 10 14 0.023677476 
777 583 8 10 0.023594612 
632 188 16 18 0.02359212 
365 508 9 11 0.023580238 
957 636 11 13 0.023548367 
755 394 17 20 0.023538599 
979 615 9 11 0.02353736 
885 624 8 10 0.023490097 
510 385 10 14 0.023481073 
904 518 7 9 0.023455404 
424 268 8 10 0.023405597 
446 419 11 12 0.023371305 
320 581 11 15 0.023304198 
368 231 8 9 0.023026867 
504 373 7 10 0.022976317 
550 368 9 11 0.022905065 
470 423 9 11 0.022905 
346 471 10 11 0.022895291 
460 343 10 12 0.022894965 
402 285 8 10 0.022859417 
777 591 8 11 0.022839524 
554 360 7 9 0.022794377 
561 391 8 10 0.022765175 
873 581 10 12 0.022722034 
545 407 8 10 0.022705618 
545 372 9 11 0.022653807 
981 663 8 11 0.02265294 
250 527 8 10 0.022649618 
863 504 8 9 0.022582851 
952 686 9 12 0.022561558 
32 692 11 13 0.022527525 
362 294 11 13 0.022527196 
359 210 7 9 0.0224815 
231 262 9 11 0.022327023 
280 144 7 10 0.022322288 
413 617 11 12 0.02227649 
548 430 9 11 0.022272777 
918 611 9 12 0.022271262 
1009 636 10 13 0.022263225 
583 463 9 11 0.022248242 
673 480 10 11 0.022220045 
245 166 10 12 0.022199137 
318 469 9 11 0.022153962 
876 694 9 10 0.022148397 
439 421 10 12 0.022103196 
344 484 8 12 0.022097195 
327 561 7 8 0.022066046 
413 279 7 10 0.022023275 
172 141 9 12 0.022002338 
253 235 14 19 0.022002008 
560 361 8 10 0.021977153 
984 229 19 21 0.021969484 
344 247 9 11 0.021961778 
464 383 8 10 0.021952575 
878 678 8 9 0.021938186 
743 582 8 10 0.021924825 
481 387 10 13 0.02188328 
715 339 51 56 0.021792468 
303 239 8 11 0.021779526 
953 646 10 13 0.021744637 
46 675 11 12 0.021744575 
456 121 14 16 0.021699738 
974 510 8 12 0.021672575 
910 584 8 11 0.021662626 
245 594 16 19 0.021656167 
595 375 8 11 0.021652272 
936 588 9 12 0.021645194 
207 222 9 12 0.0216313 
431 296 7 9 0.0216139 
480 222 8 10 0.02161078 
594 422 9 12 0.021594927 
944 648 8 10 0.021574914 
945 620 8 12 0.021562947 
977 607 7 9 0.021531422 
495 302 8 10 0.02151616 
493 382 8 11 0.021511795 
816 623 9 12 0.021445775 
813 662 9 10 0.021432701 
858 638 8 11 0.02139509 
247 246 11 14 0.02138417 
207 389 8 10 0.021347368 
613 415 9 12 0.021317823 
631 373 10 10 0.021257177 
326 190 8 10 0.021240583 
625 84 14 17 0.02120705 
922 631 8 10 0.021190558 
488 335 9 12 0.021176064 
336 492 8 11 0.021148486 
582 445 8 10 0.021146366 
153 382 8 10 0.021135686 
481 306 7 9 0.021078318 
361 232 8 10 0.021046659 
534 388 9 10 0.020841962 
247 143 8 9 0.020833604 
873 677 9 10 0.020822244 
215 366 10 13 0.020781752 
462 296 8 10 0.020769686 
246 567 9 11 0.020765757 
1014 598 9 13 0.020760128 
990 544 9 11 0.020748712 
975 532 9 12 0.02070572 
377 311 7 9 0.020699421 
156 746 19 18 0.0206842 
498 341 8 9 0.020679357 
870 478 9 11 0.020678042 
808 657 9 11 0.020672027 
926 624 10 11 0.02065465 
928 551 9 11 0.020637805 
880 534 8 10 0.020614231 
887 532 8 11 0.020614052 
225 384 8 10 0.020589033 
237 302 10 12 0.020538026 
509 401 9 11 0.020529695 
439 267 9 12 0.020498462 
469 396 10 12 0.020492747 
377 304 8 9 0.020414699 
345 251 9 12 0.020398118 
816 600 9 11 0.020370426 
737 583 8 9 0.020326598 
911 605 9 12 0.020295937 
313 422 10 13 0.020289097 
927 614 9 11 0.020280842 
835 582 9 12 0.020277575 
925 654 8 11 0.020263711 
952 692 12 17 0.02025949 
250 407 8 11 0.020250106 
487 289 9 12 0.020233221 
921 559 8 10 0.020210091 
69 745 16 19 0.020201748 
615 406 8 11 0.02018356 
834 646 14 18 0.020183485 
526 364 9 12 0.020179886 
607 439 8 9 0.02017956 
894 599 12 15 0.020178996 
394 311 7 9 0.020175792 
887 628 8 11 0.020161761 
927 669 9 11 0.02015253 
990 563 9 11 0.020095058 
216 85 10 14 0.020061249 
897 635 9 13 0.02003411 
360 431 8 10 0.02002466 
398 309 8 10 0.020012854 
681 472 9 11 0.020004135 
831 688 12 14 0.020001238 
