14_Traffic_Traffic_14_55
33
443 243 12 16 0.41369936 
610 149 9 11 0.12356273 
269 449 14 17 0.088699505 
212 464 15 17 0.06775661 
285 422 17 20 0.0496819 
743 104 7 9 0.048900567 
879 5 9 11 0.045534704 
815 276 11 13 0.04464252 
745 48 9 11 0.039146874 
728 104 8 9 0.038497932 
934 265 11 12 0.037665755 
296 158 8 9 0.037500694 
869 150 9 10 0.035952825 
728 167 8 9 0.03455269 
81 501 8 10 0.03434719 
13 88 13 15 0.0314013 
751 167 9 10 0.031131297 
625 173 10 13 0.029381083 
749 190 9 11 0.0284468 
261 449 25 27 0.027761934 
881 134 8 10 0.025037756 
744 110 7 9 0.024763463 
589 126 9 10 0.024240902 
174 333 10 12 0.023576617 
746 118 7 9 0.023048569 
736 110 8 9 0.022960426 
729 110 8 9 0.021906627 
369 213 8 9 0.021809496 
889 219 14 17 0.021721423 
217 205 9 11 0.021396264 
585 126 8 10 0.0201932 
33 110 9 11 0.020034166 
590 121 8 10 0.020033317 
