14_Traffic_Traffic_14_443
37
659 154 12 16 0.94307566 
512 131 12 16 0.89519185 
472 166 11 14 0.25278 
558 160 14 22 0.1901009 
801 146 14 16 0.13290493 
420 150 10 13 0.108302824 
497 141 10 14 0.104204826 
795 122 11 15 0.07224038 
382 135 11 14 0.07126737 
584 150 9 12 0.06122758 
533 61 10 12 0.046477173 
390 135 10 14 0.04384477 
510 158 10 14 0.04380833 
733 197 14 19 0.043351382 
397 138 10 15 0.042309344 
590 149 10 13 0.03736973 
573 169 13 16 0.03644351 
645 170 12 16 0.03547473 
2 178 15 22 0.03361699 
459 158 11 14 0.033607636 
638 228 11 14 0.032945514 
417 154 11 15 0.032301523 
702 179 9 12 0.032169335 
464 164 11 13 0.03129794 
429 176 12 14 0.027221186 
603 127 8 11 0.02628183 
420 144 9 11 0.025549728 
615 141 10 11 0.025027685 
576 149 10 12 0.023856824 
448 172 11 16 0.023390576 
447 155 10 13 0.022136038 
500 147 11 13 0.021940267 
631 164 10 13 0.021629494 
595 149 12 14 0.021241145 
836 147 11 15 0.021235257 
822 157 10 12 0.021163939 
592 165 11 18 0.020199465 
