14_Traffic_Traffic_14_840
376
704 277 30 34 0.9988875 
491 274 33 38 0.99756914 
808 284 29 33 0.9972403 
607 287 32 36 0.997088 
52 254 31 33 0.99602675 
92 257 27 30 0.9951061 
145 280 32 34 0.99495786 
278 275 32 36 0.9947765 
922 270 33 36 0.9945859 
19 283 36 40 0.9936498 
189 263 26 34 0.99331963 
668 262 28 31 0.9910678 
315 253 27 30 0.9899893 
382 291 32 38 0.9877 
212 254 24 29 0.9791997 
52 200 15 19 0.97659814 
774 268 24 29 0.9750533 
135 240 23 26 0.9733769 
960 260 27 32 0.9718749 
610 241 16 19 0.9712474 
577 259 27 32 0.9666703 
0 197 13 19 0.95417756 
27 211 14 17 0.95296675 
576 206 13 16 0.95175296 
627 211 13 16 0.9480999 
756 147 11 15 0.9473332 
630 241 22 25 0.94694597 
934 166 14 18 0.9421811 
709 239 24 25 0.93394935 
748 254 24 29 0.93225926 
890 171 14 20 0.93189824 
792 218 16 18 0.92491955 
863 266 25 27 0.9154504 
743 223 19 21 0.90896785 
496 187 10 13 0.9061412 
517 211 13 17 0.89237046 
531 219 19 22 0.88695085 
862 196 11 15 0.87379056 
633 191 12 15 0.82371086 
259 235 29 31 0.8138746 
323 199 13 16 0.8105415 
598 226 18 19 0.7877287 
226 203 15 20 0.77746993 
408 188 10 13 0.7698575 
977 188 9 12 0.76270974 
418 232 16 19 0.74780893 
388 265 31 31 0.7398228 
609 157 9 11 0.6864303 
661 236 25 26 0.681164 
650 219 16 17 0.6385105 
836 193 12 16 0.6251998 
267 199 14 18 0.5994311 
876 198 11 15 0.5527342 
774 185 11 16 0.5510264 
708 214 13 15 0.5464825 
134 196 14 17 0.5243108 
614 199 13 16 0.5050491 
193 181 11 15 0.5036065 
614 173 10 13 0.49303532 
442 336 24 32 0.47528005 
885 242 18 19 0.4655088 
694 196 11 13 0.45299077 
675 218 18 19 0.4340495 
668 187 11 15 0.4219515 
350 149 7 10 0.41728696 
596 156 9 11 0.41416404 
605 233 17 21 0.4074143 
559 238 22 24 0.40577355 
288 212 14 15 0.39655846 
165 248 17 21 0.3875692 
526 156 8 11 0.38360724 
471 246 22 24 0.36691648 
534 178 11 14 0.34975746 
365 207 11 15 0.34550694 
464 218 15 17 0.3366209 
526 152 8 10 0.3359842 
830 188 13 18 0.30811825 
675 206 13 14 0.30237958 
342 234 17 20 0.29813883 
29 189 11 13 0.2900945 
1005 205 14 16 0.28673562 
50 158 9 11 0.28455618 
456 190 10 12 0.28223377 
998 199 10 12 0.27661872 
839 256 21 28 0.26783922 
980 214 13 16 0.25102612 
574 149 7 10 0.24887982 
539 152 7 9 0.24662316 
101 167 15 18 0.24615543 
303 200 14 16 0.24077703 
630 151 8 10 0.24073248 
502 159 9 10 0.22619557 
560 181 10 13 0.22604921 
617 239 18 25 0.22138278 
917 204 15 20 0.21615474 
360 208 10 13 0.21203941 
370 247 15 19 0.20931125 
570 150 8 9 0.20383836 
719 197 11 13 0.19905353 
564 183 10 12 0.1956026 
369 210 13 16 0.19113526 
902 176 12 17 0.18919557 
122 220 15 19 0.18913524 
378 197 15 18 0.18724163 
217 158 10 13 0.18246776 
702 217 16 18 0.18073794 
599 171 10 12 0.17030726 
585 190 11 14 0.16904825 
871 197 11 15 0.16864116 
494 220 16 18 0.1670855 
416 149 8 9 0.1599821 
312 233 19 21 0.15695804 
201 226 20 20 0.15480253 
822 186 9 15 0.15103495 
665 249 29 32 0.14691108 
590 205 10 13 0.13424137 
526 217 16 20 0.13373066 
814 183 11 15 0.12588918 
800 187 12 14 0.12467281 
388 240 18 19 0.12451822 
1014 220 10 17 0.12347323 
423 144 8 11 0.12275309 
503 164 9 11 0.121603906 
545 197 10 13 0.12114328 
805 182 12 14 0.12084986 
437 210 10 13 0.11977518 
36 194 12 15 0.116491 
327 173 10 14 0.11550105 
1013 212 9 14 0.11363827 
993 198 9 11 0.11307319 
671 235 17 19 0.112360895 
1012 230 11 24 0.11135266 
999 202 13 16 0.11016853 
393 211 10 14 0.10988539 
735 177 12 17 0.10884211 
446 213 10 13 0.1082366 
534 188 11 13 0.10757672 
455 149 8 10 0.106369756 
457 144 8 10 0.106024146 
497 153 8 10 0.10401158 
372 203 16 20 0.102959916 
560 150 8 10 0.101455785 
470 156 8 10 0.10129647 
463 205 15 16 0.10063111 
594 153 8 10 0.09519724 
661 149 9 11 0.09464054 
537 156 9 10 0.087762095 
573 165 10 12 0.083762616 
410 150 7 9 0.08214627 
14 197 11 15 0.08013019 
474 239 18 20 0.07830194 
937 203 10 14 0.07694275 
757 197 12 16 0.07597582 
94 166 12 16 0.07556857 
1003 199 13 15 0.07514872 
253 238 17 24 0.07463502 
773 240 18 19 0.07293627 
862 235 14 17 0.072211005 
332 170 12 17 0.07205982 
222 196 15 18 0.07189963 
697 221 11 13 0.07163715 
984 235 18 19 0.07118837 
462 248 21 28 0.07086033 
350 206 14 16 0.070424125 
830 183 11 14 0.06975234 
554 151 7 9 0.06934949 
883 214 12 14 0.069332585 
544 191 10 12 0.06900099 
724 211 15 20 0.06892757 
33 210 14 17 0.06767168 
549 191 9 12 0.06673834 
837 202 13 16 0.0640944 
704 221 22 22 0.06405157 
220 190 14 16 0.063877076 
277 168 12 16 0.063784376 
585 151 7 9 0.06288883 
431 149 7 10 0.062143605 
615 168 10 13 0.06163494 
502 152 8 10 0.06126497 
478 166 9 12 0.059500147 
509 183 9 10 0.058528364 
848 263 17 24 0.0576213 
275 202 13 16 0.057410885 
847 205 11 15 0.057288606 
434 158 8 12 0.055016704 
462 172 9 12 0.054646935 
657 226 24 28 0.054237776 
201 232 25 29 0.053200014 
562 144 7 9 0.052652955 
159 244 16 19 0.052604813 
411 223 18 21 0.05064349 
43 229 15 19 0.050123453 
476 254 25 30 0.049740072 
22 193 12 15 0.049695965 
233 202 13 18 0.049170926 
670 210 16 17 0.048501372 
296 198 11 14 0.048501153 
312 187 10 12 0.04795157 
378 247 14 21 0.047817726 
608 173 9 12 0.04714155 
97 300 23 30 0.047093146 
653 204 13 14 0.046113517 
587 195 11 15 0.045765985 
1006 289 15 21 0.04480474 
439 148 7 10 0.044725638 
534 167 11 13 0.044571575 
165 252 22 31 0.044569697 
375 189 14 17 0.044363156 
539 172 11 15 0.044099737 
837 211 14 16 0.043962143 
123 228 15 23 0.043906078 
981 226 17 18 0.043550815 
539 180 12 14 0.043377485 
432 208 11 13 0.043309655 
396 177 12 17 0.04260919 
207 241 25 30 0.042569175 
835 266 20 27 0.042542923 
539 213 14 17 0.04245182 
462 198 10 12 0.04245169 
805 194 14 17 0.042251445 
400 149 8 11 0.042223066 
542 205 12 14 0.041700307 
714 212 14 18 0.04137442 
709 228 23 25 0.04120509 
564 243 24 29 0.040912244 
268 252 28 34 0.040547714 
499 156 8 10 0.04037301 
623 189 10 13 0.04010691 
481 159 7 9 0.039538797 
725 204 13 17 0.039288446 
656 132 9 12 0.039034877 
273 233 25 27 0.038659446 
438 163 10 13 0.038615994 
918 165 10 13 0.037785094 
508 268 23 34 0.037476066 
520 270 20 29 0.0372315 
462 150 8 10 0.037231337 
552 181 10 14 0.036518592 
148 197 14 18 0.036444336 
568 261 24 29 0.03595009 
348 239 20 26 0.035880987 
569 145 7 9 0.03579546 
572 189 11 13 0.035771396 
36 204 13 17 0.035102375 
619 171 10 13 0.03487097 
584 183 10 12 0.03476879 
344 145 9 11 0.034664698 
558 176 10 12 0.034449756 
527 163 9 12 0.03415075 
252 194 11 17 0.03394882 
479 172 9 13 0.03382377 
630 155 10 12 0.03371904 
575 159 8 10 0.0335917 
609 202 13 16 0.033328027 
499 183 10 13 0.033254582 
844 196 10 15 0.03292671 
511 149 8 10 0.032872304 
336 149 9 12 0.032778848 
497 234 17 20 0.032672293 
904 255 19 22 0.032628022 
508 165 9 11 0.03233944 
655 242 16 19 0.032269318 
469 198 12 14 0.032152336 
504 340 33 52 0.031222997 
911 168 9 12 0.031140685 
532 228 16 19 0.030371457 
584 158 7 10 0.030319769 
440 174 10 13 0.029757684 
452 213 10 13 0.029260002 
82 218 15 18 0.029244281 
616 145 9 10 0.028934803 
529 174 10 13 0.028882101 
560 229 19 20 0.028820587 
466 157 8 11 0.028806444 
45 232 21 24 0.028728414 
682 151 8 10 0.028597135 
433 163 9 12 0.028592978 
454 158 9 11 0.028440123 
615 190 12 15 0.028298384 
15 191 10 12 0.028041864 
661 203 13 15 0.027972288 
473 165 9 13 0.027942732 
662 194 15 16 0.027610581 
356 243 20 25 0.027526302 
455 300 24 32 0.027329754 
421 158 9 11 0.027324114 
45 210 13 17 0.027247647 
447 190 8 12 0.02717532 
439 245 12 15 0.026950015 
839 220 13 15 0.026796946 
769 183 11 14 0.026755571 
656 189 11 12 0.02668859 
529 145 6 8 0.02666509 
319 182 10 12 0.026493248 
453 251 20 27 0.026469119 
439 189 11 14 0.026421532 
879 238 16 18 0.02631675 
384 236 14 16 0.026272917 
283 227 19 21 0.026238665 
317 188 10 12 0.02621572 
473 191 9 12 0.026037753 
989 213 10 14 0.025972228 
393 149 9 12 0.025818216 
402 216 39 44 0.02578681 
1000 192 9 11 0.025672175 
775 176 12 17 0.025645602 
523 206 14 18 0.025623865 
431 183 9 11 0.025577916 
512 206 14 18 0.025527412 
533 196 10 12 0.025249353 
457 165 10 13 0.02522177 
906 173 12 15 0.025094245 
474 220 15 18 0.024995364 
711 162 11 15 0.024938 
988 218 13 17 0.024624 
855 204 10 13 0.024468761 
552 145 7 9 0.024435345 
544 146 7 8 0.024295963 
674 188 10 14 0.02425994 
702 203 13 14 0.02409058 
632 173 10 13 0.024047904 
634 212 12 15 0.024029275 
512 188 10 13 0.024005836 
486 158 8 9 0.023828683 
356 148 8 11 0.023754451 
550 174 11 14 0.023747994 
391 172 12 17 0.02366873 
480 180 9 12 0.023646725 
245 193 13 18 0.023644952 
439 180 12 16 0.023598641 
848 251 18 23 0.023549356 
408 145 8 10 0.023340257 
683 215 13 16 0.023315575 
551 158 8 10 0.023299815 
915 261 25 32 0.023144783 
75 207 19 25 0.023113456 
534 204 11 13 0.023044273 
528 198 11 12 0.023032356 
854 239 21 23 0.022981865 
710 180 10 14 0.022933336 
635 219 13 15 0.022660397 
866 230 12 16 0.022657193 
836 480 15 19 0.0226491 
414 206 13 14 0.022413803 
483 267 30 33 0.022384135 
542 156 8 10 0.022364859 
659 212 15 16 0.02236378 
422 164 10 11 0.022305083 
1008 224 13 23 0.022104371 
712 197 10 13 0.021978905 
998 211 13 15 0.021901494 
339 169 15 19 0.021814598 
837 227 14 17 0.021684548 
341 243 17 23 0.021648865 
387 196 11 15 0.021574266 
450 150 8 10 0.021573937 
795 235 13 17 0.021508588 
280 210 12 17 0.021497821 
406 220 15 18 0.02136117 
698 191 12 14 0.021282107 
835 182 10 13 0.021150427 
798 193 14 16 0.021039115 
608 164 9 12 0.021024562 
876 247 18 20 0.021014197 
741 213 18 22 0.021003855 
486 174 9 12 0.020989751 
992 203 12 14 0.020923262 
511 145 7 9 0.020913586 
628 225 16 17 0.020903815 
738 185 15 18 0.020882552 
52 161 11 13 0.02069524 
825 270 23 28 0.020552298 
129 224 17 21 0.020540323 
344 205 12 15 0.020391352 
1005 192 10 10 0.020351125 
390 188 9 14 0.020131648 
