14_Traffic_Traffic_14_834
389
683 423 17 21 0.943025 
831 423 14 23 0.6339029 
951 341 8 10 0.5304766 
598 125 8 11 0.52949953 
712 412 10 12 0.45495054 
780 409 11 17 0.4426121 
847 380 9 12 0.4196364 
709 460 11 14 0.393725 
95 358 7 10 0.36244273 
587 372 8 10 0.3321483 
576 349 7 9 0.30237007 
51 365 8 11 0.29834753 
66 356 8 10 0.2901304 
167 222 10 13 0.25509644 
814 349 8 9 0.25237867 
70 358 8 10 0.23757239 
865 344 8 9 0.23193605 
938 343 7 9 0.22967811 
854 392 9 12 0.2115966 
119 360 7 10 0.21119434 
849 341 7 10 0.2085743 
605 373 8 9 0.19282316 
800 364 9 12 0.19164926 
624 345 6 9 0.1834943 
910 491 10 13 0.17214875 
787 396 13 17 0.16958605 
719 348 8 10 0.16618116 
142 341 9 11 0.165684 
812 375 9 12 0.1620964 
197 327 9 12 0.15580729 
152 351 7 9 0.15555443 
640 65 13 16 0.14618436 
593 349 7 9 0.14323059 
127 349 7 10 0.14014557 
297 351 7 9 0.1368126 
255 352 7 9 0.1341376 
815 487 15 21 0.13152944 
606 344 8 10 0.13081692 
799 404 10 16 0.1299319 
343 349 7 9 0.12968892 
714 350 8 10 0.12715036 
830 345 7 9 0.12547712 
704 412 11 14 0.12541243 
806 364 10 13 0.123682946 
827 349 8 10 0.12233291 
581 422 11 13 0.12039348 
555 398 11 14 0.120236956 
100 232 10 12 0.116554044 
529 343 7 9 0.11526723 
590 404 11 14 0.11501104 
81 351 9 11 0.11311238 
671 341 8 10 0.11008416 
799 384 9 11 0.10959677 
531 397 8 11 0.10846751 
288 357 7 10 0.106764324 
158 423 9 13 0.10673226 
696 351 6 9 0.10665563 
289 353 6 9 0.106616445 
602 349 7 10 0.10331356 
146 353 7 9 0.10276494 
799 359 8 11 0.09914244 
590 369 8 10 0.096908644 
181 219 12 16 0.09527299 
105 359 7 10 0.09262096 
112 352 7 9 0.091602206 
378 351 7 10 0.08741328 
796 475 15 16 0.08679409 
601 369 8 10 0.08585314 
334 321 8 9 0.08435447 
122 350 7 10 0.08269662 
943 479 8 10 0.08181159 
91 358 7 9 0.08110073 
168 350 8 9 0.079737015 
322 335 7 9 0.07866439 
80 331 9 13 0.078462556 
144 357 7 9 0.077418566 
113 359 8 10 0.07709242 
775 364 9 12 0.07550911 
637 142 13 16 0.07545638 
250 349 8 10 0.07488625 
840 379 9 12 0.07484757 
34 352 7 9 0.073466584 
198 350 7 9 0.07168865 
257 358 7 10 0.07152643 
793 351 7 10 0.07130971 
638 357 8 10 0.07094065 
650 367 8 11 0.070043184 
114 376 7 11 0.07004068 
921 336 8 10 0.069935106 
748 442 12 16 0.06877947 
804 402 13 16 0.06830049 
672 337 7 9 0.06661436 
735 351 7 9 0.0659081 
895 344 8 9 0.065658204 
750 462 21 29 0.0646405 
688 391 9 11 0.06341756 
417 22 8 10 0.06333536 
704 376 9 11 0.06266062 
18 350 8 11 0.062193777 
216 345 8 9 0.062056087 
437 189 9 12 0.061206516 
597 428 10 12 0.060951293 
86 382 7 9 0.06023734 
704 358 8 10 0.05920295 
398 34 10 13 0.059201438 
88 353 8 10 0.059121184 
339 350 7 9 0.058998484 
870 342 7 10 0.058618896 
662 454 16 23 0.058038093 
679 375 9 12 0.057692714 
768 514 18 20 0.05734448 
495 342 8 9 0.056593638 
834 335 9 11 0.056308277 
481 349 7 9 0.055966105 
162 350 8 11 0.055912342 
311 336 8 10 0.055682894 
249 364 7 10 0.055563834 
217 349 8 10 0.05486534 
697 359 8 10 0.05462904 
389 342 7 10 0.054451674 
712 358 8 11 0.054328 
915 375 8 10 0.054106433 
797 352 8 10 0.05395703 
786 350 7 9 0.052985746 
480 344 7 9 0.052803196 
531 392 10 12 0.052743655 
126 205 13 17 0.051729757 
619 345 6 9 0.05057137 
947 343 7 9 0.050552372 
759 446 10 12 0.05055108 
264 368 8 9 0.05017719 
701 395 12 13 0.049812064 
21 360 8 11 0.049134295 
864 348 8 10 0.048780326 
729 350 8 9 0.048705515 
607 369 7 10 0.048417464 
649 336 8 9 0.048294738 
281 366 7 10 0.04829094 
850 389 9 13 0.048210073 
624 349 7 9 0.047958806 
249 345 8 10 0.0478306 
639 352 9 11 0.04771574 
362 349 8 10 0.04736558 
117 378 9 11 0.047145158 
834 376 8 10 0.047090996 
194 331 8 11 0.0470261 
353 329 7 9 0.046510782 
240 343 7 9 0.044986762 
570 349 7 9 0.044985674 
704 352 8 9 0.044908587 
890 392 7 10 0.04489877 
783 398 18 27 0.044604626 
175 350 7 9 0.044474136 
920 360 7 10 0.044252515 
266 352 6 8 0.044143017 
968 343 7 10 0.04410986 
23 365 8 10 0.043197453 
655 353 7 10 0.04315939 
545 344 7 9 0.043017555 
78 356 8 11 0.04289326 
169 346 7 9 0.042865958 
657 326 7 9 0.04250696 
328 337 7 9 0.04240191 
732 274 10 13 0.042328734 
139 357 7 9 0.042246368 
118 183 9 12 0.04222827 
654 358 8 10 0.042112477 
270 350 7 10 0.04155525 
282 345 7 9 0.041527193 
271 359 7 10 0.04110202 
257 394 11 15 0.040931325 
262 374 7 9 0.040829334 
834 380 9 11 0.040745486 
710 375 9 11 0.040659424 
591 69 12 14 0.040592555 
233 342 7 9 0.040573433 
730 366 8 11 0.04050763 
687 365 8 11 0.040329516 
822 364 9 12 0.040200282 
572 366 9 12 0.04017584 
503 409 7 9 0.04010069 
265 359 7 9 0.039586864 
250 361 8 10 0.039552934 
184 328 7 10 0.039291594 
551 346 7 8 0.039208036 
781 539 11 13 0.03920605 
561 310 7 10 0.038994875 
154 419 10 14 0.038661353 
680 335 8 10 0.03862568 
890 361 7 9 0.038598154 
345 346 8 9 0.03856506 
619 349 7 9 0.03805656 
653 369 10 14 0.037862357 
119 390 10 14 0.037811458 
596 412 11 12 0.037791505 
306 343 7 9 0.037629906 
745 439 11 15 0.037572842 
473 343 7 10 0.037562322 
921 329 7 9 0.037447955 
157 380 9 12 0.03744748 
633 358 9 11 0.037328977 
368 350 7 10 0.03725832 
489 343 7 9 0.03679856 
311 341 7 10 0.03652924 
367 345 7 9 0.036515817 
653 336 8 10 0.0363026 
75 223 11 15 0.03624675 
711 367 8 10 0.036169942 
464 344 9 10 0.03616317 
816 479 11 15 0.03562867 
240 318 8 11 0.03551432 
961 341 8 11 0.035442177 
260 382 9 12 0.03477646 
302 351 7 8 0.03473114 
489 374 8 9 0.034485947 
137 333 10 12 0.03428599 
283 360 8 9 0.034265235 
103 342 7 10 0.034060795 
106 353 6 9 0.033847287 
686 221 8 10 0.033779066 
40 374 7 10 0.033757403 
552 350 7 8 0.033543635 
682 365 8 11 0.032722935 
562 344 7 9 0.03271774 
879 337 8 9 0.0322576 
23 343 7 10 0.032140497 
114 343 8 10 0.032124896 
80 343 9 11 0.03208497 
511 358 7 9 0.03202031 
851 213 11 13 0.031886443 
849 360 8 10 0.03172318 
680 343 7 9 0.031562448 
703 467 12 16 0.031549606 
54 362 8 10 0.031415377 
358 329 7 9 0.03133252 
920 341 7 10 0.031283114 
387 338 7 9 0.03118754 
393 352 7 9 0.031105464 
795 365 8 12 0.031089002 
650 359 7 9 0.030861404 
952 385 9 11 0.030823305 
560 350 7 8 0.030809462 
594 406 12 14 0.030514942 
260 389 10 14 0.03049695 
414 366 9 12 0.030475512 
388 126 8 9 0.030360926 
849 397 9 12 0.030046688 
880 357 7 10 0.02995725 
606 139 10 12 0.029921489 
655 341 7 9 0.029636182 
529 338 7 9 0.02958339 
695 363 9 12 0.029491996 
873 336 7 10 0.029392535 
740 449 39 52 0.029360963 
863 337 8 9 0.02925361 
891 344 7 9 0.029190589 
708 446 10 12 0.0291054 
616 367 7 10 0.028935913 
105 366 7 9 0.028930213 
896 338 7 8 0.028890813 
858 342 8 10 0.02886985 
107 208 14 18 0.028845195 
272 366 7 9 0.028831545 
287 365 10 12 0.028737348 
727 345 7 10 0.028563747 
329 341 7 10 0.028547617 
33 374 8 10 0.02849415 
704 455 12 15 0.02848286 
641 334 7 9 0.028452704 
175 345 7 9 0.028284257 
735 357 8 11 0.028259248 
691 350 6 9 0.028060624 
544 335 8 9 0.02802553 
915 350 7 9 0.02798057 
607 360 7 9 0.027923563 
812 444 22 28 0.027844487 
944 389 9 11 0.027749514 
153 357 8 11 0.027656296 
351 345 7 9 0.027398061 
703 443 11 14 0.027339172 
256 365 7 10 0.027296016 
667 342 7 9 0.026972745 
795 358 8 11 0.026915427 
829 439 15 23 0.026909795 
270 346 7 9 0.026873065 
760 367 9 11 0.02684935 
576 413 11 13 0.026791329 
710 380 9 11 0.026690708 
788 474 25 26 0.02659001 
938 478 9 10 0.026545186 
789 469 17 20 0.026459571 
897 349 7 10 0.026444536 
694 397 9 12 0.026385684 
337 364 9 12 0.026151903 
415 344 7 9 0.026064226 
69 352 8 11 0.02601436 
25 336 9 11 0.025957244 
441 343 8 10 0.025870934 
609 389 8 10 0.025842313 
223 278 7 9 0.025820764 
914 345 7 8 0.025815906 
545 328 8 10 0.025739625 
616 373 7 10 0.025569431 
73 366 7 9 0.025421547 
810 346 8 9 0.025416203 
588 139 9 13 0.025333734 
575 372 9 11 0.02532398 
942 359 8 9 0.025308114 
535 343 7 9 0.025173703 
704 381 9 11 0.025033923 
823 398 12 16 0.024991833 
135 325 11 13 0.024895256 
591 95 8 9 0.024875712 
938 359 7 9 0.024859708 
543 359 8 11 0.0247989 
881 341 7 10 0.024754414 
815 364 8 12 0.024575658 
191 240 10 12 0.024538811 
259 376 7 10 0.024482274 
584 350 7 9 0.024472835 
857 336 8 10 0.024341196 
816 360 8 10 0.024334777 
823 360 8 10 0.024325289 
464 388 13 16 0.024276368 
489 398 7 10 0.024186026 
48 372 7 10 0.0241331 
129 210 12 18 0.024118453 
136 353 8 10 0.024100764 
529 348 7 10 0.02398531 
287 406 9 12 0.023972388 
565 422 9 12 0.023901384 
182 333 8 9 0.023854785 
768 350 7 9 0.023735251 
938 349 7 10 0.023645177 
825 317 7 9 0.023461718 
925 336 7 11 0.023290563 
185 312 8 10 0.02323403 
602 358 8 10 0.023216829 
481 398 8 10 0.023194226 
681 360 9 11 0.023175994 
1006 260 11 16 0.023174407 
807 392 9 11 0.023139272 
98 342 9 10 0.022810128 
179 334 7 9 0.022803795 
126 197 14 19 0.022709778 
72 376 8 10 0.0225996 
758 450 13 17 0.022582486 
486 350 7 10 0.022471817 
768 365 8 10 0.02246746 
88 390 7 10 0.022405654 
575 360 8 10 0.022342581 
655 70 9 14 0.022228297 
120 344 8 10 0.022140363 
185 318 8 9 0.022123663 
272 287 9 11 0.02211659 
716 408 10 13 0.022106651 
639 330 7 9 0.021948267 
211 343 7 9 0.021863965 
944 367 7 9 0.02183174 
775 444 14 18 0.021816751 
785 346 7 9 0.021702016 
688 359 8 11 0.021636449 
203 383 17 19 0.021628305 
114 336 8 10 0.021578798 
743 461 11 15 0.021544393 
473 349 8 10 0.021412088 
494 374 8 10 0.021387082 
778 515 12 17 0.021298466 
559 422 10 13 0.021277271 
682 217 8 10 0.02127006 
894 361 7 9 0.021181123 
572 61 11 15 0.021018595 
102 221 11 12 0.020961989 
224 344 7 9 0.020918302 
811 398 11 15 0.020889746 
851 381 10 12 0.020859415 
18 357 8 12 0.020811561 
888 318 10 11 0.020783849 
368 360 7 10 0.020758748 
734 461 12 15 0.020741249 
545 399 8 10 0.020661574 
681 221 8 10 0.020512447 
888 236 9 13 0.020398395 
558 390 11 13 0.020360148 
97 261 10 13 0.020336516 
439 28 8 10 0.020234356 
413 372 10 12 0.020169383 
17 346 7 9 0.020128258 
321 343 8 9 0.020054296 
