14_Traffic_Traffic_14_267
51
154 436 17 21 0.98865044 
75 445 16 20 0.9859293 
168 460 18 21 0.9679861 
230 476 18 24 0.9386502 
632 436 9 11 0.56009734 
693 300 10 14 0.382619 
77 391 8 11 0.2399661 
751 304 10 13 0.15673877 
287 469 11 15 0.0965213 
540 436 10 12 0.053870957 
272 233 9 11 0.053078406 
254 474 13 17 0.05137865 
663 450 225 258 0.050306275 
490 317 14 16 0.050051015 
63 489 13 17 0.048954528 
84 466 12 17 0.045470238 
226 224 8 11 0.040834874 
415 325 14 16 0.040688805 
52 378 14 18 0.04052785 
527 361 12 13 0.04005526 
636 432 9 12 0.039328396 
613 455 11 15 0.03163486 
689 296 11 15 0.031618644 
492 381 14 18 0.031130882 
510 311 8 10 0.030874413 
245 473 13 19 0.029299347 
479 403 11 14 0.029147336 
755 307 10 13 0.026776215 
626 228 14 15 0.026774934 
716 235 11 14 0.026639631 
495 261 12 14 0.026450815 
525 367 15 19 0.025880152 
617 412 9 11 0.025474126 
769 301 10 14 0.025117937 
641 446 9 12 0.024999112 
237 473 18 24 0.024428502 
579 297 16 17 0.02397481 
645 448 9 11 0.023635251 
620 406 12 14 0.023578422 
697 300 12 16 0.022970809 
537 432 10 13 0.022825612 
465 439 7 9 0.022775047 
696 284 8 10 0.022046233 
599 386 12 15 0.022032106 
739 234 14 17 0.021985535 
444 391 11 13 0.021785125 
359 337 9 11 0.021497283 
627 437 9 12 0.021077788 
486 267 12 14 0.02101168 
1 48 37 39 0.020240778 
513 292 9 11 0.02014704 
