14_Traffic_Traffic_14_361
85
515 300 13 16 0.68812 
354 171 13 18 0.4151705 
673 320 9 12 0.39002904 
451 339 11 14 0.18258023 
845 294 14 17 0.17256138 
566 327 9 11 0.11741421 
379 160 14 17 0.11499536 
719 308 10 13 0.108216584 
632 328 8 9 0.07250288 
665 230 40 48 0.06827701 
423 333 9 10 0.06776367 
565 332 10 13 0.06658637 
486 308 11 12 0.06653458 
724 308 10 14 0.06238342 
504 332 12 16 0.060768794 
414 351 9 11 0.057997048 
836 291 14 21 0.05454643 
735 312 9 12 0.05295142 
363 171 13 19 0.05196322 
517 278 8 10 0.05186448 
918 292 10 13 0.047816887 
666 311 7 9 0.046751153 
831 287 14 21 0.046410043 
454 317 9 11 0.04423706 
367 398 9 11 0.043575037 
360 343 8 11 0.043503135 
376 342 8 10 0.042319 
487 317 14 16 0.041402154 
647 334 10 12 0.039879415 
409 333 8 10 0.03892862 
351 158 10 12 0.036968533 
360 367 9 13 0.036919594 
624 342 12 16 0.03485325 
410 329 8 10 0.03420515 
669 310 9 11 0.03231114 
197 34 11 13 0.032092664 
550 277 9 10 0.031615607 
528 276 11 12 0.03135277 
366 343 8 11 0.030309195 
430 309 7 10 0.029981473 
583 309 10 12 0.029417343 
501 295 9 11 0.028806284 
503 300 8 12 0.028021973 
391 337 8 9 0.027551727 
415 327 8 11 0.027325787 
417 345 9 11 0.026818203 
0 240 13 17 0.026252203 
491 322 13 15 0.026160883 
440 365 10 14 0.026082998 
927 292 9 12 0.025689796 
415 332 9 11 0.025661824 
512 295 12 16 0.025588399 
607 312 11 13 0.025355592 
557 340 9 12 0.02528405 
464 338 14 15 0.025195355 
649 357 8 11 0.02515182 
513 284 9 11 0.023985768 
501 306 10 13 0.023957001 
473 285 9 10 0.023811199 
481 309 9 11 0.023415038 
369 394 8 10 0.023259468 
630 333 9 11 0.023224523 
590 316 10 11 0.02315091 
493 307 11 12 0.02272087 
360 348 9 11 0.022407029 
375 188 11 12 0.022368573 
664 317 8 11 0.022215819 
718 317 9 11 0.02212322 
357 160 10 12 0.02194213 
484 276 10 12 0.021851283 
639 328 7 10 0.021826483 
454 326 9 12 0.021498686 
446 294 9 10 0.021475688 
815 262 13 16 0.021179462 
377 374 8 11 0.020901259 
351 153 9 11 0.020841513 
383 381 8 10 0.020739026 
913 292 10 14 0.020607179 
416 309 10 12 0.020580634 
462 316 11 12 0.020484105 
565 321 9 11 0.020471815 
442 269 9 11 0.020354193 
812 369 22 26 0.020180501 
632 321 8 10 0.020169454 
851 287 15 19 0.020091647 
