38_Tennis_Tennis_38_232
154
806 330 14 19 0.99058163 
732 251 10 13 0.89719164 
685 62 9 11 0.7536291 
164 223 10 12 0.73137766 
869 37 8 10 0.71885425 
647 71 9 12 0.6681941 
899 38 8 10 0.6446496 
610 64 9 11 0.6098593 
662 41 8 11 0.5661125 
730 37 8 11 0.4940239 
749 59 11 13 0.48055625 
633 37 8 11 0.4625978 
873 13 8 10 0.4565728 
672 20 8 10 0.4168866 
724 69 8 11 0.39897466 
1013 255 10 15 0.3522654 
946 13 8 11 0.3308834 
694 39 8 10 0.2999606 
966 20 8 10 0.29720658 
708 20 8 12 0.2952986 
780 0 12 11 0.27047458 
992 1 9 10 0.26898596 
720 62 9 11 0.25518453 
943 39 9 12 0.23767166 
853 64 9 11 0.23728117 
777 16 9 12 0.21896471 
636 20 9 11 0.21188681 
981 12 9 11 0.19755982 
704 39 8 10 0.19697666 
910 20 8 11 0.16698131 
893 64 8 9 0.15125394 
1008 62 8 9 0.15028389 
745 14 9 11 0.14197989 
673 52 8 11 0.14073259 
645 0 11 10 0.111697555 
725 16 9 11 0.10684371 
1000 40 10 11 0.1048307 
690 38 8 10 0.10012716 
767 40 9 11 0.096690714 
708 85 11 13 0.090162404 
782 58 9 12 0.08289036 
885 37 8 11 0.08067278 
672 71 7 9 0.078973286 
740 84 9 12 0.07827452 
680 68 9 11 0.07066083 
1007 5 10 12 0.06855581 
717 0 8 8 0.066932954 
680 39 8 10 0.064203806 
695 44 9 10 0.06318451 
967 46 7 10 0.06281641 
937 21 8 10 0.06172222 
867 15 8 10 0.061619505 
962 16 8 10 0.059991524 
981 41 8 10 0.059122365 
613 67 8 11 0.056509346 
953 0 9 9 0.05466513 
886 33 9 10 0.052703165 
710 37 8 10 0.05159138 
741 30 9 12 0.050214294 
45 414 8 11 0.049539384 
992 60 8 10 0.049447022 
656 56 8 11 0.0489954 
705 17 9 11 0.04719162 
1015 40 7 11 0.046919834 
676 47 10 13 0.046224814 
935 16 7 9 0.045508087 
947 38 9 12 0.045410346 
737 12 10 12 0.044662923 
712 55 9 11 0.044352643 
665 69 9 12 0.042840328 
672 90 8 9 0.042630494 
979 45 7 10 0.04103416 
897 22 8 10 0.040660035 
777 60 9 13 0.040379163 
978 9 9 12 0.040320117 
591 0 12 13 0.039600827 
670 28 8 11 0.039329574 
29 266 10 14 0.037745696 
15 267 10 12 0.037125193 
736 1 8 9 0.036971718 
662 60 10 13 0.03563856 
721 36 9 12 0.03552304 
960 7 8 11 0.03533312 
713 60 9 12 0.034872603 
1 326 10 14 0.03461104 
985 0 9 8 0.03446822 
751 67 10 12 0.034016784 
759 33 8 10 0.033299223 
658 44 7 10 0.033110578 
761 37 8 11 0.032856103 
702 0 9 8 0.030802036 
928 8 8 10 0.030312128 
613 91 11 14 0.030305594 
944 0 8 9 0.03000822 
718 57 9 11 0.029334435 
997 0 8 9 0.028995538 
736 44 8 10 0.02845578 
966 71 8 9 0.028366517 
630 43 9 10 0.028275559 
705 81 9 11 0.028255217 
709 80 10 12 0.028198851 
967 39 9 11 0.027848367 
799 13 10 12 0.027546844 
704 44 7 10 0.02751876 
646 65 9 11 0.027383577 
615 86 10 13 0.02615138 
686 85 8 11 0.02592201 
736 32 9 11 0.025856338 
760 91 12 15 0.025615865 
713 47 7 10 0.025461841 
755 64 10 11 0.025421426 
689 32 8 11 0.02535884 
654 0 10 10 0.025283301 
753 38 8 11 0.025129313 
882 32 8 11 0.025031362 
630 60 10 13 0.02502344 
872 18 8 11 0.024934513 
695 21 8 10 0.024909914 
896 16 7 9 0.02488418 
600 94 8 11 0.024857795 
759 0 8 8 0.024552364 
942 20 9 10 0.024401512 
706 33 8 11 0.02378177 
649 54 8 11 0.023681965 
626 39 9 11 0.02346011 
641 61 9 12 0.023008935 
929 13 8 10 0.022743264 
736 8 9 10 0.02269373 
775 68 9 13 0.022547925 
928 1 8 9 0.022397803 
898 43 8 11 0.02218342 
836 38 9 11 0.022140779 
754 45 8 10 0.022094958 
866 33 9 12 0.02192903 
877 9 8 10 0.02185558 
759 69 8 10 0.021825016 
753 33 8 11 0.021744499 
617 80 8 11 0.021722738 
681 0 8 8 0.021641381 
606 80 8 11 0.021329276 
663 0 8 8 0.021145098 
697 16 8 10 0.02105343 
975 0 9 9 0.021046674 
951 31 8 10 0.020807268 
694 33 8 11 0.020660117 
791 36 9 12 0.020558374 
864 58 11 15 0.02050228 
956 0 9 10 0.02049379 
663 94 9 12 0.020476382 
912 1 8 8 0.020381626 
630 94 11 14 0.020295797 
702 100 10 12 0.020286735 
1000 33 9 10 0.02027352 
770 14 8 10 0.020239692 
