38_Tennis_Tennis_38_535
91
460 422 24 31 0.996452 
506 471 23 30 0.99614906 
431 447 24 31 0.9958597 
514 422 23 30 0.9942994 
863 324 22 27 0.99253476 
466 265 22 27 0.9876111 
643 315 19 25 0.9870272 
370 406 22 27 0.9865956 
322 383 22 27 0.98538846 
171 276 22 26 0.9832865 
656 464 21 26 0.98310274 
579 307 22 28 0.9825721 
193 341 20 23 0.9814767 
135 457 22 26 0.9776873 
715 318 19 26 0.9776699 
778 308 21 25 0.9773351 
207 433 20 26 0.9733803 
241 285 20 25 0.9723112 
146 305 21 28 0.9717997 
480 317 19 24 0.97074014 
47 450 21 27 0.9674154 
762 428 21 26 0.9630025 
596 424 20 25 0.9570031 
397 320 19 23 0.95672685 
551 469 21 25 0.9563198 
290 462 18 24 0.95595497 
418 315 22 29 0.95561963 
357 312 20 26 0.9478787 
377 451 22 25 0.9467259 
509 315 20 25 0.9271048 
647 422 21 28 0.9269304 
144 416 18 23 0.9264869 
231 319 21 26 0.9240639 
435 414 20 25 0.90229946 
709 419 17 21 0.8950762 
897 491 22 25 0.8827598 
364 516 24 27 0.8200627 
291 291 16 24 0.74870425 
674 405 15 21 0.72551733 
816 472 22 26 0.6880543 
614 396 14 15 0.4704241 
791 253 13 15 0.4597217 
330 451 18 24 0.44637394 
246 423 21 26 0.31467435 
167 253 10 13 0.26732984 
838 247 9 12 0.20643759 
665 261 11 14 0.1697832 
335 358 13 16 0.16541806 
171 457 13 15 0.12490966 
197 281 14 18 0.12228581 
361 296 10 12 0.089264505 
105 223 11 16 0.08502219 
579 414 13 22 0.08117291 
229 274 11 16 0.07659102 
684 277 10 12 0.0697473 
183 409 15 17 0.06382392 
813 466 18 23 0.059768967 
139 406 13 18 0.056044858 
452 416 18 28 0.053416207 
443 300 11 14 0.052966367 
245 316 20 27 0.052179422 
743 260 10 13 0.049905922 
159 248 11 14 0.049187668 
599 285 14 18 0.04551554 
819 484 17 19 0.044119675 
301 409 14 18 0.04401621 
972 482 12 14 0.042478748 
280 341 19 28 0.041633613 
358 299 13 16 0.039905585 
115 414 11 14 0.03971418 
134 410 15 22 0.03785986 
504 315 14 22 0.03754523 
928 247 8 11 0.034035563 
274 523 16 21 0.03391493 
377 293 12 16 0.028335428 
866 249 7 9 0.027856082 
109 303 21 27 0.026737014 
759 305 19 29 0.026690325 
78 397 12 14 0.02648887 
590 418 18 26 0.025924055 
331 252 11 14 0.025319811 
452 280 12 16 0.025186181 
273 240 10 13 0.02447998 
701 529 30 29 0.024441674 
582 422 13 24 0.023990411 
190 281 13 19 0.023399673 
380 322 16 21 0.02285791 
508 310 16 21 0.020921955 
351 312 16 22 0.020657167 
904 483 19 24 0.02032412 
837 266 14 17 0.020021485 
