38_Tennis_Tennis_38_371
30
764 281 30 42 0.99953675 
438 301 31 36 0.99931145 
549 371 33 43 0.9991974 
477 368 31 39 0.9990332 
785 197 27 34 0.99894315 
696 192 27 31 0.9988857 
344 297 27 34 0.99869746 
277 202 27 32 0.9984725 
444 215 25 32 0.9983676 
172 191 28 33 0.9983418 
666 278 28 37 0.99818546 
379 212 26 31 0.99795306 
527 213 25 30 0.99794334 
569 288 28 36 0.99790645 
611 220 25 30 0.9975141 
879 189 25 30 0.997384 
413 206 23 28 0.9965526 
567 196 24 29 0.9964683 
129 201 26 31 0.99631256 
232 200 25 30 0.99593973 
654 198 23 28 0.99590564 
324 206 23 28 0.99565876 
731 189 22 27 0.9950047 
491 203 23 27 0.9944155 
816 192 21 26 0.9773934 
442 375 12 15 0.10047638 
369 439 39 46 0.04048428 
667 470 22 25 0.038466044 
799 192 21 31 0.02803867 
782 391 42 49 0.0218289 
