0_Parade_marchingband_1_172
372
244 167 33 40 0.99905545 
852 180 30 35 0.99694014 
509 142 25 31 0.996534 
570 239 39 49 0.996101 
746 123 26 32 0.9960932 
374 108 24 29 0.9914658 
404 63 17 21 0.9899845 
671 178 28 34 0.98716587 
943 125 24 28 0.9867931 
492 109 22 27 0.9855957 
440 104 23 26 0.9855027 
698 136 25 29 0.98449045 
562 130 23 29 0.9828992 
113 83 23 28 0.98257107 
68 31 16 19 0.98038244 
778 100 22 28 0.979857 
650 103 21 27 0.97706056 
542 69 15 18 0.9758306 
279 91 22 29 0.9755258 
249 46 20 23 0.9751609 
524 94 20 25 0.96929777 
469 38 13 17 0.9604796 
228 85 20 24 0.96017045 
560 48 17 21 0.956861 
252 93 21 27 0.9568298 
841 97 21 26 0.95661014 
587 77 19 22 0.95624155 
955 84 15 20 0.9554222 
908 97 18 23 0.9553218 
171 80 21 27 0.95358545 
871 101 20 25 0.95358044 
987 130 19 24 0.9532323 
879 167 23 28 0.9456818 
652 42 14 16 0.94125956 
824 21 10 13 0.9371918 
440 69 20 24 0.93664944 
69 81 21 25 0.93511397 
304 76 19 25 0.93407196 
695 73 17 22 0.92856544 
607 48 14 17 0.92841715 
713 100 18 22 0.9260786 
966 115 19 27 0.92491704 
202 36 14 18 0.92389506 
371 83 19 22 0.92060864 
113 27 14 17 0.91959506 
505 50 14 16 0.91627425 
785 44 13 16 0.9076285 
839 23 12 14 0.9036588 
645 76 17 21 0.89804196 
194 94 19 23 0.89781743 
1007 75 14 19 0.89023286 
0 31 13 21 0.8877804 
490 67 16 21 0.8852248 
674 52 15 18 0.852576 
811 76 16 21 0.8508009 
930 89 14 18 0.84991807 
511 66 15 18 0.84503716 
487 3 11 14 0.8387481 
592 111 22 24 0.8301191 
0 5 11 15 0.82459706 
749 28 11 13 0.81645143 
926 36 13 15 0.80987006 
382 12 11 13 0.7903613 
396 101 19 28 0.77673036 
567 22 10 12 0.7730674 
330 90 17 21 0.76201206 
742 47 12 15 0.7549067 
50 73 14 17 0.7459203 
888 139 21 25 0.73548496 
285 38 14 18 0.7196749 
427 10 14 18 0.6944338 
998 34 12 16 0.6884074 
812 34 10 14 0.68233377 
781 195 28 32 0.67048186 
319 6 13 16 0.66562235 
523 45 13 15 0.6633503 
210 63 15 20 0.65212345 
17 5 12 16 0.6413402 
728 37 11 15 0.6346738 
666 147 23 26 0.6312942 
370 68 17 20 0.6001945 
773 28 12 15 0.582197 
552 106 17 21 0.5757078 
912 74 14 16 0.565639 
338 3 11 15 0.5484347 
736 16 10 11 0.54740936 
317 21 10 14 0.5366825 
633 21 11 15 0.53635097 
309 60 15 18 0.5321213 
402 10 14 18 0.52365845 
283 7 12 15 0.5227847 
287 66 16 19 0.50419366 
797 21 10 13 0.47995308 
329 122 20 26 0.46888068 
952 54 13 16 0.43515682 
333 19 11 12 0.41667163 
48 6 12 16 0.4165543 
275 138 24 26 0.41175264 
365 1 11 11 0.41118526 
901 37 12 13 0.40981925 
857 30 9 11 0.3974801 
128 21 11 15 0.38322726 
873 76 10 13 0.37439862 
94 61 16 18 0.3654212 
409 28 12 14 0.3645255 
519 7 13 15 0.3581038 
519 20 13 16 0.34665146 
923 12 11 13 0.3413869 
202 116 21 24 0.33369368 
72 1 11 11 0.3020588 
582 31 12 15 0.28155425 
628 12 11 14 0.2788482 
376 42 12 15 0.27831817 
479 72 15 21 0.27133957 
711 70 12 15 0.26801857 
340 29 10 13 0.25972563 
966 154 23 29 0.25709906 
979 246 20 23 0.25702405 
487 31 11 13 0.2552428 
577 5 11 13 0.25012898 
869 20 10 12 0.2434924 
350 1 10 9 0.23070547 
461 6 14 18 0.2287498 
224 1 11 11 0.21456374 
300 4 11 13 0.2142906 
263 72 16 19 0.20443879 
632 50 12 15 0.19236405 
22 44 13 15 0.19195941 
102 3 15 18 0.18931249 
146 1 17 16 0.18435702 
694 31 11 15 0.18413606 
818 160 24 28 0.18071765 
0 109 17 24 0.17729439 
559 19 10 14 0.1762017 
301 14 13 17 0.17590216 
576 35 13 16 0.17580323 
969 63 11 14 0.17146169 
674 13 13 15 0.16791177 
879 28 9 11 0.16785121 
244 2 12 14 0.15949301 
922 18 13 16 0.15946366 
140 65 12 17 0.15753306 
269 7 11 15 0.14711304 
16 123 19 24 0.14351383 
974 85 13 18 0.14191574 
693 19 12 15 0.14130956 
166 48 15 17 0.13915959 
579 59 12 17 0.13736936 
552 21 10 12 0.1369535 
129 126 22 29 0.13595697 
605 20 12 15 0.13550857 
461 40 15 18 0.13525032 
716 22 11 14 0.13372959 
275 149 26 31 0.12963265 
865 15 10 13 0.12885134 
444 40 14 17 0.12872529 
36 0 12 11 0.12645678 
647 12 10 13 0.12606493 
241 1 11 10 0.12540548 
546 28 9 13 0.12443326 
816 6 9 12 0.121604435 
413 0 10 10 0.11816207 
355 19 11 14 0.11809153 
694 14 10 12 0.116987094 
15 51 15 17 0.11578799 
343 1 9 10 0.11092679 
102 0 13 12 0.11024461 
373 0 11 10 0.106114395 
191 1 12 10 0.104963675 
220 38 12 16 0.10481562 
455 43 11 16 0.10397914 
74 3 13 14 0.103112765 
718 14 9 11 0.102693945 
885 35 10 12 0.10245657 
574 85 12 18 0.1012438 
164 65 16 19 0.100440376 
768 28 12 15 0.09948416 
170 66 20 25 0.098846726 
764 15 10 11 0.09855999 
88 16 11 13 0.09850796 
653 22 11 12 0.096398406 
483 21 13 14 0.095108174 
924 94 15 19 0.09340431 
497 12 11 17 0.09323112 
326 10 11 15 0.09295879 
903 40 13 17 0.08877953 
758 27 9 14 0.08614769 
374 5 13 16 0.078934714 
389 6 11 15 0.078294404 
764 21 11 13 0.077295735 
603 14 12 14 0.07667259 
385 106 18 24 0.075803444 
212 36 13 16 0.07489619 
255 0 12 11 0.07337295 
856 24 8 11 0.06762782 
1002 75 12 17 0.0672661 
120 0 11 10 0.06722974 
284 48 17 19 0.06637029 
865 176 25 30 0.06632713 
171 60 16 19 0.06605798 
182 1 11 10 0.065046884 
297 1 10 11 0.064394854 
268 22 15 21 0.06416523 
702 21 10 14 0.06399134 
1002 172 22 31 0.0639723 
443 23 13 15 0.06370538 
462 1 11 11 0.06229412 
874 28 9 12 0.060402326 
601 155 25 30 0.05907721 
251 112 17 22 0.05763242 
540 137 16 20 0.057470206 
126 46 14 16 0.056943335 
1013 34 10 17 0.056794986 
856 13 9 12 0.056645915 
45 1 14 13 0.055971038 
190 60 14 19 0.05532665 
693 9 10 10 0.054972854 
937 89 13 18 0.054526176 
439 44 13 16 0.053957876 
133 5 10 11 0.05372651 
278 0 10 10 0.053588446 
0 74 9 19 0.053294722 
729 32 10 13 0.053235956 
576 12 10 13 0.052750144 
612 27 11 13 0.052487135 
993 68 10 12 0.05209121 
728 21 9 12 0.051067393 
688 29 11 14 0.050342027 
848 7 9 11 0.05027113 
250 240 38 44 0.048945766 
825 110 16 22 0.048449785 
519 50 13 16 0.0482612 
600 18 12 15 0.048076995 
947 191 27 40 0.047367897 
491 27 13 16 0.047119316 
1006 113 15 22 0.04697113 
4 113 25 29 0.04678 
838 15 10 11 0.04594733 
90 71 19 20 0.045808718 
603 112 20 26 0.04564359 
125 1 11 10 0.04561281 
309 104 15 21 0.04524684 
436 155 24 29 0.044766087 
742 38 12 14 0.044097554 
190 22 12 14 0.044026215 
272 0 11 10 0.043985624 
241 87 22 28 0.043857686 
897 178 22 27 0.043565016 
491 79 16 21 0.042671468 
216 12 11 14 0.042623885 
586 27 12 16 0.04235514 
377 72 15 20 0.042264543 
584 24 11 13 0.042170685 
285 21 14 16 0.04195769 
207 0 10 10 0.041345704 
804 20 10 13 0.04117681 
267 87 18 27 0.04115757 
1006 30 10 14 0.041053016 
500 56 14 20 0.04056512 
607 0 11 10 0.039495625 
423 78 12 16 0.03944765 
461 15 14 17 0.038075328 
197 2 11 13 0.037739884 
85 64 18 20 0.03690271 
1016 22 7 13 0.036653873 
573 41 12 18 0.03647833 
828 82 14 17 0.036313068 
204 56 17 21 0.03602597 
590 21 10 13 0.035857577 
571 50 12 18 0.03577535 
113 64 18 19 0.03576752 
298 68 19 26 0.035647884 
285 28 15 17 0.03533823 
454 0 11 10 0.035333768 
490 42 12 15 0.03496434 
650 15 12 14 0.034624733 
179 62 14 19 0.03457541 
798 57 13 16 0.03453443 
292 82 14 20 0.03453058 
560 8 10 11 0.034304056 
976 152 19 26 0.034284517 
27 39 12 16 0.033217534 
849 12 9 11 0.03316633 
19 28 13 15 0.033096597 
834 83 16 18 0.032839898 
326 0 9 10 0.03222886 
834 6 9 11 0.032029126 
213 41 15 19 0.031087708 
689 14 9 12 0.030952742 
743 21 10 12 0.030902322 
807 16 9 11 0.030839583 
619 152 17 22 0.030676048 
698 35 11 14 0.03063607 
443 50 14 15 0.030393818 
704 190 23 25 0.030028457 
685 36 13 15 0.02997883 
884 224 23 29 0.029878758 
956 161 27 31 0.02975463 
388 148 25 34 0.029745188 
856 8 9 10 0.029728817 
700 29 9 13 0.029310877 
528 0 10 10 0.029297471 
462 74 12 18 0.029223422 
86 0 13 11 0.029071033 
624 46 10 14 0.029016158 
709 5 11 12 0.02890566 
93 0 12 11 0.028815316 
718 10 9 10 0.028547443 
581 1 9 10 0.028216083 
612 3 12 14 0.028072733 
21 2 11 12 0.02804562 
533 0 9 10 0.027974246 
816 1 10 11 0.027955273 
664 27 10 14 0.027799346 
910 23 11 13 0.027738618 
586 33 13 18 0.027399523 
320 2 10 11 0.027383551 
548 61 13 20 0.02700887 
681 44 14 18 0.026737282 
964 73 12 18 0.026579026 
600 202 26 31 0.02634745 
277 164 24 35 0.026293634 
779 22 9 12 0.025622224 
468 74 14 19 0.025445761 
919 26 13 16 0.025314342 
128 3 11 12 0.02531394 
209 136 22 32 0.02497402 
180 162 17 22 0.024704894 
996 64 10 12 0.024359308 
805 70 16 22 0.024248589 
804 58 14 16 0.024133459 
386 67 14 19 0.023885226 
898 136 19 28 0.02387412 
57 73 13 18 0.02385997 
164 27 16 17 0.023829814 
325 85 17 20 0.02352112 
429 74 12 18 0.023415811 
215 0 10 10 0.023371316 
11 64 15 21 0.023338517 
84 4 13 14 0.023331203 
885 91 14 18 0.023227863 
451 39 13 17 0.023139136 
134 2 11 9 0.02302885 
502 8 10 12 0.02279826 
1005 127 16 21 0.022766326 
699 14 10 12 0.022728039 
200 101 20 24 0.02232095 
614 166 23 31 0.022297088 
659 39 12 16 0.022277953 
311 14 11 15 0.022168025 
273 72 20 22 0.022120971 
592 0 10 9 0.022108536 
834 76 15 16 0.022049397 
977 120 16 23 0.021927077 
285 0 10 11 0.021894213 
850 50 14 17 0.021885907 
219 173 22 32 0.021836888 
669 25 12 15 0.021762135 
86 34 15 20 0.021738034 
130 50 14 18 0.02169314 
981 200 24 29 0.021484816 
64 84 13 18 0.02142944 
810 163 21 26 0.021292046 
258 56 16 21 0.021096759 
28 74 14 19 0.020873962 
319 123 21 27 0.020799547 
358 2 12 14 0.02054511 
799 79 14 20 0.0205141 
845 69 12 13 0.020341767 
219 66 13 19 0.020341702 
456 9 14 17 0.020292943 
593 14 9 13 0.020071061 
