0_Parade_Parade_0_53
71
793 182 47 57 0.9981432 
270 169 44 52 0.99654454 
467 219 12 15 0.9734784 
529 149 17 20 0.6380162 
483 66 14 15 0.34011406 
521 227 10 13 0.29198855 
861 227 10 15 0.19149306 
663 228 9 11 0.15331708 
611 169 16 24 0.11658887 
536 236 9 11 0.10987416 
987 243 11 14 0.103515446 
488 209 10 11 0.08797732 
673 263 8 10 0.08776498 
1014 231 7 11 0.08629321 
986 210 12 16 0.08624321 
362 222 7 10 0.08174848 
366 224 7 9 0.081326224 
510 245 8 12 0.07526101 
535 189 10 13 0.07518986 
418 215 8 11 0.073159195 
577 221 8 10 0.072242014 
560 248 7 10 0.07032084 
423 214 8 11 0.06982301 
672 240 7 9 0.060819417 
415 236 8 11 0.060757395 
486 228 9 13 0.05606175 
504 231 9 12 0.05556092 
404 62 22 30 0.054129425 
1013 236 8 13 0.053912263 
483 72 18 20 0.05098035 
1001 245 8 10 0.04784218 
510 238 8 10 0.0445613 
383 214 7 9 0.043036647 
693 189 8 10 0.040840082 
391 238 8 11 0.040171683 
368 229 7 10 0.039076664 
377 232 7 10 0.03755568 
844 204 11 14 0.036959533 
382 232 8 10 0.036380526 
384 236 8 11 0.03404625 
610 155 26 36 0.03352413 
650 271 9 11 0.032372177 
393 223 8 10 0.029826406 
731 240 7 9 0.029756775 
552 230 8 10 0.029028991 
392 231 8 10 0.028774755 
378 223 8 10 0.027635131 
535 264 9 11 0.02690248 
664 247 8 9 0.02607009 
567 247 8 11 0.025790801 
713 234 6 8 0.025633596 
983 240 11 14 0.024642762 
541 237 8 11 0.024254648 
417 220 9 10 0.023992209 
679 239 6 9 0.02378805 
583 256 8 10 0.023629218 
665 238 8 10 0.023414012 
559 252 8 10 0.023093017 
581 221 10 11 0.023088822 
581 216 9 10 0.022790162 
1011 287 11 22 0.022692608 
506 237 8 10 0.022643605 
649 246 7 10 0.02256727 
496 230 9 11 0.022385951 
669 190 9 12 0.022126622 
712 240 7 9 0.022009257 
243 212 10 11 0.021850243 
519 255 10 11 0.021376198 
1014 224 8 12 0.021313814 
727 224 7 8 0.020310761 
985 264 10 12 0.020278456 
