0_Parade_marchingband_1_465
606
1008 256 9 10 0.8489186 
168 225 9 11 0.7557755 
44 302 9 11 0.48429373 
901 142 8 11 0.45917928 
221 117 9 12 0.42862347 
971 292 11 14 0.4209987 
81 305 8 10 0.3939386 
594 232 10 13 0.36749431 
128 238 8 10 0.35034442 
518 260 10 11 0.33396935 
984 245 8 10 0.32031333 
873 165 8 10 0.30639446 
992 313 16 18 0.2677759 
815 168 6 8 0.26033863 
558 231 8 10 0.25187314 
877 166 7 10 0.23879665 
321 164 11 15 0.23666956 
801 204 9 11 0.23441954 
72 173 9 11 0.22987758 
487 231 9 13 0.22176342 
504 148 9 13 0.22114538 
550 95 7 9 0.2108438 
921 180 10 13 0.21022072 
878 134 7 9 0.19077419 
657 149 8 10 0.1860074 
253 116 9 11 0.18051831 
294 253 10 13 0.16504823 
186 190 9 11 0.16248432 
230 253 12 14 0.16010402 
6 262 8 9 0.15862086 
465 257 8 9 0.15070859 
391 181 8 11 0.14955238 
53 276 8 10 0.1410445 
230 248 9 9 0.13710387 
709 94 11 13 0.13643794 
946 158 7 9 0.13642617 
919 176 9 11 0.13540518 
235 157 8 11 0.13439572 
793 167 7 9 0.13368006 
365 248 8 10 0.1322467 
933 269 8 11 0.12655614 
678 186 9 12 0.11888068 
49 277 8 10 0.118774354 
973 197 9 12 0.117553055 
520 237 10 11 0.1171826 
235 254 12 16 0.11604902 
569 149 8 10 0.11291992 
129 166 7 9 0.11206932 
797 134 8 11 0.11173558 
839 142 7 9 0.11060096 
734 241 7 9 0.10933672 
390 209 10 11 0.10824229 
545 149 8 11 0.107902244 
464 179 8 10 0.10282327 
486 173 8 10 0.10276595 
533 165 8 10 0.10260538 
930 279 9 12 0.10191234 
433 180 10 12 0.10177063 
29 236 11 14 0.101056665 
289 253 10 13 0.099737614 
921 143 7 9 0.09972398 
503 182 9 12 0.09819546 
1009 209 10 11 0.095128104 
109 604 15 17 0.09341151 
972 268 10 13 0.0904331 
429 260 10 13 0.089883 
350 215 9 12 0.08896898 
576 151 7 10 0.08733607 
681 149 8 10 0.086707406 
626 238 8 11 0.08405599 
874 150 7 9 0.08320244 
112 284 8 10 0.08271565 
958 136 7 9 0.08230925 
197 160 8 9 0.08203017 
662 240 9 11 0.08192806 
606 197 8 10 0.08134911 
870 161 9 10 0.08104924 
101 238 9 11 0.08040191 
898 174 8 11 0.07962731 
173 158 8 10 0.079529464 
886 268 9 11 0.07940168 
857 221 8 11 0.07880825 
914 173 7 11 0.07841793 
133 239 7 10 0.07763972 
922 230 10 12 0.07716324 
473 160 8 9 0.07637861 
488 144 7 9 0.07541611 
551 179 9 11 0.07539023 
553 164 8 10 0.07498395 
529 159 7 10 0.074536264 
601 156 7 10 0.07443972 
101 244 9 12 0.07436639 
471 181 7 10 0.07382937 
284 134 12 14 0.07193504 
110 169 10 12 0.07163853 
686 128 8 9 0.070674166 
349 237 10 13 0.07034843 
63 198 9 11 0.06994221 
127 311 8 10 0.06982202 
579 93 9 11 0.069485724 
768 159 7 9 0.069242306 
175 240 8 10 0.06881469 
722 201 7 9 0.0680354 
849 160 8 10 0.06772022 
902 174 8 11 0.06720887 
295 258 12 15 0.066301435 
350 165 7 9 0.06555829 
25 223 10 14 0.065376095 
935 157 7 9 0.06376721 
22 319 8 11 0.06370868 
990 295 10 12 0.06338307 
564 246 9 13 0.06289605 
389 166 8 9 0.061047707 
90 221 7 10 0.06055006 
697 233 8 10 0.060542744 
974 288 10 14 0.06046061 
985 137 7 9 0.059889182 
816 205 9 12 0.059644956 
28 228 10 13 0.05955821 
877 255 8 11 0.059188373 
526 179 9 12 0.057942573 
735 245 8 10 0.057544794 
429 164 8 11 0.057005394 
841 182 8 11 0.05632382 
974 159 9 10 0.05631639 
109 255 8 10 0.056268774 
378 150 9 11 0.056050267 
877 190 9 12 0.055806782 
851 135 7 9 0.05518929 
81 261 7 9 0.055183396 
744 199 8 9 0.055035867 
868 164 7 10 0.054687608 
483 174 8 10 0.054577425 
0 312 7 11 0.054121368 
225 183 8 10 0.05381222 
751 93 9 11 0.053264033 
519 165 8 11 0.052481625 
904 281 9 11 0.052405026 
945 176 8 9 0.052404683 
849 222 8 9 0.05230453 
332 181 10 12 0.052231256 
238 176 8 10 0.051844917 
826 221 8 10 0.051791012 
456 116 8 11 0.0517726 
697 189 7 10 0.051739372 
105 254 8 11 0.051240087 
903 229 9 10 0.0507784 
943 233 8 9 0.0506835 
167 252 7 11 0.050544072 
703 169 7 9 0.05051493 
863 150 7 9 0.050330747 
623 253 8 10 0.04995653 
766 199 8 11 0.049873404 
526 255 9 11 0.049852736 
45 308 9 11 0.049705092 
704 265 8 10 0.049572296 
317 188 8 11 0.049518503 
518 244 10 13 0.049261328 
712 190 7 9 0.04908365 
565 263 9 10 0.048885107 
537 81 7 9 0.0487474 
927 234 9 13 0.048346765 
982 252 10 12 0.04828385 
527 153 8 9 0.047934085 
513 255 10 13 0.04785961 
961 293 11 14 0.047746558 
520 205 8 9 0.047725443 
535 136 7 10 0.04730027 
949 264 11 13 0.047157947 
503 156 9 10 0.046982296 
578 158 7 10 0.046874687 
618 262 7 9 0.046579175 
858 150 7 9 0.04652161 
197 214 10 13 0.04641587 
977 248 7 10 0.046234567 
160 262 7 9 0.046157386 
912 285 8 11 0.04568667 
880 263 9 12 0.045513388 
928 143 7 8 0.04523608 
209 151 8 10 0.04509093 
225 253 11 17 0.045015123 
572 189 10 13 0.04485079 
186 278 8 11 0.044709526 
104 271 8 8 0.04452887 
295 249 8 10 0.0444092 
825 264 7 10 0.04432422 
946 269 9 13 0.044310685 
1003 255 9 11 0.044245303 
919 170 7 9 0.044167858 
36 236 10 13 0.04402056 
785 192 8 10 0.043879665 
990 301 12 15 0.043520637 
64 192 9 11 0.04343272 
814 188 9 10 0.043330915 
878 174 8 11 0.043271024 
367 253 7 10 0.043263134 
485 509 16 21 0.04319419 
527 125 8 11 0.042948104 
102 234 8 9 0.04294387 
214 176 8 10 0.04261804 
668 261 8 9 0.04247935 
999 293 12 15 0.0423875 
930 157 8 9 0.042372704 
504 71 9 11 0.042343285 
347 219 10 12 0.042287234 
34 198 7 9 0.042262014 
841 152 7 9 0.042163864 
618 256 7 9 0.042037945 
536 141 7 10 0.042015083 
118 301 11 14 0.041965496 
25 192 8 10 0.04177537 
88 321 7 9 0.04156165 
878 130 7 9 0.04154253 
630 244 9 13 0.04152417 
355 177 7 9 0.041418646 
685 144 9 10 0.041278537 
552 145 7 9 0.04121301 
834 206 8 10 0.041177675 
663 95 9 10 0.04109116 
702 231 8 10 0.041040547 
105 264 7 9 0.040992316 
695 254 8 9 0.040982645 
508 181 9 12 0.040979438 
561 149 9 10 0.040791273 
882 213 7 9 0.040785473 
549 245 11 16 0.04074103 
878 149 7 10 0.040733922 
838 201 9 10 0.04058067 
915 152 7 9 0.040549353 
234 177 8 10 0.040484708 
73 232 9 11 0.040351145 
166 241 8 10 0.04023028 
985 195 6 9 0.040088344 
939 174 6 9 0.039469462 
469 255 7 9 0.039444063 
386 180 8 11 0.039349776 
545 145 7 9 0.03905191 
873 229 10 11 0.03904811 
929 264 9 11 0.03902656 
1009 143 7 9 0.03884161 
935 136 7 9 0.038839526 
78 247 7 9 0.038730606 
3 269 8 13 0.038669158 
662 232 9 11 0.03864087 
945 237 8 10 0.038546324 
432 247 10 12 0.038468327 
940 204 10 13 0.03845771 
221 143 8 10 0.038227994 
592 255 8 9 0.038222 
466 260 11 12 0.03791905 
618 247 8 9 0.03785806 
786 197 8 10 0.037824225 
348 242 10 13 0.037723582 
753 206 8 10 0.03745351 
944 277 9 12 0.037325956 
560 145 7 9 0.037245516 
557 197 9 11 0.03719587 
229 267 13 16 0.036983974 
624 245 9 12 0.036833394 
135 254 10 12 0.036806807 
950 176 7 10 0.036753204 
975 264 10 12 0.03673184 
261 157 9 11 0.036685165 
582 157 7 10 0.03662529 
55 320 7 8 0.036581434 
521 127 8 10 0.03650755 
470 209 8 11 0.036494765 
825 184 7 10 0.03637812 
215 181 8 11 0.036323793 
0 301 7 11 0.036216326 
709 265 7 9 0.03608444 
1005 158 8 10 0.035959207 
425 126 9 11 0.035907768 
464 211 9 11 0.035876013 
583 244 10 14 0.035812087 
583 151 8 11 0.03573323 
675 185 8 11 0.035733107 
665 257 9 10 0.03566597 
936 232 8 11 0.035628088 
829 220 9 11 0.035521332 
680 167 8 11 0.035426434 
316 207 10 13 0.035405494 
561 126 7 10 0.03534198 
767 182 8 9 0.035330776 
626 233 8 10 0.035278797 
324 160 12 15 0.03524363 
2 277 7 12 0.035025142 
329 218 13 16 0.03476471 
499 181 9 12 0.03463467 
167 245 8 10 0.034595903 
1014 175 8 12 0.034254078 
38 197 7 10 0.034185424 
917 286 9 11 0.03417121 
498 215 16 17 0.034150563 
832 216 9 10 0.03399627 
872 236 11 13 0.03397234 
832 175 7 9 0.033947874 
951 238 8 10 0.033936247 
24 198 8 11 0.033841074 
918 150 7 9 0.03338034 
854 130 7 8 0.033274945 
960 240 8 10 0.03327224 
162 255 8 11 0.0332055 
987 245 10 11 0.03301479 
794 208 7 9 0.032750946 
589 245 9 12 0.032722045 
116 179 11 12 0.03269842 
560 94 8 10 0.032650188 
107 173 10 12 0.03254053 
509 117 8 10 0.032419812 
159 172 9 11 0.032296695 
658 246 8 11 0.032165054 
31 193 8 9 0.03215063 
569 168 8 9 0.03205034 
431 216 9 11 0.0319798 
433 145 7 9 0.03197754 
167 192 8 11 0.03190015 
423 119 9 11 0.031881865 
304 183 8 11 0.031769615 
462 269 11 13 0.031722285 
655 168 7 9 0.0316606 
512 247 9 11 0.031485636 
896 168 8 10 0.031473015 
601 254 7 9 0.031459413 
544 158 8 10 0.03142718 
127 242 8 11 0.031385157 
877 178 10 14 0.031323344 
521 175 9 11 0.031314768 
584 143 7 9 0.031273074 
465 288 8 10 0.031147638 
832 182 8 10 0.030888591 
879 225 8 10 0.030821364 
950 181 8 10 0.030807935 
433 149 8 11 0.03073461 
110 262 8 10 0.030616404 
575 145 8 10 0.030560352 
911 241 9 11 0.030557519 
873 145 7 8 0.03046547 
377 105 9 11 0.030430848 
498 158 7 10 0.030389054 
0 332 7 11 0.030235201 
15 277 9 12 0.030222135 
119 309 10 11 0.030041296 
801 184 7 10 0.029881798 
233 182 8 11 0.029847069 
558 164 8 10 0.0298354 
383 160 9 11 0.029669764 
296 181 8 11 0.029646192 
537 101 7 10 0.029623391 
608 255 7 9 0.029614057 
576 127 8 10 0.02961333 
911 334 8 10 0.029518394 
608 212 9 12 0.029510235 
602 197 8 10 0.029508978 
124 238 9 11 0.02948443 
230 242 9 10 0.029405454 
982 197 9 11 0.029385883 
832 158 7 9 0.029355176 
546 111 8 10 0.02932473 
872 264 8 11 0.029304268 
70 207 10 12 0.029120522 
432 239 8 10 0.029097589 
750 200 8 10 0.029085957 
920 279 9 12 0.028981945 
391 161 8 11 0.02895434 
970 214 9 10 0.028944947 
647 254 9 12 0.028918391 
498 149 8 11 0.028693812 
506 134 7 9 0.028693322 
294 151 10 13 0.028675 
42 279 9 12 0.028586349 
487 148 9 10 0.028576314 
533 126 8 11 0.028337084 
688 132 8 10 0.028327854 
86 262 7 9 0.02824231 
136 245 7 11 0.028202778 
809 188 9 10 0.028174695 
871 182 11 14 0.028172027 
134 275 11 13 0.028129842 
1 284 9 14 0.028124377 
996 301 14 17 0.028077677 
151 284 8 10 0.028045105 
912 158 8 9 0.028038112 
558 224 9 12 0.028031759 
791 198 8 10 0.027968276 
521 134 8 10 0.027951363 
430 200 9 11 0.027886901 
1 585 28 38 0.027836936 
560 249 11 14 0.027822724 
528 198 8 10 0.027815789 
591 273 15 18 0.027796935 
703 191 7 9 0.027687877 
157 160 7 8 0.02766169 
977 173 10 13 0.027578 
934 236 9 11 0.027553067 
481 152 8 10 0.02751494 
148 287 7 8 0.027296849 
921 223 9 12 0.027278198 
704 225 9 11 0.02725015 
503 177 9 11 0.027243791 
832 153 8 8 0.027227143 
977 252 9 11 0.027214691 
506 113 8 10 0.027191056 
142 219 9 11 0.02711568 
580 88 9 11 0.027064558 
574 168 8 9 0.027051061 
762 181 8 10 0.027036093 
424 177 7 9 0.02701238 
467 268 12 13 0.02693088 
549 109 8 10 0.026872661 
237 154 8 11 0.026872272 
684 184 10 11 0.026868584 
615 143 8 11 0.026719833 
631 251 8 11 0.026668979 
951 232 8 10 0.02663914 
313 211 10 13 0.026592208 
464 167 7 9 0.026577966 
988 298 23 28 0.026515739 
960 141 8 10 0.026500184 
826 159 7 8 0.026395554 
512 95 8 10 0.026346857 
140 197 9 11 0.026265947 
482 142 8 11 0.026207695 
960 149 8 11 0.026203489 
127 192 9 11 0.026121622 
0 238 8 13 0.026108552 
834 201 9 11 0.026079731 
477 157 8 10 0.026046025 
989 252 11 13 0.026023472 
719 169 7 9 0.025927257 
816 174 7 8 0.025894873 
528 142 8 10 0.025884029 
936 142 7 8 0.025871657 
111 246 7 10 0.025860105 
249 124 9 12 0.025819372 
520 160 8 11 0.025819272 
523 150 8 11 0.025739146 
478 97 8 9 0.025730982 
837 214 9 12 0.025727157 
510 133 8 10 0.025678987 
699 170 7 9 0.02566831 
334 119 10 12 0.025611036 
77 238 8 10 0.02553042 
82 321 7 10 0.025408845 
397 182 7 10 0.025407871 
879 195 10 13 0.025394032 
335 246 8 10 0.025386432 
886 198 10 12 0.025372041 
969 246 8 10 0.025365524 
239 183 8 11 0.025329288 
23 270 7 10 0.025302771 
73 183 8 10 0.025272632 
650 168 7 9 0.025218878 
1014 277 9 14 0.025083547 
162 245 8 11 0.025043817 
613 149 8 10 0.025033886 
656 255 7 10 0.025015553 
761 265 7 9 0.02487857 
551 102 7 9 0.024875894 
425 132 9 10 0.024786953 
64 204 8 10 0.024726307 
344 182 8 10 0.024711885 
599 190 9 12 0.024586624 
377 157 9 11 0.024565317 
951 152 8 10 0.024485908 
528 136 8 9 0.02447785 
69 213 10 13 0.024370247 
793 161 8 10 0.024358004 
117 286 8 9 0.024344763 
289 151 10 13 0.024263687 
913 169 8 10 0.024230108 
306 188 9 12 0.024218589 
584 229 13 15 0.024216443 
674 173 7 9 0.02420188 
729 157 8 10 0.024194606 
847 216 8 10 0.024192961 
332 148 11 13 0.024171554 
41 298 9 11 0.024055054 
75 256 8 11 0.023985755 
137 220 9 10 0.023956202 
46 239 8 10 0.023927087 
437 286 9 11 0.023913164 
14 271 8 11 0.02390874 
810 175 7 8 0.023906428 
745 177 7 9 0.02390415 
598 168 8 10 0.023903904 
375 261 8 11 0.023897959 
947 277 12 14 0.023892954 
725 204 8 10 0.023751194 
87 232 9 12 0.023707082 
128 197 9 11 0.02363072 
574 173 8 10 0.023508368 
286 127 12 15 0.023503384 
357 208 9 11 0.023487559 
425 181 8 10 0.023455767 
496 143 8 11 0.023447853 
168 278 8 9 0.023377229 
969 264 10 12 0.02334535 
176 285 7 9 0.023276657 
217 123 11 13 0.023174332 
936 153 8 10 0.023154795 
826 175 7 10 0.023154274 
599 172 8 11 0.023125032 
663 167 7 10 0.023103999 
782 225 8 10 0.02304789 
607 160 7 10 0.022976052 
523 143 7 9 0.022935968 
512 191 8 11 0.022908222 
822 187 9 11 0.022857677 
576 101 8 10 0.022826852 
7 274 9 13 0.022818036 
258 151 9 12 0.022745011 
494 127 9 11 0.022699926 
140 255 9 12 0.02269431 
557 176 9 11 0.022648513 
663 197 8 10 0.022577992 
121 168 8 10 0.022540476 
678 172 8 10 0.022485152 
71 188 9 10 0.022474008 
584 108 8 10 0.022460654 
997 286 14 16 0.022357354 
961 209 7 9 0.022328971 
6 311 8 9 0.022325542 
96 231 9 11 0.02231945 
357 180 8 11 0.022309573 
713 199 6 9 0.022289172 
922 236 9 11 0.02228841 
704 247 8 11 0.022287853 
312 184 8 11 0.022253832 
608 249 8 9 0.022134623 
523 260 10 12 0.022127515 
503 187 9 13 0.022049451 
496 176 8 10 0.022026692 
895 160 7 9 0.022023255 
841 158 7 9 0.022011714 
681 134 8 10 0.021949919 
739 198 7 10 0.021948962 
753 168 6 8 0.02193565 
545 101 7 9 0.02188291 
870 245 10 12 0.02188032 
627 150 7 10 0.021853637 
159 167 8 9 0.021853128 
248 173 9 10 0.021796549 
689 237 11 13 0.021785175 
794 173 7 9 0.021784687 
700 237 9 11 0.021760475 
247 139 10 11 0.021744879 
955 197 7 9 0.021669157 
561 269 10 11 0.02161343 
960 230 8 11 0.021601994 
694 246 9 12 0.021592021 
568 128 7 9 0.021584501 
1000 248 9 10 0.02150598 
82 287 8 11 0.021366075 
834 167 7 10 0.021337418 
981 257 11 13 0.021316966 
469 286 9 11 0.021299498 
362 255 7 10 0.021293899 
941 303 12 14 0.021242345 
558 236 9 13 0.021219358 
851 129 7 9 0.021159178 
574 263 7 9 0.02114792 
762 159 7 8 0.021138547 
426 204 9 11 0.021063892 
478 181 7 9 0.02105156 
329 125 11 13 0.021043962 
576 134 9 10 0.021006217 
1 293 9 13 0.021004042 
553 238 9 13 0.020969743 
592 150 8 11 0.020938493 
176 190 9 12 0.02092109 
97 262 7 9 0.020919407 
591 126 12 14 0.020832116 
705 200 7 8 0.020792075 
891 166 7 10 0.020786712 
702 252 8 10 0.020743856 
227 256 18 23 0.020711286 
467 276 12 14 0.020709965 
30 318 8 9 0.020688185 
918 272 10 11 0.020680187 
369 167 8 10 0.020647455 
123 244 8 11 0.02064064 
333 157 9 12 0.020618664 
728 183 8 8 0.020605167 
56 313 7 9 0.02056872 
968 183 7 9 0.020545082 
792 212 8 10 0.020480175 
600 248 8 10 0.020427963 
800 175 6 9 0.020420853 
505 48 8 11 0.020420797 
93 215 9 11 0.020378575 
522 120 8 10 0.02037833 
15 283 10 12 0.020363092 
552 138 7 9 0.020346217 
132 167 8 10 0.020333935 
430 134 8 10 0.020302474 
426 228 10 12 0.020253573 
610 149 8 11 0.020191608 
173 154 8 9 0.02018176 
906 159 7 9 0.020178346 
945 153 8 10 0.020174606 
97 254 8 10 0.020109018 
111 269 8 10 0.02010878 
632 162 7 9 0.020058142 
848 152 7 9 0.020023713 
560 136 7 8 0.020006014 
