0_Parade_marchingband_1_525
154
676 380 22 27 0.9878029 
37 424 16 20 0.98571825 
764 437 16 20 0.9849278 
193 374 22 27 0.9795297 
289 394 23 26 0.97813976 
400 385 23 26 0.9770387 
538 396 19 23 0.9685037 
899 423 20 24 0.96471953 
860 484 14 19 0.9647097 
132 411 21 25 0.9174937 
813 429 13 15 0.8978145 
120 409 13 16 0.84597 
838 420 12 15 0.81776685 
782 422 12 15 0.8091364 
796 420 11 14 0.78914285 
983 462 13 17 0.75831074 
832 421 12 15 0.67773455 
9 423 11 12 0.6645098 
155 418 12 15 0.6318913 
626 414 9 12 0.5709843 
511 416 8 11 0.4186317 
70 407 10 13 0.41312855 
223 325 11 13 0.37473404 
262 397 12 16 0.36468253 
957 469 12 17 0.36178544 
24 428 10 13 0.35664266 
484 487 10 13 0.3546815 
733 400 12 18 0.34449255 
77 423 10 13 0.33533853 
733 516 35 40 0.27996272 
457 477 9 12 0.2562265 
61 422 9 12 0.2232197 
333 394 12 16 0.22016153 
798 433 10 14 0.20945978 
582 423 10 13 0.19142045 
552 551 9 11 0.17815886 
572 411 9 13 0.17785768 
714 502 15 20 0.17613684 
974 459 13 17 0.16579269 
808 451 11 14 0.16398253 
98 455 10 13 0.16392599 
317 539 10 12 0.15960686 
242 390 9 13 0.15535007 
738 436 14 17 0.15315153 
568 542 10 12 0.14736362 
213 385 11 18 0.14443283 
1012 525 11 15 0.14124365 
91 418 12 14 0.13068819 
945 435 10 14 0.10689113 
948 473 17 19 0.100631304 
728 398 11 17 0.09805978 
174 368 14 18 0.09743932 
103 402 11 15 0.09742996 
259 377 12 16 0.09469757 
369 410 16 18 0.09262043 
547 530 11 14 0.090799 
585 414 11 15 0.089838825 
341 402 14 21 0.08870627 
311 403 12 17 0.081824295 
203 380 16 22 0.08049823 
376 492 9 12 0.07669732 
430 491 10 12 0.07469384 
481 490 10 13 0.07374188 
294 364 9 12 0.071087815 
524 506 11 14 0.06861658 
348 403 15 22 0.06834763 
258 395 10 16 0.06566704 
67 474 11 14 0.064882256 
331 400 14 20 0.06310904 
517 416 9 12 0.06145573 
735 391 12 15 0.059238363 
464 453 8 10 0.058951925 
507 416 8 10 0.05824469 
28 507 12 15 0.055831928 
624 549 10 11 0.05504611 
790 436 12 15 0.053497683 
885 409 10 15 0.05302737 
455 516 9 11 0.053015098 
159 323 10 13 0.05167068 
731 535 25 33 0.049334224 
584 546 8 10 0.04732317 
469 453 8 10 0.047081985 
513 501 8 11 0.046805073 
103 480 11 13 0.04557651 
948 430 13 18 0.04348875 
913 411 11 14 0.042417597 
338 397 12 16 0.04219072 
332 382 11 12 0.04205871 
922 515 17 19 0.04148404 
790 426 11 15 0.04119999 
571 454 15 18 0.04118905 
813 417 12 14 0.04111898 
479 520 8 10 0.040001664 
244 392 11 16 0.03908806 
54 427 10 15 0.036948595 
381 492 9 11 0.036104 
629 557 9 11 0.036002863 
24 397 13 15 0.035684388 
31 426 12 16 0.0350192 
737 403 14 17 0.03488995 
821 421 11 15 0.034550205 
465 503 9 11 0.033907644 
784 437 12 16 0.03342968 
578 427 9 12 0.032275494 
915 522 20 21 0.032238323 
302 542 9 11 0.031835936 
652 495 14 17 0.03098943 
350 397 15 19 0.030939884 
474 520 8 10 0.030359114 
245 405 10 13 0.030134965 
598 425 11 16 0.029984327 
808 435 12 14 0.029739367 
339 390 12 13 0.029669976 
720 398 10 15 0.029115804 
775 414 13 16 0.028996738 
775 425 14 17 0.028037898 
449 458 15 16 0.027948258 
969 460 12 15 0.027886396 
617 414 11 14 0.027429407 
624 410 9 12 0.027096957 
476 534 11 13 0.026452018 
169 399 11 13 0.02640204 
0 421 7 13 0.026322143 
727 519 12 14 0.026320368 
0 414 8 12 0.026269885 
521 504 10 12 0.026138926 
690 484 17 19 0.026091564 
495 526 8 10 0.026018195 
708 466 14 16 0.026003331 
881 406 11 14 0.025859773 
464 508 9 11 0.025088832 
1 430 8 13 0.024663521 
705 499 20 26 0.023943229 
139 406 15 18 0.02380938 
353 404 19 24 0.02364801 
463 472 9 12 0.023309322 
745 436 13 17 0.023210175 
981 543 26 43 0.023130173 
125 414 15 19 0.022761006 
732 550 15 18 0.02272293 
240 406 10 13 0.021988466 
809 421 11 15 0.02171291 
1000 405 17 20 0.021704102 
568 536 9 12 0.021673262 
644 450 14 18 0.021382606 
743 523 21 25 0.021267427 
86 428 10 14 0.02120313 
526 485 11 14 0.021126157 
628 478 11 14 0.020940363 
28 401 12 15 0.02093998 
297 542 8 11 0.020667529 
843 423 12 16 0.020480957 
510 510 8 11 0.02026745 
616 550 10 12 0.020115681 
