0_Parade_marchingband_1_649
54
490 123 35 44 0.99939334 
860 153 30 37 0.999308 
556 82 35 48 0.99905866 
342 119 31 38 0.9990294 
651 147 29 36 0.9989372 
761 151 27 35 0.9988972 
55 120 31 36 0.9988753 
970 152 31 39 0.9987679 
5 128 28 34 0.9986959 
896 321 38 49 0.9983114 
409 84 36 46 0.99814236 
248 144 29 34 0.99808973 
701 290 37 48 0.9975783 
814 203 33 43 0.99752194 
23 199 38 48 0.9973465 
131 237 34 42 0.9971819 
660 215 38 45 0.9968375 
703 173 22 31 0.99645317 
246 192 39 46 0.99645185 
798 285 39 50 0.9963025 
103 137 26 32 0.99630094 
294 291 43 56 0.99535733 
175 282 41 51 0.993897 
941 208 39 45 0.9934862 
907 179 22 28 0.9914511 
528 130 31 38 0.9890189 
153 121 19 34 0.6771511 
234 155 19 27 0.66379917 
836 179 23 27 0.5727501 
441 133 25 29 0.30904692 
825 171 19 20 0.26937956 
828 175 23 25 0.2043984 
793 167 22 27 0.17291544 
198 131 20 35 0.09094257 
117 444 30 37 0.08607861 
802 163 15 20 0.07875405 
171 112 26 30 0.063482225 
794 156 17 20 0.056067478 
544 556 10 12 0.051258944 
790 163 17 22 0.048939202 
535 443 10 13 0.034741424 
828 183 26 39 0.03472133 
147 155 20 28 0.027341187 
795 151 13 15 0.026360003 
244 150 19 26 0.025099931 
432 488 9 11 0.023771465 
129 140 20 29 0.023760963 
469 162 14 19 0.023148643 
201 438 33 32 0.023118913 
568 429 11 14 0.02310915 
187 124 24 34 0.022056237 
535 517 9 11 0.020786934 
509 131 24 38 0.020582 
107 449 26 33 0.020125335 
