0_Parade_marchingband_1_765
385
252 267 13 18 0.99628 
539 348 15 19 0.99579704 
317 305 15 20 0.99535733 
606 243 12 17 0.9953282 
612 382 16 21 0.9953003 
554 377 17 23 0.9950754 
452 341 17 23 0.9948736 
501 314 15 19 0.99453956 
398 244 12 16 0.9943065 
492 366 19 24 0.9938233 
421 269 13 17 0.9938182 
195 373 17 20 0.9931745 
307 370 19 24 0.99276006 
758 189 10 13 0.9927166 
650 316 14 19 0.9925459 
405 309 15 20 0.9922288 
413 214 11 14 0.9920747 
892 267 13 17 0.99203753 
248 369 18 22 0.99187016 
340 265 13 17 0.9915284 
806 322 15 19 0.99125856 
369 369 18 22 0.9912532 
780 220 12 14 0.9885477 
287 289 13 18 0.9882477 
486 190 10 13 0.98779 
113 299 16 22 0.98749524 
503 234 12 15 0.98735017 
139 272 16 21 0.98617864 
663 211 12 15 0.9859635 
845 373 17 22 0.98359364 
420 190 10 13 0.9835751 
692 351 15 18 0.9822208 
630 199 11 15 0.98157513 
727 312 14 18 0.98085636 
913 290 14 17 0.97992516 
905 382 18 21 0.97940516 
202 220 13 17 0.9790639 
583 314 15 18 0.9788776 
704 231 12 15 0.978613 
476 214 11 14 0.97845024 
541 187 10 12 0.97816443 
456 173 11 14 0.9774483 
765 350 15 19 0.97734636 
351 343 16 20 0.97700775 
499 263 14 18 0.976962 
429 373 18 21 0.9764084 
615 295 13 17 0.9758757 
622 347 16 19 0.9749428 
397 170 11 14 0.9748812 
763 231 11 14 0.9747474 
857 354 15 19 0.97447824 
89 323 19 24 0.97335476 
457 290 14 18 0.9726634 
257 343 16 19 0.9706534 
802 253 12 15 0.97010404 
786 273 13 17 0.97006446 
328 171 11 14 0.96672076 
361 229 13 17 0.9662081 
726 382 19 22 0.9657984 
769 292 14 18 0.9642704 
647 266 14 18 0.9641881 
537 253 13 16 0.96393603 
369 290 13 18 0.96244365 
653 188 11 14 0.9619556 
261 174 10 12 0.9602831 
312 249 13 16 0.95989764 
504 203 11 14 0.95967275 
549 166 9 11 0.95807284 
663 378 17 20 0.95766944 
784 381 18 21 0.9572556 
441 234 13 16 0.95557696 
803 156 11 14 0.95543736 
383 204 10 13 0.9553159 
173 257 13 17 0.9538207 
350 183 12 14 0.95194954 
746 251 12 16 0.95136863 
285 234 11 14 0.94921124 
232 198 13 16 0.9488524 
600 189 10 13 0.9480271 
848 225 12 15 0.94690835 
225 317 14 18 0.94653815 
823 180 12 16 0.9465239 
569 172 10 13 0.94528824 
511 170 10 13 0.94512445 
640 233 11 15 0.9435117 
151 380 17 20 0.94219065 
834 202 13 16 0.93883675 
541 296 12 17 0.9355771 
674 246 13 16 0.93348366 
606 210 11 13 0.93221486 
331 217 11 15 0.9293292 
310 203 10 13 0.9293031 
833 297 14 18 0.9288901 
465 250 13 16 0.92862153 
873 246 12 15 0.9277975 
462 147 9 12 0.9237847 
598 164 11 13 0.91983485 
540 208 12 15 0.91823447 
566 201 12 14 0.91332144 
714 270 13 17 0.91282064 
724 214 11 14 0.90557563 
578 269 12 16 0.9046197 
568 233 12 15 0.898292 
688 295 14 18 0.8890916 
448 202 11 13 0.8833794 
436 163 10 12 0.87607497 
658 164 9 12 0.87501 
284 150 10 13 0.8662429 
730 181 10 12 0.8570936 
489 163 10 12 0.84766465 
244 185 11 14 0.84129393 
704 166 9 11 0.84070665 
789 150 10 12 0.82897025 
745 203 11 13 0.8031234 
369 162 10 13 0.7974258 
678 156 9 11 0.7939061 
689 199 12 16 0.78734845 
573 152 9 12 0.7410489 
781 139 9 12 0.7398417 
771 126 10 13 0.7351918 
628 178 10 13 0.723214 
782 318 12 15 0.69041735 
310 132 9 11 0.6851099 
300 143 9 11 0.64893955 
699 319 12 16 0.6387429 
712 192 10 12 0.6374964 
738 161 10 12 0.63374186 
344 151 10 12 0.63145804 
682 181 9 12 0.6223725 
273 163 11 12 0.5823644 
716 155 9 12 0.5207658 
639 167 9 11 0.41271526 
406 150 10 13 0.34745374 
865 228 10 13 0.33851507 
526 148 10 12 0.33761933 
320 230 11 14 0.29602948 
583 166 9 11 0.25619593 
628 151 10 13 0.251409 
615 195 11 14 0.24172603 
893 293 12 16 0.23988326 
839 250 13 19 0.23158996 
314 151 9 11 0.23154296 
317 157 9 11 0.22788887 
819 353 12 16 0.22669293 
366 181 10 13 0.22093293 
534 165 9 11 0.21366829 
366 188 11 13 0.20485777 
736 195 9 13 0.20403361 
366 455 11 14 0.20222183 
420 152 11 13 0.19996281 
260 199 10 14 0.1923069 
426 454 12 16 0.18383698 
718 172 10 12 0.16638772 
473 151 9 12 0.16607442 
619 214 10 13 0.16254678 
304 455 12 15 0.15493326 
670 195 12 14 0.15449938 
698 135 10 13 0.1497578 
588 293 11 14 0.14340301 
626 323 12 15 0.14164227 
472 157 9 11 0.1392428 
579 132 15 17 0.13850424 
748 293 12 16 0.13201404 
696 139 10 14 0.12584247 
917 3 17 17 0.12583166 
199 270 13 16 0.124214 
276 197 10 12 0.11722865 
521 144 10 12 0.11207402 
359 167 10 12 0.10928695 
689 167 9 11 0.105260715 
528 164 9 12 0.10507114 
189 244 11 13 0.102295116 
326 151 8 11 0.09894421 
414 150 12 14 0.09574357 
748 315 15 18 0.095724255 
704 161 9 11 0.09296774 
236 342 12 17 0.092881404 
591 179 9 13 0.09178691 
687 173 9 12 0.09176823 
136 307 14 18 0.09110769 
762 144 8 10 0.090954304 
305 165 8 10 0.09088438 
424 173 10 12 0.090473026 
480 175 9 12 0.08999723 
460 202 10 13 0.08699721 
807 362 14 19 0.08685698 
614 173 11 14 0.084284335 
724 255 10 13 0.08058054 
892 387 11 15 0.07966837 
806 181 11 13 0.07854269 
483 125 10 13 0.07721568 
676 197 10 13 0.074148856 
799 189 10 12 0.072394565 
492 189 11 14 0.07119593 
748 236 12 14 0.07013374 
647 175 9 11 0.06805378 
294 173 9 11 0.068003565 
536 172 10 12 0.06780693 
616 167 9 12 0.0674388 
326 156 9 11 0.06705823 
524 227 11 15 0.06395584 
199 252 12 16 0.06387383 
516 167 11 13 0.06368405 
576 189 10 12 0.06251528 
174 291 15 18 0.06157227 
821 226 11 15 0.06113776 
662 189 9 12 0.060909536 
366 133 11 16 0.059895426 
820 258 11 14 0.059594624 
471 162 10 13 0.059294723 
477 101 11 13 0.059153758 
792 175 10 12 0.058675524 
525 180 10 12 0.05754063 
352 125 11 13 0.055670872 
574 168 9 12 0.055336986 
277 189 10 12 0.0546689 
696 173 9 12 0.054330923 
472 179 9 12 0.052370004 
659 348 11 16 0.052123014 
701 179 9 12 0.051646654 
445 183 10 13 0.049011372 
706 195 9 13 0.048370708 
525 173 10 14 0.048149925 
664 183 9 12 0.047885027 
626 155 8 11 0.047721013 
471 198 10 12 0.047125366 
559 166 9 11 0.046451885 
671 173 10 12 0.04633672 
671 191 9 11 0.045960225 
560 277 11 15 0.045678988 
830 234 10 14 0.04560275 
583 172 10 13 0.04556015 
463 115 11 12 0.045530934 
808 176 11 14 0.04512097 
552 197 10 11 0.045003194 
438 196 11 14 0.044925727 
583 181 10 12 0.044701718 
511 157 10 11 0.044069123 
502 187 11 14 0.043829817 
679 175 10 13 0.043266315 
766 274 13 15 0.043176312 
844 255 13 17 0.043020625 
413 124 13 14 0.04218922 
246 454 11 13 0.041918077 
253 223 10 14 0.04106858 
760 148 8 11 0.04088147 
888 297 12 16 0.040272117 
405 198 11 13 0.040120013 
449 139 11 14 0.040053282 
358 120 9 10 0.04005229 
279 184 9 13 0.039813764 
807 205 10 13 0.03949567 
723 353 17 20 0.039372664 
799 182 9 12 0.039367743 
494 218 11 14 0.039329767 
899 290 12 18 0.03904747 
719 237 11 13 0.038471572 
477 155 9 12 0.038102444 
348 155 10 13 0.037912685 
699 278 11 14 0.0377107 
682 129 14 16 0.037670508 
365 173 10 14 0.037620008 
414 174 10 12 0.036739696 
694 148 10 11 0.03644129 
534 158 9 11 0.03643938 
753 149 8 11 0.036284294 
687 159 9 11 0.035781343 
569 155 10 12 0.035538025 
821 213 9 11 0.034964535 
620 190 10 12 0.034860354 
670 231 12 15 0.034763686 
374 190 11 13 0.03474603 
310 164 9 11 0.034579515 
805 186 10 13 0.03445038 
269 268 10 14 0.034092728 
375 180 10 13 0.03385085 
767 214 11 14 0.03366769 
726 231 9 12 0.033574402 
311 176 9 11 0.03349822 
621 166 9 11 0.03331237 
703 170 10 13 0.033250637 
469 111 11 12 0.033246752 
302 289 13 17 0.033220712 
509 358 14 21 0.0326842 
347 294 12 15 0.03233941 
543 171 9 12 0.032140415 
497 180 9 12 0.032033976 
538 131 12 14 0.031946942 
644 219 13 13 0.031137368 
816 222 12 15 0.0309575 
648 179 10 13 0.030648315 
380 187 11 14 0.03052736 
590 203 10 13 0.03034383 
615 230 12 14 0.030236142 
289 168 8 11 0.029956527 
295 450 14 17 0.029860793 
670 182 10 12 0.029846378 
589 228 11 15 0.02952147 
326 362 14 20 0.029484976 
350 112 10 11 0.028761867 
634 198 11 14 0.02868185 
311 142 10 12 0.028633645 
342 165 10 13 0.028609969 
597 292 12 15 0.028598081 
518 223 12 15 0.028195472 
335 159 9 11 0.028165495 
419 119 11 12 0.02809385 
712 182 9 11 0.027837386 
365 274 12 15 0.027758623 
358 130 13 16 0.027724069 
429 134 11 14 0.027625943 
477 107 12 13 0.02719575 
933 313 16 21 0.027105771 
87 479 10 12 0.026980845 
352 166 9 11 0.026829768 
431 190 9 13 0.026824694 
460 234 13 16 0.026781153 
634 168 9 11 0.026779793 
559 189 10 12 0.026748175 
645 203 10 12 0.026696099 
629 137 14 15 0.026544495 
605 183 9 12 0.026536487 
823 195 9 14 0.026447525 
462 129 13 16 0.026164047 
403 171 11 16 0.02600906 
774 157 9 11 0.02578683 
741 189 9 12 0.025785822 
735 461 12 13 0.025753124 
679 188 9 11 0.025633141 
319 166 9 12 0.025617545 
265 157 11 13 0.025598899 
527 294 11 15 0.025590915 
551 212 10 14 0.02537045 
583 160 8 10 0.025354115 
288 203 9 13 0.025340961 
743 297 13 15 0.025254326 
528 159 9 11 0.025244132 
343 111 10 12 0.025076788 
731 214 12 15 0.024679124 
523 122 15 16 0.024528667 
400 156 9 12 0.024041075 
384 166 10 13 0.023948178 
797 294 12 15 0.023840941 
548 190 10 13 0.023706682 
471 124 14 16 0.023696326 
440 180 10 13 0.023587452 
419 213 11 14 0.023485824 
191 251 12 17 0.023120549 
688 119 9 10 0.023092153 
731 346 13 19 0.022938948 
388 231 13 17 0.022917628 
671 168 9 12 0.022817409 
477 145 10 12 0.02274406 
677 203 10 13 0.022711692 
352 118 9 11 0.02262415 
478 127 12 15 0.022613732 
246 195 11 15 0.022525787 
419 137 15 17 0.02243928 
734 219 11 14 0.022427848 
204 258 12 13 0.022373848 
368 214 11 14 0.022362744 
768 158 9 12 0.022286788 
446 164 9 12 0.022176968 
235 276 12 15 0.021899473 
531 151 10 12 0.021728022 
519 159 8 10 0.021683812 
364 127 12 15 0.02155313 
241 236 10 13 0.021542298 
286 270 12 16 0.02150245 
508 187 11 13 0.02126239 
753 299 13 15 0.021236654 
479 166 10 11 0.021170758 
604 165 9 12 0.021033388 
438 189 10 12 0.020995945 
511 152 9 10 0.020847874 
429 178 11 14 0.020840846 
461 165 10 12 0.020651257 
286 184 9 12 0.02060434 
584 227 11 15 0.020570818 
611 206 10 13 0.020442527 
733 229 11 14 0.020334775 
289 235 12 16 0.020297173 
398 204 10 14 0.02012953 
692 119 9 10 0.020081272 
272 205 10 13 0.020021845 
