0_Parade_Parade_0_814
330
472 373 12 15 0.96810204 
767 513 21 28 0.96736664 
894 554 16 19 0.9466868 
134 416 9 11 0.86020046 
286 428 9 12 0.85001063 
150 406 9 11 0.8319864 
776 383 10 13 0.8045716 
295 413 10 13 0.7690134 
926 528 15 22 0.7518094 
337 399 10 13 0.7501003 
752 375 12 15 0.7180589 
339 582 28 51 0.70411515 
496 375 13 16 0.6919473 
981 411 10 12 0.6602847 
367 339 11 15 0.57629013 
680 394 10 13 0.56637436 
407 398 10 13 0.4552053 
85 407 8 11 0.43565542 
111 409 9 11 0.40811768 
309 439 10 13 0.40798727 
102 396 8 10 0.40031192 
126 401 8 11 0.34888867 
727 383 9 11 0.32180208 
183 345 11 15 0.31285948 
930 533 17 23 0.31177673 
951 405 8 10 0.31140602 
968 402 8 10 0.31120867 
390 392 8 12 0.29450318 
126 389 7 9 0.2929982 
937 408 8 9 0.28784743 
420 449 12 15 0.28262454 
326 407 8 10 0.2622057 
318 396 9 11 0.26080725 
951 400 8 10 0.24945644 
312 396 9 11 0.22217089 
343 376 11 14 0.2216517 
235 367 13 18 0.21554938 
972 424 11 13 0.21502122 
694 526 21 29 0.21220541 
648 405 9 11 0.20493197 
119 372 8 10 0.1965215 
710 435 10 12 0.19386856 
884 600 16 19 0.19356099 
89 384 7 9 0.19206324 
818 548 13 18 0.18684077 
1008 412 8 11 0.18588656 
956 555 16 23 0.1786411 
301 388 14 16 0.16957219 
981 390 8 11 0.16474512 
279 357 11 16 0.16111977 
422 403 10 11 0.16080959 
812 583 12 20 0.16034245 
193 569 25 42 0.15756409 
384 388 10 15 0.15706559 
311 379 11 13 0.15331586 
289 392 9 12 0.14778568 
945 406 8 10 0.14244355 
383 419 11 16 0.13963547 
406 392 11 13 0.13784832 
296 390 11 13 0.12250349 
111 626 32 48 0.11908138 
662 391 9 11 0.11325654 
815 340 9 11 0.11167541 
136 439 9 12 0.109880775 
705 435 10 12 0.10615698 
122 404 8 10 0.10418866 
304 395 11 13 0.10372808 
187 342 13 16 0.10291709 
96 416 8 10 0.10266405 
532 392 10 13 0.09734986 
157 557 23 34 0.095827475 
157 437 12 15 0.094498366 
69 377 8 9 0.09179499 
665 484 9 12 0.090051025 
923 511 13 17 0.08706832 
994 405 8 11 0.085893266 
164 399 10 11 0.083046384 
326 431 15 18 0.08281394 
468 491 10 13 0.082754776 
726 389 9 12 0.08229849 
48 392 8 10 0.08132196 
880 593 13 20 0.079296306 
413 540 23 23 0.07831913 
472 453 11 14 0.07690405 
485 396 11 15 0.07468086 
951 419 9 13 0.07421291 
951 393 8 10 0.07008895 
95 421 9 11 0.06932245 
58 396 9 12 0.06754825 
169 413 8 11 0.06531704 
994 400 9 11 0.062126376 
153 437 10 14 0.06087173 
733 381 8 11 0.060746636 
57 392 8 10 0.060654648 
299 414 10 12 0.060415145 
461 398 10 13 0.05925177 
977 406 10 13 0.058063515 
655 383 7 9 0.057927765 
270 422 9 12 0.057251353 
107 414 7 10 0.056700964 
1000 559 12 14 0.056497432 
662 396 9 11 0.055660732 
405 435 10 13 0.05425286 
157 319 9 11 0.05398722 
976 398 9 11 0.053696696 
671 414 9 11 0.053552397 
120 423 7 9 0.05337044 
1013 412 8 12 0.05330011 
674 391 8 11 0.052635703 
892 315 12 15 0.052300725 
167 380 8 10 0.052271366 
1002 413 8 9 0.051935606 
919 530 37 47 0.05146498 
426 383 8 11 0.051393937 
72 417 8 9 0.05117365 
679 422 8 10 0.049988642 
997 407 8 10 0.0493539 
423 389 10 11 0.04875006 
328 413 8 11 0.048634205 
605 541 15 18 0.046810534 
259 406 10 12 0.045191593 
163 421 7 10 0.044734776 
910 575 10 13 0.043835234 
307 310 7 9 0.043613393 
293 443 11 13 0.04283233 
88 388 8 10 0.04213062 
167 405 9 11 0.041679766 
728 378 9 11 0.041022442 
110 420 8 11 0.04037876 
407 419 8 12 0.04008079 
113 398 7 10 0.03958016 
997 446 10 12 0.03894215 
634 491 11 14 0.038833812 
47 444 8 11 0.038748425 
998 389 8 11 0.038484946 
947 400 8 9 0.038363416 
399 381 8 10 0.037819896 
66 422 7 10 0.037808098 
128 439 8 11 0.03721697 
311 416 8 11 0.037137162 
445 507 13 18 0.03712175 
702 412 8 10 0.037031163 
121 432 7 9 0.036842596 
291 540 11 15 0.03672145 
471 473 13 16 0.036700726 
86 412 8 10 0.036593784 
413 402 11 14 0.03655676 
581 490 11 14 0.036523167 
264 427 9 13 0.036514375 
959 404 8 11 0.0361561 
909 349 12 14 0.036146462 
92 658 25 32 0.035996005 
103 422 8 10 0.035933834 
605 540 26 36 0.03580612 
981 396 10 12 0.03531809 
334 421 10 13 0.035004053 
152 410 8 12 0.034958825 
321 429 10 14 0.03488292 
328 422 9 12 0.03470832 
106 384 6 8 0.034539595 
427 446 12 16 0.033929978 
138 392 7 9 0.03382943 
416 384 8 10 0.033795517 
678 415 8 10 0.03376672 
607 509 9 12 0.033713214 
711 374 8 10 0.033454284 
142 443 9 11 0.033354368 
71 421 9 11 0.03327615 
287 433 12 16 0.03305987 
686 381 8 10 0.032945488 
51 499 11 14 0.032905687 
475 460 11 13 0.032881103 
80 413 8 10 0.032674447 
664 367 8 9 0.032207303 
917 594 10 15 0.031785924 
288 442 11 15 0.031693578 
734 376 9 11 0.031551894 
651 517 17 17 0.03148027 
916 559 11 13 0.031445682 
139 603 19 19 0.031413402 
696 408 9 11 0.03125702 
56 439 8 11 0.03077106 
762 358 8 9 0.030732196 
706 368 8 10 0.030654484 
439 512 14 18 0.030537091 
526 382 9 11 0.030528149 
611 546 30 50 0.030215941 
126 445 8 11 0.030214401 
810 341 9 10 0.030189408 
428 399 10 13 0.030179972 
446 495 10 12 0.030150954 
163 437 11 14 0.030100266 
705 373 9 10 0.029944096 
49 405 10 13 0.029871961 
65 416 8 9 0.029664114 
384 438 10 13 0.029656827 
141 456 11 14 0.02942878 
135 367 8 11 0.029424042 
90 439 8 11 0.02918113 
1016 420 8 15 0.029012626 
721 395 9 12 0.028983455 
741 359 8 11 0.02893545 
672 409 8 11 0.028924452 
435 504 23 30 0.028859967 
116 625 17 26 0.028843546 
643 518 27 27 0.028695732 
313 420 8 11 0.028593786 
728 447 8 10 0.028589623 
751 368 9 11 0.028575651 
204 544 38 43 0.028403997 
99 392 8 11 0.027987162 
409 451 13 16 0.02795462 
339 491 14 19 0.027573965 
710 367 8 10 0.027469488 
337 481 16 20 0.027379123 
737 360 8 11 0.027378041 
316 375 9 11 0.027203806 
715 430 11 14 0.027155625 
415 389 9 12 0.026945923 
260 411 11 15 0.026929405 
121 438 8 10 0.026673542 
208 453 10 14 0.026668495 
54 414 9 11 0.026661973 
437 445 11 15 0.026483634 
40 430 8 10 0.026311804 
53 403 11 14 0.026233982 
743 364 8 11 0.026088212 
960 400 7 10 0.025983062 
958 419 10 14 0.025891516 
486 373 9 14 0.025814395 
1014 390 8 12 0.025619747 
723 382 8 12 0.025564134 
57 422 7 9 0.025504304 
808 336 9 11 0.025463102 
367 517 14 18 0.025427345 
661 427 9 12 0.025426136 
94 408 8 10 0.025180219 
993 412 8 11 0.025121337 
142 359 7 9 0.025102248 
151 431 9 12 0.025097184 
998 385 8 10 0.024994371 
48 495 12 14 0.02496312 
78 421 9 11 0.02488711 
158 548 14 16 0.024781516 
664 384 8 10 0.024658652 
40 391 10 13 0.024445051 
671 368 7 9 0.02440099 
387 414 11 15 0.024338331 
161 416 7 9 0.024311708 
441 501 13 17 0.024241773 
86 401 8 10 0.024185162 
239 444 9 11 0.024005592 
294 310 8 9 0.02396556 
820 336 10 11 0.023948623 
943 430 8 10 0.023850538 
154 389 8 10 0.023844417 
160 391 8 10 0.023794418 
341 487 23 28 0.023751633 
885 310 14 17 0.02360352 
931 508 15 18 0.02356619 
347 454 12 14 0.023344561 
960 555 23 29 0.023340648 
977 385 8 10 0.023263218 
263 339 12 16 0.023200622 
945 392 10 11 0.022940665 
704 530 14 22 0.02292538 
719 366 8 9 0.022833351 
326 534 16 18 0.022673951 
401 356 10 11 0.022513693 
136 398 7 10 0.022451883 
475 469 12 14 0.02240328 
249 308 8 11 0.022366123 
54 444 8 10 0.022219751 
291 429 10 13 0.022103352 
335 417 7 11 0.022098847 
658 390 8 11 0.022089502 
385 263 440 515 0.022053195 
135 459 12 14 0.022024726 
936 402 8 10 0.021978306 
650 383 9 10 0.02196211 
142 414 8 10 0.021853382 
140 640 31 29 0.02181081 
178 341 9 14 0.021798724 
12 389 13 16 0.02177837 
766 357 8 10 0.021749709 
672 421 8 10 0.021745529 
915 351 11 12 0.021712 
230 359 12 19 0.021707196 
401 397 9 13 0.021663273 
178 502 23 31 0.021646978 
655 376 7 9 0.021623109 
113 431 7 10 0.021522854 
111 384 7 9 0.021499708 
463 483 19 23 0.021498147 
77 429 11 14 0.021468373 
86 462 12 13 0.021439452 
697 390 8 10 0.02140984 
686 376 8 9 0.021360334 
776 357 8 11 0.021337872 
458 402 10 13 0.021317614 
358 564 16 18 0.021274472 
319 421 8 10 0.021245409 
287 310 8 10 0.021149853 
255 400 10 12 0.021124905 
666 414 9 11 0.021079639 
160 351 8 10 0.021079024 
846 359 15 19 0.021040618 
113 391 6 9 0.021016382 
641 404 11 13 0.02090682 
72 436 11 12 0.020902438 
78 436 10 12 0.02081338 
49 412 10 13 0.020676624 
95 426 10 13 0.020615086 
66 446 7 10 0.02060731 
657 398 8 11 0.020537747 
126 431 8 10 0.020407928 
71 428 10 14 0.020390894 
381 466 16 18 0.020388957 
212 390 11 15 0.020387935 
980 616 14 19 0.020369636 
728 365 9 10 0.020315157 
681 383 9 10 0.020314543 
461 475 14 17 0.020252308 
29 494 10 13 0.020230457 
130 421 8 9 0.020182475 
711 422 10 11 0.020082153 
455 486 13 16 0.020048024 
777 331 9 11 0.020025387 
463 392 9 12 0.020024069 
760 421 9 12 0.020013826 
