0_Parade_marchingband_1_156
180
569 250 59 66 0.9994529 
168 253 60 67 0.9986669 
871 188 82 96 0.98682123 
384 175 11 14 0.4108894 
659 91 13 17 0.38855988 
668 114 14 18 0.31319827 
349 199 13 16 0.26556098 
626 114 14 19 0.2597659 
405 191 13 16 0.2547388 
356 332 23 29 0.24467394 
187 24 15 21 0.22700697 
516 131 14 18 0.22579311 
316 196 13 17 0.22489598 
739 7 14 18 0.2210612 
466 381 45 52 0.1987031 
704 91 12 16 0.19331361 
943 0 14 13 0.18471798 
1005 210 19 36 0.17538044 
824 20 13 17 0.17210284 
266 0 16 12 0.16117321 
889 1 16 17 0.15924643 
590 217 17 18 0.15070835 
978 19 16 20 0.14970848 
442 259 15 19 0.14203052 
5 240 14 17 0.1386523 
774 0 15 11 0.13648966 
686 9 13 17 0.133508 
807 0 16 20 0.13093263 
636 148 14 18 0.13033113 
141 296 13 19 0.1298637 
244 20 16 21 0.128224 
68 200 16 19 0.1255995 
445 290 14 17 0.12466126 
211 83 17 21 0.122134045 
1003 102 20 37 0.119377725 
692 191 16 18 0.11096268 
15 199 16 19 0.110544205 
564 75 12 16 0.106890224 
269 220 16 20 0.10658548 
563 128 15 21 0.10499835 
266 359 25 32 0.10415591 
90 217 14 17 0.10114662 
141 166 22 31 0.09901056 
516 114 18 20 0.09582935 
265 33 14 18 0.09108852 
723 186 16 20 0.088789105 
970 92 16 19 0.084897004 
284 302 16 21 0.0829258 
708 352 15 19 0.08093439 
458 154 14 17 0.079671524 
367 190 13 17 0.079523966 
344 227 12 15 0.06669753 
510 111 14 20 0.066498056 
424 202 12 15 0.06613553 
292 246 14 16 0.06428259 
470 90 14 18 0.06393843 
239 220 13 15 0.061607603 
405 269 14 17 0.060876124 
813 110 23 29 0.058967955 
288 255 23 36 0.05818571 
737 233 15 18 0.05806383 
513 81 15 20 0.057387944 
4 332 16 20 0.055082906 
32 243 16 22 0.053277597 
324 10 18 22 0.05315784 
571 185 14 20 0.05292957 
417 339 16 20 0.051958848 
420 170 14 18 0.05036613 
927 31 15 19 0.050338447 
439 189 15 19 0.049277328 
502 0 16 13 0.04886233 
42 314 14 16 0.04871512 
997 53 14 18 0.047830507 
60 1 16 17 0.04629905 
776 106 13 16 0.04523182 
286 122 15 16 0.044879533 
281 170 14 16 0.044842847 
344 266 15 19 0.04462656 
710 125 13 17 0.044150367 
479 67 15 16 0.044033322 
45 17 20 27 0.04390981 
995 94 23 35 0.043412723 
300 1 17 19 0.043375846 
89 56 14 18 0.042828005 
198 49 16 20 0.042711865 
238 2 15 16 0.042603552 
298 187 12 15 0.04200945 
160 60 13 18 0.041726332 
138 296 23 38 0.04166518 
473 96 15 20 0.041396353 
0 599 28 40 0.041096196 
214 213 14 18 0.04085186 
41 207 15 19 0.040814716 
298 26 15 19 0.040722743 
744 100 14 16 0.040333476 
302 142 14 17 0.040319044 
718 50 15 17 0.039814267 
332 187 13 18 0.03957873 
356 90 11 14 0.039552666 
261 165 12 17 0.03939545 
132 -1 12 12 0.039214566 
767 0 13 10 0.038548693 
712 152 24 26 0.03829599 
162 144 16 19 0.037117172 
762 28 13 16 0.037028935 
307 168 14 17 0.036654074 
364 222 13 15 0.03599279 
910 98 15 20 0.035675164 
237 147 22 31 0.035150457 
357 272 22 30 0.03488478 
769 125 14 19 0.034782395 
384 204 13 16 0.03436643 
449 345 28 34 0.034057997 
84 162 18 24 0.032949097 
386 211 13 19 0.03266355 
461 373 30 46 0.03262169 
941 121 15 20 0.032089893 
341 170 11 16 0.032034934 
484 171 15 17 0.031954356 
252 158 13 19 0.03180742 
131 22 16 21 0.031660594 
595 186 18 20 0.03128121 
295 182 13 14 0.030767541 
345 140 15 19 0.030444942 
394 149 14 17 0.030266538 
148 263 13 16 0.030108614 
955 124 16 21 0.030089023 
383 197 13 16 0.029561058 
379 23 13 18 0.029536687 
663 254 18 21 0.02861574 
412 331 16 20 0.028529288 
179 167 21 30 0.02761012 
756 123 15 21 0.027511245 
530 0 14 11 0.027415482 
118 245 12 17 0.027402325 
210 0 17 18 0.027112136 
451 217 16 20 0.02708941 
573 180 21 28 0.027063126 
623 183 13 19 0.026765967 
434 419 33 62 0.026409796 
302 91 15 16 0.026391614 
391 54 11 15 0.026389433 
947 121 16 23 0.026296014 
22 12 16 19 0.02583493 
146 156 28 33 0.025731202 
325 183 13 17 0.025720797 
711 218 17 21 0.02524889 
263 225 14 17 0.025217216 
186 136 15 20 0.024946863 
469 265 16 22 0.024674386 
325 241 16 22 0.024556834 
853 -1 12 10 0.024474736 
57 96 20 28 0.02443608 
450 60 14 19 0.02399543 
406 324 14 20 0.023787476 
18 218 17 20 0.023534708 
398 268 13 16 0.023524487 
178 119 27 29 0.023096126 
503 71 22 28 0.022697566 
254 210 12 15 0.022350246 
316 160 15 18 0.022300249 
464 312 17 22 0.022238046 
1004 289 16 23 0.02206666 
661 115 16 22 0.022041164 
474 271 16 24 0.021867601 
245 58 14 19 0.021842845 
425 65 15 18 0.021808507 
740 334 23 32 0.021703765 
749 155 15 19 0.021689666 
427 198 13 16 0.021642607 
744 4 15 18 0.021606432 
262 189 14 18 0.021415116 
61 57 15 21 0.021337418 
724 122 14 17 0.021318935 
320 155 13 16 0.020916427 
900 145 27 30 0.020541072 
645 205 16 22 0.020395368 
713 10 15 18 0.02035838 
323 150 12 14 0.020238886 
643 331 26 33 0.020206204 
