0_Parade_marchingband_1_445
194
667 122 35 40 0.9937534 
476 144 46 58 0.9837314 
823 115 32 40 0.9800382 
265 109 28 38 0.9464216 
858 129 17 22 0.91270256 
155 104 27 35 0.8046036 
413 123 20 25 0.62308556 
869 109 14 16 0.4840239 
575 141 11 14 0.37973216 
722 136 19 28 0.36649308 
934 109 12 15 0.36228618 
494 2 23 18 0.2663746 
403 82 21 29 0.25399545 
697 92 22 34 0.23141892 
177 112 24 31 0.20738104 
242 3 16 19 0.183447 
337 95 26 33 0.18315758 
468 3 15 17 0.16153166 
756 81 12 16 0.15667728 
51 35 12 14 0.15600365 
378 7 26 27 0.15227969 
874 111 16 18 0.15140295 
271 1 13 13 0.14230421 
47 81 14 17 0.13795355 
901 111 11 13 0.11917069 
239 86 10 13 0.10939401 
805 2 18 19 0.09482527 
591 117 12 15 0.09271792 
238 121 27 32 0.09202836 
652 133 24 33 0.08586384 
12 26 15 16 0.08263052 
582 24 15 17 0.07924737 
80 176 29 41 0.07872282 
185 3 20 18 0.078429855 
412 78 11 14 0.07838737 
72 43 10 13 0.07770239 
863 111 13 16 0.074085586 
850 2 14 16 0.071720146 
124 5 17 20 0.06902699 
442 3 13 15 0.066299886 
843 134 14 22 0.06571765 
147 11 11 15 0.065094076 
736 82 12 15 0.063523285 
325 89 28 35 0.06274657 
711 133 23 30 0.061703328 
94 177 23 34 0.061525457 
563 164 24 29 0.061157815 
545 11 12 16 0.060793135 
1005 102 12 13 0.060273245 
893 132 11 14 0.05979547 
91 13 11 14 0.058890063 
291 0 14 11 0.0543623 
774 108 10 13 0.053778518 
6 22 14 15 0.052911717 
600 35 13 18 0.0517363 
837 0 14 13 0.051487666 
981 104 14 18 0.05113461 
791 3 12 14 0.05048302 
956 140 16 22 0.049283247 
100 48 14 17 0.049105354 
773 83 12 15 0.048920207 
940 101 14 15 0.046581425 
716 132 14 20 0.046093132 
797 3 12 15 0.045492288 
756 136 23 25 0.044278424 
729 104 13 17 0.04351368 
147 80 16 20 0.042176366 
8 134 24 27 0.042076062 
974 84 11 14 0.04107731 
694 101 15 24 0.039867356 
547 19 12 15 0.039597366 
431 176 27 33 0.03956165 
280 14 12 15 0.038743943 
789 72 21 27 0.038616773 
766 82 14 17 0.03814549 
739 77 13 17 0.03777418 
857 110 11 15 0.03777163 
115 205 29 34 0.03657556 
715 146 18 24 0.035966348 
975 107 14 17 0.03510103 
866 135 13 20 0.034680605 
751 13 10 12 0.034270186 
999 147 12 16 0.034243524 
972 127 13 14 0.034132387 
21 11 14 17 0.033919223 
558 3 14 15 0.03361239 
495 10 16 15 0.033578817 
755 18 14 18 0.033402793 
391 10 16 19 0.033322968 
94 191 13 20 0.033215676 
100 59 17 22 0.03315182 
738 97 20 23 0.032396667 
213 139 11 15 0.03224649 
503 0 18 16 0.03210665 
981 147 14 19 0.032095496 
573 136 19 25 0.031589016 
184 169 43 51 0.031566452 
85 117 13 17 0.031433783 
985 101 14 18 0.030830782 
549 29 10 11 0.030815622 
106 177 17 23 0.03075739 
231 8 12 19 0.030584142 
46 85 24 32 0.030005526 
237 113 14 17 0.029891727 
232 103 41 53 0.02917934 
156 82 14 19 0.028975386 
914 180 15 16 0.028826073 
54 59 14 17 0.02853754 
19 20 15 18 0.028438736 
9 197 54 78 0.028187504 
373 181 24 27 0.028027149 
980 13 15 16 0.027874602 
709 131 16 23 0.027755683 
582 0 12 11 0.027737465 
437 7 15 20 0.027629323 
900 237 15 19 0.027283683 
236 151 28 31 0.027250072 
191 198 34 36 0.026928497 
96 45 13 16 0.026810596 
575 19 14 18 0.026721695 
229 115 11 13 0.026480522 
12 13 16 19 0.026092123 
118 33 14 16 0.0259865 
354 32 25 31 0.0256871 
70 167 31 39 0.025631916 
251 195 32 31 0.025485463 
186 14 17 21 0.025463331 
104 176 28 37 0.02524245 
367 161 28 32 0.025219364 
90 114 15 18 0.025185257 
248 9 14 18 0.025142966 
224 1 10 10 0.025077322 
345 150 18 22 0.024822008 
145 54 10 13 0.024600653 
604 30 13 17 0.0245685 
944 77 10 11 0.024558565 
152 89 26 38 0.024448577 
913 184 24 26 0.024393937 
780 81 12 17 0.024382405 
232 83 26 28 0.024366226 
566 152 25 29 0.024192253 
897 116 11 13 0.024130912 
144 67 10 11 0.024121167 
1012 101 10 13 0.024084682 
570 139 11 15 0.024015814 
313 174 24 30 0.02394666 
594 109 13 18 0.023838524 
344 102 29 35 0.023791112 
347 167 26 36 0.023763644 
69 100 14 17 0.023700692 
251 124 15 23 0.023552215 
95 67 14 17 0.023483645 
168 10 11 13 0.023414144 
367 26 14 18 0.02335528 
187 115 27 31 0.023315791 
149 52 9 13 0.023307562 
49 88 15 18 0.023272796 
882 112 14 17 0.023216218 
223 115 12 15 0.02302791 
756 132 15 20 0.0228643 
142 61 10 13 0.02285308 
316 116 10 15 0.022294186 
965 130 14 16 0.022225793 
1013 166 9 14 0.022135211 
6 134 16 18 0.02212188 
947 71 11 13 0.022087593 
116 60 13 17 0.021923507 
108 168 17 21 0.02183538 
574 55 9 11 0.02180791 
889 161 15 17 0.021807013 
901 102 12 15 0.021721886 
406 -1 30 20 0.021578154 
205 6 12 14 0.021557124 
263 128 12 19 0.021498851 
397 78 38 54 0.02126772 
127 117 12 16 0.02121505 
351 133 32 35 0.021166725 
946 100 12 14 0.021018913 
427 123 23 30 0.021003354 
46 139 12 16 0.020977018 
687 101 11 15 0.020912444 
520 3 11 13 0.020892564 
782 0 14 14 0.020773025 
933 121 15 18 0.020673465 
357 118 28 31 0.020668466 
193 1 17 16 0.020583672 
838 0 22 21 0.020576118 
493 25 15 16 0.020574417 
264 0 14 13 0.02053522 
634 2 19 19 0.02047651 
84 170 15 21 0.020377317 
94 138 24 27 0.020315964 
611 150 25 27 0.020087067 
241 101 24 29 0.020058405 
