0_Parade_marchingband_1_822
20
880 76 61 75 0.9982816 
638 139 59 75 0.9981888 
180 102 69 102 0.9944636 
752 96 35 42 0.99270105 
446 139 48 62 0.9789514 
366 150 48 57 0.4273164 
293 91 57 69 0.1119757 
430 147 47 67 0.09148658 
352 123 56 71 0.06856894 
305 139 56 65 0.066261545 
270 180 25 26 0.05761585 
805 96 41 54 0.050860725 
761 135 20 22 0.03899106 
327 116 60 71 0.034902353 
387 155 46 59 0.033903867 
63 232 11 14 0.021781718 
732 108 13 17 0.021765945 
814 86 37 38 0.021611799 
826 94 48 60 0.020900223 
856 86 49 67 0.020464396 
