0_Parade_Parade_0_125
82
520 340 26 34 0.99771726 
13 411 13 17 0.9854595 
1005 341 18 32 0.95922846 
476 271 18 25 0.94837934 
585 276 16 25 0.94367456 
53 431 10 14 0.72330934 
15 478 15 20 0.43414608 
39 425 9 12 0.3665913 
947 393 13 17 0.32120293 
590 252 13 19 0.2749898 
972 446 10 11 0.17615198 
561 261 10 14 0.15163979 
594 263 16 20 0.14429042 
1 491 9 13 0.14143653 
48 429 11 14 0.13415794 
884 430 9 13 0.12890545 
111 453 8 10 0.11985709 
374 287 12 18 0.117198475 
942 391 13 17 0.10171961 
62 452 13 17 0.0825773 
849 436 8 11 0.07152708 
96 460 8 12 0.06946473 
423 252 11 14 0.06600164 
384 214 11 15 0.051719993 
107 468 13 19 0.05148474 
593 335 19 21 0.050927293 
587 268 20 26 0.05083717 
869 437 8 12 0.049535073 
502 294 12 17 0.04452297 
46 475 10 13 0.0433955 
119 343 8 10 0.042652655 
938 394 10 14 0.04246279 
572 240 10 12 0.04058695 
72 470 10 12 0.040124 
882 434 9 12 0.038955446 
5 485 12 15 0.036351215 
382 504 9 10 0.035801373 
51 451 15 19 0.03440482 
896 449 8 9 0.034278505 
791 440 8 10 0.033153318 
655 292 11 14 0.032944877 
569 243 9 11 0.031950336 
975 440 9 12 0.031748306 
372 453 12 16 0.031277172 
853 437 8 10 0.030736629 
272 392 17 19 0.029622493 
899 423 11 13 0.02953624 
896 427 11 13 0.02949405 
542 283 14 20 0.029415274 
587 344 18 23 0.028881438 
653 436 11 14 0.027902726 
767 442 11 13 0.027768344 
140 459 13 16 0.027327726 
379 387 27 33 0.027273655 
785 439 9 11 0.027224205 
254 473 15 16 0.026955217 
50 439 14 19 0.026709914 
110 462 11 15 0.026515894 
66 459 13 17 0.02622964 
469 279 17 22 0.026004042 
106 468 24 30 0.025337515 
772 423 9 12 0.024726605 
495 291 11 15 0.024580851 
119 463 9 13 0.024205375 
840 406 7 9 0.024135841 
763 478 11 15 0.024037305 
776 411 10 13 0.023761671 
278 372 12 15 0.023444142 
105 454 10 12 0.023244344 
671 242 14 17 0.022979915 
119 374 9 12 0.02249284 
802 431 8 9 0.022241138 
157 468 9 12 0.021978032 
216 351 12 15 0.021694565 
377 503 10 10 0.02145282 
847 406 7 9 0.020969927 
89 430 10 12 0.020950083 
945 450 10 13 0.020733267 
766 428 13 14 0.02070759 
954 395 12 15 0.020577136 
35 423 9 12 0.020312928 
870 433 8 10 0.020046247 
