0_Parade_marchingband_1_593
706
648 304 9 11 0.9359864 
908 348 10 13 0.8980983 
801 301 9 11 0.89314944 
437 321 8 10 0.88894373 
863 334 10 13 0.88165027 
177 304 8 11 0.87271434 
76 344 9 11 0.85059726 
725 352 8 11 0.83753324 
470 312 9 10 0.82601005 
103 332 9 11 0.82232994 
698 349 9 12 0.8183168 
474 341 9 11 0.8157242 
358 384 9 11 0.7999974 
253 320 9 11 0.7931974 
530 344 8 10 0.7823889 
359 343 9 11 0.78153366 
752 329 8 11 0.7648127 
677 334 8 11 0.748906 
693 310 9 11 0.74671125 
723 293 8 11 0.7466397 
446 347 8 12 0.7413099 
541 375 8 10 0.73286927 
306 305 8 11 0.7198651 
660 377 9 12 0.71964425 
565 343 8 10 0.71064943 
469 380 8 10 0.7084184 
600 317 8 10 0.6957208 
614 301 8 10 0.6923142 
370 324 9 10 0.6889168 
624 338 8 10 0.68220687 
272 303 9 11 0.6793611 
502 344 8 10 0.67912173 
153 335 9 12 0.6749866 
351 359 9 11 0.6712593 
223 320 8 11 0.6660148 
592 287 9 10 0.6555017 
310 355 9 12 0.6516137 
430 377 8 10 0.65111864 
624 378 8 11 0.6505612 
759 345 9 10 0.64947695 
781 325 8 11 0.6286849 
679 316 9 11 0.62526816 
437 288 8 10 0.6192734 
800 339 10 13 0.60761166 
402 321 8 11 0.59157586 
269 358 9 12 0.5909337 
487 305 9 11 0.59075755 
320 324 8 11 0.5875001 
599 347 9 11 0.58440536 
239 308 8 10 0.5780598 
182 332 9 12 0.5738871 
761 313 8 10 0.56655896 
653 338 8 10 0.5584797 
392 377 8 11 0.55601996 
207 306 8 10 0.5259534 
582 305 8 10 0.5255328 
772 302 9 10 0.52462554 
702 326 8 11 0.5219572 
506 378 8 10 0.5192012 
533 293 8 10 0.51731914 
109 309 8 10 0.5091177 
344 314 8 10 0.49552396 
570 325 8 10 0.49243256 
504 290 7 9 0.48360464 
584 378 8 10 0.47540915 
138 306 8 10 0.4625414 
227 359 8 11 0.45256203 
562 293 8 10 0.42429432 
456 304 8 10 0.4214838 
600 368 8 11 0.4110107 
287 319 8 10 0.4100481 
630 309 8 10 0.40689814 
502 318 7 10 0.3945694 
520 308 8 10 0.38457653 
359 297 7 10 0.3829105 
735 303 8 10 0.36622795 
152 392 10 13 0.35969242 
712 324 7 10 0.35881293 
127 332 8 10 0.34982952 
730 321 7 10 0.33860987 
633 340 8 11 0.32812014 
397 289 8 10 0.3216717 
156 352 9 12 0.3076552 
725 334 8 10 0.30380768 
710 420 9 12 0.2926446 
759 378 11 14 0.2869287 
455 309 8 10 0.28536624 
262 333 8 11 0.2807936 
631 304 8 10 0.27726948 
734 321 8 10 0.26453212 
793 318 8 10 0.25736606 
885 341 13 15 0.25093016 
541 324 7 9 0.23077576 
472 297 8 9 0.22569607 
632 296 7 9 0.2240412 
488 290 7 9 0.21617123 
728 325 8 10 0.21597596 
481 324 8 10 0.21179217 
405 324 8 11 0.20934758 
377 353 7 10 0.20258677 
802 325 8 10 0.19586413 
529 376 7 9 0.19525994 
734 398 8 10 0.1941494 
296 328 8 10 0.19112633 
119 319 8 10 0.18158253 
511 351 8 9 0.17623167 
706 404 9 12 0.17028424 
754 349 7 10 0.15735778 
456 288 7 9 0.15642704 
209 332 10 12 0.15243597 
367 308 8 10 0.1504877 
208 293 7 10 0.14929618 
328 351 8 10 0.14881195 
594 272 7 9 0.14684732 
286 324 9 11 0.14593457 
394 413 8 10 0.1432407 
815 332 9 13 0.1405621 
354 325 8 10 0.13820595 
337 329 8 10 0.13792975 
306 288 7 9 0.1361474 
724 382 13 14 0.1355109 
480 295 8 9 0.13317907 
799 321 8 9 0.13293722 
693 396 9 11 0.13066617 
138 289 7 9 0.12956046 
706 321 8 10 0.1294986 
593 393 8 10 0.12729184 
405 392 8 10 0.1244503 
766 312 8 10 0.12350427 
569 374 8 10 0.123178855 
511 328 7 9 0.122838624 
415 357 8 10 0.122431114 
891 380 10 13 0.121595554 
240 294 7 9 0.11981456 
601 303 7 9 0.11842981 
135 318 8 10 0.11801476 
560 329 7 9 0.117981 
567 368 8 10 0.11737701 
447 375 7 10 0.11538674 
272 286 8 9 0.11502382 
315 321 8 10 0.113990374 
466 312 8 10 0.109662 
687 318 8 11 0.109241955 
560 335 7 9 0.10859366 
351 317 8 11 0.10844501 
142 308 8 10 0.108240254 
627 309 8 11 0.1070275 
577 377 7 10 0.10702346 
170 320 8 10 0.10520841 
696 391 9 11 0.104046896 
578 308 8 11 0.10353049 
650 389 8 11 0.1024676 
561 350 7 10 0.102150925 
528 328 7 9 0.10104398 
765 343 9 11 0.09954542 
191 312 8 10 0.09782525 
568 311 8 9 0.09430047 
464 289 7 8 0.09425522 
464 345 7 10 0.09373916 
354 301 8 10 0.09369418 
545 336 8 10 0.09352474 
499 293 7 10 0.093259014 
695 294 7 10 0.09195942 
361 286 7 9 0.09179668 
344 301 8 9 0.09164107 
505 326 8 10 0.09158173 
382 357 8 10 0.09151088 
822 334 9 11 0.09120085 
121 325 8 12 0.09093095 
831 435 19 21 0.089991376 
504 337 8 9 0.08893897 
744 358 8 10 0.08831259 
592 332 8 9 0.08686724 
592 281 8 9 0.086714335 
488 353 7 9 0.086239085 
566 348 8 10 0.0855071 
778 321 8 11 0.08486812 
282 319 8 10 0.08471496 
655 390 8 12 0.08436431 
183 360 9 10 0.083756246 
576 360 7 10 0.082515016 
562 369 7 10 0.08251183 
497 350 7 9 0.082355894 
182 389 15 16 0.08195862 
287 313 8 10 0.08134355 
318 305 8 10 0.08056014 
614 286 7 9 0.07990463 
282 326 8 10 0.07944703 
504 348 8 10 0.07915016 
408 352 7 9 0.07909181 
529 369 7 8 0.07854784 
738 429 8 10 0.07737092 
553 335 7 9 0.07714967 
230 406 11 13 0.076438606 
320 392 8 11 0.07635531 
512 334 7 9 0.07632555 
158 311 8 10 0.07616867 
583 350 7 9 0.07613462 
472 301 8 10 0.0760768 
90 350 8 11 0.07588802 
350 313 8 10 0.07570218 
702 390 8 10 0.074198455 
239 290 7 9 0.07406058 
223 303 8 10 0.0737703 
311 308 7 10 0.07374691 
441 303 8 10 0.073745176 
545 343 8 10 0.073313296 
700 331 9 11 0.073053665 
407 398 7 10 0.07258325 
542 309 7 9 0.07230379 
599 326 8 10 0.07228383 
568 359 8 10 0.072240494 
778 352 8 11 0.07174253 
438 292 7 10 0.071715444 
370 353 7 10 0.07164608 
519 320 8 9 0.07148723 
465 295 7 10 0.07121951 
137 334 8 11 0.07110818 
88 311 8 9 0.07087173 
578 335 7 10 0.0708702 
361 309 8 11 0.07047465 
706 400 8 10 0.07011598 
264 328 8 10 0.0693603 
397 412 9 11 0.069337115 
219 320 8 11 0.06919859 
145 319 7 9 0.068977416 
130 317 7 9 0.06851227 
624 359 8 11 0.068279736 
755 345 8 11 0.06811974 
502 313 8 9 0.06807535 
443 345 8 11 0.067620225 
554 384 7 10 0.06751165 
423 360 7 9 0.06703094 
376 341 8 10 0.06696879 
600 294 7 9 0.06665024 
153 312 7 10 0.06582656 
184 395 17 17 0.06581555 
447 367 7 10 0.06522939 
721 327 8 10 0.064773984 
595 349 8 10 0.0645638 
538 310 8 9 0.06329922 
433 344 8 10 0.06328566 
592 291 8 11 0.06326009 
233 334 8 10 0.06293565 
343 335 8 11 0.062687926 
185 318 9 10 0.06226918 
321 398 8 10 0.061745055 
690 399 9 11 0.06163898 
637 337 8 10 0.061598778 
432 304 7 9 0.060442023 
615 393 8 10 0.060029317 
554 390 8 10 0.05974654 
90 357 8 11 0.059398044 
328 399 8 10 0.059215464 
769 297 8 10 0.059166983 
333 391 8 11 0.059119403 
448 332 8 10 0.059040412 
665 352 7 9 0.05883012 
605 318 8 10 0.058814358 
310 288 7 9 0.058745235 
553 351 8 10 0.058404002 
537 361 7 9 0.05822741 
582 335 8 9 0.057716206 
597 391 8 12 0.057390142 
694 316 8 10 0.056533866 
519 289 7 9 0.056531187 
235 309 8 10 0.05595212 
406 304 7 10 0.05590261 
689 295 8 10 0.055848606 
583 344 7 9 0.05571427 
602 360 8 10 0.055696838 
223 389 13 15 0.05553134 
368 356 8 10 0.05527476 
160 304 7 9 0.05489627 
504 302 8 10 0.05452745 
527 310 7 9 0.05440476 
359 375 9 10 0.053738724 
512 290 7 9 0.05350826 
610 286 8 9 0.05334948 
575 367 8 9 0.053269885 
183 310 7 10 0.053005636 
657 320 8 10 0.052957438 
215 326 8 11 0.052472483 
543 379 7 10 0.052349504 
529 337 7 8 0.05222708 
593 366 8 11 0.051688597 
805 334 10 13 0.05140012 
521 326 7 10 0.05124101 
510 358 8 11 0.051227912 
577 344 7 10 0.05090291 
88 318 8 9 0.05043777 
396 375 8 11 0.050212793 
537 304 8 10 0.050151564 
626 304 7 10 0.04971399 
734 309 8 10 0.049604453 
335 351 7 10 0.049515966 
558 391 7 10 0.049466394 
216 305 7 10 0.04946554 
479 350 8 10 0.04920442 
576 393 7 10 0.04905695 
446 328 7 9 0.048450474 
597 288 7 10 0.047993474 
168 420 9 11 0.04787403 
568 303 7 9 0.047835443 
554 328 7 8 0.047809448 
476 337 9 11 0.04734468 
820 341 10 12 0.04724948 
449 304 7 9 0.047014643 
512 345 7 9 0.04657657 
769 334 7 10 0.046529755 
677 329 8 10 0.046511456 
424 327 8 9 0.046452854 
361 369 8 10 0.046385106 
450 309 8 11 0.04633099 
512 294 7 9 0.046143316 
454 359 8 10 0.045950506 
553 376 6 9 0.045917425 
560 311 6 9 0.04589633 
681 359 8 10 0.04581634 
238 407 9 12 0.045385707 
204 304 7 10 0.045374688 
182 364 8 10 0.045357764 
143 334 8 11 0.04532838 
745 351 8 10 0.04505435 
848 420 11 14 0.044929262 
393 423 7 10 0.04479044 
250 324 8 10 0.044787496 
401 304 8 10 0.044607546 
643 304 8 10 0.044604488 
519 405 8 10 0.04456652 
934 379 8 11 0.044535182 
402 351 7 10 0.044444494 
513 320 7 10 0.044430055 
224 406 11 14 0.044253815 
711 305 8 9 0.043974448 
256 304 7 8 0.043958932 
498 391 7 10 0.04388254 
434 323 8 10 0.04367913 
352 354 8 10 0.04362775 
393 321 8 9 0.04353576 
463 303 6 9 0.043389622 
554 305 8 9 0.043042872 
232 321 7 10 0.04292416 
536 397 8 10 0.042735368 
704 311 8 10 0.0427047 
112 317 9 11 0.042583905 
521 343 6 9 0.042528525 
257 359 7 10 0.042199083 
279 358 8 10 0.042086095 
577 351 7 9 0.04203466 
780 355 10 12 0.04137422 
639 377 7 9 0.04134855 
296 320 7 9 0.040846363 
688 404 8 12 0.040819168 
561 357 8 9 0.040751852 
226 396 14 15 0.040746536 
344 342 8 10 0.040659595 
678 399 8 10 0.040630974 
329 392 8 10 0.040613133 
214 357 9 12 0.040607 
65 328 7 9 0.040515173 
144 326 8 10 0.04046415 
666 358 8 10 0.04031759 
604 368 8 11 0.03992822 
214 309 7 10 0.03970324 
687 367 9 11 0.039622236 
104 317 8 10 0.039584424 
498 376 7 9 0.039563376 
545 351 7 9 0.039361566 
680 366 9 11 0.03924271 
313 391 8 10 0.039242133 
626 296 7 9 0.039211027 
431 388 8 11 0.03918942 
618 353 7 8 0.039181452 
159 317 7 10 0.039133675 
530 391 8 11 0.03911539 
427 380 8 11 0.03895498 
287 351 8 11 0.03888158 
648 357 8 11 0.03883208 
192 351 10 12 0.03879694 
529 382 7 9 0.03867387 
701 385 9 11 0.038398325 
689 324 8 10 0.038387515 
272 298 8 9 0.038379095 
216 351 8 10 0.038364813 
496 311 7 9 0.038282216 
95 318 8 10 0.038151056 
411 357 7 9 0.038148414 
481 358 8 11 0.03799868 
514 304 7 9 0.0378413 
740 424 10 12 0.03770756 
190 357 8 11 0.03768751 
606 373 8 10 0.03753798 
564 289 8 10 0.03741027 
655 359 8 11 0.037386708 
339 319 7 9 0.037234224 
247 334 8 11 0.037199862 
328 334 7 10 0.037193887 
762 295 7 10 0.037146524 
265 388 8 10 0.037125517 
720 397 9 11 0.037061613 
535 393 8 9 0.036706343 
519 399 7 10 0.03668243 
197 350 9 12 0.03668162 
520 336 7 9 0.036672026 
733 392 9 11 0.03649893 
518 294 8 9 0.03646082 
486 324 8 10 0.036290202 
482 290 7 9 0.036255427 
560 320 6 8 0.036162134 
442 375 8 10 0.035973314 
449 295 7 9 0.035864953 
518 392 7 10 0.035595283 
695 373 9 11 0.035592653 
721 320 8 10 0.03558393 
583 326 8 10 0.03542487 
551 343 7 9 0.035419516 
597 272 8 9 0.035392575 
606 328 8 10 0.035380952 
751 356 8 11 0.035360157 
328 358 8 10 0.035273634 
723 343 7 10 0.03499535 
450 289 7 9 0.034746654 
278 287 7 9 0.03473958 
307 352 9 12 0.034551017 
272 319 8 9 0.034515355 
585 295 7 9 0.034454897 
497 384 6 9 0.034438293 
830 309 8 10 0.034419905 
135 368 8 10 0.034414757 
434 292 8 10 0.03428131 
670 358 7 9 0.034263104 
233 325 7 10 0.03413097 
710 397 9 12 0.03411549 
928 381 9 11 0.03399611 
633 392 9 11 0.03397231 
504 366 7 9 0.03391094 
140 403 10 14 0.03385266 
591 360 7 9 0.033734612 
632 398 8 10 0.033703197 
743 344 8 11 0.033637956 
624 319 8 10 0.033600375 
272 389 8 11 0.033597372 
310 340 10 11 0.033292603 
572 381 7 9 0.033274624 
632 349 8 10 0.033274617 
559 302 7 10 0.03325589 
573 322 8 9 0.033245407 
585 359 7 10 0.033234145 
223 362 9 10 0.03317232 
696 384 10 13 0.033048104 
535 278 7 9 0.032900788 
675 317 8 11 0.032831702 
505 272 7 9 0.03258416 
926 320 9 11 0.032563776 
238 332 9 11 0.032550223 
737 343 8 10 0.03252349 
544 400 7 9 0.032480057 
640 289 7 9 0.032464862 
239 317 8 11 0.03234818 
174 415 9 12 0.032318536 
277 303 8 10 0.03220934 
577 294 7 9 0.03216044 
666 413 12 14 0.03215345 
522 375 7 10 0.032127894 
472 347 9 11 0.03211617 
465 316 8 11 0.03190747 
426 302 8 9 0.031864356 
288 302 7 10 0.031840064 
606 332 9 11 0.031820394 
497 326 7 10 0.031801462 
496 304 7 10 0.03179137 
208 318 8 10 0.03164655 
721 391 9 11 0.031641934 
726 436 12 14 0.03163525 
646 352 9 10 0.031619832 
688 372 9 11 0.031591237 
756 328 8 10 0.03158201 
156 339 9 12 0.031548075 
567 336 7 10 0.031456612 
386 381 8 10 0.031412903 
814 313 8 11 0.0314118 
506 361 8 10 0.031401135 
885 325 11 13 0.030992463 
521 368 7 9 0.030952783 
120 313 8 9 0.030890787 
776 343 8 11 0.03077692 
363 383 9 11 0.030638589 
335 358 8 10 0.030626833 
502 392 8 10 0.030536784 
392 325 8 10 0.030397393 
654 309 8 10 0.03037483 
424 320 7 9 0.030301083 
366 390 8 11 0.030298308 
482 302 8 11 0.030169398 
248 358 8 9 0.030115668 
367 396 8 11 0.030089885 
647 297 9 11 0.029921828 
457 397 8 11 0.029751273 
589 376 8 10 0.029703395 
729 312 8 9 0.029662604 
566 273 7 8 0.029541478 
142 351 8 11 0.029537937 
441 365 8 11 0.029510979 
347 365 7 10 0.029508563 
629 359 8 11 0.029486809 
631 407 9 10 0.02948316 
481 366 8 11 0.029477047 
280 351 8 10 0.029352728 
531 290 7 10 0.02931466 
853 391 9 11 0.029302994 
775 310 8 10 0.029279467 
494 406 8 10 0.029219856 
504 280 8 8 0.029179426 
578 289 6 9 0.029099662 
742 303 7 10 0.029006671 
690 303 8 10 0.028928826 
550 408 8 9 0.028859904 
587 287 7 10 0.0288089 
601 332 8 11 0.028771264 
215 373 10 12 0.028577108 
202 295 8 9 0.02856869 
746 327 7 10 0.028521588 
638 396 8 11 0.028322557 
129 367 8 11 0.028312389 
681 302 7 9 0.028202685 
333 398 8 10 0.028174993 
386 325 7 9 0.028151877 
203 309 8 10 0.028137362 
431 349 8 9 0.028074568 
209 358 8 11 0.027953362 
712 359 8 10 0.027942704 
514 310 8 10 0.027908342 
374 309 8 10 0.027753724 
528 320 7 9 0.027714664 
920 318 9 11 0.027713133 
730 302 8 10 0.027706107 
554 321 7 9 0.027644379 
373 304 7 10 0.027636798 
520 352 7 9 0.027471326 
217 367 8 9 0.02746627 
528 304 7 10 0.027421651 
527 360 8 9 0.027355257 
513 392 8 10 0.027354633 
700 344 9 12 0.02734754 
457 317 8 10 0.027270935 
397 334 9 11 0.027230866 
224 351 8 10 0.027102793 
655 366 8 9 0.027076077 
615 308 8 11 0.027033886 
57 351 8 9 0.027033322 
785 342 8 11 0.027004704 
768 328 8 10 0.026968824 
456 374 7 10 0.026950544 
674 397 8 10 0.026808813 
586 397 7 10 0.026788842 
486 368 8 9 0.026783768 
384 296 7 9 0.026779676 
792 324 9 11 0.0267549 
544 294 7 9 0.026708068 
456 295 7 9 0.026700854 
688 359 7 10 0.026602319 
267 303 8 10 0.026539134 
270 353 9 12 0.026440255 
255 311 8 9 0.026380496 
94 350 8 11 0.02636059 
569 398 8 10 0.026328042 
791 340 9 12 0.02632124 
865 347 9 12 0.026197627 
294 351 8 10 0.026135309 
545 392 7 10 0.025912557 
223 310 7 9 0.025901632 
280 310 7 11 0.025842685 
479 392 7 10 0.025712913 
495 399 7 10 0.025667094 
416 343 7 10 0.025482941 
722 355 8 10 0.025442198 
393 279 7 10 0.02542357 
869 348 10 12 0.025409967 
648 288 8 9 0.02530912 
489 343 6 9 0.025266692 
639 294 7 9 0.02524226 
327 344 8 11 0.025206817 
241 368 8 9 0.025124712 
542 359 8 9 0.025000729 
94 311 7 9 0.024980882 
238 327 8 10 0.024892988 
920 313 8 9 0.024797665 
177 365 9 11 0.024773046 
143 380 10 13 0.024745937 
641 327 7 10 0.024733964 
609 392 9 10 0.024722178 
646 325 9 10 0.024676938 
649 366 7 10 0.024566645 
584 321 7 10 0.024512654 
416 326 7 9 0.024511708 
628 377 8 10 0.024491023 
718 413 10 12 0.024436776 
731 382 10 13 0.024402168 
721 311 7 9 0.024387624 
325 326 7 10 0.024384482 
568 406 8 10 0.023991633 
400 367 8 9 0.023960313 
183 402 15 17 0.023959715 
487 375 8 9 0.02391456 
146 390 10 14 0.023843784 
760 367 11 13 0.02379897 
143 358 9 10 0.023748424 
535 337 7 9 0.023691291 
662 390 9 13 0.023623193 
596 318 7 10 0.023602976 
537 368 7 9 0.023392053 
720 374 11 13 0.023312405 
266 310 7 10 0.02323369 
674 340 8 10 0.023225402 
639 381 7 10 0.02318352 
609 281 7 9 0.023106607 
598 396 8 11 0.023035327 
693 407 9 11 0.022984972 
618 358 8 10 0.022950288 
792 314 7 10 0.022944331 
487 357 7 10 0.022923073 
57 344 8 10 0.022815796 
295 359 7 9 0.022723157 
545 406 8 10 0.022704115 
318 358 8 10 0.022619236 
88 344 8 10 0.022556724 
366 367 8 11 0.022556644 
570 392 7 10 0.022535121 
176 298 8 9 0.022479191 
534 349 7 9 0.022475066 
694 369 9 10 0.022449091 
588 380 9 11 0.022423606 
791 335 8 10 0.02242235 
806 319 8 10 0.02241544 
248 305 7 9 0.022371147 
198 413 9 11 0.02231615 
681 404 8 11 0.02219691 
727 424 10 11 0.022140108 
345 373 8 11 0.022118466 
608 312 8 9 0.022101074 
439 272 7 9 0.022098096 
655 288 7 9 0.02208521 
711 392 7 10 0.022051305 
178 358 8 12 0.021983253 
720 367 8 11 0.021949235 
89 304 8 10 0.021945275 
360 338 8 10 0.021943433 
55 358 8 10 0.021924213 
70 328 7 10 0.02187121 
624 399 8 10 0.021841649 
689 343 7 9 0.021737635 
512 398 8 10 0.0216298 
434 360 8 9 0.021600718 
821 347 9 12 0.02155736 
392 397 8 10 0.021539431 
64 335 8 9 0.021531671 
605 345 7 10 0.02153086 
561 406 8 11 0.02151989 
425 391 8 10 0.021491284 
506 407 8 10 0.021483464 
256 374 9 11 0.02143076 
830 326 8 11 0.02138809 
457 392 8 10 0.021351863 
338 297 7 9 0.021334646 
641 309 8 11 0.021318333 
733 436 10 13 0.021311685 
638 391 9 11 0.021295866 
481 310 8 10 0.02125656 
489 337 7 9 0.021256408 
358 319 7 10 0.021228697 
361 405 9 13 0.021178123 
304 295 8 9 0.021176517 
287 357 8 11 0.021100538 
695 412 8 12 0.021096345 
490 400 7 10 0.02109624 
679 391 9 11 0.020976927 
363 424 10 12 0.020895287 
721 278 7 9 0.02087688 
591 405 8 11 0.020867303 
137 341 8 11 0.02083196 
737 297 7 10 0.020826068 
664 343 7 9 0.020818911 
879 293 10 13 0.020815412 
129 313 7 9 0.020813448 
542 371 8 9 0.020758426 
702 295 8 10 0.020729164 
376 295 7 9 0.020645127 
453 350 8 10 0.020635119 
703 411 11 15 0.020607932 
606 359 7 9 0.02060159 
357 359 8 11 0.020597626 
775 287 7 9 0.020586604 
479 383 7 9 0.020555284 
727 404 10 12 0.020549277 
297 311 7 9 0.020503934 
456 367 7 10 0.020474168 
529 397 8 10 0.020468034 
473 327 8 10 0.020403415 
490 406 8 9 0.020336429 
189 411 12 13 0.020195276 
142 341 8 11 0.020185787 
715 420 12 14 0.020185078 
142 421 9 12 0.020179473 
223 345 8 10 0.020056942 
416 321 7 9 0.0200536 
