0_Parade_marchingband_1_382
44
802 125 38 40 0.9982638 
146 169 36 45 0.99802077 
337 99 34 41 0.997693 
450 41 26 35 0.99579704 
200 68 27 38 0.99478227 
932 74 17 24 0.97027785 
956 70 16 26 0.9404894 
978 92 23 33 0.8829491 
911 28 15 24 0.8737265 
996 22 13 20 0.72447693 
931 0 14 13 0.6413258 
906 66 16 24 0.48502433 
1002 99 16 28 0.4051743 
927 135 20 27 0.353538 
989 4 12 13 0.19662519 
768 0 31 20 0.14615917 
891 138 18 21 0.12932119 
958 119 18 26 0.10885701 
978 74 24 34 0.10463109 
939 0 13 12 0.09429405 
996 31 17 24 0.08917614 
557 120 22 30 0.06085238 
900 8 16 19 0.060800742 
963 1 14 12 0.052895043 
914 61 16 21 0.048719857 
988 10 15 18 0.043444246 
352 0 33 25 0.034801614 
898 144 17 20 0.032902017 
980 68 17 22 0.03132203 
901 155 23 27 0.030970965 
464 41 23 31 0.03031765 
1005 6 11 13 0.030116023 
901 59 16 26 0.025357299 
996 4 12 13 0.0252949 
962 68 20 29 0.024495007 
89 61 18 18 0.024458315 
990 13 21 26 0.024287995 
918 65 19 26 0.023638006 
582 11 33 44 0.023468273 
557 132 28 32 0.023317544 
271 7 49 66 0.021815855 
659 61 15 18 0.021180155 
572 68 22 27 0.020245647 
1007 180 12 16 0.02008681 
