0_Parade_Parade_0_72
60
665 347 27 39 0.9944507 
455 386 27 31 0.9929803 
132 336 32 40 0.987874 
348 468 24 27 0.9803711 
207 367 21 26 0.9644461 
788 266 20 23 0.95689756 
738 365 20 23 0.9482448 
629 369 17 22 0.9248997 
624 344 20 22 0.902882 
413 380 17 22 0.8935178 
773 344 14 20 0.888255 
493 338 19 21 0.8593561 
255 385 18 20 0.85091233 
346 374 18 23 0.8461844 
542 374 19 26 0.8116535 
6 477 16 19 0.5106892 
68 560 19 21 0.28863093 
548 350 12 13 0.24226782 
94 296 30 35 0.16680732 
23 545 11 14 0.1424735 
55 548 10 13 0.11594067 
84 511 10 14 0.08840269 
546 352 18 19 0.08825556 
565 342 11 14 0.0855151 
24 513 8 10 0.075304106 
389 481 13 17 0.063475505 
574 590 33 41 0.06251001 
836 364 10 13 0.057446964 
492 326 22 26 0.056808434 
151 510 7 10 0.05425237 
540 359 18 24 0.046418462 
167 511 8 11 0.044260725 
414 445 21 29 0.042251285 
0 556 10 17 0.036435656 
104 476 9 12 0.03379542 
95 476 10 13 0.032647084 
578 368 14 17 0.032304242 
14 461 10 13 0.031429645 
163 517 7 10 0.029222049 
168 475 10 14 0.02834754 
85 437 10 12 0.026513007 
68 501 11 14 0.025755728 
574 338 12 16 0.02573348 
110 479 9 11 0.025149979 
522 343 9 12 0.025016408 
557 347 12 14 0.02488358 
831 340 9 14 0.023884792 
153 505 7 9 0.023764083 
23 536 11 15 0.023394115 
4 562 11 16 0.023298237 
102 472 9 12 0.022998532 
105 484 9 11 0.022379022 
18 548 9 13 0.022363337 
80 494 9 13 0.021166982 
201 509 8 10 0.021038683 
93 502 9 12 0.021010881 
629 316 8 11 0.020989355 
315 383 24 26 0.020967567 
0 479 15 18 0.02090521 
583 358 11 12 0.020445498 
