0_Parade_Parade_0_628
111
448 199 28 39 0.99827576 
576 237 22 29 0.9916005 
307 239 22 28 0.9906787 
691 265 18 23 0.98465794 
901 275 17 24 0.9620911 
980 258 21 24 0.95728344 
623 225 21 26 0.95416737 
757 293 10 13 0.9311547 
24 301 11 14 0.91143924 
785 289 11 15 0.8746777 
786 338 13 17 0.73237824 
85 342 8 11 0.6495941 
142 295 11 14 0.40659082 
107 335 8 12 0.36151817 
823 274 12 18 0.2811972 
533 227 23 38 0.23530163 
31 335 9 12 0.21758533 
22 327 8 11 0.20638403 
808 277 12 17 0.19892819 
802 294 10 14 0.19358936 
494 242 18 27 0.17297314 
809 307 16 24 0.1645901 
74 329 10 11 0.15850484 
111 340 8 10 0.14756316 
741 313 11 14 0.13184449 
775 310 12 15 0.12764558 
144 353 7 10 0.12737866 
707 298 13 15 0.122806236 
867 328 12 17 0.11167463 
884 317 11 16 0.108076245 
604 234 13 18 0.10710295 
117 352 9 11 0.096627675 
158 343 8 10 0.08745681 
118 340 8 10 0.080922835 
96 316 10 11 0.07198925 
128 294 9 12 0.07187359 
5 293 11 14 0.06864171 
805 299 12 17 0.057150286 
742 293 11 13 0.056416627 
37 334 8 10 0.05634249 
25 333 10 12 0.05589869 
773 302 9 13 0.053980857 
88 337 8 10 0.05036489 
193 337 7 9 0.04924045 
878 220 12 17 0.049152818 
134 324 8 11 0.04692755 
104 367 11 13 0.046645947 
101 295 8 11 0.045549817 
833 252 9 11 0.044587336 
0 323 10 15 0.04259646 
50 334 7 11 0.042134535 
814 271 13 17 0.042016502 
134 342 8 10 0.040787354 
139 351 7 10 0.040553425 
54 336 8 10 0.04025536 
847 278 10 13 0.040144004 
42 295 7 10 0.03933583 
766 402 10 13 0.03911815 
66 342 8 9 0.03830783 
104 380 9 13 0.038273096 
66 313 8 10 0.036555044 
741 274 12 13 0.035048906 
687 407 10 13 0.034682754 
95 333 8 11 0.033511672 
54 360 8 11 0.03331549 
170 309 9 10 0.033094827 
779 314 12 15 0.03259002 
5 287 11 14 0.031931568 
104 329 8 10 0.03172179 
909 338 27 31 0.0316383 
764 293 10 13 0.03151728 
3 318 11 15 0.03147427 
19 365 14 20 0.030322878 
828 277 12 19 0.030311303 
838 277 10 14 0.029968949 
102 318 8 11 0.02928248 
96 328 8 10 0.029224886 
151 352 8 10 0.02870709 
104 372 10 13 0.028286748 
940 5 12 15 0.02817755 
20 357 11 14 0.028099332 
134 336 8 10 0.027279967 
73 366 8 10 0.027225425 
111 374 8 11 0.026996812 
192 341 8 10 0.026771506 
805 397 10 12 0.026444364 
504 274 22 29 0.026067557 
806 315 14 22 0.02605098 
70 312 8 10 0.025732404 
43 301 8 11 0.025636744 
73 361 8 10 0.02544828 
847 294 14 16 0.025133861 
111 320 8 10 0.024853284 
130 336 7 10 0.024347333 
110 380 8 12 0.024222648 
78 362 8 9 0.024218695 
70 379 10 12 0.023991546 
56 351 7 9 0.023800364 
744 300 11 15 0.023746727 
19 303 9 12 0.023177225 
46 309 9 11 0.023024026 
49 360 9 12 0.022766493 
24 339 11 15 0.022749836 
144 381 8 10 0.022059333 
767 324 10 13 0.022048412 
54 342 7 9 0.02101384 
769 299 10 13 0.020566953 
136 293 10 14 0.020562751 
206 377 11 13 0.020294793 
30 346 9 13 0.020233212 
9 360 22 28 0.020152729 
