0_Parade_marchingband_1_379
187
425 311 23 30 0.96325284 
537 320 20 27 0.93667495 
813 322 13 16 0.93193126 
190 321 17 20 0.92842144 
767 324 9 12 0.8245557 
700 291 15 18 0.73533773 
957 315 9 13 0.66914403 
660 327 11 15 0.65144354 
701 305 15 18 0.6293551 
787 318 12 15 0.5528063 
900 311 11 14 0.5254091 
851 318 11 15 0.5049926 
280 304 22 30 0.47575116 
637 402 15 24 0.46959004 
988 328 9 12 0.452107 
603 322 11 14 0.44393703 
885 364 10 11 0.44194308 
776 334 9 12 0.41783327 
506 308 9 12 0.40414163 
382 306 16 21 0.38979885 
952 363 9 12 0.35219854 
282 317 18 25 0.3168487 
87 321 15 18 0.27236065 
581 301 8 10 0.26055083 
273 320 21 26 0.24680175 
380 319 15 19 0.23890302 
898 316 10 13 0.22488163 
388 322 15 17 0.21710064 
476 324 11 15 0.20814598 
264 323 21 24 0.2065018 
765 366 9 11 0.1928392 
508 345 13 17 0.15103683 
881 316 8 11 0.1357326 
984 375 10 13 0.13475037 
754 315 9 12 0.13315046 
424 298 41 44 0.11656212 
932 324 10 13 0.11567331 
63 1 14 19 0.11205258 
696 296 16 20 0.10817122 
516 336 13 15 0.10769728 
1014 325 8 10 0.10769022 
873 326 9 12 0.10293823 
781 333 9 12 0.10285393 
374 315 15 22 0.10281447 
239 325 13 17 0.09744308 
591 324 10 13 0.08505469 
621 319 9 12 0.08490716 
508 305 10 11 0.08224796 
920 342 12 15 0.08189851 
838 318 9 12 0.08042117 
865 327 7 11 0.07824645 
1010 325 8 10 0.077100314 
91 328 17 19 0.07672765 
831 316 10 14 0.07614727 
1010 343 7 10 0.075860284 
146 348 15 23 0.072617166 
952 371 11 15 0.06648054 
929 320 9 11 0.0658824 
957 302 10 12 0.06454812 
507 311 14 17 0.06444855 
98 334 16 16 0.062836334 
1009 322 7 9 0.06182334 
756 312 9 11 0.061246525 
958 269 12 15 0.06065685 
928 391 8 10 0.058799986 
850 301 9 11 0.058431517 
957 359 8 11 0.05699511 
229 332 11 16 0.056348562 
680 308 10 15 0.055254117 
886 317 7 10 0.053816784 
902 322 9 13 0.05014859 
773 326 9 12 0.049809616 
859 354 12 14 0.049350683 
790 313 10 13 0.047449447 
880 379 10 15 0.045753717 
791 391 12 16 0.044513743 
395 329 14 16 0.044382334 
877 299 9 12 0.04438102 
685 311 11 13 0.04370128 
509 337 18 22 0.04363171 
1014 342 7 11 0.04343764 
1002 320 7 9 0.043233026 
677 373 14 17 0.04265892 
742 309 8 11 0.04251142 
790 351 11 14 0.042483192 
917 360 10 12 0.042428147 
839 324 9 12 0.041717645 
896 380 10 15 0.04149041 
236 326 20 28 0.041095424 
963 275 12 14 0.040695183 
223 333 13 17 0.040159956 
1000 359 9 9 0.039696462 
257 327 10 14 0.039691735 
290 326 18 21 0.038327076 
988 372 11 15 0.03752992 
316 326 10 15 0.036306944 
968 327 9 10 0.036188774 
975 351 10 11 0.035993315 
818 317 14 16 0.035806376 
843 367 13 18 0.03507723 
897 323 8 11 0.03497012 
945 318 8 11 0.034950435 
298 323 17 20 0.034766976 
744 303 9 12 0.034359716 
966 287 10 11 0.03388089 
862 349 11 12 0.032552984 
983 359 7 9 0.032529727 
334 13 14 14 0.031955317 
909 348 9 12 0.031879585 
888 334 9 12 0.03181729 
1011 249 12 19 0.031749893 
942 374 10 14 0.031278525 
772 374 11 14 0.031165076 
309 324 13 18 0.031132188 
668 325 10 14 0.031118887 
704 286 16 19 0.03043982 
853 311 10 12 0.030141752 
911 358 11 14 0.029748436 
1001 345 8 9 0.029176917 
976 326 8 11 0.029151974 
935 352 8 10 0.029117417 
953 349 8 11 0.02898382 
383 312 23 24 0.028941896 
966 358 9 11 0.028836476 
959 287 10 12 0.02812881 
958 294 9 12 0.027994856 
715 309 11 14 0.027812714 
852 264 15 18 0.027693832 
977 342 10 12 0.02741504 
826 362 13 15 0.02710718 
960 351 8 10 0.02698216 
539 312 16 20 0.026822293 
406 356 21 30 0.02670316 
838 332 9 13 0.026635405 
912 343 9 13 0.026459105 
1000 325 8 11 0.026449183 
935 357 8 11 0.026403164 
290 311 23 28 0.026181914 
469 320 14 17 0.026080132 
953 293 9 13 0.025846642 
951 286 10 14 0.025791094 
767 361 8 10 0.025709005 
768 331 11 13 0.025519416 
1000 351 9 9 0.025295254 
968 334 9 10 0.025065588 
927 331 11 12 0.025053155 
772 348 10 12 0.025001189 
799 378 10 13 0.024886854 
638 392 13 18 0.024832 
761 357 8 11 0.02482495 
952 334 8 10 0.024782622 
873 295 10 14 0.024238527 
744 360 10 11 0.023957217 
984 319 8 10 0.023888633 
773 367 9 11 0.023768166 
976 357 9 10 0.02376237 
946 365 9 13 0.023729041 
413 330 12 17 0.023249624 
1015 334 8 12 0.02297236 
982 351 8 10 0.022878017 
967 342 11 11 0.022845514 
878 332 9 12 0.022518292 
104 331 15 16 0.022378584 
406 332 11 15 0.022327023 
461 315 14 21 0.02224438 
395 302 13 16 0.022074345 
856 350 10 13 0.022044774 
938 375 9 12 0.021923691 
254 321 21 25 0.021902312 
958 378 9 12 0.021861324 
678 314 11 14 0.021751048 
672 378 13 16 0.02163982 
590 334 10 13 0.021634936 
951 344 9 11 0.02126115 
332 55 11 13 0.021222051 
966 319 9 11 0.021064539 
873 320 8 10 0.021035403 
287 300 18 22 0.02101071 
849 350 8 12 0.020946408 
672 338 12 16 0.020839753 
525 334 11 15 0.020829948 
227 402 19 25 0.02078545 
759 352 8 11 0.020479705 
801 290 10 14 0.020398883 
953 324 9 11 0.020377623 
1006 350 8 9 0.020228498 
883 369 11 15 0.020050177 
