0_Parade_marchingband_1_359
71
733 119 57 64 0.9993993 
166 170 36 41 0.99841547 
908 120 23 28 0.9936866 
864 151 24 27 0.99225396 
411 192 16 21 0.99070555 
310 194 13 18 0.9903287 
482 193 14 19 0.979985 
609 188 19 22 0.9763823 
505 193 11 15 0.89395386 
0 213 14 21 0.8713471 
273 197 11 14 0.7652479 
361 198 11 14 0.69026756 
523 199 11 14 0.6469144 
248 200 11 15 0.62959 
287 212 10 13 0.5985766 
1009 119 15 27 0.56796086 
452 198 10 13 0.48913214 
64 170 20 26 0.4694555 
538 196 9 12 0.45801234 
144 204 13 16 0.42588362 
52 210 17 22 0.40172893 
966 134 10 13 0.39793542 
957 164 13 16 0.30642155 
393 203 9 13 0.3018806 
376 210 11 14 0.29258576 
47 216 16 22 0.19150431 
449 203 10 14 0.16120161 
60 208 14 18 0.14018047 
272 221 10 12 0.12834407 
559 199 8 10 0.09899339 
381 207 10 13 0.090983406 
238 192 10 12 0.089293234 
149 205 16 20 0.08342516 
674 198 8 11 0.075234085 
383 198 8 10 0.056031786 
266 197 11 14 0.05453389 
963 158 15 20 0.04612856 
664 192 7 8 0.045939866 
585 197 8 10 0.044941794 
564 218 12 15 0.044349007 
555 199 8 10 0.042654444 
592 208 9 12 0.042007294 
462 198 10 13 0.039702497 
689 180 8 11 0.03783229 
396 200 10 13 0.037149563 
831 175 8 9 0.035503183 
541 194 8 10 0.034849502 
122 168 22 26 0.033990514 
383 245 11 14 0.03338045 
125 204 10 14 0.032186657 
494 188 11 16 0.029848296 
809 259 33 40 0.029846959 
388 213 10 13 0.028497482 
452 210 10 13 0.028315669 
464 203 10 13 0.028196055 
101 202 23 28 0.027773045 
282 214 10 13 0.027169395 
590 191 8 11 0.026314694 
494 183 10 13 0.025441019 
567 191 9 11 0.024564192 
378 197 9 11 0.023372034 
469 205 10 13 0.02329262 
953 166 11 17 0.022747641 
469 197 9 13 0.0226587 
970 132 11 14 0.021369886 
597 196 10 13 0.02086716 
470 192 9 13 0.020774698 
492 294 16 19 0.020747876 
556 203 10 12 0.020400079 
569 177 8 10 0.020315528 
688 176 8 11 0.020273509 
