0_Parade_marchingband_1_149
34
673 317 24 32 0.9990031 
713 390 27 35 0.9989041 
442 374 29 37 0.99865544 
372 381 27 36 0.99846894 
526 385 27 34 0.998428 
664 236 24 32 0.9983094 
282 386 25 35 0.99830794 
212 234 23 30 0.9981895 
808 240 25 32 0.9981536 
602 323 24 31 0.9978332 
351 237 26 30 0.99769837 
537 300 24 31 0.997265 
281 231 24 29 0.99711406 
226 314 23 30 0.99682 
729 240 25 29 0.9967938 
632 377 25 33 0.9966486 
784 315 25 29 0.9964521 
463 305 24 29 0.99561876 
473 233 23 29 0.9956 
310 314 24 30 0.9945035 
599 241 23 28 0.9943995 
390 310 24 29 0.9940627 
535 223 22 30 0.99392104 
405 225 22 28 0.99115014 
704 269 22 26 0.85077214 
243 263 20 22 0.7332339 
565 413 15 16 0.15374492 
577 322 19 27 0.1475186 
666 303 18 21 0.098857746 
739 359 16 18 0.06086464 
670 306 22 29 0.04344626 
580 220 10 14 0.03962452 
210 422 27 35 0.021528969 
3 164 47 115 0.020497063 
