0_Parade_Parade_0_873
394
819 505 63 79 0.9992679 
401 324 26 34 0.9985683 
318 459 51 63 0.9983601 
663 392 27 38 0.9979646 
716 408 32 42 0.99744284 
131 385 29 34 0.99735546 
148 408 35 41 0.99714667 
450 529 66 78 0.9957991 
628 363 25 32 0.99570197 
12 359 28 35 0.9956572 
745 354 24 31 0.99522805 
607 494 48 62 0.99461514 
959 345 29 33 0.99451905 
95 591 74 97 0.9944705 
727 484 50 66 0.9939301 
31 429 32 46 0.99334705 
903 374 27 40 0.9924441 
808 351 22 28 0.99225676 
853 328 22 28 0.99205136 
772 357 25 31 0.99162525 
428 307 14 19 0.9915696 
23 298 13 17 0.991214 
371 322 18 23 0.99013317 
868 579 103 110 0.9900662 
533 359 24 31 0.98983896 
981 462 45 71 0.9887505 
445 371 25 32 0.9884278 
931 401 43 54 0.98792297 
819 319 21 27 0.98754454 
702 290 14 18 0.9872602 
454 396 30 43 0.98627466 
59 336 15 18 0.9861211 
933 299 21 26 0.9849258 
277 374 22 27 0.98392373 
480 311 18 22 0.9832154 
337 369 24 28 0.98064154 
907 307 15 19 0.9787828 
933 272 15 18 0.977563 
662 313 13 17 0.9763199 
313 402 35 47 0.9753828 
0 391 22 31 0.97450495 
211 308 17 22 0.9735232 
511 373 22 28 0.97339195 
246 345 14 16 0.97160214 
79 372 24 28 0.97093135 
188 357 17 24 0.96935105 
221 415 27 33 0.9687709 
583 346 23 28 0.96725714 
573 309 12 17 0.96722066 
501 320 16 22 0.9653364 
993 310 19 24 0.96249825 
466 349 17 22 0.9618066 
669 363 20 26 0.9577516 
744 316 20 25 0.95680195 
920 275 12 15 0.9555155 
1000 365 22 31 0.954151 
552 426 35 49 0.9461382 
626 334 17 26 0.9414062 
897 350 23 31 0.93907326 
31 337 16 19 0.9350493 
300 355 22 26 0.9275552 
859 380 25 35 0.92739207 
533 320 14 17 0.92540354 
966 297 13 17 0.9201094 
708 271 10 12 0.90800965 
808 263 12 16 0.9063394 
787 301 14 20 0.9047084 
532 302 13 15 0.90139884 
633 312 15 20 0.8986594 
559 311 11 14 0.89706606 
734 300 17 20 0.8906955 
587 321 13 17 0.88766485 
87 456 46 50 0.8845362 
174 335 16 19 0.88411754 
460 318 12 15 0.8733149 
248 324 13 14 0.8679478 
786 345 21 24 0.8627703 
660 608 66 79 0.8541606 
215 354 15 19 0.84581137 
708 308 15 19 0.84374505 
77 353 16 18 0.8410398 
794 317 15 20 0.8218509 
160 346 14 18 0.82129174 
234 329 14 17 0.7965693 
811 438 41 51 0.7956224 
501 358 16 24 0.7779405 
319 323 14 18 0.7699564 
472 301 13 17 0.7658318 
589 367 20 26 0.7543202 
913 326 17 20 0.75144815 
501 346 16 19 0.74816364 
977 422 34 58 0.7317241 
228 341 12 16 0.6933599 
981 296 13 17 0.68841285 
241 369 19 23 0.6826395 
779 415 34 43 0.6786819 
257 352 16 22 0.67362887 
523 339 15 19 0.6443031 
743 277 12 15 0.640218 
872 306 16 18 0.63740015 
259 332 11 14 0.5883715 
854 282 12 15 0.58826375 
351 346 19 21 0.58117354 
869 343 21 27 0.58013076 
982 283 16 23 0.57614136 
832 299 11 13 0.57516587 
691 379 23 30 0.5705862 
60 367 14 19 0.561344 
681 388 22 36 0.55032843 
100 348 12 15 0.54252034 
807 292 13 15 0.5356251 
549 332 13 16 0.5265978 
140 482 33 53 0.5220293 
565 329 13 16 0.5157917 
275 321 15 17 0.51064867 
99 363 18 22 0.49960315 
1001 294 16 19 0.4964224 
323 349 14 17 0.49021667 
721 363 18 28 0.4857735 
315 383 16 21 0.48137522 
772 323 17 18 0.45908052 
873 320 16 21 0.45863068 
523 351 16 21 0.45210123 
772 303 12 14 0.4488124 
153 327 10 13 0.43941072 
100 341 11 14 0.43539485 
291 330 12 18 0.385152 
68 476 35 42 0.3551726 
873 269 10 13 0.33027843 
11 342 19 21 0.32957223 
584 316 12 17 0.3267215 
743 268 11 13 0.32009244 
21 401 23 32 0.31023657 
200 407 23 30 0.29719537 
862 333 22 28 0.26749125 
444 349 16 18 0.26546806 
265 353 18 23 0.26129133 
221 348 13 19 0.25887784 
681 310 11 15 0.25759953 
988 278 12 16 0.24314031 
283 321 13 18 0.2304394 
775 397 24 37 0.22450012 
300 325 11 13 0.22114013 
727 331 15 19 0.2155449 
899 325 14 17 0.20827796 
134 349 13 16 0.20491615 
859 283 13 16 0.20416753 
127 491 30 42 0.20103575 
99 354 17 18 0.19993044 
765 300 11 13 0.19754001 
448 389 27 34 0.19610596 
6 325 12 18 0.18307963 
294 431 22 29 0.17624067 
570 397 24 27 0.16701895 
787 275 10 13 0.16260411 
0 432 21 38 0.16238101 
1 327 10 15 0.15644881 
296 326 11 15 0.15079372 
794 308 15 17 0.14647803 
47 333 12 15 0.14548314 
205 355 16 20 0.14474432 
100 335 13 14 0.14277421 
75 333 14 16 0.14143173 
18 337 21 25 0.13379279 
19 525 51 58 0.12766497 
156 360 16 23 0.12649392 
1010 320 15 24 0.12371509 
125 339 12 15 0.12056884 
251 341 14 18 0.11900142 
783 254 8 10 0.117801316 
274 341 15 16 0.11331237 
829 348 16 23 0.11224468 
211 377 16 19 0.10880778 
801 320 16 19 0.10647825 
573 340 16 20 0.10618961 
10 322 14 18 0.10407566 
327 352 18 20 0.10147692 
905 244 9 11 0.101341255 
461 333 14 16 0.099914916 
959 387 31 37 0.09961816 
77 339 15 16 0.09718801 
151 337 12 16 0.09705532 
970 292 18 23 0.096742555 
757 260 9 11 0.08995526 
100 394 21 28 0.089236066 
367 455 31 55 0.08889872 
496 447 24 35 0.08753788 
629 318 16 23 0.08664499 
790 294 11 14 0.08606066 
761 296 10 12 0.08314183 
910 269 9 12 0.08191623 
39 316 12 13 0.08102497 
79 399 25 27 0.08027792 
16 429 29 41 0.08009305 
752 263 9 12 0.07956356 
538 317 14 17 0.07888965 
836 313 15 20 0.07819522 
815 207 8 10 0.07809398 
203 339 13 14 0.077671684 
428 331 12 17 0.07753079 
235 337 13 17 0.07742043 
1015 275 9 14 0.07585918 
271 319 12 15 0.07394261 
90 366 23 28 0.07388129 
569 331 16 18 0.07384677 
783 259 8 11 0.07323709 
752 246 8 11 0.0732223 
529 345 17 21 0.073113166 
284 350 15 21 0.07290291 
759 257 8 10 0.06991771 
378 310 15 17 0.067291915 
85 307 10 13 0.06639181 
537 431 37 39 0.06631915 
214 320 13 17 0.066121645 
197 325 10 13 0.06569221 
11 394 25 32 0.064604394 
796 290 12 14 0.06442652 
782 249 8 11 0.06434896 
314 351 18 25 0.061980277 
845 245 9 12 0.058860775 
548 343 18 22 0.058741577 
165 381 20 26 0.05858883 
821 278 10 12 0.057902228 
642 314 15 18 0.057813942 
761 278 11 14 0.05778798 
273 351 17 22 0.05772577 
552 338 16 17 0.056627102 
555 477 36 38 0.05380609 
964 405 37 53 0.053558465 
154 375 17 22 0.051619664 
689 395 26 36 0.050717868 
27 393 24 31 0.04935931 
556 332 13 16 0.047625277 
594 327 15 19 0.047439255 
894 329 17 23 0.046368778 
71 327 11 13 0.04611291 
489 314 15 19 0.04566023 
66 368 15 22 0.045637783 
237 345 13 17 0.044961896 
307 416 26 36 0.044961527 
666 341 18 21 0.04438365 
436 330 15 20 0.04430836 
128 365 19 21 0.04381244 
590 311 13 16 0.043785136 
466 315 14 18 0.043751534 
893 346 18 26 0.04347679 
440 345 14 19 0.043291375 
612 369 16 22 0.043127097 
504 451 28 42 0.04304071 
136 353 16 17 0.04292379 
245 308 14 14 0.042836092 
979 314 13 15 0.042670842 
195 356 21 24 0.041481562 
540 308 12 14 0.041052777 
330 360 17 20 0.040918123 
179 315 10 12 0.040914193 
685 340 14 21 0.040559754 
723 465 32 49 0.03987163 
755 641 61 46 0.039816126 
757 306 14 16 0.03894809 
202 398 20 21 0.038664777 
271 332 14 15 0.038334277 
754 255 8 10 0.038244393 
494 361 17 22 0.03800152 
549 352 24 29 0.03800112 
248 359 20 23 0.03743458 
961 430 33 50 0.037412576 
55 334 13 18 0.03730631 
913 332 21 25 0.037275314 
214 330 12 14 0.037033323 
709 367 25 29 0.036596768 
65 331 17 23 0.036357146 
26 625 57 63 0.03602437 
830 369 17 24 0.035924636 
1010 346 13 22 0.035861734 
775 346 22 28 0.03558278 
89 400 27 29 0.03530735 
55 364 13 18 0.03527185 
602 370 17 21 0.034964968 
491 457 35 55 0.03445185 
878 344 22 30 0.03411384 
654 315 12 16 0.03383219 
765 353 21 30 0.033808377 
127 345 13 16 0.03348515 
204 349 15 17 0.033165395 
764 328 16 21 0.033020996 
565 312 13 15 0.032880314 
725 307 15 17 0.03261103 
206 373 15 17 0.03242683 
881 329 16 21 0.032424565 
690 370 19 26 0.03241366 
430 457 44 66 0.032251365 
564 429 41 58 0.032191936 
689 361 18 23 0.032168087 
747 281 11 15 0.031992387 
813 305 15 18 0.03173361 
404 358 16 19 0.0316682 
44 315 12 15 0.031636674 
239 310 11 13 0.031324502 
150 368 17 22 0.031236224 
920 416 30 38 0.031200267 
119 497 24 39 0.031182015 
522 371 18 23 0.031070974 
762 397 27 36 0.031009568 
264 318 9 14 0.030406663 
20 321 13 17 0.030321756 
47 355 14 19 0.029571744 
921 336 20 24 0.029212635 
131 341 12 15 0.029153246 
729 361 15 24 0.028672174 
285 336 14 17 0.028659863 
831 245 8 12 0.028376888 
1000 238 11 14 0.02823645 
887 217 10 14 0.027831886 
119 325 10 12 0.027728628 
189 334 12 16 0.027611924 
979 306 15 17 0.027597168 
191 626 62 60 0.027550627 
891 379 27 37 0.027354458 
319 433 43 53 0.027019948 
766 381 23 31 0.026833003 
249 587 29 52 0.026818803 
540 338 16 20 0.026808491 
77 484 39 46 0.026744917 
651 309 13 16 0.026701264 
731 324 14 19 0.02661567 
331 326 14 16 0.026525132 
508 362 20 27 0.026362132 
95 537 44 66 0.026349995 
342 349 13 17 0.026290433 
349 355 22 26 0.02623852 
84 325 11 13 0.026219059 
827 307 15 17 0.026137915 
782 189 8 11 0.025900755 
1 461 22 40 0.025730725 
444 400 25 34 0.025710618 
912 312 17 19 0.025547769 
226 378 17 19 0.025455587 
843 308 13 16 0.025179321 
70 301 9 11 0.025107581 
986 298 14 17 0.0249676 
168 334 12 16 0.024941832 
924 270 13 19 0.024869466 
876 335 20 26 0.024823053 
268 358 33 47 0.024772275 
676 340 14 20 0.024699867 
17 414 28 37 0.024519656 
994 278 11 12 0.024442958 
35 512 33 42 0.024367914 
6 345 15 20 0.024128698 
778 340 20 21 0.02404365 
224 480 47 56 0.023975309 
81 365 18 19 0.023943296 
889 246 9 11 0.023675887 
745 244 8 11 0.023653282 
772 335 18 21 0.023452308 
148 379 17 22 0.023276491 
703 402 26 36 0.02324703 
182 356 15 20 0.02320918 
822 237 8 12 0.023050534 
620 364 14 22 0.022889862 
177 341 16 20 0.02280389 
758 246 8 10 0.022590704 
451 342 17 20 0.022389999 
150 355 14 21 0.02234115 
579 330 16 18 0.022037795 
136 325 10 13 0.022014363 
52 316 10 13 0.022012046 
846 241 8 10 0.021978917 
28 324 13 13 0.02197874 
20 333 14 18 0.021932812 
107 333 11 14 0.021882564 
197 334 12 15 0.02186935 
620 372 16 24 0.021794764 
47 325 13 15 0.021538328 
82 334 13 15 0.021523748 
957 271 13 16 0.021447757 
637 538 41 53 0.021437986 
800 214 8 9 0.02118098 
751 241 9 11 0.020985764 
1009 296 15 20 0.020835683 
166 324 10 12 0.020778686 
537 346 16 21 0.020661758 
820 307 15 18 0.020654678 
404 388 16 20 0.020586032 
660 518 50 63 0.020409478 
855 371 24 31 0.02038539 
366 316 13 18 0.020359183 
907 343 25 33 0.020344064 
812 316 15 20 0.02033764 
732 310 15 22 0.020328116 
816 486 49 67 0.020289712 
133 334 11 13 0.020038025 
373 460 48 67 0.02002464 
