0_Parade_Parade_0_443
48
688 300 69 84 0.9996687 
371 235 52 69 0.9993364 
523 212 70 83 0.999116 
302 178 38 51 0.9956886 
217 277 26 41 0.9899968 
215 237 22 28 0.97261006 
791 210 19 33 0.91591 
109 329 18 22 0.8360547 
813 178 11 14 0.5694013 
64 255 10 14 0.36873314 
811 141 11 14 0.2616994 
149 265 14 17 0.2542854 
129 257 8 10 0.15553035 
70 284 10 12 0.14015818 
468 268 12 14 0.13874678 
134 316 13 16 0.10595626 
102 262 8 10 0.0986917 
35 282 25 35 0.096165106 
461 262 11 13 0.067900866 
88 256 7 8 0.065971985 
105 257 7 9 0.06253789 
88 263 7 9 0.06011758 
111 256 7 11 0.053397305 
245 300 12 18 0.05112364 
18 223 50 57 0.048035476 
45 239 24 33 0.045070626 
127 264 11 16 0.03899234 
457 263 10 13 0.03868387 
116 288 15 18 0.038225885 
972 301 13 16 0.0372664 
152 256 11 13 0.03651752 
53 249 13 18 0.034066357 
153 260 13 16 0.031796187 
132 267 10 14 0.031383835 
80 271 9 9 0.029855575 
83 264 8 11 0.029228507 
128 317 12 15 0.028706135 
991 284 10 12 0.027953075 
118 269 12 16 0.02750893 
15 251 49 58 0.027433276 
1 252 10 17 0.026218656 
78 285 10 14 0.024873387 
722 221 15 21 0.024118306 
48 330 14 19 0.023959694 
39 218 28 42 0.023096643 
113 259 7 11 0.02278687 
1001 300 10 12 0.022257268 
72 271 9 12 0.02005105 
