0_Parade_marchingband_1_556
26
969 257 29 37 0.997766 
150 287 30 43 0.99678123 
349 255 26 32 0.99493635 
496 283 30 34 0.9948455 
639 257 29 37 0.9947895 
745 239 29 33 0.99344045 
83 264 23 29 0.9857048 
451 278 20 27 0.98551476 
567 305 37 50 0.98305744 
557 254 21 25 0.9715057 
282 266 20 24 0.94042724 
720 235 21 26 0.9053871 
585 404 45 50 0.17221169 
339 298 12 18 0.15806937 
203 303 20 24 0.13995764 
214 293 13 19 0.111852095 
204 294 14 17 0.094471425 
0 569 10 15 0.06612385 
199 299 16 19 0.04126054 
770 260 15 19 0.039574087 
173 311 14 24 0.036015328 
178 318 18 21 0.030935677 
427 292 17 20 0.030606305 
867 286 12 15 0.02848499 
757 244 25 29 0.023755437 
1 286 17 29 0.020776652 
