0_Parade_marchingband_1_329
160
136 313 23 29 0.993636 
413 321 14 18 0.9931163 
292 320 17 20 0.9895902 
523 316 17 21 0.9883675 
715 374 19 22 0.98592025 
572 423 19 24 0.984711 
836 326 19 24 0.983937 
566 337 16 20 0.9837023 
333 323 15 18 0.98168486 
571 306 17 19 0.9800764 
373 327 14 17 0.97922385 
659 334 18 21 0.97857124 
897 335 21 26 0.97608304 
253 386 19 21 0.97605044 
449 416 19 26 0.9756201 
786 352 14 18 0.97274315 
328 387 19 21 0.9714257 
192 312 21 24 0.9698108 
543 323 14 17 0.9690309 
355 354 14 19 0.9669699 
632 427 21 26 0.9666171 
212 341 19 22 0.9649303 
757 394 16 18 0.9615147 
479 316 17 19 0.960357 
749 344 13 16 0.9587444 
158 327 19 22 0.95135707 
798 402 16 19 0.95060813 
78 296 23 26 0.9453526 
510 427 18 24 0.9451003 
590 315 16 20 0.9308141 
180 395 19 20 0.9249777 
610 314 17 20 0.90546775 
706 331 16 20 0.8993323 
565 323 13 15 0.8710078 
390 383 18 20 0.8662447 
767 337 13 15 0.8476792 
638 307 18 22 0.82508934 
505 333 15 18 0.79078746 
682 329 15 19 0.75392795 
302 447 15 19 0.66006535 
281 385 15 17 0.65233296 
337 357 14 17 0.6461435 
676 303 17 21 0.636896 
371 315 14 17 0.6255095 
264 435 14 17 0.61445135 
443 319 14 16 0.6052255 
289 364 16 19 0.55475646 
401 330 11 15 0.53721094 
398 430 14 17 0.5185289 
467 329 12 16 0.47756198 
432 268 9 12 0.30158144 
718 427 17 19 0.2687053 
672 364 16 18 0.24719563 
338 437 13 17 0.20917231 
369 431 14 19 0.19184671 
492 393 12 15 0.18162154 
463 311 9 13 0.16662322 
613 348 14 16 0.16183037 
302 428 13 17 0.15937875 
412 308 14 16 0.13875593 
62 303 15 19 0.12254134 
646 348 13 16 0.11467742 
653 373 13 15 0.1145061 
541 440 13 16 0.11445738 
186 445 15 17 0.112925805 
693 306 16 19 0.08841092 
742 344 14 17 0.08633513 
298 307 14 17 0.08498082 
565 313 20 24 0.08340267 
213 385 16 19 0.07875063 
788 342 12 14 0.07733629 
444 327 13 17 0.075477436 
736 341 12 17 0.06992491 
740 334 11 14 0.068615325 
748 335 14 16 0.06591051 
581 121 20 22 0.0641413 
148 327 15 20 0.062418997 
749 148 16 18 0.061470676 
704 326 14 19 0.060869005 
659 394 14 16 0.059831753 
350 282 11 14 0.05974776 
681 298 22 25 0.05754568 
581 270 11 12 0.057271674 
756 382 21 27 0.05647056 
679 334 13 19 0.056192443 
591 305 11 13 0.055636924 
271 333 13 16 0.055252153 
608 346 11 15 0.054934148 
795 355 12 15 0.049294014 
424 369 13 15 0.048305593 
312 341 13 15 0.048084818 
454 317 11 15 0.04773323 
286 443 13 16 0.047221817 
302 301 10 13 0.04705617 
218 391 15 19 0.046814885 
741 319 10 13 0.046555087 
666 389 13 17 0.046065353 
391 346 12 16 0.045856364 
391 268 8 10 0.045696806 
755 316 11 13 0.045272026 
655 384 14 17 0.04202689 
470 316 11 15 0.04109043 
275 309 13 17 0.040916078 
246 357 15 17 0.04090932 
390 283 10 13 0.040320832 
453 322 11 16 0.039388962 
581 309 17 24 0.039279927 
332 311 14 16 0.03861216 
412 291 12 14 0.03858966 
622 340 15 18 0.038495056 
724 346 12 14 0.03849136 
796 91 23 25 0.037446037 
204 459 14 17 0.037305698 
524 416 16 21 0.035567466 
67 297 15 21 0.035369724 
959 251 15 18 0.035115946 
716 180 19 19 0.03510027 
187 350 20 22 0.034868177 
477 342 12 15 0.033690587 
765 327 12 15 0.03355889 
801 444 13 16 0.03341377 
313 317 10 15 0.032874458 
635 287 13 14 0.03257387 
420 411 12 16 0.031912737 
716 339 13 16 0.03104193 
758 435 14 17 0.030386876 
628 286 15 17 0.02986682 
309 323 12 16 0.029823957 
624 406 11 15 0.029651543 
590 164 15 17 0.028565329 
688 161 17 18 0.027974734 
465 393 9 11 0.02739957 
748 301 14 15 0.02692976 
43 258 173 298 0.026851432 
351 269 9 11 0.02657788 
187 452 16 21 0.0259904 
438 417 12 19 0.025791107 
477 332 13 17 0.025580019 
760 325 10 12 0.025536198 
698 313 14 17 0.02502879 
431 325 11 12 0.024840135 
626 297 14 17 0.024518047 
625 161 18 20 0.024267707 
622 333 14 16 0.023979021 
722 363 16 21 0.023977453 
557 162 13 16 0.023896368 
787 313 16 16 0.023651436 
676 294 17 21 0.023377847 
711 320 11 13 0.023368409 
213 324 16 19 0.022910507 
294 441 18 24 0.02285545 
114 329 16 19 0.022498533 
305 436 14 17 0.022328239 
683 315 13 15 0.022194128 
471 267 11 13 0.021676214 
415 402 13 17 0.021498732 
258 466 17 18 0.021146046 
740 439 16 20 0.020642653 
627 346 14 17 0.020585584 
623 291 16 16 0.020269988 
