0_Parade_marchingband_1_267
144
165 246 35 39 0.99907327 
425 203 25 32 0.99836093 
315 222 25 34 0.9983177 
354 236 25 32 0.9981546 
467 224 31 34 0.99708956 
0 217 27 50 0.996601 
564 137 16 20 0.994423 
925 145 15 19 0.9937298 
510 235 26 31 0.99372286 
585 226 24 31 0.9925639 
804 140 16 20 0.98986816 
505 194 22 27 0.98377776 
647 156 14 18 0.98292786 
712 163 17 23 0.96828854 
583 181 19 24 0.9557916 
549 179 20 25 0.9483933 
762 153 14 17 0.94248134 
588 142 14 16 0.9379464 
832 145 14 17 0.9361709 
623 175 17 21 0.9211569 
710 188 15 22 0.8990035 
735 145 14 18 0.88553447 
677 201 13 19 0.80585724 
654 193 19 26 0.7890713 
703 149 12 16 0.7839712 
896 123 10 12 0.7742357 
679 144 14 17 0.76048905 
845 131 11 14 0.7448662 
474 197 21 24 0.6755198 
632 147 12 15 0.44816136 
985 142 10 14 0.39920467 
964 134 10 13 0.35118616 
613 106 12 14 0.3490724 
971 155 12 14 0.33441854 
406 119 8 10 0.28330466 
549 149 14 15 0.26119468 
789 139 10 13 0.25426477 
609 107 10 13 0.24706014 
989 141 11 14 0.23697582 
878 125 10 12 0.23215222 
881 118 9 11 0.22727747 
913 118 10 13 0.21145149 
663 151 12 15 0.18310338 
880 80 10 11 0.16971739 
935 104 8 10 0.16875397 
510 111 9 11 0.16523778 
639 104 9 11 0.1519866 
969 109 8 10 0.1416738 
1000 108 8 11 0.12214978 
982 109 8 10 0.121544175 
977 87 8 10 0.11511258 
487 104 7 10 0.113978826 
437 110 9 12 0.113414906 
937 132 11 14 0.09880517 
633 108 9 12 0.096737236 
582 95 9 12 0.093765825 
960 137 10 14 0.085960604 
1014 79 9 15 0.08399839 
693 200 15 21 0.08054075 
995 140 10 13 0.0797038 
885 229 9 10 0.07898764 
984 104 7 9 0.07514538 
667 196 17 26 0.06849463 
485 93 8 12 0.06729098 
773 151 11 14 0.065998845 
975 109 8 10 0.06581253 
960 19 11 13 0.06553564 
600 156 13 14 0.060122415 
605 210 16 22 0.05604288 
975 94 7 9 0.05437 
480 109 8 10 0.054244213 
470 104 9 11 0.052436933 
434 110 8 11 0.05218612 
480 124 10 12 0.044566542 
690 163 15 17 0.04432757 
960 126 9 11 0.044320136 
745 169 16 20 0.044057533 
619 132 11 14 0.043361448 
481 104 9 10 0.042909488 
445 140 10 13 0.041502982 
618 103 14 16 0.040678713 
880 131 9 12 0.03939838 
874 77 12 14 0.03925411 
669 150 10 14 0.03822131 
679 201 21 26 0.037406094 
532 239 18 27 0.03736644 
887 133 9 11 0.037250422 
961 110 8 10 0.03669823 
881 114 8 10 0.03632555 
494 105 8 11 0.036091458 
914 122 12 15 0.036050797 
951 101 8 10 0.0347951 
888 126 8 12 0.033658702 
620 157 11 14 0.03364258 
773 205 13 18 0.03324664 
853 133 9 13 0.033174276 
407 114 8 9 0.032981887 
863 126 8 10 0.032697193 
591 92 9 12 0.031814273 
556 147 12 16 0.029923454 
996 77 9 12 0.0294337 
913 113 8 10 0.029380748 
849 94 9 10 0.029079717 
854 108 9 12 0.029021887 
751 141 9 13 0.028636761 
610 77 8 10 0.028432455 
717 123 13 16 0.028110594 
460 118 9 11 0.0272105 
847 107 10 13 0.027047692 
940 139 12 15 0.027005192 
486 87 9 11 0.026716227 
930 104 7 10 0.026652718 
856 139 9 12 0.026362132 
597 91 8 12 0.025825152 
638 170 13 18 0.025575219 
1007 30 11 14 0.025481472 
710 179 13 20 0.02546157 
938 48 8 11 0.025376352 
941 148 11 15 0.02518418 
845 157 11 14 0.024796143 
465 108 8 11 0.02473033 
631 113 11 14 0.02437784 
965 128 10 12 0.023910746 
903 103 8 10 0.02387863 
498 119 9 11 0.022572372 
589 165 14 17 0.022289243 
863 140 10 13 0.02227691 
993 102 7 10 0.022276545 
1015 110 8 12 0.022153106 
972 96 6 8 0.022030365 
666 103 8 10 0.021741217 
528 141 10 12 0.021699432 
976 104 7 9 0.021677954 
1004 108 9 12 0.021568934 
740 185 12 16 0.021494484 
502 118 9 11 0.021113856 
711 115 9 12 0.02105173 
885 83 9 12 0.021028906 
474 20 13 16 0.02086941 
556 111 10 13 0.020694958 
692 146 11 15 0.020431021 
959 121 8 10 0.020304976 
670 102 8 10 0.020154614 
928 108 8 10 0.020092092 
