0_Parade_Parade_0_247
298
312 419 11 14 0.72865117 
878 487 13 16 0.68882763 
69 431 8 11 0.68594456 
386 421 9 12 0.47441936 
521 452 9 11 0.46066722 
32 438 11 13 0.3713858 
126 495 10 14 0.30206734 
48 454 8 11 0.2965516 
862 487 12 16 0.27138335 
452 175 20 21 0.25444767 
11 435 12 15 0.21133563 
101 438 10 12 0.17727728 
415 461 8 11 0.17177776 
399 361 11 14 0.16718236 
891 451 11 13 0.16048788 
759 492 9 11 0.14501633 
40 452 10 13 0.13063787 
415 446 8 10 0.123383604 
397 456 8 11 0.122457854 
206 342 32 35 0.12137228 
946 461 18 20 0.118913546 
563 470 7 10 0.116582684 
989 449 16 18 0.11594168 
25 445 7 10 0.11396366 
82 468 10 14 0.113814786 
207 26 31 27 0.10727689 
917 438 12 16 0.09237227 
897 485 17 19 0.089766964 
464 447 7 9 0.08839855 
765 494 9 11 0.08724184 
140 143 27 27 0.08518797 
577 464 7 8 0.08177767 
39 445 9 12 0.08053984 
863 444 9 10 0.07563273 
598 447 8 9 0.07443361 
461 485 8 11 0.071463436 
474 455 7 10 0.068121195 
17 494 10 12 0.06806582 
594 465 7 9 0.06763132 
526 197 16 19 0.06590836 
294 437 9 13 0.065526076 
98 440 9 12 0.06515698 
211 248 29 30 0.059565876 
538 456 8 9 0.058924407 
501 452 8 10 0.05708898 
400 389 11 14 0.056373417 
502 448 9 11 0.055919 
394 460 9 11 0.05527546 
514 470 7 9 0.05512335 
646 193 15 19 0.054127645 
359 476 8 11 0.052204784 
616 469 8 10 0.05094236 
872 485 11 15 0.050890747 
859 291 13 16 0.050730307 
598 464 8 9 0.050540086 
134 433 9 10 0.049420767 
543 448 8 9 0.049247246 
154 253 23 28 0.048763473 
118 456 12 13 0.04858851 
762 503 8 9 0.048119646 
336 190 25 26 0.047719683 
52 454 8 11 0.047484346 
543 455 7 9 0.04675502 
479 455 7 10 0.045485716 
143 159 52 47 0.044525564 
899 513 13 17 0.04431123 
110 509 9 11 0.043963052 
445 467 10 12 0.04286786 
750 509 8 10 0.04278037 
518 421 10 11 0.0427315 
464 441 7 9 0.0424678 
47 450 8 11 0.04222555 
54 424 8 10 0.041589193 
201 17 26 31 0.041449655 
279 440 8 10 0.041363366 
372 189 17 19 0.041247334 
273 440 8 10 0.041027308 
498 454 8 9 0.040956665 
911 182 29 37 0.04058095 
733 158 14 16 0.040542874 
592 427 10 11 0.040335786 
373 502 10 13 0.040232692 
731 205 23 28 0.03990795 
583 236 15 17 0.039882507 
167 444 12 14 0.039362818 
57 440 7 9 0.039354265 
13 442 11 15 0.03925573 
497 477 8 11 0.039155897 
442 465 9 11 0.038607143 
754 492 9 10 0.038312677 
946 484 16 20 0.037552223 
735 484 8 10 0.03738469 
240 354 25 30 0.03716561 
616 454 7 8 0.03675988 
53 489 12 14 0.036689926 
465 455 8 10 0.03665367 
48 422 9 13 0.036628723 
134 446 10 14 0.036358807 
324 298 14 20 0.03600995 
489 473 8 9 0.03559257 
58 446 8 11 0.03548924 
902 254 27 47 0.03535916 
250 447 9 12 0.035220683 
488 404 9 11 0.03493382 
502 471 8 10 0.034922667 
388 288 15 18 0.03463558 
446 454 8 9 0.03459883 
554 465 6 8 0.034543756 
766 488 9 11 0.034303676 
830 323 11 14 0.034263764 
125 452 12 14 0.03424903 
456 440 7 9 0.03422592 
130 437 8 10 0.033969164 
729 504 9 10 0.033586424 
293 433 9 11 0.03350849 
373 422 11 12 0.033503532 
439 447 7 10 0.03337531 
757 455 9 9 0.03326552 
298 224 18 17 0.033200994 
292 219 16 17 0.03315801 
111 454 11 13 0.033099145 
393 358 11 14 0.03307828 
454 431 8 9 0.032946564 
618 424 8 10 0.03262187 
278 493 8 11 0.032421265 
183 438 9 10 0.03239275 
543 471 8 10 0.032154307 
7 440 12 17 0.032028783 
577 470 8 10 0.032025594 
489 447 7 10 0.031874456 
109 241 41 50 0.03180723 
472 448 7 9 0.03177252 
103 504 11 13 0.03156158 
539 448 7 10 0.031535212 
96 159 31 38 0.031310957 
895 465 12 13 0.031300124 
736 496 8 9 0.031131864 
543 440 7 9 0.030899934 
450 440 8 9 0.030835774 
61 487 10 13 0.030681247 
857 443 11 13 0.030562364 
513 466 7 9 0.03053288 
74 454 8 10 0.030478686 
15 452 8 12 0.030399512 
856 438 11 12 0.030331165 
4 458 11 15 0.030180024 
743 498 8 8 0.030099642 
290 438 9 11 0.030056631 
256 437 10 11 0.029944343 
498 448 7 10 0.02986281 
497 473 8 9 0.02973235 
746 503 8 9 0.029513206 
765 501 8 10 0.029509123 
895 477 16 19 0.029346893 
854 288 21 27 0.02911931 
479 479 8 11 0.028940912 
442 430 8 10 0.028411657 
921 443 13 16 0.02838364 
958 308 61 64 0.028228326 
488 477 8 11 0.028120978 
473 431 7 10 0.028111804 
292 418 12 16 0.028048338 
16 489 9 11 0.028032001 
4 450 12 17 0.028014477 
584 463 7 10 0.028009558 
261 438 9 10 0.027912386 
343 456 8 10 0.02786123 
475 540 15 21 0.027813664 
768 517 10 13 0.027794972 
463 462 8 10 0.027702766 
299 438 13 16 0.027660692 
178 458 12 16 0.02755577 
261 451 10 14 0.027549893 
310 518 8 10 0.027548786 
159 145 39 39 0.027525038 
481 449 7 8 0.027358888 
434 446 8 10 0.027349014 
327 462 9 12 0.0270306 
776 512 9 12 0.026944526 
877 435 11 13 0.02693031 
392 447 7 10 0.02683204 
497 463 6 9 0.026769333 
518 469 7 10 0.026676144 
474 473 7 9 0.026587911 
39 470 11 12 0.026562281 
493 432 8 9 0.026543386 
896 436 9 12 0.026302602 
403 316 10 13 0.026137697 
78 448 7 9 0.026081119 
473 461 8 10 0.025970176 
442 454 7 9 0.025966557 
448 430 7 10 0.025883375 
248 359 29 32 0.025772568 
175 438 11 13 0.025731089 
568 465 8 9 0.025715014 
901 468 10 12 0.025653329 
489 463 8 9 0.025649918 
152 147 19 19 0.02561683 
175 282 22 29 0.025530018 
472 439 7 10 0.02549384 
37 430 9 11 0.025488015 
609 472 8 9 0.025441958 
465 319 10 12 0.02533761 
492 405 10 11 0.025148373 
733 501 9 10 0.025146594 
353 456 9 11 0.02511358 
468 292 13 16 0.025083272 
570 456 7 9 0.024944626 
401 384 10 11 0.024897525 
175 454 11 15 0.02460749 
31 471 9 12 0.02460107 
255 450 11 14 0.024272487 
494 437 8 10 0.024223069 
111 459 13 15 0.024162935 
616 450 7 8 0.024009572 
32 432 10 13 0.023862846 
650 199 16 18 0.023832707 
947 473 16 18 0.023744633 
872 436 11 13 0.02372613 
987 457 17 21 0.023617378 
880 294 9 10 0.023523783 
861 453 12 15 0.02345161 
279 292 20 28 0.023425017 
313 306 20 20 0.023410063 
731 19 24 29 0.023393419 
85 464 11 16 0.023349911 
66 54 55 62 0.023332732 
827 350 27 34 0.023297641 
585 240 18 19 0.023295645 
490 438 8 10 0.023188224 
781 518 9 12 0.023169344 
844 323 12 14 0.023167944 
411 462 8 10 0.023039926 
102 433 10 12 0.02303707 
65 434 8 11 0.022967089 
157 489 11 14 0.022964474 
438 397 9 11 0.022949692 
367 420 11 14 0.022919841 
260 432 9 10 0.02291877 
490 423 8 10 0.02288041 
254 446 9 12 0.022778546 
375 470 9 10 0.022761088 
727 510 9 10 0.022693241 
698 194 19 19 0.022635993 
304 220 16 17 0.022633407 
408 349 10 12 0.022605347 
289 432 8 10 0.022599012 
717 493 9 11 0.022583295 
576 489 7 9 0.02247019 
611 456 6 9 0.022454483 
641 441 9 9 0.022416364 
838 324 12 14 0.02221785 
45 477 9 11 0.022146847 
808 194 25 31 0.022140667 
867 394 13 19 0.022009684 
752 520 10 12 0.021995483 
368 507 12 17 0.021987617 
358 454 9 12 0.021982685 
561 466 7 9 0.021975627 
607 332 9 12 0.021905806 
615 464 8 10 0.021770302 
422 463 7 10 0.021716062 
737 446 7 10 0.021653792 
107 445 12 15 0.0215047 
99 71 33 39 0.021463124 
599 470 7 10 0.021400841 
128 445 12 15 0.02138207 
1 438 7 11 0.021380607 
350 460 8 11 0.021375777 
940 440 13 16 0.02130941 
855 457 13 16 0.021251857 
943 455 13 16 0.02110739 
656 463 8 10 0.021075474 
190 438 10 14 0.02107543 
935 436 11 16 0.0210661 
172 219 28 28 0.02096707 
902 437 8 11 0.020938162 
988 299 34 45 0.020935854 
343 486 10 12 0.020912638 
971 498 12 16 0.020909252 
857 489 13 17 0.020907132 
396 289 11 16 0.020666257 
229 348 26 31 0.020611558 
795 145 23 25 0.020545978 
40 422 11 13 0.020481827 
721 511 7 9 0.020406399 
407 477 10 10 0.020390667 
367 397 9 10 0.02036444 
760 480 9 10 0.020339562 
538 462 7 9 0.020327026 
411 447 8 9 0.020272441 
441 202 18 21 0.020225892 
550 456 8 9 0.020170944 
610 464 7 9 0.020087197 
116 511 10 11 0.020070663 
69 485 10 11 0.020050565 
226 387 27 40 0.020040348 
760 508 8 10 0.020011157 
