0_Parade_marchingband_1_309
216
499 73 33 38 0.99258655 
45 84 26 28 0.98763895 
389 94 27 32 0.97739685 
440 91 24 28 0.93780243 
126 113 26 30 0.8655017 
846 97 25 27 0.77703804 
271 96 23 25 0.6689022 
730 91 24 27 0.6458064 
819 110 22 26 0.6199915 
923 105 21 26 0.60628825 
301 93 26 27 0.52257806 
31 19 15 19 0.5138899 
140 12 14 18 0.4874126 
907 32 14 18 0.47364873 
957 85 22 25 0.4602776 
892 94 26 30 0.38369158 
51 13 15 19 0.3657073 
370 120 16 18 0.33104146 
0 86 10 15 0.2789394 
52 48 16 21 0.25611278 
91 90 16 17 0.2381322 
711 107 22 26 0.23431154 
252 25 15 18 0.2056588 
315 11 14 18 0.20106743 
308 50 14 17 0.19731396 
116 0 13 10 0.1905768 
669 83 15 19 0.18196663 
612 102 23 28 0.18048729 
73 56 18 22 0.1796421 
141 79 21 26 0.17492017 
211 89 21 30 0.16316183 
911 96 25 30 0.16182904 
796 66 24 24 0.14243253 
673 91 15 19 0.12999824 
984 99 17 22 0.12725736 
1007 134 17 33 0.12256983 
497 272 17 20 0.12229176 
418 122 24 31 0.111025564 
22 0 15 12 0.09416334 
213 86 13 16 0.09096474 
579 7 25 35 0.09095591 
168 41 24 28 0.09070701 
597 94 30 31 0.08969545 
701 132 17 22 0.08568014 
1012 46 11 19 0.083464146 
838 100 22 29 0.079756 
3 76 14 18 0.074505195 
193 108 15 20 0.072357066 
10 29 15 18 0.0692741 
707 48 22 26 0.06903671 
599 140 21 27 0.06829628 
20 108 13 15 0.06766362 
107 25 16 19 0.06632979 
138 116 26 27 0.0656324 
641 0 27 22 0.06463205 
297 81 18 19 0.06322465 
342 66 17 21 0.059256688 
155 122 16 19 0.059068345 
79 7 15 20 0.05840935 
895 88 39 46 0.057993557 
955 78 18 22 0.05738586 
2 5 16 18 0.056931514 
275 63 15 19 0.05547415 
169 57 20 22 0.05382057 
981 68 21 27 0.05357756 
105 151 16 20 0.049282003 
96 93 18 21 0.04898313 
486 78 30 37 0.048921485 
763 106 14 17 0.0488294 
296 98 14 18 0.04861454 
588 89 27 31 0.047044016 
340 0 14 13 0.04691746 
724 84 23 26 0.04689896 
650 56 16 19 0.0463261 
259 66 15 20 0.04470243 
449 62 21 31 0.04466351 
662 70 21 28 0.04458718 
360 116 24 28 0.04450374 
195 2 16 17 0.044302043 
723 102 17 23 0.044189606 
957 102 19 21 0.042863064 
538 108 16 18 0.04248666 
312 91 19 21 0.041587 
202 96 22 31 0.041261178 
4 129 12 21 0.041115053 
36 1 16 12 0.040824126 
963 89 24 30 0.040330656 
852 54 13 16 0.04006333 
668 61 13 16 0.039529506 
116 129 12 20 0.038959283 
254 111 13 18 0.038774088 
718 40 23 27 0.03871313 
133 73 16 19 0.03811825 
58 49 20 27 0.03766634 
494 45 31 30 0.037593603 
730 45 16 20 0.03738203 
535 3 21 18 0.037058696 
549 93 15 19 0.036774956 
526 263 12 13 0.036691695 
291 1 17 17 0.036479987 
796 146 17 22 0.03645242 
189 128 16 21 0.036426272 
170 24 18 21 0.036382366 
639 104 15 18 0.036106665 
412 52 25 28 0.03530245 
203 12 14 16 0.03520322 
796 50 25 26 0.03491423 
274 110 17 18 0.034864366 
636 130 14 18 0.034229092 
629 132 23 30 0.032632194 
225 99 25 31 0.0324751 
763 92 13 16 0.03230309 
460 1 26 28 0.032193817 
217 83 17 20 0.0321741 
678 76 21 29 0.031251516 
663 108 11 14 0.031087177 
218 102 14 22 0.03073096 
941 23 15 21 0.030599428 
770 107 14 18 0.030591791 
348 125 13 17 0.030425211 
235 105 18 22 0.030275663 
621 67 15 21 0.030137053 
982 17 15 21 0.030129327 
26 126 20 34 0.030075124 
42 18 19 28 0.030050125 
668 66 17 21 0.030022386 
723 78 16 19 0.029908823 
177 62 17 20 0.029868528 
316 121 15 19 0.02951678 
982 77 24 35 0.029470297 
801 152 16 21 0.02946868 
791 66 16 20 0.02936659 
542 99 15 18 0.029316852 
324 121 12 17 0.02919624 
957 112 18 20 0.029155893 
1 123 11 21 0.02909019 
333 102 15 21 0.02905127 
378 59 17 21 0.028492443 
554 0 17 17 0.028437218 
359 75 15 19 0.028236905 
771 46 16 20 0.028211927 
812 116 18 22 0.028182201 
140 151 21 29 0.028076233 
214 80 14 14 0.028070567 
634 121 24 29 0.02798945 
180 110 15 20 0.027929194 
376 114 15 22 0.027800398 
888 97 16 21 0.027762888 
314 103 18 22 0.027589573 
162 152 21 27 0.027556084 
760 100 14 17 0.027427912 
672 73 15 22 0.02741969 
238 93 12 13 0.02726978 
0 49 9 17 0.027164122 
706 61 19 19 0.027081488 
228 113 15 19 0.027013514 
655 56 23 26 0.026754864 
238 98 14 18 0.026702084 
214 59 15 18 0.026631976 
474 80 29 33 0.026629044 
594 18 17 22 0.02629302 
547 88 25 30 0.025665151 
975 67 14 16 0.025398752 
596 78 30 34 0.025243621 
737 100 19 24 0.025075708 
27 64 16 19 0.025025558 
610 97 44 53 0.025024096 
782 107 13 19 0.025017135 
482 55 47 52 0.024749376 
788 114 16 19 0.024626948 
717 125 15 18 0.024572112 
159 34 40 49 0.02435485 
219 77 12 14 0.024085341 
276 14 13 18 0.02397532 
832 114 15 20 0.023971338 
588 7 33 34 0.023887573 
164 0 12 11 0.02379541 
818 101 18 22 0.023678673 
961 118 19 23 0.023586344 
260 1 15 12 0.023433398 
869 26 17 18 0.02310623 
227 25 14 18 0.0229851 
839 287 13 17 0.022778941 
711 119 17 21 0.022702465 
588 1 17 20 0.022602513 
579 94 26 27 0.022540817 
905 96 20 23 0.022511614 
676 59 13 17 0.022210177 
703 52 15 18 0.02207132 
244 107 15 19 0.022038287 
358 121 15 18 0.021890856 
25 1 23 19 0.021694405 
26 107 13 17 0.021428002 
85 93 19 21 0.02138333 
545 1 19 19 0.021367192 
395 59 15 20 0.021365078 
749 116 13 17 0.021245487 
421 114 16 20 0.02124127 
624 104 18 21 0.021234278 
341 88 22 24 0.021182474 
314 57 14 19 0.021124441 
638 114 15 20 0.021042071 
372 48 16 19 0.020966923 
4 115 12 19 0.0208482 
305 86 20 21 0.020703029 
957 3 17 18 0.02070119 
220 53 15 18 0.020680612 
134 80 17 21 0.020599896 
91 3 16 19 0.020545341 
796 118 16 20 0.020374963 
124 50 15 20 0.020358555 
24 18 14 18 0.020297388 
220 112 14 18 0.020270111 
689 76 16 22 0.0202476 
308 122 14 20 0.020178853 
230 98 14 19 0.020171857 
