0_Parade_marchingband_1_606
27
259 140 29 37 0.99903023 
486 135 35 42 0.9981029 
45 159 32 37 0.998055 
703 177 27 30 0.99730825 
842 156 27 33 0.9967024 
615 194 27 30 0.99642307 
785 157 38 44 0.9949568 
132 213 23 27 0.9926536 
433 182 21 28 0.9507613 
632 137 17 20 0.7778619 
191 241 18 23 0.69648105 
797 100 22 33 0.34785 
936 243 26 24 0.26220208 
602 137 18 22 0.24154289 
16 212 16 21 0.22708102 
604 167 15 18 0.08530435 
848 109 20 27 0.083847225 
4 221 10 15 0.046049833 
637 161 15 20 0.043116603 
955 325 15 17 0.031751577 
333 382 9 10 0.026509093 
337 181 24 30 0.026463056 
423 138 20 28 0.024287421 
372 226 16 23 0.024067257 
9 312 26 30 0.023788074 
714 144 17 20 0.022691878 
644 139 13 17 0.020521818 
