0_Parade_Parade_0_639
146
591 100 28 32 0.99865425 
714 79 26 32 0.99723107 
337 204 35 46 0.9928617 
636 575 47 69 0.9918956 
966 403 11 15 0.98696184 
515 158 26 34 0.983621 
882 427 14 17 0.96028996 
438 273 25 31 0.9531399 
979 520 44 117 0.94756913 
951 421 15 22 0.9198635 
904 413 9 12 0.8522713 
272 196 38 53 0.81426686 
806 442 14 19 0.7826876 
924 435 10 13 0.6642725 
925 413 9 12 0.6489718 
939 409 11 15 0.60454375 
908 554 49 81 0.50686324 
985 406 11 14 0.43998963 
1009 413 10 13 0.42470953 
427 290 15 19 0.37313384 
983 412 11 14 0.34846675 
437 157 14 16 0.3304906 
866 457 13 19 0.24407637 
964 391 9 12 0.23970908 
823 436 12 15 0.23010604 
921 383 9 11 0.22776866 
690 0 20 15 0.21839961 
963 479 43 63 0.20791067 
1002 390 9 12 0.19216305 
981 417 11 16 0.19080843 
841 103 10 13 0.18201208 
1001 405 8 11 0.17370635 
935 430 10 13 0.15467466 
884 554 51 86 0.13160802 
839 426 9 12 0.11574654 
1012 418 11 16 0.11277908 
749 330 10 14 0.111641474 
930 544 54 93 0.11119645 
986 398 9 11 0.10976624 
1007 408 10 13 0.108583726 
942 427 11 15 0.10274604 
807 430 9 11 0.09769046 
837 450 10 13 0.09737212 
937 446 8 12 0.0947866 
1002 397 8 11 0.09158774 
934 436 9 12 0.08482749 
755 410 12 16 0.08311598 
999 419 10 14 0.08246191 
428 284 26 32 0.08098038 
920 433 10 13 0.0780314 
288 172 9 11 0.075822085 
944 421 12 17 0.0718693 
830 444 10 14 0.06637393 
909 437 9 11 0.06635709 
838 471 12 16 0.06599808 
733 36 9 13 0.06538222 
286 218 28 37 0.062287986 
873 376 10 13 0.061155602 
912 433 8 11 0.061109997 
869 99 10 14 0.060869195 
941 448 9 11 0.060765184 
832 411 10 15 0.06017588 
967 477 28 39 0.059325848 
892 429 11 14 0.05754169 
872 413 9 14 0.057237383 
672 454 9 11 0.057099916 
439 266 44 49 0.057037197 
902 395 10 12 0.050529417 
821 466 15 17 0.050375726 
1013 408 9 13 0.048836578 
815 429 9 13 0.04712359 
397 164 13 17 0.04524689 
926 419 10 13 0.044964507 
825 334 8 10 0.0438438 
828 466 13 18 0.041190553 
824 405 10 13 0.04060647 
829 406 11 15 0.04028644 
795 78 12 15 0.039920297 
975 412 10 15 0.038071524 
821 412 12 16 0.037921406 
802 429 9 12 0.03773101 
888 216 8 10 0.036609076 
767 343 8 11 0.036527406 
827 429 13 15 0.035745382 
1008 305 11 18 0.034375887 
720 350 9 12 0.034020137 
759 329 13 16 0.0340077 
672 448 9 10 0.03395679 
782 427 9 12 0.03375082 
893 436 10 13 0.03332076 
898 413 9 12 0.032836765 
813 436 11 17 0.032734454 
950 415 11 15 0.03199719 
850 224 8 10 0.031925235 
819 357 10 13 0.03147284 
758 352 9 11 0.031342737 
832 419 10 14 0.031119956 
990 420 11 14 0.03039282 
840 276 9 12 0.030233594 
955 413 14 18 0.029730195 
753 352 9 12 0.029625947 
780 447 10 13 0.029577617 
693 402 23 33 0.029470704 
32 92 8 11 0.029228961 
778 334 9 11 0.028591283 
724 348 10 12 0.028356524 
513 148 17 19 0.028067091 
843 447 11 14 0.028054561 
744 351 9 12 0.027875585 
1002 382 9 13 0.027694432 
1014 425 10 17 0.027252614 
941 379 9 11 0.027106754 
941 435 10 13 0.026923897 
819 351 10 12 0.026618894 
767 349 8 10 0.026381783 
391 162 14 19 0.026319465 
841 246 9 11 0.025933592 
802 425 8 11 0.02579451 
854 224 8 10 0.025549943 
893 422 10 14 0.02523594 
803 518 54 57 0.024850708 
795 350 7 9 0.024832753 
955 527 50 104 0.024818337 
746 327 10 13 0.024327748 
641 460 9 11 0.024180964 
831 385 8 10 0.023653777 
935 422 10 13 0.023261039 
781 345 8 10 0.023244567 
833 389 8 9 0.022968 
828 122 13 15 0.022916272 
960 424 14 20 0.022569617 
839 385 11 12 0.022313824 
815 468 16 17 0.022236284 
745 344 7 9 0.022169264 
22 21 8 10 0.021967962 
704 397 10 13 0.021869767 
825 376 9 10 0.021775793 
847 384 10 12 0.0208896 
910 409 9 11 0.020799587 
902 478 13 15 0.020706955 
824 382 10 12 0.020662671 
815 78 25 31 0.020650802 
944 396 10 12 0.020619858 
689 204 9 12 0.020478528 
750 448 10 12 0.020292092 
575 424 8 10 0.020149225 
