0_Parade_marchingband_1_147
75
501 86 79 87 0.99847764 
307 131 53 60 0.9963707 
401 177 68 69 0.9867403 
90 153 29 36 0.983247 
617 150 32 41 0.97847843 
218 162 43 45 0.9745691 
166 124 34 39 0.9268887 
871 157 44 55 0.91309595 
245 1 14 18 0.61897516 
317 36 17 20 0.52381134 
752 102 16 22 0.36320165 
355 62 14 17 0.30028 
711 10 13 16 0.2669056 
637 163 35 39 0.23212083 
38 308 27 35 0.21599787 
214 0 15 11 0.21173541 
240 117 39 41 0.20806643 
778 82 15 20 0.20686404 
898 78 14 18 0.15877482 
205 51 19 23 0.14254941 
415 53 24 35 0.13279426 
809 12 15 19 0.12922949 
427 49 49 56 0.109129675 
296 2 17 17 0.10755819 
854 51 13 17 0.097923085 
390 42 23 28 0.09304356 
404 48 23 30 0.093022436 
202 3 13 16 0.08625457 
424 56 30 42 0.08621702 
717 106 16 20 0.08043658 
699 138 13 18 0.07392181 
282 101 17 22 0.071122475 
777 16 16 20 0.06902441 
320 27 20 22 0.062273312 
884 5 13 15 0.05643255 
0 42 10 19 0.05497065 
955 51 14 18 0.049028907 
423 69 19 26 0.04820985 
19 114 15 18 0.04771978 
717 89 16 19 0.044657618 
678 17 14 17 0.04436191 
413 3 16 19 0.04299156 
45 306 18 22 0.04281528 
886 36 13 17 0.033698894 
251 59 15 19 0.032453623 
827 82 13 18 0.032283228 
33 57 17 19 0.032239486 
648 72 17 22 0.03214453 
986 313 38 57 0.03209739 
844 98 13 15 0.030907042 
937 52 14 18 0.030420346 
698 95 16 21 0.028609768 
711 112 16 21 0.028166573 
275 25 16 20 0.028089548 
370 0 22 15 0.028088113 
964 20 16 20 0.027814427 
847 25 12 16 0.027615573 
818 51 16 19 0.026167288 
443 66 41 47 0.02527887 
907 54 13 18 0.025131427 
873 162 147 179 0.02466486 
671 34 14 16 0.024629073 
0 11 13 27 0.024153603 
696 140 22 29 0.02391061 
256 486 12 16 0.02327994 
306 1 18 19 0.023240315 
770 135 22 26 0.023006096 
651 160 22 26 0.022986287 
857 10 15 19 0.02288997 
948 82 15 19 0.022554008 
833 15 16 21 0.022009479 
997 52 14 17 0.021768283 
258 538 13 17 0.021512667 
846 50 14 18 0.021216098 
928 29 14 17 0.020224418 
