0_Parade_Parade_0_205
95
258 298 85 101 0.98963445 
811 316 30 36 0.98757917 
667 330 35 46 0.9696314 
595 330 20 29 0.9433265 
518 462 17 20 0.608596 
464 366 25 28 0.560066 
680 1 16 23 0.3541674 
712 341 28 38 0.27926943 
477 343 13 15 0.24527119 
731 354 12 20 0.20106846 
854 322 11 15 0.1934142 
474 220 11 14 0.18188204 
516 525 15 20 0.0988074 
567 318 26 31 0.09804626 
173 301 11 14 0.08397317 
147 81 49 66 0.074409336 
731 315 12 15 0.07147098 
495 409 26 27 0.06150224 
894 567 9 12 0.061307166 
717 309 13 15 0.05679201 
485 452 14 19 0.054151673 
476 349 21 27 0.051382467 
760 726 11 13 0.050917547 
477 454 23 30 0.048518177 
829 293 9 12 0.048099954 
727 311 12 15 0.045530606 
492 212 12 14 0.04518423 
419 233 15 19 0.044936858 
438 260 12 13 0.04364504 
962 405 14 21 0.04355586 
849 566 9 12 0.042271342 
854 300 9 12 0.0406896 
774 438 9 12 0.03795833 
548 218 11 16 0.037566055 
1011 621 12 19 0.036932822 
577 314 24 29 0.036922496 
209 328 7 10 0.036753204 
85 325 8 10 0.035812005 
849 315 12 18 0.035392888 
354 377 8 11 0.034877483 
771 342 12 14 0.033559896 
510 436 13 18 0.033462077 
714 303 25 28 0.03339919 
837 312 13 18 0.033148717 
452 359 39 49 0.032794293 
117 301 8 9 0.032563776 
951 400 22 29 0.0314225 
848 300 12 15 0.03128877 
347 192 27 34 0.031063844 
999 496 10 12 0.030847598 
213 327 8 11 0.030712547 
439 439 12 15 0.029938111 
962 524 13 16 0.02890482 
414 237 15 18 0.028771391 
372 380 11 14 0.028337501 
727 301 12 14 0.02825938 
861 558 8 10 0.028250571 
872 407 10 12 0.028236829 
542 420 12 15 0.02819645 
774 348 12 13 0.0278825 
840 559 8 10 0.027652936 
562 324 19 30 0.027628703 
393 175 7 9 0.027599828 
357 380 9 12 0.027470525 
624 244 12 14 0.026711615 
438 449 18 20 0.026703712 
526 511 27 33 0.026436815 
870 418 12 17 0.02616255 
751 374 12 13 0.026145613 
830 308 24 31 0.026071554 
461 320 22 29 0.02582024 
725 551 12 14 0.025806075 
845 305 14 19 0.025313351 
532 402 14 20 0.025149062 
146 30 58 55 0.025011726 
718 312 26 30 0.024453279 
718 289 29 35 0.024401685 
852 570 10 15 0.024041265 
726 283 13 14 0.023992466 
475 218 26 28 0.02382989 
178 300 11 14 0.023327328 
714 328 27 33 0.0230275 
492 468 11 14 0.022528853 
473 376 26 31 0.02245081 
471 339 21 26 0.022397086 
552 493 37 59 0.022346653 
564 487 45 58 0.022235094 
718 464 17 21 0.022087753 
455 461 12 14 0.021885237 
509 435 23 31 0.020902712 
894 390 12 15 0.020819163 
476 224 13 15 0.020476496 
536 418 12 15 0.020463556 
449 356 18 19 0.020379983 
357 160 11 13 0.020233892 
