0_Parade_marchingband_1_20
132
254 371 30 34 0.9968054 
542 358 36 42 0.995611 
465 354 27 32 0.9921944 
30 404 26 32 0.99194896 
729 346 17 20 0.98615485 
587 368 17 20 0.98260456 
83 392 19 23 0.9805016 
385 367 17 20 0.972272 
628 393 20 23 0.9691928 
447 346 19 23 0.92836994 
235 375 16 20 0.8910323 
679 355 15 20 0.8781418 
128 377 12 15 0.8747348 
335 379 16 19 0.7918964 
852 270 37 50 0.77307564 
803 356 15 17 0.44081616 
85 370 14 17 0.42465752 
777 362 11 14 0.37325123 
302 270 9 11 0.3619848 
619 364 13 16 0.2769479 
659 386 16 19 0.23204327 
621 357 13 16 0.23124157 
707 378 16 18 0.18738797 
780 348 9 11 0.16343051 
281 269 9 10 0.16183913 
148 297 11 16 0.16154714 
373 345 15 18 0.16141242 
312 277 9 11 0.1549239 
227 315 10 14 0.15449904 
759 355 9 13 0.15174238 
820 312 10 12 0.14149031 
800 361 12 15 0.12898947 
833 435 171 209 0.12478301 
628 354 13 17 0.119211465 
406 341 17 20 0.1093577 
615 372 15 17 0.10082126 
236 342 12 14 0.095162705 
698 364 12 16 0.08803608 
734 328 16 18 0.08184768 
318 366 11 13 0.07811076 
777 345 9 11 0.07426027 
264 291 10 14 0.07316323 
723 415 16 18 0.07299559 
458 327 15 20 0.06834405 
366 396 16 18 0.06787013 
584 348 39 47 0.061801545 
629 324 13 16 0.060577266 
232 334 11 12 0.055614334 
902 160 14 17 0.055405404 
699 387 18 21 0.054790914 
654 401 14 18 0.053552177 
286 265 9 11 0.052803613 
780 388 15 15 0.052784786 
90 376 16 18 0.052745786 
236 356 16 20 0.051625155 
371 386 16 19 0.050641183 
807 343 11 13 0.04908608 
699 404 16 19 0.04751065 
635 377 17 17 0.046696186 
798 373 9 12 0.04591653 
398 263 13 16 0.044665452 
303 275 9 12 0.043963384 
607 382 23 28 0.04018727 
493 373 15 18 0.038476437 
317 275 9 12 0.038148288 
906 196 26 32 0.037643097 
802 391 9 13 0.037013553 
810 350 14 16 0.035179462 
258 310 9 13 0.03488832 
365 284 12 14 0.0346008 
799 349 13 18 0.03400815 
203 437 16 22 0.033796877 
556 323 14 16 0.033737533 
182 295 10 13 0.03284359 
693 354 13 17 0.032126702 
715 7 42 53 0.0318015 
840 234 44 75 0.03175229 
753 356 10 13 0.031395104 
91 367 14 17 0.03139107 
296 263 9 12 0.03131928 
806 315 9 13 0.030356517 
44 376 17 21 0.030279456 
804 351 25 26 0.029500447 
229 354 13 19 0.029409612 
791 367 10 12 0.02916052 
516 387 16 21 0.0291232 
596 357 11 14 0.029116562 
650 365 9 11 0.028960401 
766 358 8 12 0.028952787 
335 349 11 13 0.02893587 
491 505 19 21 0.028732136 
316 418 14 16 0.028206253 
462 355 16 23 0.028109556 
985 339 25 33 0.02788028 
184 342 12 15 0.027649054 
744 29 96 121 0.026776189 
792 350 9 12 0.026698364 
546 302 41 54 0.026506964 
781 371 13 15 0.026207102 
260 315 11 15 0.026057854 
217 320 10 12 0.025867032 
347 423 29 32 0.02516643 
618 385 21 28 0.024790568 
777 406 12 14 0.024738591 
335 255 9 13 0.024717432 
849 161 22 29 0.024669008 
791 373 11 13 0.024561968 
974 331 39 56 0.024128621 
451 465 11 14 0.02407228 
155 390 13 15 0.024066003 
604 389 17 23 0.023861548 
206 354 15 19 0.023631487 
230 153 14 16 0.02347432 
566 352 36 46 0.023439905 
567 220 27 31 0.023181576 
431 218 15 19 0.022870066 
272 271 8 9 0.02269073 
288 252 10 12 0.022507763 
229 346 12 16 0.022271916 
335 262 9 11 0.02224635 
426 191 16 19 0.02220006 
664 394 16 18 0.021837458 
632 374 12 15 0.02147785 
454 335 21 29 0.021109514 
605 336 14 17 0.021012316 
328 294 11 13 0.020986792 
261 341 14 16 0.020642892 
242 372 16 21 0.020569166 
241 342 12 14 0.020214513 
666 380 14 17 0.020208871 
342 358 12 16 0.020147633 
739 340 14 17 0.020069866 
