0_Parade_Parade_0_266
360
955 336 25 33 0.9931978 
29 419 13 17 0.96662736 
165 335 11 15 0.7332795 
995 325 16 21 0.6775363 
451 409 18 21 0.5917577 
863 319 8 11 0.51564795 
908 438 27 30 0.46956304 
209 327 9 12 0.46618408 
861 570 22 37 0.39715216 
1005 408 20 45 0.39438587 
369 358 19 22 0.3914553 
936 344 10 13 0.38928372 
24 333 11 15 0.3888391 
954 310 8 10 0.3370874 
15 333 8 12 0.31963387 
646 379 87 103 0.31583497 
958 309 9 11 0.27785924 
902 330 8 10 0.27783978 
929 300 9 11 0.2764413 
69 331 12 15 0.27307242 
126 331 10 13 0.27143556 
0 422 9 15 0.2565729 
231 422 8 11 0.24600832 
703 355 47 81 0.24559708 
225 340 9 12 0.24155676 
264 437 10 12 0.23856811 
810 318 7 10 0.22306 
226 319 9 11 0.21949793 
205 452 11 13 0.21266222 
896 312 8 9 0.20987645 
48 335 11 16 0.20207837 
7 332 9 12 0.18917772 
4 327 11 13 0.18328233 
45 419 11 16 0.18291031 
34 417 14 17 0.18259557 
245 437 9 11 0.16605856 
842 319 7 10 0.16415846 
207 331 10 13 0.16271238 
839 359 9 10 0.16070725 
865 310 8 10 0.16067885 
151 399 9 13 0.16019702 
146 417 13 16 0.15907642 
128 405 10 14 0.15902443 
813 318 8 9 0.15879312 
781 311 8 10 0.15693071 
191 349 9 11 0.15432608 
175 416 11 14 0.1483662 
443 321 25 29 0.14776859 
994 306 13 17 0.14581048 
923 523 12 14 0.14394134 
142 341 10 13 0.14153558 
894 371 9 13 0.13922177 
154 316 9 12 0.13696942 
764 318 9 11 0.1353542 
918 303 7 10 0.13429742 
106 317 8 11 0.13415152 
92 340 11 15 0.13261059 
71 363 11 15 0.13202086 
136 340 9 13 0.12962265 
859 319 8 10 0.12866502 
78 341 9 12 0.12718394 
88 325 9 11 0.1242004 
965 308 10 12 0.122946374 
231 439 9 12 0.11970288 
865 305 8 9 0.11809955 
798 326 8 10 0.117280394 
118 437 10 14 0.11509768 
466 342 17 22 0.11072942 
889 318 8 10 0.10848541 
1005 343 13 15 0.10602935 
225 424 9 11 0.1034325 
830 305 8 9 0.102430195 
904 311 7 10 0.100712016 
216 463 10 12 0.0999898 
215 384 10 13 0.099581234 
175 333 9 13 0.09730257 
929 324 10 14 0.097020835 
199 174 8 10 0.090122044 
88 406 13 16 0.088129915 
831 311 7 10 0.08687931 
902 358 8 11 0.08646691 
826 318 7 9 0.08626084 
944 310 9 10 0.084652975 
69 444 10 13 0.07934244 
519 340 8 10 0.07813863 
931 296 10 11 0.07804971 
29 449 14 17 0.078014 
910 310 9 10 0.07777122 
826 312 7 9 0.077575 
870 309 8 11 0.07729906 
846 318 7 10 0.07613752 
873 344 8 10 0.07583997 
79 431 12 16 0.07449679 
937 403 26 45 0.07443414 
133 334 10 12 0.07263329 
87 333 11 15 0.07227956 
890 312 8 10 0.07226365 
1 330 10 14 0.072061904 
194 319 8 10 0.07196551 
204 339 10 14 0.0711002 
231 353 11 14 0.07035798 
77 333 10 14 0.069943234 
191 446 9 11 0.068794526 
8 428 9 13 0.068464406 
181 333 9 12 0.06830342 
94 455 11 12 0.06742258 
663 337 83 110 0.0602001 
166 422 12 14 0.060064185 
94 461 10 11 0.05975798 
839 324 8 10 0.059293956 
798 341 8 10 0.058584727 
213 451 10 13 0.058490388 
176 327 9 11 0.058197003 
121 332 11 14 0.058094926 
894 315 9 12 0.057868626 
808 365 10 13 0.057160195 
200 445 9 11 0.056540202 
919 319 9 11 0.056445256 
133 421 9 13 0.055172533 
215 424 8 11 0.054834723 
493 370 22 28 0.0544672 
72 338 12 15 0.054016665 
997 335 15 19 0.053894646 
944 304 8 10 0.052835103 
872 349 9 11 0.05182993 
923 431 20 29 0.051750045 
870 318 8 10 0.05129578 
881 318 7 10 0.05098585 
117 369 15 18 0.050643414 
961 305 9 10 0.05060971 
78 475 11 15 0.050111964 
996 316 15 20 0.04989423 
232 418 7 9 0.049516555 
898 332 9 11 0.047943845 
948 487 14 22 0.047811948 
932 333 12 15 0.047808472 
45 284 11 13 0.04773184 
5 438 11 15 0.046858504 
127 337 11 15 0.0467795 
870 304 7 10 0.04634566 
879 312 7 9 0.046254024 
911 489 13 21 0.04623636 
145 399 10 13 0.045871492 
838 366 8 10 0.045865327 
216 449 9 11 0.045535594 
847 382 9 12 0.045083687 
109 342 11 14 0.04487569 
101 453 10 12 0.043802645 
335 373 12 16 0.043286957 
502 315 9 12 0.04325769 
277 336 8 11 0.0429265 
799 321 7 9 0.042516146 
794 321 7 9 0.042294685 
143 334 10 13 0.04220224 
927 420 21 33 0.04144924 
848 352 7 10 0.04100797 
1011 324 13 18 0.040621 
179 445 14 15 0.04013019 
957 313 12 14 0.039890934 
120 263 9 12 0.039736055 
848 326 7 10 0.039593104 
541 344 8 9 0.039582424 
949 321 11 15 0.039115086 
210 176 7 9 0.038847268 
905 304 8 9 0.03834911 
358 365 27 36 0.038153578 
795 343 7 9 0.037940156 
95 398 10 13 0.037860584 
80 326 9 11 0.03772456 
753 325 8 10 0.037685912 
885 389 10 13 0.037643652 
814 313 8 9 0.037387803 
117 431 10 14 0.037107635 
945 322 9 13 0.036601853 
203 468 11 15 0.036444973 
911 316 9 12 0.03591101 
565 325 8 10 0.035837043 
1004 316 15 20 0.035541784 
181 328 9 11 0.035449397 
366 139 12 13 0.035387002 
887 323 8 12 0.034855116 
267 442 11 14 0.034827504 
927 308 9 11 0.034519244 
158 313 9 11 0.034389693 
857 312 7 9 0.034333322 
949 487 29 36 0.034313258 
228 337 9 11 0.03393063 
228 427 10 12 0.033844065 
761 359 8 10 0.033795476 
810 313 7 9 0.033678107 
263 385 10 10 0.033568386 
12 428 9 12 0.033494752 
214 175 8 10 0.033353224 
108 398 16 21 0.033345383 
826 305 7 8 0.033225395 
150 333 9 13 0.0331232 
857 359 9 11 0.032977525 
167 415 14 16 0.032959677 
231 313 8 10 0.03288093 
102 447 9 12 0.032872975 
171 428 14 18 0.032407224 
841 354 8 10 0.03208409 
903 296 8 9 0.031798963 
818 336 7 9 0.031651463 
840 313 7 9 0.031565983 
512 337 8 10 0.031428672 
878 368 9 12 0.03141619 
197 347 10 13 0.03140537 
124 376 13 17 0.03134769 
831 327 8 11 0.03131546 
92 326 9 11 0.031239552 
99 461 10 11 0.031169148 
117 319 9 10 0.0309219 
539 343 7 9 0.030700974 
167 328 11 13 0.030367607 
76 438 13 18 0.030366424 
121 327 9 11 0.030044675 
809 360 9 11 0.02990449 
133 327 10 12 0.029852146 
852 510 12 13 0.029814992 
766 312 8 10 0.029728753 
461 292 11 16 0.02948914 
111 334 9 13 0.029469587 
814 360 8 10 0.02945976 
240 388 9 10 0.02939193 
0 277 8 12 0.029171629 
66 439 9 13 0.029167593 
497 317 9 11 0.029166078 
29 314 11 15 0.029058842 
149 341 9 12 0.028905788 
793 312 7 9 0.028870748 
151 278 8 11 0.028857192 
799 337 8 9 0.028717613 
448 396 24 28 0.028702889 
823 360 7 10 0.028630449 
508 416 25 31 0.028613454 
1011 342 12 16 0.028552262 
823 335 8 10 0.028545989 
117 337 11 16 0.028466204 
96 448 10 12 0.028401168 
585 317 10 13 0.028344486 
769 357 7 9 0.027985966 
242 432 8 10 0.027973505 
487 292 9 11 0.027862785 
792 352 7 9 0.027810317 
876 349 10 10 0.027765049 
951 316 10 14 0.027584331 
1 286 9 12 0.027479269 
0 319 10 13 0.027453613 
525 343 9 10 0.027390053 
826 327 8 11 0.02733168 
39 350 10 12 0.026999366 
897 305 7 9 0.026939452 
113 431 9 13 0.026893912 
841 344 8 9 0.026739448 
1006 308 12 14 0.026731072 
145 311 10 12 0.026633834 
28 335 12 16 0.026612718 
341 369 29 33 0.026541326 
823 366 8 10 0.026537908 
262 355 9 11 0.026516369 
104 341 10 15 0.02640132 
782 316 8 10 0.02632533 
871 581 19 28 0.026320191 
120 449 10 14 0.026128937 
759 323 9 11 0.026121303 
508 405 22 26 0.02610956 
230 322 9 11 0.026039822 
511 298 7 9 0.026025103 
835 368 8 9 0.02595121 
127 428 9 12 0.025946895 
888 367 8 12 0.025881013 
258 390 8 9 0.025676085 
872 335 10 12 0.025634093 
340 376 16 19 0.025590707 
215 256 9 10 0.02551467 
105 325 9 12 0.025404956 
930 340 10 14 0.025300931 
456 323 16 18 0.025065029 
842 606 9 11 0.025054904 
118 424 9 11 0.025029205 
82 320 8 11 0.025025643 
143 329 8 10 0.02452354 
920 309 7 10 0.024510372 
512 357 10 14 0.024486402 
185 342 8 12 0.024446314 
832 342 6 9 0.024325777 
104 333 9 12 0.024246838 
122 442 11 14 0.024201542 
915 488 21 27 0.024167746 
305 335 9 10 0.02414658 
111 325 9 11 0.024025597 
872 326 8 11 0.023957174 
24 446 13 17 0.02393123 
225 323 8 11 0.023915302 
873 357 10 12 0.023785248 
189 406 9 13 0.023753876 
117 403 11 17 0.023455674 
280 358 8 11 0.023442226 
807 324 8 10 0.023363028 
882 325 7 10 0.02336008 
765 564 34 33 0.023346007 
934 320 10 13 0.023330992 
589 317 12 14 0.023064356 
110 313 9 11 0.023058305 
849 312 7 10 0.023027169 
245 442 10 13 0.023013385 
315 363 25 34 0.022825949 
320 358 10 14 0.022648826 
137 444 9 12 0.02264361 
210 429 8 10 0.022525292 
225 312 9 11 0.02249371 
775 358 7 8 0.022477519 
381 342 15 19 0.02237283 
40 341 10 13 0.022244992 
913 297 8 9 0.022206299 
112 424 9 11 0.022141183 
952 305 9 11 0.022043487 
162 421 10 13 0.021898083 
179 461 15 19 0.021889132 
158 324 10 13 0.021885635 
15 422 10 14 0.021870632 
294 196 9 11 0.02184082 
89 454 11 13 0.021826828 
217 405 9 11 0.02181387 
274 134 9 11 0.021794384 
830 317 8 9 0.021773035 
225 414 8 10 0.02157371 
525 349 10 13 0.021512326 
751 320 8 9 0.02150596 
166 431 14 19 0.021478873 
553 335 8 11 0.021463957 
335 127 25 32 0.021422962 
935 309 9 11 0.021365272 
76 346 10 13 0.021286407 
831 333 8 10 0.021223066 
217 303 9 11 0.021150794 
109 379 13 15 0.021110097 
916 387 17 20 0.021058787 
956 334 17 22 0.021037005 
257 424 8 10 0.021026596 
846 388 11 13 0.020914081 
44 368 15 21 0.020783091 
974 310 9 11 0.020758795 
192 323 9 11 0.020694213 
460 280 14 19 0.020589422 
216 309 9 11 0.020524664 
990 311 14 18 0.02046939 
258 385 8 9 0.020454476 
13 310 11 14 0.020438736 
269 352 9 11 0.020417687 
28 326 12 15 0.020403273 
0 453 10 20 0.02034935 
134 427 9 13 0.020338718 
189 355 10 12 0.02028995 
865 351 8 9 0.020214925 
132 411 10 14 0.020168506 
177 437 16 17 0.020108068 
4 318 12 13 0.020031037 
204 456 13 18 0.02001665 
