0_Parade_Parade_0_913
20
245 147 200 260 0.9997392 
622 225 207 224 0.9991732 
33 110 67 99 0.97320807 
866 69 44 51 0.42936048 
968 61 40 51 0.27993128 
506 34 36 46 0.12702405 
15 70 46 72 0.1116071 
561 20 81 118 0.0751142 
85 67 57 70 0.07270826 
771 49 28 37 0.048198637 
591 26 55 74 0.043872423 
175 80 85 110 0.042543765 
10 65 78 114 0.039336063 
105 240 111 121 0.039085638 
1 146 45 79 0.038498003 
547 49 50 90 0.032680053 
54 59 90 119 0.027737299 
1003 103 20 47 0.02374124 
608 18 37 52 0.023007903 
19 90 29 41 0.022142109 
