0_Parade_Parade_0_12
56
324 153 36 42 0.9992207 
394 174 34 43 0.9991196 
830 115 36 44 0.99822265 
728 136 46 65 0.9979019 
912 150 25 30 0.9974004 
641 143 28 33 0.99725866 
252 169 24 30 0.99579716 
575 178 24 30 0.9939383 
484 171 41 54 0.99365777 
276 191 27 32 0.99137723 
1003 134 20 30 0.9614885 
127 196 21 24 0.9092488 
154 200 17 20 0.900941 
187 208 17 23 0.8552983 
370 197 19 23 0.67323387 
424 177 16 22 0.45737052 
175 203 13 17 0.39438945 
99 265 13 16 0.33027366 
73 260 10 14 0.17532381 
939 168 21 27 0.16274339 
537 202 13 17 0.10166903 
54 206 9 11 0.05976002 
616 153 14 17 0.057551455 
77 227 10 12 0.053226367 
78 264 12 16 0.05225879 
542 188 11 15 0.050245177 
161 172 10 13 0.04980618 
596 190 14 20 0.0483199 
105 323 9 12 0.043186158 
128 174 9 12 0.038715404 
57 283 10 13 0.03553568 
72 315 10 14 0.034143023 
301 177 10 11 0.033327207 
60 219 11 14 0.032475077 
446 158 8 10 0.031249981 
47 205 10 12 0.030668175 
0 197 7 11 0.029967064 
55 278 10 13 0.02891032 
927 126 9 10 0.027928926 
73 209 9 11 0.027874967 
76 212 10 12 0.026964711 
16 221 9 10 0.026446635 
113 199 9 12 0.026000148 
83 262 12 16 0.024798566 
813 38 10 13 0.024471126 
112 205 10 13 0.024462782 
165 196 13 18 0.023971116 
173 191 9 11 0.02372676 
62 289 11 14 0.023715582 
302 299 32 44 0.023156594 
56 272 9 11 0.022112299 
694 376 20 31 0.021869507 
57 214 10 13 0.021697955 
41 204 10 12 0.021277975 
165 209 13 18 0.02041495 
63 208 8 10 0.020318504 
