0_Parade_Parade_0_353
156
494 239 26 35 0.9983839 
885 249 13 17 0.9633833 
389 260 20 25 0.9565966 
835 264 23 25 0.9530774 
325 296 30 34 0.9490435 
693 247 14 17 0.9022738 
288 288 13 17 0.8977947 
317 267 11 14 0.8197475 
455 284 9 12 0.8104841 
253 287 12 15 0.78177446 
798 255 9 12 0.7179706 
723 252 13 16 0.6815731 
261 304 12 14 0.44911876 
824 277 12 14 0.42984554 
156 371 11 15 0.42267433 
198 301 13 17 0.37952417 
104 246 10 13 0.3674125 
592 235 51 57 0.3317562 
935 251 9 11 0.2794545 
782 270 11 14 0.2026344 
182 299 13 16 0.18604335 
854 250 14 16 0.17962313 
260 263 11 14 0.15848911 
202 304 14 18 0.15269999 
33 339 15 18 0.15024972 
81 311 20 20 0.14852108 
219 306 13 15 0.13647085 
317 274 14 17 0.13292862 
810 259 9 12 0.12823066 
985 257 8 10 0.12038324 
925 247 9 11 0.11782663 
902 236 14 18 0.112187274 
990 256 7 10 0.10972207 
430 281 8 11 0.09950702 
176 299 12 15 0.09741268 
152 317 9 12 0.09586774 
157 318 8 11 0.092526786 
150 311 10 12 0.091061525 
855 124 38 34 0.08931528 
174 325 8 11 0.08006768 
797 277 10 13 0.0792613 
740 288 15 19 0.07238849 
934 234 12 13 0.07064855 
908 242 11 14 0.0702553 
826 271 20 24 0.06976006 
245 308 11 15 0.06966523 
741 258 14 22 0.068560235 
808 255 9 12 0.06765352 
376 287 13 14 0.06501441 
983 261 8 10 0.064226724 
791 276 12 15 0.06380845 
788 268 13 16 0.062357467 
712 251 10 14 0.060049232 
661 219 17 19 0.05785293 
29 312 9 12 0.05735793 
868 255 11 15 0.056382418 
322 268 11 14 0.053474855 
794 259 10 13 0.053036395 
960 246 8 10 0.050859436 
665 248 9 11 0.050121453 
258 290 14 17 0.049914658 
561 273 32 36 0.04907595 
536 232 495 465 0.048035223 
737 260 23 34 0.045812655 
664 253 10 13 0.045765743 
29 333 13 19 0.04526737 
0 365 7 12 0.043856625 
999 263 7 10 0.0428368 
975 249 7 9 0.041614898 
853 231 12 14 0.040954918 
827 253 11 14 0.040179167 
189 319 10 11 0.039508097 
106 248 12 16 0.039225835 
798 271 10 12 0.039081972 
121 371 19 22 0.039066188 
967 239 8 10 0.039035074 
942 237 9 12 0.03831513 
323 277 13 17 0.037324842 
152 390 10 14 0.036868088 
44 340 12 14 0.036380056 
663 260 12 14 0.035885207 
815 229 9 11 0.034071993 
262 312 13 15 0.03368716 
157 389 12 15 0.033590015 
187 304 12 16 0.033258345 
813 256 8 11 0.033225767 
968 247 7 10 0.032829538 
684 284 11 15 0.032517616 
136 273 8 11 0.032511894 
654 207 10 14 0.03188563 
126 392 9 12 0.031881507 
98 246 9 12 0.031723343 
729 252 15 18 0.031702753 
758 281 15 16 0.031156141 
685 268 10 11 0.030977447 
210 302 19 23 0.030834906 
745 281 17 21 0.030299377 
1014 255 8 12 0.029694326 
578 262 35 41 0.029237384 
718 249 12 16 0.02880839 
958 254 8 10 0.028635794 
943 247 8 10 0.02856726 
70 368 11 18 0.028261805 
83 317 25 26 0.028016893 
895 236 14 16 0.027979199 
440 285 9 11 0.027912823 
662 268 12 13 0.02777439 
72 326 10 12 0.027517214 
26 315 10 13 0.027344259 
1011 256 7 11 0.026883975 
446 269 9 11 0.026457384 
172 348 12 14 0.025938364 
846 251 16 19 0.025785757 
954 255 8 10 0.025691694 
45 332 13 16 0.02561625 
76 310 43 50 0.025437832 
277 348 14 15 0.025325116 
730 254 23 31 0.025273701 
168 320 9 10 0.025155973 
828 288 14 18 0.024348807 
148 350 10 13 0.02425858 
809 248 9 11 0.023752414 
777 273 13 16 0.023512688 
847 245 14 16 0.023449114 
806 293 11 14 0.023360714 
917 268 10 12 0.02334897 
53 340 11 14 0.02333016 
157 312 9 10 0.023291523 
45 326 12 15 0.023270607 
317 289 13 17 0.023142546 
147 304 12 15 0.023096131 
134 318 10 12 0.023090785 
426 284 10 12 0.022874987 
205 311 12 17 0.022699503 
78 319 15 17 0.022485288 
164 394 13 17 0.022323662 
166 347 11 14 0.021905232 
374 288 19 22 0.021805892 
962 240 8 10 0.021650868 
47 293 10 11 0.021622509 
5 373 9 12 0.02158637 
172 357 13 15 0.021573534 
653 216 17 22 0.021571197 
976 254 7 10 0.021521783 
6 366 9 11 0.021471903 
152 324 9 11 0.021415086 
935 298 11 14 0.021399485 
463 279 10 12 0.021140428 
464 350 24 44 0.020954972 
161 347 10 13 0.02094047 
230 307 10 13 0.020831589 
746 265 27 29 0.020566566 
992 260 7 11 0.020540033 
976 240 7 9 0.020234901 
848 234 12 14 0.020177733 
451 283 9 12 0.020176403 
