0_Parade_marchingband_1_488
110
323 313 13 19 0.9764406 
610 321 14 22 0.97631454 
272 332 12 17 0.9753264 
445 270 20 26 0.96807534 
41 267 20 26 0.9629559 
687 330 12 17 0.93098265 
807 383 8 11 0.57718027 
644 347 9 14 0.4753529 
371 342 11 14 0.40209845 
910 384 7 10 0.37619698 
937 375 9 12 0.3587972 
381 277 17 19 0.33314648 
728 361 9 11 0.27340275 
59 122 10 14 0.26138535 
82 271 19 23 0.24901299 
402 294 15 18 0.21612763 
895 393 8 10 0.19598368 
942 376 8 10 0.19128205 
969 392 8 10 0.18723571 
760 368 9 11 0.18650502 
857 366 8 11 0.17965506 
985 401 9 12 0.13307014 
766 368 8 12 0.12362325 
862 213 9 11 0.113887675 
337 174 8 10 0.10941405 
92 374 13 16 0.10195002 
0 244 11 16 0.09986247 
864 208 9 11 0.078856416 
813 382 9 12 0.0787296 
362 142 8 10 0.06427321 
921 420 15 20 0.06368397 
85 122 10 13 0.06186334 
1012 305 12 19 0.058694523 
906 388 8 11 0.057824023 
784 398 9 13 0.056203038 
854 359 10 13 0.055924714 
367 190 7 9 0.054525994 
825 398 8 10 0.054375064 
698 382 12 14 0.05393158 
972 396 8 11 0.052646667 
391 304 10 14 0.050560698 
486 293 14 17 0.047127318 
787 397 11 13 0.046902172 
855 371 8 11 0.046474848 
400 327 12 18 0.04483966 
513 355 9 12 0.044080857 
855 207 8 10 0.043855675 
839 428 9 11 0.043537807 
987 309 12 14 0.043045875 
824 407 10 12 0.04051754 
838 421 9 13 0.038012017 
276 309 11 14 0.03723324 
871 378 15 17 0.036645096 
918 389 10 13 0.03616555 
868 206 9 11 0.035709657 
948 374 9 11 0.03500475 
86 262 13 16 0.035003394 
222 126 7 9 0.0340242 
858 98 22 27 0.033355482 
217 125 8 10 0.03305535 
962 393 7 10 0.032959297 
341 175 8 10 0.032955427 
951 407 10 12 0.031322487 
849 358 10 13 0.030807069 
767 397 9 12 0.030185552 
891 392 8 10 0.029378472 
840 415 8 12 0.02877341 
755 368 7 11 0.027905773 
720 359 11 13 0.027700443 
60 260 12 15 0.027699858 
233 134 7 9 0.027597899 
687 380 9 12 0.02735575 
866 201 8 9 0.027202154 
998 209 23 32 0.027091855 
497 342 11 14 0.027053196 
702 315 46 57 0.027013915 
47 117 8 12 0.026788933 
829 393 9 12 0.026087424 
957 406 8 12 0.026079353 
86 427 9 12 0.025928767 
449 198 8 9 0.025892599 
776 398 8 11 0.025857978 
616 323 14 18 0.024982754 
846 390 8 11 0.024894122 
337 183 8 10 0.024882266 
759 391 11 13 0.024844067 
255 287 13 17 0.02480385 
774 368 8 10 0.024579225 
961 397 8 10 0.024477901 
841 389 9 12 0.024264162 
201 370 12 17 0.02418174 
925 392 9 11 0.024162732 
707 321 28 33 0.023774896 
869 407 9 11 0.023552345 
982 431 9 12 0.023421014 
864 400 8 10 0.022961061 
897 385 7 10 0.022947948 
918 381 11 13 0.022613723 
1003 300 20 32 0.022199184 
920 373 12 14 0.022169463 
841 382 10 13 0.022054756 
951 399 9 11 0.021669915 
431 274 12 18 0.021544926 
815 388 9 12 0.021397455 
926 373 11 13 0.021381859 
416 41 8 11 0.021263605 
272 316 11 13 0.0210323 
943 405 11 13 0.020705609 
711 426 14 17 0.020582614 
846 397 7 10 0.0205257 
