0_Parade_marchingband_1_629
152
463 359 11 13 0.9823179 
636 326 10 13 0.97806853 
111 373 11 15 0.97588456 
53 334 11 13 0.97588193 
955 394 15 22 0.97285795 
327 357 10 13 0.9604024 
429 321 9 11 0.9551712 
610 371 12 15 0.9536325 
234 365 11 15 0.9326682 
508 367 11 15 0.91777825 
861 355 10 12 0.91628045 
862 387 12 16 0.91442555 
1 349 10 13 0.9025052 
36 377 11 15 0.87982535 
405 324 9 11 0.8687143 
391 360 11 14 0.86070806 
495 331 10 12 0.827599 
577 321 11 15 0.82743573 
793 351 11 14 0.80502796 
358 361 10 13 0.78116316 
560 369 12 15 0.7569932 
138 359 12 15 0.6810604 
716 398 11 16 0.6796751 
293 353 9 12 0.6714606 
561 325 10 13 0.65807134 
536 333 11 14 0.6309154 
713 334 9 11 0.62482613 
425 361 10 13 0.61796474 
651 374 11 16 0.58691597 
286 386 11 15 0.5784364 
791 404 12 21 0.5353699 
570 345 14 18 0.50022954 
322 358 9 11 0.3861706 
824 341 9 12 0.3726404 
269 385 9 12 0.33679736 
565 396 10 13 0.33100054 
130 372 8 11 0.31018716 
486 354 13 15 0.30721983 
728 341 9 11 0.2925803 
532 324 9 11 0.2801494 
719 351 10 13 0.27773926 
425 343 10 13 0.23650756 
505 395 10 12 0.22421047 
790 375 11 14 0.21275114 
742 333 8 10 0.19466838 
776 339 8 11 0.15864429 
588 363 10 14 0.15279987 
415 341 9 13 0.13787517 
69 381 8 12 0.13557138 
696 312 10 14 0.1215511 
772 392 14 16 0.11356504 
471 405 8 10 0.11311749 
480 334 9 11 0.10606932 
3 371 12 14 0.105765276 
543 320 8 11 0.098219916 
759 399 11 14 0.09147076 
492 350 11 13 0.08939063 
312 358 8 11 0.08877748 
164 388 9 11 0.088521056 
304 357 8 11 0.0843482 
295 374 9 12 0.07998349 
149 387 9 12 0.07700993 
862 310 10 13 0.072924025 
867 383 12 16 0.06983439 
292 388 10 14 0.06921248 
637 357 10 13 0.06398631 
783 405 14 21 0.06124623 
776 325 7 10 0.061114885 
306 398 9 10 0.05814575 
823 360 12 17 0.057695076 
281 382 10 13 0.05742727 
206 339 9 11 0.056873184 
480 328 8 11 0.055688936 
570 308 10 12 0.054244578 
746 374 14 17 0.053446326 
721 387 17 18 0.0521438 
766 397 11 14 0.05155833 
52 388 11 14 0.051164508 
720 396 15 17 0.05056421 
390 404 9 11 0.049989585 
737 357 9 12 0.047114924 
413 326 8 10 0.04701398 
773 408 16 22 0.04674465 
663 336 9 12 0.04607773 
725 349 10 14 0.045606922 
287 373 10 13 0.04554198 
469 383 9 12 0.045081563 
42 358 9 11 0.04416874 
133 374 8 11 0.043418154 
428 405 9 11 0.04163072 
718 342 9 12 0.041023895 
252 405 9 11 0.03911395 
783 333 10 12 0.03672315 
4 389 12 14 0.035705496 
480 346 12 16 0.03289581 
479 391 9 12 0.03216682 
428 346 12 14 0.03205962 
581 341 12 15 0.03077249 
467 405 8 10 0.030651748 
293 379 9 14 0.030646281 
417 346 9 12 0.030533774 
816 327 9 11 0.030452458 
479 407 9 11 0.030424304 
550 351 9 13 0.030246845 
326 397 8 10 0.030181587 
322 396 8 11 0.028080061 
423 336 9 11 0.02797265 
480 339 10 14 0.02735595 
806 309 9 11 0.027302505 
416 335 9 11 0.027275672 
670 378 10 13 0.027225072 
440 357 10 14 0.02693486 
307 405 14 16 0.026740965 
281 375 10 12 0.026534947 
694 380 12 13 0.026472276 
784 327 9 11 0.026368914 
734 351 9 12 0.026290994 
733 340 9 12 0.025953703 
686 403 11 15 0.025381714 
828 357 10 13 0.02492509 
410 339 9 13 0.024705699 
793 379 12 15 0.024645885 
2 378 14 18 0.02461182 
336 397 8 10 0.024602858 
788 333 9 12 0.024593733 
566 415 9 13 0.02457869 
399 341 9 12 0.024566012 
491 362 12 15 0.024533026 
364 363 9 12 0.02450987 
638 363 11 13 0.024504775 
704 429 12 15 0.024438785 
918 302 9 13 0.024406735 
5 396 10 12 0.024282923 
501 347 10 13 0.024098143 
431 337 9 12 0.02348706 
743 342 10 13 0.023435175 
743 329 8 10 0.023122603 
168 372 9 11 0.022626383 
226 384 9 12 0.022219691 
719 381 15 18 0.022033447 
875 382 11 14 0.02182856 
500 328 10 13 0.021657705 
328 379 10 12 0.021633694 
807 335 9 12 0.021564165 
842 402 16 19 0.02145608 
913 325 9 13 0.021125967 
102 393 8 11 0.020938477 
670 355 10 13 0.02061204 
663 326 8 11 0.020542894 
751 348 9 13 0.020504907 
185 315 9 12 0.020402491 
167 367 9 11 0.02034929 
