0_Parade_Parade_0_239
39
500 375 33 41 0.9984078 
901 278 34 42 0.9983541 
394 286 33 37 0.997888 
505 291 31 35 0.9976447 
275 303 24 30 0.99727017 
707 291 23 32 0.9962127 
352 292 32 41 0.99310476 
746 288 34 41 0.9895103 
225 318 36 41 0.9894322 
879 325 35 42 0.9887215 
609 293 28 35 0.98605484 
855 309 14 18 0.7721215 
833 307 14 19 0.73265135 
704 258 11 15 0.34323663 
960 316 23 27 0.19187693 
6 299 10 13 0.16201779 
31 293 42 48 0.07624586 
844 307 21 25 0.075232245 
1011 308 13 25 0.06735628 
65 433 15 20 0.059293568 
482 276 20 30 0.0479877 
821 304 12 18 0.037459746 
66 381 15 22 0.033447593 
20 325 14 24 0.033177808 
992 244 9 12 0.032755718 
220 392 13 16 0.03141931 
255 0 38 30 0.028815083 
62 75 10 13 0.028563939 
984 235 36 61 0.027489282 
0 399 10 20 0.026423912 
51 299 15 19 0.026144095 
344 287 24 34 0.024751145 
672 281 13 18 0.024597194 
612 248 22 26 0.024059676 
995 252 12 18 0.022860829 
895 244 23 29 0.021645036 
2 69 8 13 0.021291941 
54 375 24 27 0.02046328 
53 379 15 17 0.020023288 
