0_Parade_marchingband_1_234
108
403 290 15 18 0.9951787 
612 322 15 20 0.99517125 
404 411 16 22 0.9939803 
555 312 16 20 0.9938355 
643 249 16 19 0.9937791 
667 322 17 21 0.9937611 
747 273 15 18 0.99328846 
434 313 16 20 0.9927529 
844 253 16 19 0.9914136 
318 260 15 18 0.990956 
582 415 16 22 0.9908925 
308 313 14 19 0.9907398 
671 211 13 16 0.9894958 
507 256 16 19 0.9894767 
785 319 17 22 0.98918086 
541 292 14 18 0.98765403 
334 411 16 21 0.98612463 
677 285 14 17 0.9856785 
525 415 15 20 0.9852191 
468 233 14 17 0.9841254 
646 411 16 21 0.9832254 
808 282 15 18 0.9797406 
470 402 16 23 0.97907376 
570 268 14 17 0.977982 
437 262 14 16 0.9765485 
367 308 16 20 0.9741037 
703 419 16 20 0.9719383 
702 256 14 16 0.967753 
208 421 15 19 0.96704894 
481 175 16 19 0.9627714 
469 310 13 17 0.96273077 
282 420 14 20 0.9600816 
401 217 13 16 0.9598199 
601 205 15 18 0.9577965 
285 295 14 17 0.95404136 
244 332 14 18 0.95303756 
490 311 14 18 0.9513973 
375 265 12 15 0.9492004 
217 293 15 20 0.9397128 
229 223 13 16 0.9384692 
343 281 14 16 0.9313414 
760 420 16 21 0.9306351 
864 303 14 18 0.93041337 
836 328 14 18 0.9297758 
531 224 13 16 0.9293409 
727 316 17 21 0.92790866 
293 232 12 15 0.91398555 
255 255 14 17 0.912613 
607 305 15 17 0.894575 
738 232 12 16 0.86351264 
776 255 14 17 0.8439719 
188 329 14 17 0.84053767 
554 165 14 18 0.8211974 
353 231 12 15 0.81731 
140 427 12 14 0.76676804 
644 218 11 14 0.7213975 
670 182 9 12 0.6971454 
716 284 12 14 0.4822029 
355 204 10 12 0.47326666 
318 229 9 13 0.45687735 
593 259 12 16 0.44697514 
530 266 12 16 0.40637845 
458 270 11 14 0.38966042 
204 294 12 16 0.2633859 
701 228 10 13 0.20930319 
404 191 9 11 0.16783483 
847 223 9 12 0.15964971 
363 289 14 16 0.14828426 
313 229 10 13 0.13922614 
731 254 12 15 0.1380719 
246 282 11 15 0.12606905 
612 268 12 16 0.11244477 
775 223 10 14 0.10683986 
766 281 12 15 0.10345799 
736 204 9 12 0.10153378 
559 290 12 15 0.089745924 
393 245 11 14 0.07922027 
809 251 10 14 0.073862486 
858 282 14 16 0.072452866 
590 236 11 14 0.07171516 
343 253 12 15 0.06423183 
433 228 10 14 0.0640359 
662 238 11 16 0.06345541 
564 169 13 16 0.060695115 
414 245 14 16 0.05494086 
694 282 12 15 0.051211752 
294 261 11 16 0.05022205 
237 191 8 11 0.049627747 
187 298 11 14 0.04687107 
426 285 12 15 0.045942146 
406 259 10 14 0.043921236 
675 252 11 15 0.03524621 
599 180 9 13 0.035031084 
741 205 9 13 0.031585827 
668 242 12 14 0.031524092 
256 223 11 14 0.02947279 
509 315 10 14 0.028650068 
295 206 9 11 0.027506828 
502 314 12 16 0.026465433 
853 221 9 12 0.026374755 
584 239 12 15 0.025224423 
454 251 12 15 0.024739878 
607 257 12 17 0.024296748 
613 236 14 17 0.022986427 
322 229 10 14 0.022575444 
653 218 11 16 0.021615857 
289 199 9 11 0.020209586 
780 226 11 15 0.020014863 
