0_Parade_Parade_0_664
335
15 339 35 38 0.99402446 
464 341 22 30 0.99293524 
939 336 25 30 0.9889647 
197 293 12 16 0.9852071 
618 341 20 27 0.98059547 
515 314 13 17 0.9756909 
658 320 17 23 0.9739212 
542 350 24 26 0.9697166 
211 314 21 26 0.9662682 
576 310 12 15 0.9650292 
463 300 14 18 0.96221304 
976 344 18 22 0.96193403 
843 325 19 24 0.96144086 
581 328 17 20 0.95855707 
124 323 22 26 0.956235 
489 326 19 22 0.95370585 
133 303 12 15 0.943496 
360 323 15 20 0.9303157 
411 335 18 23 0.9284207 
980 308 10 12 0.8667601 
129 278 9 11 0.85345626 
108 303 16 19 0.8514005 
424 309 9 13 0.84684384 
808 347 17 26 0.8187527 
784 326 13 16 0.7759363 
437 301 11 13 0.6999961 
739 333 13 17 0.68725765 
168 351 22 24 0.68181497 
672 313 13 18 0.67990696 
535 308 11 14 0.6363023 
231 296 11 13 0.6245245 
344 307 9 12 0.60590464 
921 309 9 11 0.5788792 
160 305 12 18 0.5427528 
34 308 16 19 0.52682024 
344 356 23 20 0.5107215 
211 299 11 14 0.49981472 
60 311 14 18 0.4742345 
725 296 9 11 0.47332022 
246 307 14 17 0.46385193 
492 305 11 16 0.46149024 
701 303 8 10 0.44090796 
882 356 21 20 0.4196467 
889 320 11 14 0.414394 
767 346 14 20 0.41416904 
88 288 9 10 0.40538836 
258 355 30 21 0.3888189 
657 302 9 11 0.38584498 
271 278 8 10 0.38173553 
872 326 10 13 0.33489016 
976 322 12 14 0.3149818 
1014 307 9 13 0.30898166 
724 357 15 18 0.30810404 
70 285 8 11 0.29489946 
356 306 12 14 0.2944359 
765 323 9 12 0.29242817 
357 295 9 11 0.29133874 
61 302 10 12 0.29123148 
1012 338 10 17 0.28418905 
632 311 9 12 0.27831212 
994 340 13 16 0.27759704 
311 283 10 13 0.27298898 
335 276 9 11 0.26684713 
327 291 12 14 0.26684573 
469 280 8 10 0.25936005 
1013 325 8 12 0.2520194 
252 310 16 23 0.24798948 
178 287 8 11 0.24766175 
707 331 14 17 0.24276754 
957 312 9 11 0.2409556 
700 309 10 12 0.23579727 
259 312 14 20 0.23405427 
936 318 11 12 0.20439686 
768 305 8 10 0.19775137 
998 302 9 11 0.18351041 
684 324 10 13 0.18056045 
303 281 9 11 0.17366874 
622 292 9 12 0.17275287 
895 308 8 10 0.1723726 
861 343 14 16 0.17039002 
682 301 8 11 0.16724761 
376 283 12 16 0.16270022 
556 293 9 11 0.15957405 
687 288 8 9 0.15658842 
351 307 10 13 0.15253063 
415 286 9 12 0.15114233 
0 328 11 19 0.14600983 
268 307 13 18 0.14309338 
792 316 10 11 0.14210501 
700 314 11 14 0.13946478 
621 288 9 11 0.13818541 
381 288 13 17 0.13577782 
750 302 10 12 0.13265403 
968 302 8 10 0.10918258 
979 318 12 14 0.107585855 
768 353 15 21 0.10652361 
935 322 13 15 0.102165185 
730 287 8 10 0.10020364 
223 277 7 10 0.09980662 
758 308 9 12 0.09970427 
502 301 10 12 0.09745628 
419 309 10 13 0.09662866 
388 294 11 13 0.094000764 
62 297 9 10 0.092997156 
639 314 10 14 0.09218886 
31 303 11 14 0.08836251 
528 302 9 11 0.08376684 
975 296 8 10 0.0828563 
159 354 21 23 0.08267618 
114 301 14 16 0.07672098 
247 276 9 11 0.07659282 
341 311 14 19 0.07469974 
916 342 15 18 0.07305141 
685 296 8 10 0.07304256 
1014 319 9 14 0.07221811 
752 294 8 10 0.07210447 
279 302 10 13 0.07191079 
560 318 10 13 0.07170295 
706 286 8 9 0.07109406 
872 303 8 10 0.07057544 
793 288 8 9 0.069672115 
165 324 11 14 0.06735117 
152 302 11 14 0.06679361 
517 331 15 19 0.06653542 
954 312 8 10 0.065409906 
181 290 10 13 0.06538438 
746 302 9 11 0.06524244 
498 307 11 15 0.063636266 
943 310 9 10 0.061014593 
382 315 11 17 0.06091907 
660 308 12 15 0.060659703 
151 294 9 11 0.059853755 
372 300 10 13 0.059403703 
285 302 14 18 0.058792535 
994 309 9 11 0.057667747 
942 296 8 9 0.056766167 
745 295 8 9 0.055830278 
368 283 10 13 0.053794038 
320 309 11 14 0.053250782 
776 288 8 10 0.05324523 
634 281 7 9 0.052606545 
136 319 16 20 0.052156854 
315 280 10 12 0.051739786 
928 285 8 10 0.051645946 
917 327 9 11 0.051525053 
353 303 10 14 0.051522017 
753 306 10 13 0.051163025 
277 307 13 17 0.050142866 
703 327 13 16 0.050132964 
824 296 7 10 0.047641575 
503 297 9 10 0.04654268 
1007 344 11 17 0.04610575 
267 279 8 9 0.046009682 
943 303 8 10 0.045694817 
836 361 19 15 0.044902153 
454 343 14 22 0.043997016 
937 313 9 10 0.043990456 
1007 295 8 11 0.04398742 
592 311 9 13 0.04353146 
598 323 12 17 0.04295883 
1009 333 11 16 0.042728703 
0 285 7 10 0.042617038 
1008 302 8 11 0.042597216 
1001 296 8 10 0.04230909 
379 280 13 16 0.042123366 
298 285 9 10 0.042037886 
81 296 7 9 0.041968815 
80 303 8 10 0.0418635 
66 310 13 16 0.040740352 
815 310 10 13 0.040549017 
15 311 9 11 0.0405407 
915 330 13 15 0.040452 
147 362 20 15 0.04025207 
526 307 11 15 0.039182413 
294 295 8 10 0.03867591 
878 318 8 12 0.03842981 
298 280 8 11 0.03826157 
884 339 15 16 0.03822895 
574 293 8 10 0.038171377 
966 333 11 14 0.038135346 
110 296 12 14 0.03786004 
390 299 11 12 0.03780503 
734 287 8 11 0.037498493 
204 293 12 15 0.037279114 
33 340 23 32 0.037276722 
624 311 9 11 0.037010036 
902 302 9 10 0.03700238 
645 310 9 12 0.036831394 
17 281 7 8 0.036810357 
822 301 8 10 0.036654845 
818 303 8 10 0.036474198 
617 309 9 10 0.036298122 
453 292 10 14 0.03629492 
738 361 19 16 0.03607877 
894 340 12 15 0.035923377 
880 301 8 11 0.035719268 
865 309 8 11 0.035634037 
744 288 8 10 0.03545447 
467 283 8 11 0.035399336 
117 295 11 13 0.035290677 
509 329 12 20 0.035161544 
227 299 10 13 0.03507811 
734 310 9 10 0.034165457 
228 302 14 18 0.034114424 
40 289 7 9 0.03376977 
777 294 8 9 0.033646747 
938 296 8 9 0.033258054 
252 295 10 11 0.033064034 
90 353 26 21 0.03300559 
670 302 8 10 0.032962874 
593 294 7 10 0.032937746 
441 278 7 10 0.03282654 
924 340 14 19 0.032759827 
258 338 16 18 0.0325963 
262 304 14 19 0.032525897 
607 296 7 10 0.032461055 
955 320 12 16 0.032299336 
782 311 8 10 0.03196529 
864 303 7 10 0.03195718 
442 299 12 18 0.031689655 
498 323 15 21 0.031612955 
481 301 10 13 0.031589538 
865 346 15 18 0.031567737 
858 297 8 9 0.031421732 
162 313 14 19 0.03134705 
92 292 8 11 0.030865083 
497 295 8 11 0.030773997 
13 301 9 12 0.030543402 
373 269 10 11 0.030543191 
255 277 8 10 0.030484462 
480 296 8 11 0.030083617 
775 309 9 10 0.02966602 
278 297 9 11 0.02964607 
813 315 10 13 0.02956965 
733 292 9 12 0.029380022 
878 333 11 13 0.029229043 
733 327 15 17 0.028844781 
289 296 9 11 0.028772486 
938 302 8 10 0.028607428 
864 334 11 16 0.028461892 
106 329 15 23 0.028446132 
528 298 8 9 0.028234052 
643 315 10 15 0.0279166 
518 310 18 25 0.027784253 
986 345 14 20 0.027657662 
58 295 7 10 0.027561078 
331 276 9 12 0.027475277 
810 323 11 16 0.027315354 
66 280 8 10 0.027227357 
633 305 7 9 0.027040266 
864 323 12 16 0.026841573 
577 289 7 9 0.026790485 
687 330 10 16 0.02672735 
968 326 9 12 0.026688578 
15 285 8 9 0.026488218 
386 313 14 19 0.02641556 
777 324 10 14 0.026273722 
13 316 9 12 0.026180742 
505 280 7 9 0.026142081 
402 329 22 30 0.025560856 
914 320 8 10 0.025488235 
255 273 8 10 0.025375426 
342 331 13 18 0.025326073 
340 277 8 11 0.025195712 
570 279 8 9 0.025173845 
382 299 13 15 0.025068466 
95 302 8 11 0.025053892 
322 292 10 13 0.025053473 
510 318 14 22 0.024948452 
601 294 8 11 0.024932148 
720 317 8 12 0.024800513 
902 309 8 11 0.024658393 
287 278 8 10 0.024657441 
900 324 9 12 0.024557596 
112 270 7 10 0.024544597 
900 340 12 14 0.024388805 
374 306 11 15 0.024338352 
964 338 12 16 0.024284344 
200 316 11 16 0.024029315 
8 297 7 10 0.024026198 
501 314 11 17 0.023991417 
570 295 8 10 0.023900952 
698 298 7 9 0.023852887 
977 304 9 11 0.023444824 
330 271 8 11 0.023437215 
857 309 9 12 0.023426905 
375 317 13 18 0.023421517 
966 310 8 10 0.023292033 
409 285 10 13 0.022912756 
25 302 10 12 0.022908445 
116 314 13 17 0.022908233 
38 278 7 9 0.022891397 
830 294 8 11 0.022849282 
761 320 10 12 0.022830049 
970 297 8 10 0.022760212 
260 331 14 17 0.022612501 
205 309 14 18 0.02255846 
809 317 10 14 0.022528615 
170 296 8 11 0.022374662 
281 262 7 9 0.022290468 
68 301 10 13 0.022261707 
909 340 16 17 0.022260692 
984 294 8 9 0.022159366 
842 294 7 10 0.02205996 
311 331 22 30 0.021979949 
449 293 9 14 0.021881523 
962 303 8 10 0.021867558 
399 310 10 12 0.02183153 
416 281 9 10 0.021795344 
31 297 9 11 0.0216223 
796 312 9 12 0.021570232 
338 308 11 14 0.02143184 
685 308 9 14 0.02140937 
857 302 9 10 0.021263432 
863 316 9 12 0.02110808 
239 313 13 19 0.02108546 
79 309 9 11 0.020972347 
493 313 14 20 0.020964043 
87 309 9 11 0.020934684 
870 308 8 11 0.020777976 
599 317 10 15 0.020729119 
992 294 8 10 0.020588748 
728 282 8 8 0.020583684 
905 286 8 10 0.020517647 
569 302 8 11 0.020445755 
289 308 16 21 0.020376956 
307 330 15 22 0.020309912 
773 303 9 11 0.020307178 
900 332 12 15 0.020278322 
113 280 8 9 0.020276016 
723 299 8 12 0.020267198 
558 312 10 12 0.020260748 
889 349 17 21 0.020146608 
82 287 7 9 0.020099135 
845 293 8 10 0.020045843 
