0_Parade_Parade_0_218
184
740 386 35 39 0.9988881 
928 622 11 13 0.8796424 
943 542 9 10 0.80648905 
918 549 9 10 0.5545538 
1006 602 11 14 0.4710916 
1014 535 8 13 0.43634805 
943 610 10 14 0.40831465 
6 552 9 11 0.37106115 
955 552 8 11 0.31489328 
967 545 8 11 0.25744042 
0 605 8 12 0.25613576 
39 558 8 11 0.23346294 
84 583 9 11 0.2179071 
870 495 8 11 0.20268598 
172 595 13 16 0.1935312 
238 610 12 14 0.19256286 
87 552 8 9 0.16225876 
172 638 11 13 0.15321742 
55 576 10 11 0.14727291 
922 582 8 10 0.1427491 
102 527 10 13 0.12350085 
102 564 8 10 0.123222254 
31 573 8 10 0.113757536 
142 558 13 15 0.110158205 
881 550 8 10 0.10715939 
52 605 14 16 0.103285365 
65 553 9 10 0.09815013 
173 589 12 15 0.09699415 
26 575 8 10 0.096071795 
166 650 12 15 0.09232689 
1010 598 12 15 0.09184471 
926 581 8 10 0.09069513 
929 601 9 11 0.09010973 
411 171 119 107 0.08600366 
160 647 10 13 0.08357292 
110 589 11 15 0.08225793 
85 588 9 12 0.07705565 
106 592 10 12 0.076167665 
848 217 10 14 0.07461126 
205 127 457 472 0.07394383 
860 528 11 17 0.073466666 
116 585 12 16 0.06797995 
38 582 8 10 0.06756576 
175 613 13 16 0.063145466 
896 556 7 10 0.06293694 
992 559 10 11 0.062359344 
34 567 8 10 0.061835796 
949 617 12 16 0.05761342 
974 580 9 10 0.056651074 
967 613 9 11 0.05638559 
269 580 9 12 0.053832665 
21 613 11 14 0.05337398 
936 606 9 12 0.05258462 
940 542 7 10 0.05257602 
24 598 10 12 0.052020337 
113 573 8 11 0.051763862 
113 543 10 12 0.051035192 
55 567 8 10 0.049982734 
200 666 12 15 0.049107604 
986 541 8 10 0.048787273 
905 582 8 10 0.04875066 
170 657 15 19 0.04867044 
880 544 8 11 0.048627965 
50 566 8 10 0.048272084 
1001 598 11 14 0.047578283 
22 606 10 12 0.047512654 
975 607 10 11 0.04717023 
48 560 8 10 0.046851687 
5 574 10 11 0.04662388 
40 553 8 10 0.046523158 
1 574 8 10 0.04647677 
8 581 10 13 0.04538598 
946 607 12 15 0.045338422 
50 575 10 12 0.043904588 
68 556 9 10 0.04382444 
870 540 10 13 0.043667726 
989 543 8 10 0.04233698 
912 603 9 11 0.04217717 
1014 527 8 14 0.042171527 
962 545 8 10 0.042125154 
102 517 10 11 0.04200415 
117 574 9 11 0.04178545 
255 623 11 14 0.04111452 
47 610 13 15 0.040863078 
928 533 9 10 0.04071729 
966 535 8 8 0.040630195 
937 612 9 13 0.040457986 
928 577 9 10 0.040232863 
983 537 8 10 0.039947044 
905 591 7 10 0.037255377 
929 558 8 10 0.037141822 
110 567 9 11 0.03705207 
904 577 8 9 0.035441037 
97 561 9 11 0.03490879 
28 590 10 13 0.03454486 
26 579 8 11 0.03439076 
73 581 10 12 0.03433162 
33 580 8 11 0.033513203 
59 579 10 13 0.033474486 
88 556 8 10 0.033444695 
16 613 10 13 0.032926574 
197 574 11 14 0.032914564 
888 566 9 11 0.032868613 
613 661 11 13 0.032755952 
28 613 11 14 0.03201706 
7 614 9 13 0.031651054 
998 532 9 11 0.031511996 
64 567 7 10 0.031496074 
54 560 8 9 0.03135213 
14 567 9 11 0.03043406 
102 574 10 13 0.030279836 
62 609 10 15 0.03015764 
5 621 10 13 0.030099705 
889 559 8 10 0.0300941 
289 628 11 12 0.030053163 
279 524 9 11 0.02999107 
999 558 9 11 0.029952029 
177 638 13 15 0.029454956 
16 575 7 9 0.029216874 
166 631 11 12 0.02911439 
895 575 8 10 0.028904483 
990 595 10 12 0.028825954 
17 621 11 13 0.028780611 
180 667 13 18 0.028621964 
80 623 25 27 0.028570367 
944 614 12 17 0.028258232 
875 628 12 15 0.028062118 
35 558 8 11 0.027471315 
911 582 7 10 0.027387986 
20 626 12 15 0.02691494 
166 641 21 24 0.026813172 
79 577 11 12 0.02679923 
1001 552 10 11 0.026758527 
17 607 10 13 0.026684185 
110 533 10 12 0.026561677 
960 607 9 12 0.026553355 
0 585 12 17 0.026515419 
286 605 8 11 0.026468508 
144 583 8 11 0.026361546 
147 562 11 14 0.026169857 
159 563 11 13 0.026169712 
51 629 12 15 0.02569421 
389 331 48 50 0.025595821 
207 572 9 12 0.024916817 
884 548 9 11 0.024748497 
945 566 8 10 0.024655204 
129 552 10 11 0.024610458 
171 665 16 20 0.023978462 
199 628 9 13 0.023898171 
686 526 8 11 0.023752425 
903 557 7 9 0.023685623 
242 605 12 16 0.023554144 
82 550 7 9 0.023502436 
910 533 8 9 0.023422629 
58 552 7 10 0.02330629 
361 668 11 13 0.023182947 
887 572 9 12 0.023102509 
95 580 10 12 0.02296684 
897 582 7 9 0.022889785 
841 571 15 19 0.022887144 
815 636 10 14 0.02250462 
1008 568 8 11 0.022405777 
879 555 8 10 0.022348685 
150 599 8 10 0.022339707 
108 560 10 11 0.022191392 
117 648 11 15 0.02193527 
950 537 7 9 0.021804778 
914 557 7 10 0.021744736 
916 599 8 12 0.021611989 
968 529 8 9 0.02136608 
934 580 8 11 0.021060321 
30 606 11 14 0.020991568 
166 573 10 12 0.02093183 
0 580 11 15 0.02092339 
128 528 8 10 0.020822693 
932 576 9 11 0.020787807 
172 632 11 13 0.020771306 
2 555 8 12 0.020750888 
39 605 11 15 0.020675011 
83 592 12 14 0.020642875 
144 587 10 13 0.020536069 
986 558 7 10 0.020390548 
273 559 6 9 0.020334437 
963 536 7 8 0.020002399 
