0_Parade_marchingband_1_881
60
52 234 11 16 0.9752694 
141 257 12 17 0.96852803 
886 193 23 36 0.90068394 
719 181 21 36 0.85980934 
639 161 18 31 0.8574255 
96 239 11 16 0.8443477 
227 213 10 13 0.825977 
185 213 10 13 0.7739417 
78 215 9 12 0.6453646 
279 206 10 13 0.63135004 
332 157 24 39 0.59022725 
7 214 12 17 0.5441533 
238 262 12 15 0.5405005 
196 300 13 17 0.29603374 
569 207 8 10 0.19936089 
160 212 9 12 0.19256854 
225 300 9 10 0.1434211 
1000 259 12 14 0.11322702 
315 163 29 37 0.10714928 
537 286 10 11 0.10620607 
851 193 32 35 0.099612586 
180 291 10 12 0.09782417 
23 243 13 16 0.08401694 
962 260 10 13 0.079232134 
798 217 8 10 0.07123294 
180 316 11 13 0.06538356 
24 221 9 11 0.06239267 
107 275 11 16 0.059035078 
192 296 9 13 0.05471748 
941 219 12 16 0.046546925 
222 313 13 15 0.04413844 
985 272 8 11 0.04100035 
732 181 39 50 0.037480973 
561 206 8 10 0.036242668 
300 186 14 17 0.032492816 
975 270 8 11 0.03059253 
181 278 11 12 0.029089961 
246 285 11 14 0.028564706 
257 206 9 12 0.028437661 
935 270 9 11 0.027384654 
176 276 10 12 0.027182125 
183 300 11 14 0.026848182 
876 195 16 25 0.025745839 
256 212 10 12 0.024773404 
971 271 7 10 0.024411382 
23 230 12 16 0.024302471 
89 199 11 13 0.024288274 
951 237 11 13 0.02315557 
26 236 12 16 0.022660892 
12 242 12 17 0.022438614 
166 253 10 13 0.022335729 
38 232 9 12 0.022256408 
149 320 10 11 0.022177644 
288 190 10 13 0.022076167 
255 292 9 12 0.022051325 
200 288 8 11 0.021785287 
969 278 8 11 0.021618186 
205 294 9 12 0.021544123 
6 239 14 20 0.020696895 
102 337 15 18 0.020077104 
