0_Parade_Parade_0_478
159
215 376 13 18 0.98115796 
909 477 13 16 0.955112 
839 475 15 21 0.9233677 
117 349 10 12 0.68015623 
309 415 14 22 0.45010415 
203 422 16 25 0.4337447 
654 447 10 14 0.35334963 
445 407 10 10 0.3497996 
204 393 14 17 0.34896228 
573 428 10 12 0.26475045 
474 423 8 10 0.25606927 
151 381 12 15 0.23464921 
8 374 12 16 0.20628953 
259 396 14 17 0.20000783 
803 458 10 14 0.17178318 
89 376 10 12 0.15227278 
761 462 9 12 0.15218021 
631 452 10 12 0.14882386 
633 471 11 13 0.14485353 
261 391 10 11 0.14309345 
19 364 16 18 0.13790493 
751 491 11 17 0.1373565 
365 420 12 17 0.13672614 
691 459 11 15 0.13334645 
374 422 11 15 0.13123709 
722 461 8 11 0.13079044 
137 348 10 14 0.11865735 
734 474 10 12 0.115898 
201 389 12 15 0.1111536 
817 463 9 13 0.110014975 
416 428 10 12 0.10501505 
93 377 11 15 0.09573449 
174 379 9 12 0.094475195 
191 380 11 15 0.09139105 
536 423 9 11 0.0876167 
613 448 8 10 0.08593236 
815 468 10 13 0.07956328 
21 357 13 15 0.076805815 
85 404 10 12 0.07478034 
191 236 14 17 0.07205897 
489 423 8 10 0.07162927 
678 447 8 10 0.06767144 
730 476 9 11 0.061756574 
767 454 10 12 0.06106518 
44 375 10 12 0.058540218 
778 460 8 11 0.05734558 
553 439 8 10 0.056909706 
70 373 10 12 0.05555653 
28 355 12 14 0.05512197 
754 497 14 16 0.054603674 
593 433 7 10 0.054224916 
575 478 8 9 0.053748135 
326 399 10 10 0.052956294 
158 374 10 12 0.05161059 
775 456 9 12 0.051205378 
15 358 13 15 0.050740402 
197 381 10 14 0.049186 
198 206 8 10 0.048871763 
268 398 11 14 0.046036936 
440 415 8 10 0.044951513 
822 461 9 11 0.0439897 
99 379 13 18 0.043448362 
523 436 7 10 0.042117674 
458 417 7 9 0.041888535 
25 368 15 17 0.041780867 
439 423 8 9 0.040281 
542 422 9 12 0.03978421 
591 487 8 10 0.039683394 
561 439 7 10 0.039559137 
607 453 8 10 0.03894745 
726 457 8 10 0.038640663 
561 430 7 9 0.038235627 
170 380 9 13 0.036331512 
359 422 15 20 0.036084276 
357 411 16 19 0.03593321 
101 385 14 19 0.03507825 
464 424 7 9 0.034624454 
568 460 9 12 0.03416318 
597 470 9 11 0.034059707 
543 414 8 10 0.033789508 
527 408 7 10 0.03355772 
614 468 10 12 0.03317015 
417 415 8 9 0.032187432 
320 397 9 12 0.032019366 
544 409 8 10 0.031688496 
745 490 10 17 0.031686805 
792 454 8 11 0.031575825 
674 446 8 12 0.03058973 
738 470 12 13 0.030485785 
526 432 8 10 0.030097071 
780 484 12 17 0.029956963 
421 457 10 14 0.02983287 
615 480 8 10 0.029756185 
553 432 7 10 0.029225226 
613 484 9 12 0.029023802 
853 481 12 18 0.028707946 
325 404 12 13 0.028667524 
626 453 9 11 0.028601198 
79 389 9 12 0.028591882 
599 463 9 11 0.028560169 
560 425 8 10 0.028457068 
144 380 15 18 0.028337305 
122 347 11 13 0.02814771 
332 399 9 10 0.027724307 
118 379 13 18 0.026940636 
678 500 12 14 0.02690178 
593 438 8 10 0.02662875 
679 460 10 14 0.026610505 
624 479 7 10 0.026357397 
566 438 8 10 0.026347123 
81 383 7 11 0.025814652 
474 418 8 9 0.02575377 
551 496 9 11 0.025480669 
608 486 10 12 0.025381312 
310 405 14 23 0.025193056 
736 438 8 11 0.02500338 
672 484 10 13 0.02498387 
538 415 8 11 0.02479138 
262 385 9 12 0.02472156 
65 374 9 12 0.024348585 
481 439 8 10 0.024278827 
373 417 10 13 0.024192939 
71 382 10 11 0.023953661 
832 470 10 15 0.023723079 
81 397 9 12 0.02345178 
472 427 9 11 0.023315296 
46 396 10 12 0.023302775 
316 404 13 19 0.02315381 
609 470 8 11 0.023075137 
702 454 10 13 0.022861158 
418 424 9 11 0.022749962 
208 380 11 14 0.02268772 
721 456 8 11 0.022665223 
139 343 11 15 0.022617966 
18 378 12 14 0.022369009 
783 455 8 11 0.022154035 
727 448 8 10 0.02181218 
479 417 7 9 0.021677073 
608 481 9 11 0.021672413 
678 453 9 11 0.021571536 
569 487 9 11 0.021524472 
608 515 11 13 0.021334676 
45 389 10 13 0.02130801 
571 455 10 12 0.021193776 
599 440 8 10 0.021088278 
568 425 9 11 0.020868797 
760 456 10 11 0.020841932 
325 392 11 12 0.020828888 
568 446 7 10 0.020791909 
55 390 8 11 0.020720843 
709 454 9 12 0.020519277 
183 380 12 14 0.020450067 
489 417 7 9 0.020389268 
479 429 8 10 0.020304931 
464 429 8 10 0.020300029 
57 383 8 11 0.020269567 
614 451 8 11 0.020192092 
638 448 8 11 0.020114696 
553 480 8 10 0.020056816 
