0_Parade_Parade_0_461
52
498 188 128 166 0.9145658 
130 172 27 39 0.19882368 
97 217 31 33 0.16749671 
359 254 85 111 0.10524332 
27 131 16 19 0.1011314 
111 143 23 31 0.0766972 
24 260 21 30 0.0733709 
121 59 17 23 0.073325336 
84 220 45 56 0.07091652 
8 103 17 20 0.06584039 
0 33 16 21 0.058015287 
156 146 36 46 0.05590551 
124 182 33 51 0.046689097 
109 56 25 30 0.046083998 
162 221 28 39 0.04546047 
12 67 11 13 0.042900875 
134 153 11 16 0.040686555 
109 195 41 55 0.03773067 
136 139 50 67 0.037637323 
103 1 25 31 0.0374493 
139 156 11 15 0.03706026 
452 34 15 20 0.035856772 
216 0 30 24 0.033661604 
123 119 79 110 0.032343198 
90 206 29 35 0.032078676 
122 148 18 24 0.031004982 
101 0 17 20 0.030231232 
99 273 27 33 0.029495904 
30 32 13 18 0.029083688 
138 187 31 45 0.028925786 
114 1 16 21 0.02877969 
226 194 26 30 0.02839397 
141 82 15 20 0.028017843 
436 1 17 19 0.027805056 
18 447 172 166 0.026366644 
406 20 55 73 0.025530575 
251 188 18 24 0.025429878 
0 208 17 21 0.02515924 
1 163 16 19 0.024112565 
152 380 198 221 0.024078038 
152 198 26 39 0.023931095 
419 16 16 20 0.023572028 
126 150 23 33 0.023379158 
59 115 18 20 0.021862091 
484 72 215 304 0.021804197 
453 0 12 11 0.021754064 
479 14 13 17 0.021675384 
26 693 13 15 0.021599194 
147 167 32 39 0.020780476 
118 167 30 37 0.02065975 
6 63 13 16 0.020449575 
229 162 46 60 0.020180654 
