0_Parade_marchingband_1_759
27
495 138 50 64 0.999328 
629 114 60 79 0.9993104 
368 22 50 62 0.99881375 
567 135 59 70 0.998811 
138 148 48 59 0.9976635 
339 126 46 57 0.99736446 
136 48 49 59 0.9971886 
171 3 48 62 0.9971124 
305 20 45 58 0.9968458 
8 33 36 47 0.99598074 
54 41 36 46 0.9958126 
88 18 38 50 0.99077344 
226 14 31 51 0.97953874 
406 131 45 54 0.97937334 
66 34 37 46 0.2538884 
3 25 26 43 0.22810397 
65 2 25 29 0.088582166 
31 20 27 37 0.07890975 
205 91 44 50 0.06960553 
0 23 14 29 0.05673589 
68 0 16 14 0.0455192 
979 9 46 83 0.03192756 
694 557 11 12 0.031797994 
284 122 32 37 0.022518646 
186 96 48 52 0.021619124 
297 31 30 46 0.021563834 
53 192 26 34 0.020574389 
