0_Parade_Parade_0_429
32
392 227 112 143 0.999747 
608 242 96 123 0.99966335 
152 260 107 127 0.99959594 
227 49 16 19 0.18413997 
178 113 14 16 0.18157507 
181 134 12 14 0.17859726 
345 19 17 21 0.17541014 
24 179 17 19 0.11576682 
77 175 16 20 0.09317624 
328 27 13 21 0.08857006 
78 242 18 22 0.086432196 
230 114 13 17 0.0828725 
352 26 17 18 0.07761066 
72 115 16 19 0.06763459 
19 116 14 18 0.05832072 
69 45 15 20 0.05554329 
168 0 20 15 0.050644826 
122 44 15 19 0.050170965 
63 62 9 12 0.04656439 
355 0 21 14 0.04471579 
174 48 16 20 0.04013717 
73 69 14 15 0.03254589 
376 88 12 14 0.031169176 
112 0 23 18 0.030060396 
186 132 11 13 0.0259327 
387 37 14 18 0.025448883 
347 2 29 27 0.025338119 
58 63 9 13 0.02427785 
190 128 9 12 0.023009695 
221 0 17 12 0.020979818 
131 178 15 20 0.020150153 
1 0 33 30 0.020034079 
