0_Parade_marchingband_1_410
1353
695 485 29 41 0.99794286 
565 468 23 35 0.99763775 
875 451 31 43 0.99713755 
464 486 23 35 0.99247324 
685 323 12 15 0.9889131 
276 436 12 16 0.9873109 
312 480 21 30 0.98625606 
385 481 21 29 0.97960633 
176 259 11 14 0.9783263 
17 502 17 23 0.9757076 
653 398 12 16 0.9740375 
885 317 10 13 0.97384655 
660 220 11 15 0.9736342 
221 480 21 30 0.97294146 
828 301 11 14 0.97283125 
338 466 16 19 0.97058 
823 108 10 12 0.96976256 
469 131 11 14 0.9692303 
838 318 11 13 0.9682537 
568 378 13 16 0.9663449 
237 339 12 15 0.9629104 
652 319 10 13 0.9618455 
474 79 9 12 0.9612753 
165 381 10 14 0.9612124 
88 503 19 27 0.96044016 
266 480 14 18 0.95898956 
917 48 10 12 0.95843935 
359 316 11 15 0.9579689 
48 132 11 14 0.9576007 
331 450 14 18 0.9574324 
664 332 12 15 0.946928 
892 71 10 13 0.9465572 
39 111 11 14 0.94606566 
141 486 13 18 0.94595844 
178 494 17 26 0.9427368 
96 53 11 13 0.9417695 
824 341 12 15 0.94133085 
670 471 14 19 0.93836105 
390 413 11 15 0.9376289 
230 426 11 14 0.937324 
736 123 10 14 0.936029 
1011 341 11 15 0.93594015 
399 6 10 13 0.9336155 
810 275 12 15 0.9328084 
902 338 11 15 0.93122995 
608 339 10 13 0.9285904 
783 226 11 14 0.92753786 
704 191 11 14 0.92304265 
37 346 13 16 0.9226855 
599 62 9 12 0.92092335 
839 133 9 12 0.91834474 
939 27 11 14 0.91772103 
28 311 12 14 0.9171352 
862 211 11 13 0.9164057 
60 463 13 15 0.91639084 
742 197 10 12 0.9158941 
846 281 12 14 0.91182435 
609 393 12 15 0.90928006 
727 350 13 16 0.90402734 
262 77 11 13 0.90340745 
126 462 12 16 0.90285176 
326 28 9 13 0.90201616 
199 217 12 15 0.90142345 
182 178 12 15 0.90056956 
129 37 10 12 0.8995575 
404 348 13 16 0.89923424 
117 215 10 13 0.8965874 
192 12 12 15 0.8959339 
928 245 11 15 0.8959164 
313 414 11 14 0.8943817 
999 277 13 16 0.88962287 
208 39 12 16 0.88920367 
255 315 11 14 0.8877879 
801 318 11 15 0.88500196 
95 179 11 14 0.8838705 
350 412 13 16 0.8835742 
867 445 15 20 0.8834777 
566 334 12 16 0.8822903 
222 75 11 13 0.8817537 
797 483 15 24 0.8817232 
791 378 12 15 0.8816653 
245 447 11 14 0.8814339 
249 35 11 14 0.8804927 
110 314 11 14 0.8795322 
942 134 9 11 0.87093306 
966 299 11 15 0.86580783 
492 114 10 14 0.8610878 
750 281 12 15 0.85701364 
38 229 10 13 0.8566248 
454 40 11 13 0.8538123 
657 68 9 12 0.85289156 
324 318 13 15 0.8514499 
807 134 10 13 0.8513815 
170 463 14 17 0.8507501 
210 238 12 14 0.85008776 
182 76 9 12 0.84994245 
144 269 10 13 0.8478349 
897 213 9 13 0.8469672 
537 68 11 14 0.84136856 
142 49 11 14 0.8403839 
941 216 12 14 0.83986074 
168 229 11 14 0.8396914 
356 22 12 16 0.838073 
262 253 11 14 0.8366695 
847 204 9 11 0.8334391 
809 88 9 11 0.83210516 
587 156 10 13 0.83021724 
237 14 12 15 0.8298672 
777 95 9 11 0.8260295 
266 331 11 14 0.82433975 
996 444 12 17 0.8217444 
547 151 11 14 0.81797457 
20 87 11 12 0.8088468 
656 445 12 14 0.8082209 
471 26 11 14 0.8075273 
557 59 10 13 0.80237436 
167 314 12 14 0.8010756 
140 367 10 14 0.7994538 
678 263 10 13 0.79897606 
663 123 9 12 0.79219574 
237 295 12 15 0.7866328 
75 84 11 14 0.7861738 
658 174 10 12 0.7859585 
693 123 11 13 0.7846946 
833 176 10 13 0.78120124 
285 113 10 14 0.78026956 
497 316 11 15 0.7717698 
983 140 10 12 0.7704535 
23 219 11 14 0.7638652 
419 44 10 13 0.76379156 
214 311 12 14 0.7587783 
122 335 12 15 0.751473 
454 7 10 13 0.74999046 
262 146 11 13 0.7478616 
64 69 10 13 0.7450342 
792 300 10 14 0.7432549 
968 335 12 14 0.74034405 
630 289 11 14 0.73145217 
569 172 10 12 0.7314285 
156 219 11 14 0.721649 
310 336 12 17 0.7214939 
244 124 9 12 0.71689373 
87 212 13 16 0.71643066 
776 334 11 15 0.712396 
638 335 11 15 0.710226 
137 389 11 14 0.71002614 
382 79 10 12 0.70893425 
0 108 9 14 0.70713043 
139 178 11 15 0.7064075 
145 75 10 13 0.70110726 
680 157 10 13 0.69864047 
872 0 10 11 0.6925735 
228 138 10 14 0.6889801 
601 323 10 14 0.6868292 
203 377 12 15 0.68013555 
73 311 11 14 0.67917496 
615 7 8 11 0.6723888 
133 513 18 18 0.6674823 
240 217 12 16 0.6654861 
413 435 13 17 0.663983 
869 31 10 12 0.6610581 
639 62 10 13 0.6599445 
48 488 13 17 0.6519344 
721 162 11 13 0.6447001 
821 204 8 11 0.64110947 
358 86 9 11 0.6387883 
241 239 12 15 0.6354256 
716 67 9 13 0.6257981 
686 68 9 12 0.6250725 
285 150 10 12 0.62177175 
784 188 10 13 0.61835665 
98 146 11 14 0.6182945 
942 192 8 11 0.6182314 
100 419 10 13 0.6162473 
577 113 10 14 0.61485344 
982 214 10 13 0.60907197 
509 77 9 13 0.6042684 
220 468 15 19 0.60205024 
446 319 11 15 0.6010361 
603 76 11 13 0.5959415 
337 285 11 15 0.5912802 
645 9 11 14 0.58834493 
88 336 11 13 0.5841871 
627 222 12 15 0.5831808 
14 136 13 16 0.58203214 
175 152 11 13 0.58112055 
27 327 12 15 0.5804444 
932 122 10 13 0.5780245 
742 264 11 14 0.57588094 
965 248 10 12 0.5721508 
809 166 10 13 0.56799906 
639 100 10 13 0.56312203 
127 232 10 13 0.56310457 
1008 179 10 13 0.55281657 
253 383 11 14 0.5463744 
769 122 11 14 0.5460469 
14 316 10 13 0.5452038 
502 137 11 14 0.5445536 
272 270 12 14 0.5442136 
0 164 7 12 0.5434234 
577 23 10 13 0.5366238 
504 7 10 12 0.5349719 
924 283 11 14 0.53158945 
160 419 10 12 0.5224379 
915 322 11 14 0.51661175 
543 24 10 12 0.50892365 
127 12 10 13 0.5021734 
1006 156 9 12 0.5008844 
937 193 9 12 0.4990654 
139 147 11 13 0.4961657 
784 7 9 11 0.49161783 
966 173 9 12 0.48601872 
548 40 9 12 0.48324007 
969 120 9 11 0.48127344 
274 409 12 15 0.47813764 
225 44 10 13 0.4760395 
576 131 10 13 0.47589257 
49 32 10 13 0.475266 
27 72 10 12 0.47469923 
169 30 10 14 0.47270042 
609 172 10 13 0.46260807 
147 289 12 14 0.4535653 
984 414 13 16 0.4528375 
802 204 8 11 0.45152372 
508 28 9 12 0.44742978 
938 6 8 11 0.44424456 
57 403 11 14 0.44236487 
647 416 13 17 0.44138798 
600 293 9 12 0.44066107 
0 20 7 11 0.43425128 
646 289 12 14 0.42886925 
380 132 11 13 0.42782438 
31 0 9 10 0.41506353 
841 83 11 14 0.41271597 
983 0 10 10 0.41185716 
16 24 8 10 0.40678796 
928 304 10 13 0.4034191 
740 156 10 13 0.40292603 
836 -1 11 10 0.3996567 
388 98 11 14 0.39958 
113 451 11 14 0.39755288 
805 397 11 14 0.3859893 
469 414 9 12 0.38492802 
77 14 9 11 0.3847178 
653 279 9 12 0.37877584 
957 160 9 11 0.37791693 
437 260 12 15 0.37498066 
421 99 11 13 0.37426895 
112 4 8 11 0.37246788 
932 72 9 12 0.3693007 
435 420 12 15 0.36808532 
864 133 8 11 0.36681288 
330 125 9 11 0.36673036 
616 118 9 12 0.36618376 
975 436 14 19 0.36517632 
218 127 9 13 0.3586068 
416 323 10 12 0.35600424 
887 199 9 11 0.3559339 
753 94 9 11 0.35059732 
221 326 12 15 0.34889665 
379 466 15 18 0.3471343 
286 71 10 12 0.3450632 
436 132 9 12 0.3416013 
320 13 11 13 0.3405687 
75 244 14 18 0.33812365 
57 54 10 13 0.33761024 
788 112 9 11 0.33504385 
617 68 10 12 0.33457944 
965 285 11 13 0.3344193 
44 430 10 13 0.33302414 
841 30 9 11 0.3324808 
663 155 9 12 0.32999507 
854 76 8 11 0.3295776 
452 450 10 14 0.3225941 
1 208 10 12 0.32178783 
217 255 11 15 0.3198124 
359 108 9 11 0.31847078 
340 429 11 15 0.3125271 
346 118 9 12 0.3124267 
45 12 9 12 0.30970433 
519 322 10 13 0.30859163 
254 0 11 10 0.3081207 
179 54 12 14 0.30653802 
21 55 8 11 0.30448586 
905 43 9 12 0.30365378 
216 419 11 14 0.30346662 
594 175 9 12 0.29173693 
229 404 9 11 0.2880506 
562 30 9 12 0.28434417 
421 460 13 16 0.2785588 
16 195 10 13 0.26623443 
80 213 12 14 0.26521873 
638 150 9 11 0.26371217 
304 439 12 15 0.26301196 
304 48 9 12 0.26261407 
64 230 11 13 0.2620961 
124 176 10 13 0.25738156 
356 0 11 10 0.2562241 
158 15 9 11 0.25053975 
112 383 10 13 0.24744265 
914 220 8 12 0.24743575 
631 159 9 12 0.24507156 
837 55 9 12 0.24405587 
852 264 9 13 0.24230224 
870 131 9 12 0.24080676 
885 262 10 12 0.24040547 
908 0 9 9 0.23883119 
80 462 10 11 0.23288627 
429 10 10 13 0.23114677 
493 55 9 12 0.22896853 
488 71 11 13 0.22819917 
32 228 10 14 0.22800583 
197 109 10 13 0.22782688 
724 275 12 15 0.2257165 
660 50 11 13 0.22459126 
926 214 9 12 0.22458313 
446 365 10 13 0.22433044 
298 218 14 16 0.2156549 
643 61 11 14 0.21534881 
570 434 13 15 0.21382788 
379 253 13 16 0.213334 
558 397 10 14 0.21275544 
524 177 11 15 0.21217547 
881 375 9 12 0.21170181 
519 172 13 16 0.2109646 
845 78 11 13 0.21067993 
806 270 13 17 0.20877919 
853 166 8 11 0.20800154 
584 348 11 13 0.2064738 
896 139 9 12 0.20529748 
637 472 13 17 0.2050658 
390 39 12 15 0.20319727 
942 56 11 13 0.20178454 
347 352 13 16 0.19696963 
0 306 10 14 0.19682935 
281 375 9 13 0.19613892 
309 166 10 12 0.1937227 
167 72 9 12 0.19158389 
751 401 13 16 0.18935968 
190 454 9 11 0.18892467 
605 320 10 13 0.18797188 
884 46 10 13 0.18786797 
839 244 9 12 0.18659103 
62 61 11 15 0.18410519 
480 381 10 13 0.18365504 
768 281 11 15 0.18303923 
533 522 16 23 0.18297082 
24 46 8 11 0.18249385 
423 94 11 14 0.1799173 
495 460 14 17 0.17951661 
419 188 12 16 0.17713997 
332 77 10 11 0.17619051 
907 278 10 12 0.17484446 
263 382 9 13 0.17271112 
160 110 8 11 0.17238446 
993 181 8 10 0.17144121 
119 24 9 12 0.16860755 
182 139 10 13 0.16395971 
81 485 10 15 0.16384506 
947 250 11 15 0.16328295 
932 284 10 13 0.16282283 
158 21 10 13 0.16180487 
288 94 10 13 0.1612358 
93 103 10 13 0.1608688 
932 352 10 13 0.15980114 
637 134 9 12 0.15869404 
64 133 9 14 0.15739048 
961 171 9 13 0.15328701 
555 173 10 14 0.15238816 
335 259 10 13 0.15190382 
24 432 8 11 0.14729701 
398 323 11 15 0.14721788 
671 149 9 11 0.14716478 
765 418 11 15 0.14708193 
352 168 10 12 0.14690758 
200 420 8 12 0.14554687 
111 111 9 11 0.1441974 
523 319 11 13 0.1440689 
405 46 9 12 0.14399278 
638 110 10 12 0.14319871 
383 148 11 14 0.14303522 
311 188 10 12 0.14213188 
536 22 9 11 0.14045297 
966 83 10 13 0.14036417 
805 263 11 14 0.14022405 
878 134 9 12 0.14018154 
8 471 9 12 0.13963005 
929 176 9 11 0.13880996 
920 215 10 12 0.13497765 
614 377 13 16 0.13456608 
212 144 9 12 0.13322318 
704 125 8 12 0.13312496 
336 47 9 12 0.13271147 
477 374 12 15 0.13137445 
423 143 12 13 0.13049518 
277 316 12 14 0.13001604 
-1 263 8 14 0.12903251 
120 124 9 11 0.12817542 
589 0 8 8 0.12743191 
3 367 11 13 0.1258262 
89 32 8 11 0.12482097 
133 135 10 11 0.12446148 
551 0 8 7 0.12439177 
334 120 8 11 0.1239655 
626 449 15 20 0.12339706 
46 71 10 12 0.123148635 
549 414 9 13 0.12313735 
764 362 11 15 0.12302823 
513 322 10 14 0.1222409 
78 20 9 12 0.12221988 
882 278 9 13 0.122126475 
181 349 8 12 0.12104117 
294 117 9 12 0.12040528 
396 70 11 13 0.1197731 
225 134 11 14 0.118044764 
869 180 9 11 0.11790627 
628 442 14 18 0.11714875 
967 168 9 12 0.116765514 
711 117 9 12 0.115422666 
141 23 9 11 0.11215397 
26 437 8 10 0.1120739 
68 0 9 10 0.11161793 
127 119 8 11 0.11135485 
471 0 8 9 0.10974117 
0 469 9 12 0.10926722 
609 123 8 11 0.10890105 
711 112 9 11 0.1085648 
153 178 9 12 0.10840637 
126 513 15 19 0.108156405 
789 183 10 13 0.10786762 
878 140 9 11 0.10765064 
104 382 8 11 0.10667487 
903 284 9 12 0.105171986 
650 283 12 15 0.10512052 
889 128 9 11 0.105115496 
969 28 10 12 0.10455151 
7 130 11 15 0.10446109 
766 200 9 11 0.10430753 
228 77 9 12 0.103881426 
805 414 12 15 0.10372293 
392 342 10 13 0.10365577 
566 24 9 11 0.103061184 
585 312 9 11 0.102299914 
376 244 13 16 0.10116803 
913 132 9 12 0.10088226 
824 141 9 11 0.10040935 
245 174 9 11 0.0993302 
626 159 9 12 0.09882494 
1015 381 9 16 0.09877806 
678 151 10 13 0.097999394 
53 6 9 12 0.09773879 
165 110 9 12 0.09757651 
896 287 10 11 0.09680766 
47 8 10 13 0.09645433 
255 143 9 13 0.09565596 
245 407 10 13 0.09489949 
364 85 9 12 0.0947726 
30 406 9 12 0.09458961 
972 123 9 12 0.09411682 
807 201 9 11 0.094099745 
137 144 10 12 0.093562305 
710 349 9 13 0.093356185 
229 411 11 14 0.09319503 
788 6 8 11 0.09196526 
1007 263 9 11 0.09187921 
89 22 8 11 0.090679385 
134 113 8 11 0.09047559 
880 49 10 13 0.09037718 
341 63 9 12 0.089569174 
175 365 10 13 0.08888178 
131 464 13 16 0.088697806 
552 110 9 12 0.0880604 
21 237 10 12 0.08801922 
974 387 10 12 0.08686481 
541 182 11 13 0.08665935 
496 58 8 12 0.086234026 
811 396 12 18 0.08619249 
39 180 9 11 0.08618217 
859 213 9 13 0.08581828 
765 168 9 12 0.08579769 
634 149 9 11 0.085670166 
1 428 8 12 0.085399404 
525 387 9 11 0.08445039 
710 379 13 17 0.08429517 
220 414 11 15 0.083280005 
654 10 11 13 0.08286316 
670 104 8 11 0.08284948 
49 174 10 13 0.082520165 
889 133 8 10 0.082477115 
42 342 12 15 0.08215853 
212 12 9 12 0.082143046 
192 302 9 12 0.08200384 
716 326 11 13 0.08101755 
691 221 12 14 0.080866046 
103 102 9 12 0.08045843 
617 113 10 11 0.079865806 
96 14 8 11 0.07970723 
857 157 9 12 0.07966969 
978 140 10 12 0.07869825 
635 62 10 12 0.07867659 
440 71 9 11 0.07830066 
631 181 9 12 0.07811606 
613 96 9 12 0.07779406 
103 376 8 10 0.077636704 
835 419 14 16 0.077471666 
308 51 10 13 0.077368304 
445 77 8 11 0.07696798 
838 260 9 12 0.076490805 
415 85 9 12 0.07643869 
61 215 9 12 0.07627591 
1013 50 9 14 0.07602328 
132 414 12 14 0.07492162 
54 387 10 12 0.07481576 
772 516 11 16 0.074814424 
991 205 9 12 0.07436621 
534 412 8 12 0.07395277 
710 124 9 13 0.07383926 
686 111 9 10 0.07307672 
632 176 9 11 0.07230682 
484 283 12 16 0.07222186 
702 283 10 12 0.072127745 
476 352 10 12 0.071757756 
757 387 10 15 0.07167012 
889 142 8 10 0.07096436 
280 4 11 13 0.07036534 
638 142 9 12 0.07003663 
861 155 9 13 0.06994379 
0 334 10 15 0.069738865 
506 24 9 12 0.069006585 
492 75 10 13 0.06888356 
70 236 11 15 0.0687308 
869 94 9 12 0.068699956 
118 515 13 18 0.06868888 
518 46 9 12 0.0683995 
54 0 9 11 0.06795179 
470 316 9 11 0.06782602 
455 1 11 12 0.067529425 
862 428 9 13 0.067391895 
926 388 14 22 0.0673448 
670 124 9 12 0.0672991 
528 221 10 12 0.06712422 
302 111 9 11 0.067091204 
968 179 9 12 0.067039214 
621 65 8 11 0.06697598 
206 420 9 14 0.066934414 
900 136 9 12 0.06675264 
862 140 8 10 0.066071756 
486 334 10 14 0.06598846 
1005 472 18 36 0.06587524 
239 78 9 12 0.065814026 
54 447 9 11 0.065717936 
57 214 9 11 0.065667436 
599 67 10 13 0.0653014 
171 474 14 17 0.06527728 
101 398 9 12 0.06507748 
162 356 9 11 0.06456516 
285 174 10 11 0.06451357 
102 14 9 10 0.06442692 
653 373 11 14 0.06422672 
255 411 9 12 0.06405979 
1000 175 9 11 0.0640172 
177 141 10 11 0.063861355 
859 135 8 11 0.06384028 
752 6 8 10 0.06382876 
493 364 9 14 0.06337555 
119 54 9 11 0.06330493 
637 327 11 14 0.06330343 
1015 142 8 12 0.06307942 
677 125 8 11 0.06279156 
2 405 9 12 0.062112343 
333 159 9 12 0.06191371 
0 6 8 11 0.061739452 
497 134 11 14 0.06132348 
843 205 9 12 0.061220925 
530 15 8 12 0.061073195 
103 484 12 15 0.06081484 
85 0 9 10 0.06053867 
104 71 11 14 0.059996083 
926 220 9 12 0.059928965 
1014 267 8 12 0.059721466 
76 399 10 13 0.05948307 
13 469 9 12 0.059100304 
1000 243 9 12 0.058875825 
533 16 9 11 0.05886576 
887 231 9 11 0.058790803 
599 302 9 11 0.05876893 
313 383 10 14 0.05861168 
688 37 9 11 0.058375135 
80 89 11 13 0.057869334 
688 118 9 12 0.05758959 
155 521 16 23 0.05736969 
696 104 9 11 0.057289056 
0 424 8 12 0.05715429 
135 31 9 12 0.057046693 
638 157 8 11 0.05693798 
63 431 9 11 0.056467727 
153 14 9 12 0.05627366 
566 319 7 10 0.05604795 
754 452 18 25 0.05596332 
0 464 8 12 0.055944886 
414 77 9 12 0.055864125 
1012 176 9 12 0.055768657 
188 75 10 13 0.055362847 
493 213 10 12 0.05532356 
201 134 9 12 0.0551747 
431 415 13 16 0.055160258 
672 435 13 18 0.054999262 
838 214 9 11 0.054812554 
93 21 8 11 0.05468926 
517 71 9 12 0.054468527 
120 247 9 13 0.05446566 
660 7 10 12 0.05441139 
500 455 13 15 0.054267995 
262 213 12 15 0.054114264 
63 127 9 12 0.053991877 
982 45 11 13 0.05374433 
29 400 9 11 0.053591184 
301 374 9 12 0.053499732 
672 198 10 12 0.053378075 
709 0 11 12 0.053109635 
103 39 10 13 0.05309107 
92 36 10 12 0.053001877 
70 438 9 11 0.05277021 
677 277 10 12 0.05273367 
52 100 9 12 0.05266661 
596 330 12 14 0.0525531 
2 371 9 13 0.052500524 
1001 180 8 11 0.052485283 
64 388 8 12 0.05228137 
999 482 10 15 0.052222762 
592 110 9 11 0.052121136 
472 355 10 13 0.052075014 
209 6 9 12 0.052029114 
865 112 9 12 0.051953353 
773 263 10 12 0.051945437 
887 192 8 11 0.051935058 
654 117 9 12 0.05183462 
898 27 10 12 0.05175367 
864 35 10 12 0.051563647 
840 374 11 14 0.05151012 
435 388 12 14 0.05146321 
757 307 10 15 0.05141446 
4 230 9 12 0.051347613 
383 143 11 12 0.051222328 
982 430 12 15 0.051119134 
87 5 9 11 0.050966643 
720 409 13 18 0.050687335 
117 61 9 12 0.05062797 
111 183 9 10 0.050581563 
319 20 12 14 0.05054905 
870 441 20 29 0.050532628 
806 467 17 20 0.050519075 
20 290 11 13 0.050391536 
904 119 8 10 0.050205268 
621 436 15 18 0.050180785 
846 55 9 11 0.049875442 
710 148 9 12 0.049624883 
736 223 10 13 0.049602315 
567 36 9 11 0.04948052 
430 100 9 13 0.04928222 
598 356 11 15 0.049209595 
77 279 10 12 0.049204264 
177 21 11 14 0.048986103 
352 110 9 12 0.048517164 
63 222 10 12 0.048453774 
917 129 9 11 0.04811126 
989 29 9 11 0.048089687 
933 334 9 12 0.048075743 
453 186 11 16 0.048020266 
650 117 9 11 0.0479984 
645 54 11 14 0.0478854 
3 302 11 14 0.047592543 
168 4 10 12 0.047437023 
876 32 10 12 0.047391053 
703 0 10 11 0.047371704 
9 21 7 11 0.047273636 
593 29 9 12 0.04713843 
886 246 8 11 0.04701475 
814 215 8 11 0.04698209 
950 302 9 12 0.046844985 
172 222 11 14 0.04669118 
511 0 8 8 0.046682626 
72 430 9 12 0.046624642 
872 159 9 11 0.04656025 
399 44 10 13 0.046520412 
262 437 10 15 0.04646866 
56 13 9 12 0.046468068 
645 152 9 11 0.046370912 
406 137 9 11 0.046349883 
196 302 9 12 0.046342243 
986 211 11 15 0.046314623 
753 382 12 14 0.046274915 
697 6 9 11 0.04613899 
366 61 10 13 0.04601061 
670 300 9 12 0.04600993 
753 89 8 11 0.045909803 
917 95 8 11 0.045871053 
589 238 8 12 0.045865938 
191 459 9 12 0.04572573 
901 99 9 12 0.045698456 
421 49 10 14 0.045685027 
646 142 8 10 0.04564999 
537 181 10 15 0.045600735 
918 69 9 12 0.045576524 
123 13 9 13 0.04543013 
268 382 9 11 0.0449345 
0 46 10 13 0.04490282 
211 497 15 21 0.044849895 
913 93 9 12 0.04476245 
390 346 10 14 0.044677716 
161 8 8 10 0.044561144 
695 12 10 14 0.044491135 
59 157 11 14 0.04442562 
339 261 11 13 0.044418864 
734 421 13 16 0.044368494 
241 109 9 12 0.044368148 
999 341 9 12 0.044168383 
724 253 9 12 0.044163857 
893 175 9 11 0.04406481 
648 205 10 12 0.044055145 
282 284 11 15 0.04386641 
238 25 10 14 0.043765485 
1013 158 9 12 0.043721035 
285 6 10 12 0.04368131 
32 180 9 12 0.043674883 
1001 260 9 12 0.0435743 
782 11 9 11 0.043373477 
454 343 10 14 0.043359865 
701 4 10 12 0.043253683 
28 411 11 14 0.04321034 
877 159 9 11 0.0431215 
812 91 9 12 0.043037 
6 429 8 11 0.042921387 
634 112 9 12 0.042861477 
591 118 10 12 0.042752024 
588 354 11 16 0.042751927 
17 430 8 12 0.042748008 
808 118 8 10 0.042685885 
400 139 10 12 0.04262447 
189 142 9 12 0.042596262 
499 311 11 14 0.042519245 
138 22 8 11 0.042432223 
725 12 10 14 0.042426538 
348 196 10 13 0.042415466 
511 72 10 12 0.042219363 
559 392 10 12 0.042165216 
844 412 11 15 0.042152215 
129 111 8 11 0.04206855 
741 317 11 13 0.04201573 
440 366 12 15 0.041782636 
699 411 12 16 0.041742887 
77 430 8 11 0.04171757 
751 142 8 12 0.04169529 
362 291 9 13 0.041684948 
998 166 9 11 0.04151852 
284 351 10 12 0.041446358 
682 112 8 10 0.041368965 
952 205 8 11 0.041220583 
938 53 10 14 0.04118297 
636 318 10 13 0.04110751 
880 283 9 12 0.041102327 
616 46 8 11 0.04101485 
600 362 12 15 0.040939845 
589 310 9 12 0.040934432 
779 8 9 11 0.04058886 
576 138 10 13 0.040573265 
49 389 10 12 0.04049964 
111 457 11 17 0.04047598 
981 39 10 12 0.040367655 
646 497 19 24 0.040350847 
78 208 11 13 0.04031792 
354 104 10 12 0.040192742 
504 1 10 11 0.03996473 
599 22 8 12 0.03995034 
773 22 9 11 0.039941657 
24 226 11 16 0.03989965 
494 284 10 14 0.03976688 
600 16 8 11 0.03964085 
810 216 8 10 0.039480522 
559 426 14 18 0.039433435 
104 96 9 11 0.039373368 
226 462 15 16 0.03935934 
562 318 8 11 0.03918814 
24 40 9 11 0.039174438 
60 411 10 13 0.039135464 
296 438 10 13 0.039065365 
8 7 8 10 0.039056364 
46 179 10 12 0.03894324 
357 167 9 12 0.038931374 
246 110 9 11 0.038733974 
431 264 12 15 0.03869258 
823 228 9 11 0.038599595 
575 260 9 12 0.038574517 
160 461 10 13 0.03853523 
126 124 9 12 0.038480148 
423 -1 9 8 0.038449075 
750 157 8 11 0.03837869 
867 213 9 12 0.038308106 
101 45 10 12 0.038294304 
665 104 9 11 0.038291875 
17 59 10 13 0.038247254 
529 414 10 13 0.03805261 
751 182 8 9 0.03795742 
47 205 10 12 0.037898444 
904 194 10 13 0.037873343 
632 0 9 9 0.037754025 
495 304 9 11 0.03774435 
105 0 8 10 0.03773358 
438 154 12 13 0.037428472 
22 17 8 10 0.037414785 
390 108 9 11 0.037255812 
834 215 8 10 0.037192326 
732 277 10 15 0.036932178 
118 0 9 10 0.03685121 
761 227 9 11 0.036790337 
784 144 9 12 0.03674814 
31 462 9 11 0.036654428 
935 11 10 12 0.036652356 
403 414 12 15 0.03657539 
320 77 9 11 0.036524028 
477 367 12 15 0.036460213 
528 215 11 13 0.036430277 
6 14 9 12 0.036277145 
878 165 9 12 0.03626806 
528 0 8 8 0.03621571 
129 83 9 12 0.036204297 
423 79 9 10 0.03618811 
796 182 10 12 0.036115475 
814 0 9 10 0.036077723 
686 277 9 12 0.036057614 
196 309 10 13 0.03597259 
469 295 10 11 0.035938345 
790 364 11 13 0.03589293 
681 118 8 12 0.03586816 
276 253 10 13 0.0357874 
458 4 11 14 0.03573835 
520 109 9 12 0.035703026 
1 399 8 12 0.03566981 
734 53 9 11 0.035623927 
959 29 8 10 0.03558146 
69 35 10 12 0.035360437 
475 380 12 16 0.03530445 
264 301 10 13 0.03530445 
624 336 9 12 0.035163008 
1003 152 9 11 0.03514335 
396 371 11 14 0.0351106 
89 15 9 12 0.03508641 
886 285 9 11 0.03494057 
849 172 9 12 0.034929454 
384 -1 10 9 0.03491757 
28 389 9 11 0.03485103 
107 420 11 14 0.034828003 
340 45 9 13 0.034743562 
188 147 9 13 0.034737263 
255 281 11 14 0.034701962 
244 77 10 13 0.03461472 
58 235 9 13 0.034603626 
259 0 11 11 0.034508556 
928 110 9 11 0.034472063 
133 43 11 14 0.03436407 
221 28 9 12 0.034279943 
564 420 13 18 0.03416428 
608 13 8 10 0.034142513 
472 286 8 10 0.034122035 
798 416 15 16 0.034100898 
103 389 9 11 0.03407589 
369 92 8 12 0.034072448 
56 229 9 13 0.034057666 
769 260 10 13 0.03405408 
29 372 9 12 0.034039613 
632 142 9 12 0.03395382 
391 77 9 12 0.03393736 
624 0 8 9 0.033902336 
509 342 10 12 0.03375778 
66 4 9 11 0.033752393 
720 271 12 15 0.033606283 
565 312 8 11 0.03360085 
172 4 12 14 0.033598237 
60 341 10 13 0.03358412 
72 170 10 12 0.033558656 
613 179 9 12 0.03354664 
103 269 10 14 0.033336416 
1015 165 9 12 0.033330325 
676 307 10 13 0.033321194 
718 117 8 12 0.03331816 
430 369 12 16 0.033291493 
873 165 8 11 0.033270456 
19 269 10 12 0.033226036 
1016 136 8 12 0.033215247 
816 200 9 12 0.03309415 
53 125 10 13 0.033009756 
961 250 9 12 0.033000585 
565 198 12 13 0.03295032 
702 103 8 10 0.032852694 
862 78 9 11 0.032820653 
993 359 12 16 0.032797653 
886 223 9 11 0.032693576 
523 166 10 13 0.032595918 
143 111 10 12 0.032480255 
751 98 9 12 0.032452527 
471 279 9 11 0.032351848 
97 0 8 9 0.032210693 
45 197 11 14 0.03220196 
349 191 9 12 0.032162517 
768 184 9 11 0.032134756 
546 0 7 8 0.032106966 
520 0 7 9 0.03202921 
487 133 9 14 0.031966846 
69 91 10 12 0.031945817 
480 279 10 13 0.031896617 
329 72 10 13 0.031869847 
388 132 10 13 0.031769928 
813 261 10 12 0.031681538 
385 39 11 15 0.03165291 
759 157 9 12 0.03164858 
987 424 14 18 0.031640165 
609 28 9 11 0.031624943 
41 453 11 15 0.0315857 
380 472 17 25 0.031551883 
328 53 9 12 0.031454135 
110 104 9 11 0.03145076 
113 374 8 12 0.031420097 
353 353 14 17 0.031415526 
991 437 12 19 0.031395927 
145 16 9 11 0.031389795 
333 51 9 14 0.031385265 
600 150 8 12 0.03133802 
250 140 9 13 0.03130366 
769 112 9 11 0.031298093 
503 72 10 13 0.031243786 
283 292 11 15 0.031198451 
741 222 11 13 0.031164505 
494 -1 8 9 0.031161368 
559 261 8 11 0.03110623 
525 109 10 12 0.031060254 
17 464 8 11 0.031057287 
278 322 11 15 0.031044045 
687 179 10 14 0.030962637 
646 199 10 13 0.030958474 
185 13 9 12 0.030894091 
1009 101 8 11 0.030754229 
468 300 9 11 0.030675845 
430 76 8 11 0.030652286 
350 123 10 12 0.03053772 
730 53 8 11 0.030504385 
113 63 9 12 0.030465962 
829 165 9 10 0.030254085 
215 470 13 20 0.030163283 
919 110 8 12 0.030151078 
697 1 9 10 0.030042062 
24 314 12 16 0.02995328 
315 189 10 12 0.02994459 
854 418 12 16 0.029926522 
831 192 8 12 0.029910494 
98 382 9 11 0.029895412 
199 235 11 14 0.02988311 
525 419 11 15 0.029859541 
62 358 9 13 0.02984721 
178 407 9 12 0.029832857 
72 402 10 14 0.02983242 
191 72 9 12 0.029829632 
252 237 12 15 0.02978391 
89 136 8 11 0.029656997 
205 505 16 22 0.029641038 
639 176 8 10 0.029593771 
104 109 9 11 0.029585833 
508 135 10 14 0.029549038 
192 296 8 11 0.02953469 
874 141 9 11 0.029485527 
463 0 10 10 0.029475112 
6 85 10 15 0.029424464 
747 453 16 23 0.029421074 
431 246 10 12 0.029402781 
679 283 10 13 0.029401826 
84 480 10 13 0.02930467 
143 57 11 14 0.029301066 
170 234 12 14 0.02928569 
668 119 9 12 0.029258227 
991 137 9 11 0.02921035 
63 424 9 10 0.02918938 
25 384 8 11 0.029057508 
61 457 12 14 0.029038936 
422 86 11 13 0.02901349 
700 12 10 13 0.028997837 
838 254 9 12 0.028858876 
277 44 9 13 0.02883885 
94 126 9 10 0.028830174 
110 28 10 12 0.028825298 
21 23 8 10 0.028774537 
7 48 10 12 0.02859756 
612 318 9 12 0.02853435 
1008 268 10 13 0.02852493 
883 199 9 12 0.028503219 
720 247 11 13 0.028408058 
117 375 9 12 0.028361667 
2 438 8 13 0.028298782 
535 397 10 11 0.028293211 
217 383 9 12 0.028146036 
761 101 8 11 0.028008532 
488 463 21 24 0.02794836 
119 284 10 14 0.027927967 
774 184 9 11 0.027778305 
198 71 10 13 0.027704665 
64 436 9 12 0.027693367 
168 116 8 12 0.027673986 
894 39 9 12 0.027654167 
676 440 13 18 0.027647661 
920 270 9 11 0.027635777 
881 271 9 11 0.027634848 
113 24 9 11 0.02759544 
68 466 11 14 0.027518775 
813 5 9 10 0.027498005 
169 125 8 11 0.027461495 
967 37 11 15 0.027368719 
73 102 9 10 0.027346056 
518 40 10 12 0.027338538 
834 238 9 12 0.027273435 
134 85 9 12 0.02719488 
82 244 11 16 0.027162956 
568 326 11 14 0.027154492 
971 246 12 14 0.027153658 
949 447 14 20 0.027136356 
517 437 10 13 0.027130669 
744 181 9 11 0.027049934 
924 31 9 13 0.026993781 
976 136 9 12 0.026858898 
192 307 10 13 0.026841965 
59 275 12 14 0.026840629 
246 180 9 13 0.026817543 
520 357 10 13 0.026813071 
998 255 10 12 0.026805358 
888 166 8 11 0.026755894 
493 48 10 13 0.026744831 
23 462 9 10 0.026717043 
133 7 10 11 0.02669305 
553 482 23 29 0.026653714 
596 178 10 13 0.02656788 
746 95 10 12 0.026559696 
962 119 8 10 0.026558254 
287 11 10 12 0.02654049 
574 38 9 10 0.026531758 
742 457 13 18 0.026510725 
1014 186 10 14 0.026500335 
684 163 10 13 0.026494158 
487 459 16 18 0.0264886 
535 0 8 8 0.02643932 
89 107 9 12 0.026410975 
504 81 10 13 0.026352296 
239 226 12 14 0.026340038 
303 159 10 13 0.026297966 
671 96 8 10 0.026289737 
40 433 11 13 0.026264518 
853 117 9 12 0.02625884 
368 149 10 13 0.026229298 
56 431 9 12 0.026182953 
281 245 8 12 0.026180524 
616 2 8 9 0.026179228 
871 357 11 14 0.026163872 
105 29 9 11 0.026136752 
260 412 10 13 0.026085809 
750 150 8 11 0.026057756 
613 429 13 21 0.026010586 
993 165 9 11 0.025983183 
0 535 11 21 0.025899785 
68 223 11 13 0.025852682 
812 170 10 12 0.025814895 
849 118 9 11 0.025810702 
853 200 8 11 0.02580409 
485 427 12 16 0.025757765 
641 467 14 18 0.025708424 
305 334 12 15 0.025677053 
296 173 9 11 0.025653206 
463 92 10 12 0.025633713 
152 109 9 12 0.025625356 
15 6 8 10 0.025622189 
47 22 9 11 0.02560837 
373 94 10 13 0.02558791 
605 142 9 11 0.025562815 
908 445 25 32 0.025554072 
871 221 8 11 0.025547976 
736 436 12 17 0.025536504 
0 1 8 10 0.025533637 
888 39 9 12 0.025497405 
431 380 13 17 0.025481291 
56 421 9 12 0.025449451 
22 29 9 12 0.025429985 
941 102 8 10 0.025424834 
831 425 15 17 0.02541814 
802 475 17 24 0.02540828 
919 115 10 12 0.025392637 
94 7 7 10 0.02538772 
725 262 10 13 0.025351098 
54 166 10 12 0.025347138 
430 423 13 16 0.02533546 
186 303 8 11 0.02528068 
909 388 13 16 0.025262203 
414 141 13 14 0.02517806 
596 27 10 13 0.025167357 
809 6 8 11 0.025144963 
318 51 10 13 0.025126286 
182 230 9 12 0.025067683 
583 363 10 16 0.025058925 
777 89 9 12 0.025054589 
40 8 9 12 0.025048047 
726 7 10 12 0.025038788 
830 404 11 13 0.02498409 
295 157 9 12 0.024946064 
928 373 10 13 0.024918249 
712 103 8 10 0.024900604 
636 165 9 11 0.024837682 
433 71 9 12 0.02476276 
519 116 8 12 0.024735061 
47 64 9 12 0.024719682 
389 116 10 12 0.024689857 
39 197 11 15 0.024660844 
776 13 9 10 0.02464984 
232 85 10 11 0.024593003 
905 126 9 11 0.024589349 
945 342 9 11 0.024577579 
117 109 9 12 0.024546573 
974 37 11 15 0.024530914 
560 35 9 11 0.024520561 
625 182 9 12 0.024502229 
373 149 9 13 0.02449796 
717 206 9 12 0.02447709 
935 102 9 11 0.02438986 
776 189 9 12 0.024327748 
925 382 12 17 0.024314238 
695 158 8 11 0.024297321 
279 238 10 13 0.024284806 
830 142 9 11 0.02422218 
129 159 9 11 0.024168918 
986 191 8 10 0.024158932 
764 404 12 18 0.02413779 
0 172 9 14 0.024116918 
585 37 8 11 0.024112279 
997 348 9 13 0.024110047 
297 167 9 11 0.024108272 
918 102 9 11 0.024101645 
526 6 8 11 0.02407984 
1 475 9 13 0.024031568 
746 142 9 11 0.023999864 
600 0 9 10 0.023909973 
23 485 11 13 0.0238982 
775 198 9 10 0.023835577 
996 442 20 25 0.023815218 
992 150 9 11 0.023806382 
73 364 9 12 0.023794437 
1014 150 8 11 0.023780555 
465 101 9 13 0.023761539 
550 178 10 14 0.023710988 
86 157 9 11 0.023708906 
408 71 10 13 0.023676606 
55 480 10 12 0.023646455 
350 263 9 11 0.023573158 
565 151 10 12 0.02353221 
856 205 8 12 0.023453886 
824 165 8 10 0.023388242 
524 357 11 14 0.023365727 
685 406 10 13 0.023339344 
918 29 11 14 0.023321938 
977 43 9 13 0.023297543 
2 131 10 14 0.02327928 
564 62 9 11 0.023243302 
334 13 9 12 0.023236565 
950 341 9 11 0.023210721 
552 167 11 14 0.023162968 
521 384 10 12 0.023146719 
950 117 9 11 0.023142638 
54 120 10 13 0.023129782 
24 100 10 12 0.023127768 
922 480 16 23 0.0230939 
823 373 11 13 0.023045884 
103 402 9 12 0.023040023 
952 143 8 10 0.023014579 
848 159 8 10 0.023006575 
865 100 9 12 0.022997374 
519 428 10 15 0.02293412 
327 301 10 11 0.02291057 
553 104 9 12 0.022908619 
771 418 11 15 0.022894232 
503 341 11 14 0.022863582 
152 20 10 13 0.022819772 
686 0 8 9 0.022811593 
319 101 9 12 0.022785647 
804 445 16 18 0.022775019 
582 55 10 12 0.022750964 
718 111 8 11 0.022747833 
918 23 10 12 0.022733452 
689 104 9 10 0.022707807 
443 322 10 14 0.022698615 
704 387 13 17 0.022693187 
1013 282 11 15 0.022690734 
218 314 13 15 0.022683043 
886 89 9 11 0.022661002 
760 110 8 10 0.02265079 
84 352 10 12 0.022638803 
946 133 10 12 0.022599023 
294 6 9 12 0.022564536 
393 335 9 13 0.022545217 
273 110 10 12 0.022541769 
855 469 24 35 0.022489678 
184 308 9 12 0.02248944 
431 253 11 16 0.022445126 
270 22 9 13 0.022417443 
682 268 11 14 0.022411311 
0 39 9 12 0.022390047 
654 199 9 11 0.022388833 
608 40 9 11 0.022363693 
664 295 10 13 0.022345092 
582 101 9 11 0.022316141 
944 239 10 11 0.022303306 
451 365 10 13 0.022273887 
272 100 10 12 0.022272943 
819 402 12 17 0.022248803 
886 237 9 11 0.022237781 
864 61 9 11 0.022225466 
144 206 10 12 0.02221818 
815 221 8 11 0.022159344 
935 326 9 12 0.022150036 
748 198 8 11 0.02213261 
48 168 11 14 0.022101589 
717 319 10 12 0.022078207 
694 132 10 13 0.022057127 
510 382 10 12 0.022048166 
42 76 9 12 0.022043208 
879 150 9 11 0.022041889 
176 14 11 13 0.022036118 
829 373 10 12 0.02200528 
814 190 9 10 0.021986224 
611 336 11 14 0.021932045 
724 417 15 18 0.021931238 
122 230 11 14 0.021927783 
588 162 11 13 0.021927077 
473 387 11 13 0.02191732 
335 150 10 12 0.02188727 
417 93 11 14 0.021887004 
869 61 9 11 0.021875478 
376 129 11 14 0.021862641 
844 246 9 11 0.021851506 
632 468 14 18 0.02184694 
599 398 11 14 0.021785134 
992 160 8 10 0.021773944 
17 16 9 10 0.021749545 
705 119 9 12 0.02174908 
49 447 10 14 0.02166756 
1 355 11 18 0.02165406 
384 252 14 15 0.02165194 
659 125 9 11 0.02159274 
28 93 9 11 0.021588601 
897 95 10 12 0.02153097 
312 119 8 11 0.021466801 
325 8 10 14 0.021426773 
484 434 11 15 0.021421392 
399 163 14 15 0.021414705 
29 46 9 11 0.021407343 
785 164 10 13 0.021387385 
839 269 9 12 0.021366542 
509 374 11 13 0.021365643 
465 407 11 14 0.021361701 
883 190 8 10 0.021359576 
134 129 9 11 0.021331774 
319 135 9 11 0.02132639 
690 175 9 12 0.021314172 
79 8 9 12 0.02129694 
488 222 9 11 0.021292161 
970 283 13 15 0.021284679 
519 159 8 10 0.021273194 
38 460 10 15 0.021262737 
594 303 8 11 0.021261267 
402 157 13 14 0.021235991 
239 72 10 12 0.021212466 
203 110 10 13 0.021170251 
781 508 17 18 0.021152796 
800 117 8 11 0.021144774 
781 214 11 13 0.021124998 
901 218 9 12 0.021124724 
999 128 9 11 0.021095395 
439 359 11 14 0.021093672 
488 422 12 16 0.021070654 
237 83 11 13 0.021059252 
1 349 9 14 0.021038882 
895 166 8 11 0.021020994 
704 109 8 11 0.021013213 
512 152 9 12 0.02100989 
556 108 9 13 0.021008493 
3 341 9 13 0.020996299 
738 267 10 14 0.020983236 
565 204 12 13 0.020933358 
912 28 10 13 0.02093325 
6 196 11 13 0.020931235 
713 207 10 13 0.02089735 
145 102 10 13 0.020892328 
715 373 12 16 0.020880818 
305 143 9 11 0.020875756 
287 145 9 12 0.020875435 
285 0 10 12 0.02086334 
5 437 9 12 0.020854743 
562 24 9 12 0.020843815 
585 78 9 11 0.020837914 
958 153 9 11 0.020833068 
183 459 11 15 0.020830033 
434 395 12 13 0.020824626 
143 460 11 14 0.020823585 
855 4 9 11 0.020809956 
801 158 9 11 0.020803683 
450 39 10 14 0.020759702 
406 40 10 13 0.020729296 
35 -1 9 10 0.020728787 
420 124 12 15 0.020725152 
16 49 8 11 0.020721309 
959 200 7 10 0.020719705 
301 58 10 12 0.020705208 
530 497 17 19 0.020695545 
948 213 11 14 0.020689612 
838 409 19 25 0.020684669 
559 5 10 12 0.02067494 
942 11 10 12 0.02067226 
484 374 10 15 0.020664057 
213 425 11 14 0.020663997 
56 438 9 12 0.020650396 
207 1 11 11 0.020638274 
886 256 10 13 0.020633724 
397 101 10 12 0.020609047 
950 238 10 13 0.020579018 
528 405 10 13 0.020573111 
798 110 8 11 0.020524347 
38 205 11 14 0.020481963 
802 87 9 12 0.020473018 
974 262 10 12 0.020437162 
520 422 11 15 0.02039261 
609 178 9 12 0.020387804 
105 244 9 12 0.020387076 
736 152 10 12 0.020339342 
825 380 10 13 0.020316288 
287 267 10 12 0.020293266 
1 62 7 11 0.020291124 
702 395 12 15 0.02028396 
47 45 8 11 0.020276982 
773 111 9 11 0.020208323 
4 165 8 11 0.02019655 
427 146 12 13 0.02016386 
431 46 9 12 0.020159122 
420 504 17 22 0.02015302 
524 426 12 16 0.020148689 
96 119 9 11 0.020148614 
21 168 9 11 0.020119084 
291 149 9 12 0.020118708 
958 215 9 12 0.020101758 
560 363 10 13 0.020080622 
176 359 10 13 0.020076444 
839 405 10 13 0.02005393 
103 221 8 12 0.020026622 
