0_Parade_Parade_0_275
2159
181 790 12 16 0.76969576 
167 774 13 16 0.718947 
760 669 9 11 0.6923117 
929 642 10 13 0.67629427 
858 175 9 11 0.59761566 
46 668 11 15 0.5884045 
148 783 12 14 0.5807756 
1001 420 9 11 0.56641966 
928 197 8 10 0.49220592 
736 21 8 10 0.4861996 
653 597 8 10 0.45627496 
977 673 10 12 0.44588953 
702 321 10 11 0.4165731 
578 665 9 12 0.41049477 
777 207 8 11 0.3871997 
937 238 9 12 0.38571212 
471 580 8 9 0.37477216 
723 149 7 10 0.37205574 
640 573 8 10 0.36727336 
59 420 7 10 0.34924847 
798 96 8 9 0.31857798 
551 637 9 12 0.30972004 
961 523 10 14 0.30496418 
986 238 8 10 0.29807556 
703 108 8 10 0.28868467 
962 243 8 11 0.28468046 
7 493 9 11 0.27756372 
376 742 10 12 0.26890913 
751 167 7 9 0.26353303 
824 565 10 13 0.26142317 
530 757 9 11 0.26004592 
964 616 11 12 0.2575857 
787 134 7 10 0.2556198 
961 265 9 11 0.2542697 
777 317 7 10 0.24828216 
689 625 8 10 0.24604002 
109 568 10 13 0.2435268 
533 512 8 11 0.23311754 
709 286 8 11 0.22845246 
872 731 10 13 0.22344342 
930 383 8 11 0.22273214 
616 697 9 11 0.22159538 
158 478 7 10 0.22142763 
894 182 8 10 0.21765617 
818 191 8 10 0.21746698 
862 149 9 11 0.2173641 
529 622 8 11 0.21034156 
37 543 8 11 0.21018966 
921 236 8 11 0.20175295 
998 552 10 12 0.19758575 
849 106 7 9 0.19707738 
762 142 8 10 0.19629085 
832 516 7 10 0.19499294 
548 703 8 11 0.19458677 
1000 244 9 10 0.19340378 
615 438 8 10 0.19312936 
706 149 7 9 0.19126804 
766 142 8 10 0.18516031 
149 693 9 10 0.17933327 
66 408 9 11 0.17766516 
38 643 11 13 0.17700858 
863 180 8 11 0.17697866 
602 629 8 10 0.17594533 
735 117 8 10 0.17534688 
704 700 11 14 0.17195332 
670 143 7 9 0.17154253 
727 644 9 11 0.17148212 
435 88 8 10 0.17134619 
819 222 12 15 0.17111827 
494 636 8 11 0.17109324 
823 708 14 20 0.16873315 
41 454 8 10 0.16848487 
855 584 9 11 0.16744474 
729 659 11 13 0.16646142 
704 125 7 9 0.16361892 
889 181 8 10 0.16261096 
38 420 10 12 0.16216686 
829 632 10 12 0.15999125 
717 132 7 9 0.15968776 
803 160 7 9 0.15913884 
697 37 8 9 0.15899959 
946 217 7 9 0.1580961 
137 678 9 12 0.15469348 
570 606 9 11 0.15463194 
775 166 7 9 0.15380515 
747 120 7 10 0.1523762 
689 487 8 10 0.15158668 
831 461 9 11 0.15093058 
887 612 10 11 0.14989007 
687 158 7 8 0.14783727 
438 684 9 12 0.14226995 
505 601 8 9 0.14208436 
585 728 8 10 0.1407738 
854 342 8 10 0.14060779 
907 192 7 9 0.13992324 
677 365 7 9 0.13983865 
511 669 7 9 0.13976313 
797 627 12 15 0.13867402 
999 156 8 10 0.13659713 
672 169 7 10 0.13584998 
688 246 7 9 0.13496809 
765 668 8 12 0.13394997 
61 519 10 13 0.13362575 
410 118 9 12 0.13153689 
359 477 9 10 0.13123208 
45 372 10 12 0.13057539 
126 535 8 11 0.13000044 
167 743 8 10 0.12966079 
799 127 8 10 0.1295177 
634 162 7 9 0.1280753 
781 536 8 10 0.12714809 
552 685 10 13 0.12707146 
49 486 10 13 0.12629904 
137 534 8 10 0.12594494 
739 96 7 9 0.12579885 
25 515 9 12 0.122711115 
744 150 8 9 0.121671565 
664 257 7 9 0.12016598 
840 189 7 10 0.11859303 
173 686 9 10 0.11778052 
904 216 8 10 0.117421165 
783 104 8 9 0.11656328 
713 184 8 10 0.11560457 
634 128 7 9 0.11555013 
270 784 8 10 0.115390845 
481 78 7 10 0.11406605 
650 782 9 11 0.11377709 
754 199 8 11 0.11264841 
798 437 8 10 0.11124788 
648 724 10 13 0.11001203 
188 475 9 12 0.10990258 
605 153 7 8 0.10867714 
216 768 12 16 0.108107455 
865 133 8 10 0.107251786 
303 664 9 11 0.10715563 
920 182 7 9 0.10681991 
234 740 9 11 0.10674635 
811 102 7 10 0.10654428 
871 127 7 9 0.10636824 
51 432 7 9 0.10572974 
95 575 9 12 0.10569322 
243 645 7 9 0.10533046 
886 425 9 11 0.10337757 
766 112 7 10 0.10322481 
834 93 8 10 0.102280036 
754 310 8 10 0.10194364 
944 185 7 10 0.10193974 
904 238 7 9 0.10176516 
595 119 7 10 0.10175857 
705 759 10 13 0.101734325 
1014 96 8 10 0.10105681 
736 300 7 10 0.10068187 
226 471 8 11 0.09996809 
801 120 6 8 0.09893477 
999 221 7 9 0.09829366 
639 145 7 9 0.09828544 
94 421 8 11 0.09785401 
995 489 7 9 0.09775663 
915 175 7 9 0.096003085 
301 700 7 10 0.09583488 
830 175 8 10 0.095560715 
834 117 8 9 0.095535316 
758 734 10 12 0.09535149 
983 247 8 9 0.09508962 
670 680 9 11 0.09503666 
326 717 8 10 0.094778314 
294 413 8 10 0.09471706 
727 317 8 10 0.0947142 
997 133 8 9 0.09466949 
511 608 7 10 0.09402746 
810 136 8 10 0.09360847 
984 222 7 10 0.09312733 
16 385 8 10 0.092949525 
864 79 7 9 0.09228082 
846 78 7 9 0.09186358 
690 546 8 10 0.09185107 
354 694 8 11 0.0918317 
695 639 7 9 0.09136928 
43 399 8 10 0.09094926 
776 151 7 9 0.090891406 
778 117 6 9 0.09061976 
594 565 8 10 0.08972225 
689 175 7 9 0.08972175 
272 744 9 11 0.08928818 
696 151 7 8 0.089204244 
823 698 12 16 0.08915005 
686 137 7 9 0.089032024 
714 63 7 9 0.0890166 
801 447 8 10 0.08893973 
755 93 7 9 0.088152364 
463 152 7 9 0.08792906 
920 436 9 11 0.087456055 
674 88 7 9 0.08735656 
241 695 8 10 0.08680647 
550 410 8 9 0.08661581 
576 191 7 9 0.08643283 
881 143 8 9 0.08599519 
722 645 9 10 0.08598242 
200 653 7 10 0.08571484 
753 150 7 10 0.0851773 
608 384 9 12 0.085151106 
892 611 10 13 0.08510198 
434 68 8 9 0.084853895 
506 606 8 9 0.08484301 
11 501 10 13 0.0847484 
0 518 7 11 0.08446554 
198 720 9 12 0.08322244 
664 262 8 9 0.08270572 
771 166 7 10 0.08257806 
708 702 15 19 0.08232267 
802 166 8 10 0.08206623 
261 750 8 11 0.08194143 
785 182 7 9 0.08153755 
823 572 10 12 0.08132614 
950 217 7 9 0.08037639 
769 189 8 11 0.080191456 
93 685 14 17 0.079973154 
866 110 7 9 0.07989702 
666 143 7 9 0.079502925 
880 209 8 10 0.07900474 
739 152 7 9 0.07894221 
620 694 10 12 0.0787006 
88 390 7 10 0.07859309 
906 159 8 9 0.0785306 
270 717 10 13 0.07834441 
918 176 7 9 0.07832799 
657 145 7 9 0.078036435 
712 549 8 10 0.077556096 
903 142 7 9 0.07747873 
591 487 8 9 0.07726647 
658 127 7 9 0.077218786 
679 303 8 9 0.07714345 
713 612 9 12 0.07707293 
937 232 8 10 0.07691603 
634 102 7 8 0.07683851 
841 153 7 8 0.07683052 
815 102 7 9 0.07659148 
619 128 7 9 0.07646381 
335 446 7 9 0.07592122 
448 566 7 9 0.075772814 
188 664 9 11 0.0756448 
608 623 7 10 0.07558772 
873 122 7 9 0.075484104 
73 377 7 9 0.07539527 
792 770 13 18 0.07531745 
673 310 9 11 0.07527826 
743 521 8 10 0.07451608 
553 715 15 16 0.074190974 
802 175 7 9 0.0740831 
802 183 8 10 0.073281996 
814 135 8 10 0.072978966 
687 377 7 9 0.07288246 
368 603 9 12 0.0728333 
145 502 8 10 0.07244488 
198 422 7 11 0.072226286 
634 144 7 9 0.07205771 
689 155 7 8 0.07201344 
447 561 8 9 0.07197946 
802 56 7 8 0.07150423 
129 644 9 12 0.07141551 
345 721 9 10 0.07140554 
732 645 9 10 0.071177185 
815 182 7 10 0.07098346 
0 648 9 13 0.07061121 
861 602 12 15 0.0704862 
996 493 9 12 0.070367806 
693 279 8 10 0.06991499 
872 87 7 9 0.06976506 
731 342 7 9 0.06968132 
222 732 9 11 0.06967589 
556 639 9 11 0.06966725 
206 411 9 11 0.069540165 
649 136 7 9 0.06934751 
163 786 13 17 0.0692131 
281 671 8 10 0.06918483 
958 206 7 10 0.06858101 
834 90 7 9 0.06818373 
377 694 8 10 0.06818231 
886 141 8 10 0.06813762 
802 392 8 10 0.06811914 
1006 427 9 13 0.06805272 
45 349 8 11 0.06790037 
653 103 7 9 0.067856364 
67 439 7 10 0.06775286 
761 726 9 10 0.0672528 
901 233 8 10 0.067096904 
335 735 8 10 0.067077726 
909 381 8 10 0.066694394 
489 635 10 13 0.06657831 
625 168 7 8 0.0660542 
649 638 7 10 0.06598237 
758 150 8 10 0.065822184 
624 144 7 9 0.06540542 
713 502 8 10 0.06533643 
713 127 7 10 0.06531232 
658 167 6 9 0.0653122 
472 644 9 13 0.065258086 
890 127 7 9 0.064979784 
522 372 8 10 0.064954914 
103 460 9 10 0.064594455 
717 611 10 13 0.06456746 
593 127 7 9 0.06436547 
639 149 8 10 0.064237624 
790 740 11 14 0.06392879 
607 136 6 9 0.06381985 
639 631 10 12 0.0637692 
878 659 10 14 0.06352034 
975 685 11 14 0.063435726 
786 141 7 10 0.06336027 
645 661 11 14 0.063286275 
752 305 8 9 0.0628819 
822 270 10 13 0.06279418 
955 206 7 9 0.062350728 
776 144 7 9 0.06222822 
1005 551 9 11 0.062093083 
912 152 7 8 0.06206056 
41 599 10 13 0.06193818 
13 525 10 12 0.061870117 
776 161 7 9 0.061814573 
520 174 8 9 0.06160675 
927 124 6 9 0.06147277 
866 130 7 8 0.061445154 
94 416 8 11 0.061288025 
823 216 8 10 0.061161764 
788 667 11 14 0.06113389 
216 734 9 11 0.061121963 
931 386 10 13 0.06095891 
639 103 6 8 0.060784493 
665 159 8 9 0.060495857 
570 340 8 10 0.060403485 
808 182 8 10 0.060304098 
958 413 8 10 0.06018181 
450 621 9 11 0.060117003 
632 98 7 9 0.05988948 
1 423 8 12 0.059792012 
952 408 8 10 0.059540257 
905 197 8 10 0.059532944 
374 9 7 9 0.059489593 
862 333 9 11 0.059416983 
817 87 7 9 0.059398513 
1010 264 7 10 0.059268136 
593 162 7 8 0.05923639 
891 621 10 13 0.05917228 
721 15 7 9 0.059166066 
312 725 8 10 0.05915394 
671 150 8 9 0.059069365 
344 694 7 9 0.059022237 
322 697 8 9 0.058746804 
791 72 7 8 0.058702633 
273 722 10 14 0.05866432 
192 590 8 10 0.058438823 
1014 239 7 11 0.058393184 
157 501 9 11 0.058389228 
673 49 7 9 0.058095157 
896 160 6 9 0.058062363 
560 534 7 9 0.058004867 
559 646 8 10 0.05796554 
69 411 10 12 0.05791841 
677 324 8 11 0.05788344 
129 472 9 10 0.05778359 
831 150 8 11 0.0577125 
889 110 7 9 0.05768647 
422 550 7 9 0.057657197 
150 380 10 12 0.05760373 
635 249 6 9 0.05755561 
689 103 7 9 0.057330105 
730 132 7 10 0.057178654 
714 374 8 11 0.057109263 
186 668 9 10 0.05706914 
922 217 7 9 0.057055537 
924 693 12 15 0.056868043 
777 432 8 10 0.05683229 
72 659 10 13 0.056702036 
763 747 14 17 0.056682017 
549 708 12 13 0.056453474 
161 692 7 10 0.05635503 
618 758 8 11 0.05635143 
1013 265 8 10 0.05633454 
376 391 6 8 0.056304943 
634 457 7 9 0.056271482 
942 504 9 11 0.056059606 
628 493 10 14 0.05604423 
574 422 8 9 0.05601532 
727 572 10 12 0.055958178 
723 438 7 9 0.05595486 
70 438 8 10 0.05588829 
801 190 9 12 0.055883057 
488 158 9 11 0.055850618 
969 181 8 9 0.055761475 
64 739 12 15 0.055628784 
718 404 8 10 0.05560802 
871 654 11 13 0.055600956 
958 438 9 11 0.055591237 
6 436 10 13 0.05554062 
153 517 7 10 0.05539137 
641 607 7 9 0.055291347 
774 128 8 9 0.055245884 
829 128 8 10 0.055227373 
608 684 8 10 0.055131037 
775 183 7 9 0.054972332 
57 508 9 11 0.054963265 
799 100 7 10 0.054947667 
720 262 8 10 0.05480184 
953 468 10 12 0.05468364 
970 254 8 11 0.05467592 
15 462 9 12 0.054634564 
546 631 9 13 0.05447482 
967 636 13 15 0.054472823 
382 493 9 10 0.054225564 
753 344 7 10 0.05395494 
850 583 9 11 0.05394603 
704 190 7 9 0.053912237 
718 184 8 11 0.0537737 
888 136 7 10 0.053757865 
152 501 8 10 0.053646185 
0 478 8 12 0.05356267 
815 177 8 10 0.053540498 
568 648 8 10 0.053536788 
983 253 8 9 0.053450342 
913 551 9 12 0.053355068 
719 518 8 10 0.053269938 
655 661 8 12 0.053200252 
1009 240 8 10 0.05318606 
384 768 8 10 0.053149935 
799 154 7 9 0.05313045 
15 574 9 11 0.053047348 
560 129 7 9 0.05295099 
657 161 7 8 0.05285726 
850 342 8 11 0.052592266 
767 602 11 15 0.052478295 
938 168 8 9 0.0524525 
376 689 8 10 0.052406438 
219 391 8 12 0.052372098 
5 432 9 11 0.052111924 
784 112 7 9 0.05203514 
756 670 8 11 0.052031573 
818 197 8 11 0.051956087 
680 109 6 9 0.05188514 
697 145 7 9 0.051852103 
687 141 7 9 0.051814772 
771 318 7 10 0.051795233 
964 240 8 11 0.05175413 
718 550 9 11 0.051752347 
623 127 7 9 0.051611613 
656 639 8 10 0.0516078 
639 165 7 9 0.05155193 
617 240 7 9 0.051543225 
687 47 7 9 0.051534597 
864 476 9 11 0.05145526 
770 161 7 9 0.051356986 
142 534 7 10 0.05119901 
248 607 8 10 0.05119635 
834 48 7 9 0.051111843 
634 300 9 11 0.051111016 
896 167 8 9 0.051093426 
848 185 7 9 0.050983876 
791 485 10 12 0.050917365 
616 295 8 9 0.0508175 
767 136 8 9 0.050815128 
666 169 7 9 0.050670646 
326 676 8 12 0.050552975 
6 422 9 11 0.050535493 
648 592 10 12 0.050340313 
551 646 9 11 0.050308038 
822 606 9 12 0.0501396 
72 561 8 11 0.050091952 
617 160 7 9 0.05008644 
849 589 9 12 0.05004827 
752 162 7 8 0.050039824 
777 55 7 9 0.04997134 
770 129 7 9 0.04995875 
289 623 7 9 0.049956363 
745 326 8 9 0.04994936 
801 197 8 11 0.04993927 
831 227 9 12 0.049926214 
705 184 7 10 0.04985271 
762 118 8 9 0.04976718 
582 142 7 9 0.04973767 
634 591 8 10 0.04944046 
681 297 8 9 0.049371846 
824 103 6 9 0.0493674 
929 222 7 9 0.049262337 
602 158 7 9 0.049249835 
109 500 8 10 0.049150497 
250 659 9 12 0.049117003 
904 137 7 9 0.049042173 
625 102 6 9 0.049029797 
826 636 9 11 0.048922326 
697 160 7 8 0.0488318 
810 142 7 9 0.048764683 
571 264 7 9 0.048736557 
725 146 7 10 0.048623737 
792 599 9 11 0.048611283 
690 421 7 10 0.048583105 
661 640 8 10 0.048580952 
859 95 6 8 0.048575122 
904 126 6 9 0.048528753 
638 648 9 11 0.048524436 
30 407 7 9 0.048495002 
574 622 9 11 0.04841255 
270 695 8 10 0.048362773 
607 734 8 11 0.04834563 
877 556 11 12 0.04828895 
619 701 10 12 0.048185736 
977 253 7 10 0.04815579 
573 652 9 11 0.048029523 
745 208 8 10 0.048010707 
592 166 7 9 0.047856662 
882 608 8 11 0.047849037 
853 638 14 18 0.04784348 
584 95 8 9 0.047752332 
761 64 7 8 0.04761606 
838 462 8 11 0.047612492 
750 446 10 12 0.047590826 
582 118 7 10 0.04753249 
557 133 7 9 0.047432527 
633 151 7 9 0.047266107 
90 422 8 10 0.047254972 
736 133 7 9 0.04724956 
822 580 9 12 0.047079973 
699 126 7 9 0.047045313 
967 176 9 10 0.046929628 
288 684 8 11 0.04685618 
174 681 8 10 0.04682499 
640 54 7 8 0.046813436 
514 71 8 11 0.046805274 
780 318 8 10 0.046762463 
823 511 10 10 0.046716187 
560 189 7 9 0.04664016 
634 462 8 9 0.046636045 
901 772 13 15 0.04651125 
267 22 7 9 0.046487678 
696 71 6 9 0.04648363 
216 612 9 10 0.04643149 
53 490 10 13 0.046372607 
734 129 7 9 0.046307646 
626 120 7 8 0.04617768 
766 117 7 9 0.046172287 
361 94 8 10 0.046125915 
663 608 7 10 0.046016693 
569 144 6 9 0.04592648 
792 376 9 10 0.04580269 
183 494 9 12 0.045769192 
958 445 9 11 0.045655888 
906 277 8 10 0.04553766 
693 548 8 10 0.04551654 
876 528 9 11 0.04550483 
634 134 7 9 0.04549425 
286 679 9 11 0.04544618 
986 234 7 9 0.045414664 
532 645 9 11 0.045362208 
82 414 7 10 0.04536152 
684 158 7 9 0.04532239 
845 152 7 9 0.045315105 
745 321 8 10 0.045274295 
194 720 8 10 0.04524519 
952 350 8 10 0.04522487 
705 46 7 9 0.045164973 
578 142 6 9 0.045155182 
988 296 9 11 0.0450617 
770 184 7 10 0.045043796 
390 768 8 10 0.04489617 
666 151 7 9 0.044777047 
13 597 9 11 0.04474243 
124 579 12 17 0.04473296 
465 566 8 10 0.044690095 
345 622 8 11 0.04467204 
795 153 7 9 0.04456977 
659 262 7 9 0.044546526 
849 628 9 11 0.044541087 
969 207 7 9 0.0444717 
142 486 8 9 0.04446828 
885 368 9 11 0.04438362 
216 759 10 11 0.044313755 
770 150 7 10 0.04413021 
767 8 8 9 0.044118583 
912 197 7 10 0.044062033 
494 46 7 8 0.04404646 
760 675 9 12 0.04403628 
338 694 8 10 0.044006854 
581 319 8 10 0.04398088 
416 760 8 10 0.04392014 
119 453 8 11 0.043761563 
994 217 7 10 0.04375528 
253 723 11 14 0.043748517 
551 652 7 10 0.043659076 
921 168 7 8 0.04364716 
145 381 9 11 0.043598738 
902 553 8 10 0.043529052 
824 504 9 12 0.043523815 
464 145 7 9 0.043473855 
513 683 14 17 0.043437783 
600 592 8 9 0.043345846 
153 471 8 10 0.043316655 
989 262 9 12 0.043315507 
996 498 12 16 0.043261115 
801 113 7 9 0.043257777 
894 488 9 10 0.043219175 
689 98 7 8 0.04314317 
675 94 7 9 0.04307075 
802 63 7 9 0.043045502 
269 712 9 11 0.04301739 
38 567 8 10 0.04293844 
47 543 9 12 0.042911716 
399 774 8 10 0.042784985 
681 590 8 11 0.042775393 
399 770 8 9 0.042727582 
853 629 11 13 0.042701915 
995 221 7 10 0.04270046 
625 98 7 8 0.042669225 
512 94 8 10 0.04252223 
857 179 8 11 0.042509478 
264 725 8 11 0.04250556 
850 199 7 10 0.0424771 
954 438 8 11 0.04236108 
831 467 9 12 0.04234621 
555 134 6 8 0.042266686 
744 1 7 9 0.04218935 
865 23 8 9 0.042138107 
912 109 7 10 0.042096034 
923 427 11 13 0.042021357 
857 621 10 13 0.042016212 
5 541 10 14 0.041996125 
664 113 6 8 0.041981526 
318 759 7 9 0.041919474 
617 246 7 9 0.041912653 
784 177 7 9 0.041845705 
777 176 7 9 0.04182772 
417 737 8 10 0.04182667 
890 160 6 8 0.04182264 
850 135 8 9 0.04178245 
751 126 7 9 0.041771702 
952 577 10 11 0.04174976 
157 496 9 10 0.041644976 
872 192 7 9 0.041634806 
31 469 9 12 0.041608464 
776 16 7 9 0.041594464 
367 781 8 10 0.041541435 
814 334 8 10 0.04153 
943 646 10 14 0.04150345 
15 440 10 12 0.0414555 
862 588 8 11 0.041445635 
825 174 8 10 0.041431926 
842 174 8 9 0.041418668 
278 702 8 10 0.041366126 
848 174 7 10 0.041346617 
1015 231 7 11 0.041319713 
670 158 7 9 0.041291047 
689 10 8 9 0.041245785 
690 638 7 10 0.041229896 
32 636 10 13 0.0411667 
426 601 7 9 0.04115797 
597 567 8 10 0.041148167 
677 661 10 11 0.041120183 
521 559 8 10 0.041093342 
657 135 7 9 0.04106512 
120 461 8 10 0.04103274 
85 552 8 10 0.04102699 
956 463 11 13 0.0410027 
958 201 7 9 0.040958606 
349 781 10 13 0.04093424 
879 685 13 16 0.040901385 
728 95 6 9 0.04086842 
893 493 10 11 0.040753085 
616 271 8 10 0.040736105 
715 701 12 16 0.040668055 
925 235 8 11 0.04064946 
735 175 7 9 0.04060041 
616 373 7 9 0.040551577 
959 190 7 9 0.04054301 
650 358 6 9 0.040481854 
158 716 11 15 0.04045058 
646 72 7 9 0.040438704 
473 100 7 9 0.04034044 
176 718 9 11 0.040332913 
694 255 8 9 0.040309656 
643 71 7 9 0.04029573 
790 142 7 9 0.040250313 
345 784 9 12 0.040216018 
34 453 8 10 0.040203292 
735 169 7 8 0.04019776 
967 142 8 10 0.040153053 
788 231 10 14 0.040138382 
696 519 8 10 0.040099785 
689 381 7 10 0.04008967 
890 104 6 9 0.040036328 
920 221 8 9 0.039989784 
831 135 7 9 0.039963707 
266 695 7 10 0.039932467 
39 405 8 10 0.039892998 
817 151 7 9 0.03987145 
90 788 14 13 0.039868012 
899 217 8 10 0.03978976 
984 217 7 10 0.039760035 
359 689 7 10 0.03968013 
737 431 8 10 0.039671816 
720 513 7 9 0.03967145 
930 150 7 9 0.03965015 
978 247 8 10 0.03959284 
937 437 9 12 0.039587513 
841 169 7 9 0.03956964 
647 614 8 9 0.039525148 
98 430 8 10 0.039517265 
928 167 8 9 0.03944316 
830 382 8 11 0.03944037 
648 399 7 9 0.039414544 
750 174 7 10 0.039414283 
80 434 7 9 0.039412417 
510 151 8 10 0.039402056 
218 647 7 9 0.039389897 
831 405 9 12 0.039382312 
669 536 8 10 0.03937075 
461 631 10 12 0.03936345 
263 744 8 11 0.039307214 
646 481 8 9 0.03923298 
6 414 10 12 0.03921525 
153 497 8 10 0.03919192 
32 448 8 11 0.039176334 
119 448 9 10 0.039156128 
899 142 7 10 0.0391286 
536 694 8 12 0.03904464 
839 -1 12 11 0.039004114 
847 190 8 10 0.038981117 
272 702 8 10 0.038924478 
856 120 7 8 0.03889797 
817 607 9 12 0.03885838 
92 652 11 13 0.038832314 
961 225 7 8 0.038805455 
823 685 10 12 0.03879791 
826 32 8 10 0.03879575 
799 14 8 9 0.03878255 
631 120 7 8 0.03877432 
935 224 8 9 0.03868551 
702 135 7 9 0.038648173 
217 663 7 10 0.03856185 
829 649 13 16 0.038532533 
927 204 8 10 0.038462844 
792 182 7 9 0.038460802 
751 204 8 11 0.038418096 
637 597 9 12 0.038398806 
639 589 7 11 0.038373504 
886 550 10 12 0.038371366 
527 669 8 12 0.03836228 
629 687 9 12 0.038352616 
912 756 9 12 0.038333833 
701 39 7 9 0.038303386 
783 80 7 8 0.03828967 
398 398 7 8 0.038168155 
718 335 9 11 0.038161814 
518 607 8 11 0.03810613 
718 373 8 11 0.038088262 
837 630 11 13 0.037996978 
681 26 7 9 0.037975088 
216 741 8 11 0.03796413 
432 91 8 11 0.03794558 
834 637 11 13 0.037917085 
607 143 7 9 0.03789592 
577 535 9 12 0.037865665 
353 700 9 13 0.03783926 
138 529 8 10 0.037815403 
351 756 9 11 0.037807703 
638 49 8 9 0.03774659 
161 26 9 10 0.03773284 
584 111 7 9 0.03771575 
929 378 7 9 0.037701234 
735 80 7 9 0.037690975 
432 157 8 9 0.037667993 
221 757 9 10 0.03765751 
721 558 8 9 0.03756746 
638 38 7 9 0.037542455 
30 496 10 11 0.03752793 
945 175 7 9 0.037480574 
89 416 8 10 0.03745611 
857 194 7 8 0.037432097 
938 503 8 11 0.037409246 
657 149 6 9 0.037371054 
872 533 10 11 0.03736369 
167 737 10 11 0.037208796 
728 242 13 16 0.037178375 
649 168 7 9 0.037167303 
719 23 7 9 0.037138883 
13 507 9 12 0.037019596 
730 300 8 10 0.0369911 
690 313 7 9 0.036928218 
961 231 7 9 0.036920562 
321 671 8 12 0.03691844 
809 72 7 9 0.036858387 
666 33 7 10 0.03685274 
637 161 8 10 0.036841445 
871 671 11 13 0.0368252 
897 553 8 11 0.03678362 
496 110 7 10 0.03677765 
143 685 9 12 0.036777094 
625 57 6 8 0.03673927 
878 404 11 13 0.036703285 
166 765 13 15 0.03667787 
337 661 10 12 0.036638148 
671 263 7 9 0.03660711 
746 176 7 10 0.036603916 
798 349 10 12 0.036592107 
720 158 7 9 0.03658981 
672 138 7 8 0.036527164 
854 104 7 9 0.036482364 
295 446 8 11 0.036408916 
656 182 7 9 0.036401328 
135 672 10 13 0.03637371 
831 183 8 10 0.036372885 
942 437 9 12 0.03636642 
167 691 10 11 0.03634048 
710 765 9 11 0.036310654 
9 567 9 11 0.03626778 
937 527 10 11 0.03625428 
832 493 9 11 0.03624415 
680 126 8 9 0.036216613 
792 112 7 9 0.036155507 
926 217 8 10 0.03612282 
478 615 8 10 0.036121022 
248 710 9 10 0.03608945 
128 462 7 10 0.036063693 
942 231 7 10 0.036053322 
968 215 7 9 0.036050506 
663 343 7 10 0.03603768 
898 221 7 10 0.036030777 
805 190 9 11 0.03602864 
896 509 10 13 0.03602301 
573 680 9 11 0.036018666 
824 111 7 10 0.03601003 
912 239 7 9 0.0359903 
953 413 8 11 0.035982035 
898 126 7 9 0.035901282 
968 437 10 13 0.035898432 
543 679 9 11 0.035898086 
1 429 9 12 0.035845675 
134 661 10 11 0.035839908 
110 460 8 10 0.03577595 
374 722 11 14 0.035769735 
506 614 7 10 0.0357366 
839 112 7 9 0.035713717 
237 760 10 11 0.035709664 
800 307 9 13 0.035702202 
901 219 9 11 0.035662428 
873 255 8 10 0.035652686 
222 751 8 10 0.035615064 
665 174 7 9 0.035608664 
276 719 10 12 0.035588313 
1011 268 8 11 0.03553845 
544 696 9 11 0.03552251 
970 200 7 9 0.035431292 
760 317 6 9 0.035369497 
625 152 6 8 0.035366047 
692 624 8 10 0.035357043 
937 509 8 10 0.035323802 
846 169 8 9 0.03531999 
21 616 10 11 0.035312325 
266 717 8 12 0.035286587 
582 709 8 10 0.035278246 
28 512 10 13 0.035264857 
768 334 8 10 0.035252936 
710 383 10 12 0.03524969 
999 97 8 10 0.03523956 
808 177 7 9 0.03520516 
241 689 8 9 0.03517048 
709 686 10 11 0.03512222 
708 695 9 11 0.035118565 
168 518 10 14 0.035093885 
304 720 8 11 0.03507082 
948 646 11 14 0.035068203 
758 359 8 11 0.035045784 
551 691 10 13 0.035022363 
119 644 12 14 0.034987193 
909 215 8 9 0.034963444 
688 121 8 9 0.03494615 
952 343 9 11 0.03492411 
905 272 8 11 0.03491017 
224 702 10 12 0.034890406 
815 143 7 9 0.034853097 
662 128 7 8 0.034844168 
286 630 8 10 0.034835055 
711 123 6 8 0.034822956 
322 675 8 13 0.034805626 
884 428 9 11 0.034776103 
719 765 8 11 0.03476828 
798 503 8 9 0.034723278 
471 629 9 11 0.034693066 
9 589 10 13 0.034678746 
550 588 11 13 0.03464511 
840 158 6 8 0.0345598 
682 640 7 9 0.034554772 
670 38 7 9 0.03450671 
399 7 9 11 0.034499906 
688 255 7 10 0.034491576 
137 454 8 10 0.034395654 
762 138 7 9 0.03436786 
746 126 8 9 0.0343641 
751 145 8 10 0.034316108 
1014 207 8 11 0.03427912 
258 678 7 10 0.034274466 
426 605 8 11 0.034265492 
683 142 7 9 0.034263924 
56 391 8 10 0.0342063 
809 111 7 9 0.03413773 
939 184 7 10 0.034134395 
551 119 7 9 0.03412597 
834 157 7 10 0.034104887 
955 446 7 10 0.034099214 
233 759 9 11 0.034089033 
452 616 9 11 0.034042362 
618 45 8 9 0.034025714 
135 597 8 9 0.034025315 
914 256 7 9 0.03402527 
794 102 7 9 0.034007043 
127 516 8 10 0.03400435 
742 72 6 8 0.03397818 
304 654 8 9 0.033975784 
494 555 9 12 0.03389373 
520 581 9 11 0.033829466 
359 16 7 8 0.03381986 
79 511 9 11 0.033752773 
44 461 9 10 0.0337371 
894 332 10 15 0.033703413 
897 122 7 9 0.03365773 
577 304 8 10 0.033641383 
936 256 7 9 0.033616014 
680 69 7 10 0.033564053 
161 583 9 11 0.033562973 
608 158 6 9 0.033562824 
799 496 7 9 0.033561423 
335 678 10 11 0.033547956 
670 692 12 16 0.03353123 
609 111 7 9 0.03353106 
990 109 9 11 0.033516373 
760 72 7 8 0.03347589 
626 160 6 9 0.033442695 
561 670 9 11 0.033440564 
433 680 8 11 0.033428222 
343 709 9 12 0.03339134 
375 766 9 11 0.0333496 
784 661 12 15 0.03334382 
177 548 9 11 0.033336796 
930 145 7 9 0.033324827 
175 655 8 10 0.033284772 
692 486 9 11 0.033284172 
962 70 8 11 0.03327273 
318 422 8 10 0.03326572 
710 293 8 10 0.033223327 
361 720 8 12 0.033175837 
694 176 7 9 0.033146318 
510 599 8 10 0.03310925 
591 671 7 9 0.033105694 
808 503 8 9 0.033090625 
943 169 7 9 0.0330594 
217 751 9 10 0.033042528 
814 621 12 15 0.033013124 
14 543 9 12 0.032946344 
674 305 7 10 0.03287197 
14 520 10 12 0.03287019 
609 119 7 8 0.032864604 
207 375 8 9 0.032836277 
685 591 9 12 0.03282343 
175 734 9 12 0.032822475 
527 62 7 9 0.032818668 
520 182 9 11 0.032772355 
713 510 7 9 0.032675184 
675 105 7 8 0.032616064 
550 596 11 13 0.032593776 
761 335 7 9 0.032553326 
367 365 7 9 0.03252512 
934 278 8 10 0.03252509 
790 603 9 12 0.03251266 
773 670 8 11 0.032492816 
828 687 10 12 0.032490235 
440 566 7 9 0.032457657 
584 103 7 9 0.03244249 
455 629 11 14 0.032436732 
677 87 8 9 0.032417033 
793 130 7 9 0.03241166 
213 629 8 10 0.03240359 
804 518 9 12 0.032376945 
118 600 8 10 0.03236373 
370 742 9 11 0.032324594 
254 705 8 10 0.03231415 
247 716 11 13 0.03229825 
999 130 8 10 0.032286968 
696 167 8 9 0.03228338 
989 181 9 11 0.032265123 
625 174 7 9 0.032242972 
685 596 10 12 0.032218043 
683 630 7 9 0.032188013 
888 434 11 15 0.03218531 
938 113 7 9 0.032183792 
838 517 7 10 0.03216453 
747 415 7 10 0.032153588 
797 213 8 11 0.03214377 
793 175 7 9 0.03210548 
849 595 10 13 0.032098368 
94 646 10 13 0.032093983 
160 757 11 14 0.032088097 
694 662 10 13 0.032075122 
906 377 7 10 0.032024853 
782 233 11 15 0.031994812 
732 119 7 8 0.031987075 
26 495 9 12 0.031976044 
873 152 7 10 0.031967927 
721 89 6 8 0.03195726 
665 335 8 10 0.031919036 
882 112 7 9 0.031909656 
520 640 8 10 0.031908844 
638 127 7 9 0.031905085 
353 689 7 9 0.031903207 
816 681 10 14 0.03188749 
127 557 8 11 0.03187517 
810 79 7 9 0.03185344 
633 343 8 9 0.03183319 
760 169 6 8 0.0317832 
159 563 8 11 0.03176155 
711 94 7 8 0.03174456 
606 646 9 10 0.03174257 
978 217 7 9 0.031723805 
618 152 7 9 0.031683628 
23 653 9 12 0.03165124 
448 783 7 9 0.031648304 
831 71 7 9 0.03164376 
870 478 9 10 0.031619456 
313 758 8 10 0.031570125 
62 505 8 10 0.03152916 
865 192 7 9 0.031526145 
81 406 9 12 0.031492863 
544 685 8 12 0.031481422 
446 717 9 12 0.031456962 
578 711 8 11 0.03143035 
689 416 8 11 0.031419627 
793 381 8 10 0.0313927 
816 80 7 9 0.031294145 
830 412 10 13 0.031226857 
0 608 8 13 0.031208793 
801 414 8 9 0.031207569 
217 727 10 13 0.031196434 
773 503 8 9 0.03118222 
648 175 6 8 0.03117239 
681 669 9 11 0.031089664 
726 8 7 9 0.03104128 
619 102 6 9 0.03103966 
483 152 8 9 0.031036567 
536 582 8 10 0.031021204 
888 248 7 8 0.03101419 
239 702 8 10 0.0310106 
520 646 8 10 0.031001674 
592 94 7 9 0.030992625 
881 238 7 10 0.03096374 
826 133 7 9 0.030886391 
940 244 8 11 0.03088623 
848 439 8 11 0.030870674 
462 461 8 10 0.030868962 
334 23 7 9 0.030862316 
103 552 8 10 0.030808277 
520 451 11 15 0.030801617 
961 145 7 9 0.030793248 
4 664 14 18 0.030780543 
621 707 10 12 0.030776342 
681 174 7 9 0.030764554 
769 454 8 9 0.030754136 
760 718 13 15 0.030724104 
7 547 10 13 0.030723125 
832 143 7 10 0.030714558 
94 518 8 10 0.030698784 
694 388 8 10 0.030672684 
826 150 8 10 0.03065121 
809 326 7 9 0.030623766 
579 119 7 9 0.030614963 
502 359 8 9 0.030595316 
106 496 8 11 0.030547215 
619 135 7 8 0.030540712 
755 15 7 9 0.03051661 
836 619 10 13 0.030501822 
167 589 7 10 0.030477796 
134 591 9 12 0.030459821 
929 176 7 9 0.030454477 
31 376 8 10 0.030446742 
761 469 9 11 0.030445026 
610 232 7 8 0.030429427 
1015 171 8 13 0.030429333 
714 405 7 9 0.030428808 
1001 427 8 12 0.030417653 
310 14 7 10 0.030407816 
994 556 10 12 0.03038522 
745 135 7 8 0.030368254 
8 407 10 11 0.03036143 
816 439 8 11 0.03032201 
765 105 8 9 0.03032051 
56 579 11 14 0.030315828 
554 131 7 7 0.030315103 
768 175 7 9 0.03031459 
296 721 8 11 0.030310385 
843 73 7 9 0.03028604 
319 6 7 10 0.03026919 
895 277 8 11 0.030240333 
726 214 8 10 0.030228388 
778 81 7 9 0.030176949 
937 216 7 9 0.030161753 
345 752 8 10 0.030149477 
655 351 7 10 0.030137697 
913 169 7 9 0.030131686 
827 518 8 9 0.030128775 
943 198 7 10 0.030126896 
854 535 10 12 0.030076765 
185 695 7 9 0.030047596 
1016 224 7 10 0.030019356 
549 381 8 10 0.029998915 
112 416 8 10 0.029990306 
641 391 8 10 0.029963305 
578 103 7 9 0.029936116 
247 766 9 11 0.029933484 
295 580 11 12 0.02992193 
33 382 8 9 0.029908678 
661 406 8 10 0.029908143 
149 699 8 11 0.029859608 
444 685 10 14 0.029857818 
799 384 8 9 0.029851139 
805 446 8 10 0.029842967 
113 420 8 11 0.029820409 
698 89 7 9 0.029780699 
71 599 10 12 0.029780682 
710 714 12 15 0.029737331 
31 464 8 11 0.029696498 
502 639 8 10 0.02968597 
783 117 7 9 0.029683739 
175 724 11 13 0.029682744 
3 492 9 13 0.029633867 
737 158 7 10 0.029628126 
496 106 7 8 0.029612768 
471 648 13 19 0.029604891 
744 455 8 9 0.029603567 
984 172 9 11 0.029603267 
645 644 9 11 0.029593566 
736 335 8 10 0.029590659 
547 647 7 11 0.029584482 
297 648 8 10 0.029574426 
896 328 9 11 0.029543782 
73 421 8 10 0.029543037 
658 405 7 10 0.029530143 
533 340 10 11 0.02952043 
733 270 8 10 0.029503264 
165 427 10 13 0.029468624 
698 678 9 12 0.029461706 
1001 198 8 9 0.029451085 
151 646 7 10 0.029450169 
734 350 9 11 0.02944107 
440 92 7 10 0.029434938 
338 703 9 11 0.02941596 
444 677 10 12 0.029415777 
169 477 8 11 0.029409157 
820 237 12 13 0.029377853 
135 541 9 10 0.029358111 
263 756 9 12 0.029346928 
784 604 10 12 0.029334137 
885 555 10 12 0.029322693 
939 190 6 9 0.02931956 
350 708 9 12 0.029315205 
648 730 10 12 0.029308813 
558 652 8 10 0.029289883 
617 471 7 9 0.029288905 
969 159 8 9 0.029252803 
48 415 8 10 0.029245498 
794 169 7 9 0.029244924 
249 705 8 9 0.029239386 
863 144 8 11 0.02923662 
871 110 7 9 0.029219314 
641 637 8 10 0.029192356 
536 686 9 12 0.029181048 
763 175 6 9 0.029141711 
681 121 7 9 0.029134344 
370 687 8 10 0.02913359 
949 503 10 12 0.029105097 
1010 302 7 10 0.029102787 
658 175 6 9 0.02909197 
961 215 7 9 0.029052796 
776 367 9 11 0.029052217 
896 533 12 14 0.029037204 
290 54 7 8 0.029030912 
550 583 10 12 0.029028863 
111 485 8 11 0.02901722 
834 169 7 9 0.029009642 
32 537 10 12 0.028997926 
856 412 12 15 0.028990535 
680 677 11 14 0.028955158 
870 486 10 12 0.028953215 
601 670 8 10 0.028938806 
320 736 8 11 0.02892594 
656 748 10 12 0.02891168 
984 193 8 9 0.028879065 
593 230 7 8 0.028859627 
958 351 8 10 0.02884239 
720 175 8 8 0.028815303 
743 301 7 10 0.028784558 
392 773 7 10 0.028748775 
625 191 8 10 0.028747603 
97 640 8 11 0.028746953 
263 74 7 8 0.028744647 
728 15 8 10 0.028734826 
546 576 7 9 0.028731387 
654 97 7 9 0.028730104 
144 598 8 9 0.028722398 
722 434 7 8 0.028720656 
192 711 8 9 0.028719272 
266 782 8 11 0.028695473 
857 134 7 9 0.028693428 
706 70 7 9 0.028688164 
591 134 8 9 0.028666275 
834 54 7 10 0.028654011 
584 137 7 9 0.028649526 
25 431 7 9 0.02861709 
546 582 8 11 0.028616788 
120 556 9 11 0.02860786 
793 432 9 11 0.028589891 
976 192 7 10 0.028582193 
975 233 8 9 0.028570859 
616 706 9 13 0.028561387 
745 160 7 10 0.028544 
545 193 7 9 0.028532805 
693 632 8 9 0.028529229 
72 580 8 11 0.028503088 
85 557 10 11 0.028497675 
793 79 7 9 0.028489726 
911 571 12 16 0.028483337 
856 406 9 12 0.028456999 
967 630 11 14 0.028444912 
345 389 7 9 0.028438497 
688 126 7 9 0.028434243 
226 631 7 9 0.028416054 
709 319 8 11 0.02839609 
629 400 10 11 0.028388502 
970 153 7 9 0.028351344 
398 393 7 9 0.02831825 
607 105 7 9 0.02830094 
756 342 9 11 0.02827113 
848 86 7 9 0.028254116 
826 144 7 9 0.028217167 
785 485 11 13 0.028206632 
912 247 8 10 0.028203893 
528 137 8 10 0.028194454 
653 429 9 10 0.028191162 
526 581 8 10 0.028190529 
738 101 8 9 0.028188692 
839 242 8 9 0.028171008 
827 604 10 13 0.028142838 
417 766 8 9 0.028138276 
928 182 7 9 0.028135264 
65 383 8 9 0.028108941 
915 183 7 9 0.028102098 
953 159 7 10 0.028075973 
901 503 9 11 0.028059155 
488 446 9 12 0.028045893 
347 725 9 10 0.028028335 
488 164 8 10 0.028014258 
273 6 8 10 0.028013835 
794 118 6 9 0.028009573 
890 428 12 15 0.028000696 
847 622 9 12 0.027992323 
176 713 8 10 0.027984593 
856 63 8 9 0.027961941 
106 439 7 9 0.027956044 
638 623 10 13 0.027949488 
776 373 9 11 0.027933078 
39 477 8 10 0.027932743 
375 13 7 9 0.027931657 
48 549 9 11 0.027926348 
694 13 7 9 0.027909642 
960 150 7 9 0.027902333 
656 88 7 9 0.027901167 
486 152 9 10 0.027899228 
834 190 7 9 0.027892778 
910 273 8 11 0.02788965 
798 606 8 10 0.027873404 
1008 152 8 9 0.02787286 
344 757 8 10 0.027871259 
561 151 8 10 0.027869068 
967 47 9 11 0.027868683 
767 676 8 11 0.0278433 
779 103 7 9 0.027827026 
152 716 10 13 0.02781795 
800 37 7 9 0.027803654 
429 618 11 13 0.0278023 
705 94 7 9 0.027778922 
318 726 7 9 0.027778542 
221 647 8 9 0.027723707 
245 695 8 10 0.027715202 
832 63 7 9 0.027706234 
582 590 9 11 0.027701648 
832 206 8 10 0.027700417 
282 677 8 11 0.027692748 
622 654 9 11 0.027690489 
1014 551 8 12 0.027635131 
823 168 7 9 0.027625807 
603 105 6 8 0.027624462 
134 656 9 10 0.027612237 
711 440 7 8 0.027593512 
768 358 7 10 0.02759141 
159 782 11 15 0.027568376 
649 151 8 10 0.027546695 
73 511 9 11 0.027545443 
906 246 7 9 0.027522927 
242 393 7 9 0.027517328 
619 144 7 9 0.027501041 
777 438 8 10 0.027491074 
603 733 8 11 0.027486581 
483 157 8 11 0.02747117 
782 326 8 10 0.027464204 
101 581 8 11 0.027460068 
784 512 8 9 0.027455518 
777 86 7 9 0.027454624 
610 701 8 12 0.027451359 
860 79 7 9 0.027448786 
682 375 7 10 0.027404103 
882 137 7 9 0.027369754 
311 678 8 11 0.02734753 
37 559 10 11 0.02734234 
736 88 7 8 0.027340312 
447 670 10 12 0.027312584 
878 254 7 11 0.027303718 
919 262 8 10 0.02727834 
631 703 9 12 0.027275845 
786 517 8 11 0.02724958 
645 391 9 12 0.027243754 
682 48 6 9 0.027239127 
72 494 8 10 0.027228668 
22 445 8 11 0.027213087 
439 700 10 13 0.027206399 
713 176 7 9 0.02718358 
612 622 8 11 0.02717426 
434 569 7 9 0.027171431 
218 656 8 9 0.027168099 
848 144 8 9 0.027134268 
738 72 7 8 0.02713233 
520 563 9 11 0.027122192 
544 149 9 10 0.02710786 
695 644 9 11 0.027089221 
0 391 8 10 0.027076134 
112 480 9 11 0.027075484 
449 77 8 9 0.027055228 
647 121 7 9 0.027047973 
569 112 7 9 0.027039248 
173 742 9 10 0.027034277 
79 631 10 12 0.027030068 
16 581 10 11 0.027018538 
642 111 6 8 0.027016591 
39 391 7 9 0.027014667 
296 741 8 10 0.026986986 
144 608 8 9 0.02698674 
98 676 15 18 0.026974954 
817 168 8 9 0.026971444 
313 647 8 11 0.026966779 
586 678 8 10 0.026909526 
586 375 8 11 0.026905566 
824 206 9 11 0.026851818 
653 718 10 13 0.026835388 
567 542 7 9 0.02682915 
0 546 9 14 0.026801987 
929 271 8 10 0.026794538 
945 486 9 11 0.02678909 
884 659 10 14 0.026785847 
592 494 8 10 0.026765002 
1002 194 8 9 0.026746914 
856 206 7 10 0.02674411 
882 71 7 9 0.026725855 
577 198 8 9 0.026723728 
834 248 8 9 0.026705502 
910 368 8 10 0.02670238 
528 617 9 11 0.026660737 
685 669 10 11 0.026660416 
983 198 7 9 0.026659794 
95 560 7 9 0.026658397 
381 695 8 10 0.026651543 
553 569 8 9 0.026634749 
570 679 8 10 0.02660669 
80 558 10 12 0.026585925 
335 687 9 10 0.026576718 
320 15 8 9 0.026575055 
888 626 9 13 0.026538925 
1015 151 7 11 0.026531512 
324 700 8 11 0.026526326 
742 397 9 12 0.026490059 
825 184 7 10 0.026485354 
633 338 7 9 0.026479091 
258 745 8 10 0.026472067 
695 740 8 11 0.026458737 
471 587 9 12 0.026458172 
323 719 7 9 0.02643781 
551 574 8 9 0.02643376 
807 439 8 11 0.026427561 
-1 523 8 12 0.026416585 
760 158 7 9 0.026413707 
750 182 8 9 0.026407767 
688 493 8 10 0.026388325 
765 470 10 12 0.026387786 
769 328 7 9 0.026369393 
229 703 10 12 0.02629704 
436 65 8 10 0.02629356 
626 488 8 11 0.02628887 
437 690 11 15 0.026287787 
815 97 8 9 0.026243718 
594 225 6 9 0.026223782 
835 652 12 15 0.026222296 
533 753 9 11 0.026213527 
1007 244 8 11 0.026188217 
1 486 9 12 0.026158024 
883 366 7 10 0.026153263 
728 337 8 10 0.02613059 
576 589 9 11 0.026121171 
758 193 7 9 0.02609472 
735 181 7 10 0.026091512 
62 487 9 12 0.026079766 
311 721 8 10 0.026078265 
86 564 11 13 0.026073446 
646 633 8 11 0.026055856 
695 261 7 10 0.026049446 
871 22 7 9 0.026040155 
937 174 7 9 0.0260321 
599 572 8 10 0.025998363 
767 664 9 11 0.025997993 
634 652 8 11 0.025992312 
890 487 8 10 0.025984269 
1 355 9 13 0.025978414 
721 39 7 10 0.025963718 
663 119 7 9 0.025934244 
895 503 10 11 0.025924314 
433 573 7 10 0.02591493 
968 430 9 12 0.025912138 
101 741 13 16 0.025872245 
719 269 8 10 0.025844017 
606 671 8 10 0.025816338 
837 246 8 10 0.025814058 
603 136 6 9 0.025806375 
713 671 9 10 0.0257994 
271 689 8 9 0.025770899 
853 111 7 9 0.025760038 
181 544 9 12 0.025735447 
783 368 8 11 0.025726398 
730 349 8 11 0.025722843 
889 501 9 11 0.025720531 
798 750 9 11 0.025711862 
536 576 7 9 0.025702978 
766 476 10 13 0.02568105 
329 735 8 11 0.025665533 
958 420 10 12 0.0256529 
166 717 8 12 0.02563812 
143 448 7 9 0.02562733 
807 64 6 8 0.025626395 
295 455 9 11 0.025626129 
583 311 8 10 0.025625294 
242 710 8 10 0.025619496 
171 763 13 14 0.025598828 
784 734 9 12 0.025596086 
453 566 8 10 0.025591359 
679 169 7 9 0.025587466 
543 279 7 9 0.025583021 
817 111 7 10 0.025573315 
662 630 8 10 0.02554669 
637 343 9 10 0.025535913 
817 119 7 9 0.025529066 
836 253 9 12 0.025528427 
689 663 9 12 0.025502754 
827 72 7 8 0.025502523 
135 558 9 11 0.025501218 
223 697 8 10 0.025500853 
855 198 8 10 0.02549931 
729 89 6 8 0.025494382 
994 422 8 11 0.025488483 
902 494 9 11 0.025485333 
127 439 8 10 0.025463339 
904 122 6 9 0.025458375 
543 623 8 10 0.025425613 
202 413 9 11 0.025423292 
687 191 7 9 0.0254216 
585 37 9 12 0.025418153 
591 550 8 10 0.025413709 
794 329 7 9 0.025411155 
266 702 7 9 0.025394753 
873 198 7 10 0.02538294 
848 159 7 9 0.025350934 
675 110 6 8 0.025335679 
600 167 7 9 0.025320163 
815 128 8 10 0.025303815 
718 369 8 10 0.025292268 
529 627 7 10 0.02528531 
951 523 11 17 0.025276273 
70 604 9 12 0.025244866 
305 415 8 10 0.025214002 
608 175 7 9 0.025202814 
666 420 11 15 0.025196875 
635 648 8 10 0.02518741 
494 664 10 11 0.025182495 
806 414 8 9 0.025170486 
607 45 7 9 0.025153432 
729 174 7 9 0.02514303 
89 542 8 10 0.025133027 
128 661 10 13 0.025131276 
782 429 8 11 0.025129033 
698 302 7 9 0.025122372 
869 134 7 10 0.025119733 
608 618 8 10 0.025119502 
825 692 13 16 0.025105048 
777 49 7 9 0.025086464 
871 397 11 11 0.02508616 
721 105 7 8 0.025084002 
715 58 6 8 0.02503948 
892 628 10 12 0.025016146 
633 606 7 9 0.025012592 
654 613 8 10 0.024998775 
151 535 8 10 0.024990445 
946 351 8 10 0.024968565 
103 557 7 10 0.02494974 
992 542 10 13 0.024947688 
366 141 8 9 0.024945885 
721 257 8 10 0.024923744 
573 611 9 12 0.02491132 
376 533 9 10 0.024869258 
729 168 7 9 0.024868898 
969 231 7 10 0.024867691 
839 468 9 12 0.024865547 
714 16 6 9 0.024857674 
39 511 9 11 0.024856357 
873 215 7 10 0.024845252 
655 294 8 10 0.02484397 
26 400 7 9 0.024843091 
577 24 9 11 0.024827847 
720 168 7 9 0.02482406 
518 357 8 10 0.02482309 
776 382 8 10 0.024797434 
239 479 8 10 0.024782518 
836 643 11 15 0.024782384 
359 740 8 11 0.024751756 
921 190 7 10 0.024713753 
869 541 9 11 0.024678648 
687 501 8 10 0.02467068 
839 456 8 11 0.024666572 
105 447 7 9 0.024653394 
303 675 9 12 0.024642304 
288 662 8 10 0.024637654 
264 776 9 11 0.024634127 
689 429 8 11 0.024611339 
599 596 9 10 0.024607264 
966 167 9 10 0.024602924 
765 214 8 11 0.024584772 
951 167 8 10 0.024574768 
859 236 11 13 0.024566837 
768 209 7 9 0.024562614 
547 653 8 10 0.024530573 
926 623 10 13 0.024514329 
963 174 8 10 0.024502616 
974 153 7 10 0.02449577 
553 159 7 9 0.024493538 
146 469 8 10 0.024484586 
94 567 11 13 0.024463996 
359 7 7 9 0.024443101 
759 575 8 11 0.024438966 
837 225 9 12 0.024435217 
57 397 7 10 0.02443032 
754 193 8 10 0.024425726 
190 541 9 11 0.024425691 
816 352 9 10 0.024416864 
1010 297 8 10 0.024402365 
596 561 9 11 0.024397938 
835 534 11 13 0.024394874 
624 61 7 10 0.02439277 
802 51 7 8 0.024375753 
63 398 8 10 0.024373546 
94 542 9 10 0.024366613 
558 702 10 11 0.024365872 
972 430 11 14 0.02435064 
782 253 11 12 0.024350595 
869 471 9 11 0.02434688 
736 629 10 11 0.02432937 
596 13 12 14 0.024326788 
874 207 7 10 0.024325289 
257 672 8 10 0.02432152 
798 510 10 12 0.02431898 
424 768 8 10 0.024300179 
626 114 7 8 0.024288999 
809 98 7 8 0.024284886 
796 598 9 11 0.024279676 
771 598 12 15 0.024276685 
591 89 7 9 0.024269177 
576 418 8 10 0.024267707 
55 573 10 12 0.024265671 
689 272 7 9 0.02424866 
137 449 8 9 0.024246525 
74 654 11 14 0.024244413 
782 333 9 11 0.024229605 
766 589 11 15 0.02421944 
646 583 8 10 0.024203917 
529 640 8 11 0.024195993 
192 586 8 9 0.024172347 
240 725 7 11 0.02415973 
170 671 8 9 0.02412478 
209 31 9 10 0.024124242 
763 8 7 9 0.024112053 
954 452 8 11 0.024097515 
526 557 8 11 0.024093224 
377 120 7 10 0.02408667 
647 609 7 9 0.024086608 
32 437 9 10 0.02408125 
954 190 7 10 0.024079323 
785 445 8 11 0.024074282 
975 207 7 9 0.024048101 
762 533 9 11 0.02403514 
785 424 7 10 0.024007645 
905 208 8 9 0.024007155 
133 639 8 12 0.024006985 
799 758 8 10 0.023996811 
767 574 8 11 0.023983613 
897 152 7 9 0.02397815 
909 376 8 10 0.02397041 
13 406 8 11 0.023970405 
971 614 12 14 0.02396615 
129 675 11 14 0.023957297 
855 348 9 11 0.02393768 
33 546 9 12 0.02392358 
710 146 7 9 0.023902677 
659 121 7 9 0.023886604 
88 511 8 10 0.023882065 
511 677 12 17 0.023872646 
784 46 7 9 0.023858698 
823 159 7 9 0.023830723 
881 152 7 9 0.023816625 
221 609 8 10 0.023814091 
818 158 7 10 0.023799282 
206 608 8 9 0.023796549 
350 775 10 11 0.02378946 
864 508 9 12 0.023772942 
736 319 6 9 0.023770325 
859 417 12 15 0.02376176 
762 528 8 11 0.023753576 
80 397 8 11 0.023745373 
886 208 7 10 0.02373819 
881 248 7 9 0.023719873 
880 119 6 9 0.02371788 
775 333 8 10 0.023703441 
745 113 7 9 0.023702124 
416 543 8 9 0.023698082 
1 415 10 13 0.023681268 
680 392 7 9 0.023675757 
770 313 7 9 0.023664042 
681 519 8 10 0.02366206 
142 672 8 10 0.023651177 
610 695 9 12 0.0236407 
976 238 9 10 0.023636824 
225 708 9 11 0.023632841 
922 199 7 10 0.023628673 
615 751 9 11 0.023624929 
793 623 11 16 0.023619486 
256 374 6 9 0.023598338 
88 688 13 17 0.023585958 
169 662 8 10 0.023578504 
714 369 8 10 0.02357719 
179 719 10 12 0.02354206 
543 118 8 9 0.023537753 
932 651 12 16 0.023514116 
105 481 9 11 0.023512745 
792 746 10 12 0.02350432 
800 133 8 10 0.023503236 
689 65 6 9 0.023482114 
150 638 8 10 0.023467464 
0 472 8 11 0.023465285 
743 213 9 10 0.023455802 
828 502 10 11 0.023431716 
47 481 11 13 0.023401184 
712 23 7 9 0.023400392 
680 381 8 10 0.023393719 
587 575 7 9 0.02339191 
954 231 7 9 0.023390811 
152 439 8 11 0.02338102 
887 654 10 14 0.023371633 
622 517 11 14 0.023370776 
65 540 9 11 0.023368947 
584 160 7 9 0.023359148 
826 472 8 11 0.023356782 
711 678 10 12 0.023355154 
751 112 7 9 0.023340864 
683 190 6 9 0.023335127 
687 110 7 9 0.023328371 
186 607 8 10 0.023325553 
858 340 11 12 0.023324598 
936 431 10 12 0.023303393 
504 663 9 11 0.023292722 
816 357 9 11 0.023290936 
334 462 8 9 0.023281783 
248 613 8 10 0.02326971 
600 634 10 13 0.023258798 
959 431 9 12 0.023255723 
85 407 8 10 0.023254076 
334 671 10 11 0.023251325 
642 176 7 9 0.023247845 
785 743 9 12 0.02324409 
479 622 7 9 0.02324252 
828 582 11 13 0.023236815 
976 198 7 10 0.023236189 
883 182 7 9 0.023234945 
479 300 11 13 0.023232954 
577 159 8 9 0.023229185 
846 471 9 11 0.023228787 
151 622 8 10 0.023227148 
296 759 8 10 0.023218015 
836 659 12 13 0.023180075 
217 719 8 10 0.023178618 
694 273 8 10 0.023175357 
650 160 7 9 0.023173803 
665 137 6 8 0.023172582 
74 665 15 20 0.023160405 
778 539 8 10 0.023150876 
723 317 7 10 0.023146456 
951 400 9 10 0.023135958 
866 487 9 11 0.02312075 
193 649 7 9 0.023105122 
327 742 8 10 0.02309856 
899 237 8 10 0.023074286 
940 529 12 13 0.023072775 
936 470 9 11 0.023060892 
568 697 8 10 0.023060748 
661 464 8 10 0.023038639 
760 78 8 9 0.023016213 
975 495 8 9 0.023005763 
872 249 8 9 0.02300091 
689 182 7 9 0.022992125 
936 161 7 9 0.022988243 
704 685 10 12 0.02298659 
782 441 8 10 0.022977253 
593 114 7 8 0.022970239 
818 564 11 14 0.02295904 
43 607 15 18 0.022922358 
632 349 9 11 0.0229148 
704 488 7 9 0.022905163 
89 574 11 12 0.022903552 
610 432 8 10 0.022878742 
375 560 8 10 0.022870187 
390 588 12 14 0.022861818 
519 653 8 11 0.022855729 
711 497 8 10 0.022854352 
767 686 9 12 0.022852493 
816 204 9 11 0.02283853 
198 766 9 12 0.022834044 
150 631 8 11 0.022825034 
854 597 9 12 0.022815699 
599 231 7 8 0.022814225 
795 502 8 9 0.022805803 
975 476 11 13 0.022802504 
444 701 10 13 0.022795482 
819 582 8 11 0.022793083 
193 767 8 11 0.022786407 
723 9 7 9 0.022770517 
110 437 8 10 0.022760179 
312 686 8 10 0.02275662 
520 671 9 12 0.022756029 
768 691 11 14 0.022750597 
305 750 8 10 0.022745522 
174 661 7 10 0.022741219 
641 374 8 9 0.022733906 
382 760 9 11 0.022730984 
128 668 11 14 0.022723868 
38 438 8 10 0.022722384 
792 493 8 11 0.022699587 
9 463 10 13 0.02268717 
319 2 8 9 0.02267247 
317 653 9 10 0.022667157 
29 631 11 14 0.02265152 
570 684 9 11 0.02264848 
769 449 8 9 0.022643737 
136 512 8 10 0.022639105 
841 62 7 9 0.022637492 
906 367 7 10 0.022616317 
602 326 7 9 0.022589006 
617 166 7 9 0.02257894 
640 295 8 10 0.02254972 
609 168 7 9 0.022549693 
750 31 8 9 0.022543965 
215 670 7 9 0.022538992 
633 113 7 8 0.022538038 
934 145 7 8 0.022529323 
65 391 7 10 0.022522854 
636 702 12 15 0.022522798 
816 57 7 9 0.022516882 
514 358 8 10 0.022510849 
340 678 9 11 0.022509396 
562 295 7 9 0.022502959 
71 638 9 11 0.022492802 
559 575 8 9 0.022489337 
688 615 8 11 0.022486418 
184 688 7 9 0.022478543 
146 497 8 10 0.022474566 
790 368 9 12 0.022473976 
0 513 8 11 0.022445615 
681 278 7 9 0.02242287 
457 55 9 10 0.022415236 
161 750 10 13 0.022403846 
990 232 8 9 0.022398587 
768 409 8 9 0.022386963 
424 678 9 11 0.022385595 
925 687 13 15 0.02236172 
903 486 8 11 0.022361236 
615 736 8 10 0.022347746 
681 40 6 8 0.022340123 
98 552 8 9 0.02233892 
641 583 9 10 0.02233575 
657 607 7 10 0.022333317 
856 128 7 9 0.022328913 
555 461 7 10 0.022323882 
241 718 8 11 0.022323288 
753 319 7 9 0.022322236 
973 470 11 13 0.022313122 
171 522 11 16 0.022310125 
839 88 7 9 0.022307476 
696 78 7 8 0.0222905 
762 182 7 10 0.022290217 
22 439 8 11 0.02227369 
1000 261 8 10 0.022268418 
800 469 10 12 0.022263194 
902 184 8 9 0.022261377 
962 168 8 9 0.022250487 
618 98 7 8 0.022246152 
805 462 8 10 0.022237852 
875 748 11 13 0.022226088 
907 110 7 9 0.022217652 
754 364 9 12 0.022217415 
782 540 8 10 0.022216514 
799 329 7 9 0.022216428 
1 660 12 17 0.022215767 
737 623 9 12 0.022212608 
882 80 7 9 0.022211006 
37 472 9 11 0.02220621 
622 269 8 10 0.022188418 
34 389 8 10 0.022172863 
21 581 8 10 0.022153849 
806 351 8 10 0.02215279 
457 360 9 11 0.022140915 
992 416 9 11 0.022139635 
537 680 9 12 0.022131693 
101 638 9 11 0.022110928 
720 695 9 12 0.022107953 
765 707 13 16 0.022105126 
959 452 9 12 0.022100909 
751 557 9 11 0.022090055 
74 434 7 9 0.022077939 
547 414 7 9 0.022075899 
783 567 10 11 0.022070529 
936 309 10 10 0.022066424 
826 415 9 12 0.022065619 
866 215 8 9 0.02205608 
824 495 10 11 0.022055434 
202 607 8 9 0.022047611 
217 695 8 10 0.022038745 
642 285 8 11 0.022026984 
881 157 7 9 0.022014631 
800 453 8 10 0.022012476 
86 397 8 11 0.02199456 
492 159 9 11 0.021992177 
656 631 9 11 0.021988425 
836 493 9 11 0.021981101 
559 247 9 11 0.021972608 
591 598 8 10 0.0219703 
45 620 12 14 0.021966718 
88 660 10 11 0.021966605 
121 575 10 15 0.021960942 
584 703 9 12 0.02195572 
558 798 10 9 0.02195444 
601 643 9 13 0.021952296 
311 751 8 10 0.021946255 
648 405 7 10 0.021944745 
390 580 9 12 0.021938447 
154 782 19 25 0.021929663 
168 655 9 12 0.021915963 
588 731 8 11 0.021914715 
448 104 7 9 0.021907376 
40 661 13 17 0.021903997 
639 280 8 10 0.021901984 
161 517 7 11 0.021884462 
443 561 7 10 0.021883667 
696 685 9 11 0.02187882 
828 598 11 13 0.021847656 
861 230 10 13 0.02183947 
795 157 7 10 0.021834923 
634 48 7 10 0.021825453 
688 262 7 10 0.021822102 
472 624 8 10 0.021816382 
775 654 9 11 0.021813687 
686 741 9 11 0.02181136 
622 513 8 11 0.02178414 
192 501 8 12 0.021782564 
583 616 9 10 0.021780329 
800 89 7 9 0.02177407 
38 382 8 10 0.02177 
583 621 9 11 0.02173729 
784 398 8 9 0.021736389 
726 102 7 9 0.021730857 
520 576 10 11 0.02172461 
825 421 8 10 0.021722626 
673 318 9 11 0.02171752 
960 276 11 15 0.02171362 
264 735 8 10 0.021713031 
614 741 8 11 0.021711847 
933 272 8 10 0.021704197 
673 82 7 8 0.021699952 
558 253 9 11 0.021692378 
15 374 9 11 0.021683097 
414 669 10 11 0.02167056 
830 420 9 10 0.021644676 
705 294 8 9 0.021642942 
947 408 8 10 0.021638004 
468 565 9 10 0.021592686 
577 112 7 8 0.021578848 
876 677 12 13 0.021575598 
888 543 9 12 0.021567414 
305 743 8 9 0.021565592 
887 232 8 9 0.021534065 
385 772 9 10 0.021528395 
637 433 8 10 0.021527676 
946 414 7 10 0.021511024 
662 181 7 10 0.021507906 
234 763 10 12 0.021492707 
490 120 7 9 0.021481363 
539 318 7 9 0.021475637 
447 96 7 8 0.021472085 
782 343 8 10 0.021468518 
70 541 8 10 0.021459885 
20 576 8 10 0.021452256 
916 554 10 13 0.021445826 
872 550 10 13 0.021437338 
894 104 7 9 0.021435427 
876 669 10 13 0.021429026 
819 609 11 14 0.021422314 
192 639 7 9 0.021414196 
829 30 8 10 0.021409106 
719 80 7 9 0.021408765 
121 541 9 10 0.021399619 
776 62 8 10 0.021396643 
793 511 8 11 0.02137598 
119 485 9 12 0.021374391 
775 231 11 14 0.021369042 
313 736 8 10 0.02136724 
0 397 8 11 0.021366633 
312 652 8 11 0.021365657 
352 616 8 10 0.021362238 
78 563 10 13 0.021358266 
13 423 9 10 0.021344481 
597 126 7 9 0.02134354 
776 134 7 9 0.02133606 
813 329 9 10 0.021334294 
607 327 7 9 0.02132413 
439 590 9 10 0.021323737 
537 104 7 8 0.021316152 
311 742 8 10 0.021309964 
602 143 7 9 0.021306027 
164 710 9 12 0.021282783 
618 25 7 9 0.02126683 
643 654 12 14 0.021261418 
559 102 7 9 0.021259965 
938 209 8 9 0.021251773 
568 729 9 10 0.02124772 
685 605 9 13 0.021246305 
313 639 9 10 0.02124106 
837 541 10 11 0.021240868 
297 653 8 10 0.021239044 
840 144 7 9 0.021236595 
77 600 8 11 0.021227563 
774 358 9 10 0.021226794 
175 692 8 10 0.021226743 
246 677 10 11 0.02122379 
647 302 9 11 0.021218995 
152 564 8 10 0.021214237 
430 711 9 11 0.021204824 
208 679 7 9 0.02120332 
711 68 7 9 0.02119953 
942 208 8 10 0.021174543 
533 668 9 12 0.021163266 
135 460 9 11 0.02116193 
79 681 12 18 0.021161824 
946 358 8 10 0.02116051 
735 356 8 11 0.021156076 
25 412 9 10 0.021148564 
514 169 7 9 0.021143083 
890 167 7 8 0.021137571 
694 655 11 13 0.02113329 
696 95 7 9 0.021131553 
498 615 6 9 0.021118507 
194 654 7 9 0.021117225 
849 642 12 16 0.021116318 
476 589 9 12 0.021108022 
968 224 6 8 0.02108265 
73 398 8 10 0.021073028 
433 785 8 9 0.021062566 
713 167 7 9 0.021053175 
143 550 9 11 0.021049323 
359 781 8 10 0.02104768 
1012 421 10 13 0.021042502 
551 287 8 10 0.02104221 
454 560 8 9 0.02103095 
166 563 10 12 0.021024799 
709 773 10 11 0.021021824 
863 74 7 8 0.021013075 
590 747 11 13 0.021004414 
593 573 7 10 0.02100154 
118 526 9 11 0.02099675 
433 80 8 11 0.020992672 
807 306 11 15 0.020990055 
253 629 9 10 0.020983892 
15 604 9 11 0.020981992 
662 669 8 10 0.02097572 
4 352 10 12 0.020974394 
543 317 7 9 0.020966697 
639 97 6 9 0.020961303 
763 734 10 12 0.020959413 
866 120 6 9 0.020954574 
863 536 10 11 0.02095232 
762 328 7 9 0.020936446 
470 158 7 10 0.02092636 
809 129 7 9 0.020925824 
881 629 8 11 0.020923508 
749 707 12 15 0.020918401 
578 96 8 8 0.020911807 
845 462 9 11 0.020911053 
135 608 8 10 0.020903843 
610 95 6 9 0.020898268 
551 259 8 10 0.0208896 
964 539 10 14 0.020876363 
558 679 10 12 0.020863468 
660 723 10 13 0.020828197 
86 469 9 11 0.020823421 
390 435 10 13 0.020817285 
49 535 9 10 0.020814031 
705 177 7 8 0.020810524 
616 649 8 9 0.020807076 
534 617 9 11 0.020798858 
693 566 10 12 0.020790692 
912 145 7 9 0.020788603 
161 424 9 12 0.020783342 
639 253 7 9 0.020780837 
560 158 8 10 0.020764757 
295 617 7 9 0.020763092 
82 392 8 10 0.020752873 
759 352 7 10 0.020748073 
133 582 10 13 0.02072364 
623 46 6 8 0.020723261 
681 612 8 11 0.02072244 
897 205 7 9 0.020716868 
152 582 9 10 0.020715512 
903 263 7 9 0.020699905 
614 233 7 9 0.020682355 
127 456 8 10 0.020676812 
162 589 8 10 0.020672653 
610 709 8 12 0.020655276 
704 774 8 11 0.020650974 
633 596 9 11 0.02063368 
879 381 9 11 0.020629182 
750 325 7 9 0.020623822 
940 308 11 11 0.020613378 
679 288 8 9 0.020610252 
128 652 10 13 0.02060818 
833 101 8 10 0.020606399 
988 175 10 12 0.020600328 
970 190 8 10 0.02059723 
64 493 8 11 0.020591654 
850 205 7 10 0.020570211 
673 391 7 9 0.020565838 
151 615 8 10 0.0205647 
472 167 7 8 0.020561218 
208 615 7 9 0.020560656 
105 571 9 12 0.020556176 
673 383 7 9 0.020542238 
893 644 11 14 0.0205324 
858 373 9 13 0.02052893 
422 750 9 11 0.02052641 
8 559 9 11 0.02052593 
737 329 7 9 0.02052265 
297 662 8 10 0.020519307 
566 126 8 9 0.020518117 
935 519 9 11 0.020503867 
53 541 9 11 0.020498328 
542 756 8 10 0.020494295 
894 109 7 9 0.020494241 
299 670 9 12 0.020482985 
870 738 12 15 0.020466499 
48 580 10 12 0.020459425 
816 644 8 12 0.020457393 
859 406 12 15 0.020446844 
934 151 7 9 0.020434111 
220 661 8 11 0.020409992 
886 239 8 10 0.020399438 
617 654 9 10 0.020390086 
456 110 6 8 0.020389182 
759 629 9 11 0.020386124 
447 777 8 9 0.020373559 
358 752 9 11 0.020368148 
577 716 9 12 0.020363312 
824 432 8 10 0.020362183 
799 356 9 10 0.02036042 
760 206 7 10 0.020358408 
990 190 7 10 0.020354478 
767 483 9 11 0.020354196 
928 264 8 9 0.020353848 
714 310 7 9 0.020352148 
589 616 9 11 0.020351453 
697 121 6 8 0.020349562 
776 398 8 9 0.020341853 
379 747 10 12 0.020323684 
16 656 9 11 0.02031312 
448 72 8 10 0.02029868 
489 541 8 9 0.02029775 
782 357 9 10 0.02029321 
241 590 7 10 0.02028325 
978 221 7 10 0.020282991 
905 399 7 9 0.020281345 
208 590 8 9 0.020279868 
330 749 7 10 0.020277437 
746 448 8 10 0.020271583 
1015 555 8 14 0.020270955 
650 353 8 9 0.020270064 
805 271 14 17 0.020267593 
770 95 7 9 0.02025704 
704 90 6 9 0.020246664 
238 473 8 10 0.020245591 
602 176 7 9 0.020245321 
825 455 11 13 0.02024471 
872 105 7 9 0.020240521 
762 127 6 9 0.02024038 
687 519 8 10 0.020235527 
968 408 8 10 0.020219 
437 792 8 9 0.02020106 
191 702 8 11 0.020194007 
694 415 8 10 0.020183967 
615 686 8 11 0.020180967 
150 680 9 11 0.02017465 
513 134 8 9 0.020165557 
546 589 9 12 0.020164242 
656 110 7 9 0.020149283 
614 680 8 11 0.020144906 
942 494 9 11 0.020134892 
386 8 8 10 0.020132182 
915 223 6 9 0.02013035 
688 80 6 8 0.02012772 
151 711 10 13 0.020121614 
935 134 7 9 0.020111151 
647 294 8 9 0.020107977 
242 615 7 8 0.020106845 
528 695 9 11 0.020106684 
135 477 8 11 0.020099578 
814 6 7 9 0.020068722 
807 409 7 9 0.020064024 
750 628 10 12 0.020063134 
967 118 8 9 0.020056542 
937 118 8 10 0.020054301 
69 445 8 11 0.020046996 
913 260 8 11 0.020036848 
455 461 9 10 0.02003251 
647 520 8 11 0.020030258 
310 670 8 11 0.020029431 
869 588 9 11 0.020020923 
729 465 7 8 0.020016706 
207 583 8 9 0.020016601 
743 5 8 10 0.020010388 
694 501 9 10 0.020007795 
777 23 7 8 0.020001648 
