0_Parade_marchingband_1_227
204
287 137 25 35 0.99531806 
460 135 31 39 0.99488705 
511 106 23 31 0.9932944 
915 139 40 51 0.98858213 
412 112 24 31 0.9880435 
175 106 24 32 0.987253 
290 100 22 30 0.9854305 
597 132 22 30 0.9847949 
69 95 17 22 0.9610646 
559 83 20 27 0.9464744 
489 95 19 28 0.93907 
842 127 26 34 0.93708974 
249 93 21 27 0.9077688 
36 92 13 17 0.88954246 
346 103 22 25 0.79749954 
326 90 16 21 0.7947064 
247 82 19 21 0.78996897 
213 74 12 17 0.7751334 
150 104 17 22 0.72907084 
635 98 14 21 0.7262629 
41 115 20 27 0.7028665 
504 82 19 23 0.652273 
715 81 63 62 0.6282114 
429 100 14 20 0.56509745 
370 83 20 27 0.5577454 
133 91 11 15 0.5095697 
59 72 14 19 0.49763325 
378 94 14 21 0.4949933 
0 84 11 19 0.4620143 
224 110 23 32 0.42132074 
102 99 15 18 0.39457074 
364 83 17 22 0.39302653 
609 112 17 20 0.3502049 
30 114 11 16 0.33209714 
6 105 19 26 0.3191919 
627 127 21 30 0.28176183 
166 76 14 16 0.26723245 
98 79 16 22 0.2566219 
101 89 15 20 0.2334615 
599 83 12 16 0.22614737 
523 86 12 14 0.22525884 
106 103 15 19 0.22390842 
435 99 14 18 0.22103803 
526 92 14 17 0.21281096 
366 154 17 23 0.20595248 
23 60 12 16 0.18358593 
654 99 14 19 0.17740469 
390 97 14 20 0.17085336 
373 55 18 21 0.16777343 
238 111 17 24 0.16471538 
620 116 13 18 0.1555716 
517 85 13 17 0.15425912 
131 97 14 19 0.15140511 
803 92 40 57 0.14928311 
712 96 40 43 0.14626174 
309 94 15 18 0.14512314 
420 88 16 20 0.14436956 
575 99 12 20 0.1418522 
643 98 13 21 0.14162412 
938 104 24 29 0.13628817 
393 105 18 22 0.13394785 
442 97 15 18 0.13138004 
583 100 13 18 0.13020541 
659 103 14 19 0.12683284 
156 101 20 29 0.12670946 
613 102 14 16 0.12323444 
70 75 12 15 0.116576955 
142 93 12 16 0.11309047 
530 95 14 19 0.11136204 
544 98 13 17 0.106527604 
587 93 12 16 0.10381161 
127 86 14 15 0.100931436 
148 93 15 18 0.099811025 
427 92 14 20 0.09371334 
125 105 13 18 0.09099226 
600 120 21 28 0.08381927 
459 92 11 16 0.08294329 
287 77 12 15 0.07639904 
616 93 12 15 0.0741946 
143 76 13 15 0.07290988 
180 75 10 14 0.071096554 
506 97 24 30 0.06895643 
670 99 12 16 0.06343282 
1 68 10 14 0.061296087 
189 83 14 18 0.060817946 
3 87 14 19 0.05926142 
21 112 13 20 0.05897071 
148 86 13 15 0.05816756 
270 76 14 17 0.05756911 
197 71 10 13 0.05682177 
104 69 10 14 0.05627508 
105 84 14 19 0.055904854 
167 152 19 27 0.054893017 
29 119 15 20 0.053608388 
785 84 24 29 0.053143393 
765 101 30 47 0.052374266 
588 103 12 17 0.052259285 
109 69 11 14 0.05198667 
963 130 50 48 0.05187284 
646 87 10 12 0.049250674 
661 95 12 16 0.049228616 
354 73 22 27 0.04919346 
535 114 13 20 0.048490774 
27 63 14 18 0.047351196 
5 64 10 12 0.045416683 
958 147 34 35 0.045390647 
0 201 16 23 0.044285778 
413 84 16 18 0.043215025 
237 99 13 18 0.041921757 
619 110 13 16 0.040530335 
363 93 16 21 0.04009503 
315 95 17 20 0.039940514 
607 103 14 17 0.039193336 
6 79 12 15 0.038882107 
750 88 39 51 0.03839326 
29 85 14 17 0.03808977 
735 105 40 45 0.03804628 
258 81 16 22 0.03798237 
160 68 14 16 0.037717678 
332 90 20 26 0.037304826 
298 92 21 27 0.03708951 
223 107 17 23 0.036124423 
119 106 12 17 0.03569713 
675 96 12 17 0.035593357 
141 95 18 25 0.0355842 
80 0 35 41 0.03515356 
219 74 12 17 0.034829363 
418 93 20 27 0.034076806 
667 104 14 19 0.033666432 
399 104 22 28 0.033486918 
329 162 16 22 0.03339802 
164 61 12 15 0.033375993 
142 72 11 13 0.03267233 
0 106 15 20 0.032534707 
645 90 12 18 0.03244832 
472 112 19 21 0.03209813 
276 78 16 20 0.032072376 
60 177 16 20 0.032037076 
135 69 9 12 0.031834994 
103 64 10 11 0.031128293 
175 72 11 14 0.03108192 
623 128 16 22 0.031021392 
381 139 15 18 0.030991348 
923 82 44 61 0.03065305 
779 100 32 48 0.030375062 
26 55 14 18 0.030105941 
11 164 17 25 0.030021658 
54 62 15 19 0.029343031 
117 68 10 14 0.028357515 
240 95 22 27 0.028346606 
311 114 13 18 0.028020693 
591 86 12 17 0.02788789 
44 109 17 21 0.027755506 
139 61 10 13 0.027709194 
618 95 19 23 0.027643556 
830 106 43 54 0.027623124 
28 54 25 30 0.027476856 
159 55 11 14 0.026702635 
532 104 16 22 0.026650064 
126 80 12 14 0.026442233 
188 107 20 30 0.026413647 
135 75 12 15 0.02626358 
184 82 11 16 0.026254851 
364 107 14 18 0.026061993 
776 128 16 24 0.02603972 
70 115 15 18 0.025748417 
660 110 16 20 0.025706835 
99 190 16 24 0.025652919 
315 107 14 16 0.025530457 
620 87 11 14 0.024910772 
221 143 17 23 0.024851846 
352 68 19 20 0.024787491 
276 104 13 19 0.024694888 
451 94 17 20 0.024694199 
34 60 15 18 0.024259297 
541 105 15 20 0.024236694 
619 276 12 14 0.023954954 
99 109 18 20 0.023566607 
266 96 15 23 0.023498503 
343 100 16 20 0.023444677 
764 80 38 50 0.023386078 
106 74 13 19 0.023137389 
15 54 13 18 0.022853125 
118 61 10 14 0.02282262 
985 145 34 39 0.02270476 
215 64 11 15 0.022480987 
329 185 17 26 0.022425806 
68 83 17 19 0.022385929 
87 75 14 18 0.022339184 
289 73 10 12 0.022322772 
395 115 17 24 0.022254229 
289 82 16 18 0.022095382 
795 91 30 39 0.021973064 
85 99 12 19 0.021709386 
3 167 17 24 0.021516811 
958 175 31 34 0.02109358 
631 103 13 19 0.021028906 
165 54 11 14 0.020990318 
252 36 14 16 0.020918757 
48 67 23 26 0.020656954 
94 71 12 15 0.020594655 
120 76 10 14 0.020586604 
378 78 17 22 0.020515477 
293 73 10 11 0.020417336 
