0_Parade_marchingband_1_1004
27
812 225 32 36 0.9970284 
647 191 41 47 0.9950971 
771 204 34 49 0.9913005 
430 236 33 36 0.9885365 
690 207 32 38 0.9883973 
121 215 36 39 0.9789378 
155 405 46 52 0.9192475 
329 407 48 40 0.6841655 
547 197 41 52 0.077453986 
722 152 15 21 0.075668454 
390 230 10 12 0.06067447 
329 189 9 11 0.058862478 
200 363 231 218 0.053978425 
496 252 20 23 0.048954915 
301 394 106 91 0.043639783 
333 188 8 11 0.041163202 
374 227 13 17 0.037646744 
709 148 28 32 0.036945473 
408 236 11 14 0.036048524 
500 241 17 17 0.034807745 
742 7 64 78 0.029722447 
1012 272 12 22 0.027113555 
528 200 42 52 0.021813564 
399 231 8 11 0.02089354 
445 178 16 21 0.020708665 
317 440 40 30 0.02056902 
529 234 14 19 0.02004769 
