0_Parade_marchingband_1_355
37
887 108 28 36 0.99835324 
816 179 29 36 0.99824226 
562 87 31 42 0.99797827 
455 111 29 35 0.99773705 
690 103 41 52 0.9912515 
355 104 23 30 0.98480505 
585 163 38 51 0.6736706 
537 113 17 19 0.49370584 
905 86 24 25 0.27143458 
960 108 12 17 0.25567558 
987 186 15 18 0.2111169 
695 57 10 14 0.12977575 
777 132 28 40 0.068299234 
982 179 15 23 0.063320525 
984 167 11 14 0.05921107 
333 128 15 19 0.053386744 
533 84 10 14 0.050824136 
976 194 39 61 0.04819903 
315 153 13 17 0.048046708 
336 124 23 25 0.04226546 
814 120 24 29 0.04213233 
867 138 14 18 0.037914596 
1001 97 22 34 0.035137255 
12 96 13 15 0.03494721 
998 116 10 14 0.03493324 
791 213 10 13 0.029751148 
669 112 26 34 0.02606485 
980 167 20 27 0.025389878 
657 61 8 10 0.024334537 
248 95 8 9 0.024090076 
190 28 14 18 0.0240546 
970 132 16 19 0.02369286 
929 131 21 27 0.022893893 
328 125 12 17 0.022776013 
360 159 44 50 0.020759718 
952 106 15 21 0.020426676 
762 119 30 37 0.020212455 
