0_Parade_Parade_0_376
71
634 206 30 38 0.9987337 
915 156 33 42 0.99431914 
766 150 41 59 0.99365836 
393 214 37 57 0.98397344 
143 265 29 49 0.96732205 
869 206 19 22 0.835458 
338 252 28 36 0.66961634 
533 230 29 53 0.5480708 
485 191 22 27 0.4390845 
486 140 12 15 0.19139293 
468 136 10 11 0.18168089 
412 146 13 15 0.17786296 
452 230 26 39 0.15439764 
422 147 15 18 0.14398994 
480 156 11 13 0.14327574 
421 157 11 13 0.13621162 
442 141 14 19 0.1257993 
526 246 25 45 0.12157611 
207 587 41 82 0.11813739 
420 165 12 15 0.111606896 
161 266 24 33 0.093214795 
305 232 25 37 0.0917119 
280 217 24 33 0.09054004 
462 157 8 11 0.08935697 
532 155 12 16 0.07945321 
427 142 11 14 0.06023495 
324 246 32 38 0.056748703 
435 207 19 24 0.056332406 
295 224 27 31 0.054824583 
482 136 9 11 0.05466794 
417 168 17 21 0.0546304 
429 155 11 15 0.048750047 
433 164 11 17 0.04598517 
411 145 22 26 0.04587769 
492 145 11 15 0.045655046 
286 229 29 37 0.045442183 
481 140 11 14 0.044275258 
969 232 26 30 0.04401287 
497 194 14 22 0.043381587 
437 160 10 13 0.04153903 
485 147 11 14 0.041514967 
316 237 24 34 0.040527165 
523 265 24 38 0.04010761 
400 151 22 31 0.037807547 
382 227 31 47 0.036684886 
840 641 37 39 0.03522298 
689 190 9 12 0.034026682 
946 245 16 22 0.033405703 
502 241 15 18 0.03051337 
537 152 16 19 0.030181378 
492 157 10 13 0.029940326 
644 267 40 49 0.029050171 
429 168 13 19 0.028890122 
438 227 31 40 0.028654834 
435 166 15 21 0.028484594 
472 146 11 14 0.025591917 
85 290 49 52 0.025471155 
778 269 29 38 0.025140055 
459 161 15 19 0.025019394 
463 153 9 11 0.024868239 
609 120 21 22 0.024670301 
404 160 12 18 0.024547398 
290 223 18 23 0.023549749 
452 142 11 13 0.023450494 
685 211 16 22 0.022950362 
721 198 23 29 0.022432962 
473 175 34 52 0.022157298 
372 205 16 19 0.02199399 
966 246 37 54 0.02170413 
472 157 11 12 0.02141111 
155 602 76 75 0.021157436 
