0_Parade_marchingband_1_360
95
473 103 52 66 0.9994098 
856 129 50 63 0.99660563 
91 159 46 49 0.980414 
933 297 16 20 0.98015344 
575 225 27 31 0.9667017 
763 317 12 15 0.9095237 
324 320 12 14 0.6849905 
374 245 13 16 0.5775006 
677 309 9 11 0.4523822 
244 257 15 21 0.4111685 
999 325 9 11 0.3593147 
1002 278 9 12 0.29188287 
394 245 10 14 0.28185704 
278 268 9 11 0.1698663 
723 316 11 12 0.10911154 
360 237 10 13 0.09552075 
9 336 8 10 0.08056293 
749 325 10 12 0.07387658 
243 253 12 16 0.073754296 
420 153 12 15 0.07003043 
720 312 11 12 0.0700112 
194 344 8 9 0.064716324 
223 261 10 13 0.05877716 
808 324 9 13 0.052091278 
789 353 9 11 0.05129059 
234 257 28 34 0.04976568 
369 244 10 14 0.048294984 
711 130 11 13 0.047186647 
177 268 9 10 0.046936624 
350 341 8 10 0.04303259 
336 263 7 9 0.041077297 
756 307 13 15 0.040591348 
753 300 12 14 0.04045877 
964 324 12 15 0.040074624 
678 315 10 11 0.03859688 
807 320 9 11 0.038544714 
957 333 10 13 0.03834853 
1004 325 10 13 0.038118314 
959 326 11 15 0.037691858 
228 271 14 19 0.037020285 
717 330 16 18 0.035692148 
626 309 7 10 0.033857822 
958 292 9 12 0.033178546 
350 244 10 13 0.031257294 
835 316 13 15 0.030955954 
294 347 9 11 0.030643083 
781 341 9 13 0.029977685 
621 78 8 10 0.029593691 
291 294 8 11 0.029478738 
972 327 12 14 0.029103566 
312 262 8 10 0.029024972 
351 262 8 10 0.028690493 
429 159 10 12 0.027988678 
630 308 8 10 0.027983671 
722 324 16 18 0.027500413 
982 361 11 12 0.02739173 
396 239 14 20 0.027382446 
806 331 11 15 0.026879318 
810 101 8 10 0.026584888 
244 267 14 21 0.0258781 
947 28 7 11 0.025621802 
711 310 9 13 0.025612641 
776 342 10 13 0.025566924 
777 325 9 11 0.025502184 
222 266 14 17 0.025467053 
35 199 23 28 0.025464168 
791 325 8 10 0.025439057 
774 317 10 13 0.025401501 
648 263 8 12 0.025093036 
382 263 10 11 0.024604384 
351 254 9 12 0.0242987 
717 339 15 17 0.024278436 
305 262 8 10 0.024018263 
344 246 11 13 0.02396818 
290 287 7 9 0.02390231 
180 237 9 11 0.023598624 
293 300 9 11 0.023231093 
227 261 13 18 0.023225553 
365 303 10 12 0.023220107 
305 301 9 12 0.022897562 
363 233 11 12 0.022855097 
205 285 8 10 0.022740025 
801 325 9 11 0.022589391 
206 360 9 11 0.022578316 
807 340 8 11 0.022518216 
422 144 9 10 0.022337284 
318 261 8 10 0.02206081 
381 272 15 18 0.021680512 
340 359 9 12 0.021618985 
783 325 8 10 0.021594921 
287 270 9 11 0.021439863 
999 330 10 11 0.02079133 
236 270 15 19 0.020731406 
42 197 15 18 0.020506348 
959 317 12 15 0.020365365 
