0_Parade_Parade_0_459
25
117 639 124 159 0.99806327 
437 799 103 142 0.9962226 
389 754 96 126 0.9880046 
284 633 119 167 0.94451904 
374 909 53 81 0.47541386 
-1 457 50 129 0.31078565 
910 472 54 67 0.05822121 
425 1 54 60 0.057727672 
276 679 186 239 0.03988966 
171 835 98 137 0.03835001 
615 -2 67 70 0.037569787 
907 0 16 15 0.034512177 
932 827 38 46 0.032841556 
889 478 88 94 0.03269032 
486 0 55 56 0.031522892 
327 1087 41 31 0.028890392 
975 768 40 55 0.026728604 
695 27 101 121 0.02574246 
333 676 125 141 0.02456491 
230 0 55 58 0.022417074 
437 735 43 60 0.022315916 
973 504 46 80 0.022006018 
397 837 102 128 0.02131903 
408 876 62 84 0.020989211 
881 15 137 241 0.020397386 
