0_Parade_Parade_0_43
1460
490 223 18 22 0.9876414 
11 480 19 23 0.9876182 
755 402 17 21 0.9866377 
771 460 18 23 0.98469037 
883 463 19 23 0.98396057 
548 448 19 23 0.98156655 
499 510 22 27 0.98063135 
443 448 20 24 0.97937864 
545 289 18 22 0.9792094 
809 435 19 23 0.9782396 
76 454 20 24 0.97747904 
942 521 21 25 0.9702883 
398 512 21 26 0.9692746 
603 511 20 25 0.9675721 
655 349 19 24 0.9665167 
200 453 20 23 0.96445656 
310 452 20 25 0.9624554 
187 386 20 25 0.9618316 
677 449 19 23 0.9617396 
305 356 21 25 0.9615102 
143 277 9 11 0.96140814 
385 340 18 23 0.9603337 
152 506 21 25 0.959671 
439 287 18 23 0.95942855 
714 516 19 23 0.9588633 
30 509 20 25 0.95675874 
265 512 21 26 0.95543844 
133 428 21 24 0.9543657 
823 517 19 22 0.9539829 
703 377 19 23 0.9532446 
254 378 20 24 0.9504826 
702 262 10 11 0.94572943 
501 393 20 24 0.9358205 
598 342 20 24 0.92433935 
848 325 10 13 0.90261775 
114 271 9 12 0.884314 
999 309 10 12 0.8652084 
978 323 10 14 0.85044765 
702 336 11 13 0.8309436 
937 332 10 12 0.824136 
809 263 9 12 0.8229041 
773 382 13 17 0.81634367 
63 254 9 11 0.80977046 
791 327 9 12 0.80720294 
766 301 9 10 0.8062584 
895 297 9 11 0.7994565 
887 271 8 11 0.79514337 
821 314 10 12 0.77628905 
830 293 9 11 0.76037365 
749 264 9 11 0.7588977 
838 358 10 13 0.75046176 
760 272 9 11 0.7495011 
788 416 14 19 0.74744946 
922 499 15 21 0.7313013 
366 287 11 13 0.7036891 
174 276 10 12 0.6956306 
886 375 10 13 0.6917569 
825 272 9 11 0.6735521 
776 317 9 11 0.6682323 
849 265 8 10 0.65252733 
820 334 10 13 0.6503647 
154 256 8 10 0.6422737 
935 248 9 11 0.63426167 
793 385 15 19 0.58879715 
840 257 8 10 0.58420867 
848 294 10 12 0.5811496 
708 278 9 12 0.56894875 
748 324 12 14 0.5590464 
735 285 8 11 0.5455021 
894 323 9 12 0.54547274 
622 268 9 11 0.53897065 
754 293 8 10 0.5356504 
148 405 13 16 0.5331697 
345 238 9 12 0.522221 
674 309 10 13 0.51814926 
793 271 9 11 0.5133241 
670 215 8 10 0.509083 
926 229 8 11 0.5066129 
279 253 9 11 0.49347833 
38 256 9 11 0.4904181 
906 327 10 13 0.48341325 
120 252 8 11 0.479635 
217 276 9 11 0.47599673 
927 263 9 11 0.47351092 
986 271 7 9 0.4733976 
638 230 8 9 0.46846104 
672 280 9 11 0.46723035 
237 276 9 11 0.4591605 
722 208 8 11 0.45651212 
93 246 8 11 0.45483556 
133 265 9 10 0.4541431 
997 261 9 12 0.44495815 
725 316 9 11 0.4421695 
246 347 14 17 0.44180578 
196 279 10 12 0.43826324 
214 254 8 10 0.43665746 
901 372 10 12 0.42443526 
981 292 9 11 0.42300364 
22 262 7 9 0.42068532 
111 117 8 11 0.41977653 
921 279 7 10 0.41949645 
326 280 9 12 0.4146728 
1013 323 9 12 0.4131792 
726 181 8 10 0.41142634 
872 232 8 10 0.40592754 
607 241 9 10 0.40347975 
760 229 8 10 0.40127409 
137 213 8 11 0.40081385 
911 277 8 10 0.3981295 
993 253 8 11 0.39337727 
73 223 8 10 0.3905331 
297 287 9 12 0.38749492 
69 316 10 12 0.38691378 
936 213 8 10 0.3850282 
767 239 8 10 0.3841753 
753 199 8 10 0.38271654 
710 317 9 11 0.37904686 
957 260 8 10 0.3776981 
342 275 8 11 0.37638488 
780 355 12 14 0.37588865 
313 238 8 10 0.3703751 
854 223 8 10 0.36475345 
853 307 10 12 0.3601262 
150 236 8 10 0.35062787 
930 270 8 10 0.3505404 
871 255 8 10 0.34671035 
576 237 8 11 0.3387861 
718 255 8 9 0.33774897 
291 268 7 10 0.3263181 
105 231 8 10 0.31497616 
806 309 9 12 0.31425503 
787 245 8 10 0.31250805 
861 368 10 12 0.3097744 
909 260 8 10 0.3072884 
730 231 8 10 0.30533403 
159 270 9 11 0.30406925 
210 255 8 11 0.30340677 
92 267 9 12 0.30312178 
670 246 8 10 0.29956278 
793 265 9 10 0.29941672 
205 261 9 11 0.29717076 
274 183 7 10 0.29218972 
631 205 8 10 0.28854412 
65 238 8 10 0.28844124 
871 323 9 12 0.28786972 
816 165 8 10 0.2860533 
966 255 8 11 0.285906 
234 213 8 10 0.28577256 
864 264 8 10 0.28543803 
1013 268 8 11 0.28451037 
805 277 9 11 0.28275916 
716 169 8 10 0.28260905 
135 239 8 10 0.28221017 
736 294 9 11 0.28051463 
1015 302 8 12 0.27818978 
183 237 8 10 0.27689573 
744 199 9 11 0.27216944 
878 404 12 14 0.26903942 
641 292 9 12 0.26740837 
871 262 8 10 0.26689902 
849 300 11 14 0.26432237 
581 261 7 9 0.26259014 
1001 236 8 11 0.26220742 
190 255 8 10 0.26100376 
239 246 8 11 0.2571163 
676 255 9 12 0.25618866 
193 284 11 13 0.2550515 
600 254 8 10 0.25346074 
812 237 9 11 0.2522164 
746 220 9 11 0.24886563 
729 240 8 10 0.24664317 
730 264 8 11 0.24510056 
817 288 8 11 0.24429432 
583 240 8 10 0.23850128 
887 254 8 10 0.23646455 
72 279 9 11 0.23490739 
339 338 16 22 0.23356195 
736 167 8 9 0.23185705 
926 296 9 12 0.23127763 
738 254 8 10 0.22983705 
921 300 9 12 0.22630112 
996 255 9 11 0.2259074 
864 352 8 11 0.22443129 
317 318 11 13 0.22345799 
602 299 9 12 0.22288579 
600 285 8 10 0.22285701 
792 275 8 12 0.22276857 
222 165 8 10 0.22206262 
24 204 8 10 0.22111467 
952 240 10 11 0.22102496 
906 277 8 10 0.22008939 
333 238 7 10 0.21801133 
102 280 8 10 0.21680236 
813 150 7 9 0.21629554 
838 374 9 12 0.21442555 
833 167 8 10 0.21154536 
726 331 11 15 0.21095757 
369 207 9 12 0.21030971 
1000 328 8 11 0.20987079 
193 240 8 10 0.20850074 
301 231 9 10 0.2083774 
960 256 8 11 0.2080037 
781 292 9 11 0.2079292 
208 231 8 10 0.20370884 
263 239 8 10 0.2029243 
653 206 8 10 0.20093003 
873 367 9 12 0.19954346 
204 300 11 15 0.19928776 
737 160 8 9 0.19573924 
184 232 8 10 0.19527921 
558 239 8 10 0.191514 
736 207 7 9 0.19058472 
194 246 8 10 0.1899811 
365 279 10 12 0.18806988 
266 278 8 11 0.18691449 
710 191 8 10 0.18660234 
811 188 7 10 0.18593587 
262 287 9 11 0.18225867 
97 214 8 9 0.18205851 
257 261 9 10 0.17787063 
680 205 8 10 0.17709957 
159 261 9 11 0.17645663 
776 176 7 9 0.1756865 
77 276 8 11 0.17558886 
801 277 8 11 0.17387122 
766 152 8 9 0.17344522 
741 252 9 10 0.17305787 
312 220 9 11 0.17061675 
901 231 8 11 0.1703487 
713 231 8 10 0.17023529 
713 240 8 10 0.16997428 
583 277 10 12 0.1683745 
793 173 8 10 0.16777925 
857 247 8 10 0.16584706 
1008 175 8 10 0.165149 
945 228 8 10 0.16314092 
193 193 7 9 0.1631098 
322 280 8 11 0.1617294 
822 367 9 12 0.16141754 
982 222 8 10 0.15999073 
95 229 7 10 0.15830205 
863 216 8 9 0.15806621 
913 238 7 10 0.15698749 
838 317 9 12 0.15619485 
360 221 10 13 0.15523519 
226 239 9 12 0.15253787 
136 233 7 9 0.1521903 
770 264 8 10 0.15179045 
674 259 9 12 0.15112336 
613 285 8 11 0.15095106 
250 277 9 12 0.15059969 
198 271 11 12 0.15049107 
305 272 8 10 0.1497058 
713 197 8 10 0.14959557 
752 255 7 9 0.14928685 
6 277 9 12 0.14909689 
754 205 8 10 0.14888193 
829 175 8 11 0.14887692 
986 252 8 11 0.14845647 
922 214 8 10 0.14816758 
642 255 8 10 0.1476856 
733 230 8 10 0.14725775 
64 278 8 11 0.14632441 
767 271 8 11 0.14615774 
147 190 7 10 0.14563584 
672 303 9 12 0.14553303 
-1 262 7 11 0.14553006 
855 263 7 10 0.1454291 
742 319 11 14 0.14522567 
951 228 8 9 0.14503159 
738 173 8 11 0.14469539 
882 254 7 10 0.14468023 
368 248 9 11 0.1446087 
711 246 9 10 0.14444906 
367 172 11 13 0.14395417 
970 487 15 19 0.1436033 
876 318 10 12 0.1423923 
21 225 8 10 0.14230569 
704 317 9 12 0.14221115 
689 230 8 10 0.14140254 
901 347 10 14 0.14070731 
806 324 11 13 0.14041764 
684 326 10 12 0.13897015 
665 192 8 10 0.13760053 
165 261 9 11 0.13704975 
69 237 8 10 0.13692154 
130 267 9 12 0.13690051 
575 233 8 10 0.13670617 
803 365 11 13 0.1363283 
679 276 8 10 0.136299 
777 212 7 10 0.13622338 
685 276 8 10 0.13583572 
921 379 10 13 0.13550104 
63 249 10 11 0.1337921 
601 197 8 10 0.13297397 
261 255 9 10 0.13271795 
681 237 7 10 0.13267386 
706 190 8 11 0.13249025 
969 311 9 12 0.13235319 
249 225 9 11 0.13231789 
662 320 9 12 0.13136119 
104 237 8 10 0.13117737 
847 158 7 10 0.13089715 
790 226 7 9 0.13035701 
742 176 7 9 0.1302768 
743 312 9 11 0.12892236 
888 169 7 9 0.12816818 
903 191 7 9 0.12755543 
919 375 10 13 0.12704748 
937 310 8 11 0.12618387 
159 278 9 11 0.1255889 
881 239 7 9 0.12485989 
808 217 7 9 0.124104366 
231 244 9 11 0.123639695 
890 324 9 12 0.123433165 
0 158 7 10 0.123048484 
778 164 8 10 0.122217484 
887 265 8 9 0.1218325 
889 208 7 9 0.121241294 
721 285 8 11 0.12116934 
984 248 8 11 0.12116857 
817 206 8 10 0.120604835 
870 192 8 9 0.120157965 
784 225 8 10 0.12009529 
638 270 7 9 0.1198049 
716 358 15 16 0.118428245 
901 318 10 13 0.117653735 
361 158 8 10 0.11724047 
681 201 7 9 0.11722683 
877 323 10 12 0.11684439 
33 177 8 10 0.11674371 
184 224 7 10 0.116279446 
127 223 8 10 0.116119534 
882 249 7 10 0.11594432 
176 151 7 10 0.11526628 
697 213 9 10 0.115031265 
615 303 8 11 0.11496545 
944 255 8 10 0.11455679 
273 238 8 10 0.11432019 
103 210 7 9 0.11400342 
952 190 8 10 0.11388732 
894 254 8 9 0.11358022 
207 190 8 10 0.11330628 
249 167 7 9 0.112936005 
174 199 7 8 0.11268327 
775 277 8 10 0.11249684 
114 252 8 10 0.111967586 
760 176 7 10 0.11176971 
673 233 8 10 0.111628145 
209 214 7 10 0.1111837 
686 238 8 10 0.11091944 
681 273 9 11 0.10992691 
607 182 7 9 0.10988987 
330 265 8 10 0.10976601 
167 157 8 10 0.10913308 
754 181 8 10 0.10906391 
966 200 7 10 0.108781606 
876 312 10 12 0.108727075 
984 216 7 10 0.10864591 
806 318 10 13 0.107645154 
872 276 8 10 0.1065398 
929 343 8 11 0.10617461 
785 182 8 10 0.10615424 
746 237 8 10 0.106142685 
758 181 8 9 0.10608652 
728 280 8 11 0.10607659 
184 261 8 10 0.10568398 
768 160 7 9 0.1056822 
173 281 11 15 0.105625145 
912 349 12 14 0.10412905 
310 301 10 12 0.10408837 
762 214 7 10 0.10397919 
696 207 8 10 0.1038866 
23 278 9 11 0.103874944 
483 426 17 20 0.103676416 
862 397 10 13 0.10362392 
200 151 7 9 0.10334001 
864 183 8 9 0.10289642 
918 356 10 13 0.10279557 
239 264 8 10 0.10258242 
696 231 8 10 0.101914845 
312 269 8 10 0.10180062 
914 201 7 9 0.10178954 
757 289 8 10 0.10158252 
953 258 8 10 0.101168044 
154 168 8 9 0.100308575 
624 175 7 9 0.10011273 
1007 237 8 11 0.09998442 
877 366 9 12 0.09984046 
134 190 7 9 0.09979237 
928 278 8 10 0.09974763 
168 232 7 9 0.0992229 
781 162 8 9 0.09887829 
715 254 7 10 0.09884037 
907 257 8 10 0.09803049 
192 197 7 10 0.09801616 
850 230 8 10 0.0979668 
171 303 11 12 0.097795285 
654 245 8 10 0.09763284 
608 261 7 10 0.0975376 
814 232 8 10 0.0975137 
864 269 8 10 0.09743659 
672 239 8 10 0.0970223 
152 222 7 9 0.09639535 
657 280 9 11 0.09616432 
960 205 8 10 0.096089 
896 248 7 10 0.09606009 
697 237 8 10 0.095682286 
911 403 11 14 0.09502105 
768 254 8 10 0.09501559 
101 141 11 13 0.09481836 
831 233 7 10 0.09397264 
225 200 8 10 0.09354099 
870 289 8 11 0.09353891 
177 176 8 10 0.09323394 
823 207 7 10 0.09296378 
630 329 13 18 0.092635036 
790 208 8 10 0.09167496 
239 241 8 10 0.09140214 
581 197 8 9 0.09129258 
655 230 8 10 0.09093376 
766 328 9 11 0.09091448 
664 198 8 10 0.09083136 
782 213 8 9 0.090753116 
314 285 8 10 0.09049332 
280 284 9 12 0.0893555 
327 168 8 10 0.089224316 
1007 181 8 12 0.08916972 
883 272 8 11 0.089001164 
776 272 7 10 0.08897845 
912 206 8 9 0.088564456 
888 360 9 11 0.08813806 
201 191 7 9 0.08801782 
858 365 9 13 0.0880163 
775 239 8 10 0.087576374 
969 259 8 11 0.08752364 
214 148 7 10 0.087395824 
63 233 7 10 0.08733344 
942 175 7 9 0.08730515 
927 183 7 9 0.087298356 
640 201 7 9 0.08723961 
762 239 8 11 0.08718217 
73 230 8 10 0.0871415 
1 245 7 10 0.08691078 
222 286 9 12 0.0865215 
639 308 9 12 0.08625178 
655 240 8 10 0.086110756 
729 141 8 9 0.08591999 
713 349 10 12 0.08578838 
873 237 8 9 0.08560471 
269 294 9 11 0.08535068 
200 167 8 10 0.08527476 
200 200 7 10 0.08494229 
38 245 9 11 0.084882535 
853 285 9 12 0.084519535 
841 248 7 9 0.084502734 
761 168 8 9 0.08399188 
943 287 8 11 0.08388331 
750 239 8 9 0.08385059 
40 224 7 9 0.083778165 
120 264 8 10 0.08345844 
866 254 7 10 0.08344962 
833 316 9 12 0.083078265 
799 189 8 10 0.0830042 
866 190 8 10 0.08270089 
902 223 8 10 0.08269781 
341 224 9 10 0.08182221 
879 208 8 10 0.08166387 
642 263 8 10 0.08127328 
202 206 7 10 0.08101331 
749 386 17 20 0.08090962 
743 193 9 11 0.080749296 
391 309 9 11 0.080745555 
786 277 8 10 0.08067153 
928 358 9 11 0.08060211 
639 302 10 12 0.08057661 
160 215 7 10 0.08006662 
738 201 8 10 0.07989485 
802 200 8 10 0.07983994 
186 197 7 10 0.07965583 
338 225 8 10 0.079542905 
799 185 7 9 0.07942174 
818 310 10 14 0.079280265 
272 223 8 10 0.07909105 
4 518 14 16 0.07908326 
714 172 8 11 0.07886398 
615 214 8 9 0.078799 
899 190 7 9 0.07860432 
39 216 8 10 0.0785351 
766 246 8 10 0.07810729 
296 176 7 9 0.07808583 
905 467 12 18 0.077934265 
280 176 8 9 0.07776947 
257 208 8 9 0.077723995 
944 153 7 9 0.07748408 
274 232 7 10 0.077478245 
333 120 8 10 0.07745653 
1000 373 9 12 0.0774516 
147 237 7 10 0.077350736 
887 173 8 10 0.07715807 
72 216 8 10 0.077102296 
847 287 10 12 0.07704261 
288 209 7 9 0.07704249 
808 257 9 12 0.076453656 
790 309 9 11 0.076347604 
983 303 9 11 0.07620822 
703 231 7 10 0.0761864 
887 239 7 9 0.075936005 
207 209 7 9 0.07585336 
745 233 8 10 0.075842336 
810 233 7 10 0.07574981 
841 192 8 9 0.075549714 
912 375 9 11 0.0753938 
857 256 7 9 0.075303406 
240 253 8 11 0.0748893 
7 143 7 10 0.07485064 
897 239 7 9 0.074708484 
623 294 8 9 0.0742238 
791 151 7 9 0.07399585 
881 289 8 10 0.07384321 
247 271 8 12 0.0737696 
865 317 8 12 0.07339924 
673 272 8 10 0.07313649 
849 419 11 13 0.07307872 
1001 267 9 12 0.07296869 
708 311 10 12 0.07286728 
248 145 7 10 0.07226633 
881 192 8 9 0.07224887 
311 183 7 9 0.072028026 
170 152 8 10 0.07197315 
670 189 8 10 0.0719465 
858 218 7 9 0.07189901 
904 312 9 11 0.07149076 
97 240 7 10 0.07144532 
143 255 7 10 0.07114207 
233 210 7 9 0.0709522 
721 280 8 10 0.070784554 
759 264 8 9 0.07059626 
942 364 9 11 0.070405304 
336 270 8 11 0.07015283 
681 191 8 10 0.070035286 
864 222 8 9 0.069744654 
766 214 8 10 0.069616444 
823 338 10 13 0.06955192 
176 215 7 9 0.06943412 
186 256 8 10 0.069300756 
122 222 7 10 0.069224186 
41 229 7 9 0.06912999 
816 224 7 10 0.06889037 
264 292 9 12 0.06881116 
127 174 8 9 0.06873181 
161 209 7 9 0.0687023 
742 335 11 14 0.068645604 
760 246 8 11 0.068091564 
863 248 8 10 0.067871265 
679 161 7 10 0.0678181 
261 260 9 11 0.06772538 
960 223 8 11 0.06766053 
305 200 8 11 0.06753144 
159 283 9 12 0.06725224 
112 222 8 10 0.06720015 
754 248 7 9 0.06711114 
711 356 14 16 0.06704093 
264 206 7 9 0.06701382 
840 167 7 9 0.06689428 
616 263 8 11 0.06679895 
768 316 9 12 0.06658796 
732 268 9 11 0.066407144 
826 180 8 10 0.066400155 
275 253 9 12 0.06634633 
785 176 8 10 0.06628945 
236 301 11 14 0.06627441 
927 215 7 9 0.06616809 
296 281 8 10 0.065982364 
583 283 10 12 0.06583505 
303 277 8 10 0.065672465 
955 309 8 10 0.065593146 
657 318 9 12 0.06542649 
872 250 7 9 0.065418944 
1014 238 8 12 0.06514206 
265 272 9 12 0.065118894 
159 223 7 9 0.065066025 
136 245 8 10 0.06505737 
649 272 8 10 0.065046825 
38 134 9 11 0.0649199 
752 230 8 10 0.064912476 
128 169 7 9 0.06489293 
175 194 7 8 0.06474805 
571 206 7 9 0.06466819 
658 169 7 9 0.06457474 
769 200 8 10 0.06453296 
64 259 8 11 0.06452106 
334 255 9 10 0.06437441 
566 253 8 10 0.06428795 
856 343 9 11 0.06426699 
758 207 8 9 0.06418215 
215 230 7 9 0.0641102 
910 312 9 11 0.06406041 
990 250 9 11 0.06403376 
568 265 7 10 0.06394942 
258 286 8 11 0.06394072 
656 201 7 9 0.063897155 
584 216 7 9 0.0635734 
311 168 7 9 0.063301146 
348 334 11 16 0.06326976 
648 190 7 9 0.063256666 
94 225 8 10 0.06323143 
248 184 8 10 0.06318744 
197 246 9 10 0.06286243 
594 182 7 9 0.062812425 
999 315 9 12 0.06277869 
947 197 7 10 0.062561475 
656 225 8 9 0.062401783 
59 233 7 9 0.062339816 
905 287 8 10 0.062250774 
853 280 9 11 0.06216817 
708 184 8 9 0.062036496 
253 228 8 11 0.062015023 
273 207 7 10 0.061943613 
880 276 8 11 0.061794657 
864 310 9 11 0.06152809 
65 214 7 9 0.06145506 
830 207 8 9 0.061443865 
74 197 8 9 0.06140788 
936 303 8 11 0.0613904 
1007 345 9 11 0.061362855 
278 233 7 9 0.061300863 
705 301 9 12 0.061157465 
832 237 8 10 0.061108798 
169 256 8 10 0.06106061 
686 348 9 11 0.061040763 
182 176 8 10 0.060994677 
889 215 7 9 0.060990456 
139 256 7 9 0.06068177 
786 144 7 9 0.06061182 
335 231 8 10 0.060507074 
823 214 8 10 0.060462747 
322 129 7 9 0.060283724 
888 223 8 10 0.0594839 
91 229 7 10 0.059454564 
977 215 7 10 0.059402388 
810 144 6 9 0.059199173 
141 214 8 10 0.058767818 
849 152 7 10 0.058486525 
898 223 7 10 0.05842223 
705 160 7 9 0.05828034 
662 168 8 9 0.058195185 
870 599 12 14 0.058177065 
760 311 8 12 0.05786874 
0 208 7 10 0.05777702 
930 349 8 12 0.057706513 
823 191 7 9 0.057589088 
887 249 7 9 0.057436585 
779 294 7 10 0.057409722 
967 223 7 10 0.05728156 
287 248 8 9 0.057073403 
625 303 9 11 0.056928124 
941 317 9 11 0.05681017 
840 323 10 15 0.05679494 
118 201 8 10 0.056776326 
720 271 8 11 0.056738067 
338 276 9 12 0.056672312 
689 226 8 9 0.05664356 
798 174 7 10 0.056642525 
919 200 7 10 0.056550827 
177 181 8 10 0.056421123 
159 167 8 10 0.05638197 
17 257 8 10 0.056270555 
64 274 8 9 0.05623938 
190 231 7 10 0.056151677 
967 316 10 12 0.05604929 
145 232 8 10 0.056043636 
886 365 10 14 0.055979244 
306 204 9 11 0.05595103 
832 216 8 10 0.055790786 
971 215 7 10 0.055487644 
195 184 7 9 0.055445902 
933 279 8 10 0.055434436 
912 294 8 10 0.055224534 
3 279 8 11 0.055176053 
696 224 7 10 0.05506674 
263 192 8 9 0.055032473 
327 303 10 11 0.05500545 
696 304 8 11 0.05484801 
809 222 8 10 0.054577857 
152 173 8 10 0.054455504 
785 210 7 9 0.054429915 
309 317 13 15 0.054256544 
712 225 8 10 0.054006364 
858 207 8 10 0.053891256 
688 166 7 10 0.053867165 
360 207 7 10 0.053839758 
615 240 7 9 0.053801656 
924 262 8 11 0.05364149 
957 228 8 10 0.053542648 
678 233 8 10 0.0535081 
994 325 9 11 0.05342722 
832 200 7 9 0.05294213 
887 232 7 9 0.052760832 
110 176 8 11 0.05271207 
174 254 8 9 0.052684292 
250 309 9 11 0.052594222 
938 222 8 11 0.052497618 
326 126 8 10 0.052468475 
208 236 8 10 0.052298915 
879 232 7 10 0.052286305 
71 253 8 11 0.05203688 
323 169 7 9 0.05176101 
73 273 9 11 0.051705007 
769 207 8 10 0.05161173 
638 205 8 10 0.051551744 
713 208 7 10 0.051519778 
818 214 8 10 0.051482417 
649 184 7 10 0.05134788 
914 176 7 9 0.051239356 
941 311 8 11 0.05121995 
863 209 7 9 0.05089943 
176 208 7 9 0.050860815 
110 238 8 11 0.05083679 
785 273 7 9 0.05080605 
225 205 8 10 0.050672278 
741 158 7 10 0.050640747 
798 328 8 12 0.050623994 
898 372 9 13 0.050446585 
753 194 8 10 0.050445285 
718 344 9 12 0.050218888 
702 238 8 10 0.050117914 
19 206 7 9 0.049989834 
146 222 8 10 0.049893156 
208 224 7 9 0.049643863 
814 255 8 10 0.049632728 
230 200 7 9 0.049585428 
839 286 9 11 0.049571916 
287 159 8 10 0.049516518 
215 250 8 10 0.04949603 
920 316 9 12 0.049473323 
736 247 8 9 0.049470432 
306 185 6 9 0.049451936 
178 223 8 9 0.049264386 
602 182 7 9 0.049174596 
904 218 7 9 0.049119774 
279 190 8 9 0.049049 
847 198 7 10 0.048830245 
318 221 8 11 0.048725326 
786 150 8 9 0.04862934 
270 271 9 11 0.048518866 
623 182 7 9 0.048480514 
935 264 8 10 0.048464827 
113 217 7 9 0.048356935 
136 133 8 9 0.04835013 
792 199 8 10 0.048279535 
78 248 8 10 0.048158385 
217 190 7 9 0.048117332 
145 184 8 10 0.04807283 
849 240 7 9 0.047983233 
161 232 7 9 0.0477124 
152 217 8 9 0.0476228 
217 285 10 12 0.047621213 
855 241 7 9 0.047620777 
609 216 7 9 0.04755976 
274 188 8 10 0.04748116 
130 239 8 10 0.04732523 
843 160 7 9 0.047311835 
792 293 8 10 0.04729318 
226 149 7 10 0.04717925 
921 284 8 10 0.04714567 
855 349 9 11 0.0471222 
130 189 8 10 0.04708333 
279 262 9 10 0.04700295 
627 207 7 9 0.046995327 
215 214 7 10 0.04698762 
634 326 13 16 0.04690432 
66 223 7 9 0.046519075 
962 247 8 9 0.046511903 
34 261 8 10 0.046377175 
835 261 8 10 0.04636638 
719 261 8 11 0.046336055 
703 176 7 9 0.04628834 
110 231 8 10 0.046204433 
317 270 8 10 0.046126314 
954 186 7 9 0.04609334 
656 174 7 9 0.046086647 
129 215 8 10 0.046046034 
234 272 9 12 0.04603812 
767 311 9 11 0.046002377 
371 538 14 17 0.045948435 
793 190 8 10 0.045863394 
80 120 8 9 0.045849595 
881 199 8 9 0.045832396 
709 296 9 11 0.045826994 
977 175 8 10 0.045774966 
704 311 10 12 0.045762323 
232 182 8 9 0.045726627 
225 231 8 10 0.045599703 
734 333 10 15 0.045458905 
979 241 7 9 0.045360655 
312 234 7 10 0.045326523 
822 288 8 11 0.04519877 
773 256 7 9 0.045116838 
280 213 8 10 0.044929452 
928 169 7 8 0.044862192 
253 542 13 16 0.044852365 
266 233 7 9 0.044806633 
927 258 7 9 0.044490293 
654 300 10 12 0.044397634 
185 216 7 9 0.044382725 
8 205 7 10 0.04437607 
671 175 7 8 0.04436344 
744 303 9 11 0.044319812 
809 205 7 10 0.044283483 
695 247 8 10 0.04426235 
873 160 8 9 0.04424719 
78 253 8 10 0.044226352 
302 235 9 11 0.044191174 
54 191 8 11 0.044024833 
743 153 7 9 0.043834295 
14 183 7 9 0.043731105 
18 246 8 10 0.0437084 
985 308 9 11 0.043702506 
24 270 9 11 0.043677982 
256 200 8 9 0.04365872 
938 286 8 10 0.043624513 
807 201 7 9 0.043597188 
273 216 8 10 0.043505058 
50 191 8 10 0.04350028 
26 134 8 10 0.043467555 
230 150 7 9 0.043447573 
545 177 8 10 0.043396905 
239 210 7 10 0.043370306 
161 238 7 10 0.043302838 
588 293 10 12 0.04329627 
944 293 8 11 0.043295432 
845 192 8 9 0.0432345 
675 165 7 9 0.04310132 
0 229 7 10 0.043075196 
353 144 8 9 0.043047115 
942 262 8 10 0.04280617 
672 220 8 10 0.042778086 
313 280 7 10 0.04275459 
209 160 7 10 0.04254234 
94 251 9 11 0.042424154 
933 359 9 11 0.0423445 
671 185 8 9 0.042278152 
5 244 9 11 0.042272285 
746 267 9 11 0.04218733 
960 169 7 8 0.0421729 
898 159 7 9 0.042042412 
342 230 9 11 0.042015888 
359 135 8 10 0.041962042 
641 191 7 9 0.041956984 
245 248 8 10 0.041893158 
71 246 8 11 0.041812986 
120 237 8 10 0.04178775 
559 233 8 10 0.041777954 
650 231 7 9 0.041738924 
298 237 7 10 0.041736796 
770 175 7 10 0.04172838 
689 205 7 10 0.041645557 
2 141 7 11 0.041635353 
313 175 7 9 0.041622665 
22 257 9 10 0.041564 
106 226 7 9 0.041419275 
824 151 8 9 0.04133945 
898 185 7 9 0.041303813 
889 201 7 9 0.041221734 
928 175 7 10 0.041207243 
232 177 7 9 0.04103967 
578 193 8 9 0.04103209 
785 190 8 10 0.040917326 
912 246 8 9 0.040872756 
262 247 8 10 0.040871445 
894 206 8 9 0.040861342 
966 206 8 9 0.040748887 
991 177 7 8 0.040717583 
807 330 10 14 0.04047725 
671 210 8 9 0.040437113 
752 341 9 13 0.04040312 
352 135 7 8 0.040363755 
670 297 9 10 0.040354148 
198 241 8 9 0.04032304 
896 167 7 9 0.040296137 
990 214 8 9 0.04022178 
657 255 8 9 0.040162444 
279 224 7 9 0.040141597 
720 199 7 9 0.04003442 
605 199 7 10 0.04000737 
603 207 7 9 0.039985772 
327 215 7 10 0.03995681 
934 296 8 10 0.03987026 
1006 552 13 18 0.039769284 
64 209 8 10 0.039746575 
248 191 8 9 0.039664004 
763 151 7 9 0.039626446 
179 237 8 10 0.039579634 
259 240 8 10 0.03956115 
900 294 9 11 0.039552364 
836 312 10 11 0.03954681 
879 159 7 9 0.039491042 
135 185 7 10 0.03948149 
926 318 8 10 0.03947617 
387 100 11 16 0.039438393 
216 225 8 9 0.039399747 
0 269 8 11 0.039335974 
737 318 9 11 0.039295565 
868 232 7 10 0.039222993 
801 246 8 10 0.03913637 
201 215 8 10 0.03913627 
777 182 7 9 0.03904464 
816 246 8 10 0.039021373 
289 200 7 9 0.03900844 
774 192 8 9 0.038940135 
172 372 11 15 0.038689636 
842 196 8 11 0.038613874 
856 159 8 10 0.03854489 
249 160 8 10 0.038515024 
631 304 8 11 0.038472015 
592 222 7 9 0.0383792 
943 303 8 10 0.038359214 
7 272 9 11 0.038343504 
330 232 7 10 0.038334545 
624 237 7 10 0.038276643 
649 214 8 9 0.03815532 
288 175 7 9 0.038154848 
914 182 8 10 0.038119696 
720 250 7 9 0.0380824 
1002 223 8 9 0.03792761 
192 224 7 10 0.037922684 
703 166 7 9 0.03789808 
591 215 8 10 0.03781162 
199 185 7 9 0.037763443 
871 197 8 10 0.037759423 
330 160 8 10 0.037750103 
912 344 10 12 0.03766053 
697 167 7 9 0.037634093 
872 214 8 9 0.037562065 
1009 213 9 12 0.037422273 
288 239 8 10 0.03738323 
688 285 10 13 0.03734329 
274 263 8 10 0.037312686 
121 205 7 10 0.03722772 
167 238 8 10 0.03722466 
97 146 9 12 0.037191093 
25 181 8 10 0.03689356 
896 217 7 9 0.036869414 
1015 231 7 11 0.03681019 
686 261 8 10 0.03676824 
847 248 7 9 0.036766823 
217 161 8 10 0.03675937 
256 213 8 10 0.036755893 
191 215 8 9 0.036672853 
169 207 7 10 0.036663212 
120 217 8 9 0.0366464 
897 264 7 9 0.03664005 
350 262 8 10 0.03656089 
816 202 8 9 0.036549296 
688 160 8 9 0.036305442 
830 311 10 12 0.03627888 
65 312 9 12 0.036263436 
1009 207 10 12 0.036232058 
591 210 7 9 0.036217652 
863 178 8 9 0.03620192 
825 223 7 10 0.036103576 
1005 509 15 21 0.03608685 
937 364 8 11 0.036069848 
343 286 9 12 0.036042534 
331 198 8 9 0.03599175 
919 207 7 9 0.035976823 
680 223 7 9 0.035839006 
912 158 7 10 0.03576207 
66 144 7 10 0.035678916 
162 159 8 10 0.035479166 
10 182 8 10 0.03544855 
793 183 8 10 0.0354479 
657 191 7 10 0.03541944 
143 127 7 9 0.035394784 
979 245 8 11 0.0353345 
712 324 9 11 0.035319697 
696 183 8 10 0.035299227 
135 160 8 9 0.035279155 
608 221 8 9 0.035226014 
802 142 7 10 0.03520056 
4 588 12 15 0.035178654 
376 252 10 12 0.03516387 
750 299 9 11 0.035066623 
828 344 10 11 0.035045814 
917 238 8 10 0.034959212 
824 201 7 9 0.034806024 
624 214 7 10 0.03480314 
299 192 7 9 0.034792166 
248 254 8 10 0.034746505 
9 201 7 10 0.034716483 
687 201 7 9 0.034682594 
55 206 7 9 0.03466408 
759 255 8 10 0.03466041 
360 215 8 10 0.034605294 
200 223 8 9 0.03451857 
127 117 7 10 0.034515508 
272 287 8 10 0.0344807 
202 159 8 10 0.03441236 
757 193 8 10 0.03439738 
982 265 8 9 0.034312 
29 578 15 17 0.034271274 
822 254 8 10 0.034171678 
115 200 7 10 0.03415343 
1009 199 7 10 0.03409613 
832 161 7 9 0.03407865 
953 208 8 9 0.034074176 
912 222 7 10 0.034060754 
919 176 6 9 0.03400719 
903 377 11 13 0.033897214 
710 273 9 11 0.03380173 
865 238 7 10 0.033749398 
283 159 7 9 0.03370588 
201 144 8 10 0.033681974 
801 295 8 11 0.033599194 
200 174 7 10 0.03355833 
321 174 7 9 0.033550784 
192 301 9 13 0.033519235 
130 231 7 9 0.03351473 
346 134 7 9 0.033461805 
817 337 10 13 0.033389926 
801 302 8 12 0.033359896 
32 135 7 10 0.03335459 
41 208 7 8 0.033340428 
0 213 7 10 0.033315267 
911 380 9 12 0.03331226 
170 193 7 9 0.033267245 
40 142 8 11 0.033174276 
7 240 8 10 0.03288445 
758 317 9 11 0.03282308 
931 247 9 11 0.032732762 
310 295 10 12 0.03273032 
1010 265 8 11 0.03271747 
78 141 9 11 0.032664526 
1013 213 9 12 0.03258624 
119 232 8 9 0.03258033 
249 199 8 10 0.032504987 
284 252 9 11 0.03250107 
995 309 8 12 0.032447156 
830 222 8 10 0.03236058 
328 247 8 10 0.032315265 
609 281 8 10 0.032297943 
920 312 8 10 0.03214591 
169 248 8 10 0.03209739 
207 165 7 10 0.0320614 
49 262 7 9 0.031981546 
225 193 7 9 0.031962566 
6 158 7 10 0.031919934 
696 202 7 9 0.031916294 
707 341 12 13 0.03188481 
767 166 8 9 0.031838655 
710 159 8 9 0.03182528 
913 191 7 10 0.03180627 
626 200 7 9 0.03177837 
600 249 8 10 0.03171951 
272 177 8 10 0.031680215 
77 213 8 10 0.03165541 
896 280 7 9 0.03163919 
838 280 9 10 0.031610124 
206 199 8 10 0.031608656 
977 261 7 10 0.031584635 
929 191 7 9 0.031564184 
903 236 8 10 0.031539027 
6 136 8 10 0.031533714 
88 120 8 9 0.031432 
735 226 7 9 0.031429224 
631 169 7 8 0.031407733 
801 240 7 10 0.031343088 
35 223 7 9 0.03134261 
221 273 9 12 0.031330746 
231 232 8 9 0.031314466 
687 191 7 9 0.031295247 
1016 245 7 12 0.031246897 
46 256 7 10 0.03122705 
209 145 7 9 0.031195994 
205 271 9 12 0.031150807 
830 276 8 11 0.031048037 
37 175 8 11 0.031044994 
958 190 8 10 0.031013265 
977 304 8 11 0.030833755 
328 223 8 10 0.030808216 
162 190 7 10 0.030801844 
162 184 8 10 0.030776273 
599 177 7 8 0.030753605 
808 286 8 11 0.0307419 
952 304 8 10 0.03067491 
911 215 8 10 0.030616758 
763 160 7 9 0.03055981 
272 247 8 10 0.030553268 
1004 332 9 12 0.030525962 
305 175 7 8 0.03051661 
869 370 9 12 0.030502766 
995 232 7 10 0.03050048 
679 215 8 10 0.030476766 
243 149 7 9 0.030463511 
874 209 7 9 0.03043648 
80 126 7 10 0.030389238 
1015 222 8 11 0.030387713 
881 225 7 9 0.030362455 
329 254 8 10 0.030359078 
320 217 8 10 0.030327084 
666 208 7 9 0.030257804 
678 334 9 10 0.030257232 
121 167 7 9 0.030239819 
928 311 7 10 0.030184764 
185 142 9 10 0.03017171 
303 190 7 9 0.030068647 
883 175 7 9 0.03006365 
265 167 7 9 0.030036233 
906 207 7 9 0.029994981 
46 230 8 10 0.029935313 
297 198 8 10 0.02987068 
282 152 7 9 0.029772375 
208 184 7 10 0.029768081 
326 308 11 14 0.029687718 
340 309 10 14 0.029587897 
776 231 8 10 0.029581452 
705 224 7 10 0.029565517 
858 166 7 10 0.029557897 
986 209 7 9 0.029471183 
73 149 7 10 0.029392848 
871 225 8 9 0.029342698 
182 181 8 10 0.02933012 
825 230 8 10 0.029315732 
965 248 8 10 0.029307315 
184 207 8 9 0.0293073 
312 161 7 9 0.0292762 
847 166 7 9 0.029266626 
281 293 9 11 0.029238997 
50 206 7 9 0.029237987 
1015 199 7 11 0.029180942 
864 166 7 9 0.029120442 
1 135 8 11 0.02908488 
302 248 8 10 0.029060585 
790 144 7 9 0.028978402 
664 174 7 8 0.02896944 
1007 221 8 11 0.028952114 
287 286 8 11 0.028889818 
202 231 7 10 0.028881859 
239 286 9 11 0.028832573 
288 167 7 10 0.028829103 
830 298 10 13 0.028783277 
897 287 8 10 0.028763877 
895 201 7 9 0.028750429 
904 159 7 9 0.02872893 
305 303 9 11 0.028701765 
676 315 10 12 0.028691107 
368 128 7 9 0.028679593 
993 420 11 13 0.028636761 
192 208 7 9 0.02863533 
258 247 8 10 0.028632792 
735 142 7 9 0.028624218 
744 144 7 9 0.028600017 
146 177 7 9 0.028593022 
651 240 7 10 0.028555606 
9 176 8 10 0.028476784 
720 333 10 13 0.028474355 
701 208 8 10 0.028438421 
842 144 7 9 0.0283572 
328 295 9 10 0.0283393 
46 149 8 10 0.028314428 
117 132 8 11 0.028302008 
217 208 8 9 0.028247245 
807 137 7 9 0.028246852 
29 200 8 10 0.028216451 
72 143 8 10 0.028152674 
266 176 7 9 0.028082922 
929 200 7 9 0.028058542 
78 263 8 11 0.028055307 
281 199 7 9 0.027895285 
355 208 7 9 0.027782677 
723 312 8 11 0.027746052 
578 371 19 22 0.027714213 
23 284 10 12 0.027677217 
281 169 7 9 0.02765915 
64 301 8 11 0.027625456 
216 185 7 9 0.027605018 
882 263 8 10 0.027593559 
807 295 8 10 0.027585294 
110 161 8 10 0.02755635 
804 217 7 9 0.027554723 
922 224 8 10 0.027518775 
921 182 7 9 0.02746198 
688 257 8 10 0.02742792 
255 160 7 9 0.02741341 
303 253 8 10 0.027400406 
34 246 8 11 0.027391767 
14 175 8 10 0.027352953 
734 298 10 12 0.027199611 
994 320 7 11 0.027156966 
248 263 8 10 0.02712975 
178 232 7 10 0.027129425 
48 271 8 10 0.027126843 
237 294 11 13 0.02711103 
97 299 10 14 0.027094912 
263 200 7 9 0.027078398 
650 175 7 9 0.027058663 
967 332 9 11 0.027051667 
159 248 7 9 0.026991919 
296 255 8 10 0.026964262 
112 166 8 10 0.026906222 
16 278 9 11 0.026865516 
326 134 7 9 0.026836969 
912 233 7 9 0.026827326 
650 247 8 9 0.026817437 
21 247 8 10 0.026792608 
618 183 7 8 0.02675911 
992 304 8 10 0.026740387 
578 217 7 9 0.026716972 
169 214 7 10 0.026586892 
864 305 8 10 0.02655889 
655 182 8 10 0.026554557 
944 247 7 10 0.026551874 
0 199 6 10 0.026508318 
169 284 10 13 0.026438061 
760 136 7 9 0.026433324 
918 344 9 11 0.026411392 
258 192 7 9 0.026336944 
601 216 7 9 0.026316924 
194 168 7 9 0.026290286 
595 253 8 10 0.026281439 
600 168 7 9 0.026252948 
51 135 7 10 0.026218504 
577 183 7 8 0.026185198 
113 265 8 11 0.026128834 
913 492 21 30 0.026092414 
321 254 8 10 0.026057735 
847 144 8 10 0.026028346 
738 154 7 9 0.026000759 
978 230 8 9 0.025985004 
1016 255 7 11 0.025955295 
865 200 8 9 0.025928706 
649 276 8 11 0.025900653 
10 262 7 10 0.025886308 
277 269 9 10 0.025861442 
665 240 8 9 0.02583569 
595 177 7 8 0.025828537 
376 128 7 8 0.02582405 
782 312 8 10 0.025822815 
373 248 10 12 0.025783103 
625 192 7 9 0.025778485 
847 175 8 9 0.025760345 
14 101 9 11 0.025732625 
319 313 11 12 0.025731293 
181 151 8 10 0.025720632 
253 304 9 12 0.025702475 
813 327 10 12 0.025613938 
906 199 7 9 0.025563762 
766 233 8 9 0.02551173 
48 168 8 10 0.025511209 
143 145 9 10 0.025503334 
0 174 8 10 0.025494535 
289 279 8 11 0.025431018 
286 192 7 9 0.02541842 
32 141 7 10 0.025418235 
1003 309 11 13 0.025374377 
304 311 10 13 0.025355343 
199 304 11 15 0.025347138 
927 286 7 10 0.025339471 
6 284 10 12 0.025321126 
959 271 8 10 0.025277123 
856 150 8 10 0.025207287 
298 183 7 9 0.02516989 
1008 233 8 10 0.025142835 
53 198 8 10 0.025141932 
59 278 8 11 0.02512518 
842 173 8 10 0.02504844 
167 185 7 9 0.02504582 
17 241 7 9 0.025045004 
881 183 8 9 0.02498005 
254 167 7 9 0.024913585 
937 227 8 12 0.02488758 
298 246 8 11 0.024851376 
729 304 7 10 0.024824355 
87 113 8 9 0.024729468 
776 300 8 11 0.024723278 
144 199 8 10 0.02471405 
254 271 9 12 0.024702726 
968 228 9 11 0.024653146 
770 192 8 9 0.024650138 
736 324 8 13 0.024612883 
978 170 7 8 0.024538731 
960 174 7 9 0.024497049 
245 240 8 9 0.024403136 
698 175 8 10 0.024396576 
984 359 9 12 0.024382882 
352 150 8 10 0.024349015 
309 310 11 13 0.024328731 
235 254 7 10 0.024328468 
845 255 8 10 0.024322212 
769 182 7 10 0.024267111 
824 265 8 10 0.024232222 
143 348 12 16 0.024108484 
152 208 8 10 0.023982106 
40 129 8 10 0.023975054 
742 204 9 11 0.02397232 
632 214 7 10 0.023962326 
72 209 8 10 0.023930661 
866 287 8 11 0.023877142 
-1 256 7 11 0.023859909 
779 288 8 10 0.023850033 
920 365 9 11 0.023841053 
121 190 7 9 0.023826962 
834 375 9 12 0.023825483 
629 174 8 9 0.023811653 
577 222 8 9 0.023789914 
953 213 8 10 0.023779072 
111 206 8 10 0.023664681 
975 256 8 11 0.023663944 
104 263 8 10 0.023660742 
225 304 8 11 0.02361179 
34 240 7 9 0.023591138 
235 262 8 10 0.023568701 
143 261 8 10 0.023564741 
590 287 9 12 0.02353039 
953 174 7 9 0.023514023 
25 190 7 10 0.023507012 
121 184 8 10 0.023497721 
230 193 7 9 0.023397597 
334 192 8 10 0.023377007 
623 233 8 9 0.0233139 
920 274 7 9 0.023312313 
293 209 8 10 0.023289332 
216 238 7 11 0.023259692 
78 238 8 9 0.023252018 
287 293 8 11 0.023183715 
793 158 7 10 0.023165343 
304 225 8 11 0.023124613 
1005 366 10 14 0.02309074 
93 340 13 15 0.023082603 
786 199 8 9 0.023009634 
958 185 8 9 0.022984952 
865 161 7 9 0.02295333 
774 199 8 9 0.022924164 
233 223 8 9 0.02291954 
17 127 7 9 0.022917327 
718 238 7 10 0.022914402 
897 311 9 11 0.022897515 
880 213 7 9 0.022881143 
143 249 7 9 0.022783507 
232 166 8 9 0.02277153 
696 350 9 13 0.022725435 
832 326 9 12 0.022631045 
193 175 7 10 0.022617232 
0 286 8 11 0.022611411 
955 169 7 9 0.022594618 
335 335 13 17 0.02259087 
959 216 7 9 0.02256866 
265 161 6 9 0.022550587 
230 145 8 10 0.022513596 
729 226 8 10 0.02250548 
990 182 8 9 0.022492295 
288 223 8 10 0.022467086 
824 146 7 9 0.02242161 
933 339 10 14 0.022421375 
272 168 7 9 0.022400105 
602 260 8 10 0.022322176 
938 169 7 9 0.022308858 
910 288 8 10 0.022272993 
184 158 7 10 0.022246104 
791 256 8 9 0.022244062 
649 201 7 9 0.022230342 
48 143 8 10 0.0222242 
335 308 11 14 0.022215797 
216 259 9 11 0.022197751 
17 201 7 9 0.022172946 
320 158 8 9 0.02214994 
18 217 7 8 0.022136156 
225 214 7 10 0.022125708 
823 160 8 10 0.022103624 
330 192 8 10 0.022092523 
640 250 8 9 0.022086024 
321 247 7 10 0.022023207 
736 213 7 10 0.021985956 
617 294 9 11 0.021973947 
78 193 8 10 0.021973666 
593 192 8 10 0.021914491 
176 156 7 10 0.0218954 
32 166 8 10 0.02185799 
838 490 11 15 0.021821138 
31 160 8 10 0.021794869 
861 343 9 11 0.021771295 
594 197 8 10 0.0217503 
839 241 8 10 0.021723395 
386 310 10 12 0.021723209 
984 176 7 8 0.021722605 
48 224 7 9 0.02168177 
346 261 8 10 0.021669066 
978 287 10 14 0.021641474 
641 215 7 9 0.021618027 
240 533 13 17 0.02160898 
706 246 8 10 0.021606512 
209 176 7 9 0.021470755 
866 496 15 17 0.021410884 
151 198 8 10 0.021410588 
340 316 12 15 0.021393158 
216 117 9 11 0.021258436 
894 271 8 10 0.021202112 
717 193 8 10 0.021190833 
32 150 7 10 0.021135805 
319 183 7 9 0.021122815 
798 169 7 10 0.021086298 
577 340 15 18 0.021015944 
247 207 8 9 0.021001175 
150 184 7 10 0.020988321 
211 249 7 10 0.020987486 
341 325 12 13 0.02097064 
943 170 7 9 0.020970523 
1010 464 9 11 0.020908743 
8 151 8 10 0.020900097 
57 272 7 10 0.02089225 
301 293 9 11 0.02083805 
223 225 7 9 0.020835612 
166 166 8 10 0.020804293 
748 330 12 15 0.020790149 
801 159 7 9 0.020780656 
981 341 12 14 0.020757155 
913 154 6 8 0.020746324 
807 246 8 10 0.020743418 
943 270 8 10 0.02073473 
622 307 11 12 0.020691818 
841 292 8 12 0.020680653 
695 161 7 9 0.020678036 
850 206 7 10 0.020648804 
854 268 8 11 0.020638086 
743 181 8 10 0.02061174 
80 135 8 11 0.02059145 
614 246 8 9 0.020590844 
694 286 8 12 0.020590683 
298 144 8 10 0.020573279 
665 162 7 8 0.020557014 
88 125 8 11 0.02055632 
21 464 15 19 0.020553479 
945 157 7 9 0.020515654 
295 168 7 9 0.020491706 
756 342 10 13 0.020484708 
35 217 7 9 0.020437086 
802 253 8 10 0.020411843 
65 136 7 9 0.020402286 
366 154 8 10 0.020360744 
126 532 13 16 0.020347772 
616 356 12 17 0.020346249 
7 128 8 9 0.02031163 
233 160 8 9 0.020288935 
733 239 7 9 0.020279976 
656 215 6 9 0.020274658 
127 248 7 10 0.020249344 
776 246 7 10 0.02024178 
569 190 7 10 0.020239508 
223 292 8 11 0.020231804 
129 207 7 10 0.020218858 
790 289 8 10 0.020189738 
243 144 7 9 0.020189134 
46 247 8 10 0.020166915 
75 129 7 9 0.020164106 
332 302 10 13 0.020104622 
856 360 10 11 0.020088175 
913 168 7 9 0.02008727 
557 208 7 10 0.020036 
304 316 13 15 0.020012151 
