0_Parade_marchingband_1_74
424
189 363 35 44 0.9965809 
781 385 13 17 0.9915513 
804 361 12 16 0.9880216 
717 401 15 20 0.9869838 
606 408 15 19 0.98619324 
502 386 13 16 0.9854962 
701 386 12 14 0.9839612 
467 372 13 17 0.9821566 
564 369 14 18 0.9819302 
837 324 12 15 0.98142195 
684 349 12 15 0.9812066 
484 334 12 15 0.9804304 
572 334 11 14 0.97976744 
852 351 13 16 0.97970355 
661 414 15 18 0.9770463 
743 370 13 16 0.9751516 
548 347 11 13 0.9733551 
765 301 11 14 0.9729687 
464 339 12 15 0.9710527 
457 317 11 14 0.9708383 
868 383 13 16 0.96984214 
315 330 12 15 0.96886665 
582 391 14 18 0.9684912 
350 345 13 16 0.9661596 
403 330 13 16 0.9647605 
527 361 13 17 0.96409553 
508 315 11 15 0.9640385 
279 299 10 13 0.9623378 
629 374 14 17 0.9620151 
710 359 12 15 0.96126735 
434 363 13 16 0.95713013 
386 339 13 17 0.95572513 
760 394 15 17 0.94395745 
824 396 12 16 0.94321936 
590 314 11 14 0.94167864 
582 294 12 15 0.9409005 
249 309 13 16 0.94085926 
839 376 14 16 0.9394515 
910 376 12 16 0.9168273 
655 302 11 14 0.91614956 
555 298 11 14 0.9142006 
494 302 12 15 0.90910023 
775 316 12 14 0.9064197 
675 394 11 15 0.90217924 
952 330 12 15 0.8915306 
409 358 12 15 0.88867116 
424 315 11 13 0.88577 
440 310 10 14 0.88522375 
529 405 13 16 0.8794252 
796 307 11 14 0.87758696 
662 285 11 13 0.8767073 
874 354 13 17 0.87583554 
736 338 12 15 0.87334365 
734 304 11 14 0.8710584 
816 277 12 14 0.86257327 
178 299 12 15 0.86118114 
632 269 10 12 0.85630554 
348 314 11 14 0.85590327 
769 342 13 17 0.8464738 
889 309 10 14 0.84417766 
619 325 11 14 0.8362957 
904 342 11 15 0.8351765 
629 304 10 12 0.83443743 
959 361 12 15 0.8292933 
930 366 12 14 0.8275493 
603 351 11 14 0.81890786 
577 358 11 14 0.80796474 
540 324 10 14 0.8039322 
824 302 12 15 0.8031977 
212 316 12 15 0.79692984 
267 316 11 13 0.7878969 
658 366 12 16 0.78489393 
375 325 11 13 0.7687078 
757 274 11 14 0.75938207 
295 321 12 14 0.75904477 
752 325 12 14 0.75055474 
675 323 11 14 0.7348016 
856 294 10 13 0.71822774 
496 360 12 14 0.68535644 
724 286 10 12 0.6848968 
215 285 10 12 0.67781013 
920 326 10 13 0.67460686 
1005 299 11 13 0.6699737 
512 343 12 15 0.66977376 
707 336 10 12 0.66869664 
405 294 10 13 0.6673556 
889 328 10 12 0.65933454 
652 347 10 12 0.62862504 
785 336 12 17 0.6275325 
995 330 11 15 0.6171986 
9 111 9 11 0.598589 
889 350 11 14 0.5764508 
869 340 11 13 0.5697622 
1005 274 10 12 0.5529699 
607 315 10 12 0.54303277 
563 283 11 13 0.5334617 
974 352 10 13 0.5306224 
705 302 10 13 0.51546586 
368 309 10 13 0.50849456 
261 267 11 14 0.50590295 
544 279 11 13 0.46934617 
967 311 9 12 0.44666305 
135 282 10 14 0.434688 
595 382 12 15 0.43049797 
617 358 11 16 0.41794974 
193 287 9 11 0.40117553 
990 196 8 10 0.39933997 
823 335 12 15 0.39911214 
935 299 9 13 0.3865376 
640 283 11 13 0.35937533 
784 298 10 13 0.35602662 
617 296 8 11 0.3433123 
718 309 9 12 0.34046265 
942 355 9 14 0.29559156 
383 383 11 16 0.29398727 
918 332 10 12 0.27227706 
520 294 9 12 0.2679793 
423 293 10 11 0.2614009 
814 350 11 14 0.2520582 
768 293 11 14 0.24866383 
772 288 10 12 0.24604551 
1015 379 8 13 0.23930824 
431 421 10 12 0.23883064 
689 301 9 11 0.23343898 
449 295 8 10 0.22723706 
532 302 11 12 0.22501339 
1005 352 10 12 0.21504964 
865 52 11 14 0.21020101 
492 276 9 12 0.20931228 
161 295 9 12 0.2075436 
334 303 10 12 0.20510897 
886 293 9 10 0.20313627 
348 294 10 12 0.20132437 
965 357 12 15 0.18553828 
203 339 11 14 0.18547976 
728 327 9 11 0.18282624 
557 326 10 13 0.18121155 
434 287 8 11 0.1790447 
887 289 8 10 0.17492993 
465 296 9 11 0.16827187 
264 355 10 13 0.16610742 
175 327 10 15 0.1659306 
985 356 9 11 0.16231938 
902 300 8 12 0.16104999 
638 347 9 12 0.1577753 
532 309 11 13 0.15445335 
806 310 9 12 0.15243328 
704 287 9 10 0.1470733 
837 287 10 13 0.14495744 
303 286 9 11 0.14445312 
376 293 9 11 0.14032799 
452 347 10 13 0.13523763 
235 286 7 10 0.13430646 
437 286 9 11 0.12690856 
902 295 8 10 0.12645587 
535 317 10 14 0.12544169 
654 248 10 12 0.12071674 
373 340 9 12 0.11642669 
469 299 9 12 0.11617711 
422 300 10 12 0.111344695 
678 244 9 11 0.11067843 
791 284 9 11 0.110276006 
870 350 13 16 0.10818462 
343 286 9 11 0.10673934 
1014 356 9 13 0.10533257 
346 395 15 18 0.10171573 
861 318 9 11 0.09899195 
645 293 10 12 0.0967131 
862 424 12 16 0.09553221 
967 302 10 11 0.09506476 
642 311 8 11 0.09407417 
1014 425 9 16 0.093278676 
371 348 10 13 0.09085768 
233 310 9 12 0.09033764 
320 285 10 12 0.08912885 
433 348 11 13 0.0888559 
687 311 9 11 0.08869509 
949 92 11 16 0.088171676 
882 293 8 11 0.0880204 
934 272 9 11 0.087629825 
329 304 9 12 0.08727793 
477 324 11 12 0.08703417 
712 307 9 12 0.08684478 
633 326 10 13 0.08615773 
431 411 11 16 0.08511743 
344 300 10 12 0.08454149 
814 272 11 14 0.08300344 
453 294 8 11 0.082957536 
721 350 11 14 0.08008244 
381 293 9 11 0.07983184 
90 225 15 19 0.078588955 
309 362 10 14 0.078325346 
344 374 10 12 0.07715856 
298 286 9 11 0.0752999 
704 293 10 11 0.07513493 
446 301 9 11 0.0743423 
648 299 11 15 0.0724847 
175 285 8 10 0.071135305 
843 254 10 13 0.06955424 
927 320 10 12 0.06915726 
643 280 11 12 0.06861349 
896 303 9 12 0.06672364 
967 296 9 11 0.0648994 
429 312 10 14 0.06488875 
672 344 9 11 0.06424688 
168 288 8 10 0.06316523 
128 310 11 13 0.061099607 
910 411 10 13 0.06002733 
321 308 9 11 0.059694167 
720 290 11 12 0.059002645 
633 429 11 15 0.05893992 
632 422 10 12 0.057492003 
961 301 9 11 0.057122357 
159 311 7 9 0.056594443 
694 296 8 11 0.055503566 
286 285 9 10 0.05487799 
1012 300 10 13 0.054859485 
596 315 10 13 0.054021344 
262 374 10 11 0.053321626 
833 292 10 12 0.05320772 
991 294 9 12 0.05210436 
462 257 8 10 0.05179456 
781 242 11 14 0.05061938 
429 293 9 10 0.0501011 
179 331 11 14 0.04933824 
711 278 8 10 0.04786254 
735 284 8 11 0.047276963 
710 232 11 12 0.04628742 
392 286 8 10 0.04625111 
447 289 8 10 0.046123378 
441 305 9 11 0.045632493 
612 316 12 14 0.044908367 
1014 363 10 18 0.04458091 
304 310 10 13 0.044395007 
930 294 11 14 0.04370223 
959 99 14 16 0.043696977 
963 317 10 12 0.042609926 
973 262 8 9 0.042324554 
341 388 15 20 0.042211436 
137 278 11 14 0.041977204 
883 288 7 9 0.04194313 
339 287 8 10 0.041754946 
489 295 8 10 0.041500513 
526 256 8 10 0.041212577 
571 446 13 15 0.04081274 
934 305 11 14 0.040788956 
589 321 12 14 0.040687818 
154 280 7 10 0.040487263 
958 410 9 12 0.0392492 
791 302 10 14 0.03922134 
518 299 10 12 0.03898315 
335 294 8 10 0.03875076 
439 223 11 12 0.038588315 
972 300 11 13 0.03848757 
968 261 10 10 0.038413268 
461 414 10 15 0.037763827 
915 335 8 11 0.037680373 
860 300 10 13 0.036751587 
638 316 9 11 0.036476225 
464 418 10 15 0.036203165 
929 278 10 11 0.03617613 
382 288 9 11 0.03599091 
862 312 9 11 0.03564157 
412 333 10 14 0.03557893 
468 421 11 15 0.035433 
490 301 10 14 0.035374217 
944 286 8 11 0.03535097 
987 193 8 11 0.035092182 
661 334 9 10 0.03464375 
456 404 10 14 0.034591965 
473 324 10 12 0.03457115 
991 339 10 12 0.03453471 
310 285 9 11 0.034420878 
755 319 12 14 0.0344036 
895 288 9 10 0.034347236 
810 269 9 12 0.034040105 
638 301 9 13 0.03359922 
785 285 10 11 0.033596307 
674 245 9 11 0.033451755 
164 300 9 11 0.03342243 
571 427 11 12 0.03325573 
902 289 8 10 0.032973446 
599 295 9 11 0.032939456 
691 349 10 14 0.032835912 
820 354 10 13 0.032804385 
209 311 12 16 0.03270534 
910 425 13 15 0.032678563 
681 312 9 11 0.032630496 
348 289 9 10 0.032526597 
708 295 10 11 0.032441318 
712 273 8 10 0.032244075 
479 285 9 10 0.032131832 
397 319 10 11 0.031962655 
209 321 13 16 0.031819034 
933 287 11 12 0.031606477 
1014 414 9 16 0.031604942 
1008 226 13 17 0.03157084 
663 253 8 11 0.031432703 
285 281 9 10 0.031232035 
856 311 9 11 0.031164153 
687 231 8 10 0.030927563 
1001 317 8 10 0.030864812 
614 286 9 11 0.030796075 
373 303 8 11 0.030712798 
143 293 9 11 0.030702908 
608 303 9 10 0.030511495 
416 295 9 11 0.03045254 
285 380 10 13 0.030407201 
705 281 8 10 0.03033033 
383 376 9 13 0.030309936 
797 283 9 12 0.030308776 
686 315 8 12 0.030249761 
1002 355 9 11 0.030158965 
471 22 11 14 0.029651783 
500 307 12 15 0.029600466 
487 381 10 14 0.02936855 
400 299 10 12 0.029190589 
778 311 11 13 0.029076392 
950 349 9 12 0.029053958 
928 285 10 12 0.028953107 
131 279 11 14 0.02892277 
649 251 10 11 0.028778354 
379 387 14 20 0.02852488 
441 293 8 11 0.02851011 
417 301 8 10 0.028352184 
845 283 10 13 0.028255159 
265 229 15 20 0.028235069 
735 243 12 14 0.02814207 
942 295 9 12 0.028044358 
435 404 11 16 0.02802883 
702 325 9 11 0.028018516 
958 59 14 17 0.028004158 
294 205 13 17 0.027835662 
848 312 9 11 0.02743139 
992 287 9 11 0.027421145 
205 721 11 15 0.027400257 
705 211 10 14 0.027399912 
672 256 8 10 0.0273859 
823 254 9 11 0.02738303 
267 387 13 17 0.027340136 
383 311 9 11 0.027252864 
296 293 9 10 0.027154729 
701 268 9 11 0.027140284 
165 269 8 11 0.027120477 
461 405 9 12 0.027094746 
257 262 13 15 0.026957408 
300 205 15 17 0.026944362 
190 187 34 36 0.026696084 
523 449 12 16 0.02669373 
813 265 8 10 0.026604593 
233 293 8 9 0.026482577 
646 309 9 12 0.026434414 
326 306 9 13 0.026311822 
196 290 11 14 0.026246496 
161 288 8 9 0.026083449 
845 317 10 13 0.026082551 
973 296 10 12 0.025998414 
301 291 9 12 0.025888486 
522 256 8 10 0.025782108 
383 302 9 11 0.025731832 
950 389 10 12 0.02566682 
599 301 9 11 0.025562294 
934 326 9 12 0.025423445 
558 320 10 13 0.025416385 
732 325 9 11 0.025398184 
861 325 10 11 0.02533653 
135 289 10 12 0.025082523 
873 295 8 11 0.025035681 
937 350 10 12 0.024991114 
158 280 8 10 0.024705134 
919 338 10 13 0.024619339 
724 355 10 13 0.02461705 
341 380 13 16 0.024595203 
815 300 9 13 0.024331503 
495 325 8 11 0.024301292 
238 281 9 11 0.024251364 
309 384 12 13 0.024205957 
416 287 8 9 0.02412472 
307 316 10 13 0.023997068 
982 353 9 11 0.023995169 
208 279 8 12 0.023989094 
382 335 13 17 0.02397542 
184 287 8 10 0.023920044 
655 296 11 13 0.023671776 
514 295 9 11 0.023288101 
269 323 11 13 0.023281978 
693 309 9 11 0.023204153 
898 293 8 11 0.023169445 
634 319 8 11 0.02297202 
965 425 15 19 0.022931717 
635 332 11 13 0.02277853 
543 302 9 11 0.022774244 
380 318 9 12 0.022672368 
700 262 10 13 0.022661716 
152 302 8 11 0.022598246 
929 312 9 11 0.02238561 
787 234 14 17 0.022234762 
201 279 8 11 0.022119131 
281 286 9 10 0.02204878 
983 320 8 10 0.022032695 
546 309 9 11 0.0219886 
864 58 12 15 0.021833811 
1007 284 11 15 0.021816734 
1015 286 9 12 0.021740446 
519 222 9 11 0.021732315 
1014 306 10 15 0.02168857 
816 342 12 13 0.021615736 
345 323 9 13 0.021416064 
859 349 12 16 0.02131428 
1008 344 10 13 0.021269256 
151 297 7 10 0.021203626 
840 281 10 12 0.02076354 
911 317 8 11 0.020690445 
704 205 12 15 0.020552183 
221 291 9 12 0.020539086 
661 342 9 13 0.020530328 
915 428 13 15 0.020501386 
45 382 15 16 0.020374395 
610 311 11 13 0.020373154 
183 340 11 14 0.02034511 
551 332 11 15 0.020241586 
295 398 10 11 0.020135852 
669 402 12 15 0.020131512 
377 366 10 14 0.020016681 
