0_Parade_Parade_0_850
81
836 292 29 42 0.9982223 
623 289 30 37 0.9976261 
941 284 28 36 0.99705637 
484 298 25 32 0.99481034 
750 303 23 29 0.9940789 
189 316 15 19 0.98994154 
73 319 16 20 0.98000884 
250 315 19 24 0.9775324 
363 312 23 27 0.9767893 
126 318 15 19 0.97288865 
153 314 16 21 0.96968037 
33 318 15 19 0.9584065 
543 333 13 18 0.9568201 
989 327 14 20 0.9488524 
50 325 10 15 0.7456825 
858 332 19 22 0.7021879 
271 312 14 18 0.66349024 
227 323 12 16 0.41265118 
13 300 10 14 0.38069302 
750 259 14 21 0.34961963 
4 326 10 13 0.29724857 
165 303 11 16 0.2404786 
272 182 11 14 0.22496964 
0 315 10 17 0.21165065 
209 321 16 20 0.19333676 
376 236 10 13 0.16550265 
407 327 9 11 0.122918196 
1007 303 16 23 0.118811265 
107 339 14 17 0.10744865 
378 297 12 17 0.10153193 
163 315 13 18 0.1004975 
864 328 24 27 0.092713244 
757 256 21 24 0.08147073 
13 339 13 16 0.07694133 
158 302 13 17 0.076914914 
263 300 11 13 0.0660282 
424 333 10 13 0.06518116 
172 317 12 16 0.06266588 
944 239 25 29 0.052716307 
36 309 15 18 0.050619338 
46 318 12 15 0.049391273 
69 347 11 14 0.043183345 
580 297 12 17 0.04290575 
183 275 10 14 0.03863874 
151 300 15 16 0.03860741 
3 306 12 15 0.03758736 
22 340 11 16 0.036776006 
78 309 14 17 0.03623747 
206 328 13 16 0.035318393 
523 331 12 13 0.03499589 
262 276 17 19 0.034201134 
956 181 10 14 0.03341434 
61 324 12 16 0.033398837 
53 320 11 14 0.032223504 
60 317 13 16 0.03136231 
941 246 15 20 0.030353442 
535 303 10 13 0.030246673 
401 327 10 13 0.030069964 
855 234 25 29 0.029629268 
543 300 11 13 0.029093534 
967 281 14 19 0.028217979 
54 344 10 14 0.027863327 
852 60 30 42 0.027257778 
237 321 13 19 0.026143817 
221 310 15 19 0.02608377 
150 396 9 11 0.025314353 
977 150 10 11 0.025034448 
110 389 8 12 0.02488625 
43 309 11 14 0.024820225 
859 280 17 21 0.02436245 
99 301 11 13 0.024320232 
94 315 15 17 0.023904644 
372 266 16 21 0.023452088 
79 301 13 14 0.022838907 
257 308 19 26 0.022806857 
124 310 16 19 0.021913009 
114 339 12 17 0.021875532 
354 271 10 13 0.020726392 
398 331 11 14 0.02055335 
378 231 11 14 0.020518398 
80 293 12 15 0.020503737 
