0_Parade_Parade_0_502
49
858 363 23 32 0.9959791 
465 402 34 43 0.99455243 
709 362 33 44 0.99086225 
1 332 31 37 0.989441 
529 361 22 27 0.97657496 
89 493 25 30 0.9760133 
281 381 25 32 0.9736304 
430 386 24 28 0.94342834 
937 382 22 35 0.9031742 
567 368 18 21 0.89674586 
348 394 11 15 0.83855873 
408 361 23 25 0.8286765 
1007 391 15 22 0.617063 
146 362 34 39 0.4718268 
324 423 25 28 0.38125685 
954 348 13 17 0.28343767 
570 422 11 14 0.14094071 
157 351 33 43 0.07248689 
996 572 15 18 0.0674061 
416 528 26 56 0.0612999 
391 399 21 30 0.05665551 
244 343 20 28 0.056245092 
1016 550 7 11 0.05597287 
997 387 15 20 0.052520297 
1015 589 8 13 0.05181313 
306 381 13 18 0.048214573 
560 368 13 19 0.04739878 
298 383 14 22 0.041470464 
997 588 12 15 0.03854823 
454 393 15 21 0.038292408 
336 427 20 23 0.035873752 
361 388 11 17 0.034952197 
403 467 30 39 0.03067859 
172 355 35 35 0.030120768 
460 398 25 35 0.029910192 
126 430 22 30 0.029795313 
133 335 41 58 0.028089572 
808 603 11 13 0.027973881 
44 303 41 57 0.027821217 
820 362 17 21 0.02324973 
816 372 12 19 0.023022495 
610 373 15 18 0.022526074 
827 379 16 19 0.022079699 
361 381 11 15 0.02205123 
185 361 36 34 0.021798788 
820 376 16 19 0.021589048 
132 341 22 30 0.020972405 
942 389 26 36 0.020551717 
400 364 16 21 0.02054594 
