0_Parade_marchingband_1_620
173
911 326 32 35 0.99726295 
660 336 32 36 0.9954737 
800 412 30 38 0.99465597 
439 241 23 26 0.9844132 
764 339 30 34 0.9785744 
841 352 25 29 0.97034967 
193 175 19 22 0.9698415 
118 273 21 27 0.9609744 
954 235 15 18 0.9457009 
604 241 19 21 0.94009954 
85 192 14 18 0.91915196 
258 200 16 20 0.8969449 
324 242 18 21 0.86312383 
819 250 22 26 0.8622502 
397 193 11 15 0.8595391 
468 192 14 18 0.843211 
905 217 17 20 0.8383375 
587 179 13 17 0.82522786 
290 237 15 19 0.77357846 
858 203 15 18 0.72418207 
972 216 16 19 0.66766137 
762 211 15 17 0.6240859 
624 164 9 12 0.5990448 
108 187 15 18 0.5812192 
919 260 13 18 0.5697328 
842 233 13 17 0.5612937 
1011 332 13 25 0.4355101 
811 195 13 16 0.39123368 
115 189 13 19 0.36625215 
339 244 13 20 0.36356837 
408 175 10 12 0.36174938 
966 267 22 30 0.32817346 
938 554 65 76 0.31260985 
718 164 11 13 0.305257 
514 175 10 13 0.29076546 
404 231 11 14 0.220383 
413 190 10 14 0.21841942 
940 175 15 21 0.17075257 
415 181 10 14 0.17043222 
407 210 11 14 0.16444528 
560 163 13 17 0.16090673 
528 187 11 14 0.1541852 
859 260 15 19 0.14080228 
310 186 13 16 0.1338575 
264 247 10 12 0.13113716 
325 175 12 15 0.112470895 
406 194 11 15 0.108083114 
422 183 11 14 0.10369628 
94 149 13 16 0.10243279 
871 179 9 12 0.0994856 
0 136 9 17 0.09736781 
854 180 12 14 0.09671748 
868 227 13 17 0.09335624 
489 235 16 19 0.08632796 
625 190 10 13 0.08558982 
222 173 12 14 0.07992989 
329 257 18 20 0.07644407 
130 227 20 28 0.07599628 
518 196 9 12 0.07148174 
488 174 9 12 0.068534 
788 250 16 18 0.06779811 
315 166 11 14 0.067549065 
600 197 9 12 0.06444255 
17 134 11 16 0.06206911 
910 189 10 13 0.06204062 
143 240 13 16 0.061980546 
868 266 13 17 0.06066041 
511 189 10 12 0.059546307 
935 253 11 15 0.059032854 
64 251 12 13 0.057100575 
817 221 15 18 0.056051027 
487 215 15 18 0.054599363 
769 219 13 15 0.052375883 
171 189 14 17 0.05189802 
958 172 13 15 0.050084643 
964 166 12 14 0.049660403 
904 187 11 14 0.048819236 
631 173 9 12 0.04842217 
745 287 17 22 0.048082177 
778 410 17 21 0.047134887 
880 197 11 14 0.046756297 
489 198 8 11 0.046471022 
308 194 14 17 0.04608979 
970 290 15 19 0.045205113 
860 181 11 14 0.04494244 
978 224 14 17 0.04370642 
54 138 11 15 0.04357257 
389 238 15 17 0.04335773 
342 190 8 11 0.043049295 
597 191 9 12 0.042089373 
874 228 16 18 0.03980857 
512 197 10 11 0.039132427 
831 199 12 16 0.03888043 
62 188 13 17 0.038573317 
618 276 18 29 0.038200386 
353 197 9 11 0.03819975 
1 206 30 34 0.038122933 
822 188 9 11 0.037065897 
429 189 9 13 0.03570408 
947 210 16 20 0.035510264 
0 96 10 19 0.03470122 
519 192 10 12 0.033870492 
331 179 12 14 0.03329992 
624 173 9 12 0.03327656 
695 181 7 10 0.032928426 
104 182 14 18 0.032661732 
619 164 9 12 0.032401823 
358 288 15 21 0.032164507 
647 192 8 10 0.031639986 
165 169 15 22 0.031085696 
109 197 16 19 0.031033188 
469 182 15 20 0.03103131 
914 226 12 16 0.030701658 
400 181 11 13 0.029919373 
757 176 9 11 0.029863898 
399 199 12 17 0.029260203 
587 226 12 16 0.028993467 
410 205 12 16 0.028325608 
493 197 9 10 0.028048558 
210 203 14 17 0.027938293 
214 173 10 15 0.02783233 
1 132 13 17 0.027606599 
311 169 12 16 0.02731461 
779 257 16 17 0.02720563 
975 171 10 13 0.027088722 
660 309 16 19 0.026794674 
863 224 13 18 0.026542619 
622 181 9 12 0.026387248 
963 225 15 21 0.026372807 
60 170 12 18 0.026280597 
540 205 10 12 0.02596738 
598 201 12 16 0.02596563 
983 197 10 13 0.025933221 
317 181 11 16 0.02577848 
897 218 15 18 0.025510095 
924 253 14 19 0.025383519 
247 264 11 12 0.025364721 
317 196 14 18 0.02521548 
720 190 8 10 0.025061073 
43 138 14 18 0.024997508 
356 196 9 11 0.02499091 
743 216 10 13 0.024605094 
590 195 10 14 0.023954174 
70 172 12 16 0.023914572 
505 173 9 11 0.023792794 
4 122 13 18 0.023679748 
308 201 16 18 0.023223024 
541 167 10 12 0.023199376 
798 197 10 13 0.023033263 
406 219 12 16 0.02289942 
776 291 13 17 0.02282709 
0 86 10 20 0.02277543 
750 263 10 13 0.022737436 
950 172 12 17 0.02273412 
401 175 10 13 0.02273189 
887 181 8 11 0.022616655 
981 190 9 13 0.022514889 
126 227 14 21 0.022422913 
489 192 10 12 0.021988805 
308 148 12 15 0.021890039 
871 273 11 14 0.021839619 
909 194 12 15 0.02180379 
835 235 20 24 0.021781912 
268 251 12 13 0.021743363 
836 257 14 19 0.021063456 
821 197 11 16 0.020996071 
855 286 20 27 0.020915693 
536 173 10 11 0.020915272 
103 193 14 19 0.020792322 
605 203 13 16 0.02066312 
535 167 9 11 0.020548714 
735 216 9 12 0.020109706 
456 196 10 13 0.020016361 
