0_Parade_Parade_0_490
225
769 566 110 140 0.99892455 
503 155 30 38 0.998719 
239 326 59 71 0.9986039 
473 336 51 69 0.99801624 
525 222 36 44 0.997834 
718 91 30 34 0.9974292 
969 53 25 35 0.99707866 
759 86 32 38 0.9968765 
746 153 37 46 0.9965042 
121 447 83 94 0.9965035 
911 84 26 31 0.9964935 
767 326 65 81 0.9964647 
385 358 59 75 0.996222 
351 126 27 33 0.99620193 
596 289 49 65 0.9959032 
102 190 45 56 0.9954444 
547 114 26 36 0.99479747 
434 112 23 30 0.9939486 
876 51 22 30 0.9936824 
899 370 78 103 0.99298674 
16 295 42 49 0.99239576 
730 240 41 48 0.9922247 
174 133 31 37 0.99198043 
929 7 22 28 0.9916372 
224 455 58 73 0.99140936 
176 207 49 63 0.9913976 
595 170 39 51 0.9905117 
74 160 28 33 0.9899074 
242 163 27 33 0.9892441 
278 180 34 40 0.98818797 
28 170 26 29 0.9878108 
489 673 53 79 0.98390156 
635 78 26 30 0.98066837 
7 497 75 72 0.9773843 
60 112 16 20 0.9760862 
6 92 14 19 0.9755048 
938 196 45 42 0.9735137 
400 285 37 47 0.9709892 
538 76 21 28 0.96909493 
597 110 24 34 0.96824205 
827 154 41 43 0.96692175 
672 80 25 31 0.966709 
671 133 39 53 0.96664053 
954 23 25 32 0.9651707 
134 75 17 22 0.965164 
385 98 20 24 0.96342367 
276 80 19 26 0.9622948 
447 70 20 25 0.95879436 
667 644 42 63 0.95783085 
571 58 23 28 0.95038486 
441 40 15 20 0.94388926 
537 22 16 20 0.9435589 
18 384 32 42 0.9414513 
441 216 36 42 0.9282894 
378 190 45 49 0.92435545 
356 59 19 23 0.9229014 
372 245 34 46 0.91015714 
113 147 19 24 0.9088567 
852 31 19 25 0.8984341 
698 16 20 27 0.895338 
723 44 19 24 0.8941043 
993 27 17 22 0.89383084 
770 245 30 53 0.8935544 
614 4 16 19 0.8819263 
643 22 13 17 0.8669859 
676 11 11 15 0.83971167 
501 92 15 22 0.81982595 
337 119 17 23 0.8168785 
787 48 14 21 0.81094325 
62 201 35 48 0.80473244 
233 92 18 22 0.78267443 
86 63 15 21 0.7524602 
902 13 20 27 0.7345589 
473 64 16 24 0.7321452 
813 27 16 21 0.7032419 
247 57 13 15 0.6805481 
517 21 15 21 0.6627597 
208 19 10 13 0.648425 
4 403 24 38 0.6447589 
781 16 17 20 0.63742787 
11 141 17 22 0.6100009 
474 281 40 48 0.60766137 
379 35 13 18 0.58382463 
282 8 15 18 0.53727853 
0 225 18 37 0.53645235 
998 169 25 43 0.48795885 
866 217 28 47 0.4471396 
882 0 19 18 0.42059264 
754 47 19 23 0.40702802 
10 394 31 43 0.32191786 
658 80 24 33 0.3206004 
842 2 15 18 0.28803545 
314 157 27 32 0.28445706 
720 153 22 31 0.26314226 
811 3 16 19 0.2514014 
0 185 22 34 0.22579461 
916 66 20 22 0.22381416 
62 93 16 19 0.22053926 
606 31 12 15 0.20406474 
733 0 17 14 0.20156659 
321 357 59 68 0.19510828 
620 153 28 31 0.19492233 
488 777 25 31 0.19005121 
919 300 61 60 0.1739127 
876 33 19 20 0.1706381 
588 110 21 32 0.15737854 
450 801 30 30 0.15488848 
188 45 10 12 0.1298357 
818 3 17 20 0.12926367 
509 28 15 18 0.12397516 
261 45 14 20 0.12346374 
243 130 18 20 0.11944402 
0 115 10 20 0.108314715 
823 32 16 20 0.10738673 
109 318 25 29 0.10693806 
576 111 21 30 0.10449888 
852 21 19 19 0.10067534 
649 660 32 47 0.094509095 
358 307 45 59 0.07994263 
350 0 14 12 0.07555028 
865 226 48 55 0.07489218 
723 11 13 16 0.07089076 
358 301 32 39 0.0707864 
381 126 16 20 0.06882127 
709 16 20 26 0.06810567 
460 52 14 17 0.066796064 
772 18 18 21 0.06677084 
269 68 14 16 0.06021392 
396 69 15 17 0.057613313 
496 0 21 17 0.057021994 
605 55 13 16 0.05549904 
398 0 12 10 0.054515973 
316 283 27 40 0.0514421 
386 146 18 27 0.051209737 
1013 113 10 20 0.051107407 
698 1 17 17 0.050654393 
601 28 11 16 0.04980842 
82 173 39 45 0.04901288 
345 122 19 24 0.04829639 
189 127 20 30 0.0467102 
771 47 21 26 0.046633173 
404 69 13 18 0.04617073 
763 23 17 19 0.04577606 
756 39 15 19 0.04563165 
355 88 18 19 0.045126457 
570 45 17 22 0.042910714 
300 71 15 20 0.04286132 
681 3 16 20 0.04266907 
298 288 41 56 0.04231402 
771 10 17 20 0.04146016 
863 32 19 26 0.040863454 
875 41 19 23 0.039578468 
135 30 13 18 0.037614904 
965 1 14 11 0.03721563 
811 78 22 27 0.037101783 
197 13 12 17 0.035876505 
1003 71 20 30 0.03551342 
255 44 14 17 0.034821585 
269 60 13 17 0.034488622 
803 64 18 20 0.034340136 
571 -1 12 10 0.034218676 
351 64 15 20 0.0341341 
743 3 20 18 0.033155225 
456 276 43 52 0.033143084 
200 19 11 15 0.03285281 
726 6 15 17 0.032598946 
189 41 10 12 0.032306146 
378 292 27 40 0.03147597 
807 0 14 12 0.03102003 
503 33 17 17 0.029180849 
585 37 17 20 0.028982941 
273 149 27 28 0.028881192 
788 0 15 11 0.028652059 
446 797 45 54 0.028450243 
720 17 16 20 0.028432902 
941 33 15 21 0.027906306 
82 124 19 19 0.027366854 
286 60 14 16 0.026977297 
533 0 12 10 0.02680765 
695 0 14 12 0.026704138 
792 51 20 25 0.026687142 
894 8 20 26 0.026649069 
206 26 14 17 0.026520932 
279 0 12 12 0.026351377 
761 53 17 21 0.026137127 
381 0 13 11 0.025991553 
943 289 56 65 0.02587674 
544 24 16 20 0.02570947 
904 5 20 22 0.025657114 
305 68 16 20 0.025378935 
283 0 14 15 0.02533395 
393 247 39 48 0.02520035 
512 815 126 86 0.025097063 
646 80 25 34 0.025021926 
1010 66 14 22 0.025015866 
241 59 14 16 0.024803294 
453 52 15 17 0.024799528 
471 772 30 36 0.024629682 
375 28 14 19 0.024291452 
439 26 13 15 0.024191238 
388 72 16 18 0.024087975 
845 28 15 21 0.023811974 
369 8 15 17 0.02378349 
0 408 42 66 0.023706844 
431 228 42 50 0.02321695 
440 252 45 48 0.023127057 
389 0 13 10 0.02286251 
449 41 15 19 0.022539847 
753 74 21 29 0.022293648 
461 44 14 16 0.022293191 
11 661 49 83 0.021820627 
270 5 11 13 0.021711038 
576 41 21 25 0.02157708 
495 616 42 64 0.021392914 
771 254 45 67 0.021346686 
415 20 12 15 0.021011379 
300 59 15 19 0.0209999 
716 33 21 28 0.020813312 
964 177 37 54 0.020781634 
293 66 15 20 0.020693153 
457 796 20 23 0.020502005 
642 61 16 18 0.020457974 
925 210 47 53 0.020426393 
470 603 14 19 0.020251218 
204 35 14 17 0.020005018 
