0_Parade_marchingband_1_188
214
252 501 11 14 0.98829913 
920 487 10 13 0.9740945 
548 516 11 15 0.9701704 
442 548 10 14 0.90697235 
241 324 9 12 0.88592523 
575 568 10 13 0.8759015 
685 347 11 14 0.85687 
589 323 9 12 0.77072346 
521 367 9 11 0.6778615 
996 249 12 19 0.63808304 
694 281 8 10 0.49963543 
297 247 8 11 0.46399948 
784 384 9 11 0.44120336 
602 407 10 13 0.4173701 
342 320 8 11 0.41053456 
590 355 10 16 0.3606337 
798 360 8 11 0.3422722 
612 278 9 11 0.33889344 
556 264 8 11 0.33360115 
49 430 9 11 0.32590732 
113 588 12 14 0.31894842 
557 543 17 21 0.31664574 
726 304 7 10 0.30702072 
119 333 7 10 0.29696813 
710 405 11 14 0.29058567 
701 317 9 13 0.26642564 
211 416 10 13 0.26514295 
158 369 8 11 0.24315265 
454 322 7 9 0.23824713 
664 391 10 12 0.2363179 
993 246 11 15 0.21831751 
616 369 9 12 0.20782812 
615 432 10 12 0.20206201 
361 253 8 10 0.19725147 
153 373 8 11 0.18671061 
504 396 9 11 0.14304888 
599 348 10 14 0.137139 
301 376 8 10 0.13707162 
863 422 10 12 0.13661093 
696 325 10 12 0.122859724 
64 322 8 11 0.1202736 
679 387 11 13 0.119427726 
501 332 9 11 0.11606852 
679 341 13 17 0.11561724 
169 387 9 13 0.111825146 
678 335 9 13 0.11067381 
425 325 9 12 0.09884494 
336 350 8 10 0.0978537 
702 302 9 12 0.097588725 
439 272 9 11 0.09286552 
143 208 8 11 0.09077728 
695 332 10 13 0.09027723 
453 358 8 10 0.089061424 
679 305 9 11 0.08866809 
605 342 9 11 0.08451406 
150 380 9 11 0.08274133 
627 394 11 14 0.0780491 
714 406 11 14 0.07566861 
790 385 7 10 0.07311731 
604 349 9 12 0.072916806 
726 329 8 10 0.07115319 
671 414 9 12 0.06907387 
507 392 10 11 0.06693789 
596 353 12 16 0.06674222 
242 360 9 12 0.066173136 
527 345 8 10 0.06578632 
503 277 9 11 0.062250964 
330 268 8 10 0.061417796 
498 333 8 11 0.061000057 
334 268 8 10 0.06060743 
160 349 8 11 0.060247727 
222 317 10 12 0.05711362 
722 333 8 10 0.056169957 
130 720 14 20 0.055648837 
509 421 9 11 0.05547881 
454 353 7 9 0.054897875 
702 310 9 12 0.053009328 
6 578 10 15 0.0511732 
249 262 8 10 0.050193585 
502 430 9 10 0.048444673 
152 344 8 10 0.046545263 
616 384 10 12 0.044799723 
496 406 8 9 0.04442801 
135 351 7 9 0.044131197 
993 241 8 12 0.04378277 
716 348 13 14 0.042346664 
505 424 8 10 0.04142218 
862 383 10 12 0.04044083 
450 325 7 8 0.040352043 
342 253 7 9 0.040017672 
353 319 8 10 0.03996033 
218 317 9 12 0.039938353 
359 323 8 11 0.03943798 
669 394 10 13 0.039166413 
704 366 9 12 0.038846776 
613 282 9 12 0.03821473 
808 383 9 12 0.037939306 
726 390 9 11 0.037840564 
726 308 7 10 0.037658874 
855 427 8 11 0.03745746 
631 350 9 13 0.036280457 
670 326 8 10 0.036267806 
238 564 11 14 0.035911746 
249 144 8 10 0.0358649 
697 301 10 12 0.035838526 
690 283 8 10 0.03565834 
128 586 9 13 0.03560108 
622 347 10 13 0.035322696 
151 349 8 10 0.03500417 
243 321 10 12 0.034704197 
585 364 9 12 0.034601346 
139 208 8 11 0.03421717 
521 407 7 10 0.034197226 
58 321 9 12 0.03412624 
620 436 10 12 0.03372966 
777 447 9 11 0.033634964 
1001 251 12 19 0.033390947 
851 428 7 10 0.03277624 
494 519 10 14 0.03263944 
795 364 8 11 0.03239453 
469 430 9 10 0.031724352 
691 341 12 16 0.031469326 
863 415 12 14 0.031124856 
665 421 9 11 0.031064698 
498 401 7 10 0.03093748 
130 351 8 10 0.030884717 
597 310 8 10 0.030485207 
341 237 9 11 0.030265644 
293 389 8 9 0.03021111 
164 367 8 11 0.029777518 
665 325 8 11 0.02963186 
262 314 15 18 0.029227743 
854 461 11 13 0.029155258 
619 372 10 11 0.029129524 
609 366 10 13 0.029083027 
148 206 12 14 0.02901507 
166 351 7 11 0.028778974 
327 253 8 10 0.028728161 
230 319 8 11 0.028524915 
295 426 12 15 0.028336944 
584 342 8 9 0.028331583 
231 573 12 14 0.0281796 
525 407 9 12 0.02811945 
149 247 8 12 0.02806541 
666 415 10 13 0.027622996 
432 360 9 10 0.027581211 
360 270 9 12 0.027369631 
522 345 8 10 0.02715895 
679 285 8 10 0.027012711 
293 449 12 16 0.02694948 
703 409 11 13 0.026863502 
721 389 9 11 0.02658569 
609 263 7 9 0.02650433 
709 365 10 13 0.026269788 
463 440 9 11 0.026236277 
295 269 9 12 0.026204197 
616 345 9 11 0.026084146 
720 383 8 12 0.02606719 
441 327 7 8 0.025700564 
498 431 9 10 0.025389569 
607 337 9 11 0.025264451 
553 334 9 12 0.025186358 
440 310 9 10 0.02488315 
197 477 11 15 0.0247937 
294 324 9 11 0.024695572 
249 302 10 13 0.024470786 
510 251 9 11 0.024451032 
592 341 8 12 0.024451021 
333 301 9 11 0.024141636 
766 252 9 13 0.02391868 
256 317 9 13 0.023835307 
793 388 7 10 0.023766411 
72 342 9 10 0.023609564 
682 382 12 14 0.023133317 
145 351 7 10 0.023123393 
709 317 9 13 0.02300449 
104 591 8 11 0.02299353 
711 382 9 11 0.022958295 
727 320 8 11 0.022550318 
615 263 8 10 0.022527277 
102 351 7 9 0.022370236 
705 373 9 12 0.022265462 
502 405 8 10 0.022118066 
485 206 13 18 0.02211132 
438 360 8 10 0.022064796 
678 328 9 11 0.021796452 
552 352 8 10 0.02179535 
341 264 8 11 0.021738226 
621 303 9 12 0.021657221 
723 310 7 10 0.021529878 
77 341 9 11 0.02150055 
674 333 8 12 0.021434316 
609 272 9 12 0.02142767 
812 382 9 12 0.021329485 
2 574 8 14 0.021321822 
608 383 10 13 0.021310799 
310 396 9 11 0.021305868 
146 376 9 11 0.021215664 
703 397 12 16 0.02104894 
455 344 7 9 0.02085648 
616 307 10 13 0.020704791 
781 448 9 11 0.020695612 
606 321 12 15 0.020668708 
158 344 8 11 0.020535791 
509 414 11 14 0.020472106 
172 385 9 12 0.02042235 
637 350 10 11 0.020415394 
496 381 8 10 0.02037586 
671 406 11 14 0.02023206 
353 343 7 9 0.02022106 
610 437 8 11 0.020216402 
495 317 9 11 0.020212445 
533 524 11 13 0.02009852 
424 564 8 11 0.020017061 
