0_Parade_Parade_0_472
112
58 137 34 36 0.9989779 
513 129 32 41 0.99291646 
319 115 42 49 0.99064964 
604 264 41 51 0.9787168 
562 135 17 29 0.962062 
835 114 15 24 0.95988107 
932 227 17 24 0.9247189 
645 121 16 20 0.9222884 
748 122 13 22 0.87659955 
401 130 29 29 0.8502118 
630 162 18 21 0.83578044 
708 112 19 21 0.73560756 
813 121 14 20 0.70181924 
217 239 12 17 0.66311693 
975 140 23 26 0.6365924 
733 121 12 19 0.6217438 
679 129 15 19 0.5981265 
172 183 16 20 0.5447553 
954 152 17 20 0.52908266 
942 155 9 13 0.41165838 
923 149 14 16 0.40047818 
835 77 15 17 0.33544365 
985 134 22 28 0.29765135 
692 138 15 20 0.28911623 
657 168 18 22 0.2851924 
784 163 17 28 0.24203615 
796 128 14 19 0.22959647 
0 193 9 16 0.19987342 
843 174 17 26 0.18351927 
684 133 15 22 0.1772053 
803 223 17 22 0.17583455 
256 252 12 15 0.15896395 
739 152 15 18 0.15857911 
237 278 14 19 0.14456917 
691 196 14 18 0.14160359 
741 117 14 25 0.14140244 
629 101 10 13 0.13740252 
725 115 12 18 0.12753685 
247 230 8 11 0.11520889 
259 292 13 16 0.10413345 
222 184 10 12 0.103324205 
246 180 9 13 0.102972746 
803 185 14 18 0.085297585 
707 131 15 21 0.08356404 
603 158 21 22 0.079068206 
252 156 12 14 0.07485584 
804 115 14 19 0.073363096 
649 123 22 24 0.07309573 
734 110 10 14 0.07074059 
250 202 14 22 0.07030447 
700 134 16 21 0.067786664 
598 221 16 22 0.06659219 
868 254 10 15 0.06647879 
829 66 12 17 0.064963505 
602 168 22 25 0.059706267 
728 110 11 15 0.058783088 
972 234 11 15 0.056446414 
241 282 17 19 0.056345653 
240 183 10 14 0.056202594 
820 117 14 22 0.053164303 
829 244 14 18 0.052574307 
624 161 12 19 0.048702437 
23 181 11 13 0.044682253 
962 140 25 29 0.044224087 
966 218 10 14 0.042209513 
673 124 12 17 0.03955345 
516 55 11 15 0.03901003 
229 217 9 11 0.03825835 
749 203 17 24 0.037713986 
240 256 8 11 0.037122637 
715 129 12 18 0.036764722 
935 151 10 14 0.036083966 
221 268 11 15 0.03518856 
798 116 12 18 0.035135876 
825 66 10 16 0.034426555 
239 215 10 13 0.03388672 
998 213 14 20 0.033341575 
981 219 12 15 0.03314497 
790 221 26 28 0.033113185 
688 201 13 18 0.03236951 
402 136 41 43 0.03201851 
203 234 12 16 0.03115258 
806 191 16 18 0.03111455 
0 298 10 15 0.02996431 
976 181 20 30 0.029956132 
217 189 10 12 0.029478658 
121 266 15 16 0.029115751 
996 150 16 21 0.027359704 
486 70 8 10 0.026478987 
1004 152 14 19 0.025114061 
974 220 10 14 0.025040966 
788 154 14 23 0.024483345 
619 155 11 20 0.024420705 
821 157 13 18 0.02394615 
821 148 12 15 0.02369844 
727 127 13 15 0.023688788 
950 157 13 18 0.0236145 
274 372 14 15 0.023440056 
150 310 10 13 0.023366109 
993 216 21 29 0.02302498 
610 150 17 21 0.02284341 
302 357 10 11 0.022722205 
501 46 40 49 0.022563359 
910 244 14 16 0.022100104 
251 152 22 24 0.021319177 
967 127 40 43 0.021084014 
470 71 8 11 0.020971775 
248 222 8 12 0.02091899 
427 166 28 35 0.020680215 
797 181 16 19 0.02048558 
971 241 12 18 0.020341111 
1012 234 12 25 0.020108024 
