0_Parade_Parade_0_382
33
790 215 28 37 0.999302 
114 179 48 72 0.99751043 
909 300 25 30 0.99706286 
593 137 36 46 0.99702734 
449 237 43 51 0.98882234 
110 68 12 14 0.362518 
733 220 15 23 0.16996676 
302 277 16 20 0.11376123 
85 94 26 33 0.10939031 
87 106 29 35 0.08913778 
967 126 9 12 0.06693386 
967 303 13 19 0.06309207 
337 240 24 40 0.056489665 
104 67 12 16 0.0442843 
397 178 44 64 0.041711714 
668 142 10 15 0.038930565 
90 91 17 20 0.038659494 
114 73 14 16 0.037417002 
990 308 15 21 0.036957048 
247 325 12 15 0.032612093 
316 335 10 13 0.030214965 
84 104 47 63 0.028718503 
115 64 12 15 0.025835486 
304 405 8 9 0.025798317 
124 71 10 13 0.0246148 
628 241 25 32 0.021697488 
504 354 17 20 0.021694876 
262 274 12 15 0.021484166 
700 213 20 32 0.02122567 
265 266 17 20 0.020469457 
544 466 14 17 0.020345835 
967 122 8 10 0.020153176 
325 429 8 11 0.020060884 
