0_Parade_Parade_0_377
280
258 509 69 89 0.9986972 
573 305 30 35 0.9956052 
857 364 66 74 0.9794215 
96 368 55 61 0.9780005 
729 309 24 26 0.97238344 
976 339 20 26 0.97056836 
944 320 17 21 0.9645038 
345 335 24 34 0.9178851 
70 386 38 49 0.91550726 
150 313 41 52 0.8623721 
426 307 17 26 0.85959905 
21 266 36 56 0.85915434 
548 296 20 27 0.84721357 
249 402 24 35 0.8337511 
809 310 14 17 0.8034555 
846 311 12 15 0.72192574 
772 319 16 19 0.5521247 
766 316 16 19 0.5480222 
831 317 12 15 0.5215233 
471 344 21 24 0.48740056 
251 414 36 36 0.46786827 
647 313 16 20 0.45793936 
367 379 29 31 0.44003063 
76 283 31 36 0.42900765 
326 332 21 29 0.38893592 
251 341 25 31 0.38764372 
895 309 15 18 0.3124141 
183 281 23 28 0.30830738 
2 236 35 39 0.29858568 
521 289 22 29 0.28710547 
636 314 11 15 0.28608835 
454 277 17 21 0.2650588 
264 251 12 14 0.25727782 
489 294 15 17 0.24663264 
390 352 25 31 0.21598864 
996 317 16 19 0.21127251 
466 253 14 17 0.19946556 
361 376 22 30 0.19118467 
710 315 14 18 0.18672785 
337 421 11 12 0.16928466 
466 316 14 17 0.1576033 
795 304 16 19 0.15723851 
483 342 16 21 0.15503503 
1012 305 10 16 0.13574095 
595 328 15 20 0.13299039 
654 331 11 14 0.131421 
337 331 22 31 0.12933947 
169 425 40 52 0.12825789 
613 302 17 20 0.12714055 
363 403 14 19 0.11921483 
562 321 15 23 0.11853135 
168 271 32 34 0.11416759 
930 321 13 19 0.11283838 
102 444 56 52 0.11279943 
698 293 12 14 0.112635046 
219 269 13 15 0.1047041 
814 355 14 16 0.103826374 
371 283 14 16 0.10151344 
188 409 29 38 0.09939196 
853 324 11 14 0.099090256 
269 335 24 32 0.0990152 
661 275 12 14 0.097826235 
581 277 15 18 0.09773575 
389 296 14 17 0.09062317 
502 332 13 17 0.09016561 
794 315 14 15 0.08875457 
998 296 11 14 0.0883891 
836 315 13 16 0.083815515 
684 285 10 12 0.08224789 
670 333 11 15 0.07971288 
44 477 53 54 0.07956083 
988 318 19 21 0.07794587 
773 288 9 10 0.07726026 
228 274 21 29 0.07676903 
800 324 10 14 0.07670145 
236 228 14 17 0.07629648 
850 315 13 17 0.07528998 
334 320 22 25 0.07448487 
254 254 11 13 0.06816333 
679 322 20 25 0.066862114 
930 300 13 16 0.06337028 
997 308 12 14 0.062791005 
719 288 11 12 0.062593296 
208 218 48 63 0.062421985 
69 345 38 41 0.061616063 
118 332 57 66 0.061248045 
478 291 15 21 0.060559683 
208 299 23 32 0.059374735 
158 220 8 10 0.059178505 
230 452 24 31 0.05887163 
811 346 16 19 0.058830604 
453 424 15 20 0.05869705 
647 299 16 18 0.058472477 
363 274 22 28 0.057802286 
768 287 8 11 0.0572811 
491 338 15 22 0.05643207 
95 250 25 29 0.0545585 
247 427 37 46 0.05213831 
681 272 10 13 0.051723693 
212 246 10 13 0.05166925 
691 315 16 18 0.051230505 
583 273 24 27 0.05118227 
189 225 13 17 0.05092259 
205 236 11 11 0.0505962 
679 277 12 15 0.050578613 
46 347 37 40 0.04892993 
791 295 12 14 0.04890301 
437 230 17 21 0.048660167 
267 292 16 16 0.047862772 
457 311 21 27 0.047496248 
124 215 9 12 0.0473759 
319 253 12 13 0.04723632 
25 361 34 40 0.04710706 
122 218 9 13 0.046950355 
3 280 49 68 0.046864323 
182 224 13 17 0.04665687 
375 234 13 15 0.046454735 
451 387 26 29 0.046324816 
649 292 15 16 0.045558788 
387 427 13 17 0.04540474 
630 287 11 14 0.044196986 
279 339 25 37 0.043568596 
921 310 23 30 0.04288381 
401 271 16 19 0.042226966 
199 233 12 14 0.042116266 
472 251 15 17 0.04142417 
333 314 16 21 0.041288424 
536 291 21 28 0.041281585 
557 299 21 30 0.04122016 
613 311 18 22 0.04108444 
685 299 11 13 0.040675934 
319 389 22 30 0.040099166 
430 287 23 28 0.03950251 
517 318 13 17 0.03943495 
863 317 14 17 0.039046895 
81 259 39 46 0.038714487 
796 295 15 16 0.0385121 
261 248 20 24 0.038476802 
247 251 14 16 0.03807968 
348 379 21 30 0.037653774 
535 252 11 15 0.037306283 
291 300 12 15 0.03628267 
92 249 16 23 0.036251463 
349 328 34 50 0.035709772 
622 444 9 11 0.035630297 
243 233 13 16 0.035276525 
831 353 14 18 0.035222016 
346 272 21 29 0.03518931 
509 278 15 18 0.03495855 
635 265 17 20 0.034692876 
684 293 10 12 0.03460348 
247 248 23 26 0.034107506 
48 420 19 19 0.033704605 
497 381 26 33 0.033211846 
499 314 12 16 0.033200257 
662 390 10 13 0.03283608 
78 200 8 10 0.032737155 
387 309 18 23 0.032220647 
532 301 16 22 0.03218183 
311 437 26 38 0.031997103 
240 443 37 44 0.03163349 
556 242 30 35 0.03160938 
655 286 11 15 0.031046482 
385 293 12 15 0.0308977 
805 303 12 15 0.03088216 
338 425 14 17 0.030792663 
322 258 14 17 0.030400451 
276 299 13 14 0.030195493 
576 277 13 16 0.030056654 
465 286 20 27 0.029994026 
636 311 19 24 0.029773246 
269 235 14 16 0.029607205 
310 283 23 29 0.029468842 
363 392 18 25 0.029451104 
245 246 13 15 0.029307814 
414 257 15 17 0.029179536 
663 332 13 17 0.028973816 
367 234 14 15 0.028948696 
660 316 15 19 0.028831879 
338 312 24 26 0.02882722 
443 290 14 20 0.02862712 
724 291 10 13 0.02860407 
420 253 16 20 0.028590428 
81 372 34 48 0.028407754 
406 414 15 19 0.028394906 
669 324 14 19 0.028330725 
450 235 14 20 0.028203338 
925 306 17 21 0.028200176 
396 227 10 13 0.027964681 
539 252 14 19 0.02792201 
951 236 28 33 0.027798394 
502 379 15 18 0.027651336 
378 283 14 18 0.027504029 
249 258 13 15 0.02750119 
822 308 10 13 0.027432207 
460 246 15 22 0.02720631 
329 345 17 25 0.027097475 
174 289 30 37 0.027083335 
203 230 12 14 0.02689144 
144 436 47 59 0.02687812 
213 241 10 11 0.026786605 
1006 301 12 16 0.026589468 
478 243 13 18 0.026411625 
236 226 24 29 0.026200017 
380 287 21 26 0.02580098 
484 313 14 20 0.025775539 
341 277 15 23 0.025661066 
348 303 21 24 0.025402505 
331 415 22 25 0.02508624 
441 231 21 30 0.024902694 
961 330 16 21 0.024860865 
270 287 23 26 0.024791775 
469 310 21 27 0.024791328 
994 324 19 22 0.02473414 
998 268 14 16 0.024604902 
667 317 15 18 0.02457195 
285 294 24 29 0.02441815 
473 300 22 27 0.024329687 
15 371 46 60 0.024256611 
670 276 11 14 0.024067257 
65 279 31 34 0.024060551 
411 233 26 35 0.023880314 
232 232 12 14 0.02380156 
229 216 51 60 0.023760566 
343 385 15 20 0.023704618 
240 244 11 14 0.0235797 
636 290 11 13 0.023484055 
938 259 15 17 0.023443535 
154 217 8 10 0.023398472 
0 282 24 40 0.023365336 
635 395 14 16 0.023343462 
219 266 23 27 0.023207376 
820 302 11 14 0.023160348 
676 318 16 20 0.02312821 
713 309 13 18 0.0229679 
993 300 13 16 0.022922177 
486 329 16 23 0.022897288 
561 258 29 34 0.022871794 
566 231 30 40 0.022665594 
356 274 17 23 0.022550244 
189 219 44 58 0.022515727 
697 312 21 24 0.02245202 
447 276 15 20 0.02238523 
191 223 24 27 0.022323761 
349 389 13 19 0.022276888 
630 271 14 18 0.022230657 
261 236 14 16 0.022211077 
306 294 17 20 0.02211191 
981 315 15 17 0.02206208 
1 349 29 47 0.021882916 
455 408 26 31 0.021790724 
442 376 29 30 0.021670645 
243 224 13 17 0.021642832 
254 217 12 15 0.021563813 
144 267 48 52 0.021508474 
459 269 17 21 0.021451386 
7 214 45 57 0.02142399 
322 282 17 21 0.021417854 
677 334 15 20 0.021407459 
231 222 11 15 0.021347249 
804 294 13 15 0.021280197 
532 285 13 18 0.0212295 
415 333 25 31 0.021151442 
509 279 23 29 0.021036107 
77 436 87 88 0.021009127 
365 653 43 60 0.020841787 
144 214 8 10 0.0208305 
284 267 17 21 0.020771498 
367 290 13 15 0.02076445 
382 385 21 21 0.020741012 
25 397 27 33 0.020623108 
218 303 17 24 0.020484159 
278 228 11 13 0.020461472 
140 237 12 14 0.020357015 
44 407 31 32 0.020223068 
442 351 16 23 0.02019443 
241 237 24 30 0.02013545 
326 298 26 32 0.02006514 
196 223 12 14 0.020035965 
317 290 24 30 0.020008886 
