0_Parade_Parade_0_829
19
491 172 294 428 0.99860436 
70 1009 225 293 0.14858422 
422 207 547 518 0.091312736 
471 655 175 171 0.076724455 
468 1115 32 35 0.053877007 
684 1250 68 73 0.04190456 
186 78 380 470 0.036955893 
592 1251 17 20 0.033578485 
171 121 226 337 0.030631058 
589 661 421 514 0.030376565 
470 1162 47 58 0.029300848 
575 1205 29 33 0.028968206 
614 1257 14 16 0.024606574 
557 1088 58 62 0.024323603 
450 1214 14 15 0.02431472 
548 1177 26 32 0.021178469 
447 1219 12 14 0.020888127 
425 1252 11 14 0.020422554 
636 1259 101 110 0.02035654 
