0_Parade_marchingband_1_104
147
316 252 33 38 0.99736917 
451 264 25 29 0.98684955 
126 253 15 17 0.9666776 
238 245 15 18 0.96306264 
836 229 12 15 0.9420002 
149 243 11 14 0.8986034 
35 253 11 14 0.89842707 
1003 219 17 24 0.89511865 
738 231 14 18 0.8801829 
408 243 11 13 0.65575427 
353 236 9 12 0.5976463 
53 261 10 12 0.54254997 
579 252 14 22 0.49096566 
24 238 8 11 0.4611584 
84 279 12 15 0.4471395 
501 228 9 11 0.44449177 
104 240 10 12 0.41533554 
602 228 8 11 0.324769 
49 261 10 13 0.27500468 
176 244 10 12 0.27186957 
546 245 9 12 0.2717543 
35 293 10 13 0.24698466 
265 237 9 12 0.23616 
284 236 10 13 0.21119127 
967 232 8 10 0.19452333 
195 246 8 11 0.17434593 
53 282 10 13 0.15080036 
915 238 13 15 0.14268611 
935 232 8 9 0.13065417 
339 228 11 13 0.12630112 
70 246 9 11 0.11321069 
249 236 10 13 0.108058736 
214 245 9 13 0.107609205 
163 266 14 18 0.09903568 
189 270 11 14 0.07814691 
896 236 8 11 0.07753826 
549 241 10 12 0.077378325 
836 275 15 16 0.07460338 
888 236 8 11 0.07347091 
109 244 9 12 0.068883575 
269 232 10 12 0.06478188 
937 235 9 11 0.062949315 
22 278 11 13 0.062886134 
8 270 9 11 0.060779445 
416 255 9 11 0.060455922 
716 235 11 13 0.058936723 
340 214 9 11 0.058153257 
902 236 8 10 0.05655526 
103 259 9 12 0.055528652 
799 237 9 11 0.05250011 
561 236 9 12 0.050897956 
823 213 8 10 0.050629053 
78 261 9 12 0.049641322 
28 276 10 12 0.047846194 
715 231 8 11 0.0477669 
604 224 8 11 0.045841843 
951 232 8 10 0.045288146 
579 300 13 16 0.044377107 
944 237 9 11 0.04407534 
996 142 16 23 0.042620126 
225 267 15 17 0.042391766 
16 284 9 11 0.039031833 
534 246 11 13 0.03880417 
931 231 7 9 0.03857908 
80 271 9 11 0.038072117 
617 231 8 10 0.03745086 
98 244 10 12 0.03603914 
110 275 13 16 0.03586236 
71 253 9 12 0.035775162 
111 252 9 13 0.035774864 
880 238 8 10 0.03555936 
232 244 13 17 0.034182426 
944 232 8 10 0.034138218 
586 252 13 19 0.03379083 
47 267 10 12 0.033570975 
469 253 14 23 0.033502147 
66 246 8 11 0.033298034 
60 261 8 12 0.033238705 
102 278 9 15 0.032976512 
179 240 9 11 0.032656867 
224 243 9 14 0.032030232 
159 273 14 19 0.031928394 
925 237 10 13 0.030347887 
935 225 8 9 0.030335763 
54 266 10 12 0.030001376 
237 285 11 15 0.029837638 
227 274 13 16 0.029378342 
929 245 26 39 0.029370587 
117 294 11 14 0.029279362 
280 233 10 12 0.029161632 
12 295 9 12 0.028901752 
253 270 14 16 0.02867912 
93 278 11 15 0.028598448 
340 232 13 17 0.028516088 
912 234 8 10 0.027376272 
97 253 9 12 0.027211966 
580 247 11 15 0.027063077 
30 288 12 15 0.027041953 
445 216 17 20 0.026914658 
631 142 12 16 0.026314283 
973 231 8 11 0.026151175 
279 243 9 12 0.026040014 
614 255 9 13 0.02530819 
858 238 7 10 0.025165064 
533 253 12 14 0.0250918 
830 214 8 10 0.025015239 
516 119 11 14 0.024724053 
852 255 13 19 0.023719775 
341 240 14 19 0.023665959 
617 223 8 11 0.023513775 
122 253 11 15 0.023269173 
209 252 9 12 0.023249893 
703 89 109 116 0.023170026 
908 220 10 12 0.023025135 
459 245 15 17 0.022984492 
0 286 7 11 0.022978881 
78 257 9 10 0.022793148 
542 251 11 14 0.022788603 
160 262 12 16 0.02265824 
547 259 12 17 0.02236193 
971 193 16 19 0.022225527 
529 247 10 12 0.021721285 
132 248 14 18 0.021695614 
62 254 9 11 0.02168474 
171 265 13 19 0.021664789 
724 242 11 13 0.021637905 
818 215 7 9 0.02154341 
410 274 17 18 0.021372091 
373 176 9 12 0.021350833 
85 272 10 13 0.021308053 
511 231 7 10 0.021180028 
623 223 7 10 0.021066768 
167 240 8 11 0.02101903 
499 252 12 16 0.021013143 
63 269 9 11 0.02091449 
644 237 11 13 0.020878641 
977 245 10 14 0.020830305 
750 197 10 12 0.020650683 
38 289 10 13 0.020645592 
514 238 8 11 0.020627687 
696 240 8 10 0.020610102 
62 279 9 12 0.02054032 
501 348 10 14 0.020358346 
460 256 20 28 0.020333378 
950 236 8 11 0.020316288 
718 240 11 15 0.020213649 
961 244 9 12 0.020212568 
