0_Parade_Parade_0_29
70
543 164 60 75 0.9996137 
979 187 34 40 0.998589 
315 231 32 40 0.9968041 
801 166 42 50 0.9943217 
238 234 24 29 0.99149233 
194 240 20 23 0.98887175 
160 250 17 20 0.98509014 
707 244 16 20 0.97230554 
141 251 14 16 0.9695376 
488 235 16 19 0.9484423 
420 246 22 24 0.9438208 
294 243 14 17 0.8980271 
746 244 18 23 0.8378464 
121 244 11 14 0.73243684 
511 244 13 15 0.64348143 
357 242 14 16 0.6128565 
586 241 27 29 0.5771717 
461 253 9 12 0.46244887 
669 240 9 11 0.461921 
692 249 10 15 0.387578 
714 222 9 13 0.38632524 
104 252 9 11 0.35762644 
648 240 8 10 0.34747377 
729 220 8 11 0.24673307 
422 227 10 11 0.23887035 
656 249 8 10 0.21065083 
180 260 11 14 0.1617128 
354 245 19 23 0.15272862 
57 239 9 11 0.14967999 
377 253 9 12 0.13270348 
679 237 9 11 0.10193528 
62 238 9 12 0.08844211 
407 244 12 18 0.0793611 
82 247 8 11 0.07526743 
666 245 8 10 0.07351308 
330 234 27 34 0.07159934 
68 243 10 12 0.06312483 
129 228 11 13 0.058425855 
108 252 10 11 0.05719234 
1012 11 11 17 0.050120816 
81 254 8 10 0.04858354 
446 236 9 11 0.046410676 
79 224 9 11 0.042285334 
88 260 10 12 0.0418096 
417 228 10 11 0.040410157 
56 233 8 10 0.040258214 
857 235 24 27 0.037526026 
441 232 9 11 0.03669572 
385 236 9 11 0.035667345 
86 256 10 11 0.034661222 
150 229 10 12 0.03283345 
147 256 12 16 0.03240778 
62 233 8 9 0.032084577 
125 247 11 16 0.030861404 
17 238 7 9 0.030495923 
217 252 12 16 0.029320195 
27 262 10 12 0.028250908 
411 243 17 22 0.027817758 
681 243 9 12 0.027221663 
94 229 11 13 0.026920108 
35 219 16 22 0.025925903 
45 268 10 12 0.023740422 
88 240 8 10 0.023506036 
47 227 9 14 0.022782918 
620 254 11 14 0.022285594 
519 229 11 12 0.021746371 
1012 208 12 22 0.02157019 
73 254 8 10 0.020935573 
15 246 9 11 0.020689357 
642 239 9 11 0.020408744 
