0_Parade_marchingband_1_746
51
371 90 30 39 0.99929154 
745 87 30 40 0.9989441 
423 82 29 35 0.998944 
765 46 28 38 0.99887556 
814 94 32 41 0.9985044 
545 87 34 46 0.99838567 
299 76 26 32 0.9978131 
627 108 29 38 0.9976071 
597 88 30 38 0.9975712 
141 81 33 42 0.9967276 
167 67 26 37 0.98896563 
963 182 14 17 0.98702615 
1006 163 12 14 0.97878164 
927 183 12 15 0.932505 
1000 135 13 16 0.9166005 
1002 179 13 16 0.8860197 
16 105 24 28 0.8336328 
956 161 12 16 0.7889892 
950 180 11 13 0.78854024 
941 134 13 16 0.70269865 
453 100 21 28 0.6839209 
880 180 12 15 0.27391115 
921 164 10 13 0.25629535 
975 166 10 14 0.1130155 
1004 170 13 19 0.07620996 
874 319 9 11 0.0608879 
957 153 12 14 0.060520984 
567 91 20 31 0.052854996 
981 165 11 16 0.051566426 
954 157 11 15 0.050737884 
894 169 12 16 0.04565423 
578 96 13 21 0.04408795 
966 164 12 16 0.04139662 
920 170 11 14 0.040823992 
924 160 10 13 0.04001344 
936 164 9 12 0.03862653 
951 151 10 13 0.036586337 
23 98 26 32 0.035880145 
439 91 25 33 0.033930283 
886 173 11 15 0.026813008 
576 102 19 27 0.026195357 
1011 181 11 14 0.02380427 
936 206 12 16 0.02377692 
676 201 42 45 0.023045488 
888 150 9 13 0.022367885 
964 157 12 16 0.022360008 
884 231 13 16 0.021900082 
948 185 13 15 0.021057302 
1 214 8 13 0.020780312 
1014 198 10 15 0.02063132 
1014 150 9 13 0.020323768 
