0_Parade_marchingband_1_869
22
70 196 59 75 0.9995571 
517 201 55 75 0.99794537 
297 205 63 73 0.9967424 
704 325 45 59 0.9941155 
880 336 44 58 0.8132687 
182 472 58 65 0.28716654 
8 342 51 47 0.2300128 
250 186 36 64 0.16058406 
16 317 45 49 0.12557426 
673 494 25 44 0.11478682 
549 269 26 38 0.10778246 
0 359 51 42 0.067494124 
676 489 44 62 0.056616656 
651 581 14 17 0.053096753 
1001 582 9 10 0.04030477 
753 397 28 39 0.02876336 
903 343 30 48 0.02818451 
661 567 13 17 0.02526196 
1002 607 14 20 0.02511064 
603 247 36 40 0.02186155 
662 456 33 37 0.021546444 
1006 596 12 19 0.02137135 
