0_Parade_Parade_0_102
165
82 539 16 22 0.9894509 
267 529 17 24 0.9876297 
805 442 27 31 0.98035425 
330 542 18 22 0.97987384 
525 539 19 27 0.9789356 
742 538 16 20 0.97856516 
184 535 20 25 0.9768866 
57 542 18 23 0.97192353 
380 545 12 16 0.9678322 
423 538 19 23 0.96071345 
933 439 24 29 0.93214387 
493 520 19 23 0.92171556 
594 523 20 23 0.9069596 
866 542 15 19 0.90691096 
662 527 20 22 0.87988204 
615 526 11 17 0.8468756 
292 526 13 15 0.84680444 
375 525 11 13 0.8462385 
222 526 12 15 0.82987374 
515 524 13 18 0.7938243 
135 527 10 13 0.72234154 
550 538 19 24 0.6284708 
365 539 10 13 0.5529569 
636 538 13 19 0.5246851 
9 525 11 14 0.49946558 
717 532 10 12 0.45377672 
361 486 8 10 0.40419245 
291 500 15 16 0.38346422 
845 567 17 23 0.3393478 
754 495 14 20 0.32883146 
620 525 11 15 0.31888267 
116 550 10 13 0.3129238 
326 530 14 17 0.2934331 
421 524 12 14 0.24453439 
48 530 10 13 0.23859937 
628 523 12 14 0.2375519 
681 538 10 16 0.22640185 
389 471 8 11 0.22022481 
94 642 11 13 0.21684185 
376 493 8 10 0.2114115 
566 654 12 14 0.2076451 
64 522 13 14 0.1768821 
127 532 10 12 0.17445765 
302 534 11 13 0.1714446 
162 639 9 13 0.15170716 
12 529 11 14 0.13965183 
439 446 8 12 0.13942698 
296 541 11 13 0.13310385 
495 652 10 13 0.13265124 
694 530 11 14 0.13216873 
643 541 12 16 0.1299373 
747 505 16 19 0.12413765 
29 524 10 12 0.12356022 
677 531 12 16 0.118706726 
708 651 15 17 0.1177664 
417 524 10 13 0.10000747 
245 539 12 15 0.09353741 
974 545 16 17 0.0910275 
687 562 11 15 0.089715175 
758 408 10 12 0.086424686 
840 516 25 33 0.07777513 
401 508 9 11 0.07776053 
392 533 11 13 0.074346535 
633 532 13 16 0.07193701 
91 526 14 15 0.06898061 
688 527 10 13 0.067572646 
414 423 8 10 0.06696878 
727 415 9 11 0.066093855 
1 509 8 14 0.06556464 
852 535 24 28 0.06546239 
685 543 11 15 0.063196845 
320 532 11 14 0.062416438 
540 538 20 27 0.058811225 
391 540 12 16 0.058786526 
185 501 9 11 0.055907723 
351 496 8 9 0.055489708 
32 521 10 12 0.054598525 
636 526 11 14 0.05394816 
368 470 8 10 0.051922962 
0 516 9 14 0.047017995 
864 523 10 12 0.04593613 
29 648 9 12 0.045054022 
38 521 9 11 0.044078685 
835 521 17 21 0.043998033 
724 434 13 16 0.04377516 
567 520 9 13 0.04308914 
624 520 10 14 0.042522173 
334 477 8 10 0.042039026 
870 371 11 14 0.041735053 
398 392 10 12 0.041532885 
183 374 9 10 0.039871678 
407 472 8 10 0.038963586 
396 546 13 16 0.037351552 
55 517 9 12 0.036713976 
757 532 12 16 0.036261376 
694 558 11 16 0.036242384 
222 509 9 10 0.03583843 
144 548 10 15 0.03551121 
346 530 12 18 0.03540488 
974 552 17 20 0.03509739 
111 554 10 14 0.034843266 
152 395 14 16 0.03449973 
993 453 16 19 0.034416467 
853 361 14 14 0.033911724 
453 486 8 10 0.03384228 
927 399 15 19 0.03359946 
559 526 11 14 0.033590417 
150 542 11 15 0.03298413 
405 505 9 12 0.03295088 
0 524 10 15 0.032245014 
101 396 10 12 0.031751037 
76 517 10 12 0.031700265 
112 443 10 12 0.031194948 
837 522 37 48 0.03107813 
418 504 8 11 0.031070605 
521 524 15 18 0.030683089 
631 650 12 15 0.02870088 
375 471 7 10 0.028230548 
699 527 10 13 0.028031291 
851 520 16 23 0.027478132 
349 537 11 17 0.027389102 
186 510 10 13 0.027369944 
964 460 10 15 0.027321631 
331 472 8 10 0.027301056 
391 493 8 10 0.02723546 
388 545 13 18 0.026966115 
426 422 7 10 0.026929919 
91 517 12 13 0.02672482 
212 515 9 12 0.026724162 
248 525 9 12 0.02654772 
461 465 10 11 0.02650638 
868 519 11 12 0.026304908 
309 532 9 13 0.026182601 
444 573 14 19 0.026126487 
23 532 9 12 0.025832135 
510 519 13 18 0.025803737 
417 448 8 11 0.025801891 
747 518 17 20 0.025672352 
416 431 7 9 0.02564802 
20 429 10 14 0.025322441 
362 470 7 9 0.024880098 
549 527 15 17 0.024469953 
861 529 13 18 0.02386765 
392 528 10 12 0.023804005 
275 525 13 18 0.023699613 
534 395 10 12 0.02354351 
525 499 10 13 0.02343643 
451 564 12 15 0.023345288 
24 520 10 13 0.022789283 
438 440 8 13 0.022736207 
728 419 10 12 0.022638598 
220 535 13 16 0.022144543 
774 413 13 15 0.021816526 
693 430 13 14 0.021224886 
850 603 22 37 0.020943541 
127 547 12 17 0.020886127 
725 523 10 14 0.020776395 
471 535 9 12 0.02073634 
970 489 13 15 0.020540358 
909 382 10 11 0.020524165 
31 532 9 12 0.02050016 
824 507 40 53 0.020416982 
1013 466 10 22 0.02037569 
494 480 9 10 0.02014514 
127 557 10 14 0.020018652 
