0_Parade_Parade_0_286
106
954 552 70 86 0.9942054 
616 598 108 101 0.9882848 
532 545 19 23 0.9830739 
585 564 22 26 0.93644536 
583 525 11 15 0.85856783 
901 529 18 21 0.7340738 
613 516 9 12 0.6559645 
944 504 11 13 0.52353585 
449 522 22 27 0.50878423 
346 504 19 24 0.50737256 
506 422 10 12 0.39390883 
625 505 9 12 0.34743345 
536 516 12 15 0.21914579 
829 175 8 10 0.20268896 
962 499 9 13 0.18846291 
442 585 44 56 0.18266185 
596 524 12 15 0.16496764 
936 468 12 16 0.15619683 
470 503 11 15 0.15559416 
650 511 9 11 0.149905 
854 168 8 10 0.14245024 
592 517 10 13 0.13331646 
519 509 11 13 0.12132202 
693 167 9 11 0.11958204 
287 580 26 34 0.10913211 
576 342 7 10 0.10593632 
511 538 13 17 0.10308517 
964 182 9 11 0.09681619 
615 494 8 10 0.09578424 
83 523 16 17 0.09423005 
245 524 12 15 0.09062635 
497 336 9 10 0.09047005 
554 541 13 17 0.08111503 
629 508 8 11 0.07759571 
564 519 9 13 0.07564668 
391 621 12 15 0.06437296 
616 501 9 12 0.06376909 
830 180 8 11 0.059866417 
975 512 11 13 0.048738047 
88 504 10 11 0.045613106 
631 524 9 13 0.044995196 
598 512 9 10 0.04484098 
482 565 25 41 0.042694263 
952 471 11 13 0.04132044 
575 541 9 11 0.03995853 
905 518 15 17 0.039003782 
959 505 11 14 0.038662665 
695 485 25 35 0.036034573 
651 515 11 13 0.035876513 
441 609 52 64 0.03512519 
624 526 10 13 0.034542184 
277 561 28 47 0.034294367 
231 553 27 30 0.03429012 
513 335 7 10 0.034101587 
593 629 76 72 0.032866623 
516 498 192 186 0.032642525 
1 562 25 51 0.03257618 
802 513 22 34 0.03165709 
540 520 14 17 0.031545255 
611 496 7 10 0.031341378 
587 334 7 10 0.030835798 
966 506 12 16 0.030174695 
853 509 20 29 0.030042334 
518 340 8 11 0.029805178 
687 496 11 16 0.029664677 
307 392 25 39 0.02955664 
764 482 24 34 0.029384317 
504 540 15 18 0.028926589 
955 475 11 13 0.028664654 
633 520 8 10 0.028589765 
948 428 11 13 0.027934268 
725 373 12 18 0.027809408 
475 554 20 28 0.027353853 
424 606 45 51 0.027297359 
624 520 8 11 0.026698029 
560 509 11 13 0.026526887 
636 523 11 13 0.026231777 
510 461 10 13 0.025840474 
795 174 7 9 0.0258193 
512 329 8 9 0.025739979 
541 531 13 17 0.025719939 
573 608 55 65 0.025603425 
419 624 28 38 0.025459113 
422 623 13 20 0.025417043 
350 585 32 39 0.025018051 
334 500 27 31 0.02486735 
693 490 15 24 0.024493255 
974 447 7 9 0.023939753 
435 673 31 33 0.023923246 
968 514 11 14 0.023152191 
464 487 9 11 0.023057133 
413 652 38 49 0.022845633 
608 556 11 16 0.022613639 
639 519 8 11 0.022514546 
490 573 28 41 0.021820841 
548 533 14 18 0.021520734 
692 474 11 14 0.02123043 
577 503 8 11 0.021141158 
471 553 15 21 0.021136487 
453 491 13 17 0.020987086 
576 534 10 14 0.020954102 
568 541 10 13 0.02075701 
548 517 12 15 0.020746546 
962 499 23 29 0.020469425 
471 598 46 57 0.02034347 
540 511 13 17 0.020090304 
