0_Parade_marchingband_1_768
86
822 619 33 41 0.9914049 
677 636 31 38 0.9698805 
533 613 19 23 0.9471795 
910 651 32 36 0.9347161 
463 611 19 27 0.9304417 
280 210 36 41 0.910868 
500 635 11 15 0.8607979 
783 621 12 16 0.8554672 
640 638 11 14 0.7824607 
983 638 35 40 0.704024 
404 627 9 13 0.5581229 
556 627 11 15 0.52899814 
609 630 11 14 0.28519017 
712 622 10 14 0.19664392 
301 650 10 14 0.12985635 
552 621 12 17 0.12207536 
544 544 8 10 0.06693969 
502 567 8 10 0.06661875 
378 654 13 16 0.052954495 
373 637 10 12 0.052245237 
490 543 8 10 0.051894132 
474 534 7 9 0.050729815 
408 525 8 11 0.049220953 
368 636 10 13 0.04896341 
348 651 11 16 0.048697814 
848 518 8 9 0.046910577 
560 529 7 9 0.042867906 
530 536 7 9 0.038782902 
536 597 11 13 0.038500827 
622 544 8 10 0.035238102 
529 543 7 9 0.033719983 
454 565 9 12 0.03336648 
478 535 7 9 0.0332952 
456 558 9 11 0.031490974 
6 572 8 10 0.03106927 
559 533 7 9 0.03086384 
514 512 7 8 0.030750556 
409 534 7 9 0.029337661 
544 536 7 8 0.028894747 
976 536 8 9 0.028800922 
584 601 12 14 0.028496603 
601 583 7 10 0.028054506 
312 646 8 10 0.028006963 
402 669 20 19 0.02776231 
897 550 9 10 0.027580794 
455 552 7 10 0.027457228 
554 566 9 10 0.027248947 
506 536 7 9 0.026915142 
510 630 11 16 0.026885819 
679 549 7 10 0.026871013 
815 560 8 10 0.026843801 
494 544 7 9 0.026529357 
529 498 6 8 0.026355501 
288 615 9 11 0.02594293 
121 593 9 10 0.025748374 
586 544 7 9 0.025630688 
570 545 7 9 0.025615048 
695 580 9 11 0.025389189 
351 557 9 11 0.024384698 
624 520 6 9 0.023886424 
1001 550 8 9 0.023686968 
649 532 7 10 0.023653334 
516 629 12 16 0.023520809 
623 577 9 11 0.023380121 
535 535 7 9 0.02323687 
382 638 10 12 0.023175837 
592 520 7 9 0.023103101 
497 603 10 13 0.023047592 
714 625 12 16 0.022974405 
883 602 13 18 0.022958951 
569 550 7 9 0.022906827 
1 604 8 10 0.022663997 
111 607 8 9 0.02249195 
586 574 8 11 0.022360398 
705 566 8 9 0.022089008 
617 495 7 9 0.022066494 
450 552 8 10 0.021713609 
647 576 7 9 0.021338787 
534 511 7 9 0.021228604 
5 630 14 18 0.02120512 
607 582 8 9 0.021157924 
374 620 12 15 0.02085217 
367 548 8 10 0.020576358 
560 549 7 9 0.020266788 
310 555 9 12 0.02025367 
406 520 9 11 0.020233123 
