0_Parade_Parade_0_68
624
453 391 10 13 0.59965116 
117 374 10 12 0.59827375 
711 420 17 20 0.57443994 
332 412 11 13 0.4935124 
712 387 10 12 0.47400847 
153 358 8 10 0.4613778 
502 419 11 15 0.43351415 
150 388 12 14 0.40694636 
326 341 8 10 0.39844024 
616 270 7 10 0.38356718 
871 420 10 13 0.32079047 
149 397 13 17 0.3175362 
255 212 9 12 0.27865073 
276 398 9 12 0.266693 
425 289 8 10 0.25920683 
290 368 8 10 0.25862846 
526 367 10 13 0.25717938 
798 383 10 12 0.25519642 
584 343 9 11 0.24855942 
321 356 9 11 0.24742872 
254 351 9 11 0.22573479 
753 285 8 11 0.22279 
317 244 10 12 0.21862134 
200 230 8 11 0.21102108 
407 396 9 11 0.20934401 
730 365 9 13 0.20604621 
154 335 7 10 0.20264408 
167 366 8 9 0.20231852 
312 413 9 12 0.19806968 
289 347 9 11 0.19044052 
254 333 8 10 0.18215309 
234 189 8 10 0.18181455 
181 374 8 10 0.17596285 
391 388 9 11 0.17093259 
170 360 7 10 0.1611359 
225 357 7 10 0.14567052 
797 449 12 15 0.14411454 
216 404 10 13 0.1418384 
357 167 9 10 0.14033793 
751 325 8 10 0.13923644 
159 199 7 9 0.13873242 
424 392 7 10 0.13721523 
58 221 8 9 0.13069306 
392 327 7 10 0.12477128 
226 353 7 10 0.12352029 
183 389 8 10 0.12157839 
335 366 8 11 0.11607153 
637 387 9 12 0.11028068 
296 383 8 12 0.10961389 
261 397 9 12 0.10773561 
408 410 12 14 0.10579148 
418 265 7 9 0.105410315 
576 294 8 10 0.104154475 
583 272 7 9 0.10363683 
126 231 8 11 0.10195915 
391 473 15 19 0.1016753 
185 233 8 10 0.1011957 
216 233 7 10 0.10040869 
303 192 8 10 0.099565744 
450 361 7 10 0.09947594 
709 221 9 10 0.09911157 
431 396 8 10 0.09899786 
249 383 9 11 0.09838707 
455 366 8 9 0.09348774 
143 214 7 9 0.09219949 
741 221 9 11 0.09208446 
358 407 8 10 0.09176401 
808 228 10 13 0.09083999 
546 287 7 8 0.08919463 
224 174 8 10 0.088741064 
279 377 8 10 0.087259844 
290 199 7 9 0.08703955 
270 221 8 10 0.086773664 
351 190 10 12 0.08597783 
191 392 8 11 0.08392802 
237 399 10 11 0.08277927 
817 428 8 11 0.082164414 
294 387 8 12 0.08106817 
249 388 9 12 0.07978889 
849 430 10 13 0.07974218 
586 365 8 11 0.07881171 
503 304 8 10 0.07855948 
474 271 7 9 0.07834076 
416 376 8 10 0.07811873 
411 302 8 11 0.077727005 
242 367 7 9 0.07638278 
727 312 8 10 0.076265834 
263 374 8 10 0.07597595 
345 365 8 11 0.07596574 
499 461 13 15 0.075165205 
290 229 7 10 0.07505366 
354 406 8 11 0.074559666 
506 350 9 10 0.074375615 
223 336 8 10 0.073734134 
464 273 7 9 0.073503956 
182 351 8 10 0.073224105 
247 399 8 10 0.072281644 
295 373 8 10 0.07146162 
854 397 9 11 0.07140138 
219 358 7 9 0.071112275 
127 221 7 10 0.07069249 
670 342 8 11 0.070481956 
328 200 8 10 0.0696513 
625 285 7 10 0.06857341 
218 389 8 10 0.067452416 
358 303 8 10 0.06742426 
183 357 8 10 0.06697026 
550 271 7 10 0.06611526 
464 398 9 11 0.06547123 
323 507 16 18 0.065175876 
422 429 9 11 0.06508797 
0 212 7 12 0.064930215 
316 419 10 13 0.06489616 
255 355 9 11 0.06448783 
421 270 8 11 0.063838676 
642 428 12 14 0.061493434 
877 416 9 12 0.060910314 
216 223 7 8 0.060549583 
414 277 8 11 0.060426056 
359 399 7 9 0.060378768 
843 287 8 11 0.06034848 
417 270 8 10 0.060346805 
167 391 8 10 0.0600952 
248 359 7 9 0.059956416 
349 365 8 10 0.05994035 
710 365 8 11 0.059610568 
270 476 9 13 0.05943639 
312 280 9 12 0.05846077 
278 236 8 10 0.05831192 
256 416 8 10 0.058237426 
243 361 7 9 0.05737732 
175 358 7 10 0.056925386 
97 187 9 12 0.05689808 
470 399 9 11 0.05687705 
693 221 8 12 0.056513563 
470 405 8 11 0.05642214 
328 262 8 10 0.056372505 
295 197 7 10 0.056012817 
374 438 11 14 0.05485194 
413 408 10 13 0.054315053 
312 445 12 14 0.054304417 
273 197 8 10 0.054255135 
510 278 8 10 0.053962328 
119 333 10 12 0.05385353 
461 391 10 13 0.053727794 
280 182 7 10 0.053492773 
326 220 9 11 0.053312063 
199 164 9 11 0.05311229 
301 380 8 12 0.052879058 
781 431 9 11 0.05255723 
238 391 9 11 0.05244935 
207 205 8 10 0.05223591 
247 192 7 9 0.0520075 
449 340 8 10 0.05171837 
253 390 9 11 0.051291674 
344 347 8 11 0.051199198 
271 193 8 10 0.051019743 
513 271 7 10 0.05092045 
392 377 9 11 0.050680995 
86 182 9 12 0.050022103 
520 398 9 12 0.049685318 
798 293 7 10 0.049338676 
412 422 12 14 0.049132057 
535 406 10 12 0.04911253 
402 398 9 11 0.048722643 
289 192 7 10 0.048620407 
183 384 8 10 0.04845782 
465 405 9 11 0.04819268 
182 333 8 10 0.048025183 
305 246 7 9 0.047862943 
225 232 7 10 0.047256432 
130 190 8 11 0.04681132 
251 213 9 11 0.04666964 
577 289 7 10 0.046647675 
729 420 11 14 0.046511058 
192 231 8 10 0.04616279 
416 392 8 10 0.045939554 
225 366 7 10 0.045840044 
480 269 7 10 0.045781355 
103 360 9 12 0.045722105 
247 254 9 11 0.045677107 
117 388 10 12 0.045589387 
654 376 9 11 0.045463145 
278 393 8 11 0.045453835 
551 287 7 9 0.045396093 
513 399 8 11 0.045366187 
572 428 12 15 0.045336645 
539 310 7 9 0.045081675 
800 435 12 15 0.045064487 
239 214 7 9 0.044916708 
318 389 9 11 0.044908367 
178 369 7 9 0.044761214 
310 152 9 12 0.04475151 
789 229 7 10 0.04446738 
625 281 8 9 0.044446237 
352 400 8 10 0.044279043 
662 412 9 13 0.044029683 
361 263 8 10 0.04398734 
652 445 11 14 0.043732192 
505 397 9 10 0.043670505 
232 403 11 14 0.043610428 
341 412 9 14 0.043537244 
201 237 8 10 0.0432702 
375 430 10 13 0.04320697 
262 392 9 11 0.042984232 
525 405 9 10 0.0427159 
532 417 11 15 0.0426756 
190 255 8 10 0.042664368 
559 413 8 11 0.042642742 
550 429 12 15 0.042622812 
344 333 8 10 0.042193215 
345 391 8 10 0.04209741 
419 441 14 15 0.04187748 
79 387 11 13 0.04175852 
583 278 7 9 0.04157898 
193 189 8 10 0.0414538 
464 373 8 10 0.041389134 
184 199 7 9 0.041295107 
142 375 7 9 0.041225392 
758 305 7 10 0.041174516 
137 367 8 11 0.041109234 
319 381 11 14 0.040950608 
546 295 8 9 0.04080863 
546 270 8 10 0.040689286 
607 403 13 15 0.040537946 
856 393 8 10 0.040096264 
503 309 8 10 0.040047195 
313 450 14 16 0.039982937 
193 384 7 9 0.039926406 
764 443 11 13 0.039687622 
416 381 9 11 0.0396096 
203 207 7 10 0.039432168 
84 357 10 12 0.039367273 
390 399 8 11 0.039320268 
477 390 12 14 0.039309584 
278 198 7 10 0.03926897 
192 419 9 12 0.039129697 
401 390 7 11 0.039101362 
382 360 8 10 0.038962927 
415 426 12 14 0.038939837 
240 374 8 10 0.038882244 
786 422 8 11 0.038880058 
525 398 9 12 0.03875339 
233 209 8 10 0.038701944 
230 232 8 10 0.038634393 
535 385 9 10 0.038465645 
271 447 8 11 0.03839291 
354 359 8 11 0.0383365 
415 397 7 9 0.038283054 
507 280 7 9 0.03823978 
462 276 7 9 0.0380791 
514 294 7 9 0.03791805 
574 389 8 10 0.037856404 
790 424 8 10 0.03776594 
345 399 9 10 0.037744626 
535 400 8 10 0.037737876 
415 296 8 10 0.037625935 
520 404 9 11 0.03761851 
229 358 7 9 0.037565686 
184 184 7 8 0.037463225 
239 184 8 10 0.037413836 
291 389 7 10 0.03740086 
314 391 8 11 0.03736611 
656 413 9 13 0.037326977 
490 297 7 9 0.03728459 
745 294 7 8 0.03727711 
550 294 8 10 0.03717026 
375 412 8 11 0.037169572 
193 185 8 8 0.03706898 
65 399 10 12 0.03699378 
381 429 8 11 0.03676482 
649 405 10 12 0.036561325 
887 416 8 11 0.036396105 
154 239 7 9 0.03633956 
287 452 9 11 0.035950486 
266 193 7 9 0.035873804 
186 396 10 12 0.03568749 
626 414 8 12 0.03546269 
361 382 8 11 0.035285853 
326 382 10 13 0.035075977 
591 414 9 12 0.03502509 
569 389 8 10 0.03462159 
334 372 8 10 0.034449037 
742 206 8 9 0.034132574 
743 407 9 11 0.034061812 
426 396 8 10 0.033730034 
658 286 10 13 0.03355086 
406 358 9 11 0.033407595 
432 294 6 8 0.033359956 
178 388 8 10 0.033231895 
871 439 11 14 0.032989483 
805 431 9 12 0.032940894 
85 383 9 11 0.032855984 
313 368 8 9 0.032815564 
193 368 7 8 0.032768004 
323 350 10 13 0.03272935 
262 356 8 11 0.032721356 
659 312 8 9 0.032645263 
590 420 9 12 0.032594178 
320 366 8 10 0.032452416 
584 390 9 11 0.032428686 
590 297 7 9 0.03237172 
584 302 7 9 0.032234382 
190 237 7 10 0.03222104 
209 185 7 9 0.032197226 
328 232 7 9 0.03217771 
585 297 7 9 0.032004178 
184 191 7 9 0.031954505 
247 403 8 11 0.031938814 
144 256 8 9 0.03190778 
103 375 9 11 0.03185093 
248 375 8 10 0.031707995 
531 367 10 13 0.031569332 
84 387 12 15 0.031418305 
592 408 8 10 0.031331666 
735 493 9 11 0.031324692 
222 389 8 11 0.03130023 
439 397 7 10 0.031103628 
130 351 7 9 0.03103392 
179 329 7 9 0.031028748 
78 395 15 20 0.030736044 
232 237 8 10 0.03072784 
474 286 7 9 0.030707445 
871 391 8 10 0.030654509 
200 416 10 12 0.030549422 
602 367 8 11 0.030491522 
352 285 8 10 0.030489992 
200 360 8 9 0.030472089 
225 224 7 8 0.030385235 
783 414 9 13 0.030371232 
242 176 8 9 0.030314915 
583 264 7 9 0.03023003 
715 384 10 13 0.030040173 
392 322 7 9 0.029942667 
517 270 8 10 0.029940188 
471 445 9 12 0.029762017 
127 252 8 11 0.029744478 
455 421 10 11 0.02960828 
218 366 7 10 0.029604698 
353 349 7 11 0.029532785 
550 317 7 9 0.029522508 
474 279 7 9 0.029488005 
206 414 9 12 0.029413639 
438 366 8 10 0.029391484 
232 408 12 17 0.029380804 
662 285 9 12 0.029375656 
706 365 8 11 0.029319098 
616 277 8 10 0.029298069 
498 312 7 10 0.029204354 
178 353 7 9 0.029163262 
664 408 9 13 0.029146446 
246 367 8 9 0.029146269 
100 184 9 12 0.029061746 
146 157 7 10 0.029057302 
257 373 8 10 0.02898508 
185 208 8 9 0.028888665 
182 344 8 10 0.028761946 
614 424 9 11 0.02872763 
264 382 8 9 0.028662734 
354 280 8 10 0.028613955 
733 415 13 16 0.02859401 
160 194 7 10 0.028529108 
272 174 8 10 0.028501144 
514 312 7 9 0.0283253 
227 248 7 10 0.028256092 
506 482 13 16 0.02824233 
297 193 7 10 0.028219046 
303 376 7 10 0.028145917 
453 384 11 14 0.028138664 
808 391 8 10 0.028130595 
776 411 10 13 0.02810438 
273 375 8 10 0.02806278 
314 439 12 14 0.02800033 
727 399 8 11 0.02795724 
96 342 9 10 0.027865218 
118 327 10 13 0.02784981 
370 294 7 9 0.027713016 
421 411 10 13 0.027678391 
56 231 10 14 0.027672535 
733 346 8 10 0.027537083 
650 353 7 10 0.027463097 
644 422 12 15 0.02736396 
739 421 11 15 0.027293764 
472 391 10 13 0.027274566 
498 413 12 16 0.027252637 
519 391 9 12 0.027164001 
671 349 8 10 0.027140727 
216 206 8 10 0.027088596 
574 412 8 10 0.026897296 
390 333 8 10 0.026876906 
189 208 7 9 0.026834512 
552 391 8 9 0.026814127 
376 389 7 10 0.026803378 
245 183 8 9 0.026779864 
303 397 8 10 0.026765108 
711 310 8 9 0.02673751 
504 373 8 11 0.026716413 
398 326 7 10 0.026682556 
596 415 9 11 0.026616175 
263 215 7 10 0.026612647 
407 365 8 9 0.02661004 
249 224 7 9 0.02655512 
729 390 8 11 0.026552647 
409 376 9 10 0.02649968 
521 413 11 12 0.026473407 
873 368 8 11 0.026468713 
232 367 7 9 0.026457854 
664 391 8 11 0.026447512 
639 360 8 9 0.026438626 
369 319 8 10 0.026352296 
431 381 9 11 0.026322937 
254 344 9 12 0.026241956 
546 281 7 9 0.02611583 
789 343 8 10 0.02610845 
136 398 10 14 0.02608988 
619 287 7 10 0.026047846 
353 383 8 10 0.026027229 
376 383 9 10 0.026000697 
139 373 7 10 0.025915518 
307 156 8 11 0.025903255 
420 407 9 11 0.025890447 
417 288 8 10 0.02586297 
233 383 8 12 0.025848053 
208 399 8 11 0.025837982 
612 428 13 15 0.025690645 
78 366 8 11 0.025657283 
290 204 7 10 0.025643278 
462 311 8 9 0.025634412 
715 283 10 14 0.025570417 
359 310 8 10 0.025503729 
511 427 10 13 0.025500637 
544 305 7 8 0.025485184 
440 381 8 10 0.025472201 
607 393 9 10 0.025374237 
303 411 9 13 0.025320413 
666 341 8 11 0.025296522 
495 389 8 13 0.025259528 
248 231 8 9 0.025217123 
369 349 8 10 0.025209995 
457 303 7 9 0.025207533 
199 397 9 13 0.025155716 
801 318 8 10 0.025130654 
416 328 7 9 0.025096122 
554 374 9 11 0.025055032 
688 326 7 9 0.025050642 
432 430 9 11 0.025044236 
377 303 7 9 0.025037358 
403 341 7 9 0.02500696 
368 345 8 9 0.024968216 
655 354 8 9 0.024910377 
352 213 9 12 0.02488711 
768 62 11 14 0.024884436 
209 222 7 9 0.02486447 
495 297 7 8 0.02486131 
352 412 10 12 0.02482593 
374 296 8 9 0.024824362 
189 216 8 9 0.024784338 
199 225 9 11 0.0247835 
286 406 9 12 0.02476723 
210 404 9 13 0.02462186 
662 317 8 10 0.024605522 
748 289 7 9 0.02459144 
368 392 7 10 0.024559045 
592 320 8 9 0.024559023 
410 298 8 9 0.024482774 
496 381 8 12 0.024459565 
450 305 6 8 0.024458017 
703 292 8 11 0.02445038 
216 201 7 9 0.024399742 
350 346 8 9 0.024352884 
182 369 8 10 0.024298303 
681 311 6 8 0.024287065 
367 382 8 10 0.024262944 
224 191 7 10 0.024261918 
798 375 12 15 0.024191605 
362 255 8 10 0.024180574 
497 375 8 10 0.024171121 
434 366 8 10 0.024077216 
413 452 14 17 0.024056107 
785 320 7 9 0.023998097 
441 374 8 11 0.023909131 
585 421 10 12 0.02389718 
263 370 8 9 0.023839356 
440 391 7 11 0.023828153 
670 244 8 11 0.023787392 
60 217 9 11 0.023768473 
451 442 12 14 0.02375066 
323 221 8 10 0.023658523 
192 223 7 9 0.023655832 
72 373 9 11 0.023612617 
668 284 9 13 0.023571687 
737 405 9 11 0.023509674 
488 429 9 11 0.023447765 
704 312 8 9 0.023388024 
851 434 12 14 0.023363896 
290 385 8 10 0.023348913 
186 214 7 9 0.023318049 
391 404 9 11 0.023241162 
218 190 7 9 0.023240957 
648 413 10 13 0.023235917 
824 409 9 10 0.023167502 
378 360 8 10 0.023153992 
735 388 10 11 0.023144476 
224 209 8 9 0.02311332 
250 198 7 8 0.023067106 
760 357 8 10 0.023062477 
376 320 7 9 0.023056397 
375 288 7 9 0.023013592 
38 254 10 13 0.022970509 
134 427 12 17 0.022953458 
247 249 8 10 0.022934644 
376 366 8 10 0.022881545 
153 234 7 9 0.022811553 
119 341 8 10 0.022765493 
258 183 7 9 0.022706993 
457 373 9 10 0.022695294 
506 286 7 8 0.022692248 
458 311 8 10 0.022681357 
622 270 8 10 0.02259592 
224 215 7 9 0.022581164 
315 479 28 32 0.022579387 
664 337 8 11 0.022576991 
350 390 8 10 0.022573728 
386 335 7 9 0.022570353 
867 422 9 11 0.022502808 
432 344 7 10 0.022497872 
596 420 9 12 0.022488898 
729 347 9 12 0.022471402 
586 414 9 11 0.022436026 
73 368 8 11 0.022435432 
313 374 8 10 0.022407992 
221 410 10 14 0.022358792 
166 397 10 14 0.0223154 
420 470 13 14 0.022274226 
271 168 9 10 0.022255417 
123 224 7 9 0.022254217 
361 375 8 10 0.022246769 
847 424 9 12 0.02224424 
741 413 10 12 0.022233963 
350 444 15 17 0.022227993 
582 428 10 13 0.022201654 
21 367 13 16 0.022182368 
194 176 7 8 0.022178913 
369 408 8 11 0.02217644 
191 199 7 9 0.02216902 
199 190 7 10 0.022160148 
863 390 8 10 0.022108562 
760 327 8 10 0.022073848 
265 197 8 9 0.022051526 
304 264 8 10 0.022028573 
318 375 10 12 0.02195018 
513 288 7 8 0.021932628 
794 303 7 9 0.021929951 
263 432 9 11 0.021916721 
224 340 7 10 0.021878319 
646 437 11 13 0.021869218 
255 199 7 8 0.021646747 
449 394 11 13 0.021637915 
223 383 8 11 0.021611938 
887 446 8 11 0.021571763 
256 177 7 8 0.021568282 
512 264 8 10 0.021532616 
199 184 7 9 0.021520875 
221 398 10 13 0.021432329 
358 280 7 10 0.021389874 
386 341 6 9 0.021375328 
346 404 8 11 0.021364894 
72 234 8 11 0.021349022 
223 236 8 10 0.021346275 
407 382 9 11 0.021272466 
402 336 8 10 0.021253131 
322 206 7 9 0.02123709 
665 352 8 11 0.021207657 
304 269 9 11 0.02120629 
716 291 10 12 0.02120219 
611 400 12 14 0.021168806 
846 229 11 13 0.021121308 
430 422 9 12 0.021101438 
845 290 9 13 0.021074332 
441 406 9 11 0.021074096 
279 177 8 10 0.021037668 
224 374 8 10 0.021017076 
647 320 7 9 0.02097682 
356 184 9 11 0.02094837 
386 389 9 11 0.020938693 
512 403 9 12 0.020899594 
620 437 11 15 0.020899022 
105 309 9 12 0.020885129 
638 432 13 15 0.020852406 
312 395 9 11 0.020730803 
136 360 7 9 0.020680092 
646 448 12 14 0.020674653 
808 423 8 10 0.020670243 
164 368 7 9 0.020627543 
336 390 8 10 0.02060328 
400 404 9 12 0.020597722 
383 423 9 12 0.02059135 
137 173 8 10 0.020550279 
164 430 12 16 0.020508882 
304 222 7 9 0.020467186 
423 384 8 10 0.02046146 
410 328 8 9 0.020445468 
263 416 8 12 0.020434003 
407 426 12 13 0.020366026 
397 383 8 11 0.02035944 
580 279 7 8 0.02033013 
640 364 9 12 0.020320583 
788 349 10 13 0.020312697 
96 377 8 9 0.020263301 
384 413 8 12 0.020236114 
296 410 10 15 0.0202324 
728 215 7 9 0.020215524 
569 412 9 11 0.020194199 
127 216 8 11 0.020190105 
448 382 9 12 0.02016877 
579 271 7 9 0.020125318 
583 396 9 11 0.020109633 
330 367 8 10 0.020102045 
243 254 9 11 0.020074591 
207 231 8 11 0.020068899 
776 434 11 13 0.020064231 
233 196 8 10 0.02005929 
432 414 9 12 0.020052092 
238 209 8 10 0.020017397 
