0_Parade_marchingband_1_78
1564
751 597 11 14 0.9339551 
679 253 10 12 0.9287466 
975 567 9 11 0.9253834 
908 572 10 11 0.8961249 
697 468 11 14 0.8646876 
567 254 9 11 0.8424508 
974 152 8 11 0.83517194 
860 596 9 12 0.82777125 
432 413 9 10 0.7802241 
1002 142 8 11 0.76580393 
710 483 10 14 0.75602156 
654 357 9 11 0.75418425 
646 479 9 12 0.7381676 
803 613 10 12 0.70976216 
653 190 8 10 0.7090875 
464 448 7 10 0.697196 
829 231 9 10 0.6778266 
966 88 8 10 0.67558277 
855 495 9 12 0.6494171 
998 573 10 13 0.6326802 
587 341 8 11 0.6265577 
391 161 9 11 0.6213688 
425 172 8 10 0.61449116 
852 400 9 11 0.6135266 
291 167 8 11 0.6101181 
525 36 9 12 0.60872316 
487 133 8 10 0.5992904 
909 124 9 11 0.58544654 
368 168 8 11 0.57899284 
664 14 8 11 0.5699122 
560 39 7 10 0.56555563 
590 464 9 11 0.5204734 
309 159 9 12 0.51864344 
374 189 8 10 0.4960244 
248 269 10 12 0.49096206 
465 141 8 10 0.48967695 
262 135 8 10 0.488684 
398 190 8 10 0.47684577 
940 103 9 11 0.4694963 
573 119 8 10 0.46781608 
699 591 12 17 0.4643747 
913 31 10 12 0.46322525 
343 149 8 11 0.45733133 
240 145 8 10 0.45731747 
626 111 8 10 0.4541834 
927 198 9 11 0.45237213 
993 311 9 11 0.44777665 
402 134 8 9 0.44638774 
509 127 8 9 0.44008696 
725 133 8 11 0.4333581 
449 142 8 11 0.43173164 
809 150 7 9 0.42932782 
164 205 10 12 0.41895148 
719 13 8 10 0.41788825 
979 633 12 15 0.41453424 
200 161 8 11 0.4132711 
1010 168 9 11 0.40744233 
433 149 8 10 0.39988124 
975 109 8 11 0.39662263 
1012 527 11 14 0.39090136 
130 340 13 17 0.38656875 
671 479 8 10 0.37736616 
538 470 8 10 0.37373132 
269 205 8 11 0.37209472 
443 126 7 10 0.37033334 
111 237 8 10 0.36197016 
533 127 8 9 0.35505396 
863 96 9 11 0.3548649 
825 589 9 11 0.3488731 
691 8 7 9 0.34582308 
846 119 9 11 0.3365969 
750 14 7 10 0.3351789 
582 200 8 10 0.33491766 
941 169 9 11 0.33453277 
789 92 8 10 0.3329935 
673 31 8 11 0.33118322 
385 105 8 10 0.330774 
547 205 7 10 0.32727277 
559 134 8 9 0.32399917 
600 119 7 10 0.32262844 
270 62 8 10 0.3214125 
907 52 8 11 0.31463623 
387 136 7 10 0.31305933 
190 191 7 10 0.31283307 
878 135 9 10 0.31030965 
370 375 7 10 0.3001262 
696 191 8 11 0.29965612 
741 93 8 10 0.29909596 
461 304 8 11 0.29089472 
714 29 9 11 0.29033336 
441 94 8 11 0.28909007 
265 172 8 10 0.28578764 
879 157 8 10 0.28237393 
463 223 7 9 0.28184167 
903 102 8 10 0.28042477 
934 145 8 10 0.28005958 
423 127 8 10 0.27962407 
495 159 7 10 0.2763212 
840 152 7 10 0.27236834 
706 134 7 10 0.26801598 
558 93 8 9 0.26736462 
637 153 8 11 0.26256073 
597 146 8 10 0.2578739 
674 23 8 10 0.25707245 
728 201 7 9 0.25693262 
992 193 8 11 0.25672078 
506 481 7 9 0.25565088 
626 17 7 9 0.25563732 
833 622 8 12 0.2539573 
785 33 8 10 0.25088778 
848 74 13 15 0.24534291 
828 584 9 12 0.24372183 
747 15 7 10 0.2419032 
415 121 8 9 0.24173601 
810 120 8 9 0.23987082 
459 170 6 9 0.23968244 
605 10 7 9 0.23953484 
902 601 10 14 0.23870328 
157 302 12 16 0.23672627 
639 9 8 9 0.23660815 
606 190 8 10 0.23483074 
782 67 9 12 0.23459838 
787 207 8 10 0.23302841 
488 110 7 9 0.23301286 
1005 126 8 10 0.23243856 
216 157 7 9 0.2242274 
541 152 8 10 0.2230144 
602 168 8 9 0.22206244 
954 120 8 11 0.22149612 
326 120 8 10 0.21434638 
416 159 9 10 0.21305925 
677 22 8 10 0.21192913 
462 109 8 9 0.2112 
960 188 9 12 0.21117873 
673 189 7 9 0.21081045 
154 241 7 10 0.20931698 
367 143 8 9 0.20842777 
614 32 9 11 0.20721152 
781 141 7 9 0.20581341 
573 173 7 9 0.20494425 
510 480 8 10 0.20201595 
507 96 8 10 0.20106831 
945 152 8 10 0.20085374 
537 149 8 11 0.19919893 
557 342 8 10 0.19683771 
385 142 8 10 0.19634196 
635 157 7 9 0.19572501 
745 113 8 10 0.19479549 
311 163 9 12 0.19335404 
345 177 8 10 0.19170758 
614 37 10 12 0.18748432 
640 13 8 11 0.18697023 
842 260 9 12 0.18657205 
512 149 8 10 0.18482158 
880 127 8 10 0.18448466 
327 152 8 10 0.18429594 
983 85 9 9 0.18404095 
592 175 7 10 0.18258369 
470 80 7 10 0.18241389 
254 92 7 9 0.18226664 
502 319 7 9 0.18147554 
359 119 7 10 0.18142396 
583 24 8 9 0.18123166 
766 378 7 10 0.18094465 
370 135 7 10 0.18042415 
720 168 9 10 0.17845644 
911 85 8 10 0.17494346 
896 201 8 10 0.17459133 
512 208 8 10 0.17081493 
975 137 9 10 0.16989289 
561 150 7 10 0.16983457 
765 141 7 9 0.16898458 
517 325 8 10 0.16871975 
424 134 7 9 0.16708182 
729 158 7 10 0.1670102 
809 127 8 9 0.16276768 
409 214 8 10 0.1627239 
604 586 15 22 0.16093682 
704 267 8 11 0.15948962 
752 210 9 9 0.15895598 
1015 90 8 14 0.15829505 
845 189 8 10 0.15819162 
80 248 7 10 0.15739574 
667 109 7 10 0.15593734 
938 172 8 11 0.15575574 
878 193 8 10 0.1538116 
688 14 8 10 0.15159212 
899 320 7 9 0.15153967 
621 366 8 11 0.15127392 
778 175 7 9 0.15079893 
642 136 8 10 0.15073334 
358 135 8 9 0.15051618 
205 278 12 15 0.1495292 
131 314 11 15 0.14951013 
321 182 9 13 0.14884016 
898 327 8 10 0.14863397 
558 44 9 11 0.1483403 
176 94 10 13 0.14771453 
904 150 9 10 0.14624171 
632 16 7 9 0.14512926 
328 140 8 10 0.14336209 
986 127 10 13 0.14282626 
576 206 7 10 0.14274439 
606 135 8 11 0.14088722 
861 39 9 11 0.14061302 
289 134 7 10 0.14043926 
302 176 8 10 0.13964388 
952 124 8 11 0.13905747 
749 31 9 11 0.13895413 
886 317 7 10 0.13764 
709 198 8 9 0.13651581 
944 337 7 9 0.13589501 
459 109 7 9 0.13584457 
952 164 10 13 0.13516004 
234 184 8 11 0.13489482 
926 121 8 10 0.13434348 
738 128 8 10 0.13374867 
952 88 8 11 0.1332763 
561 112 8 10 0.13320531 
439 167 9 11 0.13210027 
215 192 8 10 0.13203077 
137 246 8 10 0.1307122 
849 151 7 9 0.13058487 
717 24 9 11 0.1304784 
168 287 10 12 0.12977344 
964 270 8 10 0.12950794 
51 234 12 17 0.1291417 
591 232 8 10 0.12907918 
272 142 8 9 0.12877253 
415 151 7 9 0.12866889 
14 244 9 11 0.12691887 
790 31 8 11 0.12475525 
369 52 9 12 0.124010116 
1007 289 8 10 0.123239055 
519 47 9 11 0.122873016 
680 89 7 10 0.12241938 
562 233 8 11 0.12189039 
238 189 7 9 0.12147278 
409 167 7 10 0.12076832 
376 129 7 10 0.11995995 
545 136 8 9 0.11992466 
619 94 7 10 0.11929204 
625 21 8 11 0.11918838 
631 21 9 11 0.11878588 
417 124 8 11 0.118505985 
582 29 8 10 0.11811981 
167 120 7 10 0.11804173 
355 117 8 11 0.118013896 
600 112 7 9 0.11724057 
702 119 8 10 0.11640686 
831 200 9 11 0.116349876 
519 52 8 11 0.11624101 
742 133 8 10 0.116181165 
745 22 8 11 0.115569234 
93 248 9 10 0.114858754 
671 128 8 9 0.114779934 
631 172 8 10 0.11463107 
687 137 8 9 0.11358255 
863 44 9 11 0.113396525 
226 207 7 9 0.112986565 
288 127 7 10 0.112455666 
481 215 7 10 0.11234406 
815 151 7 9 0.11207104 
1009 629 8 12 0.111523926 
912 168 9 11 0.11136063 
654 32 8 10 0.11119723 
75 380 35 49 0.110957436 
682 92 7 9 0.110400185 
750 36 8 11 0.11038967 
621 558 8 11 0.110188924 
810 183 8 10 0.110152364 
632 189 8 10 0.110055424 
165 256 9 11 0.11004173 
943 110 8 10 0.10941094 
678 31 7 10 0.10926053 
294 159 9 11 0.10913855 
199 213 8 10 0.10895847 
416 225 7 8 0.10884254 
769 166 8 9 0.108538195 
725 285 8 10 0.108342044 
374 133 8 9 0.1078369 
694 488 9 13 0.1074949 
471 158 8 10 0.10709173 
471 198 8 10 0.107088014 
626 133 8 10 0.10704411 
920 317 7 10 0.10684434 
90 249 7 10 0.10644387 
816 160 8 10 0.10614975 
354 112 7 10 0.105963826 
325 187 9 11 0.10580407 
511 133 8 10 0.1057828 
295 152 9 10 0.105731614 
942 302 9 11 0.10556432 
888 124 8 10 0.10454656 
875 158 8 10 0.10436932 
495 167 7 9 0.104300044 
729 152 8 10 0.10427005 
943 156 9 11 0.10414304 
543 159 7 9 0.10382066 
927 213 8 11 0.10290247 
682 141 7 10 0.10258167 
912 308 9 11 0.102143995 
642 142 8 10 0.10204834 
894 124 8 11 0.10103556 
537 189 8 10 0.099860996 
625 144 8 10 0.09948555 
190 196 8 10 0.0988788 
440 214 9 11 0.09853207 
823 110 9 10 0.09851663 
977 220 9 10 0.0984537 
562 208 8 10 0.09744746 
304 180 7 10 0.09680551 
817 294 8 9 0.09639817 
577 142 9 10 0.09635744 
983 103 10 11 0.0961678 
268 77 9 11 0.09590751 
441 209 8 10 0.0957771 
854 151 7 9 0.09556039 
408 398 7 10 0.09523382 
400 185 8 11 0.094892204 
568 208 7 10 0.09473484 
838 34 10 12 0.094722345 
698 23 8 10 0.09449365 
617 152 7 9 0.094421186 
847 111 9 10 0.09437903 
822 304 7 10 0.09433131 
838 205 8 10 0.09386235 
240 204 10 12 0.093307495 
182 240 8 10 0.093182094 
329 295 9 11 0.093083166 
959 349 8 10 0.0927884 
543 182 8 10 0.092770234 
513 145 7 10 0.09273343 
680 198 8 9 0.09265524 
579 201 7 9 0.09212361 
504 101 8 10 0.09170399 
950 216 9 11 0.091512844 
352 176 7 10 0.091374025 
761 196 8 11 0.09119473 
495 127 7 9 0.09053237 
810 134 7 10 0.09040042 
328 156 9 11 0.09039502 
805 396 8 10 0.0901698 
555 94 7 9 0.09011786 
494 153 8 10 0.08992209 
496 121 7 9 0.0887938 
679 38 8 10 0.0886864 
788 36 9 12 0.088389404 
824 594 9 12 0.088152125 
398 196 8 9 0.087916926 
175 237 8 10 0.08789333 
235 151 7 8 0.087762915 
464 190 9 10 0.08766932 
64 397 11 15 0.08706417 
910 47 10 12 0.08658046 
823 398 7 10 0.08631477 
54 207 9 10 0.085473046 
655 37 8 10 0.08545197 
553 175 8 10 0.08534839 
776 37 9 11 0.08496564 
286 199 8 11 0.08441171 
666 128 8 9 0.0842212 
709 52 8 10 0.08414686 
247 161 8 11 0.08413527 
513 213 7 10 0.08390688 
840 183 8 10 0.083672434 
600 174 8 10 0.0836308 
688 37 8 10 0.08356905 
505 185 7 9 0.08326115 
512 80 8 10 0.08250161 
0 259 10 15 0.082433656 
462 173 7 9 0.08234404 
690 161 7 9 0.081566945 
513 85 8 10 0.08143308 
336 212 10 13 0.08114372 
459 223 7 9 0.080832064 
1013 108 7 12 0.08022451 
247 305 12 18 0.08005942 
871 214 8 11 0.07996558 
737 173 7 9 0.07994787 
441 122 8 9 0.07913811 
294 211 14 18 0.079098895 
577 112 8 9 0.07867876 
874 151 8 11 0.07855788 
495 109 8 9 0.0777824 
944 135 8 11 0.07770718 
557 64 9 10 0.07739042 
673 168 7 9 0.0773719 
815 165 8 10 0.077259436 
583 40 8 10 0.077097215 
279 270 8 10 0.07707215 
271 190 10 12 0.076735064 
454 142 7 9 0.07646901 
704 128 9 10 0.07630098 
837 623 9 12 0.07622043 
224 275 12 15 0.07604127 
530 149 8 10 0.0759613 
585 368 10 12 0.07579226 
689 377 7 10 0.07572017 
898 216 9 11 0.07558193 
208 239 9 11 0.07548693 
469 137 8 10 0.075466566 
486 216 7 10 0.07517707 
269 160 9 10 0.075110324 
333 360 24 39 0.07490208 
842 127 7 9 0.074754275 
624 185 7 10 0.0744732 
462 243 10 12 0.074314184 
518 109 8 9 0.07424716 
952 344 7 9 0.07386258 
863 207 8 10 0.07385919 
536 145 8 10 0.073857725 
938 301 8 11 0.07335855 
690 166 7 10 0.07307669 
689 197 8 10 0.072924495 
542 57 8 10 0.072878085 
302 135 7 10 0.07279367 
559 144 8 10 0.07271033 
490 159 8 10 0.07252214 
705 54 8 11 0.072517745 
981 366 7 10 0.07185451 
534 132 7 10 0.071541496 
567 151 7 10 0.07152448 
689 33 8 10 0.071407706 
904 200 8 11 0.0711944 
910 238 9 11 0.0709795 
529 52 8 11 0.07088001 
960 145 8 10 0.07072401 
21 476 14 20 0.07061944 
582 109 8 10 0.07057507 
875 191 7 11 0.07025592 
918 302 11 13 0.07015018 
849 167 7 10 0.07011372 
650 31 8 11 0.06965859 
903 108 8 10 0.06949988 
518 84 8 11 0.06946815 
630 129 8 10 0.06939566 
444 229 9 10 0.06938031 
534 121 8 10 0.06925134 
200 283 10 14 0.0692133 
273 183 9 10 0.068576224 
971 110 7 11 0.06841663 
387 160 9 11 0.067832105 
518 135 8 9 0.06752558 
968 168 8 11 0.067422785 
897 597 11 16 0.06741419 
698 119 8 10 0.06738361 
901 590 12 16 0.06712636 
270 126 8 10 0.06700923 
536 55 8 10 0.0669854 
359 126 7 10 0.066952676 
905 343 7 9 0.066948324 
962 148 8 11 0.066741765 
945 255 9 11 0.066702716 
997 623 12 14 0.06665228 
914 35 11 14 0.06657195 
207 264 7 9 0.06634297 
265 129 8 9 0.0662833 
649 209 8 10 0.06627028 
841 134 8 10 0.06619382 
745 36 9 12 0.06609145 
431 87 8 11 0.065925464 
617 190 8 9 0.06590591 
534 111 7 9 0.06584227 
553 118 6 9 0.06583287 
670 133 9 11 0.06569624 
174 232 8 10 0.06568347 
561 34 7 9 0.06564551 
989 101 9 11 0.06539224 
833 177 8 10 0.06531625 
847 143 8 10 0.06522821 
343 155 10 12 0.06516981 
673 36 9 10 0.06501511 
721 207 8 10 0.06477846 
935 238 11 15 0.064657405 
209 192 8 11 0.064596646 
814 145 7 9 0.064545795 
55 213 8 10 0.064462304 
579 24 8 10 0.06393427 
875 134 8 11 0.06389957 
363 142 7 10 0.0638679 
430 191 9 11 0.06352876 
849 62 10 12 0.06310106 
480 168 8 10 0.0629582 
281 175 8 10 0.062905505 
944 260 9 11 0.06271207 
700 473 10 13 0.062689364 
791 124 8 11 0.0625037 
227 212 7 10 0.062256254 
194 255 8 10 0.062169366 
993 159 7 9 0.062107235 
392 129 7 9 0.06208682 
554 134 7 10 0.06169516 
388 109 8 10 0.0615844 
977 105 9 12 0.06155081 
510 123 8 9 0.061232697 
702 23 7 9 0.06106708 
297 134 7 10 0.060854178 
550 224 8 10 0.060636345 
882 121 8 10 0.0605443 
769 176 7 10 0.06008816 
446 136 8 10 0.060080834 
309 268 15 17 0.060067803 
474 215 7 10 0.05994983 
920 310 9 11 0.059806682 
484 133 7 10 0.05978375 
354 134 8 9 0.05961002 
167 141 9 12 0.059319478 
496 191 8 10 0.05906926 
143 245 7 9 0.05904906 
282 127 8 10 0.05892888 
719 71 8 11 0.05873607 
373 229 9 11 0.058577508 
761 222 8 11 0.05849685 
591 38 8 10 0.05848101 
546 118 7 10 0.0583996 
471 110 7 9 0.05819801 
943 187 10 13 0.05807624 
697 31 8 9 0.057956055 
251 93 7 9 0.05792446 
520 127 7 9 0.05792069 
395 189 7 11 0.057875454 
483 111 7 9 0.05752918 
769 161 8 10 0.05732004 
819 398 7 10 0.0569323 
115 161 8 9 0.056921933 
831 126 7 10 0.056879815 
822 105 9 11 0.056854106 
717 264 9 11 0.05684093 
850 55 9 12 0.056722086 
544 142 7 10 0.056631763 
904 145 7 9 0.056606323 
225 159 7 9 0.056453273 
295 172 9 12 0.056364726 
494 135 7 9 0.056236044 
555 40 7 10 0.056145888 
728 119 8 10 0.05605968 
217 198 8 9 0.055992484 
574 124 7 10 0.055933524 
915 319 7 9 0.05551264 
408 129 7 9 0.055498917 
544 352 7 10 0.055454962 
980 623 10 11 0.0553179 
558 175 8 11 0.055315945 
722 281 9 10 0.055203885 
327 124 8 10 0.055176012 
717 37 9 11 0.055164658 
909 150 8 10 0.055140134 
545 178 7 9 0.054776195 
776 126 8 10 0.054739743 
505 190 7 9 0.05461085 
666 134 8 10 0.054535132 
847 104 8 10 0.054378796 
746 231 7 9 0.054264862 
681 109 8 10 0.05425767 
885 173 9 11 0.05414133 
937 296 8 10 0.0539222 
205 271 11 13 0.05376454 
880 212 8 11 0.05362681 
834 182 8 9 0.053579908 
832 192 8 9 0.05308019 
421 159 8 10 0.05290665 
480 197 8 10 0.05285268 
650 158 7 10 0.052740615 
401 174 7 9 0.052490428 
376 158 7 10 0.052471787 
351 182 8 10 0.052428477 
425 143 8 10 0.052420635 
511 189 7 9 0.05228928 
421 309 10 12 0.05204604 
873 255 9 11 0.051944062 
362 167 9 11 0.051615465 
720 77 8 9 0.05156857 
924 125 7 10 0.05149541 
472 119 7 9 0.05144664 
472 222 8 11 0.051420677 
758 208 8 10 0.05136722 
857 45 10 12 0.0511718 
117 239 8 10 0.051159963 
927 310 8 11 0.051083982 
815 222 8 10 0.050911274 
448 111 7 10 0.050904665 
887 326 7 10 0.05083748 
776 54 8 11 0.050751206 
617 144 7 9 0.050693605 
200 256 8 10 0.050552122 
614 118 8 10 0.050522886 
622 38 9 12 0.050494976 
496 174 7 10 0.0504768 
750 23 8 10 0.05039021 
835 152 7 9 0.050362505 
594 181 8 10 0.050306726 
990 130 9 12 0.050258934 
666 479 9 11 0.05012702 
792 224 8 11 0.05002918 
585 44 8 10 0.05001348 
519 206 7 10 0.04997075 
966 203 10 12 0.04993004 
865 149 8 10 0.04975192 
472 127 7 9 0.049740624 
926 303 9 12 0.049726594 
697 174 7 9 0.049710304 
903 611 11 13 0.04963012 
317 293 10 12 0.04959594 
75 247 8 11 0.04956104 
161 305 14 17 0.049474876 
253 118 8 10 0.049428966 
265 140 7 9 0.049253408 
777 47 8 10 0.04924572 
1012 628 9 13 0.04911829 
602 21 8 11 0.0490601 
920 214 8 10 0.04904185 
416 231 8 8 0.049019285 
696 185 8 10 0.04897965 
823 151 7 9 0.048974156 
619 186 7 9 0.04887146 
883 319 7 9 0.048835028 
998 365 9 10 0.04868547 
272 137 7 9 0.04865703 
641 37 7 10 0.048652112 
711 128 7 10 0.048642438 
488 221 8 10 0.048628345 
675 253 9 13 0.048582897 
588 175 7 10 0.04854218 
369 149 7 9 0.048512023 
944 117 8 10 0.048409496 
702 39 8 10 0.04823534 
905 87 9 10 0.048164345 
754 169 8 10 0.048122704 
265 110 7 10 0.048116192 
409 160 8 10 0.04807339 
254 295 26 31 0.048052445 
594 619 12 15 0.048021354 
318 329 11 15 0.04788875 
560 116 8 10 0.047882587 
913 80 8 11 0.04785864 
816 237 8 11 0.047842287 
736 200 7 9 0.047826316 
702 112 8 9 0.047823805 
830 400 7 9 0.047734596 
655 325 8 10 0.04756945 
447 224 7 10 0.047441922 
216 246 9 11 0.047435988 
535 104 8 9 0.047385905 
786 88 8 11 0.047312155 
107 238 8 10 0.047229253 
326 173 9 10 0.047175605 
566 111 8 10 0.04712812 
288 171 9 11 0.047040295 
897 141 7 10 0.04696674 
675 87 7 9 0.04696369 
346 88 8 10 0.04686969 
950 134 8 10 0.0468587 
629 142 9 10 0.04675605 
686 109 8 10 0.04674253 
602 136 8 10 0.04664015 
518 479 7 10 0.046474174 
594 111 7 9 0.046403218 
990 604 13 17 0.046383716 
479 334 7 9 0.046255622 
910 198 8 11 0.04619679 
711 71 9 11 0.046171885 
407 172 8 10 0.046036273 
839 156 8 10 0.045961633 
167 200 10 12 0.04585885 
1015 103 7 12 0.045829542 
621 360 8 11 0.045796756 
565 38 8 10 0.045782316 
521 189 7 10 0.04569453 
625 159 7 9 0.04568189 
321 176 8 11 0.045608502 
724 291 11 14 0.04558144 
695 209 8 10 0.045564428 
931 144 8 10 0.045539748 
868 560 10 13 0.045335572 
112 181 9 10 0.045271248 
982 341 8 10 0.04518205 
1002 573 11 15 0.045056526 
949 183 10 12 0.045000512 
622 44 10 13 0.04487301 
513 46 9 11 0.044863924 
617 89 9 10 0.044789355 
672 120 7 9 0.04478726 
841 280 8 10 0.044675477 
728 30 8 9 0.04461858 
757 213 8 11 0.04461682 
732 158 8 9 0.044394378 
560 213 8 10 0.0443177 
998 174 10 12 0.044303194 
703 169 7 9 0.044259444 
432 197 8 10 0.044214144 
843 256 9 12 0.044170845 
778 138 8 9 0.04409218 
944 295 8 11 0.04403241 
486 59 9 13 0.043957554 
490 152 8 10 0.043942284 
935 231 9 10 0.04390934 
81 327 21 28 0.043873698 
615 54 9 10 0.043812837 
806 190 8 10 0.043752506 
569 193 7 9 0.043679923 
609 118 8 9 0.04366622 
591 32 8 11 0.043662112 
174 290 9 12 0.043650802 
203 262 7 9 0.04362159 
685 93 7 10 0.043582607 
689 127 7 9 0.043560408 
831 247 8 10 0.04343846 
301 245 10 13 0.043430313 
132 335 22 28 0.043394618 
866 145 7 10 0.043288898 
826 125 7 10 0.043096818 
520 159 7 9 0.043073248 
813 135 8 10 0.043049037 
730 184 7 10 0.0430392 
655 159 7 9 0.043020878 
224 282 13 16 0.04296998 
221 247 8 10 0.04283629 
555 45 8 10 0.042598836 
510 71 8 10 0.04254847 
295 128 8 9 0.04240234 
44 439 15 18 0.042291272 
537 47 8 10 0.042243414 
736 184 7 9 0.04211342 
441 222 8 10 0.042065907 
635 9 7 9 0.042045183 
393 152 7 9 0.041965246 
679 46 8 10 0.04196519 
227 270 13 16 0.041947365 
518 231 8 10 0.041872032 
723 192 7 9 0.041858986 
600 183 8 10 0.04183033 
680 159 8 9 0.04178859 
864 176 8 9 0.041743483 
847 137 8 10 0.041693512 
984 189 9 12 0.041678492 
887 169 8 10 0.041487098 
927 205 10 13 0.041476764 
372 168 8 11 0.041394245 
560 555 11 13 0.041393153 
665 78 7 8 0.04134341 
590 45 8 11 0.04132687 
520 120 7 10 0.041325815 
400 167 7 10 0.04129844 
472 103 8 11 0.041248072 
918 158 8 10 0.041234184 
663 141 8 10 0.041170675 
498 184 7 10 0.041147266 
401 399 7 9 0.041142777 
665 120 8 9 0.04108521 
518 153 7 9 0.041044027 
779 598 10 11 0.040991977 
640 207 7 9 0.04099018 
242 268 10 13 0.040976536 
871 144 8 10 0.040943615 
528 231 7 9 0.040847626 
911 134 8 10 0.040816043 
443 133 7 10 0.040760424 
982 217 8 11 0.040702473 
279 142 8 10 0.04063172 
54 386 12 15 0.04056957 
466 198 8 10 0.040512 
262 269 9 11 0.040468782 
445 208 8 10 0.04044802 
232 159 8 9 0.04041173 
759 173 7 10 0.040257752 
723 199 8 10 0.040225092 
410 109 7 9 0.04020477 
766 194 7 9 0.040191505 
553 143 8 10 0.04017253 
711 268 9 11 0.040162325 
759 40 9 11 0.040133975 
268 175 8 10 0.039978746 
872 334 8 9 0.03995249 
401 140 8 9 0.039863426 
782 54 9 12 0.039848853 
448 148 9 11 0.039846186 
1009 160 8 11 0.039757714 
194 285 9 13 0.03973177 
519 350 8 11 0.039730173 
760 31 8 10 0.039673906 
282 71 8 10 0.03966622 
193 158 8 10 0.039565936 
484 237 9 11 0.039536048 
213 240 9 10 0.03937924 
514 54 9 11 0.039277013 
16 259 9 12 0.03927194 
680 166 7 9 0.039201934 
624 149 7 10 0.039172553 
553 166 8 10 0.039135452 
905 595 14 17 0.039078485 
622 199 8 10 0.039001442 
840 285 8 9 0.038992576 
800 191 8 11 0.038963605 
710 521 14 18 0.038936153 
385 148 8 10 0.038935065 
943 143 8 9 0.03890378 
366 120 7 9 0.038898986 
936 181 8 11 0.038891625 
727 191 8 9 0.038879275 
801 176 7 9 0.038859148 
375 151 7 10 0.038779434 
915 70 8 11 0.038590804 
818 110 8 10 0.038552016 
799 183 8 10 0.03848948 
441 161 8 9 0.038471643 
740 71 9 11 0.03844939 
223 189 8 11 0.038442425 
943 85 8 11 0.038432542 
958 214 9 10 0.038431294 
208 159 8 10 0.03840335 
814 126 7 10 0.03837524 
167 280 11 14 0.03814075 
842 145 7 9 0.038102128 
420 239 10 12 0.038038198 
211 277 11 13 0.03800683 
968 381 8 9 0.0379781 
666 190 7 9 0.03794528 
854 112 8 10 0.03785281 
935 30 10 12 0.037846684 
480 222 8 10 0.03780704 
872 219 9 12 0.03775982 
719 223 7 9 0.03774671 
529 174 7 9 0.03773448 
658 143 8 9 0.03769495 
1015 510 8 13 0.03758353 
959 62 10 12 0.037540894 
112 243 9 11 0.03754085 
578 222 8 9 0.037496578 
412 120 7 10 0.037490252 
859 208 7 9 0.03735761 
361 174 8 10 0.037339177 
666 31 7 11 0.03732709 
911 232 9 11 0.0373014 
833 288 8 9 0.03729597 
466 118 6 9 0.037293077 
281 204 8 11 0.037185702 
561 158 7 10 0.037047986 
503 176 8 9 0.03700723 
1008 198 7 10 0.03697214 
621 89 9 11 0.036939386 
391 184 8 10 0.036918525 
763 137 8 10 0.036850963 
607 248 9 11 0.03684214 
915 173 10 11 0.036813438 
542 45 8 10 0.03677847 
201 271 9 12 0.036713395 
482 128 7 9 0.03668524 
993 144 8 10 0.036651816 
480 159 8 9 0.036627762 
332 137 8 10 0.036596633 
815 232 8 10 0.036573444 
432 57 7 8 0.036525317 
350 79 7 9 0.03645045 
157 240 7 9 0.03644993 
888 208 8 10 0.036407314 
336 158 8 10 0.03635439 
400 225 8 10 0.036346305 
435 92 7 10 0.036336813 
830 277 8 11 0.03626336 
967 173 8 11 0.036262743 
749 113 7 10 0.036242984 
977 188 9 11 0.036194343 
785 214 8 10 0.036119256 
952 237 8 10 0.036022082 
680 127 7 9 0.03598054 
818 614 8 11 0.03589761 
826 119 8 10 0.035891373 
688 77 8 10 0.035885774 
29 142 10 14 0.03585069 
269 167 8 9 0.035836898 
544 103 8 9 0.035812467 
591 21 7 10 0.03581171 
982 94 11 13 0.035808466 
490 167 7 9 0.035759408 
846 95 8 10 0.035674255 
874 166 8 9 0.035544183 
922 119 7 10 0.035449 
581 204 8 10 0.035444167 
632 29 8 10 0.0353571 
839 177 8 9 0.035341784 
328 71 7 9 0.03532347 
243 144 9 10 0.035208642 
865 127 8 10 0.035197966 
958 345 8 10 0.03519173 
614 135 7 9 0.035136357 
997 166 10 13 0.035094712 
863 33 8 10 0.0349496 
873 128 7 9 0.03493382 
949 150 7 10 0.034928855 
937 191 8 10 0.034860156 
416 144 7 9 0.03483634 
976 183 8 11 0.034834765 
473 167 8 11 0.03473915 
618 156 7 10 0.034682352 
206 183 8 10 0.034670208 
555 129 7 9 0.03465111 
592 169 7 9 0.03459964 
817 216 7 10 0.03452661 
447 102 8 10 0.034495927 
686 104 8 10 0.0344704 
826 200 8 10 0.03444549 
645 14 8 10 0.03438456 
655 208 8 10 0.03438279 
897 331 9 11 0.03428738 
981 107 9 11 0.034241922 
209 244 8 11 0.034160633 
678 192 8 9 0.034063637 
416 111 7 8 0.034042962 
886 157 7 10 0.03398867 
691 192 7 11 0.033974484 
187 198 8 10 0.03386609 
561 102 8 10 0.03383937 
190 151 8 11 0.03380163 
496 143 7 9 0.03379622 
822 295 7 9 0.033775263 
158 295 11 14 0.0337686 
408 142 7 10 0.033720195 
624 229 8 10 0.03371949 
657 23 8 9 0.03369369 
21 361 10 13 0.03368725 
965 184 9 11 0.033581886 
750 144 7 9 0.03351977 
475 329 7 9 0.03350114 
586 233 8 9 0.033489935 
66 387 24 34 0.033471733 
384 188 7 11 0.033464044 
703 59 9 11 0.03330655 
472 95 7 9 0.033297546 
694 196 8 10 0.033277076 
447 167 7 9 0.03326572 
54 199 10 13 0.033260707 
201 191 8 11 0.033227835 
253 113 9 10 0.033196718 
30 126 7 10 0.033112455 
913 192 8 10 0.033033825 
938 107 9 12 0.033026505 
692 325 10 13 0.03302165 
431 79 8 10 0.03297936 
326 246 9 14 0.032916673 
384 128 7 9 0.03286838 
549 202 8 10 0.032861307 
863 159 7 9 0.032860838 
971 198 11 14 0.03283823 
79 214 8 10 0.032833457 
448 88 7 9 0.03282268 
738 39 7 10 0.03274129 
872 120 7 10 0.032709505 
582 136 8 10 0.032643043 
956 317 10 13 0.032594133 
787 61 10 13 0.032586876 
888 141 8 10 0.032584306 
600 125 8 9 0.032564014 
705 48 8 10 0.03252611 
419 136 7 9 0.032514498 
224 201 6 8 0.032502092 
592 237 7 9 0.03249357 
976 335 8 10 0.03248538 
830 271 8 10 0.0324347 
487 52 10 15 0.032430913 
873 260 8 11 0.03242801 
351 104 8 10 0.032341357 
1014 126 8 11 0.032325856 
301 258 13 16 0.032322895 
977 173 9 11 0.032211952 
466 159 8 10 0.032196585 
826 248 8 9 0.032115452 
938 87 9 10 0.032096915 
669 223 8 11 0.032007355 
4 255 11 15 0.031974994 
463 230 7 8 0.031958234 
679 182 9 11 0.031957205 
901 76 9 11 0.031944927 
1014 341 8 11 0.031930525 
847 199 8 10 0.031898294 
777 199 8 10 0.031880926 
982 142 8 10 0.031872917 
568 157 8 10 0.031856015 
582 237 9 11 0.03183175 
457 125 8 10 0.031824417 
809 176 7 10 0.031775188 
234 176 7 10 0.031722404 
871 182 8 11 0.031715304 
416 103 7 10 0.031593505 
960 134 7 10 0.03156673 
992 212 10 12 0.031542294 
360 159 7 10 0.03151284 
506 133 8 10 0.03147591 
693 376 8 10 0.031463124 
316 273 12 14 0.031442516 
698 111 8 10 0.031397752 
802 247 8 11 0.031386163 
974 115 9 12 0.031377986 
660 15 7 10 0.031341027 
868 46 9 11 0.031269584 
809 223 8 10 0.03124729 
686 89 8 10 0.031221593 
876 196 7 11 0.031185595 
117 165 9 10 0.031183487 
194 213 9 11 0.031150194 
846 173 8 10 0.03114341 
649 37 8 10 0.031072993 
399 153 8 9 0.031064447 
911 205 9 12 0.031032357 
703 173 7 9 0.03103223 
943 246 10 13 0.031008264 
999 160 8 10 0.03098002 
686 73 8 10 0.030954719 
743 185 8 10 0.030949818 
641 72 7 9 0.030949544 
545 128 8 10 0.030945247 
649 23 7 9 0.030939555 
169 193 7 10 0.030872274 
323 126 7 10 0.03083909 
338 183 7 10 0.030804096 
1013 188 9 12 0.030720502 
616 44 11 12 0.030676994 
971 568 8 10 0.030674338 
688 21 8 10 0.030628705 
472 174 8 10 0.030562064 
471 153 7 10 0.03054772 
726 166 7 11 0.030535772 
666 221 8 10 0.03050325 
816 290 8 9 0.030443124 
608 252 9 12 0.030422237 
545 40 7 10 0.030401485 
865 118 7 10 0.030377585 
662 19 8 11 0.030373644 
841 248 8 10 0.030358579 
962 208 8 10 0.03035009 
590 93 9 10 0.030332383 
589 199 8 10 0.0302933 
1003 293 8 10 0.030255206 
246 150 7 9 0.030235762 
952 288 7 9 0.030220518 
554 88 8 10 0.030206332 
904 184 8 10 0.030161062 
183 208 7 9 0.030069431 
432 168 8 10 0.030051166 
542 499 17 27 0.029970048 
623 104 7 10 0.02995084 
296 182 8 10 0.029883169 
695 15 7 9 0.02978326 
764 403 11 12 0.029766457 
191 144 9 10 0.029748488 
937 263 8 9 0.02969541 
358 113 7 9 0.029695163 
370 129 7 9 0.029689584 
831 120 7 9 0.02964976 
927 96 10 13 0.029644858 
720 214 8 10 0.029609522 
171 237 8 10 0.029589389 
488 477 8 10 0.029539563 
775 119 7 10 0.02949203 
754 192 8 11 0.02947679 
640 185 8 9 0.029460521 
302 266 15 17 0.02942091 
680 152 8 10 0.029419487 
910 589 11 15 0.02938791 
198 292 10 14 0.029372001 
607 141 8 10 0.029358461 
191 295 10 13 0.029310022 
625 115 8 10 0.029296158 
121 307 9 13 0.029284742 
464 185 8 10 0.02927493 
705 139 8 10 0.029274093 
582 384 8 11 0.029269943 
584 77 8 10 0.029266205 
662 92 10 12 0.029259378 
750 231 8 9 0.02925281 
183 165 10 12 0.029251795 
162 286 12 15 0.02922526 
991 120 9 11 0.029191054 
137 182 8 11 0.029187812 
386 184 8 10 0.02918108 
793 191 9 10 0.029171688 
287 121 7 10 0.029170768 
393 120 7 9 0.02913343 
530 122 7 9 0.029132754 
670 106 8 10 0.029103352 
334 143 7 10 0.029099425 
897 189 8 10 0.029070495 
694 317 9 12 0.029065972 
1007 136 8 11 0.029005116 
880 167 8 10 0.029001135 
752 45 9 12 0.028990012 
405 183 8 11 0.028969495 
666 168 7 10 0.028966974 
938 136 8 10 0.028962124 
510 485 7 9 0.028920716 
775 169 7 9 0.028906934 
465 149 9 11 0.02889695 
538 160 8 9 0.028884802 
354 128 8 10 0.02887361 
866 214 8 10 0.028834978 
370 34 7 9 0.028794853 
986 312 9 10 0.0287845 
1015 206 8 11 0.028760562 
846 622 9 14 0.028743317 
282 135 8 9 0.028705722 
1001 135 8 11 0.028704753 
528 335 7 9 0.028702533 
478 475 9 13 0.02868097 
794 174 7 10 0.028648226 
59 390 13 16 0.028607152 
995 610 12 15 0.028587013 
445 120 8 9 0.028551506 
258 167 6 10 0.028543465 
467 474 14 17 0.02850207 
870 94 10 13 0.028498411 
751 278 10 11 0.028458532 
584 127 7 9 0.028450085 
994 365 9 10 0.02844523 
886 423 9 12 0.02841967 
657 88 9 11 0.028380321 
175 223 9 10 0.028339982 
722 110 7 9 0.028293336 
737 14 7 9 0.02828916 
306 260 16 18 0.0282553 
919 207 9 12 0.028208151 
838 200 8 11 0.028205495 
764 381 7 9 0.028165385 
89 102 8 10 0.028117666 
329 168 9 11 0.028091645 
681 72 7 10 0.028055245 
810 167 7 9 0.028017478 
996 207 12 14 0.02801157 
722 130 9 11 0.02795825 
936 225 7 9 0.02793694 
221 223 9 12 0.02793137 
951 336 8 10 0.027902806 
982 150 8 11 0.027872471 
689 209 8 10 0.027855964 
671 15 7 10 0.027853962 
833 167 7 9 0.027842512 
586 93 8 10 0.027792478 
888 231 9 11 0.027785104 
578 137 8 10 0.027773032 
579 39 7 10 0.027752886 
864 110 9 11 0.02768945 
690 486 9 12 0.027673291 
424 189 8 11 0.027672201 
802 253 9 10 0.02767115 
698 125 8 11 0.027666146 
554 69 9 10 0.027638888 
710 194 8 9 0.027470285 
395 198 7 9 0.027444001 
808 159 8 9 0.02740706 
313 180 9 11 0.027372088 
559 357 9 11 0.027356092 
695 168 7 9 0.027316155 
487 232 9 11 0.027301475 
527 201 7 9 0.027301285 
944 81 8 10 0.027212659 
616 111 7 10 0.027208796 
920 229 9 12 0.027128765 
818 198 7 10 0.027100088 
230 165 7 10 0.02707959 
1014 142 8 11 0.02704354 
919 223 8 11 0.027041884 
489 118 8 10 0.027039696 
878 388 8 12 0.026993247 
425 209 8 10 0.026980821 
582 223 8 9 0.02693738 
528 216 8 10 0.026933653 
934 327 9 11 0.026908223 
769 181 8 10 0.02690546 
799 197 8 10 0.026872834 
695 2 8 9 0.026823137 
318 167 7 10 0.026797809 
249 111 8 10 0.026793985 
411 151 7 9 0.026765605 
769 151 8 9 0.026753448 
193 208 8 10 0.026729954 
78 241 9 10 0.026728729 
119 244 8 11 0.02672462 
552 113 7 9 0.026674218 
631 117 8 10 0.026666565 
521 201 7 10 0.026665939 
978 85 9 12 0.026623636 
688 174 8 11 0.026599145 
704 192 7 9 0.026585931 
192 247 9 11 0.02655402 
945 279 7 9 0.02654298 
177 208 7 10 0.026528602 
911 243 8 11 0.026512552 
917 44 10 13 0.026506133 
711 285 9 11 0.026499614 
352 168 8 10 0.026474096 
761 453 9 13 0.026471352 
288 214 10 14 0.026453424 
1014 80 8 13 0.026444921 
978 362 8 10 0.026420651 
917 78 8 10 0.02641215 
720 161 8 10 0.026406672 
863 90 9 11 0.02637298 
430 62 7 10 0.026372036 
938 127 8 10 0.026309617 
519 343 9 10 0.026301844 
553 161 8 10 0.026294872 
872 209 7 9 0.026281705 
595 118 7 10 0.026279647 
184 269 9 11 0.026276138 
649 197 7 10 0.02620608 
921 184 8 11 0.026200132 
554 150 9 10 0.026171971 
641 128 7 9 0.026170725 
481 151 7 9 0.026150282 
488 141 8 10 0.026105639 
414 165 8 10 0.02609863 
399 158 8 10 0.026070856 
690 120 7 9 0.026009502 
880 140 8 10 0.025942134 
862 517 12 15 0.025923146 
242 160 7 11 0.025913239 
960 111 8 10 0.025871966 
982 361 8 10 0.025861515 
672 80 7 9 0.025843954 
720 334 9 12 0.025794258 
231 206 7 11 0.02579048 
969 118 9 11 0.025718408 
206 231 9 12 0.025626753 
633 264 9 10 0.025621343 
48 227 20 29 0.025596274 
23 255 9 12 0.025568571 
970 155 9 11 0.025533874 
159 245 8 11 0.025494542 
898 96 8 10 0.025476286 
831 617 9 12 0.02546257 
467 85 8 10 0.025429402 
247 191 7 9 0.025410758 
630 37 8 12 0.025396502 
12 474 25 35 0.025382629 
970 135 8 11 0.02536742 
886 212 8 12 0.025366006 
793 142 7 9 0.025351843 
866 182 8 11 0.025342416 
245 200 9 10 0.02533223 
897 137 7 9 0.025315093 
600 230 9 11 0.025305906 
938 342 7 9 0.025300534 
706 72 8 10 0.025284143 
949 247 8 11 0.02521957 
778 69 9 12 0.025196997 
512 200 8 10 0.025183484 
202 183 8 10 0.025136627 
681 18 7 9 0.025124606 
575 93 8 9 0.025101246 
393 175 8 9 0.025097674 
138 242 8 9 0.025084084 
936 96 9 12 0.025060331 
718 45 9 11 0.025054228 
553 217 8 9 0.025051888 
576 215 8 9 0.025041388 
912 112 9 10 0.025021981 
428 70 9 11 0.024969274 
655 151 8 10 0.024956455 
694 160 7 9 0.024943056 
401 110 7 9 0.024931476 
515 111 8 9 0.024907697 
454 88 8 10 0.024899678 
916 590 9 13 0.024898868 
546 112 7 9 0.024872068 
460 326 9 12 0.024847273 
512 230 9 11 0.024845714 
536 215 7 10 0.02481831 
825 254 7 10 0.024811143 
465 127 8 9 0.024722347 
518 143 7 9 0.024705537 
185 157 9 12 0.024650447 
685 268 9 12 0.024635183 
530 95 7 9 0.024623938 
215 264 8 10 0.024598727 
457 120 7 9 0.024582814 
558 167 8 10 0.02458188 
602 161 7 10 0.024579294 
254 275 10 12 0.024577487 
640 169 8 10 0.024569778 
430 473 10 13 0.024533369 
551 192 8 9 0.024532514 
566 104 8 10 0.024512347 
802 159 7 9 0.024497345 
236 145 7 10 0.02447868 
441 112 8 9 0.024456877 
823 633 8 10 0.02445684 
806 303 8 10 0.02445175 
287 140 8 10 0.024441719 
562 551 12 13 0.024422785 
216 253 9 11 0.024417877 
840 215 8 11 0.02440695 
726 72 7 10 0.024400117 
589 357 9 11 0.02435583 
918 237 9 11 0.024354458 
826 205 8 10 0.024351632 
693 333 9 11 0.02435106 
697 37 7 10 0.024324644 
311 127 8 9 0.024321992 
638 261 9 11 0.024307327 
586 88 8 10 0.024304632 
1008 120 9 11 0.024272937 
96 239 9 11 0.024271207 
989 86 9 10 0.024270132 
714 225 8 9 0.024253502 
30 251 11 13 0.024218807 
727 391 8 11 0.024215654 
352 190 8 11 0.024171336 
773 158 8 9 0.024164025 
599 105 8 10 0.024160562 
205 290 12 16 0.024142468 
559 338 7 10 0.02408375 
950 293 8 11 0.024082288 
768 38 7 10 0.023995666 
406 188 8 11 0.023992166 
265 152 8 10 0.023912167 
776 60 9 13 0.023900408 
358 191 8 9 0.023883168 
69 389 11 18 0.023859272 
79 380 13 17 0.02385409 
909 343 8 9 0.02380949 
218 205 7 9 0.023771906 
873 329 7 9 0.0237693 
929 246 8 11 0.023746999 
303 128 8 9 0.02374439 
989 350 8 9 0.023741638 
127 262 9 11 0.023723671 
337 119 7 9 0.023723237 
494 249 10 11 0.023707483 
898 71 9 12 0.02367258 
345 129 7 8 0.02366092 
335 220 12 16 0.023659086 
245 299 21 29 0.023629144 
553 358 8 10 0.023627333 
131 247 7 10 0.023626583 
622 52 9 11 0.023620784 
712 183 8 10 0.023617057 
845 248 9 10 0.023606997 
936 48 7 9 0.023580002 
383 232 8 10 0.02355198 
944 37 9 11 0.023535796 
505 87 7 10 0.02353569 
328 288 9 12 0.02352244 
822 159 7 9 0.023517588 
912 159 8 11 0.023504129 
702 30 7 10 0.023474604 
750 135 7 8 0.023460228 
270 150 9 10 0.023447169 
1003 288 8 10 0.023417907 
775 152 8 10 0.023409119 
937 336 8 10 0.023383958 
460 448 7 10 0.023379963 
231 231 8 10 0.023366507 
1009 190 9 11 0.023352413 
640 245 9 11 0.023328325 
913 224 8 10 0.023327857 
712 254 10 12 0.023287574 
792 169 7 9 0.023241745 
789 54 10 13 0.023214413 
166 211 9 11 0.023208769 
751 118 7 10 0.023195574 
698 135 8 10 0.023169616 
384 239 8 10 0.023161927 
482 143 6 9 0.023128727 
206 215 7 9 0.023116125 
506 122 7 9 0.023102826 
665 254 8 11 0.023090204 
776 182 8 10 0.02307964 
929 327 8 11 0.0230598 
785 222 8 10 0.023039488 
829 595 9 13 0.023031147 
506 144 7 9 0.023022776 
679 120 8 9 0.02302248 
177 214 7 9 0.023007132 
512 39 9 12 0.023005584 
20 261 9 12 0.022980623 
317 262 14 17 0.022974726 
1014 117 8 12 0.022960495 
506 149 8 10 0.022956897 
627 167 7 10 0.022955831 
526 45 8 12 0.022946047 
535 95 8 9 0.022933377 
292 307 11 12 0.022922218 
716 167 7 10 0.0229219 
468 239 8 11 0.022908233 
611 151 7 9 0.02286018 
216 228 9 12 0.022814833 
784 169 7 10 0.022793628 
280 166 8 10 0.022784082 
351 158 8 11 0.022780716 
826 276 8 12 0.02277199 
185 263 9 12 0.022766294 
784 157 8 10 0.022764819 
715 14 8 10 0.022762984 
125 303 11 14 0.022723898 
926 317 9 11 0.022713313 
368 224 10 12 0.02269965 
574 318 7 9 0.022699138 
977 94 10 13 0.022697374 
73 253 8 10 0.022696191 
789 213 9 10 0.022638937 
826 271 9 12 0.022635646 
1014 270 8 12 0.022629116 
616 24 8 10 0.022613486 
804 629 12 15 0.022605298 
306 164 9 12 0.022604767 
907 238 8 10 0.022547195 
753 127 7 10 0.02252993 
422 122 8 10 0.022526823 
266 200 9 12 0.022526005 
189 269 9 11 0.022494067 
15 434 11 16 0.022484077 
727 46 8 10 0.022472933 
507 80 7 9 0.022355843 
877 220 9 12 0.022343695 
172 280 10 13 0.022325724 
10 466 45 56 0.022324478 
814 177 8 10 0.022306351 
1007 636 8 12 0.022303887 
344 196 9 12 0.022249768 
658 103 7 10 0.022246245 
184 252 10 13 0.022236276 
226 166 8 10 0.022232324 
1014 160 8 11 0.022222407 
931 148 8 11 0.022205947 
912 143 8 10 0.022205476 
184 293 9 12 0.022193292 
853 166 8 9 0.022175074 
574 156 10 11 0.022095848 
991 96 9 11 0.022092886 
776 191 8 10 0.022091132 
870 112 8 10 0.022066165 
992 80 8 10 0.0220436 
974 327 9 11 0.022035088 
481 119 7 9 0.02202747 
259 292 17 21 0.022003433 
479 173 7 9 0.021994459 
802 127 7 9 0.021970356 
297 205 15 19 0.021951346 
903 155 10 12 0.021933775 
334 167 8 11 0.021929009 
577 238 9 11 0.02191022 
593 104 7 10 0.021905264 
726 112 8 10 0.021888832 
633 206 8 10 0.021887075 
603 591 22 29 0.02186886 
400 215 8 10 0.021867473 
216 269 10 12 0.021843143 
345 112 7 9 0.021841634 
281 65 8 10 0.021837177 
797 598 9 10 0.02174499 
792 101 9 12 0.021737395 
608 127 8 10 0.021709265 
297 142 8 10 0.021701632 
333 336 10 12 0.021671342 
58 237 12 16 0.021658817 
663 173 8 10 0.02165777 
701 492 9 12 0.021653758 
623 30 8 11 0.021643851 
783 152 8 10 0.021591159 
490 193 8 9 0.021565117 
833 310 9 11 0.021564286 
324 310 9 13 0.021537187 
202 197 8 10 0.021527698 
984 317 8 11 0.02152696 
284 270 10 12 0.021523396 
3 264 12 19 0.021504072 
807 294 9 10 0.021463323 
578 384 8 10 0.021460008 
726 12 8 11 0.021451939 
782 44 10 12 0.021436315 
568 54 8 11 0.0214278 
684 237 10 13 0.021416906 
742 102 8 10 0.021399349 
128 316 23 33 0.021378767 
834 158 8 10 0.02136115 
638 189 8 10 0.021347957 
711 121 7 9 0.02134026 
303 140 8 10 0.02130702 
742 271 11 13 0.021280656 
880 183 8 10 0.02127463 
964 61 10 12 0.021247452 
728 39 8 10 0.021244159 
672 93 8 10 0.021241682 
206 257 8 10 0.021166824 
814 53 9 13 0.021151742 
239 299 13 21 0.021134494 
793 184 8 10 0.021125296 
743 190 7 10 0.02112338 
959 287 8 9 0.021120254 
743 200 6 9 0.021118183 
374 173 8 9 0.021116566 
606 160 7 8 0.021082137 
647 151 8 10 0.021078898 
537 165 8 9 0.021074943 
834 135 7 9 0.021055494 
39 253 10 13 0.021048103 
886 137 8 10 0.021029301 
952 144 8 9 0.02102638 
848 47 8 12 0.021010168 
488 182 8 10 0.02100846 
512 225 8 9 0.02100686 
485 509 13 17 0.020985667 
252 264 11 13 0.020961698 
822 613 7 10 0.02094143 
976 377 8 10 0.020925963 
645 7 8 10 0.020884957 
843 111 8 11 0.020870306 
792 200 8 9 0.020860925 
1015 224 8 11 0.02084957 
727 143 8 10 0.020848807 
637 19 8 12 0.020837659 
190 262 9 10 0.0208299 
160 202 10 11 0.020811155 
513 157 8 10 0.020810515 
606 348 9 11 0.020809464 
902 189 8 10 0.020808397 
785 127 8 10 0.020805802 
791 110 9 10 0.020805463 
724 326 10 13 0.020778991 
981 169 9 12 0.02076468 
565 33 8 10 0.020764675 
808 208 8 10 0.020761285 
777 232 7 10 0.020744 
224 184 8 11 0.02071825 
999 317 8 11 0.020705497 
923 199 8 11 0.020702293 
133 317 14 19 0.020700293 
828 110 9 11 0.020688605 
60 245 11 14 0.020600785 
863 190 9 11 0.020588286 
608 111 8 9 0.020577572 
544 165 7 9 0.020562131 
16 364 11 14 0.020554151 
362 375 9 12 0.020537643 
544 214 8 10 0.020509372 
728 222 7 9 0.020504728 
384 119 8 9 0.020441642 
352 390 12 18 0.020437598 
490 174 7 9 0.020434735 
937 157 9 11 0.020425778 
602 367 8 10 0.020412382 
150 272 10 11 0.020399615 
1015 199 8 12 0.020369712 
212 283 11 14 0.020345883 
807 288 9 11 0.020296177 
424 213 10 12 0.020295454 
998 197 8 10 0.020270955 
958 126 8 10 0.020267952 
348 91 9 12 0.02025102 
854 118 8 10 0.020205138 
567 93 7 9 0.020133894 
956 159 8 11 0.020131236 
323 151 8 10 0.020122802 
424 149 8 10 0.020116584 
567 61 9 11 0.020105792 
954 348 8 10 0.02009645 
616 126 7 10 0.02008277 
474 207 8 11 0.020075768 
480 96 7 9 0.020052187 
959 333 9 12 0.020051006 
185 152 9 11 0.020035032 
831 305 8 11 0.02003088 
62 333 12 15 0.020023657 
809 215 8 10 0.020022724 
467 447 8 10 0.020008018 
