0_Parade_Parade_0_465
36
408 114 91 128 0.9995122 
511 115 104 133 0.9993641 
105 86 22 34 0.99033433 
1003 122 16 21 0.9895718 
948 119 15 20 0.86908233 
908 125 12 17 0.51591617 
903 101 12 14 0.49999347 
443 381 23 27 0.27538174 
685 152 54 91 0.20376493 
913 130 14 17 0.10975804 
0 78 20 29 0.1029022 
822 98 15 22 0.082376346 
1003 148 17 25 0.07069428 
893 101 16 16 0.066379204 
899 116 17 19 0.05746098 
854 101 12 15 0.05682483 
941 127 13 18 0.035150375 
2 123 8 16 0.03496944 
867 114 13 19 0.03462522 
1009 67 9 13 0.032950267 
847 75 10 14 0.031712677 
887 102 13 15 0.031358957 
926 131 13 18 0.028849978 
950 110 14 17 0.028260889 
894 123 14 19 0.026824769 
934 131 11 15 0.025579918 
12 61 13 15 0.02351334 
700 146 42 58 0.023349302 
848 102 13 16 0.023347452 
893 113 16 20 0.022779347 
878 75 12 15 0.022713576 
896 94 22 22 0.02268808 
879 108 9 13 0.022489022 
928 103 9 10 0.021896653 
861 108 13 19 0.020956367 
5 67 22 28 0.020656265 
