0_Parade_marchingband_1_910
44
76 242 36 38 0.99598855 
138 227 32 33 0.99461585 
207 205 43 49 0.98732495 
38 226 31 37 0.987194 
569 232 51 58 0.9776365 
483 192 35 48 0.97592044 
773 328 71 100 0.9580642 
521 223 44 58 0.94728345 
284 259 38 38 0.91719735 
371 255 48 49 0.86165404 
438 272 47 49 0.8273312 
335 234 32 44 0.58326954 
113 240 20 26 0.5621426 
940 269 64 96 0.3043466 
23 174 13 16 0.25645655 
351 235 43 50 0.24323285 
812 90 27 33 0.18618134 
495 204 44 56 0.13275321 
966 99 51 60 0.12230602 
575 111 21 28 0.080728315 
326 244 28 47 0.07104009 
869 338 29 38 0.06911124 
611 33 32 43 0.062067118 
823 88 32 39 0.06078385 
886 70 32 38 0.049602713 
0 179 12 17 0.04889664 
243 657 15 17 0.04824955 
175 176 9 11 0.041047737 
300 253 33 36 0.037299056 
621 207 15 19 0.033141937 
675 136 30 37 0.032284137 
580 118 27 27 0.031608805 
599 122 29 31 0.031116229 
577 54 57 67 0.030930564 
424 144 22 33 0.029237203 
426 277 31 38 0.028535651 
610 58 29 44 0.02817468 
834 307 45 79 0.026716642 
971 91 37 39 0.02622839 
413 154 13 17 0.024876023 
3 174 14 18 0.023972325 
403 265 42 51 0.022278564 
875 344 18 25 0.020462582 
865 69 34 38 0.02017008 
