0_Parade_marchingband_1_517
22
203 163 50 63 0.9982053 
451 217 48 57 0.9971366 
50 132 49 59 0.99622935 
396 236 27 34 0.9915644 
913 269 37 43 0.99120164 
701 217 41 47 0.9849899 
868 297 14 17 0.24314977 
987 293 30 35 0.15916884 
380 243 25 36 0.10733491 
571 283 20 27 0.10647387 
556 301 12 19 0.092953146 
565 284 12 19 0.060610924 
557 290 21 30 0.053993333 
913 534 7 10 0.035545032 
68 371 12 15 0.03391394 
725 111 9 12 0.03234269 
764 273 11 15 0.029046107 
866 275 11 14 0.024650183 
578 281 24 28 0.021920724 
62 365 13 17 0.021479083 
681 197 9 12 0.021040125 
804 309 12 13 0.020458903 
