0_Parade_Parade_0_688
88
453 531 28 30 0.99323684 
881 522 14 19 0.983352 
844 568 14 20 0.9729648 
278 526 23 27 0.9694428 
566 541 16 22 0.93060064 
810 526 16 22 0.92424273 
534 461 19 23 0.91516805 
449 503 20 27 0.8331902 
216 536 17 28 0.7271543 
968 512 8 12 0.6772347 
839 531 9 12 0.65575457 
821 531 11 16 0.6111353 
6 583 12 16 0.57003 
25 561 8 11 0.43389568 
1004 546 10 13 0.39990547 
529 595 19 21 0.328442 
918 542 9 12 0.32824245 
911 534 8 10 0.31910262 
959 540 8 11 0.28502545 
263 529 12 17 0.26893213 
832 533 9 12 0.24916567 
945 529 8 10 0.19622956 
773 536 9 12 0.17004664 
270 527 20 28 0.14187534 
783 544 10 14 0.14153795 
966 718 29 43 0.11950761 
973 533 12 13 0.11334968 
239 536 13 18 0.10763 
365 528 9 12 0.1046436 
992 529 9 10 0.10213833 
54 556 8 10 0.10146804 
1014 532 8 11 0.094693005 
306 511 15 22 0.09093852 
910 529 8 10 0.079803444 
123 518 16 18 0.07920326 
847 543 9 10 0.07498326 
207 541 20 27 0.072271384 
204 553 13 18 0.061814398 
656 625 26 44 0.05901037 
254 538 13 19 0.057976007 
28 564 9 11 0.05782454 
733 481 14 21 0.0530452 
905 533 9 11 0.051359225 
71 577 8 9 0.04629866 
647 605 13 16 0.045516994 
12 586 11 14 0.044886876 
685 492 10 15 0.044395648 
52 597 16 18 0.04268363 
1 566 9 12 0.040930998 
950 528 7 10 0.037439175 
906 527 8 11 0.03663823 
845 533 8 11 0.03644608 
7 574 10 13 0.034800716 
65 577 7 8 0.032758288 
595 589 20 27 0.032663856 
195 573 15 18 0.032182466 
199 548 13 16 0.031345606 
854 542 9 12 0.031334616 
905 577 15 21 0.031292196 
335 577 38 47 0.031020118 
593 564 22 30 0.030765494 
744 539 11 13 0.029357022 
1012 548 10 13 0.02932359 
1011 528 8 11 0.02871433 
266 534 15 20 0.02859607 
692 561 15 21 0.02722645 
539 565 16 19 0.02662711 
542 614 12 15 0.026058713 
931 527 7 9 0.02564927 
844 527 10 13 0.025631975 
971 516 9 11 0.025508376 
1 560 7 10 0.025482135 
969 540 10 12 0.025070945 
58 576 7 9 0.024997678 
32 572 8 12 0.02479387 
363 532 9 13 0.024420636 
48 574 7 9 0.023920383 
50 553 8 10 0.023692627 
981 598 12 16 0.023686362 
936 527 7 9 0.023538128 
980 533 9 12 0.022940457 
63 551 8 10 0.022864109 
896 533 10 13 0.022819048 
919 537 8 11 0.021492226 
364 535 14 18 0.021314599 
631 456 23 31 0.021069847 
831 527 9 13 0.021015283 
989 599 11 15 0.020413121 
