34_Baseball_Baseball_34_356
50
575 240 143 180 0.9978064 
597 11 38 49 0.26729396 
584 10 59 83 0.1264844 
850 19 105 148 0.1059931 
541 5 36 41 0.09844985 
372 28 47 78 0.07858488 
331 55 57 78 0.07322345 
436 26 218 182 0.06676685 
408 25 58 78 0.06204239 
555 12 53 65 0.062033307 
853 15 67 89 0.05475739 
551 10 101 128 0.04844351 
448 28 65 90 0.044700842 
83 317 16 24 0.042871445 
834 2 64 76 0.038477484 
77 318 15 20 0.03751505 
800 24 113 142 0.03682473 
898 14 53 74 0.03680461 
395 9 53 71 0.035257135 
92 393 95 143 0.034972623 
842 47 66 96 0.033425193 
326 25 49 75 0.030813754 
535 14 48 60 0.029384073 
644 205 169 195 0.028827436 
901 64 69 98 0.02873969 
706 112 220 224 0.027774489 
288 28 214 248 0.027513811 
432 652 613 553 0.027373945 
406 55 132 147 0.026451884 
85 651 51 70 0.026014805 
767 57 193 207 0.025686456 
45 539 106 147 0.025410404 
487 23 54 77 0.025273677 
526 1 90 101 0.02498344 
897 46 30 39 0.024958447 
358 44 117 169 0.024482662 
326 72 36 45 0.02391012 
335 33 88 118 0.023376217 
641 41 118 154 0.02321477 
26 594 89 128 0.022762645 
467 117 143 127 0.022654198 
106 323 11 16 0.021861622 
408 107 60 83 0.021586463 
558 8 165 190 0.021136219 
878 89 64 95 0.020733232 
807 1 55 64 0.020720968 
183 319 11 15 0.020560412 
482 10 99 121 0.020543268 
109 367 15 19 0.020381669 
89 519 98 149 0.02014756 
