34_Baseball_Baseball_34_350
499
605 273 17 20 0.9846698 
658 276 12 16 0.9444676 
973 101 9 12 0.87814623 
909 6 10 13 0.86497694 
683 20 11 16 0.8643879 
108 155 11 15 0.72357017 
897 116 9 13 0.7078796 
550 6 10 12 0.69833905 
623 263 11 14 0.6642976 
119 8 10 12 0.6504854 
86 116 11 14 0.6479494 
671 262 11 14 0.6386357 
609 157 10 13 0.60751337 
785 99 9 12 0.6039642 
18 8 9 11 0.5767004 
594 131 9 12 0.5760673 
190 136 9 13 0.5590253 
486 119 8 10 0.54854393 
551 113 9 11 0.53912884 
218 95 11 14 0.5121335 
542 134 9 12 0.48048916 
11 139 11 14 0.47514275 
799 147 12 14 0.4623862 
508 29 9 11 0.44457433 
30 28 9 11 0.39450225 
537 31 9 13 0.39255866 
499 133 8 10 0.39085704 
237 120 8 11 0.36922163 
598 32 11 13 0.366985 
678 117 9 12 0.3352273 
526 90 10 12 0.32616097 
956 28 9 12 0.32577088 
742 134 9 10 0.32559457 
677 154 10 13 0.30796078 
602 5 9 12 0.30616665 
1005 159 8 10 0.28636658 
990 125 7 10 0.28624457 
71 105 8 11 0.26974538 
453 13 9 11 0.26673093 
962 119 9 11 0.26424825 
619 367 13 15 0.25668535 
616 9 9 12 0.2560866 
120 141 9 11 0.25520402 
800 4 11 12 0.25250143 
679 103 9 11 0.24221362 
660 183 10 13 0.24021566 
134 27 9 11 0.2360551 
668 4 10 13 0.23595521 
906 95 10 12 0.23557737 
755 107 10 14 0.23306297 
840 117 9 11 0.23158698 
859 93 8 10 0.2309628 
742 85 8 9 0.22111742 
797 22 11 14 0.21888578 
88 22 8 10 0.20685627 
566 30 9 12 0.20388515 
609 96 9 10 0.19783668 
859 152 10 13 0.19616 
666 101 9 12 0.19389471 
663 136 8 11 0.17203641 
1008 44 9 12 0.16069432 
889 181 9 12 0.15759875 
2 122 11 15 0.15721762 
360 31 8 10 0.15708388 
678 109 10 12 0.15355062 
461 127 8 10 0.15229788 
934 108 8 11 0.1452605 
474 134 8 10 0.14201465 
173 13 8 10 0.14194445 
553 159 8 9 0.13911965 
755 20 10 13 0.13295795 
426 119 8 10 0.13137363 
40 104 9 11 0.1293574 
136 2 10 13 0.12766418 
96 0 10 10 0.12630029 
28 140 10 11 0.12576625 
441 140 9 11 0.12276531 
596 334 10 13 0.12013259 
6 55 8 12 0.116692714 
608 132 8 11 0.11594092 
818 179 9 14 0.11429359 
678 86 9 11 0.10508838 
486 124 9 11 0.10128464 
665 109 8 10 0.09750304 
398 12 9 11 0.09708736 
882 87 10 12 0.09678899 
576 134 9 11 0.09381226 
456 92 9 12 0.09329022 
57 30 8 11 0.0929215 
204 119 10 13 0.092807285 
558 23 9 10 0.08972056 
479 134 8 10 0.088118754 
854 14 9 11 0.08790078 
172 127 9 11 0.08768334 
152 30 8 10 0.08736939 
551 22 9 12 0.08526655 
53 89 9 11 0.08162331 
485 95 8 11 0.08133679 
486 130 9 12 0.08123861 
727 142 11 13 0.08120829 
648 118 8 10 0.08058833 
525 124 9 11 0.08046781 
803 154 11 13 0.0804216 
16 110 9 11 0.07944292 
9 60 8 11 0.076592594 
55 38 9 11 0.075421035 
895 31 9 11 0.073884375 
622 152 10 12 0.072981685 
206 125 9 11 0.0714121 
617 260 10 13 0.07123022 
234 123 8 11 0.07111187 
790 179 11 14 0.07108689 
561 102 9 12 0.07018317 
345 6 8 9 0.06894556 
103 12 9 11 0.06859438 
967 125 7 10 0.06850795 
808 128 9 11 0.068429776 
239 125 7 10 0.06798991 
924 120 9 11 0.06774626 
733 110 8 12 0.06673117 
232 64 8 11 0.06669942 
600 112 8 10 0.06653711 
66 105 8 10 0.06596645 
1 53 9 13 0.065655835 
891 116 10 13 0.06543586 
736 99 10 12 0.06503927 
328 13 12 16 0.06489494 
682 95 8 10 0.064445056 
126 154 10 14 0.06411182 
753 101 10 14 0.06367905 
1012 115 10 13 0.06357353 
624 180 11 13 0.06318478 
775 125 9 12 0.06266342 
658 136 8 10 0.06253526 
701 280 8 11 0.061667133 
687 102 8 11 0.061367102 
17 103 8 10 0.060664512 
529 156 9 11 0.06023843 
407 30 9 12 0.05988192 
62 140 9 10 0.05983653 
460 92 10 13 0.05938755 
57 56 10 10 0.059251573 
440 37 9 12 0.05852845 
873 102 8 9 0.057858728 
620 8 10 11 0.057330184 
96 5 9 12 0.055648047 
665 1 9 12 0.05552847 
629 93 9 12 0.055527717 
136 164 11 17 0.055194587 
556 158 9 10 0.05452766 
502 130 8 10 0.054261558 
872 111 8 12 0.051780146 
623 126 8 11 0.05167396 
405 8 9 12 0.051495295 
690 128 8 10 0.050757997 
528 120 8 11 0.050443023 
657 155 9 11 0.049977176 
616 257 9 11 0.04951804 
637 309 13 19 0.04885937 
930 190 9 12 0.04816888 
646 141 9 10 0.04815884 
686 280 9 11 0.047988307 
922 94 8 10 0.0475272 
934 190 9 12 0.047509845 
556 116 9 11 0.047331955 
615 31 9 12 0.047121353 
883 93 7 10 0.04710482 
173 111 9 10 0.0466738 
66 109 7 10 0.046491206 
523 120 7 10 0.046284426 
31 60 8 11 0.04619499 
816 109 8 10 0.045599412 
508 35 10 13 0.045570172 
441 118 8 10 0.045522463 
440 32 9 10 0.04526179 
856 110 8 10 0.045237996 
696 284 9 12 0.04490091 
592 188 11 13 0.044791315 
171 9 8 10 0.043612372 
884 148 9 13 0.043554574 
533 118 10 12 0.04342019 
615 151 9 11 0.043397482 
615 128 8 10 0.043193847 
549 173 11 14 0.043121424 
921 88 9 10 0.042458583 
422 189 8 11 0.04233801 
938 153 8 9 0.042113762 
56 61 11 12 0.041872904 
797 186 12 14 0.04176591 
14 62 8 10 0.041719023 
592 180 10 13 0.041440677 
846 84 11 13 0.04142721 
553 154 7 9 0.041359775 
147 83 13 15 0.041219324 
740 93 11 15 0.041205905 
603 30 10 14 0.041173458 
125 5 8 12 0.04108912 
884 142 10 13 0.04104707 
372 38 10 13 0.04076498 
184 32 8 11 0.04069634 
57 140 8 10 0.04054198 
751 96 9 12 0.040385704 
622 13 8 10 0.040293157 
66 12 8 10 0.040262956 
464 120 8 9 0.040214304 
856 8 9 10 0.040057644 
1 46 8 13 0.039854374 
544 21 9 13 0.039796732 
744 138 9 11 0.039794747 
172 118 9 11 0.03977023 
473 129 8 10 0.03908538 
73 28 9 11 0.038844116 
580 116 9 11 0.03857234 
32 120 10 14 0.03849177 
648 136 8 10 0.03835507 
394 13 7 10 0.03820165 
952 0 9 10 0.038006525 
398 36 9 11 0.037893504 
630 30 8 11 0.037817642 
439 111 8 10 0.03781688 
119 154 11 14 0.037734177 
1009 113 9 12 0.037696876 
16 84 8 11 0.037625637 
245 134 8 10 0.03725607 
694 108 8 11 0.03722702 
863 110 8 11 0.03715235 
583 11 9 12 0.037112426 
839 98 8 10 0.03665829 
216 113 10 12 0.03652975 
495 151 8 11 0.03625488 
60 29 9 11 0.036252063 
1 80 8 11 0.036051493 
0 151 8 14 0.03599121 
912 146 11 16 0.035703726 
1015 136 7 11 0.035681948 
1005 95 7 9 0.035340127 
714 132 8 11 0.03524561 
303 58 11 13 0.035197496 
201 123 10 12 0.035187848 
624 110 8 10 0.034798533 
648 270 11 14 0.034790307 
5 24 9 10 0.034750264 
889 112 8 12 0.034707524 
895 121 9 12 0.034543835 
586 266 13 16 0.034459673 
473 143 8 10 0.03397816 
573 175 13 16 0.033846527 
56 25 8 9 0.033820495 
687 284 10 12 0.033604857 
622 275 12 16 0.033419687 
557 175 10 13 0.033383477 
927 94 7 11 0.033260964 
350 58 11 13 0.033079114 
992 185 10 12 0.03300915 
679 124 9 11 0.032792266 
661 177 10 13 0.03258926 
612 132 9 11 0.032586496 
565 108 9 12 0.0324484 
913 134 9 12 0.032348428 
615 101 7 10 0.03234017 
833 96 8 11 0.032337148 
433 15 7 10 0.03230814 
329 8 8 10 0.03215296 
520 110 8 10 0.03211818 
629 22 9 11 0.032107644 
140 0 10 11 0.031687975 
445 119 9 10 0.031610318 
474 110 7 10 0.031596825 
786 179 9 14 0.03140338 
677 0 9 9 0.031245947 
423 6 9 12 0.031121453 
775 118 10 13 0.031034812 
751 17 11 14 0.030984765 
96 11 9 12 0.03086847 
443 136 9 12 0.030690271 
865 136 9 11 0.030660678 
21 102 9 10 0.030646805 
797 111 10 11 0.030375699 
558 112 8 11 0.030308487 
797 14 11 14 0.030307611 
439 7 9 12 0.03029062 
191 173 10 11 0.030136708 
672 39 10 11 0.030104881 
856 103 8 11 0.030013273 
129 0 9 11 0.029585473 
24 136 10 12 0.02958193 
950 135 10 12 0.029467853 
950 140 8 11 0.029383356 
4 100 11 13 0.029362388 
926 7 8 10 0.029061293 
55 45 11 11 0.029000336 
213 134 9 12 0.02890457 
537 125 9 11 0.028896132 
447 87 8 11 0.028767467 
857 89 8 10 0.02870899 
554 4 13 15 0.028703243 
802 1 11 12 0.028641192 
439 94 8 8 0.028638327 
221 112 10 13 0.028622907 
375 16 7 9 0.028587224 
400 32 8 11 0.028569536 
14 145 11 14 0.028511843 
561 96 8 10 0.02839568 
122 149 9 12 0.028373675 
78 102 9 12 0.02828102 
551 132 8 11 0.028241538 
600 151 8 11 0.028092919 
601 11 9 11 0.028085604 
160 8 7 9 0.028066777 
825 110 8 10 0.027939359 
872 97 7 9 0.027888775 
669 96 8 11 0.027820205 
647 126 8 10 0.02779815 
142 78 14 15 0.027759423 
596 178 11 14 0.027695036 
742 13 9 11 0.027692694 
937 183 8 10 0.027680695 
887 134 9 11 0.027660728 
553 264 10 12 0.027639465 
185 94 9 11 0.027486345 
803 21 12 15 0.027395746 
910 129 8 9 0.027330613 
459 131 7 9 0.027287006 
626 186 11 14 0.02723643 
241 136 9 10 0.027234329 
974 46 7 9 0.027191596 
0 196 10 15 0.0270447 
425 123 9 11 0.026993744 
793 167 9 11 0.026900742 
757 152 9 13 0.0268426 
661 153 8 10 0.026832476 
862 118 8 10 0.026820207 
567 93 8 10 0.026788482 
738 12 8 11 0.026784815 
433 111 7 10 0.026664324 
834 117 8 10 0.026654303 
904 126 8 10 0.026635071 
158 149 9 11 0.026572952 
479 111 8 9 0.026525415 
449 8 9 11 0.02641728 
360 35 9 12 0.026416026 
151 26 8 10 0.026415464 
831 112 8 10 0.026378943 
0 29 8 11 0.026330343 
350 15 8 10 0.026323631 
568 34 10 12 0.026323281 
27 25 9 11 0.026205791 
648 157 7 10 0.026104908 
919 4 10 13 0.026051078 
442 104 7 10 0.02594604 
544 180 10 12 0.025899803 
1 23 8 11 0.025879951 
759 183 10 13 0.025873302 
897 151 10 12 0.025826642 
445 30 8 10 0.025736844 
878 101 8 11 0.025659261 
490 6 9 11 0.025640722 
594 30 10 13 0.025593339 
853 183 10 14 0.02556695 
39 96 9 11 0.025528409 
671 135 8 10 0.025487252 
147 32 8 10 0.025472332 
686 96 8 9 0.025389168 
384 9 9 10 0.0253527 
508 70 10 11 0.025311098 
588 6 9 11 0.02527812 
521 77 8 10 0.025216736 
928 184 8 10 0.02511523 
825 8 8 10 0.025016157 
195 156 11 13 0.024981936 
473 150 8 10 0.024910344 
847 30 9 11 0.024907226 
398 118 8 9 0.024848023 
145 99 10 12 0.024816109 
6 133 20 22 0.024666948 
446 104 7 10 0.02463997 
0 129 11 16 0.024476694 
414 94 8 10 0.024440343 
196 168 10 11 0.024342362 
133 159 11 15 0.024324194 
110 25 9 11 0.024312831 
739 129 8 10 0.024248699 
490 150 8 11 0.024220567 
151 55 10 11 0.024189675 
438 13 9 10 0.024128165 
998 61 8 9 0.024106825 
50 30 8 10 0.024073211 
673 126 7 10 0.024066554 
63 157 9 11 0.023973977 
441 86 10 11 0.023919553 
943 189 10 12 0.023914233 
481 100 8 10 0.023885377 
124 12 10 12 0.023816874 
688 151 8 11 0.02381061 
865 127 7 9 0.023771016 
823 143 9 11 0.023742687 
993 111 8 10 0.023722531 
821 30 8 11 0.023649648 
46 109 8 10 0.023485469 
950 190 9 10 0.023437396 
23 72 9 10 0.023391899 
687 8 9 10 0.023388715 
625 29 9 12 0.02337325 
471 118 7 10 0.023365203 
977 7 9 10 0.023364488 
776 131 10 12 0.02335051 
724 182 11 14 0.023316577 
148 92 11 14 0.023310166 
551 163 10 14 0.023280943 
56 68 11 13 0.02319134 
512 109 8 10 0.023173824 
848 95 8 10 0.023163572 
444 38 10 12 0.023146385 
366 31 8 11 0.02309506 
671 108 9 12 0.023031179 
477 150 8 11 0.023010751 
230 149 12 14 0.02298774 
649 102 7 10 0.02295749 
79 94 7 10 0.022903148 
111 134 9 11 0.022616312 
916 140 9 14 0.022569194 
547 189 12 13 0.022568334 
95 94 10 11 0.022532409 
1000 113 7 9 0.022506187 
869 29 9 13 0.022500316 
582 102 8 10 0.022490747 
711 156 9 11 0.022378992 
649 274 14 17 0.022372851 
54 125 9 12 0.022250978 
641 119 8 10 0.022236751 
56 109 8 10 0.022214223 
489 14 8 11 0.02218107 
867 139 11 13 0.022142489 
17 37 10 11 0.02213486 
951 185 9 10 0.022108579 
946 142 8 10 0.02210531 
858 117 8 10 0.022095965 
69 9 8 10 0.02208522 
694 183 9 11 0.02200145 
110 118 9 11 0.021991333 
246 130 8 9 0.021973165 
883 134 8 11 0.02194499 
613 58 11 14 0.021937009 
55 74 13 15 0.021936122 
584 29 8 11 0.02193443 
150 125 10 12 0.021899126 
426 114 8 9 0.021834832 
14 54 10 11 0.02172052 
983 0 9 8 0.021679388 
996 187 10 14 0.021558179 
158 143 10 12 0.021555 
0 98 10 14 0.021500913 
648 113 8 9 0.021493489 
940 156 8 10 0.021479495 
927 13 9 12 0.021455444 
961 113 8 10 0.021441784 
55 119 8 10 0.021429626 
578 95 8 10 0.02142466 
544 88 6 9 0.021303115 
648 263 9 11 0.02125968 
510 129 8 10 0.021250203 
640 127 8 11 0.02124718 
535 112 9 11 0.021179698 
961 7 8 10 0.021154657 
880 8 9 11 0.021043533 
137 81 22 25 0.020971356 
693 187 9 12 0.020961504 
371 17 8 9 0.020901112 
904 0 9 11 0.020830119 
60 70 12 13 0.020774957 
100 7 10 13 0.020773787 
450 93 8 9 0.020762485 
84 148 10 13 0.02063191 
887 9 9 10 0.0206242 
558 153 8 10 0.020554775 
673 142 8 10 0.020523723 
751 152 11 14 0.020433964 
1008 155 7 9 0.020399213 
432 6 10 12 0.02039085 
441 25 7 10 0.0203785 
646 313 11 15 0.020376682 
615 0 10 11 0.020341273 
694 157 8 11 0.020292083 
552 81 9 10 0.020284366 
863 102 8 11 0.020283652 
154 7 7 9 0.02026576 
825 135 10 11 0.020238802 
486 115 9 10 0.020229252 
935 22 8 10 0.02019846 
681 284 11 13 0.020194804 
477 141 8 10 0.0201793 
901 149 11 13 0.020174414 
333 6 9 10 0.020102717 
545 151 8 10 0.020082518 
176 153 9 11 0.020050637 
52 38 7 10 0.020040309 
586 152 8 10 0.020027177 
568 175 9 12 0.020010466 
171 131 8 12 0.020000447 
