39_Ice_Skating_Ice_Skating_39_1047
58
745 149 61 75 0.9994098 
244 117 57 71 0.99896705 
877 174 26 32 0.9988456 
812 75 24 30 0.99622065 
831 144 24 32 0.9960588 
724 79 23 29 0.99322814 
499 197 22 29 0.9931685 
735 2 23 29 0.99312675 
242 20 20 25 0.9916754 
60 24 17 22 0.9889598 
938 72 22 28 0.98731923 
530 131 19 26 0.9861261 
180 19 19 25 0.98571223 
307 16 19 24 0.9841743 
944 5 19 24 0.9828367 
591 196 22 27 0.98200285 
882 40 19 26 0.9816538 
125 23 16 22 0.9810636 
529 174 19 26 0.9752539 
881 10 18 23 0.9750886 
671 0 21 24 0.96986157 
9 16 18 22 0.9646426 
601 131 19 24 0.96196556 
458 162 21 25 0.96114004 
810 28 17 21 0.93962646 
1011 79 13 25 0.9016601 
966 193 28 32 0.86662 
939 148 22 29 0.66329527 
913 144 14 18 0.4817289 
331 54 16 21 0.2466244 
93 14 12 16 0.18475242 
897 0 17 20 0.11219515 
158 0 15 11 0.1018293 
118 0 16 18 0.09796447 
6 37 13 16 0.096673235 
927 158 20 26 0.09133973 
28 3 12 15 0.05990637 
151 20 14 19 0.05847853 
380 0 13 12 0.05828457 
658 65 27 24 0.056198843 
601 1 18 22 0.05358576 
40 0 12 12 0.05040485 
373 0 15 13 0.04742006 
1006 56 17 30 0.047165144 
178 0 16 12 0.038588833 
230 -1 14 11 0.028765088 
332 0 14 10 0.027312469 
911 53 10 14 0.026086101 
1011 103 13 29 0.024747903 
420 0 15 11 0.02440745 
486 32 11 14 0.023914834 
1012 165 12 24 0.023072662 
387 0 14 11 0.02247363 
401 96 19 28 0.021706428 
0 17 11 19 0.021288896 
340 0 13 10 0.020902151 
157 12 15 21 0.020218542 
317 51 14 21 0.020024722 
