39_Ice_Skating_Ice_Skating_39_169
23
329 830 35 47 0.9329549 
199 850 11 13 0.32172474 
237 783 21 27 0.09316497 
624 853 8 10 0.08776068 
516 -20 469 470 0.059470613 
661 840 9 12 0.056940887 
164 845 9 11 0.055204533 
270 850 15 16 0.049488977 
284 1257 46 56 0.048467275 
593 871 7 9 0.03872992 
114 854 8 11 0.037092682 
408 847 8 9 0.034301024 
552 839 8 9 0.029468276 
526 854 6 8 0.027450169 
521 849 7 8 0.02532316 
629 854 8 11 0.024634143 
572 12 301 290 0.023602355 
522 854 7 8 0.023374781 
191 834 9 13 0.023242693 
536 846 8 10 0.022447824 
218 821 10 13 0.021172723 
453 886 9 12 0.020975882 
585 871 8 9 0.020666586 
