39_Ice_Skating_Ice_Skating_39_992
100
422 18 53 69 0.99954766 
296 847 60 71 0.9993789 
955 578 56 67 0.9993673 
116 41 52 67 0.999175 
157 808 52 65 0.9989827 
168 277 53 61 0.99889284 
728 733 58 67 0.9987457 
308 258 58 71 0.99871206 
836 124 51 68 0.9986292 
937 248 46 62 0.9985045 
745 -1 56 59 0.99846256 
667 477 55 65 0.9981792 
384 381 46 60 0.99809223 
535 720 74 96 0.9978732 
777 607 59 65 0.9976683 
9 635 58 67 0.99762565 
901 708 52 65 0.99746335 
823 481 49 58 0.9974585 
801 252 51 60 0.99731296 
614 267 47 57 0.9971341 
24 378 51 57 0.99671704 
383 139 49 58 0.99646217 
334 473 58 66 0.99236417 
728 368 49 60 0.9880405 
571 369 48 55 0.9873998 
905 24 46 56 0.9868615 
284 50 46 52 0.9865067 
463 265 47 54 0.98442507 
215 616 49 63 0.9785688 
280 680 70 82 0.93318665 
290 425 37 58 0.89700735 
995 458 29 68 0.8362733 
469 153 57 57 0.56746924 
857 448 33 43 0.53960294 
217 170 46 57 0.4757392 
337 368 36 41 0.4088061 
541 19 27 37 0.20621935 
429 229 38 55 0.19811502 
183 447 44 50 0.16055055 
344 410 46 59 0.1520547 
847 674 52 60 0.14774871 
227 365 43 56 0.13019753 
997 124 26 63 0.11824865 
79 686 61 74 0.11784628 
228 834 35 44 0.11363114 
2 355 28 46 0.10592481 
223 188 53 61 0.10377887 
6 165 29 45 0.10016407 
725 539 59 76 0.08654191 
99 125 41 45 0.08476001 
891 0 29 31 0.07805689 
721 334 47 56 0.0760336 
133 492 32 43 0.07550751 
53 176 34 38 0.07522958 
335 86 39 44 0.067837186 
419 352 42 51 0.06615653 
2 539 34 77 0.06558273 
278 83 55 68 0.06525643 
69 256 64 77 0.060789272 
268 806 44 55 0.05216275 
3 155 49 72 0.05172764 
828 761 64 75 0.051706318 
819 746 53 52 0.047813345 
111 480 46 56 0.047154415 
356 381 43 55 0.04625548 
519 5 44 53 0.045957144 
28 508 30 37 0.04413824 
233 214 37 46 0.043063726 
104 625 49 57 0.041858766 
915 5 51 54 0.039530832 
0 34 20 40 0.03674509 
92 143 46 54 0.035275288 
86 650 65 78 0.033711623 
119 635 53 59 0.033216316 
202 511 112 108 0.032373365 
442 239 44 56 0.03148145 
118 233 46 57 0.030985473 
97 465 48 56 0.030850882 
675 448 41 43 0.030723576 
0 727 49 119 0.028999435 
515 0 29 26 0.02765675 
333 392 46 56 0.027478617 
383 5 26 38 0.026554624 
9 517 49 67 0.026254902 
438 442 32 39 0.025577046 
112 613 32 42 0.025387565 
810 428 18 22 0.02429586 
561 0 20 14 0.023326403 
847 752 43 45 0.023207914 
184 4 41 52 0.023159847 
246 206 35 46 0.022153027 
100 697 62 73 0.021886522 
530 41 94 132 0.02157256 
326 445 48 60 0.021017622 
130 584 52 50 0.020996304 
14 140 32 41 0.020679975 
513 274 39 57 0.02048976 
664 400 48 50 0.020424372 
314 370 30 36 0.020379016 
0 46 24 64 0.020286007 
