39_Ice_Skating_Ice_Skating_39_661
367
222 266 11 15 0.98871136 
809 361 14 18 0.9382219 
1 371 14 20 0.9321464 
194 258 12 15 0.91359484 
75 235 10 13 0.84722537 
543 261 9 12 0.8464726 
160 295 10 13 0.77740437 
94 322 13 17 0.72651035 
470 302 10 13 0.72430545 
250 253 8 11 0.70997334 
616 176 9 12 0.52345437 
48 257 14 18 0.5164653 
412 425 22 23 0.5145653 
509 253 10 12 0.50332725 
768 332 10 14 0.4518551 
13 294 13 16 0.4439742 
488 190 9 10 0.4375046 
176 297 9 12 0.430915 
444 507 23 23 0.43010205 
586 180 9 13 0.40856093 
441 311 9 11 0.40495625 
-1 262 8 14 0.36750066 
289 197 7 10 0.2725452 
717 272 10 12 0.27208075 
792 221 8 10 0.24148482 
648 197 8 11 0.2413978 
466 184 7 9 0.22338517 
250 348 15 18 0.20337352 
513 212 7 9 0.20019138 
569 212 9 12 0.19147214 
471 183 7 10 0.18394303 
12 340 13 17 0.17339389 
629 222 8 10 0.17291933 
20 294 11 16 0.16909291 
85 197 9 11 0.16679288 
108 244 11 13 0.16620284 
838 254 9 12 0.16531226 
230 149 10 13 0.1603006 
291 366 11 14 0.15679489 
150 386 15 21 0.15506093 
222 197 7 9 0.15395653 
28 295 10 12 0.15347861 
822 433 20 30 0.15179183 
262 196 7 10 0.1495264 
714 224 8 10 0.14674337 
532 277 11 14 0.14235806 
445 183 9 11 0.1323397 
593 223 8 10 0.12855542 
350 238 8 10 0.12375424 
718 224 8 10 0.118603006 
164 298 11 15 0.117049985 
617 168 9 10 0.11560974 
662 326 9 11 0.11155006 
641 223 7 10 0.106289014 
381 216 8 10 0.10584372 
393 205 9 11 0.10247087 
0 301 11 15 0.10002373 
419 191 7 9 0.09989656 
364 560 19 16 0.098093845 
393 199 8 10 0.09111904 
648 192 9 11 0.08932496 
374 201 8 10 0.08680148 
847 235 8 11 0.08518774 
382 178 7 10 0.08335435 
596 221 9 11 0.080324806 
370 201 7 10 0.07931682 
165 309 11 15 0.07835382 
588 176 9 12 0.07832733 
230 207 8 10 0.0778227 
792 206 8 9 0.07668552 
820 134 9 11 0.07624738 
720 188 8 10 0.07564248 
377 181 7 9 0.07494715 
370 185 7 8 0.07482882 
146 204 7 10 0.07282258 
477 379 10 12 0.072408505 
613 228 9 12 0.07226601 
454 206 8 11 0.06977245 
502 302 10 12 0.06585142 
562 182 8 10 0.06557583 
713 229 8 10 0.0654951 
703 225 8 10 0.06469666 
125 152 10 12 0.06448818 
577 256 9 13 0.06439488 
109 188 8 11 0.0639539 
610 224 9 11 0.063716635 
756 142 10 12 0.06300796 
230 256 9 11 0.060938686 
53 244 11 13 0.059770495 
800 264 9 12 0.059479788 
918 295 9 10 0.059454266 
565 242 11 14 0.05886541 
393 193 7 9 0.058465954 
229 261 10 13 0.057947412 
609 190 7 10 0.05772565 
761 241 9 10 0.056947406 
341 190 8 9 0.056468055 
493 205 9 11 0.056149274 
353 198 8 10 0.05550019 
566 181 7 10 0.055290926 
541 132 10 11 0.055211 
327 220 10 14 0.055049375 
852 378 11 15 0.054735206 
343 185 7 8 0.054694768 
796 221 8 10 0.054206662 
654 190 8 10 0.053777896 
150 110 8 11 0.05372127 
687 190 8 11 0.053057846 
0 294 9 13 0.052945636 
367 268 11 13 0.052789494 
656 229 8 10 0.05267933 
440 190 7 9 0.05239655 
656 184 7 10 0.051293787 
152 200 8 11 0.050130285 
342 199 8 9 0.048580304 
424 224 8 11 0.048498258 
649 185 8 9 0.04826952 
653 197 8 11 0.047418676 
559 267 10 13 0.04718195 
358 268 10 13 0.04711355 
466 189 8 9 0.046567556 
762 206 8 9 0.046415653 
671 190 8 10 0.045540303 
359 197 7 10 0.045446195 
641 217 7 9 0.044706237 
338 198 8 10 0.044229742 
283 184 7 8 0.0437126 
613 237 10 13 0.04314018 
333 222 7 11 0.043023765 
746 357 13 17 0.042639688 
735 241 8 10 0.04234547 
241 268 9 13 0.04230887 
338 192 9 10 0.042061053 
781 259 9 12 0.041107465 
550 182 8 10 0.040917814 
879 216 8 10 0.040823545 
470 189 8 10 0.04001792 
210 425 15 19 0.039474454 
351 233 8 10 0.039366625 
990 136 9 11 0.03917095 
361 177 7 8 0.038833722 
590 228 9 11 0.038675994 
151 181 8 10 0.038215667 
274 192 7 9 0.03796549 
83 192 8 11 0.03792503 
489 204 9 12 0.03790322 
218 193 7 10 0.03778423 
383 221 8 10 0.03777026 
150 204 8 10 0.037478805 
864 197 9 10 0.037461452 
104 279 9 13 0.037289493 
256 192 8 10 0.037188884 
199 135 10 12 0.037104864 
360 184 7 9 0.036945134 
592 247 10 12 0.03677174 
232 277 9 13 0.036652904 
98 319 13 16 0.03660115 
368 189 7 9 0.036597136 
575 182 9 11 0.03625217 
374 246 8 10 0.03616379 
319 240 7 9 0.03597763 
449 206 8 10 0.035900645 
360 191 8 10 0.03568871 
62 357 11 15 0.035577662 
425 207 8 11 0.035092335 
597 246 9 12 0.03502115 
477 307 8 13 0.034947205 
652 133 9 12 0.034917668 
434 191 7 9 0.034893136 
483 190 7 10 0.034834813 
753 135 10 13 0.034832925 
750 221 9 13 0.034817133 
842 221 8 10 0.034639735 
35 355 14 17 0.034598056 
287 359 12 16 0.034068443 
205 197 8 9 0.033824753 
598 204 11 12 0.03356525 
652 143 9 12 0.033512384 
812 433 16 22 0.033338267 
145 332 11 15 0.03330094 
744 247 8 11 0.033197947 
304 181 8 10 0.032946233 
377 240 8 10 0.032814313 
518 346 12 14 0.032742575 
728 238 8 11 0.032643106 
286 182 8 9 0.03232537 
434 312 8 10 0.032303568 
249 191 8 10 0.032154795 
98 327 13 17 0.031823207 
397 267 9 14 0.031813294 
0 254 9 16 0.031531658 
737 221 8 11 0.031465784 
574 167 9 10 0.03145385 
608 238 10 13 0.03142616 
805 263 10 13 0.031404678 
593 217 8 10 0.031361073 
546 183 7 9 0.031310815 
446 177 8 9 0.031281013 
134 107 9 12 0.031161964 
694 172 10 11 0.031095523 
358 215 8 10 0.030854475 
600 238 9 12 0.030853193 
843 232 7 10 0.03059524 
724 272 8 12 0.030251265 
430 224 9 11 0.030204458 
741 254 9 11 0.030119639 
354 184 7 8 0.030060157 
518 303 9 12 0.029819837 
479 182 7 10 0.029741107 
0 355 10 15 0.029717728 
217 311 9 11 0.029710967 
643 197 8 10 0.029708775 
262 255 8 11 0.029654862 
333 370 12 15 0.029599482 
568 177 9 11 0.029407576 
757 181 9 11 0.029309437 
479 177 8 9 0.029224101 
258 355 12 16 0.029127022 
318 245 9 10 0.028987093 
200 173 7 9 0.028544217 
381 239 9 10 0.02851719 
548 262 8 12 0.02846867 
21 367 16 22 0.028316922 
615 197 8 11 0.02822627 
752 228 8 11 0.02822189 
574 174 9 12 0.028119147 
135 133 9 11 0.02807078 
736 205 7 9 0.027955579 
377 221 8 10 0.027933119 
624 192 8 11 0.027896501 
0 324 9 15 0.027888535 
310 374 10 13 0.027823182 
343 205 7 8 0.027704086 
870 287 11 14 0.027703067 
475 302 9 13 0.027671086 
766 216 8 10 0.027653513 
246 270 8 12 0.027552096 
551 177 7 10 0.02737287 
391 223 9 10 0.02725647 
424 199 7 9 0.027187936 
528 283 11 14 0.027120108 
250 185 7 10 0.027037371 
503 157 8 11 0.026996436 
279 192 7 9 0.026970772 
375 190 7 9 0.026944235 
699 228 8 10 0.026893241 
749 247 8 10 0.026748216 
641 229 8 10 0.026703384 
845 223 8 9 0.026589103 
26 324 12 14 0.026549252 
28 257 12 16 0.02637739 
18 341 12 16 0.026345102 
666 191 7 9 0.026304707 
573 146 10 12 0.026260806 
142 388 17 20 0.026258666 
366 275 11 13 0.026250489 
360 223 8 10 0.02618769 
841 217 8 10 0.026117977 
574 271 9 12 0.02610102 
566 198 9 11 0.026078776 
455 201 8 10 0.026016789 
792 201 8 10 0.025981698 
22 347 9 13 0.025876524 
472 224 8 10 0.02569154 
370 246 7 10 0.025610797 
583 186 9 12 0.02558639 
263 261 9 10 0.025505792 
736 216 9 11 0.025405874 
601 270 9 12 0.02533442 
753 177 8 10 0.025251755 
569 228 8 11 0.02511393 
738 229 7 10 0.024976054 
735 200 8 10 0.024860542 
39 184 9 12 0.024714433 
424 214 9 10 0.024605455 
0 246 8 13 0.024502883 
473 205 7 10 0.024427354 
924 417 12 15 0.024400888 
239 263 9 12 0.024394013 
471 198 8 11 0.02438575 
96 231 8 10 0.024351157 
550 188 8 11 0.024167659 
533 307 10 13 0.024163172 
725 191 8 9 0.024068953 
296 246 9 10 0.023987979 
488 197 8 11 0.023969674 
85 222 11 12 0.023918668 
640 278 8 11 0.023873158 
304 374 11 13 0.023861935 
206 192 8 11 0.023838613 
842 141 7 10 0.023714455 
825 223 8 11 0.023693057 
376 232 8 9 0.023627361 
757 393 16 20 0.023593483 
441 305 8 10 0.023561923 
729 200 8 10 0.023523087 
439 200 7 9 0.023512958 
521 174 9 10 0.023256706 
480 205 8 11 0.023244562 
336 206 8 10 0.023149692 
179 299 10 13 0.02304324 
728 245 8 11 0.02302734 
990 307 13 15 0.022889275 
750 217 8 10 0.022795996 
513 445 11 16 0.022789665 
393 184 6 9 0.022776699 
29 240 9 11 0.022693463 
371 263 11 13 0.022664625 
727 231 8 10 0.022643425 
223 135 8 11 0.022518571 
798 218 8 9 0.022414595 
598 217 9 10 0.022353383 
664 175 8 10 0.022346653 
386 192 7 9 0.022259407 
423 186 7 9 0.022215609 
562 206 9 12 0.022180669 
5 368 19 25 0.02217427 
830 299 10 13 0.022144781 
511 303 10 12 0.022135751 
757 431 13 20 0.022085818 
353 206 7 10 0.022059893 
489 185 8 10 0.022053698 
313 199 7 10 0.022015288 
847 140 8 11 0.021996874 
361 238 7 10 0.021955749 
262 406 14 16 0.021930676 
343 310 13 19 0.021923946 
590 235 11 13 0.021890637 
358 562 16 13 0.02186579 
534 270 11 14 0.021852577 
824 216 7 9 0.02182692 
150 221 8 11 0.021803701 
106 184 8 11 0.021785561 
504 152 8 10 0.021782778 
566 373 11 14 0.02166295 
662 331 9 12 0.021653544 
253 359 13 16 0.021476561 
203 421 16 22 0.021466523 
506 260 8 11 0.02142779 
712 218 8 10 0.021371547 
452 211 9 12 0.02124586 
384 198 7 10 0.021214446 
54 225 9 11 0.021203823 
767 221 8 12 0.021120511 
626 217 8 10 0.0210595 
761 202 8 9 0.021056976 
137 129 10 11 0.020985896 
533 292 10 11 0.020875588 
787 207 7 8 0.020872418 
353 192 7 10 0.020865971 
0 286 9 13 0.020860286 
625 229 8 10 0.020832952 
822 173 8 10 0.020803494 
360 231 7 9 0.020696111 
219 140 8 11 0.02068463 
672 185 8 9 0.020520972 
74 96 9 11 0.020515127 
522 283 9 12 0.020478625 
216 167 7 9 0.020437086 
611 183 8 11 0.020342086 
449 201 7 10 0.0202534 
121 222 9 11 0.020233734 
429 328 10 15 0.020219471 
631 217 7 10 0.020206802 
586 229 10 12 0.020139929 
458 191 7 8 0.020059837 
517 213 7 9 0.020050183 
