39_Ice_Skating_Ice_Skating_39_568
26
360 115 32 48 0.99191684 
909 120 13 17 0.97558326 
106 126 23 29 0.9638458 
180 162 14 18 0.9014721 
701 115 16 23 0.8955364 
917 312 33 55 0.7741493 
187 162 15 19 0.16679344 
280 116 7 10 0.13129471 
896 135 10 13 0.07651675 
918 142 11 16 0.06610164 
611 135 16 19 0.06364352 
196 163 12 19 0.060984656 
900 140 10 14 0.047892135 
542 132 15 18 0.04616505 
798 157 15 18 0.036922976 
639 27 10 12 0.032678377 
37 22 9 12 0.03044449 
105 22 8 9 0.030297345 
921 134 9 13 0.029927311 
580 135 15 21 0.029234637 
478 146 14 16 0.027589804 
485 140 10 13 0.024763457 
619 131 13 18 0.022089627 
925 134 10 15 0.021943979 
248 113 8 10 0.021142317 
820 114 13 16 0.020330861 
