39_Ice_Skating_Ice_Skating_39_546
21
384 286 58 70 0.99960774 
219 247 60 70 0.99936587 
531 283 16 20 0.96589434 
635 314 34 40 0.8902247 
37 278 10 13 0.8417708 
573 290 15 21 0.7327441 
592 306 12 16 0.23971747 
579 286 13 21 0.1088331 
81 282 11 15 0.079236336 
711 289 48 62 0.07797165 
503 295 8 11 0.045801878 
296 295 9 10 0.0448347 
43 277 9 13 0.04144391 
567 293 15 20 0.038620677 
590 349 22 29 0.037466206 
908 216 12 17 0.031665783 
585 298 21 26 0.02474163 
99 324 27 42 0.023777861 
730 304 44 65 0.022513662 
691 352 30 41 0.021847783 
34 281 11 16 0.021660738 
