39_Ice_Skating_iceskiing_39_943
34
423 188 73 101 0.9977222 
575 814 81 113 0.9967715 
160 852 77 97 0.96340996 
756 383 66 90 0.960455 
103 303 37 67 0.7542546 
4 212 11 14 0.22823384 
327 167 11 15 0.1795718 
3 174 10 14 0.074050725 
415 748 9 10 0.07213432 
341 740 9 11 0.05372238 
169 1117 8 11 0.04852743 
330 171 14 17 0.048213955 
365 709 8 11 0.04378729 
397 615 9 11 0.0429404 
377 166 11 14 0.04220041 
361 691 9 11 0.037532426 
439 764 8 11 0.03632675 
385 721 8 9 0.03520502 
384 635 9 11 0.03422152 
389 692 8 12 0.034163952 
351 556 9 10 0.033974502 
704 1333 7 9 0.033624243 
83 326 58 64 0.030420993 
439 743 7 10 0.030280339 
340 174 11 14 0.030180372 
398 572 10 12 0.029687952 
423 680 8 10 0.026036812 
376 172 12 18 0.024111642 
434 742 8 11 0.024062634 
334 581 10 12 0.02357004 
96 1171 14 17 0.022576617 
360 667 9 12 0.022481613 
352 754 7 9 0.02147361 
394 573 9 12 0.021253323 
