39_Ice_Skating_iceskiing_39_819
19
288 273 74 98 0.9880711 
719 285 27 33 0.44858882 
879 885 42 56 0.21935268 
721 268 32 39 0.15077055 
733 262 26 37 0.08167911 
510 287 19 30 0.07051779 
892 893 50 56 0.04658356 
872 42 28 41 0.041610576 
767 749 23 25 0.032437842 
687 256 29 35 0.029147081 
716 278 21 25 0.028775074 
740 258 15 19 0.026231209 
420 265 19 21 0.024840627 
851 864 62 71 0.024029152 
448 237 13 15 0.022576606 
673 262 32 38 0.022359889 
703 266 41 53 0.022073045 
689 686 59 66 0.02029632 
779 752 16 18 0.020193135 
