39_Ice_Skating_Ice_Skating_39_252
40
718 180 31 36 0.9986664 
187 186 39 44 0.9957106 
473 184 23 30 0.99163944 
515 177 25 28 0.9883686 
374 180 24 31 0.98736596 
819 165 26 28 0.98485893 
323 178 22 26 0.980667 
624 193 22 25 0.9690384 
417 170 20 25 0.9356319 
394 159 19 23 0.65404403 
266 172 14 21 0.17227717 
547 164 16 22 0.16318011 
540 191 17 24 0.08858521 
347 175 15 25 0.08028079 
336 174 19 29 0.07301686 
475 162 14 15 0.06291451 
519 151 9 11 0.049977448 
535 143 10 11 0.047853112 
406 118 10 14 0.04190005 
505 151 9 10 0.03426916 
471 159 13 14 0.03328786 
633 116 10 12 0.032869123 
570 215 23 30 0.03234492 
401 165 18 24 0.031962547 
895 133 22 31 0.03001441 
484 163 11 13 0.028182944 
311 163 14 17 0.02663768 
590 298 16 21 0.026102701 
429 390 11 13 0.024477081 
438 169 13 21 0.02422617 
293 158 11 15 0.023814801 
309 177 14 20 0.02375058 
305 192 17 22 0.023235777 
444 167 11 15 0.022915019 
558 249 525 501 0.022851232 
552 157 16 20 0.022718815 
339 271 14 21 0.022550723 
719 510 12 13 0.02229338 
262 167 14 17 0.02082788 
759 172 10 11 0.020159716 
