39_Ice_Skating_iceskiing_39_583
224
444 141 32 38 0.9949181 
521 118 27 36 0.99154365 
785 152 24 30 0.9544251 
353 182 19 25 0.8892393 
461 227 42 50 0.8880084 
304 89 19 27 0.8537329 
325 89 17 21 0.84244 
234 46 22 47 0.6748588 
696 204 9 11 0.6560354 
499 141 22 25 0.49009094 
636 217 13 16 0.41614893 
614 187 10 12 0.27280164 
652 198 10 12 0.26880392 
662 209 8 10 0.2193466 
349 92 14 17 0.20907533 
745 207 8 11 0.19632418 
313 74 13 16 0.16309325 
633 246 11 14 0.15750939 
603 155 11 15 0.15713249 
726 206 8 10 0.15250161 
332 70 10 12 0.13462885 
400 103 10 13 0.12904815 
974 192 7 11 0.12586665 
593 111 11 13 0.12542419 
629 116 10 12 0.11984932 
502 118 10 12 0.118464865 
514 127 24 32 0.1064267 
479 92 9 13 0.10537369 
991 226 11 13 0.104079835 
977 228 11 13 0.10199708 
261 21 12 13 0.101655565 
673 206 8 10 0.10107675 
670 202 8 9 0.099329546 
381 93 11 14 0.09627268 
992 210 8 10 0.087250344 
916 205 10 12 0.08700823 
663 183 8 10 0.08695237 
599 151 11 16 0.08670121 
746 168 9 11 0.08082888 
363 73 14 17 0.07446496 
658 207 8 10 0.07093603 
139 74 31 34 0.0695369 
741 214 9 12 0.06925085 
604 181 10 14 0.06851159 
904 37 10 12 0.06812255 
575 103 9 10 0.06684387 
305 176 17 23 0.06488857 
51 20 17 18 0.064786285 
268 37 14 17 0.06471795 
1008 156 10 13 0.06396975 
658 212 9 11 0.06126509 
744 185 8 10 0.059942316 
445 95 11 12 0.059177697 
748 205 9 11 0.057664443 
608 139 10 13 0.057314493 
391 287 49 53 0.05625061 
569 316 28 29 0.05623156 
20 16 70 62 0.053590737 
314 84 20 27 0.05010465 
148 10 12 16 0.04931833 
441 100 9 11 0.04886053 
1002 180 9 11 0.048557583 
540 216 40 56 0.04823245 
273 12 15 18 0.04822166 
548 122 13 17 0.047933817 
712 205 8 10 0.047720943 
741 84 10 12 0.047210306 
689 158 7 10 0.047187753 
266 18 16 15 0.04632343 
422 111 13 17 0.04618422 
354 95 14 17 0.045020185 
277 69 11 13 0.044563804 
47 25 14 17 0.04443283 
894 190 8 10 0.04438568 
761 152 8 10 0.044189163 
677 206 8 9 0.0441662 
440 94 10 12 0.043086257 
640 208 8 9 0.043003857 
341 180 13 16 0.042987157 
959 190 8 10 0.042811252 
882 233 9 11 0.0425159 
407 85 8 11 0.04210938 
626 172 8 10 0.04178747 
895 126 6 9 0.04097871 
41 17 28 29 0.04064479 
609 186 11 14 0.03987623 
583 136 7 10 0.039540425 
592 151 12 15 0.03921424 
502 148 28 29 0.038448736 
639 182 8 10 0.03781122 
365 92 11 16 0.03705098 
738 219 9 12 0.0368381 
279 64 9 11 0.036826223 
919 200 10 12 0.036524553 
727 201 8 10 0.036267307 
726 181 8 10 0.03565919 
440 76 8 10 0.033809625 
891 221 7 9 0.03361866 
350 53 13 15 0.03351249 
127 1 12 10 0.03350361 
655 97 7 9 0.033349145 
156 14 25 32 0.03238356 
576 80 9 11 0.03231189 
906 120 8 9 0.032145776 
456 215 30 42 0.03158427 
714 190 8 9 0.03152332 
559 134 10 12 0.031509534 
775 103 7 9 0.031412203 
431 101 9 9 0.03134061 
131 1 14 12 0.031306732 
985 209 8 10 0.031228255 
925 199 9 11 0.031018952 
759 156 8 10 0.030686464 
1005 177 10 12 0.030441888 
341 51 13 18 0.030428125 
261 27 26 27 0.030308895 
139 3 17 18 0.030138008 
311 54 8 12 0.029888324 
571 280 46 51 0.029827045 
667 200 7 9 0.029761115 
317 61 10 11 0.029504916 
407 80 9 11 0.029398875 
325 75 14 15 0.029365074 
1008 238 8 11 0.029270077 
801 89 8 10 0.029169502 
689 217 7 9 0.02830408 
894 153 8 10 0.028140368 
1016 224 7 11 0.028061677 
276 4 15 18 0.0279166 
379 272 47 55 0.02779889 
433 95 8 11 0.027765606 
920 103 7 11 0.027753191 
358 60 11 12 0.027736373 
679 216 8 9 0.02772623 
1001 0 9 8 0.027592907 
1016 230 7 10 0.027396435 
694 158 8 11 0.027241582 
503 180 20 32 0.027218591 
556 125 11 13 0.027166096 
855 208 8 10 0.027086979 
577 261 30 28 0.02701849 
312 60 10 13 0.026954722 
421 108 21 28 0.026784427 
688 153 8 9 0.02650481 
276 75 12 14 0.026188577 
425 103 9 10 0.02610071 
494 95 10 13 0.026088381 
451 211 23 33 0.026043061 
679 201 8 10 0.025977764 
559 141 9 12 0.025878932 
655 193 8 10 0.02585666 
814 160 9 13 0.025794642 
1016 207 7 10 0.025727265 
337 51 11 16 0.025706057 
402 86 8 11 0.025588887 
662 176 8 10 0.025436964 
889 217 8 10 0.025389807 
713 200 7 10 0.025201626 
629 169 9 10 0.024978692 
618 187 12 14 0.024799349 
518 136 14 19 0.024678085 
958 206 7 9 0.02463553 
502 94 9 11 0.024525747 
333 126 12 14 0.02444814 
659 182 8 10 0.02438897 
729 143 7 9 0.02436092 
503 87 8 10 0.024229197 
254 17 24 24 0.024225302 
414 85 11 12 0.024173455 
487 92 11 15 0.023953494 
35 23 17 20 0.023916326 
184 14 10 14 0.02384475 
392 100 12 16 0.023663877 
262 56 10 13 0.02363491 
128 4 56 59 0.02358058 
342 210 15 17 0.023503695 
880 200 8 9 0.023420505 
747 189 10 12 0.02332399 
998 196 9 10 0.022962807 
657 136 10 12 0.022881772 
438 109 11 13 0.022870913 
889 158 8 10 0.022870593 
160 19 15 19 0.022813411 
187 3 13 15 0.022731323 
738 78 10 12 0.022677436 
871 144 8 9 0.0226058 
278 29 12 15 0.022465115 
914 174 7 10 0.022462564 
664 188 8 10 0.022417542 
44 67 22 29 0.022324234 
573 127 8 11 0.022163158 
581 265 15 17 0.022124419 
873 169 7 9 0.022118416 
605 175 11 15 0.02210323 
648 203 8 11 0.022067409 
140 1 27 26 0.02197836 
638 153 8 10 0.02196978 
620 221 10 13 0.021899676 
307 373 48 69 0.02178382 
217 107 25 31 0.021731645 
749 173 8 11 0.021648733 
748 183 9 11 0.021618212 
629 199 9 11 0.021554055 
873 149 7 10 0.02155073 
520 366 63 57 0.021468652 
364 62 13 14 0.021451678 
523 298 39 59 0.021442372 
857 183 8 9 0.0213944 
646 214 9 13 0.021070365 
486 88 9 11 0.021004798 
508 117 11 15 0.02090742 
567 321 17 20 0.020880649 
926 204 8 12 0.020707214 
823 150 9 10 0.020687204 
452 95 10 12 0.020647144 
534 302 27 33 0.0205953 
254 24 13 15 0.020593183 
157 11 15 17 0.020577261 
351 84 21 26 0.020494346 
454 101 10 12 0.020484278 
857 113 7 9 0.020445809 
712 175 7 9 0.020414164 
918 176 7 10 0.020104557 
416 115 12 16 0.020041592 
