39_Ice_Skating_iceskiing_39_541
56
472 297 104 94 0.99092394 
934 118 27 35 0.16471294 
588 149 31 44 0.12702748 
981 22 22 29 0.08878748 
728 450 26 34 0.08573155 
585 182 56 47 0.07083567 
4 51 273 438 0.0702914 
322 3 22 26 0.06862133 
484 0 28 25 0.064685665 
511 66 28 34 0.06280203 
839 3 52 40 0.062456872 
581 170 35 38 0.062160123 
591 138 27 33 0.05615404 
963 81 17 21 0.04761658 
774 493 22 31 0.044926167 
692 475 23 30 0.043872133 
765 228 20 28 0.040159106 
979 128 16 22 0.036844626 
221 360 81 82 0.034586918 
470 88 31 45 0.034323487 
843 223 26 34 0.03268438 
808 403 20 30 0.031622812 
573 82 16 22 0.0315928 
1003 153 16 19 0.030962547 
321 29 24 34 0.030003833 
229 415 136 104 0.029899504 
743 198 21 28 0.029585788 
818 247 26 31 0.028930085 
770 130 16 20 0.028874585 
827 169 23 29 0.028458027 
938 117 17 22 0.02699308 
710 222 20 28 0.026913416 
953 185 21 28 0.026112318 
197 21 22 27 0.025909467 
960 67 23 31 0.025853863 
462 25 17 21 0.025748344 
252 324 13 15 0.025688864 
961 68 15 18 0.025688441 
748 158 21 28 0.025131717 
419 -11 379 517 0.024497813 
461 31 21 27 0.024464516 
774 538 23 34 0.02398616 
814 298 28 34 0.023791024 
718 522 22 29 0.023422398 
553 172 39 32 0.022816394 
439 272 173 156 0.022636691 
218 397 65 67 0.02168113 
819 223 42 51 0.021474468 
936 2 25 31 0.021446977 
654 151 20 28 0.021270221 
522 104 27 38 0.020899292 
829 181 26 32 0.020884167 
730 443 19 25 0.020767128 
496 39 25 31 0.020615399 
965 93 14 18 0.020445568 
769 273 22 30 0.020007955 
