39_Ice_Skating_Ice_Skating_39_487
24
502 252 59 78 0.9981535 
36 97 16 20 0.07128298 
2 77 25 32 0.058530066 
750 0 22 18 0.043450724 
55 86 20 30 0.04193863 
115 82 25 27 0.039107237 
756 52 27 40 0.037341867 
419 0 14 12 0.03563313 
832 14 26 30 0.034789752 
455 3 24 26 0.032558504 
969 10 28 29 0.031955514 
79 80 24 30 0.029512461 
30 127 26 32 0.029019821 
3 97 19 24 0.028088817 
29 92 17 21 0.023489442 
110 90 16 18 0.022957351 
904 59 40 45 0.022802467 
65 78 25 32 0.022210795 
123 108 15 18 0.021895671 
63 76 13 17 0.02148649 
40 88 22 29 0.02135923 
44 34 29 33 0.021133851 
86 67 26 32 0.02089476 
119 70 29 29 0.020037854 
