39_Ice_Skating_Ice_Skating_39_1029
147
207 252 10 13 0.9773731 
268 254 11 13 0.96242404 
296 251 11 15 0.96084577 
927 213 11 15 0.9598756 
755 224 13 20 0.86251104 
558 248 12 16 0.85441995 
350 255 10 12 0.8502023 
237 272 10 13 0.8434363 
654 231 11 15 0.81834364 
463 253 10 13 0.7816969 
392 256 10 13 0.7639004 
740 223 10 13 0.746583 
524 241 10 12 0.7097129 
418 270 8 11 0.69734216 
109 248 9 12 0.6855167 
818 245 10 14 0.6751507 
492 246 9 13 0.6177943 
326 257 10 14 0.61640537 
422 253 10 12 0.59865886 
326 248 9 11 0.49762896 
374 262 9 10 0.41002312 
159 267 9 11 0.35790473 
176 252 9 11 0.3202866 
663 235 9 14 0.30822513 
593 255 11 13 0.2851928 
182 252 9 12 0.27053717 
191 261 9 12 0.24622642 
713 229 10 13 0.24292251 
606 253 10 13 0.24289006 
138 252 8 11 0.24271633 
754 47 9 11 0.18338764 
537 256 9 11 0.17543788 
279 270 9 11 0.1627239 
359 63 10 13 0.15709916 
447 261 8 11 0.1552704 
695 236 10 14 0.13894945 
614 238 8 12 0.13714528 
190 255 9 12 0.13616632 
213 79 10 12 0.13504723 
217 237 9 11 0.13353585 
369 262 9 11 0.114709415 
441 270 7 11 0.11431754 
431 245 8 10 0.11235578 
689 276 10 15 0.11116372 
792 252 13 14 0.09666577 
520 257 8 11 0.09654447 
574 231 11 14 0.09225291 
360 261 8 11 0.09091243 
424 248 8 10 0.09017712 
167 264 9 11 0.08790556 
212 283 10 13 0.08217619 
170 253 8 11 0.08110208 
448 271 7 10 0.078244954 
607 236 11 14 0.07816092 
473 264 8 11 0.077092566 
383 270 7 9 0.07462437 
178 86 8 10 0.0713732 
477 265 8 11 0.067108065 
408 264 7 10 0.066178836 
617 50 9 10 0.06616742 
502 262 8 10 0.065591455 
434 269 9 11 0.06547261 
248 268 10 13 0.06417044 
645 54 9 11 0.062120397 
96 255 8 10 0.060923316 
525 259 9 12 0.0587005 
630 256 9 12 0.05634973 
700 235 10 13 0.05502234 
433 262 8 11 0.054074693 
221 247 9 13 0.053883206 
575 251 10 14 0.051389053 
197 222 8 11 0.050654855 
750 232 11 16 0.049696106 
332 261 10 13 0.049684636 
360 268 8 11 0.049549874 
383 263 8 10 0.049475837 
50 247 7 10 0.04812005 
440 263 9 11 0.047922894 
495 239 8 10 0.047708694 
449 276 8 11 0.0469341 
346 260 8 12 0.0455264 
155 264 7 11 0.042601183 
355 254 9 13 0.042206407 
675 246 11 13 0.042009555 
253 268 9 12 0.041900776 
704 231 11 14 0.041482292 
423 260 9 12 0.04034329 
795 248 11 13 0.038635507 
408 246 8 11 0.03845742 
282 264 9 11 0.038311437 
417 265 7 10 0.038277045 
510 214 12 14 0.037619475 
462 286 11 15 0.03731334 
106 251 8 12 0.037273604 
582 253 9 13 0.036755722 
245 72 8 9 0.036726307 
489 250 9 12 0.03560858 
478 216 8 11 0.035224352 
744 235 10 14 0.034751274 
496 232 8 10 0.03419683 
626 256 9 12 0.03354805 
455 272 7 9 0.033393953 
215 246 10 13 0.032284338 
454 276 9 11 0.03208477 
815 240 11 14 0.032037225 
323 253 9 13 0.031905174 
141 249 8 10 0.031848695 
401 270 7 10 0.031303056 
605 245 11 14 0.03127042 
394 239 8 11 0.030687183 
637 254 9 11 0.030439056 
519 271 11 13 0.030130826 
468 248 8 11 0.029408902 
494 251 8 11 0.028741492 
390 64 8 10 0.028424311 
375 70 10 12 0.028092278 
191 248 9 11 0.027619705 
781 45 10 11 0.027150959 
499 262 7 9 0.02621111 
279 275 10 13 0.025251256 
429 254 9 12 0.024070738 
455 262 8 10 0.023966435 
201 239 8 10 0.023864234 
442 276 8 10 0.023817532 
552 238 8 10 0.02346485 
223 264 9 12 0.022704147 
615 242 9 13 0.022570197 
277 253 10 12 0.022341764 
599 247 11 14 0.022224419 
377 268 8 11 0.02210416 
730 244 9 12 0.022009663 
56 263 7 9 0.021964438 
590 228 8 12 0.021880593 
489 302 10 12 0.021373311 
579 230 12 14 0.021280596 
414 304 10 12 0.021201361 
128 247 8 11 0.021141114 
780 228 11 13 0.02099784 
598 220 10 12 0.020921124 
120 264 8 11 0.020894652 
607 221 9 11 0.02085816 
356 279 10 12 0.02059389 
346 268 7 11 0.020593349 
285 268 9 12 0.020378694 
787 35 14 16 0.02028667 
543 258 9 12 0.020243388 
197 263 8 11 0.020148156 
