39_Ice_Skating_Ice_Skating_39_486
32
454 316 165 185 0.9976736 
644 717 10 13 0.451795 
330 724 394 478 0.27290526 
569 684 10 12 0.16241153 
683 725 11 12 0.11494502 
558 716 12 14 0.11381129 
791 741 12 17 0.10473511 
661 687 8 11 0.101706535 
681 718 10 11 0.0994747 
622 715 10 13 0.09868059 
608 719 11 14 0.0829107 
662 725 9 11 0.057611614 
504 718 11 14 0.049806595 
648 686 9 10 0.049259663 
662 718 10 12 0.046700604 
594 718 10 14 0.046143726 
644 644 10 12 0.040550098 
694 735 11 14 0.03050947 
516 158 52 53 0.029969541 
597 736 9 12 0.02935296 
684 731 13 15 0.027738241 
626 686 9 11 0.027582688 
662 731 10 13 0.02750595 
716 685 8 10 0.026301345 
782 717 11 14 0.024034217 
545 715 10 12 0.02370951 
515 760 18 20 0.023693563 
593 738 11 13 0.02326516 
532 714 10 13 0.022672918 
662 741 10 14 0.022272263 
526 714 11 14 0.021632746 
658 748 15 21 0.021122018 
