39_Ice_Skating_Ice_Skating_39_463
365
835 739 11 14 0.9140124 
799 750 10 12 0.9134169 
956 726 10 13 0.87422633 
899 734 11 14 0.8559372 
911 758 11 15 0.8251936 
819 764 15 18 0.6842156 
964 774 11 13 0.5127511 
585 711 8 11 0.48117116 
699 707 10 13 0.43815336 
335 683 10 13 0.39167932 
472 709 8 10 0.38578105 
650 742 9 13 0.29089513 
228 619 13 15 0.28040457 
496 708 8 11 0.27401727 
855 677 9 11 0.22726895 
430 678 7 9 0.20640531 
816 770 14 16 0.20136027 
417 700 8 11 0.1930634 
609 703 8 11 0.18428968 
410 645 8 11 0.18109576 
826 761 14 17 0.18029322 
554 705 7 9 0.17601497 
750 676 12 15 0.16299978 
781 665 12 16 0.16088752 
477 703 8 11 0.1523251 
332 708 9 11 0.15157829 
514 702 7 10 0.14287783 
540 755 10 12 0.12697503 
385 663 8 10 0.11813259 
850 677 9 11 0.11771671 
788 771 10 13 0.11187646 
583 678 8 9 0.11182858 
840 692 8 10 0.10825101 
369 662 7 10 0.10588363 
514 696 7 10 0.105419636 
772 752 9 12 0.09877144 
474 695 8 10 0.097989894 
470 687 8 10 0.091190964 
409 685 8 11 0.09117197 
453 655 8 10 0.09005556 
649 688 8 11 0.08935452 
638 703 8 11 0.08926866 
342 703 8 10 0.0879457 
789 663 11 14 0.087790444 
407 701 7 10 0.08714571 
530 735 9 11 0.086103804 
403 655 7 10 0.08520136 
424 699 9 13 0.084012024 
178 833 18 25 0.0834674 
633 694 8 10 0.0828662 
428 699 11 13 0.08129226 
920 689 8 9 0.08036867 
352 681 8 10 0.07994137 
535 697 8 9 0.07955821 
407 665 7 10 0.07902374 
377 616 8 11 0.0774516 
634 702 8 11 0.07700198 
558 704 7 10 0.07685027 
402 664 8 10 0.074153125 
380 644 10 12 0.06792697 
489 680 9 11 0.06789576 
633 688 9 10 0.06752715 
479 696 7 10 0.066649884 
517 703 8 9 0.066453554 
385 670 9 11 0.06585488 
434 654 7 10 0.06577293 
506 655 9 12 0.06407887 
722 600 8 11 0.06386823 
359 701 7 10 0.061862145 
751 682 13 16 0.06122101 
770 755 9 13 0.06119188 
655 688 8 11 0.061052904 
537 710 7 9 0.059845358 
401 701 8 10 0.058714107 
580 678 7 9 0.05866955 
893 757 10 14 0.05858741 
372 692 9 12 0.05821436 
458 638 8 10 0.058118828 
389 671 9 10 0.058102842 
560 748 10 12 0.05747953 
888 757 10 13 0.055575788 
179 821 14 21 0.055449992 
624 679 8 10 0.05541916 
486 694 8 11 0.054248717 
449 693 8 11 0.05412883 
289 654 8 10 0.053974465 
389 663 8 10 0.052924335 
489 732 8 11 0.052795157 
861 678 7 10 0.052708354 
853 726 10 13 0.052611172 
414 640 8 10 0.052443538 
553 664 8 9 0.052149124 
641 673 8 10 0.05167821 
329 706 8 10 0.051589023 
889 672 8 10 0.051556274 
376 661 7 10 0.05037268 
536 703 7 9 0.04967051 
585 673 7 9 0.049398974 
565 749 9 12 0.04935535 
795 751 9 11 0.048824325 
663 678 8 9 0.04824256 
799 687 8 10 0.04787991 
492 709 7 10 0.047799252 
463 633 7 9 0.047762334 
669 703 8 11 0.047326677 
676 668 10 12 0.047274385 
719 661 8 10 0.047271915 
560 769 8 10 0.046933617 
380 706 10 14 0.0466919 
400 615 8 11 0.046574023 
953 730 11 13 0.04649068 
935 765 10 14 0.046311438 
777 662 10 12 0.045804005 
466 685 8 11 0.0453933 
854 718 9 11 0.044764865 
647 672 8 10 0.04471367 
430 662 7 10 0.04382756 
781 675 10 13 0.04377807 
637 694 8 10 0.043692935 
479 632 7 10 0.043654893 
501 708 8 11 0.04331578 
501 704 8 10 0.043071497 
336 654 7 9 0.043017935 
625 696 7 10 0.04295967 
438 653 7 10 0.042937912 
488 686 9 10 0.04271873 
434 633 7 9 0.04225875 
345 671 8 9 0.04191982 
473 638 8 9 0.041876607 
512 736 7 9 0.0417518 
551 656 7 8 0.0415039 
591 656 7 9 0.041410852 
759 664 8 9 0.041187752 
641 647 8 9 0.03968332 
720 645 8 10 0.0396208 
302 629 11 14 0.03891357 
398 710 8 10 0.038868513 
408 696 8 11 0.03882078 
777 668 11 14 0.03881066 
833 680 7 9 0.038801823 
463 679 8 10 0.038738247 
577 646 7 10 0.03847704 
892 695 10 12 0.03818221 
544 711 7 9 0.03786561 
448 647 7 10 0.037840758 
473 632 8 10 0.037419878 
447 640 7 9 0.03721064 
471 680 7 10 0.036956195 
439 633 8 9 0.03655841 
266 532 280 320 0.036531195 
798 704 10 12 0.035904076 
519 720 9 11 0.03568575 
656 640 8 10 0.035637144 
783 654 9 10 0.035455614 
589 703 8 10 0.03543421 
280 628 10 13 0.035290647 
928 735 8 10 0.035263382 
630 680 8 10 0.035239212 
609 696 8 10 0.03520919 
895 590 8 10 0.03510321 
286 629 9 12 0.034983605 
393 710 8 10 0.034725968 
493 733 8 11 0.034635004 
877 699 9 11 0.0344724 
327 646 8 11 0.034468655 
505 694 8 11 0.034371283 
309 627 12 14 0.0342658 
479 655 8 11 0.034225192 
457 672 8 10 0.0342161 
380 621 8 11 0.034184802 
591 680 7 10 0.033830564 
585 706 8 10 0.033748925 
797 668 9 12 0.033740435 
512 688 8 10 0.033285324 
295 585 15 20 0.032985132 
402 669 6 10 0.03238066 
631 736 10 12 0.032334447 
425 639 7 9 0.032098338 
458 678 8 10 0.03202476 
416 632 7 8 0.031988632 
391 678 7 9 0.031625155 
341 679 10 12 0.03161837 
887 680 8 10 0.031521063 
590 671 7 9 0.031324748 
715 657 7 9 0.030959109 
834 687 8 10 0.030684903 
441 649 7 10 0.030529251 
560 720 9 12 0.030528009 
616 720 8 10 0.030400267 
447 677 7 9 0.030235106 
648 677 9 10 0.03019048 
759 774 10 11 0.030184742 
718 657 8 10 0.030151859 
354 663 8 10 0.03011353 
552 669 8 10 0.02974904 
468 710 9 10 0.029738637 
462 672 8 10 0.02965127 
432 648 8 10 0.02959133 
511 681 8 9 0.02948374 
341 431 41 55 0.02941891 
674 663 11 13 0.029266898 
854 731 10 13 0.028896397 
638 719 9 11 0.028863018 
531 703 7 9 0.028806431 
544 694 7 9 0.028622162 
625 701 8 10 0.028621301 
531 697 7 9 0.028496847 
586 662 8 10 0.028449394 
696 759 8 9 0.028188366 
329 638 9 10 0.028159251 
829 538 11 14 0.028142853 
921 736 8 9 0.02811845 
527 758 8 11 0.028117446 
722 679 7 10 0.028084556 
558 709 8 9 0.02808115 
565 719 9 11 0.028035263 
535 666 7 8 0.02795887 
520 687 8 10 0.02794481 
882 681 8 10 0.027827691 
321 647 9 10 0.027747646 
919 654 8 9 0.027586013 
473 624 7 9 0.027554015 
534 765 8 11 0.027552122 
624 685 8 10 0.027489519 
946 735 8 10 0.027434262 
640 708 9 11 0.027416589 
400 647 8 10 0.027265433 
368 688 10 12 0.027234897 
391 695 10 11 0.027072884 
368 670 8 10 0.026960328 
601 672 8 9 0.026932321 
527 742 7 10 0.026738422 
455 687 8 10 0.026725698 
886 684 8 10 0.026674325 
427 673 8 9 0.02662856 
520 616 7 8 0.026589733 
586 656 8 9 0.026558705 
400 697 8 10 0.026555907 
609 689 7 9 0.026541512 
726 678 7 10 0.026476553 
297 631 10 14 0.02635848 
278 652 9 12 0.02630359 
841 679 7 9 0.02629417 
432 638 7 9 0.026235048 
528 687 7 9 0.026140526 
846 741 10 14 0.026054125 
392 702 8 11 0.025909983 
575 695 8 11 0.02576479 
544 690 7 8 0.02571036 
506 751 8 10 0.025602205 
662 724 9 10 0.02556636 
689 671 8 11 0.025562543 
479 662 7 9 0.025503613 
525 750 9 12 0.025288222 
815 757 13 18 0.025200874 
354 701 7 10 0.025174301 
358 630 8 10 0.025163371 
744 664 7 9 0.025129626 
503 614 7 9 0.025113244 
359 662 8 11 0.025056016 
553 696 8 9 0.025029292 
487 671 8 9 0.024963846 
561 654 7 9 0.024875991 
301 686 9 11 0.024840664 
971 774 11 15 0.024636533 
599 680 8 9 0.0245822 
680 710 9 11 0.024465414 
754 756 9 13 0.024357371 
536 688 8 9 0.024339586 
961 766 11 16 0.024317063 
921 692 8 10 0.024317006 
479 638 7 9 0.024284456 
617 671 8 11 0.024263723 
673 648 8 10 0.024236036 
714 662 8 10 0.024049684 
887 762 12 16 0.024047513 
269 623 12 15 0.023970423 
745 672 9 11 0.023919325 
590 698 8 10 0.023877168 
217 726 10 13 0.02387257 
672 592 8 10 0.023861105 
506 688 7 10 0.023767725 
423 719 9 11 0.023639724 
426 646 8 10 0.02360858 
544 736 8 10 0.023562495 
482 671 7 9 0.023534829 
657 678 7 9 0.023482205 
609 671 7 10 0.023465842 
328 632 9 11 0.023455897 
443 678 7 9 0.02340587 
576 702 7 10 0.023396611 
634 772 10 14 0.023373399 
746 676 10 13 0.023368236 
564 724 10 13 0.023339363 
794 756 8 11 0.02331931 
617 656 8 9 0.02322178 
558 671 8 10 0.02319485 
319 654 9 11 0.023139665 
615 696 8 10 0.02307141 
455 647 7 9 0.023017695 
757 670 10 13 0.023014246 
547 655 7 9 0.022975653 
472 672 8 10 0.022936806 
386 694 7 10 0.022892226 
704 669 8 11 0.022832336 
782 647 11 13 0.022820609 
777 677 9 12 0.022815105 
725 662 8 10 0.022805471 
432 687 7 10 0.022710072 
393 620 8 11 0.022617916 
543 741 9 11 0.022565935 
752 774 10 12 0.02242979 
618 678 8 10 0.022172254 
448 673 7 10 0.02199859 
655 672 8 10 0.02194019 
536 728 8 10 0.02192997 
442 638 7 9 0.02183762 
513 708 8 10 0.021741213 
391 688 8 10 0.021712653 
530 670 7 8 0.021698888 
617 647 8 9 0.021632196 
543 718 8 11 0.021608496 
895 753 10 13 0.021607855 
677 654 9 9 0.02159801 
474 662 7 9 0.021581708 
721 641 8 10 0.021503981 
449 660 8 10 0.02147501 
662 686 10 12 0.02145132 
400 640 7 10 0.021378871 
647 711 8 10 0.021370344 
473 615 8 9 0.021360353 
534 607 7 9 0.021342766 
339 420 15 26 0.021208327 
410 633 7 8 0.021182004 
561 679 7 9 0.021178659 
599 686 8 10 0.021154558 
531 710 7 9 0.021135904 
583 748 9 11 0.021132397 
277 646 9 13 0.021104544 
786 757 8 11 0.021038063 
535 670 6 8 0.020911343 
568 702 8 10 0.020834245 
522 654 7 11 0.020770364 
385 677 8 10 0.020769179 
302 621 14 17 0.020761045 
664 673 7 9 0.020739026 
246 686 11 14 0.020723853 
843 694 9 10 0.020667512 
359 680 7 9 0.020658286 
759 780 11 14 0.020641463 
272 645 10 13 0.020616805 
385 657 8 10 0.020593138 
776 656 8 10 0.020574493 
877 723 11 13 0.020553604 
501 640 7 9 0.020543192 
713 712 9 11 0.020464243 
482 648 8 10 0.02046302 
417 735 8 10 0.02039442 
648 639 7 9 0.020376261 
440 688 7 10 0.020307293 
609 758 8 10 0.020305626 
391 656 7 9 0.020266095 
531 608 7 8 0.020262962 
663 694 9 11 0.020147191 
367 678 7 9 0.020015962 
