39_Ice_Skating_Ice_Skating_39_658
65
196 439 11 18 0.43726984 
13 381 18 22 0.3855052 
112 415 10 12 0.34806266 
49 415 15 18 0.2908969 
482 81 17 18 0.28956696 
184 411 10 13 0.23472677 
168 411 12 14 0.20690201 
151 392 12 14 0.16737287 
205 407 8 10 0.15546125 
2 389 8 12 0.11657172 
355 536 20 17 0.11034563 
696 415 11 14 0.089316964 
85 412 10 12 0.08757363 
122 10 17 21 0.08531529 
112 427 12 13 0.077722736 
656 415 9 12 0.073306195 
51 407 13 16 0.07198631 
459 76 13 17 0.07144359 
113 421 12 14 0.055113256 
46 426 11 14 0.04601951 
661 415 9 12 0.045346946 
646 414 9 12 0.04312296 
414 64 8 11 0.042991735 
879 404 12 13 0.04266652 
13 371 16 21 0.041298468 
982 407 9 11 0.041155934 
223 428 10 13 0.040885452 
176 423 10 12 0.040052123 
187 408 10 12 0.03901314 
975 408 9 12 0.03659217 
170 440 13 19 0.034279514 
52 401 10 12 0.033434417 
311 114 14 16 0.030206282 
276 407 9 11 0.029809205 
783 396 9 11 0.029602904 
542 398 8 10 0.02944472 
592 392 9 12 0.028886707 
188 518 10 12 0.028863234 
475 27 20 23 0.02853786 
104 414 9 13 0.028422663 
224 436 10 13 0.027956044 
750 421 10 14 0.02787644 
646 398 9 11 0.027619764 
180 422 10 12 0.026524259 
686 396 10 13 0.026519578 
989 408 10 10 0.02651515 
0 395 11 17 0.025975326 
388 46 11 15 0.025840482 
811 413 12 14 0.025710147 
53 426 11 14 0.025204282 
1015 406 7 12 0.024887916 
206 413 10 12 0.024722977 
456 45 12 15 0.024498794 
213 474 9 12 0.024152948 
80 419 10 13 0.023972195 
140 350 17 20 0.023517674 
811 72 24 29 0.023272613 
25 426 15 18 0.022832314 
95 413 9 13 0.022787733 
229 422 10 13 0.022180686 
197 430 12 18 0.022000967 
84 418 11 13 0.021893058 
289 131 18 20 0.021195523 
663 462 11 15 0.020472549 
679 231 7 9 0.020382782 
