39_Ice_Skating_Ice_Skating_39_389
124
544 360 9 11 0.83162695 
376 390 10 13 0.73533183 
606 360 8 11 0.7323408 
368 381 8 11 0.7295558 
673 364 8 11 0.7120676 
570 360 7 10 0.64734626 
409 373 9 11 0.6098582 
272 384 9 12 0.606198 
51 367 11 17 0.60392016 
462 369 8 11 0.5464343 
770 365 8 10 0.508217 
325 380 8 11 0.49847838 
639 361 8 10 0.43256477 
506 360 8 10 0.4303877 
510 359 8 12 0.41034406 
740 366 8 10 0.33545348 
824 372 11 14 0.33353636 
727 376 9 12 0.30325705 
769 380 9 12 0.2759287 
235 381 10 12 0.24654463 
741 381 9 11 0.23832206 
460 381 12 16 0.22601567 
569 365 9 11 0.22036648 
458 368 8 10 0.21875158 
409 388 9 12 0.2098478 
422 392 9 13 0.15171112 
799 368 7 9 0.1469817 
236 391 9 13 0.13752715 
800 375 8 11 0.1281684 
275 388 10 12 0.12593167 
646 375 8 11 0.12067633 
671 396 10 12 0.09479915 
402 392 8 10 0.09397985 
503 376 9 11 0.08859314 
769 374 9 12 0.08236567 
790 389 8 11 0.081948474 
276 402 13 17 0.07778575 
409 382 9 12 0.076626174 
374 384 9 12 0.075338975 
635 361 7 10 0.0697905 
266 384 9 11 0.06615111 
739 387 11 14 0.06573319 
768 389 10 14 0.060834125 
324 396 11 13 0.05890508 
754 383 7 9 0.058268096 
796 398 9 11 0.05563853 
737 375 7 11 0.0534346 
759 383 7 10 0.051174264 
773 376 8 11 0.05021698 
502 380 10 13 0.049251776 
741 395 10 13 0.048727937 
377 408 9 12 0.04823106 
602 364 9 11 0.047874838 
794 375 7 10 0.046466596 
792 382 9 11 0.04574392 
477 360 9 12 0.044540524 
753 389 8 12 0.041377835 
363 382 8 11 0.04101975 
625 375 7 11 0.04027077 
772 390 10 13 0.03998082 
616 377 8 10 0.039163288 
742 377 8 10 0.039005496 
795 368 7 9 0.038111974 
736 334 9 11 0.037765417 
766 396 10 12 0.0374143 
656 373 8 11 0.03688142 
495 382 11 14 0.03673181 
369 388 9 12 0.035408344 
536 395 10 13 0.035026792 
723 375 8 12 0.033235684 
758 343 8 10 0.033202864 
414 405 11 16 0.0327703 
566 393 12 15 0.0327637 
642 375 8 11 0.031828854 
403 374 8 10 0.03161336 
758 389 9 12 0.031327985 
473 365 8 11 0.031278543 
543 369 9 13 0.031126073 
671 380 9 12 0.029806674 
498 386 13 18 0.02978361 
753 375 7 9 0.029620335 
819 373 9 12 0.029601946 
318 402 12 15 0.0295621 
574 372 8 11 0.02909449 
822 391 10 13 0.0287551 
624 367 7 9 0.028708294 
631 376 8 10 0.028627345 
647 366 7 10 0.028588569 
679 374 8 12 0.028319191 
314 398 8 10 0.028027376 
761 375 6 9 0.027853694 
312 405 9 13 0.027791763 
498 375 8 11 0.027572226 
826 374 14 18 0.027019683 
785 383 9 12 0.02691141 
753 344 8 10 0.02678305 
327 390 9 13 0.026246656 
655 368 8 10 0.025585743 
562 367 7 10 0.025350785 
320 392 8 11 0.02499755 
772 362 9 10 0.024599206 
805 375 8 11 0.023880292 
365 405 10 14 0.023548344 
41 366 10 13 0.02286473 
314 392 8 10 0.02283331 
797 389 10 13 0.022604998 
666 380 7 11 0.022458164 
236 404 11 16 0.02178611 
407 394 9 13 0.021636188 
539 391 12 14 0.021504072 
785 342 7 10 0.021186199 
667 365 7 10 0.0210637 
265 405 9 12 0.020896943 
562 359 7 10 0.020859243 
674 391 11 13 0.020795206 
552 373 7 11 0.020747041 
416 393 11 17 0.0206852 
823 362 8 10 0.020455156 
408 406 11 15 0.020382136 
539 359 8 11 0.020346291 
664 376 8 10 0.02032766 
752 395 8 12 0.020206356 
575 380 8 11 0.020197058 
569 371 8 11 0.020073125 
