31_Waiter_Waitress_Waiter_Waitress_31_420
89
652 218 28 35 0.99934226 
464 180 29 43 0.9986822 
582 218 29 35 0.9984487 
916 213 31 39 0.9975446 
691 238 25 32 0.9943667 
372 300 23 28 0.9919979 
332 301 22 28 0.9913907 
194 289 18 21 0.9873111 
490 218 23 28 0.9844274 
866 304 25 33 0.9781491 
552 221 24 32 0.97801626 
41 220 21 26 0.97503394 
239 315 20 26 0.96746373 
535 206 21 26 0.96536535 
695 208 25 28 0.9433409 
122 296 16 21 0.91686934 
536 232 20 25 0.902316 
281 316 16 19 0.8734814 
148 264 16 19 0.8549432 
408 233 18 24 0.83423746 
204 326 14 22 0.3997718 
869 276 10 13 0.37590283 
345 220 17 22 0.28046554 
130 298 14 17 0.232974 
750 208 9 11 0.19789296 
166 295 15 17 0.18056883 
301 306 17 20 0.15919203 
350 192 9 12 0.15741484 
165 314 14 17 0.14655039 
183 291 12 19 0.14405267 
156 314 15 19 0.14393733 
739 198 8 11 0.14067313 
888 309 19 29 0.13073352 
729 221 11 13 0.10723535 
149 301 10 12 0.09416908 
210 290 12 17 0.08662618 
242 113 13 16 0.08522095 
188 274 12 16 0.07697076 
366 191 12 15 0.0761758 
412 221 22 31 0.073261954 
350 284 10 12 0.067620255 
384 282 22 29 0.05687971 
333 285 12 13 0.053830456 
448 305 30 32 0.052788112 
143 300 10 13 0.048290838 
357 285 9 11 0.046041977 
288 322 19 20 0.042842146 
189 286 16 19 0.04171782 
766 201 7 10 0.040497217 
132 306 13 16 0.04019404 
93 270 22 30 0.038223904 
904 159 8 12 0.037256993 
844 157 10 14 0.035739534 
758 225 10 12 0.035332814 
376 250 9 11 0.034252405 
372 195 10 14 0.03317532 
169 322 14 17 0.032952655 
134 314 11 15 0.032682564 
569 217 24 32 0.032396093 
877 208 10 11 0.031675436 
229 285 9 11 0.031533115 
388 273 15 16 0.031368125 
298 298 18 21 0.030643856 
803 332 17 24 0.030488336 
325 289 13 16 0.030087003 
349 279 9 12 0.029742833 
432 161 9 10 0.02852761 
374 271 13 16 0.028475566 
188 293 16 21 0.028331088 
720 192 8 10 0.028226474 
871 280 11 14 0.02810594 
911 180 11 14 0.027956476 
209 322 16 22 0.027040115 
360 190 10 14 0.026143603 
344 285 11 12 0.025650516 
434 333 14 19 0.024876487 
550 219 16 25 0.022275746 
147 280 15 18 0.022227189 
234 68 21 32 0.021851063 
233 111 24 28 0.021717671 
289 181 8 12 0.021715866 
719 197 9 11 0.021479554 
381 274 13 15 0.02098886 
202 286 15 20 0.020962302 
250 301 15 18 0.02084814 
264 32 9 12 0.020725032 
153 268 18 20 0.020608304 
383 199 8 10 0.02013428 
483 303 25 37 0.020034438 
