31_Waiter_Waitress_Waiter_Waitress_31_162
31
473 353 218 290 0.9996722 
18 714 17 21 0.7315694 
385 483 27 30 0.37918207 
213 717 10 13 0.25370467 
241 711 10 13 0.16388138 
999 642 22 37 0.13112156 
379 846 26 33 0.11430368 
310 716 12 17 0.10935441 
214 722 10 14 0.09730555 
44 712 16 21 0.08936964 
261 724 13 15 0.07885769 
313 798 46 64 0.071015485 
91 718 13 17 0.056204695 
222 723 9 14 0.041796736 
359 906 40 41 0.040632296 
378 843 45 60 0.04055959 
20 33 370 474 0.040510483 
165 724 10 14 0.040172637 
461 367 106 175 0.037039906 
75 700 11 15 0.035410304 
372 866 13 16 0.035276037 
14 710 15 19 0.03508917 
87 723 15 18 0.033495072 
370 856 28 33 0.033351168 
288 727 8 11 0.03211465 
372 723 12 16 0.030270169 
253 709 9 13 0.025611427 
49 719 15 19 0.025217745 
141 724 10 13 0.02321522 
281 727 9 12 0.022438 
25 718 15 19 0.020898614 
