31_Waiter_Waitress_Waiter_Waitress_31_788
23
458 -1 59 62 0.9995272 
160 186 50 79 0.98504436 
708 211 56 86 0.95382625 
246 181 38 70 0.9380218 
897 126 24 28 0.72317183 
57 237 67 65 0.10378412 
887 290 27 46 0.09325051 
208 -2 31 26 0.062334385 
212 76 12 17 0.052332886 
1006 210 13 16 0.035456035 
90 208 47 80 0.035115916 
875 276 25 32 0.032639015 
104 330 89 113 0.028370515 
943 117 10 13 0.027592406 
926 242 32 38 0.025526784 
467 294 11 15 0.02524861 
892 199 28 36 0.024486227 
264 10 27 32 0.022920597 
210 76 20 29 0.022791576 
990 196 15 18 0.022434454 
558 266 95 101 0.021600422 
882 239 28 31 0.020230887 
479 297 15 21 0.020028861 
