31_Waiter_Waitress_Waiter_Waitress_31_327
19
449 352 110 161 0.9997533 
308 352 97 143 0.99914527 
744 648 21 36 0.769514 
148 598 9 12 0.47146758 
965 575 12 13 0.35389253 
964 578 15 18 0.3530426 
769 592 8 9 0.08867555 
190 637 34 45 0.08172804 
313 589 9 12 0.08019202 
251 557 11 13 0.075311966 
111 724 11 13 0.07090802 
909 592 13 15 0.06657357 
774 591 8 10 0.05599541 
959 579 23 30 0.05239866 
226 560 8 9 0.04121474 
196 588 14 16 0.037850153 
226 565 8 10 0.023546603 
182 597 12 16 0.02014707 
198 560 8 10 0.020099353 
