31_Waiter_Waitress_Waiter_Waitress_31_351
49
304 180 138 180 0.9990879 
869 79 48 68 0.9980842 
141 146 24 41 0.96647745 
23 187 22 30 0.55170465 
155 149 29 37 0.35345426 
724 125 15 19 0.24414925 
674 94 15 20 0.20420976 
731 61 13 15 0.18479577 
794 154 26 29 0.14068693 
46 167 24 30 0.11976278 
844 209 32 35 0.11271059 
779 197 23 30 0.10710919 
828 208 29 33 0.085489474 
836 157 16 19 0.0694628 
190 127 26 32 0.06721367 
658 64 18 23 0.06655427 
456 108 10 14 0.06136433 
50 162 18 22 0.058032177 
88 152 24 37 0.051242065 
649 32 17 19 0.04688551 
693 93 12 16 0.044301923 
691 124 13 17 0.044281784 
620 77 10 12 0.042747833 
203 127 31 37 0.040009886 
214 119 26 31 0.03650839 
69 274 84 108 0.0351551 
81 163 26 35 0.03271251 
194 163 17 23 0.032122344 
34 153 16 22 0.031817697 
734 93 11 14 0.030455695 
686 116 15 20 0.030139305 
741 47 13 14 0.029173955 
729 198 8 12 0.028294533 
772 84 14 15 0.027047787 
694 141 11 14 0.026986592 
41 154 20 27 0.02578641 
500 180 13 16 0.025665374 
653 100 12 16 0.025609978 
607 53 13 17 0.024576139 
816 328 9 12 0.024017146 
730 118 14 19 0.023764893 
26 252 14 20 0.0232334 
825 116 27 30 0.02220538 
886 169 36 43 0.021669243 
779 124 18 21 0.021312382 
77 169 16 24 0.021099677 
538 174 16 18 0.020745927 
92 147 16 27 0.020349553 
699 275 16 18 0.02002244 
