46_Jockey_Jockey_46_308
19
182 140 62 72 0.99951935 
704 62 62 65 0.99864274 
402 188 49 52 0.98228294 
499 211 52 59 0.13750899 
497 208 89 113 0.119450964 
402 455 61 78 0.08657081 
3 147 36 64 0.07682991 
879 606 23 25 0.06537681 
464 322 32 41 0.06351748 
347 521 41 57 0.05298675 
414 246 28 36 0.051177897 
421 433 64 89 0.051152658 
216 266 23 39 0.04663859 
528 257 61 78 0.040830854 
208 274 40 56 0.040433142 
463 301 38 46 0.026961956 
444 402 48 77 0.026076635 
649 529 45 35 0.022942279 
417 360 98 142 0.02062396 
