46_Jockey_Jockey_46_909
87
507 288 27 35 0.99837697 
496 559 52 61 0.9941592 
455 417 45 52 0.99233186 
694 182 14 20 0.9810019 
651 248 16 21 0.96908766 
784 185 16 21 0.9659886 
275 182 15 18 0.92940134 
643 190 12 16 0.9100848 
912 278 19 31 0.8978254 
736 177 14 18 0.8814119 
745 269 17 22 0.7061405 
217 577 40 62 0.7058633 
486 154 10 14 0.63353205 
481 190 10 15 0.57582366 
597 106 14 18 0.54703254 
770 209 13 17 0.48285753 
356 195 10 14 0.46665123 
533 160 10 12 0.31952137 
725 205 11 15 0.30913934 
644 288 16 19 0.19210559 
506 148 9 13 0.18670943 
678 253 10 15 0.18432325 
733 331 14 22 0.1255931 
545 157 8 11 0.11204874 
636 284 16 20 0.072745256 
609 94 12 15 0.07017306 
313 190 9 11 0.069128685 
509 156 9 12 0.06908707 
914 124 13 15 0.067991965 
650 283 13 16 0.062172424 
375 357 28 32 0.057829883 
143 238 9 11 0.054241132 
735 272 15 19 0.051395237 
413 219 11 15 0.04909896 
821 206 10 11 0.04754918 
414 191 9 11 0.045723982 
778 266 15 16 0.044994596 
549 139 10 13 0.04347512 
759 194 12 16 0.0398013 
530 163 10 13 0.038660575 
549 157 8 12 0.038383264 
288 215 10 13 0.037694473 
609 156 10 14 0.03583252 
589 299 13 17 0.03478589 
446 141 11 13 0.034742847 
778 275 17 20 0.034587204 
438 110 13 16 0.032812193 
282 180 13 17 0.032388233 
833 323 16 19 0.032117706 
604 281 18 23 0.030897006 
773 261 14 18 0.030100072 
801 261 13 16 0.029446369 
614 141 8 10 0.028687768 
544 110 8 10 0.028662339 
788 277 12 14 0.02663942 
304 212 8 10 0.02649357 
743 263 14 20 0.026281608 
549 110 8 10 0.025835592 
414 196 10 12 0.025515476 
512 174 11 14 0.025111942 
869 222 10 14 0.024787325 
542 153 9 11 0.024490785 
414 415 27 34 0.023576265 
252 182 12 15 0.02334988 
797 371 12 15 0.02312054 
528 181 10 14 0.023092575 
487 133 8 10 0.02279214 
630 264 10 14 0.022529496 
254 197 10 12 0.022275575 
543 163 10 13 0.022183763 
233 228 9 11 0.021912958 
492 149 11 14 0.021909626 
288 209 9 12 0.021874156 
627 340 30 32 0.021714471 
456 134 8 11 0.02168122 
198 226 12 15 0.021585882 
791 186 16 19 0.02155567 
357 183 11 14 0.021490928 
294 207 8 10 0.021408012 
306 191 8 11 0.021196367 
453 190 9 11 0.02105118 
317 194 12 14 0.021036334 
292 218 10 14 0.020972209 
362 197 12 14 0.020545935 
923 622 57 60 0.020401338 
730 197 12 15 0.020271199 
727 282 10 13 0.020236103 
