46_Jockey_Jockey_46_569
62
871 131 40 48 0.9961332 
277 154 40 54 0.99501675 
701 21 37 45 0.9914876 
318 131 12 15 0.9598138 
190 133 11 14 0.9555808 
384 132 11 14 0.93891966 
847 181 11 14 0.90923375 
320 211 19 21 0.8858556 
229 140 9 13 0.80826646 
366 135 10 13 0.7945097 
151 97 36 68 0.77808523 
442 132 38 46 0.65272695 
411 138 11 14 0.59609824 
684 24 10 12 0.48515677 
509 6 8 10 0.4400684 
527 10 7 8 0.18703929 
199 216 7 9 0.120795585 
216 143 8 10 0.12025507 
460 0 10 11 0.10992738 
601 10 9 10 0.102385506 
780 37 9 10 0.100339346 
534 23 8 10 0.080994844 
326 152 9 12 0.07365741 
372 134 9 13 0.07268105 
604 12 8 10 0.06392609 
657 24 9 12 0.062071055 
660 28 9 12 0.051427048 
523 9 6 8 0.045465477 
245 214 16 18 0.04473555 
401 181 10 12 0.04039438 
674 60 12 15 0.038505875 
58 0 13 11 0.037973624 
522 14 7 10 0.035107836 
457 124 31 41 0.034959383 
397 150 9 11 0.034537006 
374 139 10 12 0.03407777 
362 137 10 14 0.03090722 
392 217 9 11 0.029634874 
238 165 8 10 0.028888976 
440 145 54 67 0.027750071 
399 145 8 10 0.027583556 
386 128 12 14 0.02691725 
672 35 10 14 0.026504247 
661 35 11 14 0.025357246 
163 102 18 38 0.024706522 
778 34 8 10 0.024655893 
369 118 11 13 0.024608912 
775 48 14 18 0.024272937 
825 184 8 9 0.023896012 
813 41 8 11 0.023526097 
403 176 10 12 0.023256464 
532 29 10 13 0.023146113 
214 146 9 12 0.022741593 
529 89 48 63 0.022501977 
692 21 12 18 0.022160823 
449 151 20 26 0.021892812 
474 125 18 26 0.021261081 
319 150 11 14 0.020808445 
407 215 11 14 0.020355375 
688 61 10 14 0.020299956 
655 37 11 13 0.020164851 
661 77 9 12 0.020147644 
