46_Jockey_Jockey_46_352
24
496 184 36 44 0.9994561 
421 74 35 45 0.9989404 
693 67 36 46 0.9988887 
520 72 35 43 0.99881697 
610 65 37 45 0.9985092 
88 148 46 56 0.99844617 
338 43 35 50 0.99840206 
337 124 38 50 0.9982632 
170 239 45 56 0.9982503 
792 57 36 47 0.99812144 
812 226 45 58 0.9977544 
902 131 42 55 0.99740785 
557 242 45 53 0.9973239 
675 233 45 57 0.99719536 
221 47 38 49 0.99711394 
435 250 43 54 0.99705976 
632 145 40 52 0.9969285 
301 250 43 56 0.9957818 
780 136 40 52 0.99528056 
208 138 41 54 0.9940269 
729 444 10 13 0.056376003 
569 449 22 22 0.030853959 
715 235 37 58 0.024751756 
633 431 16 19 0.02157123 
