46_Jockey_Jockey_46_779
50
538 125 52 58 0.9987135 
932 115 40 52 0.9802352 
993 106 32 57 0.83493227 
977 23 26 42 0.584363 
411 265 13 15 0.5617914 
791 212 25 31 0.4610335 
491 292 16 27 0.4024 
898 48 29 37 0.29570886 
633 302 57 72 0.24138814 
929 211 17 22 0.196971 
653 297 40 48 0.16340382 
398 273 14 20 0.1489806 
626 313 33 41 0.07552012 
369 334 29 37 0.07073327 
641 86 26 35 0.06373325 
497 87 34 46 0.059360374 
841 144 27 45 0.05427465 
403 269 23 25 0.053478055 
1001 196 23 41 0.053393207 
118 325 21 28 0.05194812 
802 208 26 30 0.046086386 
696 235 32 45 0.03928282 
745 162 26 36 0.03825529 
678 100 24 30 0.03664403 
800 303 17 20 0.034992315 
893 42 25 30 0.032411546 
910 44 30 40 0.032263704 
388 254 40 44 0.031347618 
810 143 16 21 0.029597906 
755 140 22 27 0.02931025 
808 84 28 40 0.027704494 
668 68 26 31 0.027666897 
350 307 43 54 0.026677296 
795 205 18 22 0.02629157 
669 122 30 42 0.025764951 
819 202 24 30 0.025336323 
410 72 42 49 0.025240287 
1003 34 19 34 0.024084669 
780 216 25 33 0.024006583 
834 283 17 20 0.023648238 
413 255 14 17 0.023370255 
197 316 26 31 0.022849487 
822 237 26 33 0.022580918 
816 212 18 23 0.022430135 
391 276 13 19 0.02221021 
416 267 14 17 0.021887057 
116 244 32 40 0.021441055 
657 67 49 74 0.021347716 
237 315 21 29 0.02110938 
313 364 11 14 0.020238811 
