46_Jockey_Jockey_46_79
38
594 49 36 46 0.99813926 
557 84 34 49 0.9946366 
623 31 27 38 0.9944088 
665 26 29 41 0.99440116 
426 170 41 53 0.9904918 
417 224 32 47 0.9901929 
322 242 44 56 0.98929477 
539 41 36 45 0.98744744 
393 249 37 52 0.9786766 
537 108 22 40 0.7726229 
680 0 28 22 0.7616148 
461 155 25 41 0.456784 
282 343 24 34 0.38896054 
198 402 20 45 0.2862928 
324 302 27 41 0.27173236 
634 1 23 18 0.14466064 
446 147 34 42 0.12604001 
543 74 39 46 0.12277493 
259 344 32 34 0.10342642 
297 295 26 37 0.07169091 
251 382 21 38 0.06946761 
55 5 86 122 0.06091829 
611 34 30 40 0.045966204 
202 476 24 48 0.03651379 
502 67 10 12 0.035568535 
596 0 20 17 0.02815473 
183 327 22 40 0.026101878 
42 360 25 31 0.025764102 
474 157 21 33 0.02524618 
526 53 27 34 0.024376268 
303 299 37 47 0.023973914 
517 7 10 12 0.023735184 
958 101 10 10 0.023647193 
484 330 11 14 0.022942279 
646 32 26 32 0.022501606 
505 91 28 33 0.02197309 
613 0 14 13 0.021889793 
313 93 10 14 0.020291315 
