48_Parachutist_Paratrooper_Parachutist_Paratrooper_48_122
31
400 165 126 159 0.9996269 
653 613 102 130 0.9304423 
163 775 42 42 0.4684279 
271 197 88 141 0.46711293 
588 24 86 128 0.21731696 
807 530 67 80 0.06211398 
625 30 63 86 0.049774714 
591 -3 351 403 0.04834094 
16 0 19 17 0.04657522 
537 1317 19 23 0.04574916 
579 13 217 244 0.04310388 
236 1383 12 15 0.042087957 
137 114 14 16 0.037001215 
158 741 61 79 0.035934158 
141 1010 187 259 0.032943323 
42 0 14 12 0.03131442 
111 1371 43 53 0.029639242 
436 1402 14 17 0.027641362 
641 0 22 19 0.025388993 
112 448 88 109 0.025318354 
255 15 51 71 0.02395658 
19 810 106 111 0.023379322 
43 831 67 67 0.023373902 
641 590 183 227 0.023249118 
499 1369 48 49 0.02317736 
564 1361 12 15 0.022917146 
695 93 105 140 0.022612564 
754 1029 29 40 0.022559607 
67 831 40 39 0.022249969 
644 0 33 27 0.022183018 
0 572 25 50 0.021562485 
