48_Parachutist_Paratrooper_Parachutist_Paratrooper_48_656
50
619 354 27 40 0.9238539 
488 438 20 24 0.8339383 
75 33 114 160 0.7054309 
560 197 40 31 0.67440325 
10 319 197 242 0.62015504 
430 389 20 33 0.24043085 
515 170 28 31 0.19943711 
288 651 19 21 0.15039527 
603 323 16 18 0.14500108 
469 118 13 15 0.14155777 
516 170 16 19 0.098643966 
187 741 13 14 0.095563926 
626 171 44 66 0.08327157 
311 1 19 19 0.06947809 
322 385 27 36 0.064831346 
290 289 61 74 0.0643777 
528 177 16 19 0.06029298 
469 403 17 22 0.05629395 
506 395 22 24 0.055904377 
604 147 47 57 0.048741136 
498 409 19 20 0.044564746 
137 713 9 10 0.044134974 
449 137 16 20 0.043830764 
397 379 23 37 0.032367833 
856 181 121 166 0.030771332 
496 418 24 25 0.030233176 
613 177 38 49 0.029970124 
189 736 10 11 0.029649993 
504 692 15 18 0.028326632 
533 359 22 25 0.027992284 
600 316 14 17 0.0260336 
265 685 8 9 0.025047125 
213 748 11 11 0.024775766 
514 390 17 20 0.024631742 
119 57 67 107 0.024274109 
646 162 25 56 0.023864679 
177 663 10 13 0.02334417 
608 328 17 19 0.02282762 
325 317 28 38 0.02238183 
168 719 8 11 0.022302384 
561 164 31 38 0.022210129 
310 188 14 15 0.022191938 
247 678 9 11 0.021700587 
417 397 31 31 0.021557862 
572 90 39 55 0.021475552 
861 149 96 118 0.021301523 
422 540 9 13 0.021144696 
492 428 17 22 0.021036614 
701 673 12 15 0.02002303 
416 549 9 11 0.02001711 
