48_Parachutist_Paratrooper_Parachutist_Paratrooper_48_814
28
394 184 224 303 0.9993563 
155 408 24 29 0.9879458 
306 398 22 26 0.9694742 
211 409 21 24 0.9647562 
59 407 18 24 0.9370446 
253 401 25 29 0.91817355 
708 320 215 397 0.5585622 
116 426 17 22 0.33773893 
584 417 39 52 0.20603235 
186 414 20 22 0.17707476 
129 405 11 13 0.1485341 
172 855 428 474 0.10532427 
111 415 10 13 0.07914836 
697 402 133 283 0.06831682 
110 425 14 21 0.05665576 
89 408 15 24 0.04933532 
93 403 12 16 0.039667968 
494 873 432 449 0.03376521 
42 410 13 17 0.031996947 
351 810 379 445 0.031513393 
612 258 92 136 0.03111744 
103 427 13 19 0.030114582 
291 416 15 20 0.029982917 
592 132 389 561 0.027740423 
182 954 248 316 0.025821013 
0 401 14 21 0.023966253 
104 419 12 18 0.022226147 
402 1183 16 19 0.020613687 
