48_Parachutist_Paratrooper_Parachutist_Paratrooper_48_164
53
139 315 519 594 0.68095154 
620 403 207 277 0.34405258 
187 285 249 246 0.25316927 
73 635 495 543 0.20374401 
169 147 20 30 0.15107842 
123 235 413 423 0.147444 
983 382 34 41 0.14007308 
354 383 478 521 0.12746057 
910 432 23 32 0.102246016 
962 1224 14 20 0.10035945 
569 366 332 441 0.085521095 
941 911 20 25 0.0805965 
1010 456 14 23 0.071117066 
935 1214 20 25 0.058884386 
102 251 247 245 0.055425677 
386 116 22 31 0.052835926 
947 1024 15 24 0.050297413 
400 140 27 29 0.046249993 
528 122 28 33 0.043198314 
516 104 17 20 0.043034926 
989 807 11 13 0.042620458 
965 1053 12 14 0.04024444 
939 1024 16 23 0.039500196 
956 1025 14 22 0.03893792 
133 164 16 21 0.0365631 
929 902 24 32 0.036507066 
284 352 195 171 0.036144663 
432 107 32 34 0.030993856 
965 1191 16 22 0.03052623 
395 126 27 34 0.029949676 
973 721 29 53 0.029302152 
897 926 25 30 0.027265837 
925 893 23 30 0.026952932 
945 1218 15 19 0.026687425 
180 203 19 21 0.02559689 
228 264 143 158 0.025191601 
429 535 588 553 0.025143128 
55 604 233 303 0.024021393 
876 739 53 59 0.023669034 
507 105 20 22 0.02359076 
223 147 156 149 0.023176033 
938 915 30 36 0.022803804 
55 151 226 268 0.022608804 
992 385 20 24 0.02239403 
434 107 18 20 0.022099694 
389 153 55 78 0.021960009 
350 1316 116 119 0.021540252 
994 929 24 30 0.021218406 
391 110 26 30 0.021124622 
997 1044 12 15 0.020995544 
841 704 91 110 0.020880949 
505 114 27 30 0.020379186 
376 128 90 130 0.020185824 
