48_Parachutist_Paratrooper_Parachutist_Paratrooper_48_72
169
255 277 26 32 0.99759585 
96 327 27 31 0.9966832 
169 292 30 33 0.9927248 
55 322 24 26 0.9914697 
18 309 23 27 0.9896026 
483 297 17 22 0.9885467 
456 306 18 21 0.98504585 
334 283 22 28 0.98214895 
613 328 23 28 0.98064584 
956 308 11 14 0.9705334 
709 285 12 15 0.9655362 
767 305 14 18 0.96420306 
401 287 22 27 0.9203651 
538 287 13 19 0.912085 
864 301 14 17 0.89748263 
841 300 9 12 0.82871646 
934 297 14 16 0.8216304 
199 300 18 26 0.78368336 
568 288 13 18 0.7738977 
897 303 9 12 0.7068566 
749 292 12 16 0.5988148 
792 302 10 13 0.56674683 
908 315 15 18 0.5652302 
808 296 11 14 0.56384736 
280 296 18 22 0.41661784 
603 294 12 14 0.33698627 
975 301 11 12 0.3016845 
993 318 12 15 0.28838742 
863 332 10 12 0.26715994 
983 340 10 14 0.2566425 
568 270 11 13 0.25064495 
926 301 11 13 0.2498015 
917 340 12 16 0.24400759 
459 284 12 13 0.2191808 
227 324 21 22 0.2105808 
355 297 15 23 0.1972814 
1012 303 11 14 0.19132099 
801 325 11 13 0.18223791 
974 308 12 15 0.17604482 
828 310 11 12 0.17509279 
931 325 11 14 0.16647297 
235 300 16 19 0.16140136 
567 275 13 16 0.13241775 
499 298 10 15 0.12781464 
360 345 18 23 0.12093064 
581 283 12 21 0.11516697 
777 270 10 12 0.11386889 
816 278 9 11 0.11158676 
900 308 11 14 0.106304966 
794 178 14 17 0.10526625 
824 324 11 14 0.104908966 
612 300 12 15 0.10356673 
513 302 11 15 0.10347254 
630 298 12 15 0.09937477 
720 304 10 14 0.095175214 
687 292 12 14 0.093113616 
0 318 11 21 0.09099159 
670 312 8 9 0.08579877 
267 288 22 29 0.077319525 
826 318 12 13 0.07699319 
386 247 16 22 0.07246696 
687 301 10 12 0.07191757 
430 285 14 17 0.06475481 
375 316 19 19 0.062138405 
741 311 10 14 0.061836723 
670 317 9 11 0.057165552 
703 310 10 12 0.05623325 
759 327 10 13 0.054219488 
419 303 14 20 0.052476373 
725 304 10 13 0.05035092 
910 292 10 13 0.047100473 
801 295 8 11 0.046293437 
429 317 13 18 0.044251647 
382 255 13 18 0.04406665 
783 330 10 14 0.044015102 
967 301 10 13 0.04376523 
507 274 13 16 0.04375845 
613 277 9 11 0.043480113 
761 307 14 15 0.042895176 
988 344 12 15 0.04258765 
979 366 14 17 0.04237543 
858 332 9 12 0.042309497 
738 314 10 14 0.041713588 
603 302 14 19 0.040758133 
132 329 16 18 0.040697735 
613 295 10 13 0.04035746 
239 95 10 13 0.03938302 
288 298 15 18 0.038582355 
569 352 16 19 0.03843191 
877 326 11 14 0.03770471 
183 299 20 25 0.03745108 
495 316 12 16 0.037128344 
992 311 11 14 0.0366911 
941 381 13 16 0.0360298 
991 303 8 10 0.035794444 
810 278 8 10 0.035562806 
765 327 10 13 0.03551658 
1014 282 9 14 0.035065588 
490 294 15 21 0.03501479 
786 302 9 12 0.034424532 
877 300 10 14 0.032954283 
877 295 10 12 0.032425035 
928 330 12 16 0.032214116 
904 226 10 13 0.03203375 
46 306 15 16 0.03143455 
787 332 11 14 0.031421527 
944 322 11 15 0.031278927 
423 283 13 18 0.031200599 
476 374 13 16 0.030742792 
548 344 15 20 0.030624673 
781 202 12 16 0.02999686 
822 356 14 19 0.02997992 
210 303 18 22 0.02941978 
739 358 11 12 0.029372217 
804 320 11 14 0.029264951 
920 306 10 14 0.029242195 
832 303 9 11 0.029193642 
815 283 10 12 0.029152233 
138 325 14 18 0.029086294 
824 305 9 12 0.028976213 
934 321 11 13 0.028951881 
967 307 11 15 0.028761268 
920 296 10 13 0.028742872 
666 312 8 9 0.028477179 
252 518 10 12 0.028337047 
869 295 12 16 0.028035464 
839 285 10 11 0.027681403 
636 295 9 13 0.027079036 
833 286 9 11 0.026850779 
756 287 11 15 0.026805358 
817 319 9 13 0.02634512 
886 309 10 13 0.025953753 
630 285 12 14 0.025921056 
198 292 15 20 0.02530984 
435 287 15 20 0.025114806 
1008 356 11 14 0.024447441 
623 301 13 13 0.02440354 
999 337 11 14 0.024306234 
863 348 12 16 0.024163596 
508 291 14 18 0.02413008 
517 292 12 18 0.024104483 
978 338 10 15 0.024084955 
708 308 10 13 0.02399981 
690 286 14 17 0.023954686 
655 311 8 10 0.023694227 
758 301 11 15 0.02332802 
696 310 9 13 0.02322696 
790 325 10 13 0.022431456 
1014 295 10 15 0.022308176 
782 252 10 12 0.022302372 
1009 283 10 13 0.022211924 
184 310 19 24 0.022154512 
980 296 10 13 0.021998694 
966 296 10 12 0.021815624 
987 335 11 15 0.021711817 
788 181 16 19 0.021685064 
863 338 11 15 0.021507315 
892 264 12 19 0.021447998 
598 288 14 17 0.021412296 
666 318 9 11 0.021397974 
501 284 15 20 0.021329215 
826 327 14 17 0.021056794 
847 328 11 15 0.020905552 
409 296 20 27 0.020569881 
857 301 12 15 0.020493416 
1014 318 9 13 0.020428278 
1005 335 10 13 0.020257337 
832 294 8 11 0.020194208 
687 307 10 12 0.020092329 
