48_Parachutist_Paratrooper_Parachutist_Paratrooper_48_1015
70
217 405 33 38 0.99573106 
629 349 34 39 0.99316543 
328 387 31 39 0.9917604 
960 315 26 32 0.9907637 
454 223 24 28 0.99067456 
344 211 23 28 0.98896724 
631 208 22 27 0.9863919 
552 356 38 42 0.9858807 
982 305 38 45 0.98441154 
92 130 44 54 0.9797402 
464 363 35 38 0.979038 
859 320 49 54 0.9765436 
850 208 23 25 0.97634345 
675 347 42 48 0.9732828 
179 381 29 36 0.9718608 
707 225 19 22 0.9708844 
426 365 23 28 0.97070134 
570 224 17 22 0.9556508 
222 244 21 25 0.95545226 
546 238 22 24 0.9417706 
966 192 21 25 0.9239355 
279 261 20 24 0.915596 
238 272 22 26 0.9105291 
602 248 14 17 0.78697944 
763 213 18 22 0.7461312 
453 353 17 24 0.6486139 
509 242 16 21 0.6025698 
789 215 14 22 0.55906516 
0 282 20 27 0.48503882 
925 320 31 41 0.4730236 
782 352 35 38 0.42196098 
225 293 13 16 0.36327723 
975 311 27 39 0.24577515 
792 332 38 40 0.24198133 
459 352 29 35 0.15101674 
189 313 13 15 0.1197933 
188 442 14 17 0.1055693 
740 233 14 17 0.09706331 
849 341 23 30 0.0964364 
222 368 21 25 0.07837868 
781 212 16 23 0.073333986 
160 399 19 21 0.066445194 
946 318 23 32 0.06059203 
845 343 17 21 0.056556277 
425 253 12 14 0.050692875 
855 335 32 41 0.04869523 
460 478 18 22 0.048003852 
173 290 13 15 0.047525346 
167 391 22 31 0.038855724 
901 318 42 50 0.0373178 
955 442 45 46 0.034148265 
6 276 17 20 0.02978391 
448 361 14 19 0.029636044 
244 250 17 20 0.02692903 
349 513 13 15 0.026461551 
231 281 22 27 0.024521787 
505 246 13 20 0.023702633 
193 387 38 45 0.023575442 
978 649 44 57 0.023507329 
443 226 22 28 0.023046013 
459 452 42 59 0.022778269 
787 347 49 61 0.02277273 
72 400 24 30 0.02217306 
233 253 22 27 0.021313643 
528 340 25 28 0.021091359 
75 390 27 29 0.020808216 
193 496 17 21 0.020640127 
438 234 15 19 0.020592786 
0 276 15 22 0.020407131 
167 291 12 13 0.020246314 
