17_Ceremony_Ceremony_17_735
34
324 207 455 623 0.99998224 
180 1038 441 487 0.3176796 
798 1236 21 27 0.28306344 
603 1331 14 16 0.16669 
671 1332 12 14 0.15738948 
716 27 254 289 0.11037531 
150 1125 275 342 0.08253205 
664 1294 11 13 0.07370435 
834 1468 23 29 0.04472905 
586 1323 13 16 0.04124624 
540 1287 17 21 0.037677474 
565 1309 12 16 0.037643723 
586 1296 18 22 0.036549423 
95 921 248 240 0.032477442 
472 1292 12 14 0.03214234 
526 1455 32 29 0.032034926 
556 1330 12 15 0.031912982 
812 738 194 215 0.030391317 
581 1315 15 16 0.028218778 
100 1028 249 330 0.027465055 
905 1333 27 29 0.026138475 
437 1254 278 277 0.02555112 
586 1433 45 48 0.02539372 
670 1322 22 26 0.02464953 
41 847 527 468 0.02384863 
501 1334 10 11 0.023512354 
622 1458 29 30 0.02337143 
574 1302 22 28 0.022982286 
661 1293 26 28 0.022081017 
281 1237 288 301 0.021859381 
182 1029 47 50 0.02139557 
573 1313 13 17 0.021304639 
537 1328 9 11 0.02041977 
501 1339 13 14 0.020402292 
