17_Ceremony_Ceremony_17_220
194
484 299 12 16 0.97197515 
582 289 11 16 0.9590784 
715 203 19 23 0.76205367 
555 379 12 16 0.6802671 
378 303 10 13 0.6799652 
53 371 14 20 0.6336691 
446 365 10 12 0.59437406 
956 395 10 14 0.40240166 
651 285 11 15 0.35329726 
366 380 11 16 0.32497728 
87 376 13 22 0.30852923 
387 399 14 18 0.2835032 
271 385 22 30 0.27890176 
379 401 17 18 0.27384886 
431 375 9 12 0.25041637 
267 365 11 14 0.24909447 
901 396 11 15 0.23068464 
103 370 13 16 0.22502485 
340 378 11 14 0.20074107 
349 341 8 11 0.18916337 
399 371 11 14 0.16789645 
504 388 15 18 0.16403572 
428 312 9 12 0.15688467 
336 368 10 11 0.15646021 
709 262 12 15 0.15150017 
528 374 12 16 0.13093543 
213 380 10 15 0.12148376 
360 378 13 17 0.11488236 
308 386 11 17 0.11444408 
253 372 9 12 0.112917736 
337 373 11 13 0.1112158 
383 337 8 10 0.108195044 
678 276 8 11 0.10209872 
4 390 12 14 0.10002562 
716 307 17 19 0.09830364 
372 379 11 17 0.097996175 
372 395 15 20 0.095225 
46 373 15 21 0.09271803 
646 279 10 14 0.091156445 
320 382 9 12 0.09087296 
357 372 13 16 0.088120975 
376 376 9 12 0.08796978 
299 393 17 19 0.085892476 
214 372 10 16 0.082297586 
740 276 11 13 0.08008666 
871 405 9 10 0.07650765 
343 397 14 22 0.072477385 
455 373 10 14 0.07193154 
157 384 14 16 0.06888727 
71 360 9 11 0.06819784 
463 311 10 12 0.066280946 
461 390 12 16 0.06567901 
908 398 12 14 0.06531311 
399 378 13 17 0.06356256 
405 351 8 11 0.062182106 
59 373 15 23 0.062159725 
423 375 9 13 0.061718058 
457 394 11 17 0.060944375 
196 386 16 17 0.058704652 
78 361 8 10 0.058166828 
92 381 12 20 0.057694137 
599 395 9 12 0.057433784 
470 375 11 13 0.055901837 
162 380 13 18 0.053788356 
402 357 8 11 0.053545754 
294 354 10 14 0.053312432 
60 366 12 15 0.05113713 
566 381 9 14 0.050789226 
364 375 11 14 0.049875576 
385 321 8 10 0.049444087 
328 342 9 12 0.049390413 
324 382 11 13 0.049153168 
230 378 11 15 0.04842632 
467 310 11 13 0.047681756 
85 415 14 18 0.04682801 
133 375 11 13 0.046726104 
180 370 11 15 0.046234064 
108 407 12 12 0.04581122 
106 377 15 20 0.04573384 
484 342 11 13 0.04515659 
919 397 11 15 0.04485319 
197 368 14 17 0.044605095 
64 361 10 11 0.043851897 
325 397 14 22 0.043343432 
503 383 12 16 0.043230165 
405 386 14 17 0.04280485 
94 373 12 18 0.042791735 
709 283 12 16 0.04278508 
127 380 9 12 0.042782344 
574 384 9 12 0.04184142 
179 413 24 26 0.04121919 
535 350 8 10 0.040883694 
525 382 13 17 0.04073901 
94 366 8 11 0.04056358 
389 319 8 10 0.040143497 
378 342 8 11 0.039674107 
426 342 8 10 0.03951215 
248 368 9 11 0.03944089 
351 372 12 15 0.039414737 
374 327 8 10 0.039059233 
391 328 8 10 0.038897157 
395 311 8 10 0.03864793 
438 373 9 12 0.038553808 
277 372 13 15 0.038525905 
463 354 10 13 0.038492855 
468 395 14 19 0.03817556 
175 365 12 17 0.03657942 
462 374 8 12 0.036308534 
263 358 11 13 0.035727076 
600 283 9 12 0.035457242 
262 368 12 16 0.034908094 
278 334 8 10 0.034654163 
121 380 10 15 0.03438048 
88 365 8 10 0.033976175 
271 380 13 21 0.033855543 
480 375 10 12 0.033838704 
388 342 9 11 0.032694723 
207 371 12 16 0.032422565 
102 386 13 17 0.031846095 
269 359 11 13 0.031326436 
66 386 13 17 0.031251475 
389 333 8 11 0.030863516 
636 260 11 15 0.030772429 
103 413 9 11 0.030275298 
468 386 14 17 0.029787604 
92 412 12 16 0.02952179 
44 387 16 21 0.029516796 
69 364 10 12 0.029242523 
401 279 8 10 0.029150749 
378 335 9 11 0.029093798 
429 387 11 18 0.02901167 
236 378 14 16 0.027815681 
886 436 9 11 0.027792491 
638 268 10 12 0.027656334 
71 297 418 380 0.0276221 
393 395 13 20 0.027522007 
367 312 7 10 0.027352454 
151 380 15 19 0.02732507 
564 439 11 13 0.02725824 
327 335 9 12 0.027120424 
592 388 8 12 0.027100207 
18 410 23 31 0.026908707 
317 393 13 20 0.026546739 
368 389 13 20 0.025959045 
183 449 27 30 0.025892105 
14 380 12 16 0.025853781 
28 357 13 17 0.025407394 
37 354 11 14 0.025338741 
897 390 11 17 0.025309807 
175 392 14 17 0.025276087 
541 357 10 13 0.024904218 
924 400 12 16 0.0248723 
516 387 13 15 0.024826484 
461 400 12 15 0.024752952 
294 399 19 20 0.024747968 
279 358 8 11 0.024454877 
885 431 8 11 0.024115968 
414 327 8 10 0.024069365 
413 379 13 17 0.023783972 
150 371 14 16 0.023725452 
243 377 14 17 0.023683447 
461 328 9 11 0.02357357 
375 321 8 10 0.023560299 
257 358 8 11 0.023500238 
569 416 10 12 0.023278967 
397 433 29 35 0.023058781 
11 385 14 18 0.023029592 
541 351 9 11 0.0228416 
320 376 10 13 0.02272878 
423 386 11 16 0.022371147 
858 422 8 11 0.02229766 
200 376 20 25 0.02222271 
780 417 12 16 0.022217268 
519 382 12 15 0.022020657 
330 386 13 16 0.021955635 
463 380 11 15 0.021638343 
327 375 9 12 0.021516899 
15 357 10 15 0.021341054 
157 346 13 18 0.021298343 
187 404 16 19 0.02124762 
15 373 11 15 0.021168327 
301 374 10 11 0.021089485 
384 326 9 10 0.021077147 
219 372 12 16 0.020911915 
351 379 13 16 0.020858726 
718 294 9 10 0.0206667 
879 400 9 11 0.020599307 
365 368 9 11 0.020434752 
476 384 13 18 0.020402577 
106 394 15 17 0.020381592 
176 426 27 28 0.020256659 
332 334 8 11 0.020253992 
476 395 13 18 0.02020153 
599 185 23 28 0.020104494 
