17_Ceremony_Ceremony_17_234
20
257 52 71 88 0.99909544 
558 91 73 93 0.99845004 
104 384 79 88 0.99630404 
871 457 64 96 0.9961599 
75 283 10 14 0.35170364 
40 292 11 14 0.103192404 
699 297 211 262 0.07079089 
27 262 16 19 0.046769254 
593 183 378 412 0.045460798 
164 287 10 12 0.038721252 
101 325 9 11 0.036697593 
104 285 10 14 0.03374912 
829 423 82 117 0.030338598 
853 376 64 95 0.028802162 
758 312 124 169 0.02649133 
0 251 10 15 0.024574025 
134 288 13 17 0.02281405 
34 266 14 17 0.02275498 
104 264 13 17 0.022551952 
3 302 12 16 0.020401487 
