17_Ceremony_Ceremony_17_852
55
460 241 35 39 0.99890375 
506 213 29 48 0.99606305 
406 244 29 43 0.99507385 
850 236 30 46 0.994728 
13 430 12 14 0.35808653 
486 478 36 53 0.33925322 
495 486 43 56 0.24073881 
30 430 9 13 0.22938535 
-2 601 48 68 0.16104715 
14 414 8 10 0.15831658 
400 618 87 113 0.14055514 
24 430 10 12 0.13352472 
175 554 37 47 0.12713034 
504 512 46 56 0.12248944 
23 444 9 14 0.11467547 
295 1103 9 11 0.09763128 
947 524 35 57 0.08821808 
24 436 10 14 0.07502267 
31 443 10 14 0.071476266 
37 443 9 13 0.046945788 
486 105 13 16 0.043711916 
97 561 39 45 0.04224078 
1 422 7 12 0.040687293 
75 594 52 64 0.040390495 
24 422 8 10 0.04025152 
12 422 12 13 0.039831426 
334 552 58 67 0.038661037 
444 540 47 66 0.03845184 
595 541 41 58 0.038079187 
232 1110 9 12 0.037882328 
923 522 39 59 0.03484376 
8 423 10 12 0.03350767 
172 565 52 73 0.032854002 
159 569 82 109 0.032073546 
0 429 9 13 0.031990215 
525 521 57 55 0.03126398 
15 441 13 15 0.030936666 
313 1111 8 9 0.029848982 
236 587 70 72 0.029304363 
484 79 10 12 0.029180339 
479 485 11 17 0.02917164 
238 1108 9 11 0.029030386 
206 584 59 80 0.028435022 
21 416 9 11 0.025339836 
153 584 52 80 0.023874024 
720 557 87 100 0.02375804 
192 563 32 44 0.023157185 
472 109 9 11 0.021832528 
32 425 8 11 0.021786487 
35 430 9 12 0.021583596 
16 667 71 78 0.021309169 
104 596 43 67 0.020710705 
836 455 26 44 0.020557648 
883 550 47 63 0.020229753 
245 1160 30 33 0.020138359 
