17_Ceremony_Ceremony_17_46
21
266 143 17 26 0.9742828 
108 121 20 25 0.86296445 
66 134 15 20 0.8157106 
226 373 8 11 0.10133931 
748 244 9 11 0.095810056 
702 167 9 12 0.085594185 
763 268 12 16 0.05751648 
125 255 10 11 0.050052553 
433 140 11 13 0.049640894 
108 197 12 16 0.040646467 
148 414 10 13 0.03791002 
889 361 8 10 0.03400721 
229 370 8 10 0.03312259 
353 277 12 15 0.02828307 
14 -51 355 454 0.02649865 
777 255 7 10 0.02417121 
815 304 8 10 0.02259119 
606 244 378 511 0.02145917 
733 151 10 12 0.02144496 
893 366 10 12 0.020903815 
728 151 11 13 0.020869551 
