17_Ceremony_Ceremony_17_803
75
323 29 95 125 0.99871993 
647 84 89 121 0.9983139 
942 174 25 31 0.99495924 
598 124 14 18 0.993786 
574 139 14 19 0.99062496 
93 141 24 29 0.99039906 
491 130 14 18 0.9872503 
626 109 13 17 0.9715227 
527 116 13 16 0.96996975 
557 130 12 17 0.96445423 
124 125 17 21 0.9643111 
172 142 19 24 0.9608804 
630 151 21 26 0.95187116 
505 116 12 16 0.9504011 
605 144 19 25 0.9473281 
440 115 15 19 0.93760747 
150 124 14 18 0.92541444 
568 117 13 16 0.8787208 
211 127 11 14 0.82582426 
480 119 13 17 0.8059296 
419 115 12 16 0.74447924 
1 51 98 284 0.7303418 
163 106 12 15 0.5996482 
87 110 15 21 0.5953737 
115 143 13 20 0.57995415 
539 152 19 28 0.568471 
160 70 8 11 0.5249623 
195 129 13 19 0.4852744 
223 116 10 14 0.40381092 
205 109 9 12 0.26620352 
240 125 13 18 0.22768296 
159 251 55 103 0.18970998 
475 157 13 18 0.10953 
462 125 13 16 0.10860109 
244 112 9 11 0.07565665 
44 34 59 89 0.071258895 
229 109 10 13 0.070064306 
582 123 12 15 0.068965174 
141 133 11 15 0.06335222 
636 129 15 17 0.056055788 
243 119 23 30 0.054568995 
218 118 11 12 0.05158297 
535 148 14 20 0.04655401 
458 164 12 17 0.046204213 
91 0 31 32 0.041445468 
543 118 11 14 0.039652973 
240 117 12 16 0.039095204 
204 114 12 14 0.036314353 
215 95 10 12 0.034654554 
76 106 24 32 0.034152184 
199 117 11 13 0.033759397 
144 124 14 17 0.032094173 
457 124 11 15 0.03200535 
6 360 44 55 0.0316507 
164 254 86 150 0.030401127 
27 379 28 42 0.02984392 
108 143 15 23 0.029391732 
847 4 127 101 0.028776774 
231 106 8 10 0.028717516 
620 146 13 19 0.027837366 
109 123 12 15 0.02555107 
469 118 11 14 0.02526143 
453 117 11 16 0.025228191 
158 148 11 16 0.023603491 
165 113 13 16 0.022705471 
569 139 12 17 0.02218122 
432 108 10 15 0.021906499 
896 70 16 18 0.02189557 
522 117 11 14 0.021818632 
579 131 13 17 0.021770425 
560 117 12 14 0.021593712 
156 116 12 16 0.02139034 
132 117 12 13 0.020410199 
613 117 11 13 0.020349389 
216 111 10 12 0.020289276 
