17_Ceremony_Ceremony_17_944
183
471 428 12 15 0.9655353 
812 457 12 17 0.9456594 
839 457 13 16 0.91032547 
516 426 11 14 0.902707 
197 468 11 15 0.8078872 
708 540 22 27 0.7978896 
0 524 17 29 0.7141195 
233 461 11 14 0.7130758 
757 452 10 15 0.71136403 
152 468 9 13 0.69655 
278 476 9 15 0.65022355 
636 450 11 14 0.6142749 
954 549 22 41 0.60240775 
10 543 16 21 0.4801264 
172 470 11 14 0.4514667 
341 526 16 20 0.43722528 
541 427 10 13 0.32095453 
872 594 37 56 0.2518235 
97 537 17 23 0.2474579 
159 539 12 18 0.2435415 
614 491 9 15 0.24016213 
489 431 10 13 0.23770377 
713 459 13 15 0.2272784 
884 575 30 33 0.21867266 
212 507 10 14 0.2110747 
277 533 11 17 0.17231128 
124 571 21 29 0.16256705 
692 460 13 17 0.14738445 
230 518 10 14 0.14072664 
731 519 18 20 0.13823546 
262 470 10 13 0.13306125 
702 460 10 16 0.12839514 
888 634 48 39 0.12838337 
244 475 10 12 0.121439934 
145 469 9 11 0.121368036 
315 555 17 19 0.11927907 
262 475 11 15 0.11784328 
145 464 9 10 0.11757594 
162 532 12 16 0.11546216 
493 433 10 14 0.10795527 
267 490 16 18 0.09551471 
593 493 10 13 0.08700719 
263 512 10 13 0.08526429 
865 601 28 42 0.084761254 
14 532 14 20 0.08472986 
88 541 23 28 0.08287596 
290 528 15 20 0.080262356 
309 513 16 18 0.07998297 
207 485 9 11 0.07696946 
556 470 9 11 0.07540308 
761 453 12 15 0.07238596 
317 482 14 15 0.072305806 
174 482 9 13 0.071309984 
130 505 12 16 0.070599005 
4 508 13 17 0.07049405 
271 482 14 21 0.06884362 
872 575 24 32 0.06840949 
171 522 11 15 0.066328645 
878 609 45 55 0.06430998 
631 551 10 14 0.0640226 
208 536 12 20 0.06237992 
282 537 16 19 0.05870285 
827 526 14 23 0.057295363 
538 422 10 14 0.05653321 
193 456 9 10 0.055609863 
225 475 10 12 0.054410476 
530 413 9 11 0.05261186 
573 517 12 16 0.052529197 
190 525 13 14 0.052074976 
503 421 9 12 0.051834527 
205 469 10 13 0.04985636 
166 518 12 17 0.0478243 
709 465 14 16 0.047497038 
446 413 10 11 0.046937637 
447 463 9 11 0.04515205 
574 509 11 13 0.043545667 
238 466 9 14 0.042639416 
526 406 9 11 0.041918766 
501 346 9 12 0.040609345 
448 432 8 10 0.04018706 
610 477 9 13 0.039363265 
62 538 16 24 0.038399585 
440 449 9 11 0.03798222 
139 471 8 10 0.0375611 
577 463 8 10 0.037499677 
671 480 13 19 0.03744129 
157 592 11 13 0.03706864 
554 429 9 13 0.036913313 
438 468 10 12 0.03680071 
445 398 8 10 0.03649213 
225 516 11 14 0.03626778 
164 492 12 15 0.03612178 
215 471 9 12 0.036040597 
687 465 15 18 0.035967097 
262 482 14 19 0.035597626 
9 547 24 31 0.035033282 
160 491 10 15 0.034773163 
493 390 11 13 0.03422541 
264 465 9 11 0.034165528 
315 572 14 16 0.03414667 
505 414 9 11 0.0338917 
208 479 9 11 0.033729248 
292 509 11 12 0.033642437 
742 477 10 13 0.033638485 
406 455 9 10 0.03285953 
699 536 19 25 0.032638304 
18 536 22 24 0.031669967 
469 550 9 11 0.031528033 
271 471 9 12 0.031488344 
108 530 13 17 0.031363945 
243 547 14 21 0.031195018 
583 502 10 11 0.031087939 
609 501 8 12 0.030991752 
105 538 16 21 0.030729432 
684 497 11 17 0.030724755 
636 585 12 16 0.030526537 
288 504 10 12 0.030238641 
651 541 22 29 0.029894935 
136 553 22 33 0.02932752 
157 464 8 12 0.029263237 
875 520 13 22 0.029094718 
159 525 14 16 0.029010942 
642 452 12 15 0.028437061 
314 509 15 17 0.028270865 
160 475 9 11 0.028266551 
574 445 9 11 0.028067797 
176 508 11 13 0.027751282 
392 496 9 12 0.027483713 
276 541 16 20 0.027382685 
636 555 10 14 0.027049217 
294 504 9 11 0.026859012 
655 449 11 16 0.0264929 
624 549 12 14 0.026333373 
687 481 11 16 0.026318694 
864 579 25 39 0.025908248 
308 470 9 10 0.025665317 
197 457 9 10 0.025663458 
495 412 8 12 0.025606489 
223 460 11 14 0.025584102 
326 506 9 16 0.025554905 
220 510 12 14 0.025550976 
502 329 8 10 0.025242226 
454 436 8 11 0.02508428 
525 401 8 11 0.02499609 
575 471 9 11 0.024984881 
685 548 12 19 0.024900464 
270 463 9 11 0.024781452 
25 531 17 18 0.024310233 
167 485 10 14 0.023552155 
735 477 11 13 0.023542807 
159 518 13 15 0.023406666 
274 499 12 15 0.023369437 
799 513 11 16 0.023278868 
493 404 10 14 0.022844212 
265 498 13 16 0.022751987 
258 470 9 12 0.022706855 
415 194 230 344 0.022572603 
151 540 15 18 0.022498952 
292 516 16 22 0.022451915 
352 537 12 16 0.022309948 
174 501 10 13 0.022241356 
92 516 12 14 0.022208996 
254 508 13 15 0.02197387 
182 470 9 11 0.021939838 
433 468 10 12 0.02148155 
268 505 12 14 0.021416638 
553 421 9 12 0.021398868 
189 537 14 17 0.02125797 
857 589 26 42 0.02117798 
448 421 9 12 0.021067802 
1004 547 18 36 0.020995963 
168 475 11 14 0.020890165 
477 445 11 16 0.020812932 
250 501 13 15 0.020681983 
556 437 8 11 0.020630721 
237 552 16 20 0.02044544 
452 462 9 12 0.020344457 
578 432 7 10 0.020263033 
218 462 9 12 0.020256469 
216 539 15 20 0.020143814 
511 413 9 12 0.020058176 
125 601 45 50 0.020009326 
470 448 11 14 0.020000096 
