17_Ceremony_Ceremony_17_1005
26
319 234 204 281 0.9997898 
862 185 53 69 0.9994246 
785 181 54 70 0.99895465 
962 182 57 69 0.9984493 
675 191 52 62 0.9978908 
546 145 54 66 0.99750024 
831 116 48 62 0.9906115 
878 485 60 64 0.5791396 
913 1684 31 40 0.3901672 
929 200 39 63 0.11342634 
467 556 410 534 0.075816534 
843 184 46 67 0.055008646 
136 598 467 478 0.053561825 
-1 243 35 71 0.052274592 
47 817 307 285 0.045238666 
501 745 127 182 0.04349629 
972 1158 12 16 0.033959404 
902 1701 11 15 0.025920948 
644 1074 13 17 0.025683112 
646 1147 13 17 0.02524036 
910 490 57 65 0.024715893 
376 1577 12 15 0.023172839 
736 1068 13 14 0.022897841 
0 246 176 261 0.021212535 
758 122 44 56 0.021084925 
64 921 48 59 0.021054585 
