17_Ceremony_Ceremony_17_253
608
102 382 9 13 0.8256474 
175 439 10 12 0.79310864 
190 423 10 13 0.7889393 
127 368 9 12 0.59453094 
75 411 10 14 0.57799524 
904 360 9 11 0.56633574 
743 381 10 13 0.5609405 
771 356 10 13 0.5550681 
280 344 9 11 0.5364114 
638 680 10 12 0.49547872 
73 384 9 11 0.4732998 
26 747 12 16 0.4298439 
54 397 10 12 0.3970743 
340 337 9 11 0.38333762 
91 451 11 15 0.3805345 
313 344 8 10 0.38050145 
199 367 8 11 0.37913612 
181 374 9 11 0.37687054 
785 342 8 11 0.3535347 
883 699 13 16 0.34878913 
786 423 9 13 0.33787543 
15 716 12 14 0.33008704 
801 357 9 11 0.31994307 
192 397 9 13 0.3175794 
123 475 11 16 0.288968 
97 404 9 12 0.28766719 
848 708 10 14 0.28407258 
777 384 9 12 0.2795803 
861 368 9 11 0.27485365 
52 423 11 14 0.27027163 
148 420 10 12 0.25391054 
217 432 9 12 0.25083092 
800 667 10 13 0.23752141 
937 365 10 12 0.23366481 
759 302 8 10 0.22028287 
365 440 10 12 0.21757366 
806 389 9 12 0.21498194 
919 755 14 14 0.20355746 
263 347 10 13 0.20176485 
255 387 8 11 0.19767016 
220 390 9 11 0.19211616 
5 586 15 18 0.18932413 
706 348 9 11 0.18897158 
815 343 8 11 0.17630208 
678 349 9 10 0.1742494 
285 344 8 11 0.1708043 
763 746 14 16 0.1691981 
231 364 8 11 0.16736394 
920 380 9 13 0.16675025 
156 382 9 12 0.161032 
878 357 10 13 0.15402809 
881 431 10 13 0.14960706 
913 656 9 11 0.14667928 
613 312 8 10 0.14406908 
356 456 10 12 0.14364602 
60 712 14 18 0.14236693 
460 751 12 15 0.14130743 
463 689 12 16 0.13893849 
744 691 12 14 0.1340996 
861 325 8 10 0.13236253 
495 716 11 16 0.1317825 
809 381 9 12 0.1312777 
429 323 10 12 0.13090266 
646 345 10 12 0.12961422 
962 750 14 15 0.12890793 
14 723 15 17 0.12877458 
921 684 12 15 0.12321629 
237 414 9 11 0.11972035 
438 701 9 12 0.119574465 
372 741 13 15 0.118999735 
461 717 10 13 0.11796064 
304 474 9 12 0.11611332 
448 707 9 11 0.11506796 
318 460 9 11 0.11170891 
679 671 9 12 0.11029804 
180 411 10 13 0.11017428 
338 377 8 10 0.10834405 
361 317 9 13 0.10647092 
764 437 10 13 0.10622164 
702 309 8 10 0.101959966 
257 468 9 12 0.10118516 
626 669 8 11 0.10105177 
366 359 10 13 0.09928522 
604 683 11 14 0.09889877 
239 358 11 13 0.09822507 
732 709 11 14 0.098063335 
77 386 9 13 0.09703878 
317 343 9 10 0.095901765 
845 347 9 12 0.09511782 
551 748 10 14 0.09487615 
150 709 10 12 0.09423643 
262 400 9 11 0.09409328 
136 427 11 13 0.09314803 
893 375 9 12 0.09035528 
672 672 9 11 0.089810796 
287 393 8 10 0.08946047 
641 312 9 12 0.08827187 
365 317 13 17 0.087898225 
577 691 12 15 0.08550665 
278 749 11 12 0.08521335 
823 308 7 10 0.08513562 
712 664 9 11 0.08506909 
816 722 12 16 0.08460799 
229 391 9 11 0.08432434 
6 702 11 15 0.08412353 
118 428 11 14 0.081894495 
690 334 8 11 0.08118944 
773 718 11 13 0.08019855 
120 400 8 10 0.07938035 
479 702 9 11 0.07880802 
65 741 16 20 0.07667766 
733 307 9 12 0.07622658 
812 378 9 11 0.07616314 
815 680 11 13 0.075881 
550 672 9 11 0.07585447 
706 417 7 9 0.07530896 
783 375 9 12 0.07482247 
557 696 11 13 0.072433196 
808 342 8 10 0.071974926 
255 463 9 10 0.069639154 
459 722 12 16 0.06841984 
760 343 9 11 0.06841122 
850 309 8 11 0.06831515 
270 717 12 15 0.06831093 
870 405 8 9 0.0673303 
745 672 8 10 0.06709736 
311 384 8 10 0.06643882 
270 375 8 11 0.064868145 
917 375 10 14 0.06471574 
335 471 8 12 0.063793525 
758 674 10 14 0.063504055 
134 467 13 15 0.06324226 
177 407 10 13 0.06303038 
122 404 8 11 0.062136386 
566 736 9 12 0.06210954 
125 502 14 17 0.062090352 
568 334 8 11 0.061033603 
288 472 9 12 0.06087893 
340 448 11 13 0.060637046 
537 336 9 11 0.060299158 
733 349 8 11 0.059903 
222 422 9 12 0.059708565 
832 360 8 10 0.05936328 
247 381 8 12 0.059189063 
886 437 8 11 0.057768274 
268 487 11 14 0.0575964 
72 469 12 18 0.057585537 
216 460 12 15 0.057462152 
269 350 9 12 0.05737794 
884 755 14 13 0.05713661 
210 439 9 11 0.056707963 
852 670 12 15 0.05565399 
279 454 8 10 0.05537361 
874 659 9 12 0.05488807 
826 361 8 10 0.0548251 
263 327 10 13 0.054694783 
303 408 8 10 0.05461731 
195 752 14 13 0.054590542 
43 721 11 17 0.054305397 
401 710 10 13 0.05422098 
868 459 9 12 0.054186244 
305 424 8 9 0.05395949 
662 331 9 12 0.053826664 
702 304 8 10 0.053572726 
144 357 8 12 0.05326723 
837 389 9 11 0.05245097 
801 340 9 11 0.052391153 
85 381 11 15 0.052094873 
745 320 8 10 0.051610682 
135 371 8 12 0.05148321 
703 707 11 12 0.051318597 
223 395 9 12 0.05124128 
242 380 9 11 0.051150173 
478 755 13 12 0.050939117 
142 373 8 10 0.050888915 
734 402 9 14 0.050043307 
237 409 9 11 0.049444024 
809 677 9 12 0.049343117 
734 345 8 9 0.049340833 
270 382 8 9 0.049181473 
311 366 8 12 0.048843734 
144 726 9 11 0.04871945 
774 336 8 10 0.04870383 
471 740 10 12 0.048686247 
435 727 13 15 0.048438236 
586 709 13 16 0.048190657 
973 131 14 17 0.04809554 
306 416 7 9 0.04808109 
167 392 9 10 0.048078537 
216 372 9 12 0.047813535 
106 446 12 16 0.04780711 
724 750 12 13 0.047700457 
752 672 7 10 0.04768088 
844 734 11 13 0.04761516 
816 710 11 14 0.04739078 
494 675 10 11 0.046997275 
112 488 10 12 0.046695467 
711 328 7 10 0.04631384 
205 398 9 12 0.046134986 
888 669 9 10 0.045772463 
819 717 13 17 0.045397 
833 425 9 11 0.045119762 
705 670 8 9 0.044771448 
208 562 11 14 0.044759765 
741 749 13 15 0.044678878 
270 404 8 11 0.044519614 
8 712 13 17 0.044357095 
281 486 9 11 0.044339377 
229 396 8 11 0.044060525 
132 413 10 11 0.043779626 
602 336 8 10 0.04371919 
652 731 14 18 0.043475244 
273 449 8 9 0.04301594 
112 375 8 11 0.042987518 
630 332 8 11 0.042877574 
719 670 8 11 0.0427571 
468 308 14 18 0.042746387 
823 325 8 11 0.042658824 
615 349 10 13 0.042548414 
601 679 10 13 0.042424485 
927 719 10 13 0.0423209 
107 379 10 13 0.041819703 
71 167 8 10 0.041475996 
579 349 8 11 0.041453008 
894 408 8 10 0.041389942 
215 478 10 13 0.041388046 
216 455 10 14 0.04116702 
721 337 8 10 0.041045427 
62 391 9 11 0.040871795 
478 694 8 12 0.040565077 
781 688 9 11 0.040282685 
256 424 8 11 0.03965095 
152 376 9 11 0.03936457 
0 559 16 19 0.039220907 
864 352 8 10 0.03921684 
169 407 9 12 0.038998295 
112 367 8 10 0.038808767 
351 349 7 10 0.038525905 
430 687 8 11 0.038514137 
747 335 7 10 0.038383406 
733 727 9 13 0.038177993 
156 454 11 14 0.037989672 
360 422 7 10 0.037949532 
488 717 11 16 0.037848487 
231 525 8 10 0.03777195 
215 366 10 12 0.03764317 
806 353 8 10 0.03762232 
932 725 11 14 0.03755803 
256 599 10 12 0.037545193 
680 375 8 11 0.037188463 
295 431 8 10 0.036975957 
781 734 11 12 0.036499564 
118 422 11 13 0.03617007 
254 456 8 11 0.03612558 
778 440 8 11 0.036013804 
841 344 9 11 0.035893474 
1004 756 12 11 0.03587081 
456 729 11 14 0.035793323 
326 337 9 10 0.03577592 
705 327 8 10 0.03576025 
566 741 11 14 0.03574964 
449 749 10 12 0.03563995 
708 723 11 13 0.035514805 
655 376 8 10 0.035296407 
565 715 11 14 0.035257567 
126 431 9 11 0.03508132 
101 506 14 17 0.035056666 
79 697 12 17 0.035025228 
280 422 9 10 0.035004992 
822 448 8 11 0.034961566 
404 713 12 15 0.03493752 
262 535 9 10 0.034894414 
245 414 8 10 0.03488474 
833 344 8 10 0.03486882 
208 405 8 11 0.03483662 
728 369 8 10 0.034708783 
224 509 8 10 0.034673974 
951 741 11 12 0.034509715 
849 674 11 15 0.03406846 
709 693 10 12 0.034001213 
327 462 8 10 0.033862736 
822 345 8 9 0.03374182 
159 422 9 11 0.033708204 
765 733 11 14 0.033674147 
672 311 10 13 0.033611003 
311 424 7 9 0.0335478 
331 734 13 16 0.033378813 
256 499 10 13 0.033331312 
264 381 8 11 0.033311155 
290 437 8 10 0.03330186 
187 398 9 12 0.03320708 
800 321 8 10 0.033199154 
689 725 10 14 0.03313576 
278 374 9 12 0.033063736 
637 751 11 14 0.03303268 
326 701 9 11 0.032946203 
312 486 9 12 0.032842364 
341 424 8 10 0.032782573 
833 661 9 12 0.032668635 
108 507 14 18 0.03258489 
738 382 8 12 0.032415036 
120 455 9 12 0.032353304 
118 504 13 19 0.03215701 
733 663 10 10 0.032134596 
367 350 9 11 0.03188774 
750 351 8 11 0.03166877 
479 707 10 12 0.031565025 
707 702 12 14 0.031521637 
871 389 8 10 0.031454217 
894 414 9 11 0.03144287 
789 374 9 12 0.031434406 
698 310 8 11 0.03139481 
274 454 7 10 0.031183667 
286 495 9 12 0.031102808 
226 359 8 10 0.031056743 
278 449 8 10 0.031050142 
309 477 9 11 0.03103878 
297 367 8 10 0.030998837 
250 456 8 11 0.030838778 
370 322 13 17 0.030838324 
377 680 8 11 0.030823518 
423 727 8 11 0.030810593 
87 373 10 14 0.030768195 
935 731 10 12 0.030742774 
837 425 9 10 0.030730462 
749 410 12 13 0.030704938 
658 383 7 10 0.030521011 
777 693 10 12 0.030519642 
772 738 14 17 0.030500066 
470 748 13 14 0.030451752 
233 520 9 12 0.030407593 
561 672 8 10 0.030358994 
915 658 11 13 0.030319132 
433 699 11 13 0.030253468 
266 375 8 11 0.030237261 
728 704 11 14 0.030195998 
495 740 13 18 0.030187633 
866 400 9 12 0.029998288 
60 396 9 13 0.029983817 
1001 653 10 12 0.029962413 
344 718 9 12 0.02980195 
361 414 9 10 0.02977075 
379 710 11 13 0.029718164 
392 692 10 13 0.02971192 
77 452 11 14 0.029669173 
716 664 10 11 0.029550238 
749 715 12 14 0.029503308 
745 664 8 10 0.029495496 
220 478 11 14 0.029466785 
837 662 9 12 0.029462518 
382 456 9 11 0.02943615 
745 343 8 10 0.029374817 
744 327 8 10 0.02931757 
721 358 7 9 0.029242804 
791 304 7 9 0.029157294 
801 420 8 11 0.029095648 
53 430 12 16 0.029051656 
125 452 9 12 0.028949002 
431 755 11 11 0.028771512 
31 444 12 14 0.02861947 
430 694 11 13 0.028616283 
690 414 7 11 0.028581863 
722 709 9 12 0.028569683 
877 423 13 16 0.028560063 
903 654 9 12 0.028505795 
319 424 7 9 0.028505025 
804 691 13 15 0.028474394 
199 351 9 10 0.028322944 
143 436 9 12 0.028284986 
600 688 12 15 0.028280182 
255 429 9 11 0.028252486 
729 343 7 9 0.028191796 
565 677 8 11 0.028021121 
706 665 8 10 0.027978959 
934 423 8 11 0.027971655 
871 385 8 10 0.027965311 
766 302 8 11 0.02776169 
952 655 11 13 0.027707461 
745 349 9 11 0.027702112 
853 421 10 12 0.027679889 
270 356 9 11 0.02758688 
825 400 8 11 0.027578447 
776 732 11 14 0.027491681 
553 699 11 15 0.027479151 
837 384 8 11 0.027457954 
802 699 13 15 0.027423354 
886 319 9 12 0.02731993 
295 349 7 10 0.027270101 
727 732 12 14 0.027205085 
125 401 8 11 0.027204184 
477 722 13 16 0.02719589 
413 679 9 10 0.02716735 
645 311 9 12 0.027110398 
254 445 10 12 0.027003651 
367 734 11 16 0.02693261 
704 688 8 10 0.026881875 
798 694 12 14 0.026856216 
957 677 10 13 0.02682722 
262 464 8 11 0.02680175 
379 741 11 15 0.026786035 
785 337 9 11 0.026648486 
775 309 8 9 0.026550619 
289 433 8 9 0.026495522 
259 748 14 14 0.026493248 
720 677 8 10 0.026415983 
246 350 9 13 0.026390709 
329 431 8 10 0.026344607 
845 430 9 11 0.026295196 
335 406 8 10 0.02620113 
934 709 11 13 0.026129942 
222 374 8 11 0.026118347 
492 343 9 12 0.026064547 
832 311 7 10 0.026040155 
780 716 10 13 0.026009202 
198 402 10 13 0.025965171 
485 750 10 12 0.025961386 
469 303 11 13 0.02593414 
475 742 10 12 0.02587424 
295 534 9 11 0.025786204 
479 311 12 16 0.02576811 
818 324 8 11 0.025733933 
728 318 7 10 0.025727445 
631 750 12 14 0.025724085 
743 677 8 10 0.0257047 
546 677 10 13 0.025676291 
567 328 9 10 0.025624283 
831 751 10 12 0.02557431 
259 555 12 15 0.025559293 
255 439 11 13 0.025531357 
871 681 9 15 0.025483798 
711 679 8 10 0.025402896 
935 704 8 12 0.025353514 
840 428 8 11 0.025340036 
207 415 8 12 0.025313929 
336 429 8 10 0.025265021 
305 351 8 10 0.025223425 
814 756 13 12 0.025216945 
981 729 9 11 0.025206389 
421 735 10 11 0.0251705 
288 463 9 11 0.025138684 
100 401 10 12 0.025085602 
735 368 8 10 0.025084002 
606 739 11 14 0.025081195 
352 327 8 11 0.025055695 
931 716 13 15 0.02503916 
215 541 11 13 0.025026532 
325 341 8 10 0.024988279 
115 492 10 12 0.024965622 
806 337 8 10 0.024921266 
260 429 10 12 0.024878532 
246 364 9 12 0.024855375 
283 751 12 14 0.024809692 
631 384 8 9 0.024785474 
776 340 8 10 0.024770245 
391 380 10 12 0.024763055 
368 477 10 12 0.024731437 
151 446 11 13 0.024713753 
656 692 9 13 0.024576826 
261 439 9 11 0.02455425 
366 329 12 16 0.02454699 
784 670 10 13 0.024538629 
828 723 11 16 0.024521913 
217 423 10 12 0.024491217 
569 319 8 9 0.024465954 
808 423 7 9 0.024446901 
226 526 8 11 0.024429938 
951 747 12 14 0.02432081 
753 675 9 12 0.024277486 
304 430 8 10 0.024227662 
368 421 9 11 0.02412486 
908 362 9 13 0.024119746 
872 427 11 15 0.024105983 
216 467 11 14 0.024044741 
360 696 10 11 0.024039263 
37 748 12 15 0.024019834 
911 749 12 14 0.023911167 
837 366 8 11 0.023831422 
225 365 8 11 0.023775646 
769 724 10 12 0.023775471 
306 718 8 10 0.023759196 
813 740 14 16 0.023742639 
116 710 10 12 0.023741052 
807 683 12 15 0.023738516 
337 424 8 10 0.023611594 
342 734 12 15 0.02360325 
771 336 7 10 0.023546787 
567 383 8 10 0.023465216 
352 726 9 11 0.023452757 
893 709 10 14 0.023421625 
832 319 7 10 0.023419853 
437 756 11 11 0.023382282 
303 366 8 12 0.02326078 
183 492 12 16 0.023227239 
219 435 10 13 0.02321209 
236 522 10 13 0.023155104 
288 456 7 9 0.02309943 
759 365 8 10 0.023080047 
248 422 8 11 0.023061177 
298 407 8 10 0.023025334 
816 662 10 12 0.023021698 
631 702 9 11 0.023012497 
320 367 8 11 0.023004694 
783 369 8 10 0.023002047 
651 746 16 18 0.022987327 
789 336 8 10 0.022886962 
864 309 9 12 0.022788692 
318 348 8 10 0.02278509 
832 657 9 11 0.022782564 
119 415 10 13 0.022745946 
643 678 9 12 0.02273892 
249 445 9 12 0.022683825 
704 678 8 10 0.022647249 
743 406 13 14 0.022628801 
161 360 8 9 0.022626722 
366 405 11 12 0.022569032 
484 721 11 16 0.022531595 
234 407 8 11 0.02247394 
596 671 11 13 0.02246121 
83 475 12 16 0.022445422 
830 325 8 11 0.02228731 
990 674 13 21 0.022269364 
320 496 8 9 0.022267874 
895 325 8 10 0.02226608 
839 375 7 9 0.022198027 
278 382 8 9 0.022178762 
775 320 8 11 0.022134228 
469 755 14 13 0.022124808 
703 724 11 13 0.02207523 
719 754 12 12 0.02204361 
816 416 9 11 0.021968279 
905 392 10 12 0.021928323 
72 460 11 16 0.021912795 
580 697 13 16 0.021825107 
825 349 7 10 0.02182081 
848 413 9 11 0.021809904 
895 441 7 9 0.021791074 
330 470 8 12 0.021701943 
173 462 10 14 0.021649463 
840 727 10 13 0.02159286 
720 368 8 10 0.021578263 
686 731 11 15 0.021573061 
94 367 9 11 0.021562325 
150 438 10 11 0.021541178 
128 447 10 13 0.021527791 
404 403 11 13 0.021367945 
822 669 9 11 0.021365657 
892 701 11 15 0.021336393 
687 368 8 10 0.021334914 
905 88 8 9 0.021329759 
815 703 11 13 0.021326678 
133 408 10 11 0.021320913 
839 400 8 12 0.021315947 
776 701 11 13 0.0212793 
809 724 11 16 0.021270102 
832 350 8 10 0.021262867 
728 382 8 11 0.021236984 
880 751 13 14 0.021197818 
697 686 8 11 0.021160562 
684 695 10 12 0.021127556 
888 678 12 14 0.02109762 
681 381 8 10 0.021086032 
262 423 9 10 0.021068675 
593 669 10 13 0.021049267 
662 692 9 12 0.020993073 
737 677 7 10 0.020984737 
820 757 12 11 0.020885201 
748 376 11 14 0.020883454 
280 417 8 10 0.020822965 
280 527 8 9 0.02080657 
774 710 12 15 0.020796318 
341 428 8 11 0.02077015 
903 383 9 10 0.02076979 
575 335 7 11 0.020754125 
816 669 10 13 0.020736562 
93 373 10 13 0.020713815 
799 436 9 11 0.020657873 
161 389 8 11 0.020650402 
478 688 8 11 0.020623913 
383 399 8 11 0.02061665 
465 313 12 17 0.02060968 
78 446 11 14 0.020607017 
766 341 9 11 0.020584902 
272 343 9 13 0.020576986 
13 741 11 13 0.020575425 
686 382 8 10 0.02055711 
726 337 7 9 0.020523954 
782 727 9 12 0.020509237 
686 375 8 10 0.020479413 
880 390 8 10 0.020451687 
375 343 9 11 0.020440541 
162 366 8 10 0.020426303 
984 732 8 11 0.020405201 
344 724 10 12 0.020371532 
271 518 9 11 0.020357419 
465 742 10 12 0.02032188 
216 352 8 9 0.02025592 
559 747 11 15 0.020252382 
367 471 9 11 0.020206438 
360 406 10 11 0.020199398 
454 709 9 11 0.020186534 
335 464 8 10 0.020101918 
576 341 8 10 0.020068524 
149 357 9 11 0.020067587 
884 682 13 16 0.020045955 
360 322 11 15 0.020033259 
818 728 14 16 0.020032585 
196 391 11 14 0.020015858 
558 312 9 11 0.0200139 
