17_Ceremony_Ceremony_17_592
116
301 285 15 17 0.9854232 
58 308 17 22 0.98458374 
4 371 17 21 0.98221546 
510 288 13 17 0.895385 
160 250 33 40 0.8533922 
788 339 13 15 0.80920255 
593 321 11 14 0.61654913 
689 199 29 46 0.55986047 
552 304 12 14 0.37155187 
594 285 14 17 0.3455477 
196 337 18 19 0.34123573 
697 185 25 44 0.3056458 
339 355 14 16 0.23283772 
706 350 9 12 0.23025282 
402 287 15 19 0.17728464 
267 339 15 20 0.15123163 
374 140 15 21 0.121451184 
544 279 10 13 0.1133313 
712 300 21 28 0.087235235 
277 329 13 19 0.08045827 
550 279 11 13 0.07963507 
421 337 18 20 0.07935934 
452 319 10 12 0.07589822 
356 347 14 16 0.07238871 
555 319 12 13 0.0690814 
645 325 16 21 0.06857036 
637 470 45 34 0.06748145 
532 226 12 15 0.06614267 
176 249 25 36 0.06515864 
553 180 19 25 0.06037953 
285 233 388 490 0.057981733 
651 291 16 19 0.057105873 
528 182 10 13 0.056671057 
605 323 13 15 0.055489622 
279 286 9 12 0.054872267 
588 243 14 17 0.054419067 
537 330 10 12 0.05233666 
269 294 10 11 0.050396606 
221 324 16 18 0.05020977 
206 308 12 17 0.046839222 
340 351 22 25 0.046650834 
250 313 18 23 0.043186203 
752 358 11 15 0.043043617 
556 264 10 12 0.041796766 
723 312 14 21 0.04176737 
715 373 12 15 0.041659277 
476 340 13 13 0.04045921 
766 355 13 15 0.039129876 
426 272 18 19 0.0368246 
772 357 11 15 0.035923377 
553 268 9 11 0.035606075 
68 332 16 19 0.034552895 
30 408 17 22 0.034160897 
612 194 16 21 0.033897728 
600 285 14 16 0.032842293 
213 323 18 21 0.032502692 
757 357 12 14 0.03107357 
0 336 11 22 0.030356532 
543 313 13 16 0.030322121 
274 338 15 24 0.030174682 
577 341 10 15 0.029978836 
614 349 10 12 0.028112756 
369 188 36 53 0.027892906 
501 222 12 16 0.027891695 
543 182 11 15 0.027794296 
398 277 13 18 0.027787492 
478 317 12 13 0.027749544 
437 341 12 17 0.027719546 
343 212 11 13 0.027395679 
419 356 13 15 0.02734919 
748 181 50 47 0.027275752 
389 258 15 18 0.026787853 
726 329 12 17 0.026018359 
377 147 17 22 0.025862068 
349 347 23 27 0.025463078 
429 268 28 27 0.02541642 
462 316 11 14 0.025382487 
707 354 10 13 0.024824252 
364 141 24 33 0.024601026 
452 267 17 17 0.024588991 
221 289 22 28 0.024585823 
731 331 14 17 0.024473742 
449 321 10 14 0.024219092 
424 253 12 15 0.024146672 
783 376 9 12 0.024105316 
451 226 14 17 0.023801459 
352 189 11 12 0.023567803 
192 325 25 28 0.023477696 
282 325 14 19 0.023270765 
327 230 9 12 0.023039883 
721 315 23 28 0.022997418 
75 422 14 18 0.022745447 
574 320 10 15 0.022673802 
580 187 16 20 0.022642737 
483 341 12 13 0.022621302 
423 266 15 19 0.022147382 
594 251 13 15 0.022139702 
518 156 13 17 0.021945264 
786 326 17 19 0.021927087 
462 324 12 14 0.021749577 
726 357 12 15 0.021642134 
335 221 9 13 0.021339854 
355 341 27 28 0.021329643 
453 286 14 15 0.021230306 
723 299 17 25 0.021141855 
533 182 9 12 0.020892454 
432 281 18 18 0.020868942 
597 317 20 24 0.020793686 
480 303 10 10 0.020793598 
194 346 24 28 0.02057212 
462 273 13 15 0.020444144 
603 191 17 24 0.02037433 
207 311 23 28 0.020329997 
555 280 12 15 0.020236814 
462 310 10 11 0.020190937 
335 229 8 12 0.020140586 
