17_Ceremony_Ceremony_17_452
133
308 370 23 29 0.98312634 
934 389 15 24 0.9756233 
220 383 16 24 0.8219945 
306 336 15 18 0.7600231 
412 371 14 19 0.6916238 
979 394 17 22 0.6781302 
729 481 15 19 0.6398315 
828 381 17 23 0.47327018 
986 416 25 30 0.4330622 
974 388 13 18 0.22877094 
426 354 13 16 0.19643466 
464 389 9 11 0.17018725 
679 345 13 18 0.15254097 
629 391 11 12 0.14507763 
377 364 11 16 0.14167187 
711 446 12 16 0.1305825 
901 385 14 19 0.12646341 
725 495 14 21 0.119662486 
444 415 10 13 0.110657364 
784 441 12 18 0.10007158 
444 318 11 12 0.093002684 
579 348 15 18 0.09240081 
482 341 12 15 0.0886661 
499 345 14 17 0.08556728 
419 405 13 16 0.08156547 
731 433 12 16 0.08052695 
559 357 9 12 0.07635547 
457 318 8 11 0.0729122 
793 336 22 25 0.0712061 
683 421 12 14 0.06764498 
725 453 12 16 0.06497116 
701 422 9 11 0.063108414 
722 534 17 18 0.06295899 
703 430 10 14 0.05320926 
716 450 13 18 0.05299476 
907 383 21 25 0.05295709 
753 461 9 13 0.052005436 
929 388 12 20 0.04869214 
391 357 10 14 0.048029345 
406 364 14 18 0.047904573 
197 378 12 18 0.046183035 
671 440 13 20 0.045461386 
532 356 12 15 0.044016022 
435 270 42 44 0.043612458 
503 357 13 15 0.043328725 
486 325 9 10 0.042437665 
657 481 234 274 0.04202585 
0 470 10 15 0.041089527 
362 385 14 20 0.041020684 
925 380 12 18 0.04018687 
190 374 13 16 0.03934436 
461 320 8 12 0.03926019 
68 663 9 11 0.038709804 
224 384 22 29 0.038540408 
306 123 12 15 0.038504504 
419 375 15 18 0.03812425 
56 460 11 14 0.03785802 
65 348 14 16 0.0375984 
757 371 28 34 0.037579313 
681 426 10 13 0.037498802 
213 543 12 15 0.03714289 
16 318 10 13 0.03654854 
640 438 11 14 0.036384605 
697 420 9 11 0.035863124 
322 427 22 28 0.03576684 
981 405 17 23 0.0352218 
790 333 14 20 0.034004875 
154 372 13 16 0.03383119 
443 341 13 18 0.033556152 
193 502 9 11 0.03346456 
616 616 17 19 0.033359896 
77 360 13 16 0.032792855 
221 374 15 20 0.031931195 
543 336 9 11 0.03097497 
707 454 16 19 0.030616796 
627 417 14 15 0.03006079 
672 345 13 17 0.029899333 
416 423 11 14 0.029607905 
104 319 9 11 0.029114552 
393 415 11 14 0.028749429 
1014 330 9 17 0.028644813 
148 459 15 19 0.028529229 
732 318 22 32 0.028504724 
654 411 12 15 0.028131396 
117 629 11 14 0.028122004 
1005 382 18 28 0.028105486 
488 376 10 12 0.02747993 
982 418 17 23 0.02738398 
191 432 29 32 0.027047472 
542 341 8 10 0.026707286 
841 384 15 21 0.026352037 
848 453 13 16 0.025471905 
322 92 14 18 0.025251452 
469 385 9 11 0.025207553 
13 495 9 11 0.02520609 
235 558 12 14 0.025101023 
14 339 10 14 0.024978386 
828 399 15 21 0.024833655 
455 428 10 12 0.024555186 
686 416 12 15 0.02448032 
614 515 10 14 0.024354085 
463 342 10 13 0.02422635 
143 309 10 12 0.024127161 
568 349 8 12 0.023917055 
6 474 13 18 0.02362975 
630 385 10 12 0.023590935 
103 324 9 11 0.023426654 
463 325 8 11 0.023348378 
195 302 11 15 0.023282673 
252 504 16 21 0.023054926 
469 395 11 13 0.022923455 
622 500 13 17 0.02272626 
834 389 16 20 0.022517104 
6 483 12 14 0.022327404 
685 443 10 14 0.021843197 
430 292 12 16 0.021821644 
464 393 11 15 0.021794831 
231 141 13 16 0.021656983 
127 411 12 19 0.021624602 
457 322 10 14 0.02154146 
721 429 10 14 0.021403408 
436 288 13 17 0.021327555 
432 284 10 14 0.021324964 
504 335 8 10 0.021206604 
217 592 17 19 0.020917531 
660 386 11 13 0.020824233 
97 629 8 11 0.02058124 
189 637 14 17 0.020502388 
354 438 17 20 0.020479733 
170 355 13 14 0.02042238 
111 356 10 13 0.020306991 
637 358 11 14 0.02018671 
132 618 14 14 0.020032901 
