17_Ceremony_Ceremony_17_171
41
22 228 60 74 0.9995338 
580 1 32 39 0.9993411 
336 152 49 59 0.99911517 
254 249 68 87 0.99894255 
634 157 59 70 0.99891543 
650 310 96 139 0.998168 
94 125 32 44 0.99797195 
152 47 32 43 0.9979407 
292 32 30 40 0.99763346 
8 133 36 43 0.9964647 
196 244 60 73 0.9963917 
936 384 86 147 0.9961545 
762 63 49 67 0.9950422 
266 56 36 47 0.9949498 
522 330 84 113 0.9946636 
473 168 59 72 0.9945568 
151 243 48 63 0.9944207 
720 77 48 64 0.9931549 
664 81 46 57 0.9915093 
246 152 38 50 0.99024147 
526 24 36 45 0.9868347 
398 313 83 98 0.98457795 
958 170 66 100 0.9840365 
303 160 38 49 0.9768052 
517 90 43 52 0.97673327 
452 144 48 60 0.94849175 
357 282 61 78 0.9106546 
857 246 68 73 0.8905852 
145 87 17 24 0.86062765 
692 189 52 68 0.85323375 
174 242 56 67 0.48562816 
741 66 49 66 0.2067582 
612 83 34 50 0.1024439 
666 167 53 66 0.09494641 
629 19 40 53 0.05690875 
722 192 65 71 0.046667717 
839 283 58 72 0.029247789 
247 70 24 34 0.027255876 
612 97 45 63 0.024459338 
117 190 40 62 0.023268467 
444 113 47 66 0.021863986 
