17_Ceremony_Ceremony_17_1007
28
701 452 178 259 0.99915314 
217 347 194 254 0.99786025 
591 1511 19 25 0.3122796 
837 801 17 20 0.19184043 
587 1465 14 18 0.11228956 
777 794 15 21 0.1121819 
579 1515 16 21 0.06275585 
556 1485 38 49 0.053723764 
733 817 13 17 0.04036148 
722 381 14 16 0.039589856 
693 1505 29 30 0.03845904 
771 1303 14 17 0.035671074 
599 1478 13 17 0.034271095 
578 1490 38 48 0.03295227 
594 1474 22 30 0.03200732 
667 1517 16 17 0.030682158 
572 1502 24 31 0.030567283 
596 1470 12 15 0.02979864 
182 852 16 17 0.027805842 
646 1453 14 16 0.02756912 
291 21 376 415 0.02484206 
343 79 215 287 0.024539106 
583 1490 12 17 0.023429578 
972 1317 52 91 0.023410503 
798 775 10 12 0.023039877 
775 829 10 13 0.021741398 
732 788 13 15 0.020905301 
20 848 20 29 0.020405848 
