17_Ceremony_Ceremony_17_227
171
262 493 12 15 0.99039453 
311 490 12 16 0.9676128 
956 463 13 17 0.9612927 
164 495 12 16 0.90769434 
574 459 12 16 0.90689254 
909 449 13 17 0.84830445 
114 494 11 15 0.803812 
53 710 10 13 0.2265677 
878 618 13 14 0.19840091 
564 416 10 13 0.18627341 
37 709 12 17 0.16784565 
885 466 14 21 0.1552426 
986 693 13 16 0.15184374 
246 705 14 17 0.13711889 
214 517 10 15 0.12626266 
827 696 12 18 0.120949484 
631 659 15 17 0.10483755 
373 671 14 18 0.09498847 
853 748 12 15 0.080155745 
214 475 11 16 0.07962232 
155 525 11 13 0.077271864 
459 725 12 17 0.07685112 
711 692 11 13 0.07266357 
45 709 13 16 0.06900441 
1012 484 10 15 0.067951836 
133 428 11 15 0.067146644 
490 445 10 14 0.06650208 
256 470 8 11 0.065082625 
982 641 15 18 0.06400293 
270 516 11 14 0.06341416 
363 725 17 19 0.06263059 
930 748 21 20 0.061569043 
941 676 14 19 0.06142989 
748 738 18 19 0.058232408 
189 522 10 14 0.057136383 
387 728 15 18 0.05696605 
567 404 9 10 0.05683022 
437 728 16 19 0.055716462 
812 694 14 20 0.053969625 
520 744 21 19 0.053523786 
733 708 13 19 0.05213857 
715 687 11 12 0.052047003 
602 745 25 23 0.05166474 
152 519 11 14 0.05166283 
365 674 15 18 0.051572632 
413 643 10 14 0.050681267 
725 704 16 19 0.048308134 
718 706 11 15 0.046704497 
164 397 12 15 0.045843307 
685 728 15 20 0.04529984 
837 688 14 19 0.0437936 
275 518 12 14 0.043474134 
710 698 14 18 0.042873826 
326 645 12 16 0.042822294 
918 646 13 20 0.04087055 
198 653 11 17 0.04069498 
604 640 14 16 0.04043253 
470 634 16 16 0.04039657 
474 644 14 17 0.039956134 
254 734 26 27 0.038969897 
856 600 9 11 0.038632233 
886 737 14 21 0.03817935 
518 321 9 11 0.03704647 
839 673 12 17 0.035973947 
692 729 12 17 0.035575744 
207 514 13 17 0.035400786 
306 676 14 16 0.03486021 
341 726 15 20 0.034699544 
662 472 9 11 0.03466325 
158 531 10 13 0.03437103 
245 490 10 13 0.03424064 
818 690 18 27 0.033895176 
205 653 12 17 0.03382145 
183 657 11 16 0.03334619 
197 509 15 18 0.03324395 
155 403 17 22 0.03312011 
786 748 17 17 0.032554954 
1011 689 12 18 0.03239553 
705 687 10 12 0.031852607 
977 673 16 18 0.03161074 
343 519 10 11 0.031594116 
327 511 10 14 0.03150207 
269 716 14 18 0.031484287 
92 523 12 15 0.031481057 
397 646 12 15 0.031336166 
932 659 16 18 0.03110785 
133 391 11 15 0.030966844 
688 705 17 20 0.030562393 
701 728 14 18 0.030035963 
652 484 10 13 0.029954813 
272 523 11 14 0.029838964 
980 685 16 20 0.02940436 
861 748 11 16 0.029294496 
754 730 17 21 0.029213782 
191 516 12 16 0.029209416 
0 724 11 15 0.029180074 
157 516 11 14 0.029171163 
468 700 15 18 0.02908156 
441 737 19 20 0.028985716 
265 516 9 14 0.028589953 
576 680 19 21 0.028586615 
375 692 21 26 0.028454779 
249 715 18 20 0.027876351 
810 712 14 18 0.027785135 
686 701 14 18 0.027768215 
918 735 13 20 0.027715912 
439 721 17 18 0.027631022 
246 471 10 13 0.027620157 
925 746 17 19 0.027366942 
621 404 8 11 0.02733182 
916 700 16 23 0.027242688 
1011 633 12 21 0.027206851 
309 670 13 15 0.027179241 
240 705 13 19 0.02697451 
803 738 16 18 0.026878746 
500 663 13 16 0.026465135 
348 728 13 18 0.02622316 
318 510 10 13 0.026221741 
249 724 25 28 0.026033722 
492 459 10 14 0.025928637 
249 487 9 11 0.025910152 
618 401 9 10 0.025774399 
357 731 25 27 0.025748063 
263 716 13 17 0.025421213 
835 750 17 17 0.025298998 
706 724 16 18 0.02502366 
88 518 11 16 0.02499848 
740 709 10 16 0.024695106 
905 734 17 21 0.024605203 
845 753 14 14 0.024522746 
591 400 9 11 0.02436331 
273 658 17 19 0.024327893 
467 730 14 17 0.024308428 
292 658 15 18 0.023761608 
935 674 14 19 0.023626743 
188 659 13 16 0.023498705 
432 729 13 18 0.023333255 
1 718 10 14 0.022869011 
443 747 20 17 0.022493161 
958 749 16 17 0.022451842 
201 392 8 12 0.02239952 
726 711 17 21 0.022396367 
44 515 17 19 0.022237781 
139 421 13 18 0.022216925 
118 524 11 13 0.022091296 
270 413 9 10 0.022058433 
128 510 9 14 0.021891413 
895 730 20 24 0.021879962 
119 515 11 14 0.021876581 
566 663 12 15 0.021612117 
622 659 13 17 0.021531416 
525 685 15 16 0.021454033 
159 512 10 13 0.021141194 
741 729 14 20 0.021091055 
210 468 10 16 0.021028647 
542 639 12 13 0.02095611 
930 737 18 19 0.020932158 
233 484 9 11 0.020860847 
212 461 10 14 0.020857846 
206 676 14 15 0.020829868 
337 750 17 17 0.02078394 
634 663 17 20 0.020774456 
493 666 12 15 0.020750906 
436 659 13 15 0.0207121 
778 704 15 21 0.02069124 
996 689 14 19 0.02064914 
626 721 16 19 0.020618403 
342 492 12 16 0.020611634 
386 698 17 22 0.020559965 
987 486 12 15 0.020422447 
47 398 8 10 0.020402865 
