17_Ceremony_Ceremony_17_418
208
87 136 26 32 0.9964252 
715 169 26 31 0.9951414 
205 123 22 27 0.99411327 
660 124 16 21 0.9925753 
556 177 25 32 0.9919658 
585 130 17 21 0.991037 
626 134 17 20 0.9909685 
869 141 13 17 0.98815477 
469 123 17 20 0.98732126 
276 136 19 23 0.98043203 
146 167 24 27 0.9764208 
564 126 12 16 0.9724286 
508 116 22 26 0.97143155 
24 151 28 33 0.96908563 
926 247 24 35 0.9686517 
168 112 20 23 0.9686404 
299 141 22 27 0.96621424 
787 198 22 28 0.9655195 
765 130 16 22 0.953864 
581 103 13 16 0.9481672 
60 92 12 16 0.94592303 
250 106 21 26 0.94297343 
982 152 15 18 0.9416583 
784 283 34 44 0.941239 
948 198 17 20 0.94051707 
697 153 20 25 0.93872005 
686 137 15 19 0.938552 
858 110 11 14 0.9337505 
381 116 16 20 0.9329185 
940 124 11 15 0.93197393 
362 126 19 21 0.9306983 
704 126 18 23 0.9304022 
317 116 17 20 0.9277222 
965 124 12 16 0.9261279 
12 120 21 25 0.8985162 
969 222 18 21 0.8942014 
1004 150 14 17 0.8702754 
906 131 10 13 0.838814 
786 143 17 21 0.8296986 
119 89 11 15 0.82520765 
73 77 13 18 0.75754434 
299 83 13 16 0.7340617 
94 81 15 21 0.7254238 
892 127 10 13 0.7239064 
934 156 12 16 0.72334343 
126 67 12 14 0.7163088 
355 148 23 27 0.70847875 
131 130 17 19 0.68521935 
182 83 13 16 0.6173943 
991 204 13 20 0.5981902 
459 107 10 13 0.57998616 
419 138 17 20 0.5625647 
860 204 21 28 0.5544914 
406 101 11 15 0.5465599 
966 155 11 13 0.35690162 
983 131 10 13 0.3137186 
931 172 13 16 0.28691518 
189 102 13 18 0.26209775 
466 146 14 18 0.25021115 
152 95 11 14 0.24529816 
957 141 12 16 0.23386931 
953 214 17 20 0.22969998 
949 329 37 50 0.22118744 
380 130 14 17 0.21882269 
751 239 23 29 0.19115411 
691 132 12 17 0.17787628 
131 139 17 22 0.16144669 
981 203 20 25 0.14990689 
856 165 16 18 0.140162 
1004 180 15 17 0.11507178 
963 162 13 16 0.110420965 
1003 172 14 18 0.10797778 
972 124 10 15 0.09961604 
526 131 11 16 0.09231984 
927 176 13 17 0.09192939 
811 158 15 21 0.09157592 
876 165 13 16 0.08961813 
105 133 20 28 0.08728504 
109 119 16 21 0.08521102 
1006 276 19 36 0.08410891 
66 93 11 15 0.07847304 
88 82 14 19 0.075785406 
88 121 21 26 0.07214622 
102 68 11 18 0.07209067 
879 158 13 16 0.06818913 
44 122 15 17 0.067944385 
960 172 13 14 0.06707823 
1015 125 8 13 0.06608632 
243 130 17 20 0.06532852 
813 151 20 25 0.06367133 
399 140 12 16 0.062523164 
369 36 10 12 0.062422592 
487 100 10 12 0.06211379 
886 195 14 22 0.061975263 
975 155 11 15 0.06147464 
48 156 18 29 0.055609126 
449 141 16 18 0.055587746 
187 94 14 17 0.055157173 
691 148 19 25 0.05415079 
1 122 11 17 0.05362753 
926 135 9 12 0.053194594 
375 93 9 11 0.052861847 
822 141 13 17 0.052278016 
1014 204 10 17 0.04990534 
850 127 8 11 0.04983616 
228 120 14 21 0.046499513 
514 93 9 11 0.0462494 
171 142 16 20 0.04471439 
827 139 13 15 0.043756675 
723 242 23 34 0.04361438 
987 125 11 13 0.042781297 
963 180 12 16 0.042476885 
415 131 15 19 0.042377423 
302 62 9 11 0.040856805 
919 143 10 12 0.040629975 
238 159 13 17 0.039549105 
999 164 14 18 0.039312508 
973 149 11 16 0.03884619 
919 170 12 17 0.0387986 
511 60 8 11 0.03822891 
652 152 14 18 0.03763695 
940 140 11 13 0.036523603 
5 121 17 20 0.036522597 
760 132 14 19 0.03640247 
313 68 10 13 0.036289934 
142 84 10 13 0.036242533 
1012 172 12 16 0.035809122 
989 120 11 12 0.035726417 
203 105 17 19 0.034942616 
960 154 12 14 0.034879826 
187 110 15 19 0.034836203 
181 107 14 20 0.034542654 
63 113 13 17 0.034436297 
160 132 13 14 0.03404233 
108 67 10 15 0.03385164 
749 249 27 34 0.033770192 
916 147 10 14 0.03343483 
423 133 15 17 0.032917354 
788 136 13 16 0.03275369 
962 143 14 17 0.032341734 
535 86 8 9 0.0322018 
896 171 12 14 0.032193113 
952 156 10 14 0.03202231 
206 67 10 13 0.03199255 
41 154 18 24 0.03163707 
958 134 12 14 0.030951764 
293 175 15 20 0.030700406 
293 106 13 16 0.030512871 
968 254 23 35 0.029597163 
520 87 9 11 0.029419713 
875 176 16 17 0.029328061 
527 84 8 10 0.02927137 
938 130 11 14 0.02869461 
577 87 10 14 0.028494203 
919 104 10 11 0.028125655 
988 141 12 15 0.028112924 
194 105 14 19 0.02809042 
392 96 9 11 0.027839288 
937 163 13 16 0.02725776 
85 68 13 15 0.027091132 
381 145 14 19 0.027087506 
960 212 22 25 0.026998151 
853 128 9 12 0.02689464 
1010 184 13 18 0.026855178 
481 100 10 12 0.026506366 
974 205 17 18 0.026184196 
824 136 12 13 0.025779624 
119 62 14 16 0.025745858 
953 149 11 15 0.025634212 
454 65 9 10 0.025621807 
773 205 13 18 0.025416026 
1010 266 13 21 0.025247144 
806 137 11 17 0.025246006 
100 120 15 20 0.025042688 
164 141 16 19 0.024991987 
402 141 15 21 0.024988411 
1 -60 362 525 0.024604866 
631 56 7 9 0.024496961 
498 153 22 25 0.024401888 
492 130 12 14 0.024123559 
979 198 16 19 0.02396712 
982 138 13 16 0.023711318 
512 89 9 11 0.02342314 
112 126 17 23 0.023306584 
358 85 9 12 0.023205722 
935 141 11 14 0.023157116 
706 119 16 19 0.022582565 
501 177 33 39 0.02246121 
295 139 13 21 0.022082984 
595 130 13 18 0.022064673 
604 131 10 13 0.021916946 
196 109 19 25 0.021768251 
540 107 12 14 0.021705633 
1014 119 9 12 0.021271007 
762 144 17 20 0.02120089 
685 152 13 19 0.021115819 
572 130 12 16 0.021096941 
254 76 11 13 0.021095917 
81 64 11 13 0.021024162 
927 167 12 16 0.020824667 
925 205 16 19 0.020520426 
783 151 16 19 0.020455401 
420 175 26 30 0.020410728 
449 93 8 10 0.020301785 
814 142 12 15 0.020128798 
366 132 21 23 0.020116705 
983 119 11 15 0.020055935 
475 143 14 20 0.020020982 
