17_Ceremony_Ceremony_17_113
21
609 168 117 158 0.999848 
354 214 114 128 0.99965036 
763 250 23 37 0.9867684 
954 292 17 23 0.9862163 
741 273 22 33 0.9770448 
851 272 23 31 0.96417624 
531 285 21 34 0.960562 
829 304 27 37 0.93532705 
245 308 19 28 0.9265217 
817 294 15 23 0.4605267 
820 298 23 34 0.19694726 
1004 283 15 19 0.18495063 
287 288 24 43 0.12352911 
1011 288 14 19 0.06823111 
986 315 17 26 0.052135907 
932 209 12 17 0.041831292 
886 268 13 20 0.039735667 
1005 296 15 19 0.03847729 
756 299 17 20 0.029280705 
893 272 11 18 0.025264857 
847 283 26 34 0.020929322 
