17_Ceremony_Ceremony_17_211
57
836 158 55 71 0.9985719 
552 232 35 47 0.99801636 
766 206 44 60 0.9978642 
586 370 43 54 0.9960063 
686 222 42 51 0.9939079 
220 210 44 53 0.9928717 
591 234 39 53 0.98999816 
135 205 30 60 0.85723966 
406 112 35 71 0.7861932 
397 36 10 12 0.33610496 
363 4 10 14 0.15843934 
633 12 11 13 0.09885323 
318 0 11 11 0.086684786 
310 57 12 14 0.08088796 
512 34 16 20 0.072755486 
359 36 10 12 0.070542894 
424 7 8 10 0.069361985 
426 38 9 11 0.06732697 
409 49 9 11 0.054906227 
408 4 12 15 0.051730126 
553 6 8 9 0.045697886 
533 4 11 12 0.045663685 
529 0 10 11 0.044729818 
358 61 13 15 0.04299696 
502 0 11 10 0.04211294 
409 27 9 12 0.036642928 
332 16 15 18 0.035612937 
305 6 9 12 0.03477341 
586 14 8 11 0.03292665 
611 17 10 11 0.032272067 
662 20 10 13 0.031766754 
456 150 47 71 0.030147098 
455 4 11 13 0.028423017 
343 62 12 16 0.028379912 
342 38 9 12 0.027357893 
499 3 12 15 0.02692221 
394 15 9 11 0.026910642 
602 28 10 14 0.026417524 
479 24 8 10 0.025376678 
623 0 9 9 0.024875637 
517 6 9 10 0.024576379 
377 94 71 99 0.023790136 
298 43 11 14 0.023505108 
411 0 10 11 0.023487087 
566 31 8 11 0.02337469 
479 76 9 11 0.022533176 
448 21 9 11 0.022446657 
470 308 40 50 0.022234628 
322 10 23 28 0.022151671 
589 0 9 9 0.021183249 
795 77 8 10 0.021169009 
334 52 9 12 0.021151477 
437 0 9 9 0.021074833 
324 0 12 11 0.021072797 
312 0 11 11 0.020895435 
998 0 13 14 0.020658663 
585 0 9 9 0.020519841 
