17_Ceremony_Ceremony_17_218
45
548 434 32 38 0.999337 
823 326 30 36 0.9993 
292 320 31 39 0.99928004 
10 366 36 44 0.99918 
325 484 37 45 0.9990994 
856 422 33 41 0.99909866 
492 400 32 39 0.9989513 
924 351 32 35 0.99892837 
462 460 33 37 0.9987471 
513 520 47 62 0.99870324 
705 426 33 38 0.9985952 
641 325 28 33 0.99858713 
941 486 35 42 0.9984968 
54 312 35 42 0.99849176 
562 331 28 35 0.9984755 
253 385 34 40 0.99845064 
182 312 32 39 0.9983215 
154 368 36 40 0.9982936 
870 374 32 38 0.9982717 
38 418 37 44 0.9980463 
962 421 35 40 0.9977586 
762 363 31 35 0.9975452 
722 302 27 34 0.99723464 
514 332 26 30 0.99698144 
631 439 31 36 0.9969752 
363 410 39 43 0.9968755 
135 552 41 51 0.9966827 
389 530 41 50 0.99663025 
642 475 44 56 0.9955908 
368 363 33 36 0.99496907 
999 362 25 42 0.99487793 
802 463 30 38 0.99397165 
891 506 42 50 0.99393374 
197 432 42 54 0.9920433 
46 516 42 50 0.9920053 
248 500 41 55 0.99168515 
764 466 39 52 0.98992974 
908 681 80 68 0.98336905 
66 458 43 55 0.96511126 
1007 547 16 39 0.14342123 
3 694 51 77 0.1314381 
786 461 34 49 0.09138043 
788 351 15 20 0.043442458 
531 314 16 20 0.021689465 
602 145 23 27 0.021020085 
