17_Ceremony_Ceremony_17_588
20
262 218 27 37 0.99845994 
196 346 26 37 0.9974523 
96 180 36 47 0.99611926 
749 200 24 34 0.9954406 
952 170 36 49 0.9864405 
574 220 18 32 0.97756267 
311 361 21 30 0.9710731 
490 273 20 26 0.9643668 
441 241 17 28 0.80071354 
92 317 47 44 0.3413779 
184 290 21 30 0.2310352 
246 339 31 33 0.14132294 
107 121 12 20 0.054959875 
292 364 21 30 0.049269874 
278 249 16 21 0.04111 
330 439 13 17 0.037287 
171 266 22 26 0.03313167 
120 314 26 34 0.028778842 
21 140 10 11 0.024717374 
321 262 23 32 0.024681276 
