18_Concerts_Concerts_18_258
21
87 53 31 40 0.9984133 
896 77 40 46 0.9951224 
799 350 84 80 0.6470656 
157 314 70 134 0.637499 
170 74 12 17 0.22452794 
795 38 17 21 0.18326847 
802 41 17 20 0.0966548 
0 70 11 18 0.09626024 
95 311 151 174 0.050024085 
811 43 12 16 0.04803497 
67 325 69 100 0.046674572 
781 88 11 13 0.046008773 
12 348 45 66 0.03668082 
87 314 91 126 0.0298523 
139 325 49 98 0.029647743 
808 404 134 140 0.024992125 
170 88 13 18 0.02406832 
386 215 19 20 0.024051271 
797 58 17 19 0.02200279 
188 91 11 14 0.021744816 
167 80 15 20 0.02104713 
