18_Concerts_Concerts_18_920
234
824 574 10 13 0.9687982 
279 505 15 21 0.9682842 
852 556 11 14 0.9588973 
757 567 11 14 0.93392366 
903 563 11 14 0.9287809 
752 626 11 14 0.88564366 
981 585 12 14 0.7977419 
617 605 11 15 0.788748 
790 550 8 11 0.69620943 
817 528 10 11 0.63675576 
909 519 9 12 0.57863116 
619 568 7 10 0.49796373 
772 623 9 13 0.4864203 
868 574 10 13 0.48593366 
801 556 9 11 0.4833414 
930 560 9 12 0.4667684 
854 591 10 13 0.42232308 
997 614 14 17 0.41332963 
852 500 10 14 0.39969695 
1002 518 9 11 0.37913546 
895 611 12 14 0.34436163 
395 6 22 28 0.33289322 
761 541 9 11 0.32465503 
903 488 9 13 0.30758563 
740 603 9 12 0.29721072 
831 555 10 13 0.26396513 
949 524 9 11 0.2609498 
921 573 10 12 0.22537145 
766 638 10 13 0.22456166 
869 524 9 11 0.20728813 
911 627 13 16 0.20633873 
875 663 15 19 0.1930085 
672 565 8 11 0.18293887 
800 574 9 12 0.17462955 
706 171 27 30 0.1456789 
188 517 12 15 0.14313495 
737 639 11 14 0.1422461 
837 549 9 13 0.14067167 
683 654 13 15 0.14005855 
882 32 13 19 0.13279648 
231 615 25 45 0.1316432 
664 566 7 10 0.11547808 
148 496 10 12 0.10793025 
144 593 17 22 0.105450235 
752 597 10 13 0.09840966 
161 495 8 11 0.09800967 
861 613 10 14 0.0951677 
900 605 12 15 0.09282584 
185 487 9 12 0.08913691 
592 576 8 11 0.08354253 
87 523 10 12 0.08179099 
964 0 20 20 0.080797404 
756 598 10 13 0.079268366 
208 509 10 15 0.07517062 
916 536 10 11 0.07356952 
905 522 9 12 0.07184716 
598 576 8 10 0.07082522 
918 16 15 22 0.06950416 
663 573 8 11 0.06633177 
825 557 11 13 0.06576895 
804 553 10 11 0.064450085 
588 566 8 9 0.064188905 
347 11 16 21 0.06323479 
678 77 12 15 0.06249617 
607 580 9 11 0.06198427 
161 501 8 11 0.0615214 
872 543 9 13 0.06029548 
967 611 10 14 0.05998408 
151 566 9 11 0.059313063 
588 356 35 32 0.059312824 
907 492 10 14 0.05822913 
765 537 9 11 0.058143035 
924 611 11 13 0.057723273 
136 485 10 13 0.056973033 
868 605 9 12 0.05507213 
723 106 15 20 0.05480394 
887 627 9 14 0.053309828 
895 618 11 16 0.05314367 
857 540 10 13 0.05277423 
765 63 12 16 0.052608766 
975 614 11 14 0.049851563 
815 552 9 11 0.049835823 
586 576 9 11 0.049490083 
657 395 49 74 0.049329806 
198 564 16 18 0.049321935 
936 579 10 14 0.048391685 
884 110 25 26 0.048071355 
943 578 11 15 0.047991794 
1004 606 14 18 0.047474798 
803 573 11 13 0.047047637 
717 107 12 19 0.045906898 
710 111 13 19 0.045342214 
202 484 9 11 0.044911176 
862 548 9 11 0.04415059 
1002 480 8 10 0.04363073 
818 55 21 29 0.041738316 
164 602 10 15 0.0414573 
749 74 13 16 0.04139736 
930 494 7 10 0.039732784 
692 99 13 16 0.03928101 
93 520 10 13 0.039069355 
579 357 61 47 0.038989983 
911 538 10 12 0.038448997 
602 144 16 20 0.03827989 
886 604 8 12 0.03793861 
708 419 17 23 0.03786684 
882 605 8 11 0.0369436 
814 53 12 16 0.036465675 
190 492 10 14 0.03637244 
775 639 9 13 0.036324948 
848 505 11 14 0.03567578 
917 29 14 23 0.035515707 
865 567 10 12 0.035207562 
658 566 7 9 0.034957424 
166 503 8 11 0.03491514 
281 548 20 34 0.034646556 
686 113 12 20 0.03451375 
337 12 25 30 0.034473337 
1004 514 9 10 0.034014508 
935 493 9 10 0.033860676 
921 607 11 14 0.03367361 
846 113 24 26 0.0334834 
775 541 8 11 0.033064157 
877 0 13 13 0.03239867 
702 77 9 12 0.03214389 
878 39 13 19 0.03194096 
944 494 8 10 0.031677805 
877 572 9 12 0.03153358 
44 463 11 13 0.031453416 
702 99 13 16 0.03139287 
709 121 13 18 0.03139142 
780 575 10 12 0.03116846 
708 636 12 15 0.031094385 
166 493 8 11 0.030864466 
910 572 9 11 0.030768218 
590 562 7 9 0.030707058 
863 478 8 10 0.030633848 
872 496 8 11 0.030459952 
168 488 8 11 0.030307611 
896 494 9 13 0.029749477 
925 579 10 13 0.029666832 
759 548 11 12 0.029598564 
692 123 13 17 0.02957767 
605 125 16 18 0.029332714 
872 532 10 14 0.029207489 
160 488 10 12 0.029050166 
854 520 9 12 0.028826032 
886 3 11 14 0.028691035 
807 644 9 12 0.02868944 
922 23 15 24 0.02862317 
895 543 11 14 0.028545054 
698 101 22 30 0.028402865 
1006 484 9 11 0.028373497 
860 558 10 13 0.028042408 
902 541 9 12 0.028029768 
621 571 9 11 0.0280142 
166 510 9 11 0.027993156 
887 599 9 12 0.027988536 
820 70 13 19 0.02796277 
81 524 9 12 0.027564416 
968 540 9 11 0.027456364 
895 579 10 12 0.02725434 
744 74 11 15 0.027217425 
173 488 9 11 0.027171968 
814 74 11 16 0.026787102 
438 26 450 525 0.026779259 
708 100 13 18 0.02660812 
659 573 7 11 0.026468683 
660 108 13 17 0.026283806 
711 93 10 15 0.02619388 
812 114 14 18 0.026154393 
687 92 12 14 0.025996074 
877 542 9 13 0.02598066 
619 150 23 26 0.025710765 
921 486 8 10 0.025537621 
749 89 15 19 0.025348648 
805 11 14 18 0.0252841 
159 566 9 11 0.025210246 
160 510 9 12 0.025183395 
798 82 11 16 0.025040353 
917 3 15 19 0.024872292 
957 -1 17 20 0.02468064 
645 127 25 30 0.024338642 
699 122 15 19 0.024305627 
713 132 16 17 0.024267584 
937 488 8 10 0.024265336 
734 70 11 14 0.024087338 
823 597 10 13 0.024069622 
557 608 8 12 0.023957107 
776 536 8 11 0.023444353 
192 498 11 15 0.02329467 
775 81 13 21 0.023240985 
866 30 20 27 0.023153251 
697 75 9 12 0.02312668 
847 402 171 323 0.02307536 
214 494 10 15 0.023012476 
816 66 13 19 0.023008542 
895 600 10 12 0.022935241 
972 607 12 15 0.02240529 
948 576 10 12 0.022171192 
924 46 24 23 0.0221229 
1012 604 11 18 0.02199651 
685 103 20 27 0.021787921 
549 149 13 16 0.021738028 
158 596 13 18 0.02164073 
814 98 14 15 0.021632262 
709 134 24 25 0.021386005 
865 521 9 12 0.021244666 
754 74 14 18 0.021219615 
712 85 11 14 0.02114662 
381 1 29 35 0.02108352 
544 140 12 13 0.021043064 
855 28 23 28 0.021041732 
951 495 8 10 0.021038497 
627 114 13 17 0.0208617 
805 79 12 18 0.020861432 
980 617 11 14 0.02067535 
750 85 24 30 0.020635715 
682 84 14 15 0.020584226 
577 153 13 18 0.020573322 
600 68 13 16 0.020556081 
770 66 14 20 0.020554483 
822 103 25 29 0.02053994 
877 103 23 30 0.020469645 
716 167 16 21 0.02040513 
904 626 13 17 0.020397307 
828 40 15 18 0.020391734 
857 619 10 13 0.020367468 
676 667 14 19 0.020359129 
254 44 14 16 0.02024907 
56 501 8 9 0.020104911 
946 520 9 11 0.020097427 
654 124 13 19 0.020046428 
126 504 9 11 0.020015161 
