18_Concerts_Concerts_18_602
227
557 386 32 41 0.9990219 
308 388 25 33 0.9982541 
166 403 25 33 0.998154 
480 398 27 35 0.99798894 
452 347 15 19 0.99528426 
938 379 34 44 0.99509215 
456 487 30 41 0.9944517 
369 393 28 39 0.9942116 
896 487 42 60 0.99239576 
258 538 29 42 0.99231285 
133 395 14 19 0.9897657 
263 261 13 16 0.9894667 
329 506 35 55 0.9884679 
738 375 18 20 0.9883387 
22 338 14 20 0.98784363 
302 253 14 19 0.9862816 
250 303 17 24 0.98604196 
837 339 16 22 0.98531914 
141 255 15 20 0.98268694 
773 333 15 21 0.9811348 
295 530 40 54 0.9796269 
106 256 14 18 0.97855866 
211 273 13 18 0.9701484 
140 404 22 29 0.969002 
78 419 22 28 0.96721005 
522 339 14 17 0.96533847 
232 298 16 21 0.9621859 
51 382 18 27 0.9615221 
519 324 13 16 0.9609153 
871 372 21 25 0.95516306 
439 329 12 17 0.95107824 
407 393 19 25 0.9504455 
679 353 14 21 0.9492997 
345 379 19 26 0.94708514 
39 345 17 22 0.9420978 
473 361 18 24 0.94023925 
189 262 12 17 0.93825996 
480 261 9 13 0.9293526 
710 340 16 20 0.92933637 
191 363 18 21 0.92331415 
513 396 19 27 0.9114471 
397 326 11 16 0.8693156 
348 331 16 21 0.8654384 
568 333 11 14 0.8549252 
616 267 10 13 0.8334531 
114 409 14 18 0.7701148 
902 351 10 14 0.76871735 
509 377 15 17 0.69616675 
582 261 9 13 0.6716701 
50 264 12 16 0.66370314 
409 288 9 12 0.63548136 
374 303 10 12 0.5918752 
0 282 10 17 0.578478 
166 267 13 16 0.5359273 
392 296 9 12 0.5072912 
545 278 9 11 0.4923951 
90 721 24 30 0.4444017 
340 331 16 19 0.42070067 
877 340 10 12 0.41751662 
550 308 10 12 0.35154638 
819 429 17 22 0.34996727 
0 259 10 14 0.300965 
506 304 8 10 0.23637268 
453 288 9 11 0.23611282 
652 349 15 17 0.2245748 
367 271 12 15 0.22246192 
439 280 8 10 0.21984288 
713 332 15 16 0.21586691 
606 335 11 13 0.21016732 
925 342 11 14 0.20678629 
397 366 15 21 0.20352122 
668 339 16 20 0.19368844 
291 238 11 13 0.19273014 
413 324 9 12 0.18585402 
433 308 9 10 0.1843119 
559 260 9 11 0.17813256 
701 375 13 15 0.15617026 
372 275 10 13 0.15521716 
25 463 30 36 0.14764991 
1 451 11 19 0.14486605 
918 340 13 15 0.13996544 
569 338 13 15 0.13371302 
917 353 12 15 0.13341637 
439 286 8 10 0.121850595 
0 380 10 17 0.12036732 
331 269 11 15 0.11358683 
875 345 14 16 0.10881944 
567 262 8 11 0.107564755 
407 357 9 12 0.10628242 
406 325 10 14 0.10090773 
0 416 13 24 0.0995725 
449 293 8 11 0.09419174 
369 300 10 13 0.09000663 
404 312 9 11 0.089554586 
675 332 11 13 0.08813366 
439 293 8 11 0.08534136 
405 316 9 13 0.082907535 
398 350 10 13 0.08287242 
382 303 9 13 0.07962645 
321 519 28 41 0.079042226 
873 337 9 11 0.078404635 
499 395 23 33 0.07703661 
26 340 18 25 0.0750104 
3 279 13 16 0.0715569 
647 347 14 15 0.07153588 
735 350 11 14 0.07050029 
366 295 10 12 0.067082964 
232 349 13 18 0.06679565 
587 354 11 14 0.06560671 
759 370 13 17 0.06500893 
908 354 12 14 0.06466926 
397 296 8 11 0.06393059 
638 355 10 14 0.060552303 
844 356 14 16 0.06052497 
510 384 17 20 0.060473174 
149 373 10 12 0.059715528 
196 434 17 23 0.05932992 
481 304 9 11 0.059227735 
659 346 14 18 0.05802915 
604 371 16 18 0.056815695 
818 435 24 30 0.0567678 
897 353 12 17 0.056638364 
400 319 11 14 0.054776028 
582 317 9 11 0.051967956 
5 381 12 17 0.051204618 
514 324 11 15 0.050620828 
398 301 9 11 0.050214116 
399 356 10 14 0.050076347 
423 359 11 12 0.0496055 
596 379 18 19 0.04894789 
763 663 60 53 0.04786527 
615 347 12 14 0.047804024 
875 471 16 20 0.046676535 
932 342 9 13 0.046632703 
320 270 11 14 0.044760503 
384 278 8 12 0.044500705 
610 340 12 14 0.043188035 
34 399 16 20 0.042700324 
621 349 10 13 0.04224353 
648 355 15 16 0.042181697 
358 278 11 14 0.04195714 
934 364 10 12 0.04180336 
656 354 15 18 0.041649353 
219 269 13 17 0.04055532 
285 317 12 17 0.040011663 
367 285 12 13 0.039087854 
704 340 11 15 0.038884908 
13 404 15 19 0.03842223 
123 412 14 18 0.03819824 
256 280 11 12 0.03758143 
325 263 13 16 0.037561875 
455 270 8 10 0.037410557 
605 346 12 14 0.03687336 
611 268 9 12 0.036525603 
447 299 9 12 0.0356272 
739 355 16 17 0.03546556 
703 387 13 18 0.03543114 
333 327 14 20 0.035335876 
40 248 8 10 0.034805886 
525 319 12 15 0.03361493 
434 287 7 10 0.033300195 
894 359 15 21 0.033009756 
925 353 11 16 0.0329424 
434 293 8 10 0.031444438 
575 267 10 13 0.031363953 
1 394 10 20 0.03074928 
318 276 11 14 0.030489309 
573 299 10 12 0.030466527 
343 300 14 18 0.030358644 
136 695 8 11 0.030336104 
542 363 14 19 0.03022976 
598 363 15 16 0.029655633 
912 341 11 13 0.028734574 
243 452 24 29 0.028684998 
424 327 8 13 0.028641474 
3 285 15 19 0.02852488 
393 285 8 11 0.028485972 
1 510 7 15 0.02843428 
875 355 16 18 0.02843166 
103 440 20 28 0.02811681 
852 359 15 19 0.02800245 
47 310 12 16 0.027764753 
279 491 30 31 0.027335215 
361 271 12 14 0.026863813 
299 342 13 17 0.026626043 
213 433 16 23 0.02656598 
511 332 10 14 0.026043285 
929 364 9 11 0.025868187 
127 401 13 18 0.025791429 
2 403 15 21 0.0253739 
0 316 8 15 0.024999345 
4 256 8 12 0.024954345 
400 286 8 10 0.0247833 
591 278 8 11 0.024513982 
245 299 16 23 0.024006115 
168 483 14 19 0.023761136 
445 316 9 12 0.02373589 
353 283 11 14 0.023714827 
604 356 15 18 0.02371026 
393 350 10 14 0.023659468 
508 306 9 12 0.023498137 
934 357 11 14 0.023446772 
997 343 11 13 0.023369165 
225 269 14 17 0.023241503 
202 432 21 30 0.023143748 
438 303 8 11 0.023054732 
562 333 10 13 0.022895228 
676 369 14 17 0.022804135 
81 760 22 23 0.022771975 
832 428 26 30 0.022721028 
139 389 15 19 0.022584286 
320 334 11 15 0.02190337 
317 339 11 15 0.021848615 
9 213 8 11 0.021637145 
839 350 14 20 0.021580318 
426 304 8 11 0.021525504 
149 379 14 16 0.021460708 
309 516 28 44 0.021315813 
554 261 9 10 0.021240562 
327 326 11 16 0.021239707 
609 364 13 16 0.021238826 
440 319 10 13 0.02090639 
823 359 10 13 0.020844938 
279 261 11 15 0.020542884 
389 341 10 12 0.020494241 
918 342 18 23 0.020276655 
450 310 8 12 0.020024987 
