18_Concerts_Concerts_18_151
498
203 91 15 21 0.996633 
853 63 16 20 0.9918676 
755 261 17 23 0.9902312 
35 79 14 19 0.98786956 
980 271 17 25 0.9878665 
102 104 16 21 0.98610306 
306 397 17 25 0.98587036 
475 204 17 23 0.98568183 
560 201 17 21 0.9837902 
122 332 19 24 0.9812371 
464 67 17 22 0.9795436 
210 266 17 23 0.97869974 
897 202 19 24 0.9779026 
332 262 17 23 0.9776934 
955 150 15 19 0.9753144 
1010 202 14 22 0.97520214 
505 139 16 21 0.97450453 
471 322 18 21 0.9739222 
783 146 17 22 0.9719434 
694 144 17 22 0.97154355 
472 260 17 21 0.9714158 
589 144 15 20 0.97008824 
986 60 16 22 0.9689854 
727 319 21 27 0.96520054 
345 81 15 18 0.9568923 
71 99 13 16 0.95508033 
591 326 19 23 0.9538296 
7 347 21 30 0.9534806 
872 147 18 24 0.9482551 
89 285 14 18 0.9459256 
741 414 19 27 0.94456595 
784 201 17 20 0.9439618 
362 339 16 20 0.94312435 
871 258 20 24 0.9429199 
152 401 18 20 0.9413928 
64 75 14 18 0.93944794 
14 79 11 14 0.92513156 
721 60 16 22 0.9201391 
594 71 14 18 0.91789204 
582 269 17 20 0.906032 
400 150 16 21 0.90177435 
97 428 15 24 0.8953383 
499 335 16 25 0.8883587 
229 332 18 21 0.8844037 
997 333 18 23 0.88204354 
670 255 18 25 0.8802636 
7 111 12 17 0.87045103 
867 412 16 24 0.8444499 
888 437 14 22 0.83882874 
105 56 14 17 0.83765876 
262 431 19 27 0.83720106 
132 87 15 21 0.8277549 
127 428 14 20 0.7965433 
340 207 13 16 0.7880544 
493 330 16 27 0.75398296 
738 92 12 16 0.7301077 
676 210 14 19 0.7092114 
116 431 16 20 0.68762183 
654 349 15 18 0.6874042 
342 429 16 19 0.6866767 
885 66 10 13 0.6865297 
824 134 11 15 0.6759481 
604 172 12 15 0.6748465 
20 370 13 17 0.6601576 
449 279 12 15 0.64752614 
619 75 10 13 0.598794 
1008 68 11 16 0.57230204 
378 618 14 17 0.56685036 
477 660 11 16 0.5363348 
386 420 15 21 0.5287429 
852 323 18 21 0.4881353 
715 436 16 24 0.48364046 
559 133 12 15 0.46329504 
631 220 13 18 0.46021026 
118 396 14 17 0.44991657 
109 431 15 23 0.44450858 
51 193 12 16 0.4221916 
3 437 11 14 0.35466364 
205 400 15 19 0.35301003 
623 57 10 14 0.32510883 
1005 171 13 17 0.3228623 
741 125 15 22 0.31956482 
1006 163 13 19 0.26834825 
605 658 12 18 0.25384063 
144 371 12 16 0.25039428 
1011 155 11 19 0.23729557 
447 605 9 12 0.23222668 
284 588 9 12 0.22362904 
117 250 16 20 0.2170907 
311 656 12 17 0.2123536 
518 235 13 16 0.21217887 
103 277 11 16 0.19685687 
564 351 10 13 0.19496615 
669 205 15 22 0.19366217 
637 268 11 17 0.18800624 
375 635 11 16 0.18676455 
21 429 12 15 0.18297608 
386 300 15 19 0.17220321 
463 590 8 10 0.1711099 
699 173 14 19 0.1710913 
14 315 12 16 0.16943984 
356 315 18 24 0.16890082 
258 588 16 18 0.16657598 
431 599 9 11 0.16484517 
479 598 8 11 0.15886143 
279 599 10 12 0.15281095 
322 416 15 18 0.15128195 
360 267 13 16 0.14598939 
352 625 14 18 0.14299771 
524 164 12 15 0.13922742 
731 157 12 18 0.13564123 
106 301 13 17 0.13103247 
386 640 15 22 0.12924962 
773 178 12 16 0.12922373 
325 590 13 15 0.12643641 
404 623 10 12 0.123681076 
677 646 15 21 0.121545866 
590 181 12 16 0.12133483 
183 634 11 14 0.11915307 
107 187 11 13 0.11559253 
644 585 12 16 0.115112536 
233 588 11 14 0.110723965 
449 600 9 11 0.109767705 
164 422 13 16 0.107286654 
159 627 10 15 0.10725007 
945 220 11 15 0.106281936 
447 612 9 12 0.10358774 
399 614 10 12 0.09936198 
327 580 10 11 0.09860677 
374 627 13 17 0.098371305 
388 227 13 16 0.09528109 
495 599 8 11 0.093930125 
0 428 11 17 0.090757735 
334 565 10 12 0.090668395 
0 310 9 16 0.08985763 
312 560 8 10 0.08870372 
13 605 10 14 0.08837739 
14 291 14 17 0.08647004 
836 470 12 15 0.08574586 
1000 457 20 29 0.08275118 
185 596 10 13 0.08173946 
955 405 24 32 0.081679136 
469 612 9 11 0.08026973 
412 637 14 19 0.079924256 
235 325 16 23 0.07843036 
364 202 11 15 0.07716509 
31 430 10 14 0.076248005 
497 45 9 13 0.07473571 
528 632 8 11 0.07394864 
554 614 9 11 0.07345157 
-1 91 8 14 0.071467154 
317 330 12 16 0.06980449 
837 446 12 14 0.067349285 
478 624 10 16 0.06702263 
251 97 13 17 0.06668905 
563 331 12 14 0.06604422 
271 68 10 13 0.06579113 
652 147 14 17 0.06543952 
397 637 13 20 0.06501931 
422 220 13 15 0.062436383 
983 575 8 10 0.061568193 
998 151 11 14 0.060785152 
259 554 10 13 0.060704384 
1014 43 10 16 0.060547367 
36 382 13 14 0.059326395 
568 660 12 15 0.059314243 
475 142 14 18 0.059160072 
185 161 11 16 0.05913368 
54 10 15 18 0.058756158 
391 606 9 12 0.057866596 
374 408 13 17 0.05748718 
610 659 15 20 0.057382304 
19 96 12 14 0.05676716 
392 330 12 16 0.05650694 
686 72 11 16 0.056439325 
930 149 13 17 0.056325838 
877 620 8 10 0.05592192 
505 613 8 11 0.055766974 
379 636 14 20 0.05510864 
532 660 10 14 0.05504742 
51 233 17 19 0.054104038 
996 258 14 20 0.05409182 
94 663 14 16 0.05365525 
480 604 8 11 0.053631824 
544 299 11 14 0.053475134 
189 635 11 13 0.053117305 
295 449 15 18 0.053021476 
467 608 8 10 0.052717697 
481 661 14 16 0.052699115 
535 623 8 10 0.052166924 
54 242 17 19 0.051785097 
847 367 13 19 0.051778 
593 593 8 10 0.05148074 
36 430 11 14 0.05142684 
536 630 7 10 0.05127311 
360 418 12 16 0.049118984 
558 583 8 11 0.049034085 
193 614 10 12 0.048855044 
507 660 15 16 0.048628394 
274 550 9 11 0.047831446 
36 249 13 15 0.04781116 
453 599 8 11 0.047504216 
534 592 7 9 0.047252405 
1 582 8 11 0.046802353 
801 315 17 20 0.046713285 
917 159 11 15 0.046691135 
709 442 16 24 0.046514295 
0 320 10 20 0.046433706 
312 604 10 12 0.046291 
574 584 9 10 0.046252556 
188 579 11 12 0.04584998 
167 319 15 19 0.045653034 
112 590 8 11 0.04528343 
768 612 14 16 0.044895373 
278 612 14 17 0.044466157 
688 226 15 19 0.044195745 
789 297 14 20 0.044177704 
972 301 12 14 0.044053216 
276 199 13 15 0.04371676 
550 284 11 13 0.04326911 
998 165 13 16 0.04306562 
494 622 11 15 0.04273191 
424 614 8 10 0.042578857 
130 253 13 16 0.042230546 
386 472 9 12 0.04215343 
359 160 14 18 0.0419826 
302 590 10 13 0.041837208 
188 592 11 13 0.04177849 
678 197 12 14 0.041767467 
380 520 11 12 0.041408125 
200 591 8 11 0.041361023 
200 471 20 21 0.041177202 
16 589 8 11 0.041054934 
12 359 20 26 0.04098992 
333 192 14 19 0.040959205 
390 612 10 13 0.04072652 
1015 590 8 13 0.040635366 
633 597 8 11 0.04058914 
793 297 22 27 0.040262733 
495 605 8 10 0.0401446 
442 607 9 10 0.039923076 
206 430 13 16 0.039660882 
458 591 8 10 0.039561477 
303 552 9 10 0.039460555 
258 643 15 19 0.039406154 
266 588 13 17 0.039353807 
132 637 10 14 0.039347883 
835 59 14 20 0.039106067 
488 607 8 10 0.038934298 
479 593 8 10 0.038898163 
299 557 8 11 0.03889212 
270 594 11 15 0.03831765 
1013 628 10 17 0.03828688 
104 605 8 9 0.037814885 
856 179 12 18 0.037693106 
526 294 15 19 0.037547417 
6 311 11 14 0.03752758 
471 663 13 16 0.037300054 
185 426 17 18 0.037239756 
272 438 16 24 0.03719714 
624 567 9 10 0.03716134 
636 388 13 17 0.037115782 
699 478 11 14 0.037056625 
589 607 9 11 0.036495075 
1002 407 21 30 0.03645638 
662 292 13 18 0.036416825 
150 600 10 11 0.03634325 
647 596 11 15 0.0362461 
371 322 11 15 0.03611165 
404 627 12 15 0.035862077 
0 507 13 21 0.03584852 
367 54 7 10 0.03569071 
1001 445 16 18 0.03559534 
18 80 13 16 0.035499763 
247 543 9 11 0.035366613 
841 588 10 13 0.035254642 
582 373 14 23 0.03511768 
391 600 9 10 0.03490355 
137 573 10 10 0.034724906 
243 324 12 18 0.03420248 
610 345 15 20 0.03400823 
201 595 9 12 0.033873416 
348 313 16 22 0.033760406 
271 569 9 10 0.0337411 
526 637 9 11 0.033723354 
11 252 16 19 0.033681728 
732 178 13 21 0.033575386 
406 635 13 19 0.033444688 
30 587 9 12 0.033438668 
1003 262 15 20 0.0333834 
537 615 8 11 0.033366404 
259 166 15 19 0.033303954 
621 656 15 19 0.033268604 
404 294 14 17 0.033054627 
223 292 12 15 0.03301295 
360 606 9 11 0.032999076 
297 93 11 14 0.032906726 
571 665 13 13 0.03286524 
37 311 12 15 0.032695785 
230 476 13 18 0.03255314 
377 523 10 13 0.032547947 
696 357 11 16 0.032353755 
474 598 7 10 0.03233333 
282 618 14 16 0.03229901 
335 560 9 11 0.03222178 
464 597 8 11 0.032098472 
940 575 13 15 0.032084584 
167 600 9 11 0.031845342 
765 343 11 15 0.031703163 
868 176 15 19 0.031589873 
375 573 10 11 0.030998899 
182 620 10 12 0.03089061 
624 316 12 14 0.030877594 
951 612 8 10 0.030778093 
742 590 10 13 0.030758286 
191 618 11 14 0.030703308 
222 551 8 10 0.030609047 
190 564 9 11 0.030599302 
614 149 13 15 0.030582773 
8 641 10 12 0.030548621 
528 157 11 15 0.030179229 
120 591 8 11 0.030039277 
599 664 12 13 0.029976506 
369 544 9 11 0.029948428 
936 440 11 18 0.029827496 
1011 62 11 18 0.029784845 
118 597 8 10 0.029771522 
490 600 7 10 0.029746342 
565 236 13 17 0.029732667 
489 70 10 14 0.02953512 
461 659 12 15 0.029517522 
308 148 10 12 0.029490076 
336 608 9 11 0.029448586 
221 625 13 16 0.029369773 
982 601 8 11 0.029341668 
503 655 11 14 0.029339124 
198 557 8 10 0.029248334 
528 656 11 14 0.029244002 
1007 608 8 9 0.029136889 
76 114 13 17 0.028975 
172 653 11 14 0.028669596 
409 353 19 22 0.028477527 
159 552 9 10 0.028394682 
749 588 12 16 0.028241651 
348 341 12 16 0.028084602 
503 628 8 13 0.028070904 
376 410 20 25 0.027911091 
364 469 11 13 0.027433848 
325 648 15 22 0.027389964 
398 607 10 13 0.027312221 
327 608 10 11 0.027254919 
203 367 16 20 0.027174477 
1008 630 11 16 0.02703296 
368 591 8 10 0.026978338 
376 550 8 11 0.026811004 
296 85 10 12 0.026784679 
152 620 11 13 0.02674626 
226 315 18 21 0.026722984 
218 144 14 18 0.026693868 
241 544 9 10 0.026589973 
653 71 10 13 0.026567163 
357 331 18 23 0.026445303 
179 614 7 10 0.02638363 
526 606 9 10 0.026313283 
442 612 8 11 0.0263082 
543 624 8 10 0.026279217 
268 582 12 15 0.026245967 
369 596 9 11 0.026245961 
726 572 9 11 0.026105432 
417 597 8 10 0.026080796 
241 549 8 10 0.025864892 
528 149 12 15 0.025863172 
401 527 7 10 0.025813725 
520 592 7 9 0.025750175 
397 589 10 11 0.02569373 
1016 584 7 12 0.025685953 
681 102 11 14 0.025600614 
93 276 14 19 0.025565146 
523 638 8 11 0.025521478 
651 97 11 16 0.025514577 
7 462 12 17 0.025474878 
355 289 15 19 0.025409225 
429 298 14 18 0.025392314 
997 573 9 11 0.025218137 
176 608 8 10 0.025146313 
127 220 11 13 0.02514526 
209 583 8 10 0.025060344 
343 172 13 16 0.02484165 
520 599 8 9 0.024760889 
492 73 11 14 0.02474875 
464 433 18 20 0.02467171 
721 446 16 22 0.024648635 
59 229 14 16 0.024575 
312 580 9 11 0.024559706 
700 355 14 18 0.02453371 
704 612 9 11 0.024413833 
949 400 19 30 0.024383374 
635 147 13 16 0.024367694 
321 427 16 19 0.024361925 
115 638 13 17 0.024355372 
724 421 15 18 0.024244562 
570 583 8 11 0.024211878 
525 642 10 13 0.024193043 
278 405 15 21 0.024125773 
517 285 10 13 0.024110455 
54 623 9 11 0.024037441 
364 86 10 11 0.02401509 
113 598 8 10 0.023994084 
191 559 9 10 0.023989053 
196 659 14 17 0.023724878 
658 149 14 19 0.023721842 
123 230 13 15 0.02371494 
918 378 23 26 0.023565808 
200 551 8 10 0.023505041 
968 591 8 11 0.023500469 
487 55 9 12 0.02347574 
339 187 13 19 0.02346351 
829 374 10 12 0.023462309 
386 620 12 15 0.02342773 
335 552 8 9 0.023386182 
340 197 15 19 0.02336461 
633 592 8 10 0.023359234 
417 612 9 11 0.023302851 
687 548 9 12 0.023234878 
636 213 12 18 0.023223467 
496 592 8 10 0.023095347 
47 269 9 12 0.022964608 
200 584 9 10 0.022904353 
254 581 13 16 0.022802616 
357 168 14 18 0.022792088 
864 584 8 9 0.0227381 
577 588 8 11 0.022732815 
199 268 11 17 0.022707386 
270 543 9 11 0.022634633 
198 630 10 14 0.022607584 
878 229 15 17 0.022590687 
292 619 13 18 0.022506347 
1001 608 8 9 0.022490127 
801 306 18 20 0.022432644 
460 522 11 14 0.022390867 
502 621 9 13 0.02236097 
522 606 8 10 0.022354832 
406 605 9 11 0.022341436 
1009 460 15 22 0.022268571 
682 217 15 18 0.02226747 
271 186 12 14 0.022231538 
366 607 10 12 0.022212293 
197 636 9 12 0.022122726 
889 600 7 10 0.022079214 
1012 177 11 17 0.022063613 
717 427 21 26 0.022015052 
577 632 8 10 0.02199783 
418 592 7 10 0.021960214 
510 624 8 10 0.021924 
261 576 11 12 0.021917263 
791 528 8 11 0.021788057 
597 306 16 16 0.02175456 
368 585 8 10 0.02174499 
287 549 10 12 0.02173833 
643 415 12 14 0.02162857 
145 174 11 13 0.021590188 
341 180 12 15 0.021531029 
246 547 9 11 0.021511592 
311 441 12 17 0.021450348 
183 661 13 17 0.021412613 
197 206 13 18 0.021400146 
374 607 9 12 0.021356301 
973 148 11 14 0.021328688 
661 544 10 10 0.02132501 
959 122 9 13 0.02131439 
866 129 16 20 0.02129389 
351 158 11 14 0.021260833 
149 486 22 26 0.021225736 
1 282 10 16 0.02097306 
262 534 10 11 0.020864753 
129 631 10 13 0.020815417 
335 183 11 16 0.020808192 
320 580 9 11 0.02079286 
331 595 11 13 0.0207662 
362 54 8 10 0.020765435 
317 644 15 22 0.020734396 
794 607 8 9 0.020721994 
388 337 14 19 0.020663805 
629 68 11 15 0.02058763 
398 533 9 10 0.020585405 
421 255 10 13 0.020538423 
329 549 8 11 0.020459492 
582 591 8 9 0.02044811 
52 388 9 12 0.020434536 
486 621 12 16 0.02039121 
841 454 13 13 0.020341758 
409 590 7 9 0.020334698 
111 572 11 12 0.020228438 
17 435 11 15 0.020190066 
551 621 9 10 0.020167254 
473 592 7 10 0.020133492 
406 348 15 19 0.020064024 
205 654 12 16 0.020038417 
