18_Concerts_Concerts_18_133
36
655 352 61 75 0.9980446 
151 1013 33 43 0.9973918 
318 416 68 68 0.99652195 
640 916 36 46 0.9932487 
458 963 38 40 0.9020068 
950 1064 30 26 0.11511282 
34 512 294 262 0.104923874 
351 1027 60 55 0.08882858 
313 977 97 110 0.08777482 
951 1077 12 14 0.063733585 
815 1010 23 27 0.059634343 
525 996 10 13 0.05371072 
319 1010 66 61 0.051902276 
955 1067 16 17 0.051639214 
965 1060 16 19 0.050937247 
333 1002 13 18 0.04734273 
305 987 59 74 0.04171574 
970 1065 17 18 0.0387542 
643 497 15 20 0.034946255 
281 1253 8 12 0.033909757 
314 949 59 90 0.029889127 
307 952 164 239 0.028385155 
516 350 15 22 0.028248211 
534 471 12 14 0.02781777 
309 1024 107 105 0.027050097 
732 1133 36 41 0.02685749 
555 592 13 15 0.026832974 
998 1039 8 9 0.02431321 
541 408 18 20 0.023307886 
89 144 371 476 0.02285675 
281 580 8 9 0.022680543 
535 615 12 15 0.022663234 
552 611 15 17 0.022269417 
399 612 10 11 0.021710709 
330 969 31 37 0.021264682 
586 682 16 20 0.020439692 
