18_Concerts_Concerts_18_522
25
628 658 65 83 0.9992455 
84 636 69 100 0.9955336 
370 591 68 91 0.99280375 
495 654 83 103 0.991576 
889 604 68 98 0.9889086 
920 248 15 19 0.32453644 
954 253 13 17 0.13432688 
995 26 18 21 0.10410391 
667 134 12 14 0.08402102 
123 45 15 18 0.08350992 
24 370 12 16 0.055981927 
902 254 10 14 0.049714282 
967 249 13 16 0.034153365 
941 252 10 14 0.032726873 
254 150 10 12 0.030777793 
892 32 20 20 0.030001609 
896 254 11 14 0.026945453 
980 143 12 14 0.026903007 
418 55 15 20 0.025904002 
519 49 14 18 0.025385028 
367 29 13 16 0.024258021 
1013 126 8 13 0.02350358 
888 253 10 14 0.022987597 
222 144 9 12 0.022079071 
603 33 14 16 0.020744184 
