18_Concerts_Concerts_18_66
158
643 420 60 75 0.99905425 
493 330 61 80 0.9984882 
440 365 65 93 0.9975211 
627 247 36 51 0.9964155 
747 330 50 71 0.99566346 
480 200 23 30 0.9955753 
892 350 44 58 0.9938507 
197 247 33 43 0.9937298 
387 221 25 33 0.9908936 
578 313 47 61 0.9862467 
436 257 39 50 0.98295146 
925 292 39 49 0.9827853 
189 321 38 47 0.9806667 
808 261 39 56 0.9799984 
362 188 17 21 0.9785887 
72 318 50 57 0.9782954 
223 313 51 73 0.9662411 
230 202 20 25 0.96146244 
211 169 22 25 0.952744 
405 199 21 25 0.94999295 
507 180 20 28 0.93795466 
173 201 20 27 0.9342177 
965 474 55 78 0.91819376 
27 265 27 46 0.8697499 
286 462 76 73 0.8506289 
287 159 15 19 0.823467 
781 174 23 28 0.798773 
300 206 16 21 0.75662297 
529 170 16 22 0.7172411 
575 182 23 31 0.7096037 
640 182 17 23 0.69967794 
105 256 27 30 0.6949802 
378 151 10 12 0.5879268 
300 293 32 38 0.5841963 
458 168 13 17 0.4427352 
457 251 30 40 0.41749617 
349 166 12 14 0.39045507 
430 126 8 10 0.34315965 
893 172 17 21 0.31559852 
170 160 18 21 0.26846877 
345 216 15 20 0.25438967 
335 154 11 15 0.24231298 
444 110 10 12 0.23517144 
469 341 69 94 0.22728504 
394 186 15 18 0.21412621 
60 206 31 34 0.153769 
762 172 11 16 0.14964834 
179 176 16 20 0.14928506 
429 131 10 14 0.13038611 
1004 184 19 23 0.12318559 
739 297 30 29 0.1124833 
455 120 8 10 0.11134074 
875 352 35 45 0.10825494 
274 218 15 20 0.102871664 
722 289 36 38 0.102728575 
1 177 58 78 0.10031572 
173 165 21 26 0.09634222 
267 186 14 19 0.090683684 
421 155 11 14 0.08864829 
665 172 15 20 0.088170186 
346 134 9 11 0.084821515 
694 166 11 16 0.08066034 
179 157 15 20 0.07779752 
346 177 13 17 0.07562435 
456 141 10 13 0.0753308 
823 221 22 27 0.07108986 
197 76 16 23 0.06880683 
622 165 13 17 0.06875691 
288 111 8 10 0.065663174 
766 210 20 27 0.0650845 
307 150 11 14 0.064541444 
515 134 14 19 0.0597824 
503 126 9 11 0.059698474 
253 143 9 11 0.059151668 
387 119 7 9 0.058936194 
401 185 17 18 0.058593594 
509 162 15 17 0.058585916 
427 186 16 19 0.05726378 
683 188 15 19 0.056261405 
120 219 21 30 0.054843683 
-8 516 114 80 0.053744305 
114 180 15 20 0.05255094 
854 158 10 13 0.0519125 
441 218 20 27 0.05141977 
833 196 15 19 0.05016281 
397 192 21 25 0.04903202 
580 171 23 33 0.046888217 
253 188 14 18 0.043687027 
8 203 40 43 0.043169715 
448 116 8 12 0.041241206 
328 127 8 10 0.041050196 
320 156 11 15 0.040713303 
750 165 9 10 0.039887413 
121 192 20 25 0.039803997 
170 152 15 18 0.039410792 
274 241 21 27 0.03882818 
207 147 13 16 0.038561366 
261 183 13 18 0.038083415 
685 241 41 48 0.036836233 
260 190 17 21 0.03599364 
847 162 11 14 0.035843335 
325 154 12 16 0.03556366 
509 173 15 19 0.035516277 
101 175 22 30 0.035377614 
293 195 17 20 0.0353597 
684 180 12 16 0.03470952 
382 162 12 17 0.034693323 
165 131 10 12 0.03467002 
310 179 13 19 0.034315668 
760 168 8 11 0.034260895 
760 171 21 30 0.033856608 
829 185 15 18 0.03383889 
927 193 28 32 0.03335018 
374 132 9 11 0.032692414 
421 181 15 17 0.0324491 
899 237 31 33 0.03244226 
554 143 25 29 0.032065336 
697 167 16 21 0.031735394 
15 278 30 44 0.030606702 
291 150 12 14 0.030587424 
412 179 14 16 0.030252445 
308 173 12 17 0.030203134 
397 206 24 29 0.02951263 
844 185 16 21 0.029419372 
515 171 20 28 0.02934156 
438 133 9 12 0.028992938 
607 171 12 18 0.028977267 
688 172 13 17 0.028832147 
247 190 13 17 0.028365415 
462 88 8 11 0.028302573 
423 108 9 12 0.027732432 
315 187 13 19 0.027292412 
832 184 22 27 0.027109025 
339 149 11 15 0.02660746 
415 108 9 11 0.026575487 
291 143 11 13 0.026480574 
174 134 10 12 0.026112154 
251 200 15 19 0.025821317 
616 165 12 17 0.024920454 
410 109 8 10 0.023957074 
904 245 34 40 0.023942826 
462 137 10 13 0.023708448 
945 199 46 56 0.023684522 
461 148 9 12 0.023681689 
786 165 26 32 0.022894682 
422 194 16 20 0.022587012 
326 132 9 12 0.022545453 
753 173 9 13 0.022515202 
627 157 12 14 0.022383375 
450 141 8 12 0.02237869 
267 212 16 23 0.022062842 
590 165 15 21 0.021948978 
608 79 10 11 0.021589683 
462 160 12 16 0.021540998 
305 126 8 11 0.021037 
388 189 18 21 0.020681467 
859 157 10 13 0.02062771 
319 139 10 13 0.020130325 
