18_Concerts_Concerts_18_910
23
228 318 535 588 0.9999691 
203 196 29 33 0.4688291 
133 129 30 37 0.18473579 
475 167 370 524 0.14051019 
192 181 25 36 0.08425289 
266 75 31 34 0.055378158 
136 146 28 36 0.051467117 
760 237 210 361 0.05144623 
65 237 421 478 0.045099225 
385 44 429 431 0.036386244 
233 22 31 45 0.036386177 
197 64 17 23 0.035528984 
70 298 230 289 0.035522133 
418 54 230 207 0.032164387 
505 42 124 145 0.029872138 
147 158 190 214 0.027717862 
194 187 98 137 0.02476578 
210 78 177 221 0.021129692 
122 118 30 35 0.021000905 
235 142 47 56 0.020973178 
313 56 189 205 0.020617247 
756 116 45 65 0.020476984 
251 150 28 35 0.020138692 
