18_Concerts_Concerts_18_127
38
662 167 55 76 0.9979309 
357 229 59 83 0.9978472 
845 203 30 42 0.99474007 
149 267 71 95 0.99448436 
526 223 59 67 0.99327856 
245 131 34 50 0.99261624 
439 234 52 76 0.99239564 
451 183 36 42 0.99219406 
801 190 45 59 0.9918699 
737 189 51 70 0.9918148 
270 231 57 91 0.9914014 
175 165 45 62 0.98991907 
50 177 34 50 0.9895615 
306 179 40 48 0.9748669 
570 187 34 47 0.9665718 
909 207 40 53 0.946119 
948 194 40 53 0.9416069 
7 195 44 57 0.8208839 
127 185 22 37 0.24868007 
752 158 42 46 0.17371826 
25 182 43 55 0.14454852 
403 185 28 38 0.12938532 
295 196 46 62 0.12937827 
999 183 23 43 0.11478459 
444 197 49 61 0.06330323 
539 167 36 40 0.052196737 
591 127 27 35 0.044519033 
542 186 51 59 0.044198364 
592 80 26 40 0.03487991 
405 241 45 66 0.03333313 
294 220 46 75 0.031617418 
541 155 31 34 0.030432435 
591 106 28 38 0.028439276 
828 203 36 47 0.027411172 
394 175 30 36 0.024711771 
380 189 45 53 0.021284832 
622 102 29 41 0.021233216 
467 202 31 47 0.02049957 
