18_Concerts_Concerts_18_1013
113
459 151 114 147 0.99912137 
840 175 8 10 0.07619019 
864 43 9 11 0.07289344 
783 157 8 9 0.072877444 
830 109 8 10 0.070300594 
808 150 8 10 0.06865588 
815 183 7 9 0.06755902 
777 125 7 9 0.067475036 
834 142 8 11 0.063687086 
791 136 8 9 0.062881425 
752 134 7 9 0.06084706 
761 198 7 9 0.058232483 
895 126 9 12 0.05747106 
894 31 10 13 0.05676524 
801 117 8 10 0.05669682 
1014 9 9 14 0.053785108 
888 91 10 12 0.053628158 
800 199 8 11 0.05201015 
847 120 8 11 0.051183272 
770 176 7 9 0.05082266 
870 78 9 12 0.048099644 
918 80 10 12 0.04774381 
831 197 8 11 0.04704939 
767 144 7 9 0.04553585 
825 165 8 10 0.045212276 
777 208 7 10 0.044462733 
864 133 11 13 0.043675262 
874 111 8 11 0.042422947 
901 67 10 13 0.040928412 
816 132 9 11 0.040357627 
760 113 7 9 0.039040633 
841 180 9 11 0.038248707 
856 190 9 10 0.037650228 
754 166 7 9 0.03703568 
825 76 8 10 0.03695675 
866 78 9 11 0.03680351 
877 20 10 13 0.03675026 
752 215 8 11 0.034669887 
837 142 9 11 0.03331298 
762 143 7 9 0.033005673 
892 92 12 13 0.032938905 
827 110 8 9 0.03261853 
846 181 9 11 0.03252609 
736 120 7 9 0.032509133 
720 159 6 8 0.031959314 
784 104 8 10 0.03194858 
877 111 10 12 0.030752806 
799 172 8 10 0.030600121 
928 151 9 11 0.030515919 
776 151 8 9 0.03004087 
793 167 8 9 0.029929332 
759 166 7 9 0.029456254 
743 152 7 9 0.028817436 
785 190 8 10 0.028761748 
942 127 10 13 0.028419835 
840 86 10 12 0.028320923 
729 142 7 8 0.028093917 
881 55 9 12 0.027716616 
792 140 8 10 0.027683865 
801 205 8 11 0.027506812 
841 118 9 12 0.027500262 
856 101 9 10 0.025966715 
745 169 8 9 0.025869828 
979 21 13 15 0.025570907 
912 45 10 12 0.025492605 
785 109 8 10 0.025405386 
811 182 7 10 0.025393862 
791 190 8 10 0.025366072 
870 140 11 13 0.025289893 
775 177 7 9 0.02524971 
846 92 9 12 0.025212934 
779 158 7 9 0.02504405 
816 96 7 10 0.024302043 
880 148 8 11 0.02426745 
799 85 8 10 0.023990903 
871 168 8 11 0.023767108 
984 61 9 11 0.023738144 
891 126 8 10 0.023633737 
817 44 9 10 0.023515034 
913 140 8 11 0.023450173 
848 151 8 11 0.02344715 
998 31 10 13 0.023357013 
815 158 9 11 0.02314616 
823 190 9 11 0.022721613 
902 253 11 13 0.022244114 
849 63 7 10 0.022181664 
856 241 9 11 0.022110661 
919 175 9 11 0.022043156 
840 205 9 11 0.021857267 
738 151 7 9 0.021831404 
816 214 8 10 0.021811351 
900 131 12 14 0.021805543 
822 44 8 11 0.02174643 
770 180 8 10 0.021668956 
824 102 9 11 0.021653982 
781 208 9 11 0.021584697 
870 198 10 12 0.021574032 
728 167 8 9 0.021562194 
768 149 8 10 0.02145116 
905 102 9 11 0.021400725 
832 135 10 11 0.021309914 
936 124 10 13 0.021107137 
854 125 9 12 0.021027971 
897 159 8 10 0.021004288 
867 43 12 14 0.020798037 
822 132 10 11 0.020708576 
520 138 413 555 0.020687474 
799 142 8 11 0.02059074 
721 111 6 8 0.02053356 
801 30 9 10 0.020414578 
848 212 9 12 0.02023723 
830 77 9 11 0.020091567 
841 91 10 12 0.02004354 
