18_Concerts_Concerts_18_504
969
521 613 36 46 0.99190784 
337 630 38 49 0.9911026 
125 389 14 18 0.9723269 
610 472 23 28 0.9669157 
775 469 21 30 0.9564535 
678 545 24 29 0.7709875 
796 372 15 19 0.76761645 
115 580 14 21 0.76070696 
716 95 21 30 0.66025704 
746 652 22 29 0.6527364 
186 386 13 18 0.6489311 
291 416 14 20 0.60782415 
505 540 18 25 0.6017195 
806 335 9 12 0.56808907 
327 372 9 12 0.5226637 
791 327 11 13 0.51649106 
172 376 9 12 0.47998634 
757 343 9 12 0.45746347 
742 333 10 13 0.4447956 
725 355 13 16 0.4326003 
159 558 21 34 0.4315709 
453 412 9 12 0.3934782 
841 197 10 14 0.38001907 
593 384 11 13 0.378078 
287 394 9 13 0.37324926 
687 396 14 19 0.35682353 
511 399 8 11 0.3293209 
247 602 27 29 0.29544672 
881 308 12 16 0.2895134 
986 319 15 22 0.2874562 
322 350 8 10 0.27380145 
449 350 7 9 0.27314106 
634 401 13 17 0.26934674 
505 525 20 31 0.2666154 
653 364 11 13 0.25361365 
775 392 13 17 0.25114626 
969 270 9 13 0.24919385 
351 356 8 10 0.24911311 
86 406 8 11 0.24629132 
367 360 7 9 0.23934981 
470 392 9 11 0.23633581 
199 368 8 10 0.2355743 
0 416 8 12 0.22784956 
33 359 8 10 0.22699925 
583 437 9 12 0.22507401 
641 351 8 10 0.22466694 
969 289 9 11 0.22184017 
796 366 13 16 0.22110929 
319 390 10 14 0.21926335 
207 404 12 16 0.21901667 
627 382 11 14 0.21599647 
853 342 9 10 0.21598032 
623 538 23 28 0.21327725 
721 308 8 11 0.1957185 
303 352 8 10 0.19368552 
974 288 10 12 0.19247343 
821 328 9 11 0.18953855 
221 397 12 15 0.18813175 
617 441 24 29 0.18478432 
264 388 11 15 0.17868093 
39 574 14 24 0.1752498 
941 276 10 12 0.17456393 
288 367 8 10 0.17438488 
891 280 8 11 0.17398266 
334 388 9 11 0.17299871 
682 352 8 10 0.17267628 
185 356 8 11 0.1724747 
393 365 8 10 0.16914734 
861 214 13 16 0.16565472 
401 389 10 14 0.16381395 
676 370 12 15 0.16337144 
1013 363 9 15 0.15818034 
487 409 9 11 0.15309043 
463 360 8 10 0.15246604 
992 283 10 13 0.15089248 
72 377 9 10 0.14831734 
343 352 7 9 0.14579001 
849 312 10 12 0.13673417 
183 353 8 10 0.13340466 
134 364 9 11 0.13068059 
293 367 8 10 0.12876292 
361 351 7 9 0.12754999 
686 351 8 11 0.12673321 
161 548 30 34 0.12622902 
163 438 12 15 0.12551878 
150 369 8 10 0.12496586 
778 325 8 11 0.12277735 
102 319 7 9 0.11753437 
222 372 8 10 0.116123125 
942 271 11 13 0.114869 
282 367 8 11 0.113940075 
193 341 8 9 0.11385157 
725 307 10 12 0.11224865 
53 399 10 12 0.11186254 
526 389 10 12 0.11160279 
837 213 12 16 0.10932891 
608 384 9 11 0.109293066 
0 390 8 11 0.10836333 
865 293 11 15 0.10627608 
361 382 9 10 0.10494396 
200 373 8 11 0.10379417 
310 390 9 13 0.10340749 
785 302 8 10 0.09928747 
493 453 16 16 0.09926589 
520 399 9 11 0.09899953 
114 396 9 13 0.09889923 
64 406 8 10 0.09887867 
162 569 25 30 0.098065495 
825 398 42 47 0.09738552 
82 407 8 11 0.09725175 
704 295 8 10 0.09669143 
253 382 8 13 0.096468724 
895 398 12 15 0.0964545 
326 412 13 17 0.09638784 
48 400 11 12 0.09452614 
563 663 24 23 0.0940831 
552 397 9 11 0.0940419 
615 361 9 10 0.09357642 
902 271 9 10 0.09314433 
379 369 7 9 0.093106836 
471 421 9 10 0.0930764 
802 280 8 9 0.092839085 
111 367 8 10 0.09223704 
168 357 8 11 0.092017226 
110 391 9 13 0.09196778 
48 383 8 9 0.091357455 
618 335 8 9 0.091088355 
710 571 15 16 0.090991445 
361 376 7 9 0.0904535 
910 279 8 9 0.0894882 
668 494 21 28 0.08932888 
135 412 10 12 0.087794356 
247 367 8 10 0.08750774 
150 410 10 13 0.087487526 
153 353 9 10 0.08692924 
218 373 8 11 0.086874306 
320 581 29 33 0.086663105 
407 367 8 9 0.08491418 
761 296 9 11 0.083741315 
557 452 13 17 0.08323405 
384 350 7 9 0.08322893 
368 365 7 10 0.082944915 
507 399 8 11 0.082923375 
838 201 12 16 0.08220785 
762 434 12 15 0.08191579 
746 302 8 11 0.08169008 
5 559 19 28 0.08164841 
623 328 8 10 0.081509545 
697 312 7 10 0.081444696 
690 367 9 13 0.08136483 
559 390 8 11 0.08134924 
595 466 18 23 0.08102145 
305 390 10 12 0.08070652 
752 335 9 12 0.080674246 
350 180 13 20 0.08053475 
71 479 8 10 0.08037991 
750 302 9 12 0.08025903 
489 397 8 10 0.079803646 
622 334 8 10 0.07936575 
255 357 8 10 0.07874728 
513 375 8 10 0.078143895 
613 387 8 12 0.077823326 
482 412 8 11 0.07780968 
229 435 14 19 0.077730596 
345 342 8 9 0.077675715 
476 443 11 13 0.077284805 
821 352 9 11 0.077081874 
410 360 7 9 0.07665835 
551 453 13 19 0.07591963 
777 320 8 10 0.07537815 
333 417 12 15 0.07529298 
907 279 7 9 0.07518661 
706 405 15 22 0.07455814 
325 388 10 13 0.07423704 
272 356 8 10 0.073754065 
800 333 9 12 0.07346936 
285 425 12 14 0.07279976 
94 380 8 10 0.07255045 
785 297 9 10 0.07181904 
269 382 10 12 0.071784995 
37 404 11 14 0.07173734 
753 309 9 12 0.07165333 
753 317 8 11 0.07081118 
803 574 14 20 0.07055837 
495 398 8 10 0.07050564 
318 358 8 10 0.07004179 
899 350 12 15 0.06990236 
668 395 14 16 0.06896815 
775 303 7 10 0.06896808 
788 407 16 21 0.06896273 
698 317 7 10 0.06881461 
482 351 7 8 0.06835771 
533 392 9 11 0.06754988 
422 343 7 9 0.067431 
948 269 10 12 0.06682868 
190 357 7 11 0.06664591 
362 345 7 9 0.066629834 
503 366 8 10 0.06646453 
72 319 7 9 0.06636489 
720 491 19 21 0.0662009 
154 382 7 10 0.065395385 
565 474 13 18 0.06493527 
833 336 8 10 0.064727 
120 394 11 14 0.0637658 
195 367 8 11 0.063367814 
983 309 11 16 0.06335438 
838 334 8 10 0.063094884 
630 374 9 12 0.06299274 
197 337 8 9 0.06262581 
457 359 8 10 0.062462643 
416 360 7 9 0.062034708 
817 286 8 10 0.061625525 
719 351 14 17 0.061238505 
178 309 7 9 0.061235067 
968 275 9 12 0.06117038 
147 373 7 10 0.06114134 
332 430 12 14 0.061133366 
797 357 13 16 0.060541417 
993 322 15 19 0.060448736 
817 403 27 31 0.06020193 
344 509 10 12 0.059644282 
492 407 10 12 0.0595454 
577 312 7 9 0.058866892 
55 404 9 11 0.058559693 
487 350 7 9 0.05836756 
145 391 9 12 0.058217287 
497 366 8 10 0.05753251 
199 295 7 9 0.057377532 
473 440 10 13 0.05727457 
894 223 11 13 0.056942843 
488 376 8 10 0.056926414 
159 397 11 14 0.056802362 
272 375 8 10 0.056799136 
419 342 7 9 0.05678358 
981 239 11 13 0.056664813 
55 382 7 9 0.056611665 
294 571 14 16 0.05657436 
382 368 7 9 0.056547802 
84 390 9 12 0.056112267 
409 436 13 14 0.05600088 
722 315 9 13 0.055821758 
689 310 7 9 0.055384994 
873 344 9 11 0.054995816 
851 197 10 12 0.054972332 
238 350 7 9 0.05485874 
147 368 7 10 0.05482542 
619 329 7 9 0.054659978 
206 367 8 10 0.05464867 
756 537 13 15 0.05459376 
192 388 13 15 0.054287504 
684 412 15 20 0.05410566 
268 394 11 14 0.054060083 
313 343 7 9 0.05398067 
658 317 8 10 0.053606004 
57 377 7 9 0.053511992 
337 357 8 10 0.053423226 
159 376 7 10 0.053415015 
247 200 11 13 0.053343773 
158 352 8 11 0.053252775 
775 407 22 27 0.053216703 
440 400 8 9 0.053016644 
757 393 14 18 0.052896332 
537 334 7 10 0.05272495 
844 285 10 13 0.05259759 
169 322 8 9 0.052517466 
636 372 11 12 0.05232402 
449 358 9 10 0.052286334 
843 199 14 17 0.05228341 
944 265 10 12 0.052219078 
385 344 7 10 0.052055232 
591 360 8 10 0.052005664 
813 394 13 16 0.051976092 
134 421 12 16 0.051877357 
759 318 7 11 0.051841605 
295 342 7 9 0.051638555 
907 285 7 10 0.051541403 
600 350 8 11 0.05096773 
362 528 10 13 0.050647624 
772 417 18 21 0.050570507 
64 377 7 9 0.050567564 
674 319 7 9 0.05045794 
423 350 8 9 0.0500201 
649 287 8 11 0.049667794 
856 303 8 10 0.049436674 
576 358 8 10 0.048956506 
839 357 11 13 0.048773516 
545 360 7 9 0.04839277 
439 359 8 10 0.048378266 
71 342 8 10 0.048027188 
344 533 11 15 0.04788029 
524 397 10 12 0.04776113 
839 350 10 11 0.04775902 
519 374 7 9 0.047630675 
87 400 8 10 0.047591202 
257 354 7 9 0.047314625 
790 357 13 17 0.047301836 
345 357 8 10 0.047228653 
774 334 8 10 0.04721774 
69 604 14 15 0.047183197 
289 371 9 12 0.047055144 
853 373 13 15 0.046977643 
536 361 7 9 0.046862435 
642 345 8 10 0.046524215 
614 373 9 11 0.04648371 
488 424 9 12 0.046397887 
298 358 8 10 0.046214595 
842 395 17 18 0.046115503 
62 495 10 13 0.04604871 
495 344 7 9 0.045864522 
535 329 7 8 0.045664992 
141 410 11 13 0.045611817 
591 310 8 9 0.045537546 
781 320 8 11 0.04550617 
833 341 8 9 0.045443546 
536 396 9 11 0.045394126 
961 279 7 10 0.045387633 
157 381 8 10 0.045318447 
392 425 10 15 0.045220513 
599 310 8 9 0.04509306 
240 344 7 9 0.0450823 
616 286 8 9 0.04507255 
89 381 8 10 0.044985842 
527 385 9 11 0.0449385 
529 359 8 9 0.044924192 
142 327 7 9 0.04487574 
617 342 8 10 0.04462621 
85 429 10 13 0.044552837 
645 350 8 11 0.044357453 
559 406 9 11 0.044233102 
702 301 9 10 0.044183064 
278 373 8 10 0.044102196 
301 230 9 11 0.043732997 
593 350 8 10 0.043730784 
918 255 10 13 0.04366847 
347 336 8 11 0.043479014 
521 367 7 9 0.04346208 
400 383 9 11 0.043444026 
377 343 7 9 0.043342493 
418 366 7 10 0.043309912 
368 342 7 10 0.043261018 
199 653 34 32 0.043236196 
647 342 8 10 0.043156717 
911 300 10 12 0.043142423 
578 438 10 12 0.043134626 
585 360 7 10 0.043090817 
317 229 8 10 0.042768013 
708 562 25 27 0.04268481 
440 430 8 10 0.042555712 
78 375 8 10 0.042526353 
305 335 7 9 0.04251222 
796 350 11 13 0.0425055 
522 343 8 10 0.042326253 
732 309 10 13 0.04223124 
651 359 9 11 0.042086072 
872 349 9 11 0.042001322 
424 406 8 10 0.04190176 
789 302 9 10 0.041894935 
480 333 7 9 0.041819148 
770 334 8 9 0.041793086 
565 405 9 11 0.04166653 
995 251 14 18 0.041603968 
151 317 7 10 0.041599814 
376 391 10 13 0.041599486 
224 391 11 16 0.0415217 
585 406 10 14 0.041375924 
366 381 8 10 0.04135735 
912 222 11 13 0.041273583 
679 318 7 9 0.041212264 
211 409 13 16 0.041188803 
164 397 11 13 0.041140128 
210 344 7 9 0.0410993 
271 369 8 9 0.041080084 
37 359 8 10 0.041031796 
210 359 7 10 0.041014686 
293 390 9 12 0.04092708 
817 355 10 12 0.040861946 
789 279 8 9 0.040856406 
835 392 27 30 0.040757652 
321 326 7 9 0.040662 
630 404 14 21 0.040544182 
16 398 9 12 0.04051006 
249 374 7 10 0.040475875 
197 401 13 17 0.040405456 
610 366 9 10 0.040340208 
78 412 9 12 0.040289767 
561 336 7 8 0.04025684 
693 390 12 18 0.040133357 
768 318 8 10 0.04002506 
639 390 12 15 0.03985844 
529 352 7 8 0.039810877 
553 404 9 12 0.039788477 
981 286 10 12 0.039776076 
363 358 7 9 0.039754882 
265 375 9 11 0.03971246 
399 366 7 10 0.039596975 
506 341 7 9 0.039526206 
393 398 8 10 0.039437808 
202 326 8 9 0.039424833 
407 406 8 10 0.039065048 
151 396 10 14 0.0390507 
66 342 8 9 0.038918175 
465 352 7 10 0.038856152 
31 389 9 11 0.03878789 
105 359 7 9 0.038741272 
514 360 7 9 0.03862192 
814 408 14 21 0.038611308 
783 311 8 9 0.038492374 
798 434 15 17 0.03842281 
348 451 11 15 0.0383101 
31 363 9 11 0.03829388 
415 519 9 12 0.038281832 
284 403 12 19 0.038170017 
591 335 7 9 0.038021706 
620 360 9 10 0.037963938 
656 343 8 10 0.03787091 
574 367 8 10 0.037870336 
756 337 10 11 0.037861653 
555 321 7 9 0.037805784 
518 362 8 9 0.037764687 
55 343 7 9 0.037564445 
984 278 9 11 0.037554104 
78 382 8 11 0.037474796 
480 391 8 11 0.037424985 
156 404 12 15 0.037403867 
632 301 7 10 0.037396632 
106 366 7 10 0.03737474 
634 367 9 12 0.037363093 
901 374 12 15 0.037336007 
372 428 14 17 0.03728702 
752 349 10 12 0.037286676 
767 389 11 14 0.037253458 
65 320 7 9 0.03723704 
575 353 7 9 0.03700946 
765 401 11 15 0.03699393 
672 343 9 10 0.036841813 
585 305 8 9 0.0367694 
569 369 7 9 0.036678832 
853 314 10 14 0.03665042 
304 344 7 9 0.036571544 
48 430 11 13 0.036447927 
425 337 7 8 0.036413208 
776 310 8 11 0.036404256 
611 361 8 9 0.036403585 
816 332 10 11 0.0361293 
88 376 8 10 0.03593846 
136 345 8 10 0.035925582 
893 284 8 10 0.03591094 
280 359 7 9 0.035890613 
138 668 17 18 0.035877287 
602 337 7 9 0.035866063 
167 338 7 9 0.035787202 
243 366 8 10 0.035635937 
586 366 8 10 0.035630047 
559 398 8 11 0.03553513 
630 325 8 10 0.035355266 
979 292 11 13 0.035353906 
513 366 7 10 0.035122477 
315 367 7 9 0.035007022 
911 273 8 11 0.03491097 
488 598 30 37 0.034779392 
130 309 8 10 0.034770902 
478 546 10 13 0.03460461 
697 303 7 9 0.034477524 
24 381 8 11 0.034424134 
697 333 8 11 0.034361172 
809 303 8 11 0.034333546 
311 351 7 10 0.03422083 
618 312 7 9 0.03417287 
934 288 10 16 0.034170147 
398 333 7 9 0.034144174 
143 483 12 14 0.0341419 
48 388 9 11 0.034084566 
561 369 7 9 0.03401278 
728 294 8 9 0.033891216 
865 511 27 31 0.033882882 
296 384 8 10 0.033822134 
290 341 8 10 0.033797912 
768 300 9 11 0.033794068 
622 557 25 27 0.033782423 
161 337 7 9 0.03374153 
6 390 8 11 0.03372524 
374 382 9 10 0.033600125 
672 326 7 8 0.033437278 
910 216 9 11 0.03335845 
203 320 7 10 0.03330907 
16 353 7 10 0.03327764 
607 342 8 9 0.03326693 
495 393 8 10 0.03323157 
380 427 12 15 0.033169635 
170 582 18 24 0.033157457 
66 336 8 10 0.033097025 
425 327 6 8 0.033075575 
489 261 9 11 0.033041097 
711 326 8 11 0.033036146 
278 404 12 19 0.032955267 
888 254 12 14 0.032933086 
950 264 10 12 0.03291596 
294 372 8 12 0.03282433 
230 373 8 9 0.032812007 
663 389 10 13 0.032721877 
422 367 7 10 0.03272161 
254 545 21 30 0.032700665 
879 286 9 11 0.032699596 
793 321 8 10 0.03269789 
699 500 15 19 0.03266881 
17 358 9 11 0.03258144 
647 312 7 9 0.032565884 
593 346 7 9 0.032523107 
780 349 12 16 0.032430105 
804 407 14 23 0.032302175 
392 343 7 10 0.03214931 
527 344 7 9 0.032052547 
121 343 7 9 0.03201431 
162 302 7 9 0.03194657 
264 295 8 10 0.03190778 
538 366 7 9 0.031844754 
821 404 15 21 0.03183551 
773 403 16 21 0.031728894 
560 374 8 9 0.031587977 
701 318 7 10 0.031548634 
878 278 9 10 0.03148542 
571 427 13 15 0.03148074 
543 366 7 9 0.031405162 
207 326 7 9 0.03138794 
871 375 9 13 0.031355537 
64 447 9 11 0.03125103 
639 356 8 10 0.031246493 
464 294 7 9 0.031213848 
352 373 8 10 0.03118466 
601 343 8 10 0.031042196 
365 405 10 14 0.030995088 
412 216 10 12 0.030915186 
7 405 9 11 0.030910986 
156 412 11 13 0.030877225 
840 316 8 11 0.030858563 
613 435 14 19 0.030809488 
299 352 7 9 0.03071089 
330 327 7 8 0.030581027 
633 297 8 10 0.030556856 
386 360 7 9 0.03047502 
65 381 7 10 0.030472692 
54 389 9 11 0.03044221 
568 374 8 9 0.03041806 
607 337 7 9 0.030320527 
534 320 7 9 0.030308874 
768 382 11 13 0.030263906 
648 336 7 9 0.030253833 
122 327 7 9 0.030226257 
559 467 12 18 0.030213611 
395 334 7 9 0.030164719 
417 389 8 11 0.030120583 
229 389 10 15 0.03007562 
801 363 13 15 0.030014966 
550 359 7 10 0.029991847 
417 384 9 10 0.02998939 
32 353 8 10 0.029960455 
982 271 10 12 0.029767973 
610 374 8 11 0.029751435 
400 351 7 9 0.029734494 
96 336 7 10 0.02969802 
679 395 13 19 0.029694464 
808 319 9 10 0.029693471 
489 361 7 9 0.029672131 
850 410 16 21 0.029622588 
807 502 24 36 0.02960582 
586 351 7 9 0.029590482 
309 404 9 14 0.029520022 
576 343 7 9 0.029425794 
801 304 8 10 0.029274194 
888 327 11 14 0.029270828 
357 390 9 11 0.029220898 
391 518 8 10 0.02921093 
255 368 8 10 0.02915947 
1015 339 8 14 0.029115858 
265 353 7 9 0.029110176 
764 342 10 13 0.02905511 
775 289 8 9 0.028924258 
259 329 7 9 0.028830627 
560 384 9 11 0.02882871 
368 400 8 11 0.028828088 
1006 257 12 15 0.028795972 
32 399 11 15 0.028770024 
206 372 8 11 0.028761124 
590 365 8 10 0.02872695 
384 422 10 14 0.028676063 
568 422 12 14 0.028631052 
296 229 9 11 0.028620413 
529 334 6 9 0.028471202 
441 351 8 9 0.028470514 
621 366 9 10 0.02841905 
675 374 15 19 0.028389053 
358 398 9 11 0.028379163 
865 208 8 10 0.028367452 
862 319 9 12 0.028275687 
105 352 7 10 0.028240558 
612 540 25 31 0.028227352 
223 335 8 9 0.028210063 
624 312 7 8 0.028191762 
30 384 9 10 0.028149871 
168 412 13 16 0.028144393 
553 344 7 8 0.028125733 
331 599 29 32 0.028092057 
145 396 10 13 0.028085819 
199 360 8 10 0.02803825 
467 397 8 10 0.027985824 
255 386 9 14 0.027977495 
77 503 9 11 0.027898336 
163 342 7 8 0.027887965 
281 545 12 15 0.027876906 
837 342 8 10 0.027869217 
504 360 8 10 0.02785812 
449 365 7 10 0.027831879 
431 392 8 10 0.027831543 
166 353 8 11 0.027792016 
761 327 7 9 0.027764676 
146 318 7 9 0.027757792 
487 381 9 10 0.027745465 
453 351 8 10 0.027736077 
282 428 9 12 0.027697194 
800 320 7 10 0.027661901 
392 380 8 11 0.027640274 
365 412 11 14 0.027627252 
565 400 9 11 0.02762491 
545 351 8 9 0.02761409 
351 460 8 11 0.027607676 
458 365 8 10 0.027601313 
943 245 10 11 0.0275802 
49 378 8 8 0.027576113 
38 391 9 10 0.02757318 
319 367 8 10 0.027552903 
873 275 9 11 0.027542032 
655 350 8 10 0.027530512 
282 390 9 13 0.02748556 
870 206 8 10 0.027427677 
554 326 7 9 0.027416617 
42 384 7 9 0.027410015 
350 342 7 9 0.02740483 
425 424 9 11 0.02738438 
794 413 16 23 0.027336765 
121 319 7 9 0.027325481 
72 314 6 8 0.02732439 
622 341 7 10 0.027282247 
381 372 7 10 0.027240247 
497 361 7 10 0.027222173 
339 427 11 14 0.02721367 
851 402 15 19 0.027186844 
784 286 8 9 0.027129905 
688 345 9 10 0.027042318 
476 459 11 14 0.027005322 
801 310 8 10 0.02694823 
791 310 8 10 0.026930867 
234 345 7 8 0.026881618 
692 349 10 13 0.026873376 
277 381 8 11 0.02685198 
388 468 13 14 0.02685183 
626 375 9 10 0.02684173 
590 305 8 9 0.026793605 
704 374 10 14 0.02679246 
417 374 8 10 0.026788108 
32 341 9 11 0.026744202 
553 430 9 12 0.026680144 
94 365 9 10 0.026622541 
254 374 7 10 0.026621258 
216 343 7 10 0.026616491 
969 265 9 12 0.026596267 
862 231 12 12 0.026540365 
570 352 6 9 0.026519863 
601 306 7 8 0.026440123 
981 305 20 31 0.026422366 
278 352 7 10 0.02637686 
770 311 8 11 0.026373923 
756 382 11 15 0.02637063 
210 351 7 9 0.026362868 
131 556 12 14 0.026348067 
530 376 7 9 0.026317291 
70 407 8 10 0.02627618 
839 363 12 13 0.026250841 
806 309 9 11 0.026223714 
315 538 11 15 0.026209552 
658 389 9 13 0.026177 
831 303 10 12 0.026164645 
634 359 8 10 0.026068142 
873 269 10 12 0.02601896 
814 319 9 10 0.026010081 
921 286 8 10 0.025984297 
928 290 9 14 0.025943592 
714 309 7 10 0.025940003 
531 329 7 8 0.025938025 
905 215 9 11 0.025925774 
106 390 9 12 0.025866924 
303 395 12 15 0.025850886 
481 429 8 9 0.025843514 
597 358 9 10 0.025836565 
321 322 7 9 0.02581195 
937 272 11 13 0.025772719 
290 337 7 9 0.025757987 
505 374 7 9 0.02573774 
495 375 8 9 0.025663387 
166 404 12 14 0.02562632 
1012 273 11 17 0.025622189 
718 535 13 17 0.025611168 
434 627 17 17 0.025530856 
292 395 11 14 0.02545934 
383 467 12 13 0.025448468 
560 343 7 9 0.025440795 
856 286 9 11 0.0254061 
782 342 10 13 0.025400331 
48 424 10 11 0.025345927 
746 526 23 26 0.025305167 
552 368 7 9 0.025295805 
0 396 9 12 0.02525827 
434 344 7 9 0.025191497 
130 360 8 11 0.025183525 
784 332 10 12 0.025158586 
345 459 9 11 0.025137516 
128 336 7 8 0.02512541 
712 331 11 16 0.025120769 
662 451 13 17 0.025098218 
684 546 40 43 0.025071269 
731 350 13 17 0.02502604 
846 292 10 12 0.024999816 
193 373 8 10 0.024986882 
399 329 6 9 0.02494044 
55 423 10 12 0.024909224 
558 413 9 11 0.024884539 
65 327 8 9 0.024877949 
369 338 7 8 0.024875851 
416 326 7 9 0.024874428 
590 293 8 10 0.024859888 
752 326 8 10 0.024821728 
69 446 9 11 0.024766905 
424 400 9 11 0.024763308 
470 383 9 10 0.024754232 
866 218 13 15 0.024738453 
772 577 19 18 0.024729319 
871 253 8 10 0.024715237 
49 414 8 11 0.024667043 
791 261 9 10 0.024612172 
418 338 6 8 0.024546094 
615 351 9 10 0.0245046 
10 570 16 25 0.024489664 
522 336 7 8 0.024485646 
1008 357 10 15 0.02448419 
560 327 7 9 0.02447449 
463 344 7 9 0.024464633 
474 334 7 9 0.024441719 
418 352 7 9 0.02439568 
130 412 9 12 0.024391003 
566 383 9 10 0.024350094 
61 421 11 13 0.024346076 
318 419 12 15 0.024222123 
362 369 7 9 0.024216872 
961 286 8 11 0.024215428 
708 293 9 11 0.024200955 
907 376 16 19 0.024192108 
994 424 15 19 0.024170715 
313 336 6 9 0.024137044 
229 402 12 16 0.02412613 
150 391 9 11 0.02411147 
584 374 8 10 0.024092752 
896 344 10 12 0.024089409 
712 551 26 30 0.024078539 
503 415 8 10 0.02406259 
607 350 8 11 0.024025781 
900 264 10 12 0.024010247 
870 289 10 13 0.02397561 
830 357 9 12 0.02396932 
854 348 9 12 0.02393554 
454 417 9 13 0.023922253 
401 317 8 10 0.02389738 
64 440 9 11 0.023868702 
943 303 11 14 0.023848148 
441 391 8 11 0.023834532 
575 375 8 10 0.023826705 
687 304 8 11 0.023793127 
359 404 11 15 0.023787055 
665 301 7 9 0.02378353 
649 328 7 9 0.023772974 
472 311 8 9 0.023720013 
412 416 10 11 0.023715386 
394 415 8 11 0.023670087 
495 412 9 11 0.02364422 
663 344 8 9 0.023634685 
864 288 10 13 0.023597637 
333 367 9 11 0.023555053 
535 351 6 9 0.023541542 
125 650 31 37 0.023535496 
678 344 9 10 0.023534339 
846 193 10 12 0.023519723 
320 406 13 17 0.023513673 
258 333 7 10 0.02349817 
62 401 8 11 0.02348672 
295 337 7 9 0.023475368 
638 383 10 12 0.023436802 
568 345 7 9 0.023425555 
370 319 7 9 0.02340699 
350 471 11 13 0.023357263 
944 240 10 12 0.02333959 
893 260 12 14 0.02333817 
328 384 9 12 0.023316333 
583 398 9 12 0.023311978 
701 311 8 10 0.023281114 
743 351 10 13 0.023223843 
351 366 9 11 0.023191085 
641 327 7 8 0.023179665 
957 262 9 11 0.023170566 
397 414 9 11 0.023143545 
609 303 7 9 0.023139084 
639 301 8 10 0.023099205 
20 398 10 13 0.023076734 
225 543 20 31 0.023055635 
73 440 8 11 0.023019318 
863 395 12 16 0.022984928 
339 420 11 14 0.022979105 
435 359 7 10 0.022963246 
585 310 7 9 0.022949608 
734 316 9 11 0.022948185 
379 285 7 10 0.022930361 
855 358 9 10 0.022899196 
758 375 10 13 0.02286893 
250 427 12 16 0.02286753 
433 351 8 9 0.022824576 
949 303 10 13 0.022813646 
47 434 13 16 0.022770632 
441 384 7 10 0.022768518 
920 246 10 13 0.022754908 
408 215 10 11 0.022696897 
632 321 8 9 0.022694023 
17 412 9 11 0.022677923 
470 366 8 10 0.022664346 
37 341 9 11 0.022612385 
632 336 7 9 0.022560133 
835 390 17 19 0.022557786 
807 543 11 14 0.022510197 
71 484 9 11 0.022477223 
643 396 14 18 0.022456164 
725 518 17 21 0.022445051 
4 461 11 12 0.02244364 
889 390 9 11 0.02241955 
762 581 31 29 0.02238142 
533 383 9 10 0.022371951 
856 278 9 10 0.022360623 
83 667 17 17 0.022314744 
849 336 8 10 0.022294464 
432 524 11 13 0.022221994 
247 318 7 9 0.022167975 
808 396 12 18 0.022152897 
584 335 8 10 0.022133032 
431 430 7 10 0.022094972 
191 353 8 10 0.022075018 
674 350 9 10 0.02206512 
354 391 8 11 0.022027535 
329 222 9 11 0.022002725 
536 375 7 9 0.0219864 
815 372 11 15 0.021973701 
832 308 10 13 0.02196683 
575 413 9 10 0.021947518 
1012 415 10 15 0.021934656 
511 393 8 10 0.021934493 
853 367 12 14 0.021918803 
577 288 7 9 0.021885924 
127 327 7 10 0.021884749 
218 369 8 9 0.021853454 
570 359 7 9 0.021849515 
341 390 8 11 0.021847859 
817 343 8 10 0.021834806 
951 277 8 11 0.021803679 
905 301 9 12 0.021797063 
366 376 8 10 0.021770813 
624 320 7 9 0.021737741 
440 406 8 11 0.021717053 
577 319 8 9 0.02170493 
128 344 7 9 0.02169896 
873 306 11 16 0.02169321 
321 346 7 9 0.021681575 
655 336 8 10 0.02165979 
818 282 7 9 0.021657519 
586 430 12 15 0.021656778 
560 350 7 9 0.021629294 
663 459 14 18 0.021621803 
981 300 12 17 0.021585152 
552 350 7 10 0.021584852 
47 327 8 10 0.021563545 
432 397 8 12 0.021546863 
729 361 14 16 0.021510977 
852 202 11 15 0.021500051 
667 464 14 18 0.021494914 
419 661 29 28 0.021494072 
994 279 13 14 0.021493541 
145 381 8 11 0.021448843 
94 426 13 20 0.021439413 
407 433 11 13 0.021394223 
745 296 8 10 0.021386575 
297 318 7 9 0.02135863 
869 334 10 11 0.021331126 
448 330 7 8 0.02133046 
889 397 10 13 0.021321604 
888 294 10 12 0.021310808 
703 331 10 14 0.021285161 
424 389 8 11 0.021270938 
865 292 17 27 0.021225853 
469 359 8 10 0.021225259 
328 434 13 14 0.021218235 
489 345 7 9 0.021173272 
606 443 12 19 0.021171171 
446 399 8 10 0.021170855 
552 336 7 8 0.021105256 
312 375 7 9 0.021048052 
577 335 8 9 0.021023525 
545 329 6 9 0.020993391 
940 284 10 12 0.020976087 
400 540 13 15 0.020969428 
658 364 10 13 0.020957818 
546 397 9 12 0.02093276 
456 400 8 9 0.020922946 
776 296 7 9 0.020912787 
729 647 41 42 0.020901656 
812 393 20 27 0.020899657 
280 544 24 32 0.020849757 
809 490 44 55 0.020840598 
872 264 9 11 0.020827573 
217 328 7 9 0.020822642 
510 337 7 8 0.020819513 
745 306 10 14 0.0207964 
975 307 10 14 0.020766314 
186 327 6 9 0.020761404 
577 328 7 9 0.020758368 
564 390 10 12 0.020738056 
405 453 12 14 0.020725682 
879 292 9 13 0.020657115 
88 367 9 10 0.020652441 
395 329 6 8 0.020643424 
693 341 9 12 0.020627009 
184 294 7 9 0.020608172 
586 409 14 16 0.020601608 
469 403 9 12 0.020595819 
755 431 21 24 0.020594893 
767 328 8 10 0.020579072 
814 302 8 11 0.020558828 
385 383 8 10 0.020548902 
642 336 7 9 0.020507589 
130 305 8 9 0.020480175 
120 583 15 21 0.0204789 
821 374 9 12 0.0204662 
449 333 7 9 0.020447385 
861 236 12 13 0.02043564 
409 419 10 13 0.020433573 
392 350 7 10 0.020433554 
799 342 10 12 0.020419214 
863 279 8 10 0.020402268 
973 264 9 11 0.02040157 
530 487 22 26 0.0203632 
241 374 8 9 0.020360097 
153 435 13 16 0.020358346 
400 408 9 10 0.02028286 
608 429 12 16 0.020228565 
512 381 9 10 0.0202236 
680 288 7 9 0.020221347 
781 383 11 12 0.020220824 
944 224 9 11 0.020216607 
495 641 23 30 0.020200305 
383 556 15 17 0.020193597 
0 635 11 21 0.02013095 
127 320 7 8 0.020114582 
379 350 7 9 0.020104343 
901 345 10 12 0.020086959 
828 395 17 19 0.020047955 
728 289 8 10 0.020017715 
63 413 9 11 0.020011688 
