18_Concerts_Concerts_18_872
104
514 124 89 126 0.9989858 
211 1259 44 53 0.12124547 
69 1262 21 30 0.09472606 
73 1370 20 23 0.0885207 
200 1302 29 35 0.08325145 
164 1331 18 25 0.076370426 
717 1231 27 31 0.07269207 
303 1320 27 40 0.072194345 
374 680 92 105 0.06812843 
499 1217 15 19 0.06242399 
422 1211 17 18 0.062225327 
269 1245 40 55 0.061683137 
0 1338 17 21 0.058143735 
143 1277 29 36 0.054769583 
363 1297 16 20 0.05166619 
117 1077 322 443 0.049425695 
0 1372 25 32 0.049193673 
230 1269 33 40 0.047082007 
134 1196 15 18 0.047000803 
631 1203 25 30 0.043229148 
785 1235 16 21 0.04297657 
659 1300 18 23 0.042256262 
501 1293 14 16 0.036953732 
30 1318 24 31 0.036800157 
243 1356 15 19 0.036271606 
380 1188 16 19 0.035759076 
237 1171 28 31 0.035619695 
713 1196 37 39 0.03512572 
562 1286 14 18 0.034596056 
187 1292 30 35 0.03271139 
635 1187 17 17 0.031792637 
38 1323 33 41 0.03178408 
669 1284 11 14 0.031749193 
568 1166 11 13 0.031449754 
478 1042 331 462 0.03140819 
24 1365 23 29 0.030962294 
246 1246 42 59 0.03061986 
265 1241 31 39 0.030496456 
699 1169 18 20 0.03045591 
203 1150 26 40 0.030080924 
496 1282 13 16 0.02955891 
206 1210 44 51 0.029281285 
205 1229 48 58 0.029280052 
739 1328 18 24 0.028884895 
790 1249 23 25 0.028327761 
706 1197 23 33 0.028126072 
199 1271 45 54 0.028043207 
557 1356 14 17 0.028004015 
194 1283 16 19 0.027268657 
455 1300 26 31 0.02725374 
729 1237 27 31 0.026733985 
763 1274 19 21 0.026654623 
662 1277 11 13 0.02638137 
151 1232 28 34 0.026186476 
439 1393 27 32 0.026100853 
191 1280 25 30 0.025906423 
247 1336 25 29 0.025858818 
170 1199 23 29 0.025775893 
572 1269 13 15 0.02574125 
254 1173 25 31 0.025302779 
218 1192 33 37 0.025242174 
485 1315 24 30 0.025008261 
455 1346 16 17 0.024895595 
163 1232 16 19 0.024614714 
330 1265 27 28 0.024558073 
131 1343 15 19 0.0245166 
596 1164 17 17 0.024255656 
467 1210 16 20 0.024194697 
295 1206 30 38 0.024103696 
697 1265 26 30 0.023941046 
294 532 40 47 0.023781223 
707 1209 31 38 0.023642426 
251 1353 13 17 0.023458825 
293 1230 32 33 0.02339019 
20 1374 15 21 0.023137864 
630 1180 15 18 0.02312401 
701 1274 13 17 0.023105156 
589 1454 16 18 0.023103416 
699 1302 27 26 0.023017235 
352 1239 9 12 0.023014786 
557 1184 14 18 0.022780377 
661 1282 13 16 0.02258516 
159 1244 29 33 0.022459166 
492 1213 16 21 0.022416262 
691 1267 17 19 0.022381904 
282 1238 32 33 0.022338903 
285 1235 49 56 0.022218026 
658 1288 26 31 0.022174034 
548 1342 13 15 0.022006461 
225 1271 17 25 0.021964353 
485 1208 14 20 0.02173398 
99 1271 31 39 0.02165979 
223 1120 9 11 0.021627361 
258 1336 16 19 0.021512933 
584 1347 11 13 0.021497492 
504 1222 19 22 0.0213841 
386 1241 27 39 0.02133035 
606 1261 41 49 0.021093052 
542 1189 12 15 0.020927055 
555 1349 14 17 0.020760367 
233 1144 40 44 0.020518012 
372 1185 15 21 0.020359231 
776 1235 20 29 0.020260826 
270 1187 44 55 0.020240804 
