3_Riot_Riot_3_123
53
592 480 66 72 0.9612211 
898 350 22 31 0.6514252 
882 363 61 50 0.3581659 
316 393 21 26 0.28315187 
225 398 34 33 0.23714933 
273 435 20 29 0.22246245 
334 424 16 21 0.14088325 
943 269 9 11 0.09675837 
897 357 41 36 0.089210875 
958 264 9 10 0.065150835 
399 421 22 29 0.0630667 
942 264 9 11 0.05853519 
332 333 27 27 0.057653222 
960 529 14 17 0.04844532 
358 440 20 25 0.04296067 
987 277 13 16 0.042328745 
998 300 12 15 0.03820601 
961 245 9 11 0.036716163 
901 130 15 20 0.034953374 
970 262 9 10 0.03475983 
106 171 32 38 0.03266923 
911 244 9 11 0.032460462 
1003 172 12 13 0.031360026 
307 442 21 29 0.030914586 
943 232 9 10 0.029442202 
242 173 23 25 0.029418241 
952 295 14 19 0.029289825 
946 237 8 11 0.028390303 
310 395 17 22 0.027888658 
927 261 8 10 0.02712121 
965 271 11 13 0.026771026 
336 422 25 31 0.026532723 
986 261 9 11 0.026137285 
386 367 27 34 0.025934966 
907 125 13 18 0.025545383 
978 293 39 58 0.025392044 
891 126 24 32 0.025226424 
332 446 18 22 0.024568478 
968 130 42 63 0.024201011 
439 197 49 60 0.023639686 
961 268 9 12 0.023436408 
965 142 29 41 0.023382416 
1002 307 13 17 0.023276798 
900 132 24 33 0.02305117 
94 44 250 264 0.021682171 
979 355 13 16 0.02165106 
439 203 29 38 0.02134125 
342 460 13 17 0.02133997 
889 179 25 36 0.021138957 
129 425 19 19 0.020857109 
886 129 39 58 0.020657513 
433 177 28 35 0.020645844 
901 93 20 28 0.02031695 
