3_Riot_Riot_3_415
56
842 416 26 38 0.99124736 
390 267 22 29 0.97027797 
798 239 16 26 0.9700586 
138 209 21 26 0.9396198 
516 266 22 30 0.9315467 
714 236 18 28 0.9246767 
308 278 21 32 0.9146719 
287 236 20 33 0.9126829 
654 242 15 26 0.8661805 
747 263 16 21 0.8517077 
443 224 16 29 0.8461034 
977 361 17 26 0.7893701 
655 299 20 32 0.6227055 
275 186 17 25 0.5261818 
909 218 13 19 0.51676244 
552 260 13 22 0.37326622 
872 393 24 25 0.36365852 
512 255 20 30 0.13947201 
336 318 24 34 0.13768087 
298 271 26 30 0.12223752 
214 265 13 19 0.11238961 
1004 277 13 18 0.08882644 
701 278 19 21 0.08800879 
906 219 23 30 0.086392835 
509 247 16 27 0.08185163 
246 283 14 20 0.080696516 
867 389 18 23 0.07127633 
215 265 20 29 0.059743077 
227 279 15 23 0.059387002 
756 322 32 37 0.054237995 
270 235 24 34 0.04785779 
915 223 26 30 0.04555779 
886 428 23 36 0.044840917 
671 351 27 43 0.04425297 
959 297 14 19 0.04357595 
235 280 14 20 0.041323606 
665 344 24 32 0.04071797 
288 252 23 32 0.038648862 
556 261 18 26 0.037001844 
1010 281 13 18 0.034938566 
278 244 23 33 0.03478369 
264 190 21 29 0.03211025 
369 290 22 25 0.031191431 
219 262 13 19 0.028016392 
922 419 27 30 0.026976913 
862 387 15 22 0.026094899 
347 274 21 31 0.025876379 
904 269 29 29 0.025629075 
725 344 21 29 0.02182749 
609 347 11 14 0.021782098 
291 264 24 29 0.021614617 
267 230 17 27 0.021566387 
228 267 14 19 0.021261944 
664 306 17 26 0.021004664 
691 243 13 17 0.020853585 
751 311 27 32 0.020542033 
