3_Riot_Riot_3_306
43
264 138 61 72 0.9993742 
745 84 63 87 0.998879 
480 190 54 64 0.99692386 
657 178 74 57 0.9926046 
146 151 18 24 0.9736005 
914 67 75 95 0.9602521 
324 127 20 28 0.8781458 
292 237 34 71 0.86222196 
236 185 34 43 0.78864247 
532 306 66 81 0.6755969 
475 135 33 38 0.3967396 
221 88 17 20 0.36893904 
415 144 23 25 0.13450988 
72 204 12 15 0.114440456 
179 153 16 22 0.11230732 
14 156 12 15 0.09697887 
475 155 49 60 0.056808304 
74 197 14 18 0.052631937 
6 156 13 18 0.038609568 
648 119 45 61 0.03454431 
106 176 16 21 0.033456556 
459 275 43 47 0.032184597 
17 149 17 21 0.03208877 
0 162 12 20 0.031078285 
2 167 15 22 0.030240892 
59 186 14 18 0.02969445 
93 152 16 20 0.028118735 
554 124 17 19 0.027449999 
73 208 15 18 0.02729583 
527 318 31 46 0.025422802 
7 150 11 14 0.023725446 
505 96 18 19 0.023244005 
12 168 14 21 0.023161005 
521 78 11 14 0.023079595 
18 159 14 17 0.023028895 
311 123 37 51 0.022920687 
41 47 32 38 0.022175923 
62 192 13 18 0.021764323 
5 22 84 120 0.021696752 
484 109 16 18 0.021525487 
389 106 16 25 0.021122761 
109 147 12 19 0.020920757 
28 184 16 20 0.020828448 
