3_Riot_Riot_3_101
33
1 252 56 77 0.80027956 
784 61 58 65 0.6539961 
721 332 60 65 0.59870297 
648 120 58 73 0.5330302 
851 221 56 64 0.27100125 
552 213 60 77 0.26612625 
428 275 47 53 0.07935241 
888 175 67 57 0.07790419 
469 212 23 29 0.073577374 
953 107 57 82 0.058140013 
697 6 48 60 0.050509255 
542 181 75 77 0.044066556 
911 285 31 44 0.042290155 
49 367 33 44 0.03920901 
224 189 34 48 0.03589275 
156 141 16 19 0.031345494 
624 119 57 64 0.030600363 
675 327 34 35 0.029501164 
149 72 77 75 0.029321942 
674 266 31 28 0.027489742 
267 105 52 70 0.026890209 
164 58 120 107 0.026741805 
179 61 50 41 0.026020644 
349 312 55 74 0.025290634 
187 438 13 16 0.022813745 
207 314 22 42 0.022752188 
881 202 52 59 0.022544345 
565 3 43 55 0.02212283 
831 220 50 60 0.021462863 
513 219 62 69 0.021436892 
292 166 36 35 0.02138868 
166 78 44 35 0.021051867 
572 242 35 47 0.020082515 
