3_Riot_Riot_3_710
22
612 76 64 68 0.99722785 
493 179 58 75 0.9941334 
0 195 25 31 0.9882465 
291 69 40 67 0.51184595 
744 21 29 52 0.36464876 
29 187 25 29 0.30640092 
26 182 15 18 0.089662954 
68 185 12 16 0.08433047 
62 184 12 17 0.08392152 
731 1 32 29 0.077971764 
262 76 63 75 0.048519164 
95 193 8 10 0.039862964 
12 190 22 29 0.03608285 
42 200 16 20 0.035377983 
34 182 18 20 0.033898987 
51 202 14 18 0.029784154 
22 176 13 18 0.026691724 
746 4 61 71 0.024302932 
76 189 10 14 0.022761052 
96 196 8 10 0.02230364 
311 83 29 55 0.021654455 
130 185 8 10 0.020288168 
