3_Riot_Riot_3_322
18
251 12 122 129 0.9995135 
494 673 448 436 0.13284601 
-5 490 381 537 0.084822424 
710 1345 155 86 0.07269773 
989 44 32 51 0.064017676 
675 1297 231 117 0.06382349 
500 36 96 138 0.06364196 
459 65 114 140 0.04636212 
422 55 29 39 0.044380363 
418 58 46 61 0.033407945 
535 11 91 129 0.03217429 
709 262 38 48 0.03157964 
-5 69 211 335 0.025505556 
444 50 54 68 0.024943328 
429 44 30 35 0.022400877 
520 85 59 86 0.021930296 
-9 886 384 526 0.021218704 
954 147 49 64 0.020744057 
