3_Riot_Riot_3_438
70
836 210 41 42 0.9950814 
452 150 17 24 0.9750083 
654 147 15 19 0.9494941 
706 164 15 18 0.7357249 
739 181 22 27 0.37352026 
272 188 9 12 0.36542946 
193 164 19 20 0.33817694 
414 249 332 450 0.28460157 
578 173 9 11 0.15640856 
415 157 10 12 0.12648498 
594 167 9 11 0.12646338 
190 158 14 21 0.1124032 
693 171 13 21 0.11027492 
516 233 13 14 0.103655025 
698 190 23 27 0.09989488 
214 163 15 22 0.0847863 
294 192 7 10 0.08256111 
517 252 15 19 0.075220406 
510 230 12 13 0.07046424 
529 221 10 13 0.06811621 
246 212 26 36 0.06734866 
493 215 8 10 0.06311908 
577 211 18 19 0.055839274 
553 236 10 11 0.054983508 
149 190 10 14 0.054718148 
676 158 12 14 0.05305249 
509 222 9 11 0.048773356 
152 160 8 11 0.045572795 
58 493 14 16 0.0431167 
595 171 10 12 0.042351574 
195 168 25 25 0.04190067 
660 219 11 15 0.04166507 
152 165 9 11 0.041551203 
554 246 13 16 0.04016091 
699 176 15 20 0.03861065 
773 203 13 17 0.037032418 
659 235 16 20 0.036709946 
654 176 22 26 0.035951726 
580 168 8 12 0.03590499 
407 150 9 11 0.03553918 
655 216 10 14 0.03413666 
649 199 43 45 0.033001814 
678 205 16 21 0.03266178 
545 221 10 12 0.03243655 
373 234 15 16 0.032389548 
365 232 14 17 0.032251623 
277 146 15 18 0.031649046 
525 228 11 14 0.031034896 
676 245 12 15 0.030094493 
695 162 21 27 0.028813863 
508 242 26 29 0.028477114 
380 242 13 16 0.028469563 
573 240 9 12 0.027789863 
706 174 16 19 0.027334265 
759 185 14 20 0.026722513 
29 458 15 20 0.026142262 
510 230 23 26 0.025392504 
401 150 10 12 0.024947537 
741 155 13 17 0.024631742 
667 209 24 29 0.024406089 
658 225 16 20 0.023589155 
694 185 16 22 0.022925083 
775 151 9 13 0.022524504 
540 255 11 13 0.022379363 
224 386 77 134 0.022367854 
295 183 7 10 0.022228668 
508 216 10 12 0.022228604 
533 227 11 14 0.021923272 
751 184 25 30 0.021369087 
414 163 10 12 0.020720001 
