3_Riot_Riot_3_184
51
967 173 30 34 0.997271 
914 158 33 39 0.9955545 
689 168 24 31 0.9917064 
753 163 21 28 0.98271805 
729 173 18 23 0.9588568 
57 44 61 85 0.4501698 
115 131 16 19 0.3955355 
200 73 41 56 0.36463422 
610 183 16 21 0.26832065 
120 159 34 41 0.114697725 
68 329 32 42 0.11314713 
423 120 81 115 0.08855809 
78 199 12 15 0.0734223 
335 98 65 88 0.05573198 
105 246 27 33 0.05134661 
1003 184 18 30 0.048420522 
603 253 35 36 0.047100898 
204 97 32 45 0.045018073 
140 375 16 24 0.04180877 
379 110 90 111 0.04051857 
155 144 13 17 0.04020534 
692 394 13 16 0.039669093 
656 246 10 13 0.038353514 
272 110 9 11 0.03828352 
664 245 10 14 0.03817752 
141 129 13 16 0.03774614 
618 180 14 19 0.03757527 
188 255 25 29 0.037096854 
208 119 29 36 0.03513646 
965 148 15 18 0.03249534 
26 219 28 41 0.032085042 
308 89 9 10 0.03082661 
819 205 63 80 0.029984634 
189 616 10 13 0.028286668 
147 127 13 17 0.027763711 
598 397 13 16 0.026220737 
245 138 10 12 0.024112329 
594 403 16 18 0.024046324 
304 93 10 11 0.0236707 
376 131 194 305 0.022863945 
182 237 41 47 0.022651508 
175 146 30 31 0.022103464 
454 110 49 89 0.02198499 
475 131 45 79 0.021352239 
31 199 25 46 0.021164231 
120 605 9 12 0.02094629 
295 95 8 11 0.020891706 
16 180 41 58 0.020721802 
83 81 48 64 0.020418156 
164 270 24 28 0.020407416 
141 118 12 16 0.02019938 
