3_Riot_Riot_3_958
80
521 45 26 34 0.99905473 
137 4 27 33 0.99871147 
236 11 26 35 0.9981799 
109 30 26 33 0.99717426 
774 40 30 34 0.9959323 
924 74 24 33 0.9959046 
373 33 25 32 0.9959026 
54 23 25 33 0.99507976 
865 19 35 40 0.9916461 
11 7 38 47 0.99104565 
402 24 37 49 0.98722804 
68 3 26 32 0.98600256 
708 30 24 33 0.9857329 
570 116 48 60 0.9843754 
952 57 25 36 0.9840884 
667 56 20 28 0.9836879 
336 37 21 28 0.98300225 
497 32 24 30 0.97945833 
824 48 25 27 0.968997 
312 35 20 29 0.9385537 
210 28 23 26 0.9290665 
605 47 17 19 0.9023212 
460 36 19 31 0.8918667 
975 20 15 22 0.7854405 
182 23 20 26 0.75727445 
487 50 13 20 0.62874407 
305 30 18 25 0.6189048 
173 33 12 18 0.5683837 
290 40 15 20 0.557813 
398 20 22 32 0.52912694 
579 51 17 19 0.38438654 
636 60 12 16 0.26028562 
964 19 22 27 0.23633127 
756 64 18 22 0.16340263 
225 -1 19 20 0.12385364 
298 33 18 27 0.11597824 
646 64 13 18 0.10296436 
174 26 20 27 0.08258691 
113 0 18 18 0.07850372 
196 0 18 14 0.076780826 
230 1 23 28 0.07442383 
307 0 16 17 0.07308395 
978 13 16 23 0.069409244 
638 56 11 13 0.05349459 
279 66 13 19 0.05296462 
629 62 17 22 0.05108942 
959 19 15 19 0.048382252 
225 18 21 31 0.04818661 
396 39 23 37 0.047803078 
1013 50 11 20 0.047689337 
970 58 18 24 0.043088835 
645 54 10 13 0.041192874 
0 23 10 25 0.041084263 
477 46 14 23 0.040642828 
545 24 19 19 0.040537905 
651 61 12 16 0.04026912 
770 133 25 27 0.036195375 
596 50 16 18 0.034538325 
575 47 14 18 0.034292206 
585 47 16 19 0.033731457 
702 51 14 17 0.031612143 
579 54 24 28 0.031577095 
447 34 25 34 0.030281866 
515 3 15 14 0.029609052 
493 40 17 23 0.029148242 
763 57 15 23 0.028083852 
395 55 16 22 0.02731703 
871 63 24 27 0.027147122 
766 59 22 30 0.02677299 
751 6 21 26 0.02481581 
580 0 14 12 0.024711085 
835 2 24 26 0.024530895 
562 79 26 36 0.02404328 
1 13 23 38 0.024025401 
768 47 13 20 0.023061227 
844 34 15 24 0.021612097 
563 0 17 13 0.02151659 
492 47 23 30 0.020979581 
833 38 25 31 0.020807093 
964 8 37 47 0.020775195 
