3_Riot_Riot_3_542
283
452 397 28 39 0.9943011 
195 335 30 36 0.9931502 
101 256 18 21 0.97806954 
309 272 17 20 0.9706186 
139 255 19 22 0.96193236 
227 255 20 23 0.949483 
172 259 19 25 0.9426186 
805 273 13 16 0.92886525 
827 261 14 17 0.9131378 
766 260 14 18 0.8931062 
71 265 21 23 0.891027 
697 273 13 18 0.84764975 
360 268 12 17 0.80468196 
124 258 13 18 0.782765 
613 256 13 17 0.7614601 
939 257 25 31 0.7495452 
296 254 11 16 0.74725103 
396 245 9 11 0.6995221 
420 250 10 12 0.6427968 
401 275 10 12 0.6275265 
438 246 11 14 0.60714537 
895 267 14 17 0.5875113 
333 240 10 12 0.5713965 
18 187 9 13 0.5583845 
961 140 9 11 0.53651226 
457 258 13 19 0.532496 
576 254 13 17 0.50823903 
477 274 12 14 0.50385225 
790 257 15 17 0.49812555 
364 260 11 15 0.4953153 
267 278 11 15 0.46521914 
721 255 12 15 0.46288997 
541 272 13 16 0.46165192 
211 248 14 19 0.45531029 
416 388 30 29 0.43045583 
214 214 11 15 0.42828578 
235 289 23 26 0.42188656 
628 268 12 16 0.41309574 
220 271 14 19 0.40392488 
839 273 14 18 0.37558484 
0 263 17 29 0.34868968 
255 268 12 13 0.34396333 
930 320 24 30 0.32714757 
592 259 11 14 0.3271381 
421 270 9 13 0.28692472 
759 258 14 17 0.24426746 
685 258 11 14 0.24222748 
540 255 10 13 0.23069024 
478 247 10 12 0.2283286 
743 270 12 15 0.2256514 
669 255 11 14 0.21881793 
896 245 10 11 0.21791254 
455 246 11 13 0.20847312 
47 276 20 29 0.19825292 
365 255 11 14 0.19312757 
509 253 10 12 0.17804328 
344 259 10 15 0.17129818 
296 213 9 12 0.1589527 
278 262 10 12 0.15883836 
346 230 8 10 0.15821582 
181 191 8 11 0.15309696 
377 253 9 12 0.15309653 
353 486 39 27 0.152026 
645 258 11 15 0.1496361 
709 253 10 14 0.14773296 
635 230 11 15 0.14421855 
692 253 10 14 0.14379601 
811 236 10 12 0.14193214 
41 224 15 18 0.13189058 
656 275 12 14 0.12800275 
493 269 9 12 0.11761575 
359 229 9 10 0.11744281 
745 245 11 14 0.11116071 
578 369 17 20 0.11030117 
551 259 10 12 0.1091156 
624 225 9 10 0.1078585 
864 156 11 14 0.0980881 
443 283 13 16 0.0973759 
616 285 12 15 0.0973125 
618 257 15 18 0.09652201 
323 229 8 11 0.096405886 
143 185 9 11 0.09423829 
434 246 10 13 0.09351328 
550 178 16 21 0.090199925 
416 272 11 14 0.088313796 
816 253 10 15 0.088241674 
999 256 24 31 0.08612057 
937 327 30 30 0.08580966 
866 164 13 17 0.08384677 
860 252 13 17 0.08329625 
607 245 8 12 0.08243493 
351 238 10 12 0.08087784 
669 238 9 11 0.0794204 
497 252 9 12 0.07825948 
459 312 15 21 0.077794746 
510 248 10 12 0.07548177 
501 248 10 12 0.075069755 
383 239 8 10 0.074895926 
708 246 11 14 0.07488701 
665 237 8 12 0.074544854 
394 231 7 9 0.073085666 
265 252 10 12 0.07142408 
408 247 7 10 0.0713146 
704 259 13 15 0.07044251 
350 267 13 16 0.06967931 
445 245 9 13 0.06924607 
846 250 12 15 0.066391185 
556 254 11 13 0.06616304 
376 248 8 10 0.06607849 
847 243 13 16 0.06456767 
855 251 12 15 0.064135775 
655 245 10 14 0.06302346 
312 244 11 12 0.062702894 
408 254 8 11 0.06082612 
229 292 17 21 0.060504425 
423 263 9 12 0.06035457 
383 246 8 10 0.059871383 
870 247 12 16 0.05976619 
550 228 9 12 0.059004627 
351 244 9 11 0.056986876 
344 237 10 12 0.05629395 
377 238 9 10 0.055339362 
329 216 8 10 0.05500479 
57 281 16 24 0.054752145 
812 294 12 17 0.052975677 
564 242 13 15 0.052846845 
748 251 13 18 0.05086755 
785 259 13 15 0.050833732 
254 208 9 11 0.050800037 
495 237 9 12 0.050347682 
629 223 11 13 0.050216638 
119 255 13 17 0.049228285 
160 228 14 17 0.048575558 
73 181 15 17 0.04851398 
792 284 11 14 0.047486316 
663 232 9 11 0.04534932 
474 271 11 14 0.045150325 
831 243 12 15 0.04459615 
507 258 11 14 0.04440354 
461 244 11 15 0.044122264 
222 253 15 19 0.044031743 
615 280 11 13 0.044027884 
439 241 10 12 0.043782342 
397 251 10 12 0.04367444 
358 247 8 10 0.043543864 
648 229 9 12 0.043452073 
526 259 11 14 0.043350253 
573 285 13 15 0.043300454 
560 236 13 15 0.043229237 
313 220 9 13 0.042831715 
694 248 10 12 0.042007145 
408 261 9 11 0.041686032 
379 278 12 16 0.04117008 
836 239 10 13 0.04098569 
835 259 13 18 0.04082373 
325 222 9 12 0.04025891 
726 244 14 15 0.04022732 
290 253 10 15 0.04000857 
710 237 11 14 0.03960402 
369 249 8 10 0.039267015 
739 290 16 21 0.03844992 
305 253 15 18 0.03824392 
947 234 15 17 0.038122967 
718 332 10 12 0.038039617 
200 186 10 13 0.03762198 
503 269 10 13 0.0375964 
670 232 10 12 0.037430756 
575 246 12 16 0.036825553 
687 237 9 11 0.03677281 
535 257 11 15 0.035599466 
566 250 12 16 0.035565596 
422 288 12 14 0.035138108 
344 245 8 11 0.03510587 
863 247 20 27 0.03472089 
528 266 10 14 0.034576237 
393 241 8 10 0.034468986 
850 274 13 16 0.034457635 
252 243 13 14 0.03385768 
875 248 12 18 0.033845253 
898 240 12 14 0.033638135 
319 221 9 13 0.03342331 
191 268 13 18 0.03287758 
636 223 12 14 0.03287466 
679 256 10 13 0.032770645 
574 204 13 17 0.032597397 
290 265 547 501 0.03256782 
397 230 8 9 0.03250392 
501 276 10 12 0.032034688 
488 238 10 12 0.03172676 
801 269 12 16 0.031321943 
488 263 11 13 0.03122446 
627 256 15 17 0.03118257 
326 269 11 15 0.031148793 
320 253 9 12 0.030943947 
376 283 14 20 0.03089151 
737 269 12 17 0.030820426 
451 283 12 15 0.03049736 
845 258 13 16 0.030477641 
484 243 11 14 0.030303156 
576 239 9 12 0.030169547 
279 255 11 14 0.030111242 
644 344 34 32 0.029673997 
376 269 9 13 0.029663894 
635 265 13 17 0.029614495 
852 244 20 26 0.02961144 
672 246 9 10 0.029066605 
135 208 10 12 0.02861808 
748 240 11 14 0.028614793 
942 242 28 35 0.028432753 
65 304 16 19 0.028246982 
615 245 10 13 0.02806816 
499 237 11 13 0.027628008 
896 250 12 15 0.027252521 
821 253 12 18 0.027216332 
152 324 19 31 0.026918298 
991 249 15 18 0.02682145 
320 200 9 11 0.026728736 
268 247 11 15 0.026682733 
525 150 11 15 0.02638818 
647 235 10 13 0.02617188 
473 249 10 13 0.02612197 
957 245 14 16 0.026080262 
660 244 10 13 0.025956212 
607 327 12 15 0.025739396 
860 264 15 18 0.02567144 
731 251 12 16 0.02545626 
566 296 23 26 0.025354125 
719 245 10 13 0.025165128 
679 239 9 11 0.025150804 
344 472 61 46 0.025087759 
655 238 11 14 0.024830187 
789 294 13 18 0.024703423 
446 252 10 15 0.024659848 
536 248 10 11 0.024634903 
15 191 13 16 0.0245639 
416 264 9 12 0.024455464 
192 134 21 30 0.024112491 
649 246 11 13 0.024044901 
374 260 9 12 0.024043083 
448 259 11 15 0.024029098 
60 269 23 28 0.023984762 
704 237 12 14 0.023902075 
6 210 14 16 0.023835551 
719 237 11 15 0.02378655 
742 271 18 24 0.023751203 
866 260 16 22 0.023327123 
653 250 10 14 0.023107044 
544 220 11 15 0.023054168 
409 240 8 10 0.022719102 
871 232 41 45 0.02269156 
597 236 11 13 0.022684045 
581 238 10 12 0.022645995 
710 232 11 13 0.022626419 
581 285 11 15 0.022552438 
573 197 13 17 0.022393465 
28 203 13 16 0.022271186 
821 321 17 20 0.022197317 
268 271 13 17 0.022156587 
345 225 8 10 0.022015976 
254 270 18 23 0.021975541 
337 346 22 28 0.021914687 
579 210 14 15 0.021888632 
206 240 15 20 0.021760182 
496 285 13 16 0.021753691 
256 212 9 11 0.021730341 
844 298 13 18 0.021657666 
677 231 10 12 0.021615656 
940 271 25 28 0.021584352 
357 239 9 11 0.02134002 
478 262 11 14 0.021163182 
840 251 11 15 0.021096993 
678 246 8 10 0.021025408 
295 219 9 11 0.020793526 
317 421 39 44 0.020680564 
863 222 12 14 0.020673215 
551 247 11 13 0.020312034 
653 230 9 12 0.020293873 
479 279 13 16 0.020271143 
806 261 11 15 0.020250404 
890 243 25 30 0.020211954 
333 215 8 10 0.020193702 
591 222 11 13 0.020186171 
567 278 14 16 0.020125344 
