3_Riot_Riot_3_1037
34
299 156 34 45 0.99915504 
679 138 32 42 0.9985581 
57 495 51 66 0.9985121 
771 176 29 34 0.9984351 
603 182 27 34 0.99746644 
1 683 89 116 0.99576205 
971 210 35 41 0.9957455 
677 411 43 56 0.99554163 
718 155 23 26 0.976265 
432 444 11 14 0.44073856 
75 147 78 80 0.31339324 
330 443 9 12 0.14563769 
318 447 8 11 0.12316156 
419 454 11 13 0.11196619 
371 454 22 24 0.10414083 
118 203 46 46 0.09365131 
96 174 71 71 0.06779043 
762 586 34 68 0.048533596 
464 428 10 13 0.045027208 
601 172 22 29 0.03534305 
484 198 50 59 0.031245586 
537 524 24 28 0.029588142 
446 453 9 11 0.028848495 
313 446 9 11 0.02848207 
519 604 13 18 0.028258545 
502 204 56 58 0.027552065 
482 185 34 51 0.025426503 
86 886 19 24 0.025158463 
598 171 15 19 0.022541916 
36 123 108 124 0.0220216 
272 442 11 15 0.021219399 
463 175 7 9 0.020877918 
471 436 14 19 0.02084116 
380 462 15 21 0.02066616 
