3_Riot_Riot_3_166
57
-1 584 117 201 0.31240037 
290 241 461 513 0.3060034 
454 347 43 53 0.2355226 
651 94 232 240 0.23539472 
644 77 16 19 0.20022485 
364 49 90 112 0.14955688 
641 10 31 36 0.1385107 
732 467 51 79 0.10373613 
334 57 14 18 0.063322194 
858 150 40 55 0.05924884 
50 418 25 31 0.054489944 
0 494 37 63 0.05425291 
778 73 18 26 0.049058363 
648 134 115 141 0.047318626 
44 278 84 106 0.047248986 
827 49 16 19 0.042625282 
124 446 23 34 0.040570017 
728 699 235 294 0.040532727 
652 127 35 43 0.039513156 
654 4 30 34 0.03773708 
647 101 102 103 0.0375004 
70 551 55 71 0.037211753 
54 404 26 35 0.036823157 
54 393 24 28 0.03513136 
57 279 25 31 0.034556888 
145 363 16 17 0.034321282 
309 162 33 44 0.03392471 
215 36 12 14 0.033452217 
32 486 25 33 0.033235528 
270 77 30 41 0.032829434 
978 353 40 60 0.031107504 
692 19 26 30 0.030332033 
653 116 59 69 0.030301616 
596 27 167 228 0.030232184 
580 98 46 52 0.029984836 
575 789 227 229 0.027633416 
561 18 22 33 0.027336396 
51 352 25 29 0.027214464 
218 240 55 59 0.027082616 
1 272 11 19 0.026719535 
673 158 130 166 0.026518926 
243 144 30 30 0.024915678 
574 24 28 36 0.02453434 
290 33 15 18 0.024474388 
736 451 32 54 0.023855653 
290 159 49 72 0.023725972 
380 67 22 27 0.023237644 
276 196 34 36 0.023008434 
154 379 14 20 0.022633292 
881 46 110 141 0.022492094 
137 45 17 20 0.022183908 
64 456 29 38 0.022026204 
490 31 16 20 0.021203587 
2 395 31 47 0.021162674 
326 81 16 18 0.02110116 
248 236 39 49 0.021070438 
233 150 29 30 0.020171124 
