3_Riot_Riot_3_790
64
205 276 26 31 0.99681926 
786 251 16 22 0.9909168 
986 273 16 19 0.96315366 
244 253 18 23 0.95833683 
484 262 10 13 0.95728946 
930 274 12 16 0.9423175 
812 268 20 24 0.9413218 
260 241 15 18 0.8936821 
330 261 14 17 0.82722783 
432 272 13 17 0.75227445 
514 261 14 17 0.7272247 
430 285 16 19 0.35706985 
218 252 13 16 0.27244228 
984 253 13 17 0.252213 
448 286 12 17 0.21152818 
332 310 15 21 0.2045342 
847 262 12 17 0.17680731 
322 258 11 17 0.17040946 
838 261 11 14 0.1319279 
514 300 13 18 0.11613437 
774 251 12 17 0.11454773 
213 255 21 25 0.10688257 
1013 257 11 20 0.10535639 
396 291 10 14 0.08871815 
341 276 13 17 0.070602775 
524 261 13 15 0.06649524 
125 358 15 17 0.048545323 
406 465 193 254 0.045645557 
833 262 11 17 0.043558262 
1006 251 15 21 0.041732106 
996 251 14 17 0.039535627 
511 255 14 17 0.039252803 
510 287 14 18 0.03828377 
83 358 27 32 0.038148005 
530 261 12 14 0.036668226 
520 246 11 14 0.035827864 
449 279 8 12 0.03437655 
708 263 11 14 0.034302067 
990 293 17 18 0.032647178 
846 272 14 17 0.031295933 
454 280 9 11 0.030588116 
860 266 10 14 0.028961262 
585 264 9 11 0.027772255 
230 252 12 16 0.0275643 
1013 274 10 18 0.026508644 
243 349 13 19 0.026407884 
1005 275 13 17 0.026020946 
374 261 13 16 0.025837595 
229 259 12 18 0.02563039 
906 282 16 19 0.025068033 
335 273 13 17 0.025044058 
160 359 8 11 0.024668567 
532 285 15 21 0.024652004 
1012 290 12 19 0.0246486 
863 296 9 11 0.024560783 
61 319 12 15 0.024265632 
479 281 10 12 0.02365571 
380 252 13 14 0.02292207 
434 338 13 16 0.022761466 
471 272 8 10 0.021953978 
532 279 13 16 0.021237973 
380 260 14 17 0.020785367 
1007 265 14 20 0.020765806 
528 277 10 13 0.020429993 
