3_Riot_Riot_3_354
63
498 177 22 31 0.98652285 
618 98 16 20 0.9810166 
403 160 24 30 0.9679015 
915 109 20 23 0.94751084 
388 242 28 57 0.913454 
239 153 16 20 0.59077805 
699 104 16 19 0.5295598 
448 22 17 23 0.25884053 
429 122 13 20 0.23853455 
339 264 48 46 0.19649911 
421 115 13 18 0.1935168 
690 64 15 18 0.17686774 
165 241 29 51 0.15640691 
474 126 14 22 0.14330849 
603 309 31 57 0.14268243 
565 137 13 23 0.14057639 
669 119 15 18 0.13986655 
735 70 11 13 0.13301551 
974 145 21 29 0.09045842 
656 79 10 14 0.08895209 
785 95 9 11 0.08355594 
220 242 26 49 0.06819038 
672 136 20 26 0.06513272 
646 94 13 16 0.06383721 
741 77 10 13 0.05470445 
993 169 15 21 0.053504203 
812 107 15 18 0.053075556 
800 72 11 13 0.049541626 
651 91 14 19 0.046731334 
536 103 10 15 0.045743614 
-21 -37 399 430 0.044336803 
707 92 13 14 0.04309429 
111 201 26 30 0.04153299 
547 89 14 18 0.04030488 
667 111 16 18 0.037394077 
207 245 29 52 0.03607953 
687 73 14 17 0.035706192 
812 102 13 14 0.03547109 
982 154 22 31 0.033212394 
553 135 19 26 0.03314063 
810 108 21 35 0.031534676 
98 244 29 33 0.02992122 
800 126 19 29 0.02973062 
212 268 28 46 0.028992519 
759 71 9 12 0.028014986 
703 111 19 19 0.027620165 
692 56 12 15 0.026709456 
548 127 20 26 0.026328338 
682 140 15 24 0.024251634 
341 247 42 41 0.023969196 
646 61 15 21 0.023958266 
423 125 15 20 0.023858383 
247 153 18 20 0.022903927 
749 85 12 14 0.022177402 
984 147 16 24 0.022123003 
346 232 31 39 0.021915738 
227 263 23 48 0.021498755 
680 69 11 14 0.021480303 
704 88 11 13 0.021083182 
765 57 15 17 0.020668767 
763 49 26 31 0.020580616 
374 333 53 74 0.020269165 
483 131 13 19 0.020104332 
