3_Riot_Riot_3_263
62
866 222 22 28 0.98704547 
478 166 21 26 0.9800632 
387 163 16 23 0.9770518 
436 163 18 25 0.96782136 
547 172 17 21 0.96600145 
8 130 22 28 0.960968 
419 163 15 20 0.95058334 
924 212 14 18 0.90717745 
276 146 13 18 0.8876317 
859 212 12 17 0.79256195 
350 144 13 18 0.6266446 
206 142 14 21 0.3248358 
429 162 17 24 0.306588 
400 180 10 15 0.27823243 
359 182 13 16 0.274749 
404 182 12 16 0.11439403 
888 151 30 32 0.10538503 
860 216 20 28 0.09973209 
320 194 10 15 0.09778971 
487 278 34 34 0.09259264 
525 181 12 15 0.07999591 
533 180 10 16 0.075405285 
629 149 118 124 0.07353891 
350 170 10 13 0.07277928 
469 180 13 17 0.06467875 
163 4 18 23 0.062390905 
271 141 13 22 0.056192458 
98 121 21 27 0.04924035 
529 312 43 56 0.048588566 
923 201 21 29 0.048026808 
1 94 18 23 0.044286925 
515 304 39 54 0.042218294 
263 232 21 28 0.04205007 
394 195 15 22 0.04095816 
52 9 11 13 0.040797204 
209 86 10 13 0.040577237 
399 185 13 19 0.036688805 
191 108 14 17 0.035570707 
171 225 15 19 0.032976065 
366 172 14 18 0.030695984 
659 165 16 16 0.030692238 
408 1 10 10 0.029939357 
311 155 11 16 0.027214706 
543 327 39 49 0.026982961 
263 147 11 17 0.025834335 
359 22 10 14 0.025743388 
839 202 22 33 0.025337094 
451 297 26 39 0.02491566 
873 188 9 11 0.024297766 
462 181 14 16 0.024220077 
674 108 38 55 0.023525555 
0 102 13 21 0.022944303 
278 199 13 17 0.022767121 
867 213 16 19 0.022575548 
864 180 10 13 0.022427704 
503 166 9 15 0.022144524 
356 173 13 17 0.022115352 
773 171 12 16 0.021378376 
447 9 10 13 0.021353155 
896 164 19 22 0.020974 
653 435 14 14 0.020681124 
17 133 23 31 0.020517366 
