3_Riot_Riot_3_393
44
443 132 37 43 0.99427587 
787 153 14 18 0.9834616 
540 120 27 30 0.96688867 
728 179 11 14 0.9602781 
224 132 16 18 0.9261592 
343 155 11 13 0.9189507 
125 142 13 16 0.873159 
167 158 10 12 0.87200385 
853 176 10 12 0.8247287 
193 149 9 12 0.2817905 
331 123 16 22 0.2559846 
817 166 9 12 0.18645436 
630 139 30 40 0.1481241 
224 104 10 12 0.13834514 
660 218 21 27 0.12794396 
574 156 23 33 0.11207649 
33 125 11 14 0.07085629 
0 207 11 25 0.061592564 
758 117 8 11 0.05016905 
661 192 15 20 0.042063896 
673 158 11 15 0.036801662 
765 198 11 14 0.03637832 
91 307 19 31 0.032179605 
736 203 11 14 0.03049279 
807 166 9 12 0.029223561 
44 123 13 16 0.028911404 
586 79 8 11 0.026555568 
90 164 14 21 0.026478002 
837 189 13 16 0.025951825 
197 157 11 16 0.025637025 
158 112 9 11 0.025394324 
850 194 20 30 0.025303794 
106 253 9 13 0.024812618 
797 162 12 14 0.023238866 
213 106 12 15 0.022697577 
823 207 10 14 0.022464193 
206 103 11 15 0.022369104 
96 72 8 10 0.021917129 
63 116 12 19 0.021683354 
0 111 8 13 0.021524157 
39 119 10 14 0.021513943 
858 207 14 19 0.021331605 
590 78 9 13 0.021218112 
200 162 11 15 0.020209804 
