3_Riot_Riot_3_506
24
197 174 79 95 0.9783528 
445 261 34 39 0.95015156 
363 512 36 33 0.12564479 
511 118 15 20 0.08327176 
476 290 18 21 0.07482941 
846 207 10 12 0.04896092 
482 115 16 19 0.032615583 
658 10 8 10 0.03215698 
499 62 10 13 0.029041452 
343 468 60 73 0.02791494 
592 219 11 14 0.026892519 
453 229 12 16 0.025840482 
669 159 9 11 0.02566298 
656 34 12 15 0.024742123 
553 232 22 30 0.023908382 
352 654 18 23 0.023547193 
850 203 13 15 0.022643331 
599 162 8 11 0.022104325 
393 310 31 31 0.021371828 
545 357 17 22 0.02113977 
203 470 11 14 0.020803032 
389 296 17 20 0.020675853 
325 211 38 57 0.020363897 
662 13 11 13 0.02027085 
