3_Riot_Riot_3_725
74
816 247 27 32 0.99875116 
727 263 27 30 0.9960373 
385 276 25 36 0.9953767 
517 285 24 28 0.988111 
389 231 22 27 0.98678684 
262 239 21 25 0.97811586 
297 247 21 26 0.97578293 
632 219 41 42 0.97182953 
463 244 22 26 0.96465486 
325 239 18 23 0.95612013 
308 223 20 22 0.9530727 
732 232 22 24 0.95305574 
279 215 17 21 0.94772065 
940 149 14 18 0.92285 
837 129 12 17 0.89244515 
543 121 14 19 0.87551916 
899 155 13 16 0.78909844 
227 283 13 17 0.7272555 
409 233 15 20 0.6996508 
683 249 26 34 0.48001865 
532 130 11 15 0.40354264 
766 251 13 15 0.38368696 
316 322 12 14 0.38061047 
778 280 19 27 0.36493447 
246 253 13 17 0.22615464 
863 146 14 18 0.1731236 
343 275 12 17 0.15305248 
492 247 22 28 0.14624684 
297 281 15 18 0.1156577 
888 188 11 15 0.092881784 
830 349 20 26 0.09223568 
400 231 20 27 0.09032001 
420 271 20 28 0.08513265 
891 188 16 20 0.084441885 
279 200 11 14 0.08297481 
918 138 14 20 0.0699231 
946 154 13 16 0.068914 
727 250 25 28 0.06540461 
735 83 15 17 0.054586183 
191 289 13 14 0.053602397 
692 283 20 28 0.053581696 
301 204 12 14 0.051022746 
440 219 13 17 0.050476722 
525 145 14 18 0.047868837 
532 122 20 23 0.047270264 
483 306 11 15 0.03926243 
692 243 17 22 0.039186183 
294 42 14 15 0.03627524 
728 79 8 11 0.034151036 
950 162 12 14 0.032922596 
901 580 14 16 0.032443006 
902 571 14 15 0.031201873 
733 81 11 13 0.029072395 
735 54 12 16 0.029002324 
959 187 13 17 0.02777676 
299 208 15 18 0.02775444 
773 273 18 26 0.027627844 
895 162 12 14 0.027592218 
778 267 17 21 0.02689623 
497 120 25 31 0.026361668 
741 79 13 18 0.026207399 
741 61 9 13 0.02590174 
891 342 127 274 0.025740547 
874 145 13 19 0.024926016 
295 38 31 27 0.024058847 
784 510 8 10 0.023731293 
836 150 15 20 0.023616632 
891 181 14 17 0.02283513 
-11 31 121 88 0.02246888 
260 204 12 14 0.022414967 
846 181 15 18 0.022097683 
765 251 21 26 0.021809226 
890 166 8 10 0.021652343 
924 135 11 19 0.020266578 
