44_Aerobics_Aerobics_44_216
33
794 81 15 18 0.9632797 
729 65 21 32 0.95241374 
325 340 12 14 0.78426015 
578 136 21 30 0.75440603 
235 392 14 15 0.7336791 
679 132 14 20 0.61739355 
838 18 16 21 0.43942428 
78 471 15 19 0.40063182 
333 249 32 36 0.3676759 
223 411 14 16 0.2925277 
152 382 19 32 0.28035718 
125 483 10 12 0.1494324 
764 60 10 13 0.061638948 
179 431 20 30 0.053540062 
316 365 11 14 0.05130229 
568 170 15 23 0.0511451 
285 478 32 47 0.0394105 
574 129 16 28 0.035852563 
72 473 16 18 0.032448906 
653 122 15 19 0.03226828 
688 136 16 18 0.031191215 
243 408 16 22 0.03076713 
257 238 640 418 0.02976644 
415 182 22 28 0.028219528 
-11 230 285 471 0.026364239 
237 399 14 17 0.025691036 
673 131 13 19 0.025397101 
160 391 17 24 0.023296015 
590 69 222 298 0.021548595 
511 242 11 17 0.020883555 
68 458 26 32 0.020787543 
726 61 37 48 0.020593077 
379 209 30 33 0.020053886 
