44_Aerobics_Aerobics_44_332
78
427 307 28 33 0.9943104 
547 306 15 21 0.9913373 
125 300 13 18 0.9888958 
749 306 15 20 0.9853616 
21 293 13 18 0.9751833 
75 300 11 14 0.9606438 
180 306 22 26 0.9488635 
209 299 15 20 0.9409059 
397 300 12 18 0.93711036 
655 299 12 14 0.9202868 
987 304 13 16 0.91427684 
299 305 11 15 0.8750917 
703 310 22 26 0.87180555 
243 288 14 20 0.81377673 
833 301 17 22 0.8083642 
768 296 11 13 0.80310863 
387 304 14 19 0.75629365 
870 303 10 14 0.74133426 
533 286 13 16 0.7015802 
49 308 10 12 0.66551113 
333 291 8 12 0.6259341 
933 299 12 14 0.5526027 
312 299 10 13 0.48204914 
939 318 13 19 0.29155126 
262 316 12 15 0.27547482 
713 308 15 20 0.15721837 
645 326 10 14 0.15332416 
-1 299 8 14 0.14851278 
76 324 10 14 0.14182389 
61 309 9 12 0.13155632 
672 307 10 13 0.13075463 
446 299 16 22 0.118003815 
929 295 10 14 0.089099444 
268 316 11 16 0.08525781 
590 288 9 12 0.08401789 
146 316 13 15 0.06900808 
93 318 10 13 0.063835226 
232 288 15 19 0.050430547 
36 338 11 15 0.050353814 
296 263 11 13 0.049692728 
724 290 13 17 0.049182653 
864 294 9 11 0.047640204 
334 315 12 16 0.042674772 
829 308 17 23 0.042402994 
150 311 11 13 0.041162126 
102 303 9 11 0.040938806 
640 295 8 12 0.040860046 
324 326 14 15 0.03731711 
889 326 10 14 0.03656963 
722 307 13 20 0.036042318 
841 299 13 20 0.035907984 
933 303 14 18 0.035332393 
578 302 10 12 0.034825575 
52 304 9 11 0.031325325 
946 323 12 17 0.0310232 
197 297 12 18 0.030330695 
979 334 14 17 0.030023491 
893 326 11 15 0.029815134 
542 261 9 13 0.029439298 
320 285 9 12 0.028838385 
63 315 10 14 0.02757234 
874 306 11 14 0.026208894 
586 287 9 12 0.025985114 
806 422 13 17 0.025399491 
716 300 15 19 0.024687883 
847 295 11 15 0.024674313 
822 306 15 21 0.024169615 
383 308 14 19 0.023888918 
51 311 13 17 0.023659809 
88 311 9 12 0.023175946 
995 300 11 16 0.022816509 
96 303 9 11 0.022337496 
939 295 11 14 0.022249209 
855 294 8 11 0.02219252 
640 329 12 15 0.022063244 
640 320 9 12 0.02171425 
72 321 10 12 0.021638095 
255 322 10 14 0.020759327 
