44_Aerobics_Aerobics_44_246
51
775 649 58 72 0.99946135 
658 645 61 75 0.9991542 
272 611 60 78 0.9990007 
792 1028 35 44 0.9981895 
243 1178 21 29 0.9646368 
104 1205 13 17 0.90439695 
12 1203 10 13 0.8705616 
318 1219 11 15 0.7805232 
882 150 9 12 0.71414214 
543 178 36 45 0.6698162 
636 199 12 16 0.643615 
381 198 12 16 0.59933704 
494 1154 25 55 0.5275272 
806 194 13 17 0.36062035 
676 182 19 23 0.33360288 
220 1191 14 19 0.3003354 
79 1212 8 11 0.18740588 
88 1212 11 14 0.122722425 
829 154 13 18 0.109420694 
342 221 14 20 0.09877586 
12 1212 11 15 0.09786252 
47 2 30 32 0.09487065 
798 190 16 20 0.07004476 
560 186 27 35 0.06994544 
386 202 13 16 0.069800936 
402 1209 8 10 0.05845998 
186 1211 10 12 0.053266488 
334 1197 15 21 0.04901219 
476 1167 47 57 0.04826532 
765 148 15 19 0.04631988 
109 1189 11 12 0.041485023 
74 32 61 61 0.03753658 
0 250 12 18 0.036638055 
38 2 64 57 0.034328297 
168 1199 17 18 0.03426054 
331 221 21 23 0.03152967 
763 154 22 39 0.030307231 
79 1220 9 12 0.028344173 
36 -2 109 97 0.026492419 
95 1204 14 18 0.025443023 
56 35 249 282 0.024797343 
772 167 14 23 0.024683699 
98 59 66 86 0.023056012 
227 1189 14 19 0.022780078 
21 4 55 69 0.022496248 
878 20 12 14 0.02214099 
690 188 14 19 0.021941649 
769 152 15 22 0.021765005 
330 165 32 41 0.021502769 
406 213 14 17 0.02125925 
0 1199 8 12 0.020288175 
