44_Aerobics_Aerobics_44_329
41
325 70 16 22 0.97085875 
683 322 18 25 0.9156188 
874 294 15 23 0.6417594 
946 255 16 23 0.5558824 
820 259 13 18 0.39204347 
69 39 11 15 0.22034653 
501 507 34 28 0.20796156 
809 315 29 31 0.20604002 
188 387 16 20 0.15667114 
634 270 19 21 0.12261402 
802 336 15 25 0.114466995 
798 329 14 25 0.09913619 
521 287 16 22 0.06265679 
88 395 23 24 0.060519822 
806 344 20 22 0.049122456 
435 314 14 16 0.04856915 
826 259 13 17 0.047990162 
87 368 25 30 0.046188347 
232 387 19 22 0.044709906 
314 342 27 39 0.04222426 
182 48 15 17 0.041065462 
681 251 12 17 0.034723006 
837 274 12 15 0.033152323 
947 265 17 24 0.03224565 
827 272 16 19 0.029522931 
506 468 35 34 0.028858181 
1013 72 10 18 0.02803225 
581 309 13 16 0.027884051 
430 311 14 17 0.025387092 
317 336 14 22 0.024232348 
633 294 20 20 0.023353932 
362 130 28 30 0.023035623 
395 300 16 18 0.021589296 
85 381 26 28 0.02127027 
286 153 13 16 0.021223389 
516 294 17 20 0.021018395 
587 311 14 18 0.020991014 
815 256 13 16 0.020620877 
199 329 15 19 0.020523388 
504 488 32 37 0.020475764 
158 361 16 20 0.020469835 
