44_Aerobics_Aerobics_44_585
26
819 210 35 47 0.995174 
531 186 27 35 0.97863734 
181 206 25 39 0.9532987 
275 197 46 51 0.6080157 
594 171 23 29 0.25144374 
280 163 23 28 0.104539834 
635 175 12 14 0.08332086 
423 188 14 17 0.08322106 
350 162 15 20 0.059500862 
308 154 25 28 0.051757496 
288 160 17 22 0.04300863 
622 192 25 32 0.034702282 
119 173 30 42 0.03450245 
249 191 21 27 0.032247785 
294 156 23 29 0.031363446 
423 191 23 33 0.030016152 
241 225 30 35 0.027254764 
240 192 20 26 0.02663289 
100 165 15 19 0.026094558 
270 173 44 48 0.026057223 
246 150 38 49 0.02473284 
203 260 44 63 0.024283642 
148 208 23 27 0.023033597 
186 176 23 27 0.022608234 
267 204 26 34 0.021711636 
268 161 26 32 0.02007673 
