44_Aerobics_Aerobics_44_194
93
462 139 11 15 0.96988195 
641 101 13 16 0.376746 
672 81 17 19 0.20300901 
695 160 12 13 0.19814615 
694 91 11 15 0.19650222 
732 82 14 17 0.116867274 
672 159 10 13 0.11330965 
514 221 503 458 0.1014318 
583 71 9 11 0.09324829 
710 88 12 16 0.08685336 
845 194 17 20 0.08106458 
583 137 15 19 0.076720476 
776 156 11 13 0.07279151 
788 178 17 18 0.070140496 
643 155 14 19 0.06890339 
703 76 11 13 0.06820605 
699 89 14 17 0.06694568 
369 136 17 21 0.06472024 
412 154 10 15 0.06205508 
397 156 14 16 0.0575778 
703 84 14 17 0.0573354 
801 143 10 11 0.054788064 
580 144 16 20 0.05364344 
579 387 36 40 0.052283663 
406 153 12 18 0.0500094 
599 134 11 15 0.04923026 
604 134 12 18 0.04830135 
737 234 15 18 0.04315451 
688 159 13 15 0.042409156 
632 149 23 29 0.041644085 
732 147 12 14 0.038905513 
798 150 11 13 0.037862368 
573 147 13 17 0.0378488 
653 157 12 16 0.036689803 
814 160 9 12 0.036646917 
789 217 15 17 0.03636057 
462 310 13 12 0.03615536 
645 153 28 34 0.036104184 
700 137 14 19 0.034532137 
661 156 13 16 0.034225482 
759 144 12 13 0.031130029 
655 162 13 16 0.030327456 
576 170 22 29 0.030084562 
420 323 12 15 0.03000575 
534 150 11 12 0.029723559 
720 164 11 13 0.029667119 
533 156 15 17 0.029356314 
700 148 14 18 0.029292319 
707 178 14 17 0.02925503 
295 319 8 11 0.029212506 
567 148 10 14 0.028810192 
656 158 30 35 0.028443536 
756 82 13 16 0.028093431 
587 71 10 11 0.027731718 
676 148 12 15 0.02769533 
696 131 12 15 0.027285386 
584 128 10 11 0.027258681 
419 154 12 16 0.026429886 
760 62 12 13 0.02614737 
805 149 10 12 0.025446884 
942 143 11 14 0.025202548 
651 220 13 16 0.025050618 
531 304 64 69 0.02500824 
826 212 15 17 0.024990793 
793 150 11 14 0.02484843 
420 132 10 14 0.024643276 
578 70 9 13 0.024276255 
679 73 11 12 0.024018517 
429 317 13 14 0.023997815 
725 163 13 16 0.023630518 
764 53 12 13 0.022994334 
516 184 24 39 0.022897111 
638 123 13 15 0.022743838 
676 162 11 14 0.022437409 
638 140 25 30 0.022401731 
693 182 10 13 0.022049414 
684 77 10 14 0.022016305 
561 148 11 14 0.02167295 
693 151 20 24 0.021581229 
538 147 13 14 0.021385616 
869 190 28 30 0.021247234 
427 322 14 15 0.02122633 
637 142 15 18 0.021143392 
749 213 12 13 0.021135213 
779 152 11 13 0.020918753 
684 84 11 16 0.020818308 
809 156 9 12 0.020686889 
591 133 21 25 0.02065795 
668 178 13 16 0.020616535 
509 331 11 13 0.0205722 
-8 246 543 421 0.020520588 
667 169 14 17 0.020498103 
692 137 22 29 0.020452986 
