44_Aerobics_Aerobics_44_343
33
589 175 30 40 0.99793434 
895 199 24 32 0.9967907 
287 179 39 49 0.99406826 
387 161 20 26 0.9467037 
798 178 12 16 0.90904665 
762 172 15 21 0.8434627 
927 159 13 17 0.79219866 
944 236 13 16 0.6955503 
835 168 14 19 0.6816325 
687 172 10 13 0.45259827 
664 164 10 13 0.30501342 
676 191 20 26 0.21092339 
657 185 19 22 0.18707176 
664 188 21 28 0.18481983 
571 178 17 24 0.07825564 
687 195 16 22 0.06731458 
737 211 16 21 0.06314319 
858 185 16 20 0.05641904 
1002 229 15 20 0.040799487 
734 203 14 18 0.039039794 
536 179 21 29 0.037203442 
844 192 17 20 0.035777718 
974 279 16 20 0.034165993 
524 176 21 33 0.03329405 
791 215 21 25 0.03001194 
854 181 15 18 0.029032094 
819 199 15 18 0.02729286 
739 147 16 22 0.02702551 
758 145 14 21 0.026944524 
848 189 22 25 0.026708018 
815 160 12 17 0.026110014 
867 244 23 28 0.024474455 
958 258 14 20 0.023455722 
