44_Aerobics_Aerobics_44_127
32
784 252 39 55 0.9778074 
671 382 24 33 0.57520777 
96 274 26 41 0.28633437 
190 278 26 38 0.2568642 
244 300 14 18 0.22779717 
613 288 22 30 0.13722771 
293 311 14 19 0.089256 
533 312 12 17 0.077089414 
603 347 22 34 0.060449585 
943 48 61 54 0.056083202 
180 230 16 24 0.049591023 
206 287 19 28 0.042319246 
318 312 9 13 0.041438058 
722 240 23 34 0.040255442 
501 267 12 16 0.038136143 
175 271 33 44 0.036985185 
654 273 27 31 0.036911048 
613 301 16 23 0.035264876 
683 180 22 29 0.033345602 
668 248 27 33 0.031402577 
489 300 18 22 0.028821055 
626 288 16 24 0.02869253 
162 261 18 22 0.02664511 
681 247 30 35 0.026033897 
132 220 24 32 0.024435453 
658 237 23 32 0.023554279 
315 373 25 28 0.022645954 
93 285 17 29 0.022386033 
217 294 18 22 0.021987058 
661 209 26 28 0.020970447 
238 404 30 33 0.020862065 
713 211 18 19 0.020809066 
