44_Aerobics_Aerobics_44_916
39
518 314 47 58 0.9986708 
701 301 49 57 0.9978119 
493 66 43 58 0.9972185 
250 309 46 53 0.99583 
128 205 46 52 0.9955935 
790 200 44 52 0.9938181 
620 201 40 51 0.9912068 
371 196 43 55 0.9910556 
344 182 36 49 0.9896478 
487 188 40 50 0.9758031 
358 189 38 52 0.8802021 
600 195 30 36 0.84391814 
551 582 50 52 0.39152285 
611 196 33 43 0.17191319 
471 223 24 30 0.16352944 
348 157 13 16 0.15427518 
861 179 64 80 0.10212784 
717 194 35 52 0.09076752 
464 205 30 42 0.08161946 
528 518 23 33 0.06888138 
472 196 41 53 0.062462498 
465 563 31 39 0.04414874 
865 206 39 47 0.038182188 
902 96 20 20 0.036813878 
883 144 14 18 0.036448408 
870 221 53 70 0.035850864 
874 161 110 142 0.03361416 
415 223 27 39 0.032301154 
355 158 11 14 0.02986291 
238 20 52 88 0.029343493 
890 190 126 183 0.027032005 
459 194 30 37 0.02630352 
18 295 25 33 0.02598953 
874 93 14 19 0.02487112 
518 525 25 30 0.024667453 
611 356 45 45 0.023632985 
642 442 44 62 0.023314122 
766 149 45 62 0.020682037 
731 79 12 19 0.020355923 
