44_Aerobics_Aerobics_44_167
29
890 495 133 180 0.9990088 
884 319 63 79 0.9990018 
273 305 70 93 0.9987791 
610 306 27 34 0.99684274 
684 269 22 30 0.99545056 
374 283 30 40 0.9949886 
925 244 22 30 0.992729 
844 232 17 22 0.99241614 
792 273 38 49 0.9905428 
177 279 23 28 0.9891522 
958 262 14 18 0.9830057 
574 245 16 22 0.97525996 
723 265 18 22 0.9742085 
748 246 14 18 0.9692765 
880 260 13 17 0.9096154 
377 264 19 24 0.9068813 
771 273 21 31 0.9062329 
1003 268 13 19 0.86109954 
990 260 10 15 0.16308554 
1010 268 14 18 0.12366136 
990 266 12 16 0.089675166 
778 272 27 37 0.080423914 
752 280 21 30 0.047930904 
1014 261 10 15 0.042000614 
711 264 13 19 0.028810615 
719 261 14 20 0.025660021 
828 261 15 20 0.025238566 
814 266 22 36 0.023528315 
396 270 13 22 0.021694435 
