44_Aerobics_Aerobics_44_852
57
438 252 29 36 0.9984621 
238 259 25 32 0.9969116 
388 276 35 41 0.9961671 
121 292 26 36 0.99614125 
699 260 42 47 0.99527127 
487 230 23 30 0.992896 
908 191 17 20 0.9856117 
169 241 16 21 0.9826995 
223 224 15 19 0.9826225 
349 213 16 21 0.9816715 
945 201 20 25 0.9791005 
190 237 16 20 0.97300786 
92 257 22 25 0.96909684 
0 242 13 18 0.9683496 
328 223 19 24 0.9682952 
265 241 19 26 0.94659495 
683 240 28 36 0.9187266 
675 227 16 19 0.881578 
847 197 14 18 0.75932735 
494 203 13 15 0.7174924 
563 246 19 20 0.53491557 
714 232 18 20 0.48921737 
119 261 14 17 0.48332766 
612 202 13 19 0.20171456 
575 232 9 12 0.17172559 
931 175 11 15 0.16294783 
724 230 15 17 0.14323232 
532 250 18 22 0.1297246 
285 234 15 21 0.12867783 
618 204 14 18 0.10062981 
836 187 10 13 0.084943205 
874 173 9 10 0.073202565 
178 239 17 23 0.072133765 
905 173 11 15 0.06795127 
343 217 14 18 0.055651885 
684 237 16 21 0.0529762 
619 227 15 17 0.05149063 
620 218 16 18 0.048164416 
743 221 9 11 0.047500316 
277 235 15 20 0.045240775 
608 225 23 30 0.04096582 
721 237 18 21 0.03984626 
750 214 8 11 0.038347743 
609 200 11 16 0.036954913 
840 194 12 18 0.03667083 
806 221 9 10 0.03543033 
868 212 12 16 0.034431413 
820 191 11 14 0.032958608 
1014 229 9 16 0.031770155 
625 226 18 18 0.0282409 
627 240 17 20 0.028076483 
648 202 12 17 0.026514422 
932 203 13 19 0.024188258 
981 172 11 17 0.02207662 
634 238 16 19 0.021852477 
252 246 21 29 0.020885825 
715 225 14 15 0.020348687 
