44_Aerobics_Aerobics_44_3
20
572 132 23 39 0.9546459 
809 134 25 32 0.9296027 
708 153 21 28 0.85894305 
324 187 12 15 0.39442328 
467 181 16 25 0.3270622 
211 174 21 42 0.11758883 
452 138 12 16 0.11041458 
418 169 16 22 0.0984525 
152 166 22 32 0.06015756 
396 170 22 36 0.056019396 
575 101 13 18 0.04728714 
319 184 13 17 0.037818916 
434 131 12 16 0.036805514 
696 150 25 32 0.025917279 
793 118 32 46 0.02528001 
405 171 14 22 0.024660354 
189 177 29 44 0.022936946 
317 189 16 23 0.02191332 
426 172 13 19 0.021908104 
621 149 12 19 0.021442864 
