2_Demonstration_Political_Rally_2_329
204
138 349 63 70 0.99964094 
930 289 62 76 0.9989975 
864 339 65 76 0.99893886 
741 400 98 126 0.998609 
304 316 73 86 0.9984366 
465 241 37 42 0.998125 
616 210 27 35 0.9980482 
195 194 41 45 0.99751246 
924 212 32 37 0.99746335 
268 198 40 47 0.99694115 
130 177 29 36 0.9968708 
122 235 50 65 0.99612683 
833 183 27 33 0.9943638 
771 177 24 30 0.9942854 
850 224 26 36 0.99395955 
480 322 82 98 0.9938034 
648 234 38 47 0.993747 
692 331 49 53 0.9925107 
880 163 27 33 0.9921204 
327 176 31 37 0.989207 
802 206 40 50 0.9882633 
566 145 14 20 0.9882564 
499 144 20 21 0.98455817 
0 192 33 47 0.98135227 
60 170 18 22 0.9769206 
479 136 16 20 0.97647595 
781 117 11 14 0.97276807 
302 185 24 29 0.9701919 
667 191 25 29 0.9624335 
70 134 10 12 0.9482052 
57 202 24 47 0.9321454 
742 132 10 14 0.9223428 
975 226 25 33 0.9207634 
948 143 12 15 0.90851444 
966 148 12 14 0.89851075 
51 133 12 17 0.89169097 
960 193 17 22 0.8882095 
24 148 16 19 0.88045794 
768 129 11 14 0.87481743 
847 131 11 15 0.8568942 
903 146 12 14 0.8535082 
6 118 10 13 0.84820974 
864 139 9 13 0.78973526 
70 154 14 16 0.7869324 
997 140 10 12 0.77329975 
986 221 21 31 0.7626819 
112 156 10 12 0.7310168 
541 151 18 19 0.710222 
805 134 9 13 0.6957856 
1012 149 10 13 0.6356419 
557 126 9 12 0.596012 
988 127 10 12 0.58969504 
419 198 23 30 0.5847325 
974 133 10 12 0.58100426 
935 136 10 12 0.529976 
604 123 10 13 0.515731 
513 118 8 11 0.5065816 
814 123 11 14 0.4774688 
611 156 11 14 0.46661532 
1000 171 13 18 0.44902632 
918 148 10 13 0.4343413 
584 230 26 30 0.3770497 
1004 242 19 46 0.34594092 
24 121 9 11 0.32695654 
784 140 10 13 0.3230193 
533 124 10 12 0.30100408 
463 135 9 13 0.27577132 
868 141 10 12 0.2413399 
583 116 9 11 0.23177202 
613 118 12 15 0.21758392 
42 111 8 11 0.20675257 
748 123 10 13 0.20477204 
467 149 11 15 0.1497556 
76 150 12 18 0.14888275 
703 203 13 16 0.14839175 
907 125 8 11 0.14454652 
112 129 7 9 0.14172344 
541 126 8 11 0.14044583 
573 124 9 11 0.1204144 
914 191 23 25 0.11991928 
363 180 14 18 0.11863282 
1 76 8 14 0.11588211 
13 135 10 13 0.11586035 
985 130 10 13 0.11474733 
732 154 12 18 0.11450922 
488 121 7 9 0.11279245 
999 186 13 17 0.11265824 
114 133 7 10 0.1000358 
590 127 8 10 0.0984897 
732 162 12 17 0.09408484 
682 158 9 10 0.09155638 
920 255 17 18 0.08870081 
62 118 9 11 0.08725077 
87 150 10 14 0.08659074 
790 136 9 12 0.08378331 
612 109 11 12 0.083139054 
655 196 8 13 0.078447424 
93 150 11 14 0.077952534 
995 231 25 41 0.06747924 
863 157 10 13 0.06608355 
586 127 8 11 0.06416309 
1009 125 9 12 0.06384706 
29 119 9 11 0.061462782 
840 126 12 16 0.05817367 
573 230 25 30 0.05727216 
567 120 8 10 0.057265855 
560 119 9 10 0.056315932 
869 171 11 18 0.05310608 
662 192 16 21 0.0527688 
901 149 15 19 0.052314974 
967 128 10 11 0.051845025 
684 195 15 20 0.051432602 
734 231 23 31 0.051417787 
1009 152 10 14 0.05024976 
560 113 8 10 0.04756069 
695 134 8 10 0.04662275 
31 125 9 10 0.044828217 
590 118 9 11 0.04479092 
31 111 8 10 0.043260053 
2 93 8 11 0.041883647 
94 118 8 11 0.041353196 
971 142 11 14 0.041165978 
934 165 12 15 0.04092873 
655 136 8 10 0.040434632 
403 202 32 34 0.03996471 
134 111 9 11 0.039567634 
520 149 11 15 0.03894457 
1009 132 10 12 0.038201988 
68 160 15 18 0.03774676 
789 149 14 15 0.03629912 
9 139 12 15 0.03593731 
799 151 10 13 0.035150282 
1008 120 8 10 0.034712344 
732 275 15 23 0.034224775 
530 120 10 12 0.03373406 
1014 109 8 11 0.033361275 
1014 118 8 11 0.03315149 
577 95 7 9 0.033053216 
101 151 11 14 0.03292255 
874 141 10 13 0.03237038 
551 111 8 10 0.032175343 
912 79 10 13 0.03216482 
1009 143 9 12 0.032051675 
107 127 8 9 0.03196728 
504 118 9 12 0.0313154 
972 235 36 49 0.031153774 
87 142 9 13 0.031121766 
782 229 24 30 0.03111266 
65 150 11 14 0.030890206 
830 132 9 12 0.030723033 
90 120 8 10 0.03065823 
523 240 26 33 0.030311756 
782 147 13 14 0.030251706 
642 127 8 11 0.02953586 
499 124 12 13 0.02889831 
863 164 14 18 0.028881364 
122 63 7 10 0.028794013 
893 80 12 14 0.028529914 
83 126 8 10 0.028423429 
586 132 8 11 0.027972175 
850 127 12 15 0.027949529 
788 155 14 16 0.027854016 
722 550 86 68 0.027820786 
742 156 11 17 0.027685624 
707 197 13 15 0.02724616 
609 105 9 10 0.027043238 
41 105 7 8 0.026617596 
351 177 23 31 0.02659513 
923 201 26 34 0.026321035 
32 149 14 15 0.02512535 
372 190 22 32 0.025083253 
547 111 8 10 0.025004182 
788 162 14 16 0.024938121 
175 210 23 32 0.02437331 
1010 105 8 10 0.02432545 
692 195 13 16 0.024232285 
93 143 9 11 0.024030797 
470 141 10 14 0.024008797 
597 224 21 30 0.023938684 
558 152 14 18 0.023595583 
137 95 7 8 0.02357083 
78 118 8 10 0.02335973 
95 87 8 10 0.023316756 
974 112 10 11 0.023287022 
1012 202 12 21 0.023027703 
560 95 7 9 0.022824535 
1012 173 11 17 0.02239606 
600 96 8 10 0.022128142 
520 96 7 9 0.022023967 
31 104 8 8 0.021933785 
493 131 13 15 0.02184677 
830 55 11 14 0.021758212 
97 96 7 9 0.02167225 
6 456 54 86 0.021571703 
554 96 7 9 0.021503622 
542 143 14 16 0.021366565 
366 294 26 32 0.021179121 
961 167 10 13 0.020904593 
2 103 7 10 0.020902246 
401 217 29 31 0.020751199 
287 197 28 36 0.0207153 
512 123 9 12 0.020586286 
494 141 15 19 0.020412566 
805 150 10 14 0.020045707 
