2_Demonstration_Political_Rally_2_204
278
406 389 10 14 0.95548165 
765 387 11 14 0.9388896 
340 395 10 14 0.9172469 
57 407 10 13 0.8534717 
384 395 10 12 0.8386031 
497 399 10 12 0.8210881 
922 390 9 11 0.6940373 
134 434 11 14 0.6916259 
662 390 8 12 0.6143935 
465 395 10 12 0.5110982 
871 373 8 10 0.45984268 
745 403 11 15 0.43903753 
423 393 8 11 0.430746 
277 399 10 12 0.4286978 
448 398 8 10 0.4265429 
837 391 10 12 0.41578582 
188 427 10 12 0.3815016 
168 430 9 12 0.35420084 
227 435 11 14 0.35351807 
175 430 9 12 0.35171196 
861 389 8 11 0.3383835 
200 427 11 15 0.3261401 
578 396 9 12 0.31987807 
320 395 10 13 0.30967727 
800 389 9 12 0.3069893 
101 422 10 11 0.28448918 
144 428 10 12 0.27211756 
689 406 9 12 0.26786482 
810 395 8 12 0.26427135 
242 435 9 12 0.25920632 
674 391 9 11 0.255557 
1002 414 16 18 0.24918206 
1001 387 9 12 0.2468113 
527 400 8 11 0.23094194 
419 395 8 12 0.22761571 
112 430 10 13 0.22306734 
149 428 9 12 0.22250766 
617 398 8 10 0.21941836 
614 75 16 19 0.21381071 
877 388 9 12 0.21289682 
482 397 9 11 0.2103534 
418 373 9 10 0.20645224 
703 138 13 15 0.20395501 
580 391 9 12 0.20394778 
442 397 8 10 0.2025296 
548 399 10 12 0.20212536 
825 406 9 12 0.19575292 
973 412 10 12 0.18618514 
368 397 9 12 0.17987409 
621 399 9 11 0.17869633 
873 383 9 12 0.17302921 
23 400 9 12 0.17017965 
640 377 9 11 0.16383587 
701 382 8 11 0.16144273 
200 423 9 12 0.1596027 
486 398 9 12 0.15123157 
551 389 8 10 0.1432573 
813 392 9 12 0.13523242 
161 429 9 12 0.13321808 
17 404 9 12 0.12491255 
481 391 10 11 0.12472014 
250 420 8 11 0.12439061 
312 398 8 12 0.12265556 
232 420 8 11 0.12105778 
225 421 8 10 0.12085742 
214 421 8 10 0.11982749 
864 407 9 12 0.119701274 
207 421 9 12 0.11798371 
914 374 7 10 0.117959976 
111 435 10 12 0.11570737 
88 435 9 12 0.113612786 
293 405 8 12 0.11242067 
428 391 9 11 0.10863575 
140 435 11 14 0.107707694 
849 368 7 10 0.10398888 
176 423 8 11 0.10271038 
894 382 8 11 0.10245808 
829 411 9 12 0.09968473 
840 383 9 11 0.09704789 
522 399 8 11 0.09532695 
324 390 10 13 0.08988398 
240 421 8 10 0.08878259 
454 396 8 11 0.08399698 
502 403 9 13 0.083809145 
985 388 9 12 0.08364728 
113 423 9 10 0.08247018 
784 391 8 11 0.07735833 
567 407 8 10 0.07703341 
413 412 10 14 0.07637619 
367 390 9 11 0.07600726 
528 403 10 12 0.072116666 
792 390 9 11 0.0706596 
664 394 9 12 0.07027119 
593 408 8 10 0.06932744 
102 430 8 11 0.06819924 
608 397 8 10 0.068087146 
834 394 9 12 0.06633359 
671 394 9 13 0.06510258 
130 414 9 10 0.0650592 
792 396 8 12 0.06324558 
943 384 8 9 0.061453238 
771 388 10 13 0.060782384 
117 424 9 11 0.06014345 
161 424 8 11 0.059713013 
713 415 8 10 0.059569567 
676 393 10 13 0.05737906 
664 375 9 11 0.056724943 
816 414 9 11 0.056668382 
649 405 9 11 0.056645043 
129 422 9 10 0.056124534 
863 385 8 10 0.056052838 
97 432 8 10 0.0557949 
400 396 10 12 0.0554986 
104 436 9 11 0.055256862 
286 398 10 13 0.055132724 
904 384 9 10 0.055116486 
130 435 10 13 0.05501753 
694 413 8 10 0.053615585 
903 389 8 10 0.05331951 
645 375 9 11 0.05209763 
94 436 9 11 0.051402956 
30 404 8 12 0.051400233 
512 397 8 11 0.050550085 
389 392 9 11 0.05005623 
569 383 8 9 0.049978804 
486 414 8 10 0.04961973 
702 376 8 10 0.049333498 
710 420 8 11 0.048410438 
566 391 8 11 0.047996026 
1004 384 10 13 0.046453655 
439 275 13 16 0.04621935 
246 432 8 10 0.046150155 
934 437 10 13 0.04601141 
703 399 8 11 0.045687128 
297 412 9 13 0.04481601 
689 401 9 11 0.0443876 
823 400 8 11 0.044328496 
958 389 9 11 0.044255733 
845 383 8 11 0.04376881 
867 405 11 16 0.043492876 
594 397 7 10 0.04303729 
562 391 8 10 0.042867444 
990 388 9 13 0.042409983 
926 437 10 14 0.042221524 
487 404 9 12 0.04221776 
274 402 9 12 0.0419974 
253 417 8 10 0.041864373 
238 417 8 10 0.041777004 
280 412 9 12 0.04158443 
577 403 8 11 0.04154359 
785 395 8 13 0.041024137 
134 423 9 11 0.040990777 
689 412 8 11 0.040855713 
119 435 9 12 0.04059184 
592 391 8 11 0.04013717 
877 408 12 18 0.039778873 
922 438 9 13 0.039713893 
797 398 10 12 0.039291434 
400 405 8 11 0.03890346 
944 400 10 11 0.03888395 
839 413 9 12 0.038699515 
849 373 8 9 0.038169187 
130 407 8 11 0.038129035 
704 417 8 10 0.03785739 
992 382 9 12 0.037292328 
183 404 8 10 0.03703876 
285 411 10 12 0.037035126 
895 388 9 12 0.03643415 
599 407 7 10 0.03633637 
39 423 10 13 0.036119983 
377 396 9 12 0.035561077 
948 404 10 12 0.03536984 
566 397 8 11 0.034850888 
943 389 8 10 0.034797635 
481 406 9 12 0.034517583 
938 385 8 10 0.034183383 
167 423 8 11 0.034093685 
821 419 11 15 0.03401156 
430 384 9 11 0.033872437 
301 414 10 14 0.033655345 
562 406 7 10 0.033398777 
663 383 9 11 0.032807373 
879 396 9 13 0.032075375 
599 398 9 11 0.032075204 
844 388 9 12 0.031819023 
509 407 9 11 0.031779133 
535 390 9 11 0.031576283 
639 398 8 10 0.031462494 
1009 418 15 17 0.03124245 
980 411 9 12 0.031162914 
672 383 8 11 0.030117087 
994 421 9 14 0.0298814 
367 384 9 12 0.029400792 
949 399 9 12 0.029331572 
718 413 8 12 0.029312585 
925 385 9 10 0.028945224 
726 397 10 12 0.02888336 
823 383 8 10 0.028848704 
977 385 9 10 0.028785853 
87 424 8 10 0.028746713 
471 412 8 11 0.028475959 
873 397 8 11 0.027953971 
888 388 10 12 0.027916448 
927 375 8 10 0.027740411 
8 403 9 13 0.027526218 
303 403 10 12 0.02730941 
648 401 9 10 0.027238889 
392 384 8 10 0.02691464 
701 388 9 11 0.02686332 
692 419 10 12 0.026769016 
176 418 7 9 0.026702093 
1000 406 11 15 0.026685653 
585 384 7 10 0.026454704 
773 360 10 11 0.026264057 
854 374 8 9 0.026214164 
611 417 12 18 0.02589653 
792 385 8 11 0.025848456 
583 423 10 14 0.025803069 
575 383 8 10 0.025685618 
295 392 8 9 0.025328852 
547 391 8 10 0.025246356 
726 406 10 13 0.025201408 
910 389 8 10 0.025100272 
484 384 10 11 0.02497957 
722 398 9 12 0.024905698 
1013 382 9 13 0.024667121 
324 402 11 13 0.024648443 
606 383 8 10 0.024285259 
431 413 9 12 0.02410449 
842 367 7 9 0.023964766 
440 393 8 11 0.023839056 
858 384 8 10 0.02375347 
598 390 9 12 0.023632256 
883 407 14 20 0.023601593 
953 390 8 10 0.023564477 
482 413 8 10 0.023511061 
111 455 12 17 0.023280071 
345 382 9 11 0.02306568 
168 417 8 9 0.022732902 
618 404 9 12 0.022683877 
217 435 10 14 0.022666195 
503 381 8 10 0.022665223 
253 428 9 11 0.022630613 
910 381 9 11 0.022569 
997 442 11 14 0.022427615 
969 408 9 13 0.022057988 
688 418 10 14 0.022046767 
29 434 12 19 0.021961667 
619 162 24 33 0.021947974 
737 405 10 14 0.021879757 
590 412 8 11 0.021826908 
1015 446 8 13 0.021745859 
423 413 9 12 0.02171955 
728 357 9 10 0.0215916 
204 434 11 13 0.021587176 
430 396 9 11 0.021464624 
613 83 21 26 0.02138017 
391 404 9 13 0.021216536 
112 417 8 9 0.021171967 
533 398 8 11 0.021164237 
952 382 8 10 0.021126883 
590 384 8 10 0.021097235 
657 349 9 12 0.021041982 
497 393 9 12 0.021020826 
968 391 8 11 0.020992074 
0 404 10 14 0.020966595 
728 368 8 10 0.020906067 
806 384 8 11 0.020849504 
185 400 8 10 0.020832941 
561 397 9 11 0.020735603 
811 436 11 15 0.020666506 
757 407 10 13 0.02055613 
148 434 10 13 0.02041109 
382 400 13 15 0.02034624 
986 397 8 11 0.020295009 
939 436 10 13 0.02023995 
885 397 10 13 0.020208532 
817 384 8 11 0.020124294 
