2_Demonstration_Demonstrators_2_499
32
258 356 25 31 0.99493694 
760 342 25 28 0.9948225 
813 348 20 28 0.9912282 
633 364 21 25 0.98529005 
978 321 38 54 0.98495126 
454 361 21 27 0.9709707 
601 363 22 26 0.9672564 
698 380 15 19 0.96169704 
360 365 21 24 0.96017694 
427 360 16 25 0.95782137 
516 388 18 22 0.94713074 
831 325 20 30 0.933575 
551 358 18 24 0.92369366 
486 385 15 18 0.86217195 
961 344 20 27 0.7772296 
907 352 26 40 0.7499463 
654 371 14 19 0.6920412 
866 306 12 15 0.3554138 
715 381 11 15 0.16433261 
526 368 11 13 0.13491568 
622 328 9 11 0.094476804 
821 339 21 29 0.06548848 
713 376 11 14 0.04277713 
854 318 11 14 0.038697064 
903 363 21 33 0.034663823 
418 363 20 28 0.032247078 
705 377 17 24 0.031210965 
668 316 15 17 0.03114406 
669 308 15 16 0.027497232 
841 329 16 23 0.022828875 
642 368 20 25 0.021322072 
518 374 13 15 0.020182174 
