2_Demonstration_Demonstration_Or_Protest_2_419
35
30 403 54 76 0.9993339 
283 241 54 73 0.99699235 
455 274 73 86 0.99528533 
306 607 44 75 0.9950062 
795 182 64 87 0.98556954 
636 478 46 76 0.98240155 
29 595 79 84 0.9809126 
80 420 57 78 0.9775708 
143 403 41 79 0.80174404 
592 163 68 88 0.4044506 
145 465 41 60 0.27594185 
969 567 46 64 0.27219 
755 30 26 30 0.15089957 
774 285 49 71 0.116580226 
739 77 23 26 0.11416376 
542 2 16 19 0.10379949 
642 32 23 28 0.07572733 
760 131 44 70 0.07022644 
127 402 40 72 0.06684896 
568 238 53 75 0.057758544 
674 2 16 17 0.054787926 
479 1 12 13 0.052749537 
743 361 56 55 0.045120332 
684 66 34 40 0.044801172 
570 10 14 17 0.04267265 
668 7 26 30 0.040760707 
115 441 49 74 0.035731103 
634 25 24 30 0.03161272 
738 26 23 31 0.031247318 
600 35 15 19 0.030310964 
530 26 14 17 0.029475166 
461 12 16 18 0.025341598 
535 0 12 13 0.02035285 
510 36 12 15 0.020332837 
728 16 22 32 0.020261561 
