2_Demonstration_Demonstrators_2_290
45
727 508 56 70 0.9985813 
863 472 50 64 0.9979436 
696 174 69 91 0.9977048 
507 571 90 103 0.9946972 
459 503 24 33 0.99310654 
412 156 77 104 0.99270964 
17 495 23 26 0.98478425 
171 370 85 97 0.9811029 
377 505 20 24 0.97965115 
636 482 47 50 0.96151114 
414 505 13 16 0.84174746 
936 448 20 22 0.4920741 
483 494 17 21 0.4580836 
360 506 12 17 0.4121367 
55 525 13 17 0.18895963 
514 503 10 12 0.1728455 
413 511 17 20 0.1720889 
998 472 24 53 0.13044074 
21 445 9 12 0.09540587 
54 497 16 21 0.08241734 
476 522 14 21 0.052216828 
342 506 12 18 0.04132111 
485 502 16 21 0.0402803 
409 506 12 16 0.039182477 
406 605 30 34 0.037074875 
569 509 15 17 0.035605226 
361 510 15 20 0.03550285 
333 502 16 21 0.031057045 
647 553 51 74 0.02829583 
926 452 10 15 0.028029557 
38 446 8 10 0.027043222 
360 494 11 13 0.026667207 
1003 459 20 45 0.025751011 
424 493 10 11 0.025725069 
541 503 9 11 0.025642468 
292 416 10 11 0.025299605 
949 257 22 26 0.024337959 
57 532 16 22 0.023975194 
703 490 10 11 0.023943506 
282 448 39 49 0.022181684 
556 511 45 48 0.021877063 
696 489 8 9 0.021611527 
984 454 8 11 0.021476509 
58 518 15 19 0.020341901 
986 446 8 12 0.02022759 
