2_Demonstration_Political_Rally_2_335
322
310 325 52 65 0.9993549 
380 334 51 60 0.99919194 
331 427 64 69 0.99911636 
280 428 50 63 0.99901855 
351 502 62 77 0.9987722 
703 318 49 59 0.99873763 
672 419 58 65 0.9987281 
617 81 28 34 0.99869245 
822 481 73 78 0.99866784 
109 146 29 35 0.9985843 
445 153 28 40 0.99845374 
785 566 72 87 0.99841905 
942 116 30 36 0.99839056 
895 342 51 64 0.9982646 
0 230 29 48 0.99820364 
753 176 34 42 0.9981268 
327 105 30 35 0.9980718 
607 161 34 43 0.99795485 
403 260 51 63 0.99784946 
62 139 35 38 0.99767166 
249 550 72 92 0.99754375 
244 94 26 36 0.9974234 
475 174 33 43 0.9973355 
241 177 32 37 0.99714416 
271 266 47 56 0.99708 
880 151 30 37 0.9970751 
730 79 29 35 0.9970126 
578 61 28 31 0.99685377 
778 200 34 40 0.9968265 
482 443 45 64 0.99661595 
31 146 28 32 0.99620515 
743 141 26 34 0.9960751 
5 331 46 57 0.995821 
159 260 35 44 0.9957936 
145 147 31 41 0.9955367 
659 127 30 37 0.9955337 
569 328 46 53 0.9945886 
33 219 33 41 0.99407625 
212 284 47 60 0.994066 
139 480 43 74 0.99378395 
111 267 43 51 0.9936073 
696 211 40 45 0.9935582 
666 65 25 30 0.9931278 
922 196 31 42 0.992493 
232 229 41 44 0.99223715 
273 193 28 39 0.9921449 
36 78 24 29 0.99206066 
611 413 53 51 0.9919518 
144 229 32 36 0.9918743 
69 90 25 29 0.9916198 
734 446 55 74 0.9910658 
66 208 35 42 0.9910171 
193 265 33 47 0.9905867 
69 398 47 62 0.98875284 
545 220 40 44 0.9879289 
876 310 38 48 0.98775125 
519 198 34 43 0.9877145 
140 99 26 30 0.98741376 
859 117 24 29 0.98679674 
275 326 41 53 0.9864784 
485 128 26 31 0.9864255 
772 156 31 34 0.98608834 
489 245 44 48 0.9846342 
339 57 22 28 0.9845918 
578 135 31 39 0.98457366 
555 564 74 97 0.98452157 
171 189 40 42 0.9842711 
987 6 19 22 0.9833661 
86 235 40 52 0.98160917 
862 65 23 27 0.9804103 
74 182 37 39 0.98016375 
848 215 43 44 0.9797133 
474 297 42 51 0.97894806 
569 479 47 61 0.9787552 
446 373 42 57 0.9773949 
339 277 51 62 0.9764513 
661 177 43 44 0.97488344 
892 219 31 40 0.9745252 
931 31 16 21 0.9725151 
845 169 37 39 0.9724125 
0 493 40 56 0.9723326 
660 231 41 49 0.9689125 
121 352 48 57 0.9684284 
642 234 27 37 0.9676078 
909 6 17 22 0.9658544 
357 231 40 42 0.9657674 
2 406 41 58 0.96483105 
816 74 25 28 0.9599247 
456 268 33 40 0.9562021 
906 65 16 20 0.95417756 
412 93 17 23 0.948748 
-1 142 23 37 0.9485961 
363 158 31 35 0.9475527 
302 103 24 34 0.93442816 
829 427 46 55 0.93286467 
457 112 21 28 0.9267161 
180 26 17 22 0.91716015 
648 82 22 29 0.91505253 
63 63 24 28 0.9092803 
27 0 18 15 0.9088689 
535 262 33 37 0.9075871 
169 75 21 25 0.9043321 
567 117 22 27 0.88342786 
211 9 15 19 0.8828661 
13 32 23 25 0.8778117 
694 297 34 41 0.86021626 
833 57 19 20 0.85384876 
186 113 25 32 0.85035074 
715 76 14 18 0.8352208 
754 249 32 47 0.83146626 
401 433 46 64 0.8238855 
470 31 25 29 0.80353266 
309 51 14 22 0.80332345 
586 104 24 29 0.78663003 
316 193 21 35 0.76112723 
453 653 52 35 0.74497974 
818 106 30 35 0.74398994 
719 12 11 15 0.7009 
539 301 34 52 0.70053494 
0 74 15 23 0.6900333 
32 37 16 19 0.6758722 
662 42 14 17 0.6545738 
337 153 25 36 0.6402144 
940 400 42 58 0.6168811 
574 193 35 42 0.61450666 
783 53 11 15 0.6137247 
801 126 27 29 0.5697584 
966 2 13 14 0.5697473 
0 557 58 101 0.5613418 
406 69 16 20 0.56015253 
688 119 23 32 0.5598607 
15 51 16 19 0.5478078 
267 148 23 28 0.54545003 
814 178 24 33 0.5441851 
540 157 34 35 0.53582484 
823 188 25 31 0.5119622 
644 301 41 41 0.49859083 
511 369 48 67 0.49215302 
280 171 28 33 0.46516284 
922 98 16 22 0.46393913 
477 54 22 28 0.44892925 
333 34 15 23 0.44350526 
291 98 27 35 0.38521445 
758 15 9 11 0.36207315 
780 97 17 21 0.34952104 
200 58 12 18 0.33813903 
349 155 25 33 0.3170994 
234 5 13 17 0.31260675 
472 127 22 30 0.30737966 
463 124 22 30 0.28509498 
323 301 53 61 0.28032127 
690 67 15 19 0.2626087 
857 46 19 22 0.26097426 
21 78 16 26 0.25907207 
0 24 11 20 0.2585085 
347 209 27 31 0.25290254 
363 207 45 48 0.23736507 
785 16 9 12 0.22589876 
159 400 66 81 0.22120619 
463 282 40 52 0.21965905 
211 93 16 20 0.2189472 
271 247 36 40 0.20716336 
773 187 28 35 0.20472862 
596 47 12 14 0.20401962 
28 60 17 19 0.19926412 
765 244 37 47 0.19720344 
325 251 26 43 0.18876804 
782 4 10 12 0.177479 
423 258 50 56 0.171604 
888 5 13 14 0.16309881 
184 57 14 18 0.15389225 
832 175 37 45 0.15245572 
23 410 51 59 0.14737287 
466 29 18 24 0.14300051 
560 108 22 31 0.14259447 
197 630 49 55 0.139116 
27 74 21 29 0.13849661 
505 249 45 52 0.1341907 
663 531 59 64 0.12075437 
591 260 36 40 0.11211014 
629 298 33 37 0.11083574 
65 27 16 17 0.10818183 
639 134 22 27 0.10780205 
448 132 22 26 0.10726132 
881 82 18 24 0.10620914 
678 211 29 40 0.10519705 
281 188 37 46 0.104430884 
151 247 30 42 0.103218265 
15 217 35 49 0.10298117 
322 60 15 18 0.100364074 
811 50 12 16 0.09601378 
314 56 16 19 0.09317684 
773 127 26 28 0.0917424 
28 493 47 59 0.09090488 
540 369 39 62 0.08743447 
123 73 15 24 0.0862817 
754 55 14 18 0.08549146 
328 260 42 54 0.0840886 
778 53 18 25 0.07946922 
147 264 30 41 0.079317234 
48 218 30 40 0.077681534 
803 167 26 30 0.076555535 
1003 308 20 45 0.073776096 
74 45 20 21 0.07132066 
753 1 9 9 0.07023943 
912 207 27 37 0.06961378 
696 21 9 11 0.06941187 
615 58 15 16 0.06737361 
68 12 16 17 0.06375445 
21 46 22 25 0.06243639 
470 154 23 32 0.061226163 
692 15 11 12 0.06032731 
983 5 14 18 0.05957621 
63 84 20 30 0.058967255 
533 620 42 64 0.05802197 
105 536 29 41 0.057889313 
241 391 56 74 0.056396887 
48 375 37 46 0.056333795 
677 227 34 42 0.054904494 
284 43 9 14 0.054526467 
472 57 15 22 0.054208733 
858 54 20 24 0.053407826 
490 367 45 62 0.052980214 
875 217 35 41 0.051346146 
197 501 45 67 0.05098023 
831 194 28 34 0.050322462 
158 147 32 39 0.050213136 
1007 294 16 35 0.047019623 
479 0 13 11 0.046860907 
409 161 30 38 0.045376413 
799 151 27 33 0.045324128 
185 21 15 20 0.04477452 
358 116 15 21 0.04445413 
45 401 55 68 0.044449557 
4 33 16 21 0.04393033 
127 224 39 45 0.043217305 
786 151 27 31 0.04284516 
366 169 41 43 0.04249828 
958 0 15 13 0.04242097 
187 56 19 27 0.041950796 
142 367 48 55 0.04114657 
973 9 13 16 0.04103866 
75 11 13 16 0.0410145 
534 213 32 40 0.040649835 
459 160 32 41 0.04060342 
578 115 18 22 0.040595833 
828 64 19 21 0.04058824 
660 71 19 23 0.039509997 
56 75 19 28 0.039044827 
787 5 11 12 0.037877653 
455 136 24 33 0.0366435 
721 75 15 20 0.036574796 
714 166 25 30 0.036335215 
172 54 12 16 0.036079876 
380 161 27 32 0.035798028 
769 141 28 32 0.035653513 
744 31 11 13 0.03543415 
787 33 12 16 0.035417765 
938 0 16 17 0.03537583 
901 37 13 16 0.03516479 
471 261 35 40 0.03474932 
66 53 24 27 0.03458367 
766 223 41 48 0.034369428 
862 168 26 34 0.034291975 
707 128 20 30 0.034198392 
171 120 29 29 0.033907488 
507 182 35 50 0.032511134 
429 218 46 53 0.032447018 
420 428 44 63 0.03210402 
177 6 11 12 0.031957235 
860 104 23 29 0.031956635 
0 559 38 60 0.030912932 
741 5 9 12 0.030531045 
1 0 10 13 0.03035229 
772 450 46 73 0.030128136 
557 153 29 34 0.029792933 
389 501 52 71 0.029674385 
741 1 9 9 0.029631408 
0 120 20 34 0.029502297 
651 97 19 28 0.029226957 
630 327 44 53 0.029000241 
174 54 19 25 0.027639125 
128 75 18 26 0.02746627 
46 81 20 24 0.02699621 
476 141 27 32 0.02671236 
390 461 52 70 0.026526805 
151 3 13 14 0.026475057 
263 413 50 72 0.02647504 
853 52 16 22 0.026154824 
555 316 33 50 0.02606103 
758 8 9 12 0.025971247 
326 154 26 32 0.025954993 
262 148 18 21 0.025326831 
446 405 47 53 0.025322795 
389 241 43 57 0.025284076 
785 126 22 24 0.025229141 
756 261 17 30 0.024912206 
915 26 13 17 0.0247636 
167 131 28 33 0.024758646 
537 587 59 88 0.024620932 
292 330 41 52 0.024539428 
480 30 18 21 0.024436763 
746 63 20 22 0.024311237 
435 634 63 50 0.023858134 
10 75 15 22 0.02381223 
696 70 16 21 0.023646703 
914 65 16 21 0.02352063 
454 0 14 12 0.023152806 
906 41 15 19 0.023104789 
614 274 39 53 0.022613091 
264 239 29 38 0.022531796 
845 207 32 38 0.022526015 
742 11 9 12 0.022501932 
558 386 27 42 0.021696048 
756 72 15 21 0.021308612 
47 0 12 12 0.02101715 
966 9 13 17 0.02075638 
547 102 22 32 0.020735003 
775 66 12 18 0.020648958 
62 16 22 23 0.020546924 
718 440 50 67 0.020474836 
340 140 22 32 0.020267924 
