2_Demonstration_Political_Rally_2_545
26
451 99 62 81 0.9990802 
192 84 54 66 0.9988914 
674 187 50 62 0.9985328 
331 77 63 77 0.9979479 
717 138 45 59 0.9979265 
108 75 74 90 0.9975247 
929 81 58 68 0.9962902 
589 145 29 36 0.99480045 
290 137 31 36 0.99197865 
535 156 39 50 0.9896355 
658 148 40 46 0.9852968 
914 146 71 102 0.94426876 
568 166 24 31 0.82084274 
756 144 29 40 0.45106283 
784 145 34 50 0.4212254 
786 123 53 78 0.16533113 
830 127 36 50 0.14115414 
60 414 15 20 0.10488501 
917 95 82 102 0.07366491 
765 139 35 54 0.058400646 
321 131 22 30 0.05405921 
317 136 16 23 0.041589085 
507 144 33 53 0.04055256 
979 69 44 70 0.02797201 
798 110 34 48 0.023155805 
821 41 26 53 0.020936457 
