2_Demonstration_Demonstrators_2_517
92
462 367 67 78 0.99949515 
887 99 30 33 0.99840945 
804 110 33 39 0.99785477 
653 147 28 44 0.9977089 
136 297 79 90 0.9974226 
703 133 51 62 0.9973363 
260 125 49 70 0.99727184 
167 131 46 55 0.99713373 
108 93 28 32 0.99698776 
987 86 26 29 0.9957703 
503 110 40 50 0.9955397 
778 304 78 90 0.994626 
789 89 27 28 0.9890093 
426 75 17 21 0.9804608 
220 106 23 29 0.97682106 
921 107 23 24 0.9316929 
767 67 14 17 0.90892833 
615 70 12 15 0.8782491 
485 100 12 15 0.83668184 
699 83 11 14 0.5967319 
480 118 17 24 0.52729446 
859 86 11 15 0.4094783 
241 94 10 12 0.3750592 
587 117 23 30 0.2654978 
147 97 13 17 0.22199039 
457 75 9 11 0.2132427 
219 102 15 20 0.20142852 
516 85 10 11 0.19839436 
442 66 9 13 0.16785549 
560 72 8 10 0.16550457 
569 93 15 18 0.16133374 
684 115 14 19 0.15925865 
530 70 8 9 0.14681572 
877 95 11 16 0.115396455 
481 99 20 25 0.11381511 
725 120 32 44 0.09323389 
701 68 8 11 0.09291283 
248 85 8 10 0.088664554 
196 66 12 13 0.07602785 
543 78 9 11 0.07330753 
554 66 8 10 0.071816646 
724 86 11 13 0.070987895 
634 68 9 10 0.06631609 
752 81 11 14 0.060151774 
508 70 8 11 0.05932892 
720 84 10 13 0.057697177 
714 80 8 12 0.05084605 
678 112 15 18 0.04868699 
718 79 10 11 0.04818106 
812 74 12 15 0.046354044 
545 72 8 9 0.044699557 
735 121 19 24 0.04442552 
638 63 9 11 0.04345096 
620 364 43 58 0.038533248 
518 81 9 10 0.037796706 
488 119 17 25 0.036960986 
652 70 7 10 0.03676721 
679 95 10 12 0.03521572 
930 136 15 17 0.030931676 
691 110 12 17 0.029453432 
736 62 11 14 0.028911443 
698 64 9 11 0.028379025 
686 103 11 13 0.028331714 
283 110 16 19 0.028268104 
273 109 32 41 0.028030526 
656 57 9 10 0.027261939 
720 55 8 9 0.026209526 
711 63 7 10 0.025943536 
535 65 8 10 0.025260706 
424 35 13 17 0.02525193 
725 79 9 12 0.025099168 
544 64 8 10 0.02473672 
538 54 8 10 0.024671556 
730 114 22 23 0.024095306 
735 85 10 12 0.024020966 
243 98 11 13 0.023277307 
685 147 17 19 0.023143562 
242 89 9 11 0.023098651 
256 103 9 12 0.022605157 
683 121 24 31 0.022287244 
807 71 12 15 0.02218159 
719 63 8 9 0.021367602 
539 79 8 10 0.021206735 
677 78 9 12 0.021042377 
688 119 16 21 0.020841405 
544 124 13 16 0.020454813 
455 92 9 11 0.020381004 
636 55 12 13 0.020355033 
550 28 8 10 0.020260975 
638 92 13 14 0.0202369 
744 77 11 14 0.020209929 
802 102 19 25 0.020178346 
