2_Demonstration_Demonstration_Or_Protest_2_644
115
101 236 29 41 0.99759126 
232 63 25 35 0.99684393 
878 310 29 34 0.9959628 
146 182 25 31 0.99593794 
822 278 22 29 0.99292326 
767 288 26 34 0.9912373 
562 277 24 33 0.98428786 
835 141 18 24 0.9735164 
174 174 21 28 0.9733035 
714 247 20 32 0.9693245 
851 271 20 23 0.9689566 
366 248 21 27 0.96134377 
331 88 19 29 0.9558019 
21 32 19 24 0.94628114 
517 275 23 28 0.94624376 
645 238 19 23 0.94092923 
931 276 22 26 0.93955654 
657 273 23 28 0.93925947 
405 244 19 23 0.8794086 
490 316 16 23 0.8787158 
655 297 24 33 0.8032294 
430 230 20 29 0.7949886 
294 237 15 20 0.6900985 
210 49 15 17 0.66583264 
444 286 21 23 0.6354216 
549 246 19 20 0.634476 
512 247 17 21 0.5786007 
237 220 15 20 0.57070184 
539 193 18 22 0.5463048 
570 121 15 18 0.4462073 
526 150 17 22 0.37684804 
474 162 16 18 0.27017772 
783 259 14 18 0.20576508 
481 275 18 20 0.14568794 
386 243 13 19 0.11793473 
0 204 20 30 0.114691906 
644 109 14 17 0.102294 
29 192 23 34 0.08572082 
501 267 13 20 0.08431772 
981 276 16 24 0.07953789 
541 270 17 22 0.07554048 
866 350 27 34 0.07305158 
579 120 13 19 0.07193214 
1007 297 14 22 0.0717519 
538 153 14 21 0.06573887 
481 248 22 26 0.062182583 
95 175 15 20 0.062098958 
435 281 18 22 0.060730066 
270 286 15 22 0.05929432 
502 195 14 20 0.053358287 
580 255 20 26 0.051938005 
640 112 11 16 0.051572535 
653 283 23 35 0.048809 
355 254 19 23 0.04787818 
553 236 18 20 0.047640633 
494 266 15 21 0.04328901 
579 128 14 20 0.042291082 
773 260 14 19 0.04161677 
377 151 20 20 0.041229934 
366 214 10 13 0.04035995 
348 632 29 35 0.03928961 
342 314 15 18 0.03912057 
507 163 14 20 0.038634658 
472 295 20 23 0.038174964 
482 163 14 18 0.038010586 
202 59 20 29 0.037446354 
427 280 19 25 0.035094064 
375 244 19 25 0.0350038 
671 243 15 18 0.03485473 
36 183 16 21 0.034624577 
465 231 16 22 0.034007404 
0 18 11 19 0.033938166 
480 302 22 27 0.032737147 
311 278 14 16 0.032359082 
567 127 17 20 0.032205086 
493 245 16 22 0.031688135 
555 41 16 20 0.03167289 
419 299 21 27 0.031588893 
733 94 14 17 0.031270795 
302 339 10 13 0.030916642 
470 274 15 21 0.030496245 
435 168 14 18 0.02971377 
581 138 13 17 0.029035332 
444 167 14 19 0.02893612 
122 4 16 19 0.028895486 
500 167 16 21 0.028327616 
380 574 65 65 0.028267214 
522 249 16 21 0.027969575 
451 280 22 26 0.027813075 
709 243 15 28 0.027123684 
970 282 19 22 0.02618147 
274 232 16 21 0.025233557 
557 83 15 19 0.024908325 
284 210 14 17 0.024037281 
493 169 15 20 0.023968795 
198 64 15 23 0.02349967 
506 272 16 22 0.023475796 
266 -70 381 519 0.023342453 
504 351 26 31 0.023190778 
42 112 27 36 0.023128834 
573 134 16 19 0.022893041 
331 625 53 66 0.022658495 
426 306 21 26 0.022243274 
307 665 80 87 0.022084149 
422 289 17 21 0.022069406 
499 245 20 26 0.021883579 
278 212 11 15 0.021818908 
548 74 15 20 0.02108425 
484 169 14 18 0.021066641 
551 265 23 29 0.020962274 
302 233 19 24 0.02050161 
400 408 20 20 0.020454697 
231 212 15 20 0.020369707 
533 216 24 26 0.020368068 
250 616 144 136 0.020064127 
