2_Demonstration_Demonstration_Or_Protest_2_816
72
139 283 51 64 0.99937856 
814 80 39 48 0.99810874 
347 266 50 66 0.9980326 
684 67 33 45 0.9972258 
94 65 39 48 0.9970764 
678 203 43 54 0.99623626 
357 399 47 59 0.9952846 
304 0 44 40 0.99512863 
217 259 49 62 0.99424756 
863 173 41 51 0.9936743 
14 170 43 52 0.99359727 
721 0 41 54 0.9927683 
303 150 40 50 0.9926812 
178 193 49 62 0.9925573 
497 159 39 49 0.9909949 
572 121 45 56 0.99077356 
448 64 35 49 0.99032634 
794 228 37 46 0.98971015 
317 211 43 48 0.9836759 
633 173 34 50 0.9806399 
436 198 31 46 0.9724387 
461 219 49 64 0.9723016 
880 1 34 35 0.9673374 
780 282 49 60 0.91609246 
636 11 40 51 0.86240876 
159 0 34 28 0.83868444 
357 3 29 35 0.8379851 
110 0 35 25 0.7866659 
1 35 20 47 0.6883776 
640 145 39 44 0.65292203 
189 161 35 43 0.54187936 
490 1 27 29 0.47861555 
1002 85 21 48 0.3910013 
612 243 37 48 0.32600275 
969 148 41 40 0.2512913 
15 3 28 30 0.20052484 
393 0 22 26 0.1328746 
0 0 23 25 0.09451598 
0 62 19 37 0.09102769 
971 35 46 63 0.08155477 
226 540 54 62 0.07654846 
456 243 45 59 0.06805291 
194 141 43 50 0.060817357 
638 158 48 57 0.049775004 
209 122 38 52 0.04496041 
257 223 43 56 0.044078756 
877 104 33 37 0.043932777 
758 300 29 43 0.04382648 
442 206 43 60 0.043596905 
543 280 52 63 0.038875245 
981 89 30 42 0.036891818 
436 2 15 19 0.035373002 
201 162 21 25 0.034106974 
278 179 28 35 0.033830848 
1003 2 21 29 0.033339173 
316 496 67 78 0.03288269 
457 274 29 37 0.032685377 
825 309 45 69 0.03030149 
564 372 45 60 0.029218307 
24 139 28 29 0.028867725 
283 187 15 18 0.028438391 
443 0 16 14 0.023358097 
707 12 16 19 0.022289496 
787 246 46 53 0.022105977 
508 110 27 34 0.021253195 
794 295 51 70 0.020386538 
281 164 27 38 0.020350376 
180 1 30 29 0.02034833 
635 240 34 48 0.020217283 
401 -1 17 18 0.020182531 
11 2 20 21 0.020079399 
96 493 52 56 0.020030674 
