2_Demonstration_Political_Rally_2_83
277
883 564 111 119 0.9990702 
599 500 95 128 0.99890125 
403 306 86 119 0.9985759 
225 269 71 88 0.9984909 
44 178 48 67 0.99829394 
290 576 104 116 0.9981997 
206 226 54 71 0.99811894 
168 0 31 36 0.9979767 
886 157 52 58 0.9979615 
117 532 109 120 0.99794763 
94 291 67 83 0.9958788 
559 292 74 77 0.99581355 
180 156 47 55 0.9957321 
219 60 36 47 0.99561983 
398 110 34 39 0.9951917 
74 219 50 59 0.9951538 
447 117 37 46 0.9941355 
558 81 33 39 0.9937331 
7 126 54 60 0.99354583 
328 166 48 57 0.99314743 
500 211 55 66 0.99222857 
0 71 32 41 0.99121374 
623 393 92 99 0.9911481 
429 33 26 33 0.9905462 
790 122 33 41 0.9902 
2 398 83 98 0.9901288 
811 134 37 50 0.9894789 
476 85 35 37 0.9894162 
627 66 27 33 0.9888897 
878 331 83 88 0.98776543 
405 196 53 62 0.98667645 
168 394 81 98 0.98478794 
556 188 26 33 0.98419636 
463 181 51 65 0.98339546 
289 33 32 40 0.98307186 
742 154 40 48 0.9828383 
201 112 31 35 0.98177445 
473 19 25 28 0.9786226 
265 18 23 31 0.9781782 
110 79 39 48 0.97201353 
234 120 38 54 0.96898806 
311 71 26 34 0.96863514 
749 20 23 28 0.96814114 
383 154 34 45 0.96543837 
996 128 25 33 0.96121657 
949 159 50 52 0.9435406 
476 48 17 22 0.94146484 
887 77 30 35 0.93889236 
928 201 43 55 0.9383093 
815 40 25 27 0.93477166 
870 31 24 30 0.92891616 
47 293 30 50 0.9234743 
386 60 28 33 0.898081 
118 42 26 35 0.8947922 
344 34 26 31 0.89410704 
374 235 58 72 0.89125437 
97 617 102 74 0.8519036 
918 0 22 21 0.845421 
78 38 30 34 0.84253126 
497 45 21 27 0.83093286 
131 175 43 49 0.81195676 
668 50 23 25 0.7938115 
672 617 101 73 0.7762651 
233 13 24 32 0.77348673 
825 64 21 32 0.73066956 
796 24 19 21 0.69623107 
882 131 28 39 0.6761366 
615 239 54 55 0.6631113 
339 134 38 41 0.65875787 
941 82 30 38 0.623554 
375 97 31 36 0.57133913 
509 0 27 24 0.56984055 
59 141 39 45 0.53334063 
976 220 46 74 0.5210575 
210 112 36 48 0.5002952 
603 60 23 26 0.48866016 
534 49 28 36 0.48291588 
129 444 38 42 0.4485398 
26 0 30 34 0.4440149 
978 446 46 102 0.441283 
446 66 26 31 0.43938553 
340 21 27 32 0.43681997 
35 63 29 38 0.43212068 
243 187 42 47 0.4185674 
565 41 20 28 0.41024834 
759 92 28 36 0.40881565 
254 70 25 32 0.405482 
950 80 38 50 0.39185897 
531 397 47 77 0.38393813 
300 3 19 21 0.36905044 
349 160 46 56 0.35866758 
607 25 20 23 0.33366692 
598 94 29 36 0.33251685 
705 128 36 42 0.32705733 
414 0 22 22 0.32632512 
833 338 34 37 0.32120666 
780 44 23 26 0.31642243 
944 10 24 28 0.25266185 
591 57 22 27 0.24997644 
587 19 19 22 0.24576965 
1 151 23 58 0.23958606 
694 4 17 20 0.22205926 
400 79 28 31 0.20082399 
57 289 50 69 0.20032321 
984 0 18 15 0.18612748 
269 3 19 20 0.18105595 
76 53 28 35 0.1767503 
879 104 25 26 0.17412163 
970 83 31 44 0.17260534 
594 112 49 50 0.16990082 
818 53 23 32 0.16108932 
1001 101 23 36 0.15685417 
620 35 24 25 0.15525575 
748 53 23 27 0.13885146 
830 18 22 22 0.13490516 
101 20 24 26 0.13391007 
955 44 23 26 0.13302293 
532 27 25 30 0.12834132 
793 8 21 21 0.123833574 
590 53 17 20 0.1232747 
939 93 18 25 0.11870427 
592 178 41 46 0.1182074 
943 97 34 41 0.10553558 
71 15 19 23 0.10004254 
648 115 37 50 0.095327586 
206 66 29 36 0.09386197 
139 435 54 61 0.09073277 
214 256 61 74 0.08931202 
94 26 25 31 0.08602095 
97 5 23 24 0.084977895 
667 93 29 31 0.08451651 
532 18 23 25 0.08083173 
896 52 21 23 0.08064988 
989 35 17 20 0.07730364 
948 30 25 29 0.07547778 
619 119 43 53 0.072474286 
267 9 23 27 0.07153466 
616 464 100 126 0.07019734 
388 2 24 29 0.07015648 
599 19 22 26 0.069893606 
953 6 16 18 0.068329066 
611 29 24 27 0.066537715 
967 172 51 66 0.06621804 
353 1 28 21 0.06519967 
389 121 40 46 0.064623736 
793 46 18 23 0.06387356 
697 85 16 24 0.063755296 
584 122 34 38 0.06270743 
634 3 21 20 0.062392797 
694 33 21 28 0.061739262 
121 188 51 60 0.060325697 
668 23 23 26 0.0596901 
795 75 16 22 0.05742157 
10 27 20 20 0.056633472 
743 184 48 60 0.056440897 
198 64 25 32 0.055659052 
664 107 30 40 0.054925654 
929 279 47 64 0.053898036 
986 17 21 28 0.05330954 
386 74 32 37 0.05291279 
386 208 65 76 0.05232142 
375 172 50 62 0.051634073 
725 200 43 58 0.051510047 
741 71 39 47 0.05006625 
950 22 20 24 0.049820766 
965 71 29 35 0.04962544 
103 217 54 63 0.049174182 
434 22 24 29 0.048984196 
47 54 40 54 0.047866914 
245 14 25 34 0.046506748 
0 41 10 25 0.04645745 
785 33 23 26 0.04590531 
950 180 37 44 0.045587003 
885 133 42 54 0.04390571 
276 113 41 52 0.042765923 
825 327 26 36 0.042661965 
606 234 40 48 0.042511612 
-3 262 41 73 0.041898645 
609 2 16 17 0.04167138 
250 119 42 54 0.04162354 
512 100 24 33 0.041159198 
452 68 39 46 0.03920503 
988 92 29 36 0.039106224 
551 47 26 32 0.0388197 
324 119 41 47 0.03873249 
13 0 29 28 0.03861094 
632 211 35 44 0.038425647 
617 62 18 23 0.03768457 
658 28 22 26 0.03730947 
768 192 46 60 0.037126794 
237 6 18 21 0.03693774 
979 6 24 28 0.036526293 
576 272 68 72 0.036001854 
939 191 38 43 0.03599333 
898 0 21 20 0.035757694 
723 1 21 19 0.035732638 
316 80 29 39 0.035114396 
747 0 17 14 0.034871463 
600 75 26 30 0.03477702 
441 4 23 22 0.03398244 
5 96 47 55 0.033716187 
414 107 36 51 0.033604372 
274 81 28 34 0.033304602 
120 234 50 62 0.03302062 
402 2 25 28 0.032971364 
603 0 16 14 0.032710653 
385 248 77 96 0.032678727 
842 338 45 57 0.03253481 
803 36 23 28 0.032374486 
578 28 25 26 0.031635914 
439 15 21 24 0.03150756 
591 204 44 50 0.031142997 
92 1 21 19 0.030650448 
289 228 51 63 0.030397458 
686 85 24 33 0.030327462 
744 61 31 36 0.030116336 
827 255 28 46 0.029932406 
392 20 19 22 0.029905029 
689 100 38 50 0.029887473 
760 51 17 21 0.029441796 
821 27 26 26 0.029367106 
787 186 42 47 0.029117659 
333 14 28 30 0.027958462 
970 157 35 38 0.027919503 
87 230 56 67 0.027896915 
31 525 43 58 0.027742743 
117 106 30 40 0.027352454 
210 129 44 54 0.02689594 
21 66 34 44 0.026773192 
480 162 50 55 0.026739284 
892 59 25 30 0.02664795 
296 53 37 43 0.026461082 
232 27 25 31 0.02642917 
261 179 45 51 0.026139144 
346 12 20 23 0.026096545 
1010 50 14 24 0.025746021 
305 0 16 15 0.025713524 
503 35 39 48 0.025654737 
788 18 21 23 0.025512265 
113 126 41 53 0.02520575 
38 0 30 29 0.024694147 
596 -1 17 12 0.024675107 
21 270 44 66 0.024290051 
961 62 27 30 0.024184665 
128 9 26 33 0.024170665 
898 8 19 23 0.023947263 
472 99 32 39 0.023861503 
292 259 52 74 0.023621917 
934 197 71 87 0.023557922 
907 0 25 28 0.023401247 
946 117 20 24 0.023252059 
642 18 17 19 0.023201484 
541 70 24 34 0.023063583 
537 40 21 24 0.02306223 
973 16 24 29 0.022635365 
653 29 16 18 0.0225795 
646 1 23 24 0.022460006 
183 134 45 51 0.021941083 
622 550 106 116 0.021565916 
668 0 17 13 0.02155661 
82 61 35 49 0.021498116 
739 54 19 26 0.02146899 
113 266 62 74 0.021450482 
309 91 39 47 0.021121366 
629 0 16 13 0.021043554 
391 0 20 17 0.02102688 
100 642 46 46 0.020965287 
730 19 17 19 0.020873396 
943 5 16 21 0.020744933 
308 112 40 48 0.020725595 
617 171 45 51 0.020710696 
130 56 30 40 0.020578176 
763 85 19 22 0.020420317 
658 0 26 21 0.02038464 
30 11 32 39 0.020266991 
636 13 18 20 0.020213675 
281 138 44 53 0.020005222 
