2_Demonstration_Political_Rally_2_107
101
168 588 57 75 0.9996001 
227 490 31 37 0.9969212 
229 559 49 60 0.97877526 
860 503 22 33 0.9741121 
734 559 37 41 0.963396 
131 508 27 38 0.8925897 
922 539 19 24 0.8672658 
132 585 37 46 0.6855101 
260 493 24 32 0.39302143 
151 585 45 67 0.38006002 
980 574 15 21 0.289263 
622 526 92 96 0.28536558 
935 488 14 18 0.28187296 
530 561 49 71 0.24346194 
965 595 22 33 0.21858864 
284 493 18 30 0.21377183 
776 625 51 59 0.20520763 
272 493 18 31 0.16299887 
800 620 73 59 0.16002576 
93 634 56 51 0.14692895 
895 540 24 27 0.13439046 
421 528 21 28 0.1116385 
893 513 15 19 0.10698037 
834 507 15 19 0.10459626 
732 542 32 35 0.10260909 
3 478 67 98 0.099350944 
181 500 18 19 0.092995994 
799 556 22 27 0.08888677 
291 492 23 27 0.087153 
880 607 43 63 0.07692516 
974 539 17 18 0.06777844 
172 526 29 35 0.065002985 
751 617 56 68 0.064398855 
764 507 12 14 0.05897514 
817 520 15 20 0.05822662 
819 545 19 21 0.057353392 
883 516 16 20 0.057258237 
155 524 23 31 0.056654148 
724 608 61 71 0.056141946 
648 513 70 72 0.054814193 
87 528 44 75 0.053504284 
835 524 14 18 0.05164124 
789 501 14 16 0.049291797 
763 597 94 94 0.04802773 
913 639 58 50 0.044734206 
56 616 69 64 0.041903753 
386 598 31 33 0.03812594 
305 634 61 49 0.0374586 
220 594 51 73 0.03730979 
818 613 42 48 0.036954924 
872 619 31 53 0.03584213 
884 603 30 39 0.035393056 
657 599 123 87 0.03365651 
788 504 21 26 0.033313874 
768 534 18 25 0.032276887 
814 486 9 11 0.031348515 
112 508 42 56 0.031340014 
902 490 11 15 0.030953566 
757 459 9 11 0.03093445 
392 510 12 14 0.030336173 
893 501 11 14 0.02980763 
736 499 11 14 0.029416583 
360 539 30 34 0.029323975 
742 495 10 14 0.02929752 
44 527 84 113 0.02929441 
631 562 120 107 0.029143615 
886 482 15 16 0.02864179 
807 558 40 44 0.02820433 
839 478 11 13 0.02721992 
824 486 10 12 0.027111204 
727 491 9 13 0.026997069 
509 528 81 111 0.02660889 
749 492 10 13 0.026306082 
671 500 58 61 0.025418023 
216 486 22 30 0.025389617 
843 505 14 19 0.025255783 
148 527 16 25 0.024714386 
917 511 12 14 0.024267707 
291 506 17 24 0.024150355 
204 486 19 23 0.023801656 
231 622 51 67 0.023757515 
809 480 9 10 0.023671407 
972 544 21 24 0.023393247 
108 539 27 51 0.02331435 
297 483 24 28 0.022453297 
198 577 54 73 0.022405202 
250 631 60 56 0.022187775 
910 514 13 16 0.022006728 
730 528 24 31 0.021936068 
172 500 18 20 0.021699484 
717 520 23 35 0.021620521 
793 487 9 10 0.021616412 
478 566 61 74 0.0215061 
403 515 39 48 0.021323573 
902 417 12 16 0.021114634 
569 566 60 85 0.02083275 
974 563 23 28 0.02054472 
358 523 14 20 0.02040272 
826 519 21 27 0.020402303 
790 494 12 14 0.020328615 
895 491 12 16 0.020185228 
