2_Demonstration_Political_Rally_2_695
381
497 374 34 42 0.9989864 
765 556 58 77 0.9989767 
806 225 24 32 0.9979627 
439 345 31 36 0.997874 
45 240 27 30 0.9964947 
326 472 41 50 0.9948607 
406 373 34 42 0.99435884 
17 268 27 31 0.9942373 
584 366 32 45 0.9938963 
422 469 38 45 0.9896417 
6 432 45 53 0.9803191 
401 295 33 40 0.9770775 
139 127 17 20 0.9747897 
21 123 17 20 0.9692146 
132 395 42 43 0.9692007 
58 131 17 22 0.9660379 
316 533 41 49 0.96391124 
1 384 34 38 0.9638964 
883 478 28 34 0.9544989 
685 185 19 21 0.93766236 
59 57 16 19 0.93040895 
517 454 45 50 0.92580134 
105 359 35 41 0.9204311 
355 419 41 48 0.9151513 
168 210 22 29 0.91501033 
170 433 33 50 0.9140204 
297 424 41 41 0.91276777 
319 256 27 32 0.9036047 
660 204 16 24 0.90348464 
102 234 21 26 0.8997295 
158 256 23 28 0.8992262 
0 16 18 23 0.8956899 
17 226 19 24 0.8909228 
470 93 15 17 0.8897467 
345 302 36 51 0.8637846 
270 252 16 19 0.854943 
190 224 22 26 0.82958597 
393 524 44 41 0.80326235 
224 350 39 57 0.7913433 
68 459 35 52 0.7809679 
807 172 18 24 0.77731377 
250 185 27 27 0.77429885 
212 317 28 30 0.76461047 
962 644 57 41 0.7415373 
685 150 15 18 0.72849864 
194 456 44 48 0.7010204 
704 199 16 20 0.67724836 
638 170 14 19 0.67715645 
60 223 15 20 0.6716699 
321 323 33 36 0.6265508 
208 266 22 26 0.5743631 
642 189 14 18 0.5345355 
236 101 12 14 0.5001486 
67 223 17 22 0.49682653 
146 258 24 32 0.49132034 
878 357 25 36 0.47968528 
268 157 16 18 0.47789448 
610 201 16 21 0.46842507 
134 113 12 15 0.4398352 
653 125 10 13 0.43442965 
965 94 13 14 0.39187798 
217 133 12 15 0.3782672 
561 326 26 31 0.3774912 
758 101 11 12 0.3424666 
180 451 41 42 0.33966866 
310 325 29 32 0.3320765 
192 141 12 16 0.3308626 
129 662 41 26 0.33000794 
198 118 10 11 0.30929986 
811 488 23 26 0.2831196 
795 195 17 21 0.28092587 
756 180 13 16 0.27172604 
700 124 12 15 0.25958484 
338 395 33 40 0.25786352 
959 120 43 35 0.23835246 
121 120 11 14 0.23507832 
174 118 8 10 0.23113866 
766 247 17 20 0.22810228 
705 283 24 30 0.2171135 
111 278 27 41 0.21492083 
248 132 10 14 0.21156725 
687 139 12 14 0.20300198 
577 159 10 13 0.20251349 
249 92 11 13 0.20198244 
679 116 9 12 0.20139264 
613 132 9 11 0.18963052 
678 276 20 30 0.17344993 
646 131 10 13 0.17216 
910 533 26 30 0.15588745 
93 493 29 41 0.15098429 
760 516 24 37 0.15067811 
695 130 12 14 0.14961459 
587 185 16 19 0.14760746 
667 179 12 15 0.1461441 
597 83 11 14 0.14047849 
734 315 34 44 0.13786578 
816 294 23 31 0.13772024 
252 131 11 14 0.1354827 
113 259 22 32 0.13331296 
107 126 12 16 0.12868422 
57 230 20 25 0.12693903 
630 127 8 10 0.11929404 
609 129 10 11 0.11652907 
635 507 27 35 0.11289174 
482 606 25 46 0.11220698 
620 199 13 19 0.110973105 
831 225 21 31 0.10895102 
346 410 36 42 0.10804692 
765 99 11 13 0.104840495 
629 157 14 17 0.10464094 
729 117 11 14 0.10398553 
235 452 35 43 0.10218028 
268 287 30 38 0.1006315 
618 484 35 41 0.09838298 
255 148 14 16 0.0979044 
0 487 24 56 0.0968296 
198 113 9 10 0.0960907 
114 88 14 19 0.093289405 
120 31 8 11 0.08948727 
91 224 13 18 0.08904828 
4 341 21 29 0.08673833 
109 63 10 14 0.08620288 
82 132 17 19 0.08615934 
855 179 22 28 0.08547213 
279 405 44 49 0.085309796 
570 323 17 20 0.08445333 
196 264 24 32 0.08292193 
160 37 12 15 0.08185727 
79 362 30 33 0.081438676 
0 201 11 21 0.08037216 
696 110 11 12 0.0760001 
702 117 13 17 0.07582194 
500 454 41 47 0.075087436 
500 301 16 17 0.07475609 
480 56 9 11 0.07474226 
168 198 43 46 0.07394532 
170 118 7 10 0.07384859 
694 115 14 16 0.07376706 
705 484 25 28 0.07367173 
440 54 10 12 0.07258196 
959 284 14 18 0.0722189 
203 17 15 19 0.071903095 
702 110 10 13 0.07128429 
628 199 13 19 0.07045436 
299 440 44 51 0.06988864 
261 132 13 13 0.06925673 
383 297 40 53 0.06862464 
95 57 12 16 0.06839973 
874 190 20 33 0.06766787 
295 258 23 28 0.067616016 
20 201 17 22 0.06748992 
95 355 30 39 0.0671706 
262 139 15 17 0.066991314 
655 104 8 11 0.06377062 
286 197 14 17 0.06346634 
141 408 41 49 0.06343502 
464 290 22 26 0.063006945 
700 328 27 31 0.062173348 
626 127 8 10 0.062053844 
733 111 9 11 0.06189921 
671 149 10 13 0.060085334 
101 59 12 15 0.059961777 
638 109 8 10 0.05911284 
77 470 42 53 0.05893434 
77 105 14 19 0.057809256 
612 159 11 17 0.057359707 
772 132 13 18 0.0567127 
759 116 10 12 0.056456804 
714 241 16 21 0.05615231 
759 107 11 15 0.056114297 
776 131 22 24 0.055470828 
140 268 20 28 0.054461993 
677 490 39 58 0.053349074 
938 577 21 30 0.05268289 
767 202 14 16 0.05266232 
245 137 12 15 0.050833877 
589 164 10 13 0.050773256 
259 157 26 30 0.050537292 
199 18 11 16 0.05043222 
583 179 15 20 0.049995136 
118 282 40 51 0.048958387 
171 258 22 30 0.048394527 
59 418 22 31 0.04795416 
866 183 21 34 0.047936153 
61 641 18 25 0.04791333 
242 98 13 15 0.047755715 
709 121 9 15 0.047660053 
630 132 9 12 0.047362067 
734 496 25 33 0.04611276 
782 444 27 37 0.046082594 
558 384 27 43 0.045198828 
804 345 26 31 0.04465478 
796 455 15 19 0.04452445 
240 126 10 14 0.044359256 
204 27 13 17 0.044355076 
567 370 39 49 0.043909535 
687 280 26 32 0.043648385 
640 128 9 13 0.042832926 
764 532 47 59 0.042823948 
583 171 13 18 0.042744912 
1009 103 11 15 0.042498574 
217 117 9 11 0.042206712 
335 441 45 52 0.042186055 
470 69 10 11 0.042027503 
158 119 9 11 0.04172659 
758 519 14 26 0.04149827 
89 137 16 19 0.04148716 
849 413 24 31 0.040175468 
583 131 12 15 0.03982774 
272 119 9 11 0.03961398 
594 180 13 17 0.03958654 
492 620 22 34 0.039246954 
129 258 25 32 0.03917644 
763 178 13 17 0.038650185 
764 118 11 13 0.037976477 
601 127 8 11 0.037880275 
853 173 19 21 0.037675638 
249 364 42 52 0.037472066 
593 80 9 12 0.03721687 
669 125 11 13 0.037037823 
766 125 13 16 0.036770854 
590 158 12 15 0.036718022 
278 124 9 12 0.036428023 
750 173 16 21 0.036374144 
604 84 9 12 0.03625335 
168 12 11 15 0.03622102 
865 348 25 35 0.036163736 
147 299 26 33 0.035961088 
581 161 11 15 0.0357242 
246 145 11 15 0.03542813 
63 399 38 48 0.03510892 
545 325 25 29 0.034825046 
700 249 22 24 0.034538172 
45 35 11 16 0.034501605 
54 464 31 45 0.0340206 
488 366 17 22 0.033673033 
88 345 30 37 0.033391755 
250 447 37 56 0.03333201 
766 174 12 15 0.03320953 
624 132 10 11 0.033068117 
686 109 9 11 0.033065535 
307 258 28 36 0.03293737 
851 343 26 28 0.032848317 
221 210 24 29 0.032841787 
640 524 19 23 0.032690573 
820 290 16 22 0.032495234 
547 149 14 16 0.032393273 
728 103 8 10 0.032177612 
743 124 10 13 0.031893346 
152 119 11 14 0.031810954 
218 457 40 45 0.030754006 
484 83 11 15 0.03072046 
721 118 12 14 0.030692047 
951 95 8 11 0.030408388 
961 92 21 23 0.030326143 
605 144 12 17 0.03023588 
813 6 12 14 0.030042732 
181 118 9 10 0.02999243 
94 7 13 17 0.029465059 
481 342 22 31 0.029199347 
216 127 12 14 0.028228572 
696 105 9 9 0.028217902 
335 216 25 35 0.02805252 
25 437 41 57 0.027984943 
663 124 11 14 0.02787091 
329 415 47 55 0.02783252 
26 84 15 18 0.027674422 
573 171 26 33 0.027601661 
332 256 28 36 0.027383868 
541 312 27 31 0.027287131 
404 22 10 13 0.027190628 
674 119 8 11 0.026965016 
210 16 12 17 0.02683915 
721 286 16 23 0.02676468 
823 284 27 34 0.02673369 
547 322 14 18 0.026446678 
127 553 44 42 0.02642183 
470 307 13 15 0.026421348 
595 157 11 13 0.026396006 
183 263 21 29 0.0263744 
613 582 33 39 0.026251301 
247 80 19 25 0.026136314 
695 486 28 39 0.026053317 
270 110 9 12 0.02599594 
679 141 12 14 0.025893908 
248 253 26 29 0.025738548 
339 327 32 39 0.025429415 
734 239 16 21 0.025354192 
772 427 29 47 0.025346162 
230 130 12 15 0.025011819 
189 47 11 13 0.024982462 
462 84 9 12 0.024914281 
725 482 26 40 0.02491134 
740 486 28 36 0.024732541 
751 125 9 13 0.024462057 
41 217 20 26 0.024439115 
332 0 11 10 0.024339521 
247 118 11 13 0.024277125 
173 569 47 61 0.024245813 
740 118 11 14 0.024106799 
174 125 9 11 0.024092443 
956 128 15 15 0.02403541 
665 150 11 13 0.023997359 
661 175 19 26 0.023934653 
3 226 25 34 0.023896672 
162 302 17 27 0.023791851 
645 184 20 26 0.023724865 
764 521 36 41 0.02368924 
645 167 21 29 0.023578022 
736 156 13 18 0.023512073 
795 224 14 20 0.023511838 
183 39 7 10 0.02345696 
46 131 14 18 0.023449944 
215 243 11 15 0.023377504 
664 119 8 10 0.023330985 
577 327 17 22 0.023327356 
796 452 25 35 0.023312505 
770 176 15 18 0.023228193 
273 124 9 12 0.02309271 
567 128 9 9 0.023067053 
747 512 23 35 0.023036277 
147 337 40 48 0.023015102 
113 239 17 23 0.023010118 
267 390 46 51 0.022907296 
597 109 9 12 0.022865528 
665 110 8 10 0.02283316 
128 110 12 15 0.022723023 
45 49 13 17 0.022634875 
190 29 9 11 0.022573957 
727 133 12 15 0.02252237 
253 118 10 11 0.022362107 
270 275 24 34 0.022354979 
478 85 13 17 0.022274097 
702 105 9 11 0.022154836 
365 306 32 46 0.022139769 
575 127 8 9 0.022106005 
650 108 9 12 0.022071445 
87 18 12 16 0.022068461 
198 313 30 36 0.022056613 
99 126 19 22 0.022025341 
206 260 16 22 0.021862997 
636 151 11 14 0.02179627 
297 252 17 19 0.021722928 
207 6 9 10 0.021566555 
291 190 23 29 0.021557447 
688 127 13 15 0.021507151 
309 258 16 23 0.021446595 
253 136 20 25 0.021342497 
573 167 14 19 0.021291008 
679 104 12 13 0.021231348 
195 133 12 16 0.02120419 
701 259 24 29 0.021148616 
868 181 13 18 0.021112861 
679 185 16 20 0.021092393 
96 498 42 57 0.021079052 
472 442 40 53 0.021069827 
793 376 24 34 0.020956475 
232 213 26 30 0.020910002 
686 116 10 13 0.020908568 
204 140 14 18 0.020873612 
740 311 20 23 0.02086437 
839 295 28 33 0.020843422 
111 247 23 31 0.02083429 
184 358 32 39 0.020748505 
881 193 28 38 0.020678848 
336 374 45 48 0.020593686 
210 27 13 17 0.020565717 
90 212 14 18 0.020563878 
732 140 11 15 0.020513278 
636 202 11 15 0.020471103 
5 590 21 34 0.020451058 
623 160 15 18 0.020385623 
297 330 32 36 0.020373764 
114 32 10 11 0.020268781 
82 221 18 24 0.020236673 
52 125 16 21 0.020217657 
860 332 25 35 0.020131731 
194 124 10 12 0.020128826 
101 282 24 31 0.020097343 
84 354 16 22 0.020055607 
663 104 8 11 0.020006765 
