2_Demonstration_Protesters_2_583
59
805 237 65 87 0.96547157 
865 118 9 11 0.96231514 
903 126 12 16 0.9572225 
831 113 11 15 0.91169083 
895 111 9 11 0.90709805 
815 127 11 13 0.87195116 
997 117 9 12 0.86042863 
928 109 9 11 0.7422885 
792 111 9 11 0.5541817 
799 126 10 12 0.438232 
956 110 9 11 0.20252107 
953 87 10 12 0.15494178 
983 125 9 11 0.13017517 
993 141 11 13 0.11334511 
888 132 9 11 0.10584019 
863 155 11 15 0.09878239 
959 133 9 12 0.09065181 
800 120 9 11 0.08890851 
576 205 45 53 0.079195194 
980 119 12 13 0.063303456 
862 142 9 12 0.05788232 
733 1 18 21 0.05573622 
804 119 9 11 0.054249767 
838 133 9 12 0.05090883 
798 154 11 14 0.04989958 
841 223 26 43 0.048516776 
1013 168 10 19 0.045102477 
1015 152 8 14 0.0408468 
804 152 14 19 0.039777137 
818 130 12 15 0.037878957 
895 134 9 12 0.03391388 
929 78 9 12 0.03293474 
993 146 12 15 0.0321259 
963 135 10 12 0.030739952 
838 156 12 18 0.0302929 
831 132 10 13 0.0300775 
936 155 16 18 0.029707199 
805 124 9 12 0.028568454 
923 109 8 11 0.02810972 
1006 119 9 11 0.027595405 
838 125 10 13 0.0273532 
998 53 11 12 0.027045634 
951 82 10 12 0.025701389 
986 133 8 10 0.025075305 
790 147 11 16 0.025054866 
808 147 15 19 0.024594344 
783 126 10 13 0.024558736 
997 136 11 12 0.024384763 
792 125 10 13 0.02306165 
776 125 9 13 0.022884749 
993 124 9 11 0.022407321 
785 141 11 13 0.022306573 
894 140 10 14 0.022016922 
983 71 9 12 0.021899084 
830 235 38 55 0.021579573 
858 136 9 11 0.021133775 
933 83 9 12 0.021091703 
926 126 11 13 0.020833595 
1014 126 8 12 0.020827185 
