2_Demonstration_Demonstration_Or_Protest_2_895
348
674 332 31 42 0.99899226 
486 351 53 68 0.9971962 
631 337 27 37 0.99471116 
276 307 21 30 0.9806498 
68 283 16 21 0.9787921 
139 273 13 17 0.9667341 
373 319 23 29 0.96139956 
804 305 24 28 0.9549413 
24 285 19 25 0.9447464 
416 279 12 15 0.91551626 
300 311 16 22 0.88081783 
965 307 16 18 0.87099844 
198 273 13 16 0.85671616 
926 309 11 14 0.8293461 
209 368 22 40 0.7961691 
343 279 11 13 0.77279353 
113 284 17 22 0.77091736 
383 276 11 13 0.7505479 
208 308 21 25 0.74605304 
138 316 21 22 0.74325335 
610 281 12 16 0.6675411 
297 294 18 20 0.6531871 
427 312 15 23 0.6139497 
0 283 10 17 0.566054 
47 295 20 25 0.5494486 
465 306 18 21 0.5325672 
523 293 11 14 0.50824434 
750 300 14 17 0.49983776 
994 327 16 19 0.45167196 
677 276 12 15 0.43747398 
975 269 10 14 0.43533084 
368 268 9 11 0.4199047 
36 414 83 125 0.38959423 
533 277 11 13 0.36174402 
869 324 14 17 0.3590605 
454 288 11 14 0.34615824 
551 249 8 10 0.32540596 
925 286 13 17 0.32422933 
56 267 13 17 0.3171694 
451 304 12 18 0.30812943 
256 268 9 11 0.29401055 
550 304 15 18 0.2925425 
472 260 9 11 0.23495051 
525 254 9 12 0.22213653 
303 275 11 13 0.21812287 
332 291 11 14 0.21433342 
615 261 10 13 0.21282405 
464 303 12 16 0.21020964 
302 252 12 14 0.20258392 
126 269 11 14 0.19529556 
619 263 11 13 0.19115448 
835 338 19 19 0.18408433 
30 398 42 65 0.18303218 
687 258 12 17 0.17795041 
68 313 13 18 0.17550045 
520 244 8 10 0.17186025 
861 254 10 13 0.16933191 
671 298 11 14 0.16555181 
814 255 9 12 0.16067083 
153 286 11 14 0.16046616 
559 261 9 10 0.15586407 
29 410 25 43 0.155379 
667 259 11 13 0.15364547 
941 267 10 14 0.1529533 
880 269 10 12 0.15149985 
573 269 10 11 0.1504352 
193 256 9 11 0.1456468 
619 332 19 30 0.14205562 
337 315 16 19 0.14024565 
152 261 12 16 0.13564146 
205 301 17 17 0.13527897 
968 268 12 14 0.12969482 
459 306 35 43 0.1275491 
490 261 10 13 0.12633389 
886 270 9 12 0.12496612 
36 406 58 80 0.11923602 
612 256 9 11 0.11730299 
806 340 20 28 0.112198964 
913 263 9 11 0.11206827 
124 288 12 18 0.11145674 
408 285 10 13 0.108099416 
30 424 14 23 0.105727434 
413 253 9 11 0.103562705 
421 317 14 26 0.10141156 
611 260 9 12 0.1012555 
218 374 29 35 0.100363046 
414 324 13 19 0.099350125 
950 267 10 13 0.09836276 
861 287 10 13 0.09611261 
733 411 49 71 0.09583245 
441 228 11 14 0.09371539 
589 266 9 13 0.09178446 
729 277 9 11 0.09093991 
834 294 13 14 0.089021236 
676 300 11 14 0.08885394 
119 261 10 13 0.08780045 
829 256 8 11 0.086472504 
539 277 11 14 0.08408956 
1013 303 11 21 0.08388206 
567 279 10 13 0.08089877 
511 268 8 10 0.080356 
308 335 16 21 0.07749011 
534 293 12 16 0.07704824 
916 374 66 80 0.07633862 
214 284 13 15 0.075991064 
839 343 20 20 0.07445767 
526 247 8 9 0.07342083 
781 260 8 12 0.07226441 
308 296 13 18 0.07106344 
467 320 14 18 0.069770105 
269 292 16 19 0.06712102 
575 354 15 21 0.06689278 
311 282 11 14 0.066272676 
308 277 12 15 0.06582493 
536 253 8 11 0.06563115 
412 409 50 71 0.06377572 
440 263 13 15 0.0635676 
370 293 14 17 0.06331496 
536 248 8 10 0.06317973 
218 309 16 21 0.06317259 
134 255 9 12 0.06280878 
689 246 8 11 0.06183762 
405 238 9 12 0.06070928 
175 294 12 15 0.05906992 
586 262 10 12 0.057960067 
718 253 9 11 0.05697299 
763 301 12 16 0.055912223 
408 267 10 14 0.055784322 
744 291 14 18 0.05577304 
125 263 11 13 0.055723537 
943 296 11 14 0.055162158 
780 255 9 11 0.054785457 
494 310 12 14 0.054600187 
207 285 12 15 0.05285503 
820 375 29 37 0.052290313 
469 329 12 17 0.05220424 
449 188 9 12 0.05092743 
904 312 10 13 0.04931394 
906 315 12 16 0.049103886 
369 246 9 10 0.048857957 
346 282 11 14 0.048187178 
3 290 12 16 0.0478837 
540 285 11 14 0.047811422 
573 277 11 13 0.047121834 
795 345 23 29 0.046519984 
709 284 9 13 0.046503596 
867 330 17 22 0.045963023 
249 263 7 9 0.045956902 
180 289 13 17 0.045288045 
535 281 12 16 0.045024287 
599 286 10 14 0.044964418 
474 307 15 18 0.044605542 
757 334 16 24 0.04407763 
599 245 9 11 0.04404414 
228 314 15 21 0.04350083 
155 334 24 31 0.043448936 
538 297 18 25 0.04319747 
476 291 12 15 0.042809747 
295 307 15 21 0.042392153 
52 303 22 26 0.041784238 
47 397 43 52 0.040937167 
1000 324 14 17 0.040781517 
486 309 10 13 0.040313106 
301 286 14 16 0.04014351 
872 286 9 12 0.040074732 
276 286 12 14 0.039503455 
598 362 17 20 0.039420266 
76 432 60 83 0.039342824 
562 277 9 12 0.039268706 
480 245 9 11 0.03892455 
827 362 31 37 0.038889565 
529 273 9 11 0.038607 
526 241 8 10 0.038217727 
785 362 10 16 0.038211733 
150 294 15 19 0.037529554 
20 416 53 93 0.03736614 
132 260 11 13 0.037335683 
831 378 33 42 0.03721955 
317 285 11 12 0.036557917 
532 302 15 19 0.0362889 
63 308 14 18 0.036213096 
958 263 9 13 0.035982314 
983 319 35 45 0.035967447 
276 299 18 23 0.03592195 
404 173 11 14 0.03588982 
239 254 9 11 0.035489656 
940 322 15 18 0.035416756 
295 269 11 13 0.035352822 
571 282 12 15 0.035215795 
702 323 15 19 0.03513605 
430 254 8 11 0.035125356 
248 344 21 29 0.034725994 
1014 295 9 15 0.034482006 
209 333 21 23 0.03447922 
856 260 9 11 0.034329507 
916 110 10 12 0.034150217 
714 254 8 11 0.034118503 
729 349 38 46 0.03392693 
744 263 9 10 0.033679683 
513 247 8 10 0.033443436 
874 268 9 12 0.033266965 
689 241 9 11 0.03320491 
342 329 22 28 0.033114225 
856 290 11 13 0.033104 
799 262 8 10 0.033026956 
766 276 10 12 0.032763362 
571 300 15 17 0.03257957 
994 318 17 19 0.032549627 
681 250 9 13 0.032542318 
105 426 51 77 0.032455146 
38 299 12 17 0.03236567 
121 267 11 15 0.032219917 
820 297 24 25 0.032149907 
464 330 12 18 0.03203935 
862 318 16 19 0.031864982 
586 256 9 10 0.0318088 
839 238 8 10 0.031776227 
671 271 12 14 0.03170121 
849 264 8 9 0.031350795 
930 284 11 15 0.031229325 
359 328 14 23 0.03117786 
426 206 10 13 0.03106371 
938 264 10 12 0.030981887 
262 291 13 18 0.030800179 
0 401 13 24 0.030612586 
773 418 44 62 0.030551946 
146 275 13 17 0.030549513 
471 287 12 14 0.030470321 
687 301 12 15 0.030397745 
614 247 8 10 0.030341964 
1 296 12 19 0.030326834 
505 270 8 10 0.030247942 
692 246 10 11 0.030199522 
631 300 13 15 0.030052846 
703 261 10 13 0.029985715 
888 277 9 12 0.029800737 
768 230 9 10 0.02959507 
539 291 11 15 0.029589469 
328 288 11 14 0.029477933 
904 263 8 10 0.02937627 
407 246 9 12 0.029352335 
211 290 17 20 0.02875686 
489 256 10 12 0.028397834 
736 272 9 12 0.028275892 
481 278 10 12 0.028149227 
911 266 13 15 0.028068198 
920 313 14 18 0.02774682 
849 345 15 19 0.027711162 
890 284 9 11 0.027411632 
872 264 8 11 0.027285593 
172 277 11 14 0.027241215 
828 292 22 24 0.027088927 
175 270 8 11 0.027080784 
815 247 10 12 0.027078478 
326 297 15 18 0.026655847 
815 307 17 22 0.026433446 
627 337 19 27 0.026151737 
897 262 8 10 0.026089676 
60 314 20 28 0.026014056 
375 285 13 16 0.026009394 
800 278 10 11 0.025890242 
36 292 21 26 0.025696605 
1013 371 9 16 0.025661644 
692 255 11 14 0.025515003 
849 269 8 10 0.025469787 
809 259 10 12 0.025145067 
877 284 8 12 0.025034806 
708 316 12 14 0.024981005 
455 247 10 13 0.024837894 
781 247 8 11 0.02480011 
737 229 9 12 0.024755888 
1007 371 10 15 0.02455181 
401 127 8 11 0.024530567 
991 261 8 11 0.024317177 
749 263 9 11 0.02413959 
869 309 12 15 0.024136607 
109 280 13 16 0.024111355 
466 261 10 12 0.024108963 
768 224 8 10 0.024011048 
2 255 8 14 0.023976833 
455 307 21 28 0.023973932 
326 123 10 14 0.023955902 
152 255 12 15 0.023904841 
763 326 13 19 0.0237987 
752 246 9 12 0.023473881 
730 342 24 31 0.023449354 
454 311 12 17 0.023349423 
918 324 11 16 0.023330694 
294 263 10 12 0.023277948 
853 269 9 10 0.023227619 
414 290 13 14 0.023217909 
477 256 9 12 0.02319378 
566 291 15 16 0.02316892 
469 367 32 42 0.023160456 
862 335 14 19 0.023045925 
800 256 7 10 0.022940522 
177 299 14 18 0.022802645 
825 261 9 11 0.022697674 
510 252 9 11 0.022296842 
469 264 12 15 0.022265136 
732 281 13 19 0.022246333 
551 277 10 13 0.022229407 
789 350 13 16 0.022201456 
755 295 13 17 0.022183914 
933 302 11 13 0.022156823 
545 254 8 10 0.022143904 
920 301 13 15 0.021970907 
935 279 9 12 0.021938285 
766 253 10 13 0.021881735 
506 263 9 11 0.021877594 
192 268 11 15 0.021796389 
521 278 9 11 0.02176458 
550 285 10 13 0.02167781 
434 307 13 16 0.021599254 
641 239 9 11 0.021596532 
742 268 10 11 0.021544676 
128 292 17 18 0.021414695 
454 282 10 13 0.021362644 
449 292 12 15 0.021340562 
823 270 8 11 0.021318812 
124 313 15 18 0.021252785 
173 331 14 21 0.021237368 
793 255 7 10 0.02123245 
71 264 9 11 0.02121403 
25 109 371 471 0.021123251 
350 334 20 29 0.021120764 
537 262 8 10 0.021112544 
608 245 9 11 0.021093119 
118 278 11 16 0.021090155 
722 294 16 20 0.020915993 
227 381 29 35 0.020914327 
652 340 22 29 0.020888751 
248 257 8 10 0.020850467 
761 253 10 12 0.020812662 
427 345 14 22 0.020712316 
141 360 29 40 0.02069749 
563 379 25 37 0.020653082 
521 259 10 12 0.020613454 
374 265 9 12 0.020574117 
483 293 12 14 0.02045109 
896 312 10 12 0.020440767 
721 261 9 11 0.020363543 
785 349 23 29 0.020274434 
966 253 14 17 0.020202633 
429 261 10 14 0.020166133 
317 300 12 15 0.020156126 
854 322 13 18 0.02003559 
519 270 9 12 0.020010464 
