2_Demonstration_Demonstration_Or_Protest_2_367
29
387 245 71 88 0.9986658 
122 261 26 32 0.99842525 
260 277 27 36 0.9983 
38 275 28 36 0.9943141 
306 303 23 30 0.9922172 
782 346 49 58 0.98812604 
201 272 17 21 0.9843609 
181 306 32 39 0.97410935 
507 243 48 54 0.96968824 
91 261 15 20 0.95119977 
50 251 18 23 0.89015114 
291 287 17 19 0.3681599 
237 275 14 20 0.26492003 
334 306 14 18 0.14505525 
340 164 11 13 0.058617108 
242 277 18 25 0.05844428 
317 303 21 28 0.048294634 
449 182 11 15 0.0454393 
345 286 10 12 0.033996496 
631 311 13 18 0.03364045 
299 296 22 29 0.032486666 
856 236 59 86 0.02815374 
102 244 15 20 0.027715562 
962 344 60 110 0.02551996 
329 286 9 12 0.024451762 
0 572 30 59 0.023072567 
284 294 17 21 0.022815194 
22 258 13 16 0.021773107 
69 250 13 20 0.021134542 
