2_Demonstration_Political_Rally_2_456
175
149 357 29 37 0.9985353 
398 309 27 34 0.99321705 
83 373 24 34 0.98030406 
644 308 15 18 0.9153519 
486 332 18 20 0.767865 
811 211 18 23 0.7599919 
486 241 17 23 0.62964386 
560 241 10 15 0.45253938 
354 208 16 21 0.41372266 
599 244 15 18 0.3492209 
500 259 17 21 0.33306178 
663 286 14 16 0.31097925 
293 240 15 20 0.2911515 
976 274 11 15 0.24806729 
765 212 17 21 0.24278486 
709 252 12 17 0.23642616 
661 212 15 20 0.22400762 
629 254 12 15 0.17722252 
471 238 11 16 0.1518046 
571 266 17 18 0.14373201 
857 231 11 13 0.1421745 
691 238 14 17 0.1420924 
573 252 16 19 0.14045554 
718 213 14 17 0.14024217 
941 238 10 13 0.13068247 
659 257 17 24 0.11854958 
772 235 12 15 0.116533466 
704 300 12 15 0.11286827 
953 234 14 16 0.09232248 
771 228 14 16 0.090467274 
970 239 10 14 0.08642941 
519 222 10 13 0.08289575 
625 254 10 13 0.08144477 
633 230 11 13 0.07916036 
555 256 14 20 0.0744122 
653 263 17 20 0.07369113 
629 214 10 12 0.06935193 
590 259 10 14 0.06699406 
685 265 13 16 0.06645102 
563 257 15 20 0.064174876 
478 241 16 19 0.0611534 
524 236 13 18 0.059604052 
852 244 15 21 0.05777004 
514 237 17 21 0.056794547 
597 323 17 19 0.05439085 
197 246 14 16 0.054072034 
603 238 16 20 0.05331823 
782 236 11 15 0.05283139 
769 205 15 19 0.052089997 
290 206 15 23 0.051783796 
474 272 16 23 0.050832506 
817 252 24 25 0.0508138 
347 200 19 27 0.05077853 
932 214 12 15 0.049189966 
148 249 15 17 0.048158452 
668 252 13 19 0.04809641 
579 258 15 17 0.04799488 
965 273 14 18 0.04753694 
616 279 14 20 0.04741015 
870 219 10 14 0.04694022 
658 242 15 20 0.0463201 
729 332 16 20 0.04600335 
818 225 17 20 0.043808263 
627 351 16 22 0.04302139 
635 257 13 16 0.04118803 
504 294 22 27 0.04115865 
956 297 16 21 0.03908976 
713 249 15 20 0.038954638 
630 219 11 13 0.038635045 
790 324 12 15 0.03861872 
667 206 21 28 0.037328895 
461 226 14 16 0.03698302 
970 220 24 34 0.03664703 
494 238 19 28 0.03659633 
551 253 12 16 0.036310427 
933 169 13 16 0.035870057 
620 298 12 16 0.035767768 
958 268 23 29 0.035513382 
686 240 13 17 0.034335677 
877 221 11 13 0.034034677 
591 332 13 17 0.0329887 
941 228 12 17 0.032174584 
758 211 14 17 0.032069582 
460 220 12 16 0.032035895 
957 273 15 18 0.03170906 
636 232 13 17 0.031566568 
613 235 13 16 0.03155376 
676 250 12 17 0.031359535 
654 249 15 20 0.030845916 
134 243 11 17 0.030514386 
524 221 10 15 0.029862396 
724 202 15 21 0.029521253 
363 297 17 19 0.029211609 
615 221 10 11 0.02863631 
928 208 11 14 0.02859604 
838 163 8 10 0.028302714 
863 213 11 14 0.02796461 
219 266 15 19 0.027699618 
693 318 22 26 0.027607128 
154 244 13 16 0.027473353 
636 224 10 11 0.027331091 
893 279 27 32 0.026967851 
951 292 13 17 0.026940001 
643 242 14 20 0.026719145 
128 237 10 15 0.026567992 
928 210 22 27 0.026339881 
679 244 12 17 0.026288701 
733 324 13 16 0.026128752 
994 209 25 41 0.026094032 
517 225 15 20 0.025872832 
610 242 14 19 0.025838954 
589 216 10 12 0.025836863 
207 209 10 16 0.02570404 
596 258 15 17 0.025606142 
629 207 12 14 0.024929369 
675 204 14 19 0.02492046 
798 252 12 18 0.024742208 
725 336 23 28 0.024735145 
132 233 13 20 0.024324302 
142 245 15 18 0.024290655 
588 246 20 24 0.024235075 
491 343 19 20 0.024134044 
908 212 15 22 0.024099486 
465 235 13 17 0.02409457 
952 269 12 14 0.024011081 
956 283 14 18 0.023970926 
681 267 10 14 0.023882017 
360 249 437 445 0.023776432 
680 237 13 16 0.023540068 
287 215 12 19 0.023499276 
187 213 16 16 0.023465248 
790 318 27 36 0.023203084 
175 243 11 15 0.023176685 
647 261 14 17 0.023043882 
670 356 14 20 0.022950282 
853 212 12 15 0.02293374 
552 244 11 16 0.022771029 
877 249 25 28 0.022727128 
726 326 14 18 0.022638002 
711 220 12 15 0.022531306 
442 211 15 20 0.022426415 
214 275 14 16 0.022412838 
630 246 12 17 0.022169372 
939 216 13 19 0.022130454 
501 234 13 19 0.022044834 
185 495 30 34 0.022041319 
670 278 13 18 0.021956066 
765 197 16 20 0.021927388 
637 198 9 11 0.021864792 
182 202 26 27 0.021653287 
949 275 24 31 0.0216122 
953 206 10 13 0.021594025 
219 285 12 15 0.0215473 
270 229 15 18 0.021474836 
560 239 17 26 0.02144984 
648 213 11 13 0.021354012 
688 163 9 13 0.021320289 
286 174 41 63 0.021189302 
780 214 12 17 0.021161687 
710 227 12 17 0.021137651 
716 223 16 20 0.021107465 
578 246 17 20 0.02099519 
623 206 11 14 0.020934286 
183 253 12 15 0.020898627 
798 217 11 15 0.020798478 
712 212 13 17 0.020791553 
661 313 14 19 0.02078836 
968 267 21 24 0.020779075 
870 224 12 16 0.020753387 
791 214 10 13 0.020701936 
620 234 12 15 0.020609664 
360 206 15 20 0.02047742 
980 212 28 42 0.020451581 
884 221 10 13 0.020356348 
775 316 11 15 0.020297013 
