2_Demonstration_Protesters_2_881
25
43 297 26 31 0.99569964 
333 287 34 46 0.99524397 
687 177 42 54 0.1645447 
681 159 249 208 0.14488472 
747 165 148 123 0.089238614 
799 33 113 128 0.073042005 
20 316 14 19 0.068109356 
523 120 387 344 0.06658661 
635 180 117 138 0.054945532 
830 68 127 149 0.05352031 
777 117 160 145 0.05006035 
524 257 256 240 0.045448575 
802 175 41 50 0.044699058 
444 245 47 83 0.03924415 
990 145 32 50 0.035500247 
716 144 110 130 0.0338858 
762 164 67 70 0.03177674 
472 354 177 225 0.031188883 
889 129 89 69 0.028988328 
777 209 142 141 0.028861668 
689 243 265 225 0.026624978 
714 332 242 238 0.026209159 
793 39 67 93 0.021961812 
454 396 82 95 0.021752184 
481 289 82 125 0.021701973 
