2_Demonstration_Demonstration_Or_Protest_2_615
37
896 244 31 34 0.9991335 
759 255 27 34 0.9985066 
557 242 28 33 0.9985008 
943 246 30 33 0.99846566 
117 251 35 42 0.997895 
428 250 33 38 0.99788445 
287 220 34 40 0.997752 
824 250 30 34 0.9976494 
-1 266 37 42 0.9969054 
36 251 33 40 0.99689865 
505 268 27 32 0.99666995 
608 257 26 33 0.99641067 
177 246 33 36 0.9007191 
717 269 21 26 0.8979816 
675 256 21 26 0.69665134 
706 265 20 32 0.21304542 
150 248 16 24 0.17274667 
655 270 21 29 0.14688249 
734 268 14 19 0.0798887 
359 273 21 28 0.07142679 
134 246 25 35 0.068070084 
666 260 19 28 0.06449008 
684 256 24 34 0.054665722 
426 224 14 16 0.05391141 
665 274 21 28 0.052443895 
497 245 18 20 0.05091986 
470 256 22 29 0.036868554 
333 210 51 53 0.035589706 
381 213 26 38 0.033636358 
25 258 26 35 0.032840423 
163 269 13 15 0.027931485 
162 256 21 27 0.025725603 
693 268 26 35 0.024900278 
661 259 15 23 0.022707947 
421 212 11 12 0.021024074 
365 209 33 37 0.020254472 
328 184 52 60 0.020136548 
