2_Demonstration_Demonstration_Or_Protest_2_102
239
425 606 25 35 0.99754757 
978 512 19 25 0.990426 
263 582 24 27 0.9713415 
673 543 21 27 0.96391565 
953 488 17 21 0.9542643 
759 577 16 20 0.9449992 
1004 498 15 21 0.91563 
238 582 20 27 0.88683766 
844 582 17 24 0.7516136 
774 542 12 16 0.7236835 
621 653 21 29 0.7030568 
756 533 13 17 0.6866038 
401 608 20 28 0.61205375 
230 513 12 15 0.61093277 
77 605 26 29 0.5948328 
802 530 12 15 0.586587 
887 505 12 16 0.5308504 
634 582 17 28 0.49762097 
843 526 11 14 0.4398956 
702 538 15 22 0.40241033 
221 512 14 18 0.39556032 
333 562 15 18 0.348427 
175 471 11 13 0.32915145 
457 584 23 25 0.29869086 
437 572 13 19 0.29743212 
1002 477 10 12 0.24172127 
800 525 12 16 0.22756456 
632 571 10 13 0.22447261 
183 448 8 11 0.22205956 
278 640 16 23 0.18832667 
777 512 10 12 0.1800514 
684 515 11 14 0.17740925 
782 550 15 22 0.17658249 
363 539 13 15 0.17370081 
388 609 22 28 0.17052889 
799 519 8 11 0.15192005 
441 572 16 26 0.14721557 
361 518 11 13 0.14625739 
718 547 14 23 0.14344592 
1005 541 10 16 0.13918598 
799 500 9 11 0.13661686 
773 442 11 13 0.13332188 
542 604 25 29 0.13126795 
256 527 10 13 0.12923118 
712 511 10 13 0.12101794 
899 524 14 18 0.11977008 
730 618 19 24 0.117628075 
644 440 9 11 0.09878985 
781 516 9 11 0.09784964 
340 602 15 22 0.09398643 
861 502 14 17 0.09047749 
603 587 14 17 0.089636385 
835 552 18 23 0.088184156 
818 569 17 25 0.084975936 
313 582 12 14 0.08012766 
278 610 20 28 0.07652424 
317 639 17 21 0.0753078 
648 547 10 13 0.0745948 
708 515 11 13 0.07390909 
664 577 19 27 0.07344802 
682 540 22 27 0.071709216 
0 636 7 14 0.07110072 
962 489 13 18 0.06966188 
445 577 20 27 0.06943087 
781 534 10 13 0.065396205 
723 542 14 20 0.065097734 
555 555 16 18 0.06474504 
652 543 9 12 0.06401462 
972 488 10 12 0.059320983 
708 550 14 21 0.05856669 
792 523 10 13 0.058211748 
381 611 18 21 0.05658325 
363 630 20 29 0.05648124 
260 529 11 14 0.05539912 
127 515 11 13 0.054929025 
702 553 14 18 0.054755956 
798 535 12 16 0.054653477 
382 583 11 12 0.0542577 
695 539 14 18 0.054231144 
466 579 17 23 0.053905938 
973 493 13 14 0.05386804 
253 549 14 19 0.05317557 
990 499 12 16 0.05284767 
433 570 12 17 0.051904157 
826 555 22 26 0.05139242 
704 511 11 13 0.050737303 
565 609 15 21 0.050363917 
682 511 10 13 0.05024224 
769 539 12 17 0.049848244 
85 580 12 13 0.04917212 
401 513 15 18 0.048095934 
738 486 25 29 0.047523465 
806 496 9 12 0.04706275 
229 571 28 30 0.045440692 
747 555 14 17 0.045297902 
726 502 9 12 0.044903282 
286 548 12 15 0.044511117 
630 579 14 22 0.0437721 
864 541 11 13 0.04305546 
541 593 25 28 0.042801574 
1005 573 19 31 0.04277303 
721 502 8 12 0.04274746 
233 560 16 17 0.04249041 
595 661 22 25 0.04234958 
554 602 18 21 0.042019084 
980 494 13 13 0.040706914 
531 646 22 31 0.040630028 
136 540 9 11 0.04048112 
862 548 14 17 0.040398903 
1011 535 12 20 0.040158965 
961 422 9 11 0.040123798 
929 437 8 11 0.03989201 
252 492 11 12 0.039648607 
521 20 10 13 0.039494134 
949 421 11 14 0.039297182 
307 668 12 17 0.03866008 
54 545 8 9 0.038611762 
905 522 15 19 0.037896033 
589 659 14 21 0.037831046 
208 557 30 30 0.037087776 
631 552 8 10 0.036984023 
47 517 8 10 0.0364996 
914 438 9 11 0.03630516 
791 541 12 19 0.0361867 
280 644 24 32 0.036113873 
805 519 11 13 0.0360527 
707 600 15 22 0.035746835 
732 577 14 22 0.03555828 
86 586 14 15 0.035344742 
198 493 10 12 0.034983803 
415 492 10 12 0.03465782 
53 625 24 33 0.03432186 
846 478 14 16 0.033694718 
998 500 14 20 0.03356263 
824 570 20 27 0.033538137 
188 448 9 12 0.033323966 
939 469 10 12 0.032986954 
223 494 11 12 0.032557454 
1009 592 15 26 0.032321103 
190 453 9 11 0.031752944 
630 556 10 12 0.031576924 
117 445 14 18 0.031234302 
599 528 8 11 0.031100608 
1012 476 10 16 0.03093538 
813 524 10 14 0.030679302 
492 572 10 13 0.030539809 
21 501 8 11 0.03046637 
233 606 19 23 0.030115897 
447 488 9 11 0.030011984 
397 606 16 22 0.029991701 
600 550 8 10 0.029615125 
596 590 16 22 0.029474758 
223 501 12 16 0.029472245 
908 515 13 17 0.029445706 
540 607 38 45 0.029185986 
748 525 12 17 0.029157128 
61 640 15 20 0.028866898 
279 445 11 14 0.02868584 
571 611 16 21 0.028427038 
488 572 9 12 0.027977953 
588 558 9 11 0.027502557 
709 538 20 29 0.027373975 
830 523 12 16 0.027241377 
905 404 9 11 0.027015794 
558 541 10 12 0.026989095 
94 582 12 14 0.026947748 
831 565 21 28 0.026920285 
678 670 16 17 0.026667275 
422 485 9 11 0.026445977 
793 501 9 12 0.026440378 
304 472 9 11 0.026205303 
791 510 9 11 0.02606629 
634 567 14 16 0.025716294 
367 492 10 15 0.025570668 
988 494 10 13 0.025512358 
582 654 11 13 0.025447961 
221 556 28 27 0.02499407 
237 469 10 12 0.024903437 
67 534 12 16 0.02487943 
439 459 10 12 0.024747854 
895 516 12 19 0.024581764 
559 629 23 29 0.024579203 
539 581 23 26 0.024423165 
95 508 11 13 0.024418784 
702 389 13 16 0.024345616 
927 465 8 10 0.024289679 
245 553 15 18 0.024244789 
305 660 22 26 0.024088042 
600 582 12 16 0.023905875 
626 585 18 30 0.02384559 
333 525 13 14 0.02369138 
822 552 16 22 0.023543084 
238 478 10 11 0.023412118 
229 495 9 11 0.02339768 
544 635 24 30 0.023377055 
582 659 14 17 0.0232057 
692 298 13 14 0.023100752 
121 485 8 10 0.022968065 
305 495 10 13 0.022736354 
791 531 11 15 0.0227284 
816 487 8 11 0.022619005 
219 532 14 16 0.02250275 
515 609 20 24 0.022438064 
137 549 11 14 0.02239842 
65 552 10 12 0.022397416 
249 527 10 13 0.022341011 
962 415 9 12 0.022273311 
68 586 43 44 0.022251396 
838 375 12 14 0.02224511 
333 546 14 15 0.022219408 
248 585 16 23 0.022172013 
59 633 26 33 0.02214205 
599 572 12 15 0.022026606 
285 532 14 16 0.021928601 
871 359 9 10 0.021908382 
686 520 12 14 0.021830859 
893 423 14 18 0.02169491 
15 668 12 15 0.021559434 
842 555 16 23 0.021460569 
1015 526 9 17 0.021278566 
771 493 12 13 0.021261403 
265 501 9 11 0.021129837 
178 447 9 12 0.0211212 
1005 473 10 13 0.021005414 
523 637 20 31 0.020956933 
235 592 23 30 0.02092166 
566 622 23 28 0.020913523 
84 596 16 20 0.020865124 
78 574 15 16 0.020727893 
591 553 8 9 0.020641092 
813 492 10 13 0.020539574 
537 455 9 11 0.020528162 
247 488 12 13 0.020466499 
262 404 12 14 0.020376008 
277 482 11 13 0.020307511 
607 585 22 27 0.02023346 
977 439 8 10 0.020149745 
4 660 13 18 0.02010713 
129 541 9 10 0.020064617 
