2_Demonstration_Demonstration_Or_Protest_2_915
43
409 327 258 314 0.9966156 
297 283 23 29 0.9822995 
201 272 18 24 0.96607035 
263 267 15 18 0.8768795 
229 273 13 17 0.34763217 
742 218 12 15 0.1845938 
323 263 23 33 0.11960064 
723 241 12 16 0.11694312 
578 104 17 19 0.096277446 
48 284 10 12 0.079192504 
327 260 15 16 0.07050042 
915 202 17 21 0.06774443 
70 286 9 10 0.064692 
771 221 14 15 0.061175123 
798 232 11 14 0.052145425 
363 236 11 14 0.049808685 
673 211 15 18 0.049405918 
767 225 13 15 0.039140206 
3 305 13 17 0.038619075 
747 212 12 14 0.03757694 
86 213 17 19 0.037383106 
845 222 11 13 0.036668643 
332 276 16 23 0.03503003 
751 207 11 12 0.034400266 
735 238 11 15 0.031418398 
51 279 10 13 0.030339258 
277 290 12 18 0.029503215 
659 216 15 21 0.028898139 
679 236 13 15 0.028551374 
307 278 20 29 0.028306006 
577 103 27 34 0.02766997 
117 285 14 16 0.027486186 
277 316 15 19 0.027060904 
368 262 10 13 0.026494293 
668 215 14 19 0.024911918 
317 283 13 20 0.0243583 
1 292 10 16 0.024222359 
164 308 16 22 0.023415135 
678 232 10 13 0.022877188 
684 242 13 17 0.021771552 
71 280 10 13 0.021205673 
178 339 20 23 0.020998238 
45 289 14 18 0.020162694 
