2_Demonstration_Protesters_2_12
33
918 326 56 67 0.9990332 
50 304 56 69 0.9985745 
484 308 55 65 0.9983997 
19 345 57 71 0.9981452 
290 279 57 66 0.9980478 
826 328 49 63 0.9976502 
174 297 55 64 0.9947432 
397 264 39 44 0.99457574 
373 318 49 65 0.99442875 
684 280 41 50 0.9911739 
768 286 41 45 0.9886381 
592 309 48 54 0.98445743 
643 314 46 60 0.9714174 
635 345 52 71 0.96773046 
417 336 45 55 0.8967505 
663 581 38 60 0.7823879 
909 309 38 45 0.5552362 
820 289 31 38 0.44239128 
399 322 48 61 0.1858886 
768 339 43 54 0.16816927 
635 534 11 14 0.08025933 
709 299 29 38 0.05965421 
475 267 16 19 0.050994884 
549 262 14 17 0.0484359 
624 602 10 14 0.034538962 
831 292 32 42 0.03421454 
902 326 30 45 0.027916815 
308 245 15 16 0.027009202 
208 292 30 35 0.02524698 
491 362 33 37 0.022898288 
330 317 44 62 0.02240984 
760 356 35 47 0.020021802 
142 345 35 46 0.020021321 
