2_Demonstration_Protesters_2_221
195
515 203 60 81 0.99940515 
14 16 29 40 0.9969928 
399 206 55 75 0.99626946 
574 148 49 58 0.99505866 
312 11 29 43 0.9948986 
387 54 39 48 0.99478596 
284 334 47 69 0.99467766 
711 373 49 79 0.99345315 
830 126 32 50 0.9920751 
4 198 49 80 0.9904535 
543 75 30 41 0.9899256 
674 58 29 37 0.989518 
239 80 31 43 0.9892218 
463 88 37 47 0.98665214 
691 93 37 53 0.9855295 
134 56 41 42 0.9821783 
118 12 29 41 0.97808164 
907 108 41 49 0.977009 
922 179 35 63 0.9765421 
404 132 42 55 0.9670746 
742 146 37 49 0.9651499 
737 179 52 70 0.96130943 
723 56 31 35 0.95746607 
110 95 44 58 0.95121986 
205 119 53 73 0.94698584 
341 112 30 45 0.9462639 
296 128 35 53 0.9457188 
985 154 36 60 0.9431603 
720 2 24 31 0.9423747 
408 294 48 80 0.9411937 
654 91 25 35 0.9405493 
425 28 29 41 0.9389823 
217 517 104 55 0.9365402 
177 13 20 27 0.90715545 
858 171 40 52 0.9069558 
81 173 34 64 0.8587979 
594 0 21 21 0.84186304 
957 73 29 32 0.8346782 
45 1 27 31 0.8210446 
141 242 33 55 0.73219895 
0 105 26 63 0.73127204 
815 90 24 27 0.6929048 
505 46 26 30 0.6780037 
416 274 49 65 0.6601789 
83 339 29 57 0.58287543 
196 121 36 55 0.5733317 
895 32 35 49 0.5670114 
891 305 85 105 0.5655386 
447 66 25 34 0.55415237 
157 136 30 37 0.5395815 
642 139 26 44 0.45030087 
959 137 32 42 0.4298226 
995 0 18 23 0.42057738 
242 3 26 31 0.4124255 
479 22 23 31 0.3845645 
517 18 22 25 0.3594676 
859 73 26 28 0.35332292 
719 203 34 51 0.34192538 
231 11 21 30 0.33451435 
446 0 33 27 0.29928014 
86 436 53 77 0.24289246 
-1 83 27 54 0.23252815 
739 55 27 34 0.22481877 
230 129 42 57 0.21391392 
732 110 30 39 0.19873485 
628 0 19 13 0.16812062 
672 2 21 28 0.16695966 
529 428 47 45 0.1528839 
510 89 23 27 0.15170893 
529 0 18 19 0.15084542 
602 542 23 27 0.15035671 
405 249 47 56 0.13789949 
735 0 22 24 0.12021481 
200 201 43 55 0.11795615 
753 0 17 18 0.110559605 
127 80 43 46 0.11021645 
485 134 33 47 0.107171424 
874 225 42 46 0.10706915 
183 132 30 44 0.1070614 
166 135 36 52 0.10660328 
121 2 26 31 0.10533614 
841 143 40 52 0.10215861 
530 7 21 26 0.09412643 
659 0 23 24 0.09251365 
306 247 39 52 0.09006472 
1002 1 20 25 0.08844088 
409 15 27 32 0.08104042 
223 0 19 16 0.07741114 
852 0 17 13 0.07623776 
116 443 33 60 0.0753696 
31 8 28 34 0.07390999 
434 69 29 36 0.06924945 
558 42 17 22 0.0638004 
670 83 25 33 0.06275988 
397 181 45 66 0.06271914 
19 0 26 21 0.061929844 
785 342 55 59 0.05693652 
981 47 25 28 0.056023937 
256 0 19 20 0.055012155 
439 15 30 32 0.054937094 
1009 74 16 27 0.054723196 
908 89 28 36 0.05421735 
846 74 27 29 0.0541132 
226 66 35 51 0.052969955 
914 1 30 25 0.0516344 
42 38 22 29 0.050761584 
4 22 25 37 0.05050468 
616 212 51 64 0.050314568 
786 54 16 23 0.047638495 
104 24 26 32 0.04683927 
138 215 51 62 0.04398572 
869 19 46 54 0.04388988 
220 153 48 66 0.043511294 
674 237 45 53 0.042847063 
237 6 14 20 0.042520717 
2 11 22 33 0.042259946 
990 6 26 36 0.04214579 
371 0 17 12 0.042112555 
240 7 37 48 0.041057702 
560 2 25 18 0.03980776 
155 304 57 53 0.03911979 
385 11 18 20 0.03836021 
375 0 26 21 0.038318194 
492 43 28 31 0.03804244 
850 66 42 51 0.038021818 
187 0 21 22 0.037442856 
285 231 49 65 0.03576253 
694 -1 25 19 0.035182185 
569 14 23 26 0.035130717 
450 -2 23 17 0.034838367 
986 36 26 31 0.034504488 
221 57 29 43 0.03428296 
475 0 19 18 0.03421856 
266 0 17 20 0.03407405 
348 0 16 13 0.033916693 
753 60 17 26 0.033747572 
504 58 29 36 0.033618156 
889 48 31 42 0.033603717 
537 2 17 19 0.03353391 
272 0 20 18 0.033330187 
294 32 23 28 0.033261284 
357 182 47 67 0.033225942 
0 9 13 23 0.032769065 
676 94 26 34 0.03255139 
221 183 33 50 0.03059967 
161 319 31 32 0.030304331 
195 7 18 22 0.030148005 
331 121 30 41 0.030107018 
453 206 46 63 0.029882213 
461 0 22 19 0.029785158 
246 285 52 75 0.02944836 
635 238 36 43 0.029161137 
901 0 30 25 0.029102735 
986 24 24 30 0.028531 
842 0 25 26 0.028168466 
-1 260 24 49 0.02812471 
557 0 17 13 0.02674914 
600 5 20 22 0.026424328 
346 157 26 36 0.026398813 
749 50 19 25 0.026260532 
81 447 34 44 0.026124239 
32 110 42 56 0.026064461 
37 5 18 19 0.025983905 
651 140 35 49 0.025572745 
438 39 31 43 0.025471646 
818 0 17 17 0.025237288 
424 47 37 46 0.02500518 
39 187 53 74 0.024949344 
89 86 47 59 0.024766905 
926 0 33 30 0.02473093 
418 41 27 37 0.024125865 
265 205 48 62 0.023766998 
292 23 16 20 0.02372254 
776 0 26 21 0.023643833 
949 80 29 35 0.023347698 
779 363 51 58 0.023005571 
257 26 19 23 0.022849988 
374 12 29 32 0.02271165 
844 14 18 23 0.022694997 
194 66 40 51 0.0226363 
962 71 42 51 0.022497421 
673 380 44 70 0.022447227 
126 434 34 59 0.022440834 
3 1 24 23 0.022207405 
367 23 26 36 0.022014713 
85 364 31 53 0.021925123 
27 21 28 38 0.021799576 
894 323 40 55 0.02170411 
999 25 23 35 0.021146022 
49 118 45 54 0.020853076 
282 0 16 14 0.020620527 
962 57 33 37 0.020281851 
215 91 43 47 0.020176014 
146 249 49 62 0.02004545 
265 334 33 42 0.02003339 
