2_Demonstration_Demonstrators_2_163
24
567 186 94 125 0.99814117 
841 288 37 42 0.99720037 
193 264 60 76 0.9967024 
554 293 25 32 0.9915058 
889 263 39 51 0.9855033 
336 192 68 99 0.9717784 
96 255 38 53 0.92013 
20 223 43 62 0.75686276 
773 260 38 39 0.05828332 
231 57 24 32 0.049851954 
1 293 19 35 0.048131812 
306 211 61 87 0.0384614 
35 157 18 23 0.03430304 
276 558 37 42 0.033235125 
35 250 29 45 0.031232424 
22 205 32 58 0.027994582 
170 272 54 68 0.024117911 
1 257 24 34 0.023862757 
321 79 50 64 0.023350019 
807 20 13 17 0.022773014 
181 202 50 71 0.022732064 
229 177 51 55 0.02256302 
461 695 77 44 0.021368999 
17 243 28 44 0.020831669 
