2_Demonstration_Demonstration_Or_Protest_2_617
45
54 424 55 63 0.99863476 
730 89 68 77 0.996802 
154 400 48 61 0.9940485 
7 402 39 43 0.99018633 
590 492 60 67 0.9879252 
540 445 44 51 0.98782116 
646 462 42 46 0.98430204 
232 414 31 35 0.93366545 
418 456 33 36 0.91823024 
800 522 144 109 0.9141771 
366 433 24 32 0.7613771 
317 448 39 49 0.64153284 
266 473 53 69 0.54082507 
360 336 18 19 0.13488011 
416 459 15 21 0.11346661 
313 438 25 34 0.09615853 
205 332 16 19 0.0901887 
15 23 23 28 0.07997701 
182 180 31 38 0.07739792 
197 472 53 79 0.07275321 
228 423 44 46 0.06502456 
509 415 18 20 0.05663487 
291 433 25 32 0.05499762 
18 192 17 20 0.047313266 
418 462 49 52 0.047094572 
295 464 44 64 0.04545331 
210 327 22 28 0.037127577 
767 509 110 111 0.035385914 
86 233 18 23 0.0343795 
202 335 27 35 0.032325093 
143 187 21 27 0.03215988 
715 518 28 31 0.030449843 
343 435 39 50 0.027609956 
364 322 16 17 0.026537873 
533 448 27 39 0.02628593 
434 454 31 33 0.025566224 
114 397 42 50 0.024991015 
18 200 15 19 0.02441403 
208 324 17 19 0.02430218 
186 338 15 17 0.023761516 
138 218 16 20 0.023450226 
755 551 75 71 0.02340504 
350 -4 219 210 0.021591738 
0 252 11 18 0.02150016 
227 330 16 21 0.02040394 
