2_Demonstration_Protesters_2_156
36
432 317 47 71 0.998389 
739 440 54 56 0.99741924 
613 340 46 53 0.9973736 
55 290 37 43 0.99684 
250 314 43 57 0.9958496 
136 325 38 45 0.9958198 
984 -1 41 54 0.9131482 
0 315 21 31 0.89935964 
673 138 10 15 0.208963 
778 128 16 20 0.1386616 
686 141 10 14 0.1257192 
704 146 11 14 0.11330209 
724 129 17 21 0.08600636 
679 119 10 13 0.08574346 
718 132 12 16 0.0585568 
563 139 10 12 0.049227305 
685 116 11 14 0.047096863 
662 156 12 15 0.04634081 
685 123 10 14 0.04351034 
594 127 8 11 0.036957067 
100 163 16 18 0.036055155 
696 160 10 13 0.03414413 
594 134 8 10 0.033375524 
687 135 10 14 0.032554723 
710 127 9 13 0.03163707 
352 107 12 15 0.031398535 
356 122 12 16 0.030088669 
709 139 11 14 0.028794685 
676 135 11 15 0.02689744 
712 133 10 14 0.025095304 
670 162 10 15 0.023864672 
691 141 10 13 0.02217703 
636 135 14 15 0.021547003 
652 268 42 53 0.021434302 
677 111 10 12 0.021311993 
550 143 10 12 0.020179354 
