2_Demonstration_Demonstration_Or_Protest_2_471
28
173 172 93 123 0.999079 
584 290 66 83 0.99898666 
432 457 29 34 0.99812526 
749 226 75 96 0.99786854 
619 501 27 34 0.9952586 
414 517 27 35 0.9948718 
449 512 28 37 0.9922585 
221 415 33 42 0.98672664 
238 486 33 45 0.9815568 
619 451 23 29 0.9807186 
650 342 42 49 0.9643574 
589 496 25 29 0.9616764 
472 463 25 33 0.9506283 
432 268 50 84 0.94714475 
374 520 25 33 0.9424031 
817 449 27 31 0.9388432 
201 480 30 44 0.8604969 
389 464 31 38 0.84479886 
92 163 51 84 0.73054683 
219 486 34 50 0.17683077 
528 444 21 29 0.0747623 
393 227 50 57 0.054774296 
518 508 23 28 0.04398841 
495 172 42 68 0.035531387 
269 440 24 36 0.031807534 
482 516 23 29 0.030739967 
536 438 23 32 0.022923484 
1006 287 18 49 0.020440165 
