2_Demonstration_Demonstration_Or_Protest_2_117
292
15 525 26 32 0.9990989 
660 416 29 37 0.99886227 
698 451 33 43 0.99865 
936 471 33 40 0.9975091 
372 420 24 32 0.9968816 
516 438 26 37 0.9962275 
438 427 25 32 0.9959027 
802 457 33 34 0.995824 
282 438 23 31 0.9952775 
596 431 24 33 0.99496067 
610 455 28 37 0.993218 
626 410 23 30 0.9926916 
912 609 35 46 0.99077994 
971 431 25 33 0.98810065 
62 415 21 26 0.98503494 
165 417 21 28 0.983454 
174 386 18 23 0.98113006 
781 307 11 14 0.9753641 
880 490 40 47 0.97229195 
779 528 27 31 0.9715819 
128 427 22 28 0.9684429 
226 414 21 28 0.9675222 
364 348 12 14 0.9617583 
183 340 14 18 0.95726717 
277 335 12 15 0.9557615 
371 368 14 16 0.9534937 
991 264 18 23 0.92213696 
199 364 14 17 0.90713286 
23 415 21 26 0.9048365 
435 332 10 13 0.8891758 
406 360 15 20 0.84055483 
4 404 15 19 0.8345476 
227 357 11 15 0.81298715 
307 214 15 20 0.7908121 
122 383 16 23 0.7756489 
432 405 20 27 0.7740435 
139 345 12 16 0.74497885 
496 327 11 14 0.744516 
446 348 11 15 0.7206973 
61 330 12 16 0.67803144 
749 280 9 11 0.56080055 
420 333 9 13 0.5162338 
96 310 9 12 0.4814921 
337 407 17 25 0.47143242 
343 331 11 15 0.45356986 
527 378 20 27 0.45314753 
300 357 10 13 0.4133777 
157 347 10 14 0.41297993 
669 362 10 14 0.40202516 
685 301 9 11 0.3904508 
229 211 11 13 0.3779594 
333 227 13 15 0.36709693 
732 395 13 16 0.3626837 
382 332 10 11 0.36148205 
684 323 9 12 0.35713255 
855 225 12 15 0.3379723 
716 374 14 18 0.2826126 
481 332 10 13 0.27129945 
202 204 12 18 0.26198375 
278 229 12 14 0.25810373 
648 318 10 12 0.2535288 
38 308 8 11 0.2335446 
175 332 8 11 0.22668701 
420 339 11 13 0.22071646 
810 289 8 11 0.20636517 
105 319 8 11 0.2018001 
414 307 8 11 0.19784985 
489 357 10 13 0.18368284 
390 331 10 12 0.17493197 
669 313 9 10 0.17168075 
608 311 8 10 0.16914193 
775 280 8 10 0.16464299 
83 400 16 28 0.16336346 
776 292 9 12 0.15733431 
119 418 14 18 0.13862458 
148 378 11 14 0.13624842 
839 476 24 30 0.13549717 
826 287 9 11 0.12848662 
767 315 9 12 0.11689383 
890 241 13 19 0.11256916 
757 294 9 12 0.112492226 
407 319 8 11 0.106724255 
487 362 14 19 0.10346877 
91 351 12 15 0.09872447 
775 286 9 11 0.09134887 
56 326 13 17 0.089103244 
511 296 12 16 0.08855079 
384 292 10 13 0.087984584 
895 271 10 13 0.086373284 
52 402 12 16 0.08518432 
781 292 11 14 0.079320036 
893 420 11 13 0.078468904 
352 228 12 14 0.076597616 
152 342 10 13 0.07292487 
601 308 8 12 0.06544637 
390 213 10 11 0.064386666 
422 328 9 13 0.06381119 
821 256 10 13 0.063726924 
144 372 12 16 0.06277127 
816 304 9 12 0.06237398 
188 434 16 22 0.06180508 
813 292 8 10 0.060746025 
599 304 9 11 0.06068941 
341 288 8 9 0.059406303 
790 332 12 13 0.05924186 
344 295 9 11 0.05892406 
527 374 15 20 0.058625925 
0 449 12 20 0.057978403 
534 389 23 29 0.056838255 
828 279 10 13 0.056064803 
1012 165 10 16 0.05559549 
181 334 14 16 0.05547143 
433 303 7 9 0.054760236 
665 315 9 11 0.05472159 
791 287 9 11 0.053472698 
800 286 7 10 0.052332923 
79 385 12 17 0.052226514 
728 300 12 14 0.051735878 
170 332 9 12 0.050398458 
417 327 9 12 0.04885379 
694 301 9 12 0.048760835 
848 221 13 17 0.048205454 
295 351 12 15 0.047960747 
531 371 26 30 0.047787685 
45 239 12 15 0.04625074 
402 318 9 11 0.046200793 
853 471 24 32 0.045944653 
129 448 18 24 0.045716554 
811 371 13 18 0.04539678 
117 357 9 12 0.045372922 
152 336 9 12 0.044655364 
667 327 11 15 0.04421427 
488 327 10 15 0.04374584 
371 347 12 16 0.04325636 
761 317 8 12 0.043147895 
709 325 10 13 0.042507373 
56 102 12 14 0.041874014 
816 255 11 14 0.041693367 
709 310 8 12 0.040927514 
497 309 10 12 0.0403028 
789 293 11 13 0.03830611 
273 228 11 14 0.038012404 
231 309 11 14 0.037763093 
253 320 11 15 0.037261985 
702 356 10 11 0.036591507 
62 306 12 13 0.036041554 
187 333 12 15 0.036001872 
502 301 9 11 0.035440203 
158 352 11 14 0.035191637 
728 350 8 10 0.03511421 
447 319 11 13 0.035065204 
829 493 25 32 0.034960967 
69 405 20 29 0.034856416 
639 286 9 11 0.03466733 
864 175 41 50 0.034658127 
728 344 8 11 0.034429755 
611 315 10 12 0.034427565 
416 294 11 12 0.03398427 
380 372 11 15 0.033654638 
469 317 8 11 0.033619165 
997 427 15 21 0.033508986 
374 294 11 13 0.033408612 
642 279 8 11 0.033278603 
687 307 9 12 0.033241022 
422 295 10 11 0.03320064 
777 301 12 16 0.03314578 
659 261 15 18 0.033082757 
484 433 21 27 0.03307249 
369 295 10 13 0.032953348 
20 347 11 13 0.032853894 
378 399 19 20 0.03258197 
383 318 9 11 0.032399982 
894 216 9 11 0.03216124 
253 290 13 16 0.032079045 
414 317 9 11 0.031784665 
908 598 23 36 0.031597093 
711 318 9 12 0.031320985 
229 216 12 16 0.031246265 
437 303 8 10 0.031186996 
112 343 8 10 0.03077087 
829 266 12 16 0.030637046 
792 521 25 35 0.030606091 
388 206 13 14 0.030368352 
702 303 10 12 0.030299177 
711 332 9 12 0.030130211 
108 323 10 12 0.030128714 
130 342 8 12 0.03000004 
278 301 10 13 0.029843532 
421 269 10 11 0.029835155 
378 328 10 13 0.02949272 
536 329 8 10 0.029299876 
119 168 19 33 0.028844925 
640 304 8 10 0.028822575 
383 297 9 13 0.02868435 
948 171 14 17 0.028467154 
0 362 9 14 0.028307071 
246 319 12 16 0.028266555 
928 201 32 39 0.028141757 
708 303 11 13 0.027984086 
465 301 9 11 0.02784832 
183 327 11 12 0.027672892 
654 326 10 12 0.0274583 
398 325 9 12 0.027332313 
899 240 15 20 0.027240379 
389 288 10 12 0.02721665 
820 302 11 15 0.027209654 
744 270 12 13 0.02719394 
34 450 13 17 0.027063206 
403 229 12 14 0.026981195 
164 347 10 15 0.026803147 
416 286 10 11 0.026756708 
133 353 12 17 0.026588516 
684 267 10 13 0.026561737 
844 212 10 13 0.02655413 
925 232 13 18 0.026473725 
646 286 8 10 0.026372941 
812 235 12 17 0.026327679 
749 261 13 15 0.026006714 
879 235 22 28 0.025715265 
587 258 16 22 0.025676526 
383 378 10 13 0.025481354 
889 215 9 12 0.025285337 
133 362 12 17 0.025164295 
718 318 9 12 0.02508537 
731 295 13 15 0.02508159 
618 213 13 20 0.025051106 
439 353 11 15 0.024918554 
62 406 16 21 0.024871921 
287 350 9 13 0.024787981 
662 301 8 10 0.024729365 
45 319 9 12 0.024614472 
809 308 9 12 0.024433007 
867 598 14 18 0.024408245 
80 258 12 15 0.024392053 
54 319 12 15 0.024306577 
481 339 11 12 0.02429628 
807 368 23 32 0.024224872 
371 277 11 14 0.024224037 
424 318 9 12 0.024187526 
800 281 9 10 0.024121648 
205 218 11 16 0.024116836 
682 263 9 13 0.024041675 
619 235 11 15 0.024039399 
901 270 11 14 0.023988297 
927 278 8 12 0.023812234 
912 226 24 30 0.023797547 
141 366 13 17 0.02364904 
79 392 15 25 0.023613682 
501 308 10 12 0.023608014 
766 260 9 13 0.02356969 
5 358 10 13 0.023455923 
731 348 12 14 0.023390548 
422 301 10 12 0.02332474 
347 300 11 12 0.02326055 
416 279 11 13 0.023157252 
128 356 11 16 0.023081942 
759 326 8 12 0.023010798 
821 406 23 27 0.023006821 
511 307 11 14 0.022861946 
453 325 9 12 0.02253531 
389 375 10 15 0.022512533 
759 262 9 12 0.02236719 
728 308 13 15 0.02222276 
405 223 10 12 0.022155598 
897 228 25 33 0.022155456 
389 338 11 15 0.021906147 
189 328 9 12 0.02182281 
113 351 9 12 0.02182255 
634 260 12 13 0.021643592 
225 219 11 14 0.021638025 
504 295 9 12 0.021595873 
719 350 9 12 0.021564638 
754 326 8 11 0.021558724 
921 214 12 16 0.021469412 
490 318 7 9 0.021468764 
827 258 14 18 0.021441279 
830 306 12 18 0.021394342 
466 311 9 11 0.021387001 
981 425 22 30 0.021380477 
757 276 10 12 0.021346452 
192 202 21 30 0.021330658 
313 213 14 18 0.02130728 
744 301 9 12 0.021237878 
431 315 10 13 0.021234605 
719 324 10 13 0.020996151 
760 269 9 12 0.020861773 
780 374 10 14 0.020808745 
412 352 12 16 0.020319149 
961 262 9 11 0.02028017 
395 268 12 13 0.020210171 
943 307 11 13 0.020091167 
770 276 8 11 0.020025615 
