2_Demonstration_Political_Rally_2_690
73
814 398 66 86 0.9951741 
645 392 25 40 0.9892988 
532 385 92 140 0.9794967 
753 370 10 13 0.7658833 
950 371 10 14 0.62110704 
62 365 8 10 0.59564924 
93 411 9 12 0.51575863 
79 357 7 10 0.48171982 
180 350 9 11 0.3691045 
115 358 8 11 0.28339374 
12 444 9 12 0.19196801 
698 367 7 11 0.18239985 
85 352 9 12 0.14338227 
687 366 7 9 0.14260398 
54 352 8 10 0.13607374 
197 357 8 11 0.11781701 
116 365 9 11 0.1169659 
42 364 7 10 0.11611398 
108 394 8 10 0.11390419 
224 358 8 10 0.10406573 
1004 415 10 12 0.09013976 
144 351 8 10 0.08978694 
118 352 8 10 0.088484585 
96 389 7 10 0.07666086 
198 353 7 10 0.07524606 
3 391 9 11 0.066219345 
648 376 10 12 0.065628864 
727 366 7 10 0.05863032 
48 375 9 13 0.05762713 
224 353 8 10 0.057015765 
0 371 8 14 0.05374821 
114 354 8 9 0.0451554 
75 357 8 10 0.04417178 
66 350 8 11 0.041446712 
521 445 74 92 0.041062802 
86 398 8 10 0.04097938 
81 399 8 10 0.03913915 
84 374 10 12 0.038804613 
70 351 9 11 0.03868095 
78 367 9 11 0.036956757 
144 357 8 10 0.036874317 
721 365 7 10 0.03583533 
56 357 7 10 0.034931652 
704 373 7 11 0.03435075 
944 377 11 15 0.033871364 
103 457 9 11 0.03385435 
145 345 8 9 0.033738356 
135 374 8 10 0.032889754 
214 388 10 13 0.031865902 
222 383 9 11 0.030758843 
113 344 8 10 0.030174972 
69 343 8 10 0.02981035 
217 358 8 10 0.029791964 
119 346 7 9 0.029636614 
1008 393 9 12 0.029322693 
1 358 8 13 0.029019477 
149 351 9 10 0.027813321 
936 379 11 14 0.027071036 
79 371 10 13 0.026084926 
736 373 7 10 0.025508389 
139 352 7 10 0.025211984 
2 395 12 14 0.024611073 
230 382 8 10 0.024162631 
707 405 10 14 0.024082808 
986 235 16 21 0.02389665 
151 344 8 9 0.023315763 
714 365 7 10 0.023019798 
138 357 8 10 0.022935275 
119 374 8 10 0.021975176 
177 344 7 10 0.021774122 
628 384 39 56 0.021763094 
735 367 7 11 0.021308279 
738 391 16 21 0.020995121 
