2_Demonstration_Demonstrators_2_414
164
201 42 19 22 0.9868302 
400 32 20 25 0.97423154 
133 42 24 27 0.97194576 
597 37 24 28 0.9640016 
763 46 19 22 0.86992186 
483 28 22 25 0.8596592 
818 51 20 24 0.8035339 
687 55 23 27 0.7805658 
926 45 27 32 0.7547284 
308 39 24 26 0.74303895 
16 39 23 27 0.6764898 
677 107 22 26 0.64505035 
4 89 22 30 0.4318236 
350 8 15 20 0.42183596 
91 61 19 22 0.4073051 
27 33 24 29 0.3713424 
249 53 18 20 0.31884265 
107 23 15 19 0.31200835 
868 22 12 15 0.2902425 
174 260 22 29 0.28370786 
590 99 22 27 0.26400542 
365 40 13 17 0.25240314 
840 108 22 26 0.24200355 
739 51 12 16 0.22868328 
318 5 14 18 0.21585202 
949 114 16 20 0.2022946 
296 0 21 20 0.19825386 
531 40 17 20 0.17465818 
422 30 13 20 0.15864895 
44 115 31 34 0.15120918 
773 101 24 27 0.1435763 
937 40 23 30 0.1378198 
228 40 14 20 0.12781629 
830 80 20 27 0.12336573 
922 48 40 51 0.119766094 
491 97 22 28 0.11912654 
411 97 23 28 0.11563961 
258 52 15 19 0.11429456 
394 205 17 19 0.11191364 
952 41 20 28 0.100336865 
583 49 12 17 0.0943461 
805 59 14 19 0.09178721 
799 60 12 15 0.08638032 
501 0 17 13 0.0856604 
576 61 13 17 0.08493904 
589 42 24 28 0.08418702 
963 43 15 23 0.083157256 
543 69 12 15 0.079016306 
388 33 12 18 0.07639056 
531 1 14 15 0.07432983 
911 53 13 15 0.0743012 
322 202 13 17 0.07395216 
960 168 25 36 0.07360827 
917 46 24 30 0.07328805 
1005 54 17 24 0.06974402 
235 195 15 18 0.06958115 
7 34 23 29 0.06334636 
319 41 18 21 0.05779094 
863 55 22 26 0.05635946 
372 225 12 17 0.055592112 
722 52 14 17 0.053535085 
275 42 17 20 0.053157393 
224 38 13 17 0.052654997 
454 39 16 22 0.050825197 
398 79 17 22 0.049364574 
825 47 19 23 0.048788738 
300 207 14 17 0.04780669 
701 53 23 31 0.044944093 
63 122 14 18 0.044849016 
292 39 14 21 0.04471433 
935 75 31 38 0.04398714 
810 54 22 27 0.043034047 
687 105 18 22 0.042484734 
266 51 15 21 0.042386923 
352 25 12 16 0.042365808 
869 47 21 27 0.041608345 
77 64 14 21 0.03988335 
299 49 38 43 0.03966301 
4 99 38 43 0.03927964 
118 98 25 31 0.038810343 
1004 0 19 17 0.037793294 
860 62 15 20 0.037338816 
110 63 14 22 0.037214804 
84 7 22 33 0.037020333 
198 210 12 16 0.036542892 
100 57 18 27 0.03568641 
669 7 11 13 0.035447165 
444 14 12 14 0.03513444 
52 122 15 19 0.034656774 
353 54 11 14 0.033433598 
353 16 14 20 0.03304631 
946 87 16 20 0.032677714 
481 38 26 27 0.0324593 
958 174 36 48 0.03168699 
718 47 12 15 0.03137834 
307 6 16 19 0.031168891 
247 123 13 17 0.031092498 
557 49 12 16 0.030973585 
406 1 15 13 0.030939303 
752 43 12 19 0.030477967 
928 61 52 64 0.030234154 
549 72 13 17 0.030223258 
153 224 24 31 0.029882574 
234 46 14 21 0.029835118 
287 93 13 16 0.029472833 
42 43 21 28 0.029225491 
0 47 10 25 0.028691169 
712 137 18 24 0.028420137 
387 44 12 17 0.027569478 
676 57 17 23 0.027215917 
263 190 13 16 0.027046436 
475 62 19 23 0.026871711 
715 55 23 29 0.026860138 
742 17 14 18 0.026859453 
724 59 13 18 0.026312334 
390 29 19 27 0.026057484 
609 0 19 19 0.025867641 
383 27 14 18 0.025746753 
38 34 18 24 0.025628487 
411 29 16 21 0.025612945 
527 35 16 20 0.02540045 
282 44 17 23 0.025308777 
302 39 18 22 0.025305824 
471 33 12 21 0.025222518 
566 60 11 15 0.025135608 
632 22 10 12 0.025018942 
235 39 12 16 0.02476174 
901 50 15 19 0.024709143 
309 52 18 22 0.024378195 
387 21 15 18 0.024333943 
523 48 13 17 0.024290912 
151 209 15 18 0.023745453 
779 21 12 15 0.023665762 
558 59 11 16 0.023270445 
862 124 19 27 0.023206698 
576 52 13 18 0.023125399 
564 46 12 16 0.022983212 
818 82 13 17 0.022748554 
795 35 12 13 0.022088706 
343 125 11 14 0.022047289 
19 106 43 45 0.021910906 
529 126 15 19 0.021883309 
437 20 13 15 0.021814775 
430 21 12 14 0.021656686 
697 52 17 23 0.021477476 
160 135 24 26 0.021455338 
179 40 14 20 0.021445995 
820 81 22 28 0.021260584 
58 23 18 24 0.021157531 
361 43 11 16 0.02087404 
724 43 22 27 0.020863803 
7 255 40 59 0.020751275 
938 97 25 35 0.02074245 
26 1 17 18 0.020663142 
356 0 15 12 0.020608893 
4 47 15 22 0.020559961 
570 197 27 32 0.020520687 
125 103 30 32 0.02048578 
769 40 21 28 0.02047469 
582 43 19 27 0.020463286 
554 69 14 17 0.020384144 
285 36 15 20 0.020320162 
294 9 15 17 0.020204017 
473 29 20 29 0.020028504 
