2_Demonstration_Political_Rally_2_135
69
152 554 71 96 0.9952484 
934 637 76 94 0.98821145 
520 446 94 102 0.86926687 
53 684 48 65 0.41916472 
446 701 9 12 0.13519157 
268 316 23 27 0.12181108 
9 640 19 21 0.099764615 
147 286 25 32 0.09749814 
339 682 14 20 0.09586924 
865 383 17 22 0.09214738 
301 330 24 26 0.08935507 
16 1118 63 83 0.08861405 
44 709 16 25 0.082394816 
217 624 28 35 0.07595819 
47 689 27 45 0.05845986 
376 661 12 15 0.057875395 
8 665 21 31 0.05611737 
104 293 20 28 0.055286314 
75 679 36 49 0.055265393 
340 523 14 21 0.053181794 
265 730 27 32 0.052529413 
372 682 21 31 0.052266568 
524 354 67 73 0.050990574 
862 790 13 20 0.047685478 
908 907 17 20 0.04657024 
788 362 17 18 0.044219524 
125 234 10 13 0.04388907 
830 787 10 13 0.0427571 
336 685 23 33 0.038190704 
397 686 24 26 0.036616176 
792 387 20 24 0.034441166 
242 664 16 20 0.033570565 
57 320 27 32 0.032746103 
297 307 17 18 0.032477416 
324 319 18 21 0.03187612 
234 369 20 21 0.031619586 
845 780 21 30 0.031407446 
471 405 132 119 0.030034564 
264 328 26 32 0.029634172 
39 701 48 60 0.027492052 
13 663 14 18 0.026591456 
294 300 16 18 0.026591333 
235 323 18 22 0.026536155 
650 411 26 36 0.026501821 
926 773 12 15 0.026392724 
391 665 13 16 0.025271364 
810 264 17 20 0.023962399 
315 702 15 23 0.023410246 
923 948 14 21 0.023245314 
851 363 15 16 0.023168257 
0 1032 24 47 0.023085887 
492 339 132 95 0.023050947 
391 681 12 17 0.02274725 
36 1150 50 65 0.022549199 
813 365 15 16 0.022377886 
406 668 11 14 0.022136368 
336 678 13 18 0.02208387 
234 304 26 31 0.02185816 
387 683 22 30 0.021850238 
549 338 42 36 0.0218219 
18 779 16 19 0.021712227 
652 379 18 19 0.02156086 
423 340 250 167 0.020953106 
415 774 25 26 0.020883339 
83 371 24 26 0.020695394 
954 794 15 19 0.020658365 
139 281 42 50 0.020644395 
790 379 18 20 0.02060564 
355 693 16 19 0.02015932 
