2_Demonstration_Protesters_2_796
39
403 241 151 193 0.99717844 
357 76 30 36 0.98507994 
354 128 26 30 0.9835488 
607 136 35 38 0.97992903 
672 79 57 62 0.97990555 
601 59 24 32 0.9694837 
488 127 34 48 0.95217454 
522 100 25 31 0.9253935 
565 96 24 27 0.81350994 
386 22 32 35 0.26859748 
581 138 24 34 0.2311083 
254 112 21 28 0.17664184 
280 67 28 32 0.1314415 
533 78 17 19 0.121390924 
453 88 28 32 0.10058687 
263 162 21 21 0.09502986 
484 74 20 23 0.08384122 
346 77 26 35 0.07395229 
560 105 36 48 0.07150574 
561 83 24 30 0.0612008 
337 0 16 12 0.049223922 
524 79 22 27 0.047042485 
846 0 31 24 0.04184886 
524 33 21 28 0.03964562 
305 82 23 29 0.03781575 
337 81 24 32 0.0313322 
552 78 20 29 0.028948374 
403 31 28 31 0.02643455 
528 86 24 31 0.025773503 
266 38 24 29 0.024317624 
85 191 22 27 0.023916265 
302 81 16 21 0.023710081 
844 2 53 48 0.02244433 
326 125 23 29 0.021649191 
285 51 24 30 0.021534301 
227 257 58 76 0.021323195 
577 119 27 37 0.02041037 
565 75 17 23 0.020342955 
288 124 26 34 0.02020208 
