2_Demonstration_Protesters_2_508
72
952 177 30 35 0.9956197 
957 111 23 30 0.9884948 
717 166 37 41 0.9879276 
868 142 24 38 0.9856184 
789 141 22 26 0.9778821 
312 179 33 39 0.97321624 
988 145 24 29 0.9711968 
179 208 29 29 0.9455294 
98 177 25 33 0.92692065 
936 159 20 27 0.92009145 
653 157 21 25 0.91069645 
541 164 28 42 0.857317 
240 183 24 36 0.82434005 
866 122 14 19 0.7124912 
570 233 32 45 0.5101435 
778 149 17 22 0.43814862 
114 226 18 19 0.3322321 
704 196 24 35 0.26808164 
586 146 19 22 0.26508576 
270 72 18 20 0.23243932 
450 200 22 26 0.21239246 
662 153 21 27 0.20562492 
28 183 26 32 0.19134995 
85 172 28 37 0.19042753 
176 87 12 13 0.18559486 
110 231 25 29 0.16823356 
672 154 16 24 0.12973939 
344 154 28 39 0.1164275 
637 144 12 13 0.10908542 
253 185 23 40 0.09323555 
9 263 50 65 0.08570575 
981 120 15 21 0.08066699 
442 201 20 21 0.07850147 
459 197 15 21 0.07569491 
371 0 27 21 0.0663087 
365 227 27 31 0.060630586 
2 294 12 15 0.054339573 
434 110 10 13 0.053208955 
192 175 25 30 0.04871943 
612 200 25 33 0.04831017 
454 209 30 35 0.046969626 
699 182 23 38 0.04373883 
4 242 38 66 0.04179303 
372 84 13 15 0.040624768 
680 152 18 26 0.0362943 
669 136 16 18 0.033635646 
517 125 13 19 0.033430595 
462 219 14 18 0.032462426 
1012 127 12 20 0.032163393 
439 124 12 18 0.030838478 
1010 197 14 23 0.030529363 
433 193 22 27 0.029185075 
524 124 16 22 0.028903665 
987 99 14 18 0.02816887 
830 254 11 15 0.026470518 
566 225 25 38 0.026209675 
492 210 17 18 0.025381453 
428 190 17 26 0.024554212 
0 283 22 30 0.024486989 
70 167 29 34 0.023980122 
866 128 23 33 0.023610834 
502 128 11 13 0.023010151 
489 217 29 31 0.022895161 
669 147 17 23 0.022325866 
13 194 26 33 0.02225509 
221 259 42 64 0.021654354 
21 188 40 45 0.021597087 
496 225 33 39 0.02152485 
556 236 29 39 0.021247659 
34 271 56 63 0.020715976 
482 195 40 45 0.020679029 
436 113 13 17 0.020081928 
