2_Demonstration_Demonstration_Or_Protest_2_420
528
310 170 29 44 0.99727696 
475 160 37 45 0.9941561 
807 184 32 43 0.99385756 
595 169 30 48 0.9937775 
718 161 32 46 0.9884107 
404 241 50 72 0.9883514 
418 134 23 30 0.9834579 
908 112 14 18 0.97048193 
693 135 21 32 0.94537836 
516 144 22 30 0.9449882 
372 170 25 38 0.9413579 
257 168 22 33 0.9243575 
68 183 26 45 0.896865 
640 125 27 38 0.8940777 
571 163 23 34 0.8833448 
207 269 35 54 0.87480223 
841 164 24 46 0.86791044 
912 170 22 27 0.85110563 
739 273 44 72 0.8366961 
975 132 21 28 0.8201703 
770 123 18 21 0.8086299 
558 240 33 48 0.75777775 
951 101 10 13 0.6124094 
981 190 28 40 0.6084814 
210 148 22 32 0.5316013 
975 111 12 13 0.53141886 
1007 100 11 13 0.5189432 
919 94 9 11 0.50617623 
66 139 15 24 0.46099997 
463 94 8 9 0.43678403 
631 104 11 17 0.4217099 
890 129 14 17 0.41995192 
140 129 12 16 0.3633252 
981 92 10 12 0.35564968 
596 142 16 18 0.35296106 
167 105 10 11 0.34100994 
111 278 51 74 0.33618745 
838 155 15 22 0.3317721 
169 205 25 33 0.33012038 
112 158 24 35 0.32383138 
516 111 13 17 0.3216057 
21 145 14 19 0.31113243 
904 147 15 19 0.3067987 
990 146 22 29 0.30662796 
556 93 11 12 0.29417163 
1009 116 11 14 0.28676173 
933 225 24 36 0.26364037 
259 131 14 21 0.23974624 
651 280 39 51 0.23610382 
384 87 8 10 0.23307306 
600 100 10 12 0.2299343 
23 149 22 29 0.21651083 
197 203 22 33 0.21065748 
544 129 12 19 0.20990811 
939 155 14 16 0.20872092 
929 252 44 63 0.20677206 
277 94 10 12 0.2039242 
860 95 11 13 0.20269106 
924 244 29 49 0.19786856 
575 92 9 11 0.19781122 
201 128 18 20 0.19416209 
967 87 8 11 0.1930424 
2 299 39 55 0.19276945 
980 86 9 11 0.19140777 
14 125 10 12 0.18996392 
861 117 11 13 0.18609194 
827 116 11 13 0.18581425 
735 64 11 15 0.18151155 
35 120 16 20 0.17846645 
309 108 12 18 0.16791713 
158 178 12 19 0.15940651 
244 124 13 15 0.15522105 
510 87 10 13 0.15319845 
777 88 8 10 0.14909641 
900 196 26 36 0.14251286 
973 122 15 18 0.137053 
706 96 8 11 0.13672653 
480 96 9 10 0.13578722 
444 110 10 11 0.1313358 
369 94 10 13 0.12896723 
547 110 15 17 0.12527902 
709 118 10 11 0.1248058 
934 148 15 17 0.12478231 
127 109 9 12 0.124022506 
231 104 13 20 0.12285633 
6 136 13 17 0.12262273 
151 125 12 16 0.12123254 
934 109 11 13 0.120685175 
930 124 13 16 0.118595846 
123 95 11 13 0.11470727 
267 136 17 19 0.11371443 
1015 85 7 11 0.11310108 
388 220 26 33 0.11216929 
728 116 10 13 0.1119308 
580 130 12 15 0.110843636 
555 153 14 17 0.108832106 
204 106 13 15 0.107535414 
134 108 9 12 0.107516706 
924 93 10 13 0.10651514 
409 113 15 19 0.10429784 
978 126 16 19 0.10362432 
124 100 11 13 0.1003508 
799 163 21 29 0.100108586 
701 85 8 9 0.10004814 
304 95 9 12 0.099875785 
617 96 8 11 0.09970229 
430 93 8 10 0.09949903 
753 95 8 11 0.096897975 
792 112 9 11 0.096344136 
671 86 8 9 0.09600193 
455 89 9 10 0.09560746 
501 110 10 12 0.095594555 
101 102 11 12 0.0953614 
0 138 11 16 0.094665505 
933 102 9 11 0.09272227 
12 185 24 26 0.09262323 
968 109 9 13 0.09174198 
35 155 17 22 0.091692224 
457 92 8 11 0.09148482 
123 161 16 26 0.09104914 
116 153 16 26 0.09084349 
197 134 15 19 0.08887609 
744 52 9 11 0.08835095 
184 204 23 33 0.08755141 
696 111 8 10 0.08741452 
787 142 12 16 0.086978756 
824 112 11 12 0.08688114 
767 101 8 10 0.08663864 
43 119 14 16 0.08560281 
62 130 13 25 0.08527611 
504 88 8 12 0.08477021 
309 92 9 11 0.08345051 
604 107 10 14 0.08212442 
736 138 17 21 0.08022732 
928 99 9 12 0.07857523 
492 117 10 15 0.07817058 
985 138 17 23 0.07772331 
548 133 14 22 0.077481076 
199 103 10 12 0.0766705 
485 284 27 38 0.075680755 
69 148 14 22 0.0753741 
703 118 11 12 0.075304404 
817 127 17 19 0.075084485 
737 102 9 11 0.074614555 
131 290 52 70 0.073707886 
408 102 9 12 0.07070099 
39 96 9 11 0.07018529 
163 139 17 19 0.069825396 
320 84 9 12 0.0695745 
210 126 14 16 0.06952718 
498 92 9 10 0.06883364 
192 85 7 10 0.06860596 
26 104 9 11 0.06776036 
156 130 12 15 0.067606464 
701 110 9 11 0.06682869 
12 136 14 19 0.06637928 
981 81 8 10 0.065784454 
35 124 23 26 0.06447524 
761 111 8 10 0.06436183 
527 100 9 11 0.06421186 
932 115 13 17 0.06403353 
508 129 13 17 0.06335468 
144 94 7 10 0.063253224 
950 123 9 13 0.06261589 
854 140 15 18 0.06240246 
1006 108 12 15 0.06183469 
898 74 8 10 0.061384846 
174 150 13 16 0.06082865 
1012 111 11 15 0.0606934 
308 102 11 14 0.06059404 
599 115 10 14 0.060236905 
481 88 8 9 0.059628237 
722 105 7 10 0.05872938 
487 88 8 10 0.05869669 
925 128 13 16 0.058214463 
460 127 11 12 0.057364866 
192 104 9 11 0.057213668 
622 251 26 38 0.05709936 
478 99 10 13 0.056791443 
0 173 11 26 0.056763344 
620 101 10 13 0.056564715 
389 101 13 16 0.056360055 
550 144 15 20 0.05563768 
363 164 25 39 0.055610828 
274 134 16 18 0.053827763 
263 109 9 11 0.053444333 
962 110 9 12 0.05236802 
857 76 8 10 0.05171364 
395 131 14 22 0.05168967 
378 86 8 10 0.051462606 
389 95 9 10 0.051400304 
496 109 10 13 0.0507393 
782 162 12 19 0.050273843 
411 63 7 9 0.05008831 
150 103 8 10 0.050070014 
697 103 8 10 0.050037894 
0 86 8 11 0.0492824 
168 284 47 65 0.0490376 
123 167 24 33 0.048814036 
200 88 7 8 0.04880769 
841 160 18 29 0.04879492 
254 126 11 16 0.048251014 
296 98 10 15 0.048221704 
426 95 8 10 0.048002888 
668 115 12 14 0.047912817 
171 107 10 12 0.047690786 
399 94 8 10 0.047628604 
294 95 9 12 0.04755515 
110 271 34 49 0.04732613 
439 104 9 10 0.046771668 
471 86 8 10 0.046591893 
178 94 8 10 0.04571946 
136 104 8 11 0.04561855 
10 119 10 13 0.045386106 
372 97 11 14 0.045357496 
111 134 11 15 0.045235667 
576 126 12 14 0.044748638 
710 113 9 11 0.044413682 
118 80 9 10 0.044397213 
696 117 9 11 0.04437168 
54 136 12 20 0.044010945 
986 109 13 14 0.043686774 
862 72 8 10 0.042946506 
708 99 9 13 0.042704515 
997 88 9 11 0.04260008 
224 88 7 8 0.042503297 
102 105 13 15 0.04227957 
183 70 7 8 0.04217677 
47 79 7 9 0.04217396 
1000 93 9 10 0.04203979 
143 102 8 10 0.04180336 
930 230 37 49 0.04176889 
867 117 11 13 0.041644953 
690 111 7 9 0.041566208 
624 106 11 15 0.04148827 
145 74 8 9 0.041368037 
960 116 9 11 0.041357145 
28 107 11 14 0.04113938 
386 94 8 10 0.040909898 
728 111 9 12 0.0407288 
8 125 11 13 0.040502623 
869 93 9 12 0.040158648 
258 111 8 10 0.040108193 
205 156 17 25 0.039899938 
927 86 10 12 0.039779637 
431 101 8 10 0.03976577 
981 198 38 55 0.039003298 
911 148 17 18 0.038998455 
358 79 8 10 0.03875866 
664 97 8 10 0.038648367 
142 126 19 25 0.03860327 
992 172 23 36 0.03856931 
408 96 8 10 0.038357664 
182 171 15 19 0.038356993 
343 122 24 29 0.037990473 
182 94 8 10 0.03785543 
516 88 10 12 0.037755463 
961 197 42 53 0.03772413 
964 176 25 33 0.0377121 
827 312 49 51 0.03766729 
761 102 9 10 0.037576612 
997 165 23 29 0.03742366 
0 125 10 16 0.0374103 
902 77 8 10 0.03710662 
110 115 11 12 0.037067857 
42 135 18 20 0.03698919 
940 141 13 15 0.036782168 
122 110 10 12 0.036685083 
43 157 15 21 0.03662028 
535 102 8 10 0.03649781 
962 166 24 28 0.03638479 
969 115 11 15 0.036258996 
426 101 8 10 0.036210205 
914 94 10 11 0.036144987 
485 93 8 10 0.036023777 
790 132 12 17 0.035951108 
186 86 7 9 0.035874147 
48 112 10 11 0.035705887 
798 130 13 19 0.03569696 
644 39 15 18 0.035654724 
502 74 8 9 0.03554698 
946 100 10 13 0.035382465 
593 118 9 11 0.0350662 
588 124 10 13 0.03505938 
469 95 8 11 0.034948498 
162 103 9 11 0.034853354 
975 107 20 23 0.034725703 
288 94 9 12 0.034474786 
441 77 7 9 0.034396775 
689 95 7 10 0.034392107 
664 186 27 35 0.03421635 
54 93 9 12 0.03402305 
993 192 18 28 0.03401806 
368 182 37 46 0.033699982 
266 103 8 11 0.03334092 
389 89 7 9 0.03323765 
859 133 15 16 0.033124227 
940 109 10 13 0.033101454 
929 80 9 11 0.032976426 
396 142 17 21 0.032798268 
482 135 9 12 0.03276253 
585 111 8 10 0.03267058 
1012 119 12 17 0.032592785 
995 158 18 21 0.03251877 
759 63 7 9 0.032277595 
181 120 9 12 0.032215852 
929 108 11 15 0.03215428 
804 137 13 17 0.032129485 
968 122 12 16 0.032095835 
696 144 33 44 0.032087453 
383 82 8 10 0.032035835 
905 87 10 12 0.031946644 
190 82 8 9 0.031626523 
488 124 11 14 0.031600073 
203 118 15 17 0.031528052 
176 88 7 9 0.031511735 
75 159 14 19 0.031410404 
270 100 9 12 0.03124542 
608 88 7 9 0.03111288 
486 133 9 12 0.03102385 
11 180 18 21 0.031022642 
883 98 11 15 0.030776592 
63 96 9 11 0.03073376 
642 93 8 10 0.03072454 
686 87 7 9 0.03070673 
0 100 8 12 0.030581959 
52 156 12 19 0.030499754 
735 108 9 12 0.030073939 
849 175 24 43 0.030067375 
167 73 6 8 0.030061841 
120 86 9 11 0.029943166 
1001 109 11 15 0.02993735 
415 94 7 10 0.029879384 
694 123 13 16 0.029873395 
856 122 14 16 0.02983069 
396 127 12 15 0.029697802 
551 103 11 12 0.029599153 
385 99 11 15 0.029573975 
403 218 27 35 0.029552415 
766 131 22 28 0.029551266 
62 79 8 10 0.029526329 
116 139 10 17 0.029513726 
562 29 11 15 0.029512243 
415 89 7 9 0.029468209 
67 123 14 23 0.029285286 
230 317 54 39 0.029281097 
1012 95 10 12 0.029275067 
944 133 12 15 0.029270092 
306 89 8 9 0.029263908 
999 115 11 13 0.029190661 
255 118 9 11 0.029031564 
624 270 31 41 0.028942104 
44 100 10 12 0.028844569 
270 138 23 25 0.028841985 
486 102 8 12 0.028786762 
792 80 8 9 0.028757216 
111 84 9 11 0.028593197 
142 89 8 9 0.02859019 
557 99 10 13 0.028493335 
593 87 7 10 0.02849257 
646 93 9 10 0.028433293 
162 108 9 11 0.028206307 
650 134 25 35 0.028137056 
888 80 8 9 0.028136527 
139 94 8 10 0.028050063 
263 116 11 15 0.027978808 
296 86 7 10 0.027886739 
958 76 9 10 0.02781773 
728 102 7 10 0.027773257 
58 78 7 9 0.02771275 
469 126 12 14 0.027692402 
581 93 9 12 0.027687652 
462 109 10 12 0.027633278 
191 286 24 42 0.027435845 
555 109 12 14 0.027378228 
192 274 37 67 0.027192345 
636 112 14 19 0.027067803 
594 147 20 23 0.026902497 
873 79 8 9 0.026857575 
740 1 16 15 0.026750488 
381 118 9 12 0.026727114 
267 123 14 19 0.026707461 
105 71 7 9 0.026614891 
94 83 9 11 0.0265761 
767 117 14 17 0.026531115 
240 114 11 14 0.026510237 
521 109 15 17 0.026273869 
944 124 11 14 0.02621683 
0 163 11 22 0.02617707 
415 221 26 36 0.026065964 
604 135 14 14 0.026032947 
881 93 10 14 0.025820924 
582 19 13 14 0.025712853 
758 96 8 10 0.025592905 
54 145 11 20 0.025464406 
598 136 12 15 0.025463065 
826 172 27 39 0.025391767 
373 200 38 50 0.025256155 
14 112 10 12 0.0252065 
319 68 10 15 0.025168767 
238 94 9 12 0.02512133 
604 94 9 11 0.025039462 
48 94 10 12 0.025023147 
946 94 8 10 0.024867272 
793 94 8 9 0.024858356 
50 124 13 17 0.024762126 
832 138 12 17 0.024677081 
554 88 8 10 0.024596298 
678 109 9 11 0.024549015 
87 73 8 9 0.024487821 
150 96 8 9 0.024442976 
500 134 15 19 0.02442697 
79 104 10 12 0.024426935 
30 127 15 18 0.024355672 
392 49 8 10 0.024309814 
303 76 10 12 0.024284014 
498 77 8 9 0.024253063 
394 106 12 15 0.024170863 
297 78 8 11 0.024075804 
110 145 14 21 0.024056198 
679 104 8 9 0.02398785 
159 143 16 19 0.023944158 
1000 72 8 10 0.023943478 
1010 40 12 18 0.023919137 
49 87 8 10 0.023905871 
77 109 11 13 0.02374647 
765 110 9 12 0.023725545 
410 88 7 9 0.02368937 
666 86 7 9 0.023555372 
92 154 15 18 0.023530595 
975 105 10 11 0.023483038 
509 99 9 12 0.023432653 
84 103 11 13 0.02342073 
138 88 9 10 0.02332402 
912 79 8 9 0.023232758 
212 142 14 17 0.023219556 
966 157 13 15 0.023204299 
210 95 7 9 0.02313747 
125 114 11 13 0.023133932 
680 87 8 9 0.02311597 
169 89 7 8 0.023093242 
937 161 14 17 0.023057107 
257 94 8 9 0.02301109 
565 109 9 11 0.023010386 
224 99 10 15 0.023009196 
589 132 11 14 0.022946421 
263 173 24 38 0.022915764 
71 103 9 12 0.022900743 
962 183 18 21 0.02284112 
143 37 13 16 0.022824652 
943 116 10 14 0.022773886 
18 94 7 10 0.022756519 
158 80 7 9 0.022725306 
572 139 13 17 0.022696266 
534 114 11 17 0.022641797 
19 72 7 9 0.022588242 
22 124 10 13 0.022558123 
929 148 11 14 0.02253837 
259 139 17 23 0.022465976 
126 86 9 11 0.022300787 
187 81 7 9 0.02229823 
753 63 9 12 0.02227936 
504 102 10 13 0.022230713 
945 88 8 10 0.022184394 
159 86 8 10 0.02216495 
936 211 26 36 0.022149432 
753 89 8 9 0.022032356 
423 77 8 10 0.022007119 
798 117 10 11 0.021979325 
478 125 12 14 0.02192156 
846 127 8 12 0.021914715 
606 124 11 13 0.021897104 
44 148 15 19 0.021872502 
722 116 9 12 0.02186081 
160 179 18 23 0.021785023 
388 99 21 25 0.021783356 
565 147 13 16 0.021775667 
312 77 9 12 0.021766353 
489 110 9 12 0.021766057 
314 112 13 19 0.021703696 
200 96 7 9 0.021683231 
140 108 11 12 0.02167484 
583 119 9 11 0.021644639 
664 109 12 14 0.021606212 
967 132 11 19 0.021555122 
96 80 9 10 0.02150466 
561 154 15 17 0.021483364 
26 192 15 20 0.021482242 
72 108 10 13 0.021472339 
204 136 24 30 0.021466449 
599 139 23 24 0.021429222 
495 105 9 11 0.021340717 
182 66 7 8 0.02131852 
785 158 19 28 0.021237459 
520 92 9 11 0.021200432 
249 122 19 26 0.021160265 
971 63 8 10 0.021158574 
117 116 10 12 0.02112172 
264 95 8 10 0.021118484 
22 72 8 9 0.021069257 
299 95 18 26 0.021063907 
909 165 17 21 0.020960497 
165 150 15 19 0.020924808 
773 103 8 10 0.020918468 
874 72 6 9 0.020901218 
432 109 11 12 0.020873366 
696 95 7 10 0.020871164 
600 88 8 9 0.020870805 
815 118 12 14 0.020859824 
581 88 8 10 0.020803256 
391 127 11 16 0.020774093 
751 69 9 11 0.020771936 
880 79 7 9 0.020751134 
982 103 11 12 0.020700753 
83 154 14 17 0.020685324 
583 103 8 10 0.020669874 
325 66 12 15 0.020655422 
493 128 13 18 0.020644246 
440 73 7 9 0.020591667 
322 136 15 23 0.020565338 
616 106 10 14 0.020357652 
451 88 8 10 0.020320741 
101 78 9 12 0.020264145 
742 109 9 11 0.02025832 
165 127 12 14 0.020247916 
989 104 10 11 0.02024069 
689 102 7 10 0.020230822 
69 95 8 11 0.020162145 
