2_Demonstration_Demonstrators_2_309
28
815 287 43 58 0.9958632 
991 382 32 48 0.9907516 
136 263 24 32 0.93272585 
83 232 19 23 0.8877775 
247 297 40 57 0.6855213 
447 180 108 120 0.6639095 
151 235 20 20 0.61273104 
932 365 10 14 0.110465154 
33 224 15 18 0.09739018 
0 265 11 24 0.06833713 
149 241 22 30 0.053671215 
89 269 28 33 0.04904363 
508 203 41 52 0.047631983 
125 263 24 29 0.042723753 
188 260 13 17 0.03912084 
296 265 9 11 0.038139615 
59 238 16 23 0.036773067 
10 250 13 17 0.03624619 
914 355 11 16 0.02839004 
958 399 22 27 0.028204385 
287 287 25 32 0.02780515 
734 271 8 9 0.025950568 
116 263 22 26 0.025815096 
392 262 36 40 0.025783366 
137 299 21 25 0.02383007 
88 257 17 21 0.022847261 
712 341 10 12 0.021597126 
925 357 20 28 0.02094898 
