2_Demonstration_Protesters_2_456
31
657 477 56 75 0.99903476 
310 486 109 162 0.9988581 
849 451 94 122 0.9968483 
857 340 29 33 0.98882616 
765 519 43 47 0.9852998 
0 489 75 83 0.78895426 
270 391 10 13 0.75832486 
233 397 13 15 0.095310606 
982 476 41 92 0.094980955 
462 269 11 13 0.0839486 
431 290 34 38 0.08322597 
242 412 17 20 0.072359204 
279 365 11 13 0.068370976 
226 450 21 28 0.056385543 
504 345 43 47 0.05501147 
51 456 27 51 0.053456556 
348 265 166 182 0.0500568 
195 417 12 16 0.044411756 
319 262 9 10 0.038597338 
366 265 7 9 0.03660568 
417 270 7 10 0.036563344 
272 490 46 59 0.034979194 
433 269 11 13 0.030662443 
414 248 9 10 0.028510025 
380 264 9 11 0.026670529 
462 250 9 9 0.02618875 
190 333 10 13 0.02185903 
249 366 9 12 0.021817122 
282 368 13 16 0.020759812 
428 264 52 60 0.020751517 
192 403 11 16 0.020022938 
