2_Demonstration_Demonstration_Or_Protest_2_176
28
542 291 31 38 0.998755 
753 279 30 41 0.9967488 
66 299 32 41 0.99653375 
573 293 25 34 0.97235876 
479 319 21 27 0.94722855 
357 300 29 35 0.91238916 
937 326 19 21 0.8276167 
134 330 14 18 0.73449236 
631 316 22 25 0.6106376 
814 323 21 23 0.58765304 
257 326 11 14 0.41286042 
633 310 18 20 0.083044335 
193 335 11 13 0.07430684 
231 333 11 15 0.072857976 
425 385 7 9 0.058916368 
225 374 7 9 0.055992953 
459 333 14 16 0.04417225 
577 118 17 21 0.033715684 
201 374 7 9 0.030876037 
297 391 7 9 0.030450072 
873 330 19 20 0.029736586 
298 278 7 9 0.028174784 
268 325 10 12 0.027203117 
562 295 25 39 0.023036525 
318 337 15 16 0.022587338 
143 317 13 16 0.022323767 
933 318 15 18 0.020276476 
986 14 26 33 0.020246733 
