2_Demonstration_Demonstrators_2_781
46
392 195 25 34 0.99876106 
255 169 51 72 0.9987081 
545 142 56 81 0.998509 
925 273 33 40 0.9948802 
464 200 40 56 0.99464875 
696 221 45 53 0.99350256 
930 229 27 31 0.9897293 
536 213 32 42 0.9895587 
233 128 36 55 0.97108614 
534 191 21 29 0.84776264 
757 256 24 27 0.8440489 
815 230 20 21 0.8285596 
861 245 13 18 0.8186374 
978 249 13 21 0.77111524 
108 227 17 22 0.76085883 
762 226 22 31 0.69188076 
888 243 17 19 0.3006033 
791 239 12 15 0.17874888 
918 231 24 27 0.13465203 
436 227 13 15 0.11711663 
997 240 16 21 0.103378825 
888 240 12 14 0.08185761 
131 218 13 17 0.077151045 
416 189 11 16 0.067236036 
533 200 27 40 0.06490402 
498 207 24 30 0.06139197 
11 236 11 14 0.061176762 
537 181 32 40 0.05347434 
124 215 22 26 0.04826887 
128 215 12 16 0.04620327 
837 313 14 21 0.046172198 
43 204 8 11 0.04544059 
767 248 18 22 0.043614123 
508 174 9 13 0.0434073 
665 145 7 10 0.042191796 
866 247 13 18 0.038671266 
48 198 9 11 0.0386654 
659 229 13 16 0.03656944 
115 221 15 20 0.031746257 
136 211 51 79 0.029826103 
324 171 14 20 0.02923122 
411 191 19 26 0.027384615 
360 206 11 17 0.024309417 
770 235 20 28 0.023472678 
2 221 8 11 0.020766852 
1012 249 11 21 0.020400405 
