2_Demonstration_Political_Rally_2_18
111
27 312 17 22 0.99403495 
67 339 16 21 0.99292046 
42 448 19 25 0.9907866 
914 434 17 22 0.98992985 
314 261 19 25 0.98461795 
170 258 17 24 0.9835097 
147 384 20 24 0.98346555 
242 421 19 26 0.9824242 
380 435 19 25 0.9822463 
364 429 15 21 0.98223186 
453 295 15 19 0.98191315 
354 343 18 24 0.9794459 
24 257 17 22 0.97728807 
863 447 19 24 0.97728103 
166 332 21 26 0.97625285 
186 306 17 22 0.9758371 
89 264 18 23 0.97399557 
316 437 20 25 0.97157276 
134 296 18 22 0.97007746 
299 333 18 24 0.96912664 
171 450 21 27 0.9683696 
82 288 18 22 0.96790814 
442 457 20 28 0.9674727 
486 360 17 22 0.96734846 
158 408 17 23 0.9657357 
480 403 17 21 0.9656356 
238 309 20 25 0.9632258 
423 427 17 21 0.9621605 
103 239 17 21 0.9585999 
624 456 17 21 0.9585354 
97 447 19 24 0.95741916 
228 250 16 21 0.9571998 
12 353 19 25 0.9559863 
22 459 20 26 0.9530706 
42 240 15 20 0.9514604 
529 394 18 26 0.95118856 
223 274 20 25 0.94422346 
501 448 19 24 0.9427474 
154 301 19 23 0.9390309 
272 395 19 26 0.9367304 
42 426 19 21 0.93634695 
264 204 18 24 0.9160584 
370 345 14 20 0.90169835 
767 419 18 23 0.8944067 
187 229 15 19 0.8761741 
370 302 15 21 0.8686877 
333 202 14 18 0.8610787 
77 321 16 19 0.8182273 
56 258 12 17 0.7918003 
436 413 16 21 0.72889704 
299 317 19 23 0.7212591 
129 432 15 19 0.7008102 
0 209 11 20 0.69736457 
461 489 18 22 0.5766792 
543 433 18 21 0.46992165 
234 383 18 24 0.46961486 
21 430 15 21 0.4551883 
0 257 11 18 0.41358274 
370 430 18 25 0.3682848 
398 390 13 17 0.2971981 
273 455 16 20 0.27553847 
412 277 11 15 0.24656276 
36 453 18 26 0.19530301 
161 221 16 19 0.19326784 
302 434 15 21 0.15855603 
438 367 12 16 0.15441196 
299 441 16 23 0.14260495 
355 457 16 20 0.13473623 
97 308 13 19 0.12596738 
106 287 13 18 0.12217642 
373 377 10 15 0.121303335 
38 329 15 20 0.108438194 
0 467 11 18 0.10725704 
632 482 12 16 0.105062045 
37 338 14 17 0.10033309 
277 266 17 21 0.097982794 
428 420 17 22 0.08942455 
185 279 16 19 0.087217525 
229 364 17 20 0.08433922 
187 218 18 22 0.083629996 
430 363 12 17 0.08060372 
295 449 15 19 0.069648266 
27 302 17 21 0.05583629 
124 251 13 18 0.04931693 
895 555 14 17 0.049271718 
433 547 41 49 0.047402762 
36 322 15 19 0.047325697 
309 439 17 22 0.045175876 
491 459 12 17 0.04218247 
470 562 14 18 0.04050301 
682 438 17 21 0.03896007 
61 447 14 19 0.036713365 
314 354 14 18 0.03586662 
387 401 16 20 0.034317486 
476 564 13 18 0.034130435 
149 323 14 21 0.03364989 
69 431 15 17 0.033367593 
373 278 11 15 0.032217555 
390 362 12 16 0.031233782 
442 314 13 14 0.03109136 
351 253 12 17 0.030748118 
341 276 12 16 0.025486302 
61 430 13 17 0.024524799 
84 329 14 19 0.023510952 
422 286 13 16 0.021170795 
397 294 9 12 0.02116062 
590 558 24 46 0.02114746 
403 468 18 22 0.021027854 
424 365 12 16 0.020790176 
464 566 23 30 0.020241607 
118 451 12 16 0.020206872 
