2_Demonstration_Protesters_2_460
47
787 70 31 37 0.9991555 
883 203 30 38 0.99865305 
840 68 30 37 0.9986077 
482 237 35 42 0.9984301 
805 178 37 48 0.9982626 
34 67 27 32 0.9964922 
483 98 38 44 0.995956 
74 88 26 35 0.99555165 
272 232 43 54 0.9929461 
639 58 43 50 0.9897367 
164 83 17 21 0.9794988 
955 94 22 35 0.9782332 
133 74 16 21 0.974466 
706 65 22 29 0.9701086 
436 75 19 23 0.941352 
996 90 14 17 0.8997205 
282 74 14 19 0.84031403 
749 92 12 15 0.5706882 
0 67 12 19 0.2714494 
973 75 11 13 0.20409267 
148 193 22 26 0.1988971 
22 70 12 18 0.12923162 
968 77 12 16 0.10152547 
224 119 9 12 0.101426475 
4 63 16 20 0.09030782 
962 85 13 19 0.079862684 
1011 193 12 18 0.075291984 
391 38 13 16 0.048099235 
972 80 13 18 0.038823336 
994 121 14 19 0.033851944 
514 250 22 28 0.032207377 
1013 61 8 14 0.03195746 
277 158 14 19 0.030969791 
942 176 28 35 0.029339917 
938 203 16 21 0.028642941 
212 174 10 12 0.028094286 
0 77 12 26 0.026382977 
964 75 19 26 0.02390765 
915 272 24 25 0.02371755 
214 127 9 13 0.023607867 
969 72 11 12 0.023533648 
1013 183 9 15 0.023040967 
999 219 12 17 0.022931054 
2 158 18 26 0.021697786 
248 117 7 10 0.02113446 
10 69 17 22 0.020696696 
421 3 14 13 0.02050644 
