2_Demonstration_Demonstration_Or_Protest_2_512
329
963 378 57 83 0.9957153 
404 239 24 30 0.9929744 
147 298 45 52 0.981343 
950 315 45 50 0.9798696 
917 197 11 13 0.94612145 
991 205 12 15 0.9243087 
932 280 28 32 0.76871634 
227 287 32 42 0.7223242 
735 257 15 18 0.70600754 
96 295 28 30 0.5759723 
637 246 13 16 0.56508243 
294 208 13 16 0.52941066 
595 236 13 17 0.47452363 
535 239 15 20 0.4298527 
673 278 24 45 0.39566177 
471 230 11 14 0.37457123 
657 246 15 18 0.31694624 
951 198 11 14 0.3113812 
596 291 28 27 0.30948314 
713 221 11 13 0.28626233 
623 251 10 13 0.26085198 
926 304 28 40 0.2568593 
605 184 11 13 0.18566273 
547 227 12 16 0.18341915 
489 221 9 12 0.17743412 
841 273 17 22 0.17562556 
711 308 30 50 0.16993034 
684 307 47 50 0.1672392 
629 264 16 18 0.16595617 
719 246 11 14 0.16343822 
990 273 14 17 0.15965587 
974 205 10 13 0.15955275 
446 216 10 11 0.14599703 
1011 274 11 18 0.13733539 
315 205 11 14 0.13479225 
966 268 13 17 0.12917602 
155 192 18 22 0.12617937 
656 241 10 11 0.12432837 
633 245 12 16 0.12321464 
718 197 9 11 0.11892034 
692 235 13 15 0.118072964 
921 259 18 20 0.115999416 
633 261 21 25 0.115542896 
971 272 14 18 0.11435327 
948 215 11 13 0.114052534 
424 309 57 59 0.11355967 
823 238 11 12 0.111476526 
968 190 11 14 0.10389663 
867 336 36 48 0.10235319 
917 254 15 17 0.10115177 
946 309 30 42 0.099197865 
958 191 11 14 0.09860819 
671 288 40 47 0.09797384 
452 198 10 13 0.09742906 
287 203 10 14 0.097338766 
591 214 9 12 0.09635987 
184 188 12 15 0.09564781 
174 217 16 19 0.09504895 
977 181 17 18 0.09220869 
846 243 11 15 0.0919328 
244 240 13 18 0.08827709 
365 208 9 11 0.08671803 
742 235 10 13 0.08449581 
273 247 18 22 0.0843449 
813 214 9 10 0.08118878 
279 222 9 12 0.08007942 
518 202 12 16 0.079726405 
429 211 9 12 0.07945705 
623 221 9 11 0.077041365 
817 326 34 32 0.076797046 
645 228 10 12 0.07393441 
555 336 42 59 0.070944265 
212 228 14 17 0.06819988 
241 399 49 86 0.06705832 
487 216 10 12 0.06700069 
430 206 9 12 0.0663096 
348 240 14 17 0.06453211 
585 213 9 12 0.064423814 
855 207 10 12 0.06306719 
637 303 29 45 0.05864693 
797 284 25 32 0.057831615 
829 245 11 13 0.057359606 
242 216 16 17 0.057311617 
355 240 14 17 0.05661266 
803 282 14 17 0.05654422 
786 253 8 11 0.05608606 
249 196 8 11 0.055731226 
350 197 13 15 0.055725623 
938 301 30 39 0.055714466 
780 235 11 13 0.053763825 
649 213 9 10 0.05348787 
1000 312 22 29 0.05301149 
969 204 10 14 0.052691 
911 260 14 16 0.052524403 
649 293 47 54 0.052408956 
145 250 28 36 0.051873684 
1012 211 10 14 0.051837593 
202 229 23 28 0.051557686 
734 230 11 14 0.051455308 
884 206 12 15 0.051012114 
753 213 9 11 0.05064863 
768 249 8 11 0.050528284 
60 118 61 110 0.050046228 
829 251 13 15 0.04895575 
897 213 10 13 0.04846052 
953 191 10 13 0.04763387 
464 195 11 15 0.047505602 
878 204 14 15 0.046594597 
271 236 16 19 0.04603608 
839 211 12 16 0.045897186 
1008 260 11 14 0.04566358 
977 270 24 26 0.04549651 
628 237 10 12 0.04547852 
906 267 16 18 0.045329727 
189 188 12 16 0.04452672 
823 231 11 13 0.04430493 
790 248 9 11 0.044185173 
343 235 15 20 0.044007722 
734 224 8 10 0.043708075 
813 254 11 16 0.043607615 
845 211 11 15 0.043238275 
481 215 9 11 0.04312411 
628 249 12 16 0.04301995 
839 246 10 13 0.042895775 
969 223 10 13 0.042720266 
574 213 10 12 0.042532213 
433 301 41 40 0.042037427 
647 197 8 10 0.041938048 
495 227 8 12 0.041855592 
962 340 46 66 0.04153948 
983 204 11 14 0.04107954 
653 222 9 12 0.040928423 
808 335 42 46 0.040815912 
515 226 13 18 0.040481392 
972 194 12 16 0.040432863 
1008 206 11 14 0.040076733 
736 203 10 13 0.039884385 
749 238 10 13 0.039348025 
979 174 13 14 0.038380127 
805 223 8 9 0.038135525 
97 353 53 60 0.037731968 
699 235 12 16 0.037482295 
917 264 28 33 0.036804035 
369 198 8 11 0.03665734 
856 220 12 15 0.03652739 
647 192 8 10 0.03626514 
728 318 49 51 0.035809625 
633 213 10 13 0.0353062 
961 268 12 16 0.034886356 
596 237 21 27 0.034844548 
692 241 15 16 0.034644444 
945 198 9 13 0.034572847 
494 217 8 11 0.034498453 
836 250 11 15 0.034208015 
572 220 9 11 0.034163732 
759 267 13 15 0.03409774 
790 260 10 14 0.034011316 
750 244 10 12 0.033870794 
487 205 8 10 0.033647586 
996 261 14 16 0.033254035 
902 189 9 13 0.033226937 
410 173 8 10 0.033166066 
956 200 12 15 0.033073388 
967 249 14 18 0.03259812 
806 229 8 11 0.032493025 
357 198 11 14 0.032359682 
438 229 9 14 0.032176066 
833 204 11 13 0.032032993 
571 348 34 43 0.031992693 
586 286 25 30 0.03198255 
373 198 9 11 0.03189061 
283 251 12 18 0.031692456 
837 199 12 12 0.031520378 
480 199 9 11 0.031443115 
897 181 10 11 0.0313061 
418 299 39 48 0.03127763 
125 190 27 32 0.031138249 
294 251 11 17 0.031081032 
653 215 9 11 0.03082131 
315 309 55 73 0.030794794 
740 204 11 13 0.030725555 
975 210 12 14 0.030400677 
927 263 18 19 0.030295696 
282 204 9 11 0.030295162 
349 216 12 12 0.030292146 
1012 185 10 15 0.03025519 
199 187 28 30 0.030120656 
480 205 9 11 0.030081412 
627 218 11 14 0.030039601 
808 252 10 14 0.029948942 
850 242 14 17 0.02945331 
838 273 36 46 0.029450214 
687 241 11 14 0.029291736 
1007 266 15 21 0.02928828 
298 338 58 87 0.028944718 
647 271 38 49 0.02891775 
850 273 15 21 0.028909141 
646 236 11 15 0.028596258 
679 188 13 16 0.028571032 
360 211 9 12 0.028436713 
237 174 10 13 0.028384393 
700 243 12 13 0.02824078 
999 191 10 13 0.028188538 
520 189 26 30 0.02809814 
788 288 24 33 0.02809031 
759 247 9 11 0.027814507 
831 273 26 33 0.027787197 
933 205 9 12 0.027725944 
957 276 13 17 0.027429637 
773 267 11 13 0.0273473 
615 245 12 16 0.027326217 
931 277 19 22 0.027266344 
628 257 38 42 0.027183114 
912 182 9 12 0.027157905 
750 230 10 12 0.027051488 
814 210 8 9 0.026956439 
614 182 9 12 0.026903022 
710 227 11 14 0.026874892 
651 227 12 15 0.026667984 
897 190 10 12 0.02646144 
126 358 37 53 0.02638857 
967 257 22 27 0.026258672 
853 211 11 14 0.026169432 
664 249 15 18 0.026156737 
288 247 24 30 0.025985608 
593 294 40 44 0.025976643 
768 205 9 10 0.025881728 
927 210 10 15 0.025860805 
723 236 13 16 0.02582302 
341 194 14 18 0.025695032 
829 329 32 39 0.025693305 
436 203 10 13 0.025596261 
902 207 10 13 0.025451237 
773 253 10 12 0.025265545 
598 220 41 50 0.025217935 
273 221 11 13 0.025203785 
512 224 11 15 0.025189858 
504 216 8 11 0.025065262 
243 237 24 33 0.024973445 
798 287 40 45 0.024965916 
449 192 9 13 0.024903962 
494 245 11 16 0.024833672 
758 208 10 12 0.024813768 
450 214 13 15 0.024573052 
203 200 16 18 0.024380058 
903 196 9 12 0.024215497 
842 285 16 22 0.024205921 
196 231 16 23 0.02419953 
452 323 47 64 0.02408513 
800 254 9 11 0.024068031 
824 250 12 17 0.024019169 
977 186 21 28 0.024010481 
248 236 16 20 0.023973731 
600 208 24 29 0.023841098 
834 212 11 14 0.023837304 
678 251 13 17 0.023727681 
310 210 11 15 0.023696147 
678 245 11 14 0.02356111 
726 192 9 11 0.023360396 
877 192 9 10 0.023322415 
819 277 40 47 0.023273407 
276 227 12 16 0.023242468 
596 211 14 19 0.023237832 
855 289 25 32 0.023098323 
717 240 19 25 0.022908667 
709 233 10 13 0.022863582 
957 266 21 26 0.022861619 
375 204 11 13 0.022802541 
936 199 8 12 0.022764407 
431 229 12 15 0.022751043 
524 229 12 16 0.02264621 
917 228 14 18 0.022637278 
627 342 48 55 0.022540024 
918 181 10 13 0.022475358 
539 322 47 60 0.022391742 
178 206 15 16 0.02230812 
171 215 33 40 0.022230677 
704 213 8 11 0.02220124 
680 179 12 14 0.022161735 
253 192 9 12 0.022140967 
791 239 10 11 0.02213712 
281 198 10 13 0.022127854 
876 198 12 14 0.022110377 
669 221 12 15 0.022070795 
207 223 14 15 0.022070147 
776 231 11 14 0.02205346 
935 190 8 11 0.021933453 
90 249 15 19 0.02184693 
624 257 13 17 0.021841848 
270 194 11 13 0.021706885 
996 196 14 17 0.021682898 
901 176 9 11 0.021625377 
356 247 15 19 0.021610612 
515 275 20 32 0.021596434 
801 206 8 8 0.021591093 
925 281 16 22 0.021545086 
720 193 9 12 0.02150772 
424 190 8 11 0.021488989 
709 244 38 42 0.021462794 
630 181 8 10 0.021400232 
554 199 9 13 0.021295013 
187 219 13 17 0.021294829 
766 264 12 15 0.021223694 
301 216 13 16 0.021177892 
759 254 9 11 0.02112253 
870 191 10 11 0.021111915 
629 231 10 12 0.021076908 
669 203 9 12 0.021075819 
981 193 13 17 0.02095337 
807 246 10 13 0.02094142 
616 220 12 15 0.02089439 
193 223 39 52 0.020813074 
286 191 9 12 0.020769645 
747 165 12 14 0.02073153 
808 209 8 9 0.020724844 
538 188 15 18 0.02067341 
245 226 15 18 0.020665715 
686 431 105 137 0.020639783 
396 183 11 12 0.020614456 
633 207 10 12 0.020603405 
985 259 23 28 0.020534683 
946 203 10 14 0.02049416 
638 240 11 14 0.020462422 
624 183 9 10 0.020401511 
729 229 10 13 0.020303631 
917 210 11 15 0.020255404 
795 260 11 14 0.020161908 
439 189 8 10 0.020037187 
293 199 11 14 0.020021884 
