2_Demonstration_Demonstrators_2_689
30
351 332 78 77 0.99315006 
124 312 38 53 0.97808915 
182 261 35 55 0.9675162 
147 234 16 23 0.9617819 
0 246 19 24 0.95754766 
294 248 36 47 0.93306977 
216 212 18 21 0.9053228 
255 227 21 26 0.8561331 
178 229 15 19 0.7143686 
350 195 16 19 0.6907017 
50 258 17 23 0.62276405 
86 234 17 22 0.6047942 
314 208 21 26 0.38365144 
37 235 15 18 0.2888654 
37 204 18 21 0.14451347 
36 298 27 31 0.13609412 
8 380 71 79 0.08055689 
40 224 18 22 0.04500967 
312 252 32 40 0.041862726 
327 254 27 34 0.038286965 
348 199 21 27 0.03692261 
319 220 26 36 0.034946874 
47 296 18 24 0.030668825 
172 233 19 24 0.029466478 
316 200 17 20 0.028456863 
932 212 35 67 0.0272846 
80 232 15 23 0.027273467 
0 288 13 27 0.02402785 
36 213 18 23 0.020746946 
877 210 29 59 0.020367363 
