2_Demonstration_Protesters_2_46
94
80 59 58 73 0.9980045 
957 123 64 84 0.9966557 
270 20 60 67 0.9965802 
737 445 98 127 0.996082 
334 78 69 91 0.9957242 
261 152 67 99 0.99440706 
922 52 61 73 0.99404705 
498 158 69 96 0.9937868 
824 70 78 91 0.9933389 
478 558 92 151 0.9929128 
126 114 64 92 0.989523 
434 515 81 133 0.98681074 
933 219 70 100 0.9863181 
758 50 59 75 0.98151267 
614 100 62 88 0.9804052 
576 568 96 146 0.9795125 
646 277 75 120 0.97894865 
236 87 58 87 0.96790946 
394 122 51 74 0.96456003 
786 610 87 118 0.961767 
42 32 46 62 0.9437618 
724 204 56 77 0.93913656 
549 34 71 89 0.9338359 
613 616 114 120 0.9320314 
372 350 113 105 0.9317695 
754 132 70 79 0.93013835 
53 248 73 111 0.8892659 
195 24 49 61 0.76645076 
931 594 87 138 0.6247947 
821 28 49 56 0.584168 
134 0 32 44 0.5790351 
953 532 71 139 0.57177 
364 355 67 82 0.459649 
368 114 56 75 0.29436484 
234 527 133 188 0.24912162 
578 68 53 74 0.24694854 
681 29 30 37 0.2420155 
909 101 64 81 0.22869167 
474 149 60 77 0.20111845 
242 476 86 115 0.18301013 
534 57 64 79 0.12612678 
0 104 25 67 0.109495714 
348 0 48 47 0.09616307 
652 40 29 36 0.09435226 
-1 34 25 52 0.082553744 
788 47 57 78 0.0789237 
570 38 45 56 0.07545826 
746 197 58 72 0.073430665 
915 15 54 62 0.07255891 
670 33 49 54 0.06904579 
-2 446 63 121 0.066558704 
52 34 68 89 0.0629489 
11 255 59 81 0.060306583 
949 172 62 84 0.06009041 
268 87 60 75 0.058230273 
77 584 26 30 0.0487907 
218 50 57 79 0.046505563 
324 500 135 213 0.04431466 
250 24 50 65 0.043966267 
731 160 66 76 0.042767607 
447 15 57 72 0.042347122 
494 17 21 39 0.042062357 
103 80 53 70 0.03936855 
646 0 26 33 0.03923811 
444 132 51 73 0.038747422 
722 154 49 61 0.03831807 
-1 3 47 69 0.03736147 
646 44 47 51 0.037157115 
564 602 64 105 0.036662072 
727 25 31 41 0.036350783 
96 252 60 85 0.035883173 
781 121 57 73 0.035575528 
412 110 61 83 0.034453753 
990 455 33 65 0.03412503 
145 3 50 63 0.032651983 
763 141 44 46 0.03246075 
249 51 55 75 0.030490339 
721 212 32 55 0.030084345 
301 88 57 80 0.028512344 
333 2 43 33 0.028231407 
329 43 50 68 0.027418483 
734 25 44 59 0.027358504 
552 20 35 46 0.027277287 
537 308 46 66 0.025822587 
712 168 46 67 0.024913367 
949 665 70 79 0.024873096 
706 26 43 52 0.02464625 
746 77 51 60 0.023241475 
1 431 38 79 0.023240263 
556 36 38 45 0.023225246 
809 40 76 92 0.022409499 
15 433 33 38 0.02055459 
317 22 49 64 0.020375555 
467 150 42 56 0.020211624 
