2_Demonstration_Protesters_2_213
73
959 587 56 75 0.99842876 
592 549 64 79 0.9977397 
366 310 71 93 0.9956405 
754 541 36 50 0.9881996 
525 470 22 27 0.9874479 
845 705 66 65 0.95578 
494 476 14 22 0.79677 
20 403 12 14 0.76208484 
48 399 12 14 0.71146154 
5 468 19 28 0.5800737 
67 392 10 11 0.5621874 
68 420 17 19 0.5492054 
230 280 65 83 0.5125563 
23 419 13 14 0.50611526 
0 421 10 17 0.48527333 
98 399 9 12 0.3232221 
773 610 41 53 0.27290544 
0 397 8 13 0.19312128 
117 459 23 26 0.1852671 
101 404 10 13 0.15252304 
948 379 12 14 0.14816761 
27 415 13 16 0.13919634 
0 430 11 23 0.11445505 
727 498 22 27 0.084866 
13 421 13 18 0.07306513 
666 63 23 27 0.072484836 
119 453 15 18 0.060295783 
2 424 15 21 0.05347417 
126 425 32 34 0.048654057 
66 468 24 25 0.045427483 
27 405 13 15 0.044160213 
102 408 11 16 0.042622082 
73 414 16 21 0.040456645 
15 391 10 13 0.03996762 
912 647 21 31 0.039513238 
969 384 18 19 0.039115876 
38 418 13 18 0.03629605 
97 393 9 12 0.035581622 
20 424 13 17 0.03533483 
24 519 31 33 0.035334293 
30 438 10 13 0.034883924 
4 413 14 17 0.033959247 
890 376 8 10 0.033186514 
107 405 10 13 0.032675903 
23 389 11 14 0.032319903 
590 82 31 43 0.032089997 
89 399 8 11 0.030400267 
53 571 26 30 0.02886628 
14 412 11 15 0.028501965 
24 383 9 12 0.027102834 
643 177 17 17 0.027006038 
757 625 45 54 0.026731407 
957 386 12 16 0.026554786 
22 433 12 17 0.026336761 
636 45 14 18 0.02630318 
28 389 10 12 0.026299797 
4 405 11 14 0.026070032 
855 391 8 9 0.025627866 
133 430 14 13 0.025572449 
8 390 9 11 0.025197411 
46 392 13 16 0.024876174 
50 455 16 20 0.02451978 
640 49 22 26 0.02349271 
568 120 12 14 0.022873683 
69 403 13 16 0.022771297 
651 55 27 30 0.022575835 
672 29 28 34 0.022385022 
42 443 16 20 0.021912929 
261 274 50 75 0.021595359 
96 395 21 25 0.02155567 
552 118 37 37 0.020811854 
577 94 29 32 0.02024805 
724 483 27 34 0.020112775 
