2_Demonstration_Political_Rally_2_746
166
585 368 64 76 0.9997639 
584 92 70 80 0.99972516 
852 2257 58 76 0.9992461 
593 2299 28 36 0.996469 
511 354 63 81 0.99636626 
165 2373 92 106 0.9957151 
56 2334 42 57 0.99556136 
356 2328 87 96 0.99133766 
645 2286 28 36 0.9903993 
781 1351 69 94 0.9889631 
753 2324 31 36 0.98700714 
128 2304 40 46 0.98536474 
201 2254 39 56 0.98377985 
721 1373 34 50 0.9750587 
965 117 40 55 0.971891 
279 209 17 20 0.9358001 
305 2279 27 33 0.8938077 
334 192 16 20 0.8745777 
270 196 11 15 0.814418 
253 196 12 15 0.43238133 
50 204 17 24 0.42396435 
863 141 12 16 0.3992895 
280 1333 23 36 0.389662 
491 1346 12 16 0.34706596 
445 1317 8 11 0.32853615 
833 190 10 15 0.32192776 
352 215 13 16 0.26023602 
287 1326 37 54 0.21204256 
321 226 16 20 0.20834608 
406 1339 10 14 0.2060202 
264 196 11 15 0.19582158 
457 1364 11 13 0.18047631 
430 1341 8 12 0.17314066 
661 1356 12 19 0.1552944 
364 2260 12 15 0.14384596 
700 1357 9 11 0.11945741 
215 200 11 13 0.11803605 
45 197 15 24 0.107206054 
647 1351 23 34 0.09593306 
756 214 10 13 0.08402676 
181 1313 8 10 0.08001963 
915 638 23 27 0.07728613 
412 1341 11 14 0.07482977 
241 196 12 14 0.07122272 
32 255 43 72 0.06814038 
835 216 11 16 0.064083114 
464 1333 8 10 0.06395793 
676 1397 22 35 0.06318128 
703 1352 7 10 0.06279216 
246 199 15 18 0.060270708 
721 1352 7 9 0.059303723 
360 1326 29 45 0.059182994 
296 213 10 15 0.057455145 
482 1318 13 15 0.057032023 
129 2391 57 74 0.054939333 
304 234 13 18 0.054878075 
633 1341 29 51 0.054468688 
460 1360 12 14 0.054358244 
342 2262 11 13 0.053774163 
141 212 10 14 0.053190403 
401 1339 8 14 0.052213438 
686 1340 7 9 0.051941916 
627 2308 15 19 0.051361017 
395 1334 38 52 0.05107684 
502 1326 10 13 0.049344216 
405 1326 7 10 0.04853047 
175 1331 12 15 0.046566878 
455 1409 26 33 0.04582418 
272 1295 10 13 0.04537912 
640 1327 28 42 0.045370914 
733 197 12 15 0.0449824 
408 1320 8 10 0.04333718 
391 1340 10 15 0.04252386 
289 168 10 13 0.04189937 
298 215 14 18 0.041018054 
348 2261 9 11 0.040587097 
205 213 12 15 0.03996095 
133 194 10 14 0.039605767 
2 311 33 48 0.03922992 
407 1345 10 13 0.038654722 
423 1335 11 13 0.037798688 
44 209 16 28 0.037775833 
290 1283 15 18 0.037407678 
705 1344 7 9 0.03725075 
117 1288 14 19 0.03720305 
180 1339 16 16 0.03713568 
246 192 13 16 0.03653325 
636 1316 23 32 0.036226314 
729 1350 7 10 0.036081854 
3 522 90 178 0.035817146 
403 1367 15 23 0.035418604 
678 1376 9 12 0.035132676 
207 1299 10 13 0.034974895 
473 1325 7 10 0.034228407 
460 1366 14 19 0.03416894 
121 253 9 13 0.03407824 
179 197 13 16 0.033901226 
415 1319 8 11 0.03338126 
415 1335 12 14 0.032945253 
880 245 13 16 0.0327223 
530 2312 13 19 0.032025885 
619 1455 29 42 0.031210488 
216 190 11 13 0.031080004 
476 2312 13 19 0.030813465 
371 1321 37 61 0.030330535 
175 160 9 12 0.030140944 
276 1296 12 17 0.029836845 
418 1325 9 11 0.029279105 
682 1338 7 9 0.028595898 
336 2263 24 37 0.028593542 
291 1328 17 30 0.028433453 
437 1341 9 12 0.028303746 
476 1342 10 13 0.0282628 
160 1303 8 11 0.028116249 
505 1359 25 36 0.02777681 
787 226 18 21 0.027607702 
213 1349 15 17 0.027028074 
873 187 16 16 0.026023459 
665 1358 14 19 0.025871657 
699 1353 8 10 0.025753057 
639 1362 27 38 0.025725847 
736 1345 7 9 0.025305143 
264 1301 9 12 0.02517127 
453 1410 15 21 0.025116129 
302 2279 17 27 0.024976201 
668 404 44 55 0.024873754 
354 220 16 21 0.024366746 
886 125 10 13 0.024243986 
457 1287 12 13 0.02420732 
213 1354 21 24 0.024153534 
479 2303 25 35 0.023854379 
360 2265 9 14 0.02357543 
751 216 12 16 0.023539642 
397 1349 8 12 0.02339898 
110 1290 14 17 0.023219971 
216 1318 12 15 0.023132779 
761 1361 49 76 0.023091868 
208 206 11 14 0.02306883 
403 1336 19 26 0.02299175 
497 1347 13 17 0.022626564 
179 1346 20 18 0.022586284 
422 1346 12 13 0.022578875 
206 189 9 11 0.022536937 
371 1335 16 26 0.022507848 
159 1308 8 10 0.022454636 
219 201 12 15 0.022074245 
571 1367 31 53 0.02197515 
0 330 23 38 0.021923294 
424 1320 8 10 0.021835418 
137 237 9 11 0.021820413 
264 1199 8 10 0.021784479 
342 2291 13 20 0.021678919 
687 1373 10 11 0.021561192 
110 1284 25 29 0.021515954 
447 1322 8 12 0.021512141 
346 1338 40 50 0.021080198 
431 1319 7 10 0.021012358 
520 1334 11 14 0.020920131 
429 1346 10 13 0.020808017 
729 1345 7 8 0.020638095 
398 1356 11 16 0.020601397 
468 1334 9 11 0.020473592 
505 1373 16 22 0.020323707 
442 1314 8 10 0.02031308 
735 1350 7 9 0.020288186 
468 1363 11 15 0.020228297 
