2_Demonstration_Demonstration_Or_Protest_2_114
28
120 295 87 130 0.99889284 
361 123 82 148 0.9965982 
585 280 74 99 0.99632156 
823 123 27 31 0.99102837 
767 374 43 59 0.98256344 
498 322 34 58 0.9766475 
741 292 24 27 0.402217 
906 127 24 28 0.32557163 
818 231 17 23 0.29005015 
493 646 18 21 0.2023638 
472 637 14 16 0.1806315 
769 355 17 19 0.12727232 
739 287 17 22 0.058840137 
940 136 25 31 0.053658776 
831 582 198 208 0.048347216 
765 350 28 31 0.04521308 
912 109 57 82 0.04451749 
748 333 11 14 0.042048372 
904 129 16 20 0.03639428 
910 111 11 12 0.029976925 
820 222 17 22 0.028413055 
466 670 8 10 0.027234279 
450 595 27 30 0.02508567 
914 235 27 31 0.02311488 
742 287 39 52 0.022924582 
915 115 13 15 0.021856686 
765 360 33 45 0.021623578 
791 262 11 12 0.020794204 
