2_Demonstration_Demonstration_Or_Protest_2_306
17
827 214 101 140 0.9993783 
666 213 63 84 0.9980883 
585 233 51 63 0.9709954 
160 159 132 180 0.92720854 
315 194 46 61 0.91124314 
362 175 64 87 0.89978075 
624 197 39 56 0.8521419 
745 257 39 64 0.40006348 
459 143 59 74 0.26191533 
604 210 43 55 0.16142192 
325 177 71 96 0.088565476 
381 168 101 114 0.05638564 
330 316 89 108 0.040178135 
451 176 60 66 0.034173675 
636 198 51 68 0.029781345 
451 206 48 44 0.023011737 
482 268 67 70 0.021301992 
