2_Demonstration_Demonstration_Or_Protest_2_173
231
846 290 54 70 0.9994172 
670 277 48 67 0.9978703 
169 315 44 57 0.99719477 
460 227 32 45 0.9971391 
774 188 31 46 0.99706465 
652 206 36 47 0.99651515 
867 210 42 54 0.9963527 
353 226 27 40 0.9962669 
273 277 34 47 0.9962022 
52 352 45 53 0.99561846 
109 247 37 54 0.99336904 
256 252 28 41 0.9902318 
829 164 22 30 0.9890961 
504 215 40 59 0.98746824 
205 239 22 29 0.98702407 
742 160 20 29 0.9859467 
363 294 37 57 0.9789464 
438 193 15 19 0.9785644 
547 169 13 16 0.97855693 
583 233 41 53 0.9772701 
673 153 18 26 0.97085446 
517 156 11 14 0.97024393 
175 225 20 27 0.9668133 
135 210 13 16 0.9586822 
492 163 12 14 0.9564586 
4 216 13 16 0.9508567 
0 301 24 53 0.9498693 
214 198 11 15 0.94894916 
641 167 17 26 0.94832265 
320 208 17 24 0.9454829 
288 195 14 19 0.9441598 
360 192 15 19 0.9421397 
576 187 16 21 0.927338 
250 224 18 20 0.8938344 
17 240 15 18 0.8865558 
400 181 10 14 0.87461305 
224 206 14 19 0.85929507 
451 209 22 28 0.85055023 
513 191 24 27 0.73022276 
737 20 16 21 0.7223731 
4 251 15 21 0.6974279 
101 220 15 18 0.66301775 
376 174 9 12 0.6135044 
117 202 11 13 0.6024622 
470 194 16 20 0.58025706 
387 197 14 17 0.53531563 
185 277 26 26 0.5104963 
5 139 12 14 0.5026853 
440 175 10 12 0.48000646 
881 147 12 15 0.44103906 
94 219 14 19 0.41173363 
255 99 15 16 0.40993685 
333 182 10 15 0.40601864 
46 213 9 12 0.35014898 
327 183 12 15 0.33130708 
157 193 9 11 0.3040121 
175 191 7 9 0.30048537 
41 215 8 11 0.2877715 
262 181 9 12 0.24740298 
64 222 10 12 0.22674732 
37 198 10 12 0.22357218 
892 178 23 26 0.20748295 
166 217 13 18 0.20006289 
413 190 12 14 0.19576903 
118 219 12 13 0.151373 
167 205 10 12 0.14504471 
170 199 9 11 0.13816683 
441 150 8 11 0.13391754 
69 221 9 12 0.12785588 
344 189 10 13 0.12598924 
69 205 9 11 0.123151965 
48 207 8 11 0.1207179 
302 201 14 18 0.1175027 
264 264 27 37 0.11671234 
34 88 16 24 0.10937473 
719 153 13 16 0.10800165 
663 147 10 15 0.10755413 
102 196 8 10 0.10528647 
967 123 11 13 0.10273999 
996 176 12 15 0.101760976 
413 180 12 15 0.09554034 
479 167 9 11 0.09322915 
407 175 11 15 0.091429934 
249 189 9 12 0.09069918 
374 195 14 19 0.09034377 
374 186 11 15 0.08761546 
1010 169 12 20 0.08546272 
419 194 12 16 0.08527535 
851 213 25 38 0.08418491 
710 142 9 12 0.08330334 
430 156 8 11 0.08066107 
31 215 10 12 0.07893814 
461 194 17 18 0.07782954 
586 158 10 13 0.07717923 
9 199 9 10 0.07593795 
39 219 9 11 0.07438511 
69 151 9 12 0.07410745 
909 140 9 12 0.07178593 
255 183 10 12 0.07123547 
319 147 10 13 0.07069976 
73 190 10 12 0.07061325 
394 197 11 15 0.07047915 
420 179 11 15 0.06818836 
566 167 9 12 0.06806449 
383 103 8 10 0.06655657 
180 206 11 12 0.06466546 
457 214 27 37 0.06315082 
127 199 9 12 0.06305913 
911 135 9 12 0.062854335 
348 190 11 14 0.061677855 
55 214 8 12 0.061174765 
344 174 9 12 0.060303263 
918 133 12 15 0.05988332 
377 196 20 25 0.05986444 
62 216 10 12 0.05950089 
110 216 11 13 0.058067895 
221 198 12 15 0.05666326 
172 220 17 21 0.05552637 
613 146 12 16 0.05515956 
479 171 11 14 0.055075616 
191 190 8 11 0.054998226 
172 214 13 16 0.054541018 
25 213 10 13 0.05441595 
432 173 9 11 0.05356753 
62 226 10 12 0.052735906 
40 204 9 12 0.052461315 
233 189 9 11 0.05243184 
920 150 10 12 0.05190357 
456 149 10 11 0.05032621 
0 189 8 12 0.049091533 
1 199 8 11 0.047931943 
321 182 11 14 0.047003742 
128 189 8 11 0.046923585 
175 205 10 13 0.046877712 
454 164 9 12 0.04686272 
250 184 10 12 0.04628327 
937 156 9 13 0.044834606 
13 198 9 11 0.043871243 
239 206 12 16 0.043638326 
33 219 10 12 0.043221936 
171 191 8 10 0.04285688 
113 128 8 10 0.042577088 
378 82 8 10 0.04061011 
485 181 12 14 0.040585294 
70 200 9 10 0.0396752 
98 197 9 10 0.039627425 
24 208 8 11 0.039508417 
448 159 9 11 0.039507724 
905 181 14 18 0.03947491 
1012 121 9 17 0.039375786 
406 183 12 17 0.038919643 
384 85 9 11 0.038641673 
621 61 9 13 0.03823994 
57 221 8 12 0.037761685 
377 87 8 9 0.037344046 
559 151 11 14 0.03724374 
558 164 11 14 0.036990274 
998 132 8 10 0.036019217 
341 180 9 13 0.035805505 
179 212 14 14 0.035014465 
269 92 11 16 0.034912772 
429 167 9 11 0.03483011 
711 133 10 12 0.033967275 
917 109 8 11 0.033959404 
8 191 9 10 0.03383631 
455 143 10 13 0.033500224 
426 153 8 10 0.03199648 
337 177 9 12 0.031840477 
233 184 8 11 0.03130502 
98 192 8 10 0.030678682 
423 174 9 13 0.030631514 
710 127 10 12 0.030448347 
79 215 8 11 0.030123789 
49 201 8 10 0.029755304 
251 84 17 20 0.0297079 
498 188 12 16 0.029657455 
238 189 9 11 0.02963352 
87 207 9 11 0.02960267 
490 102 10 13 0.02953532 
14 192 9 10 0.029451113 
369 174 9 11 0.029441629 
0 183 7 12 0.028992549 
608 146 12 16 0.028798599 
574 167 8 11 0.028663075 
619 148 12 15 0.028597273 
80 208 9 10 0.028536273 
655 148 10 13 0.028511232 
462 150 9 11 0.027642244 
394 181 10 13 0.02721035 
434 112 8 10 0.02718595 
621 156 15 18 0.026897058 
440 156 9 11 0.026891839 
248 195 9 12 0.02681734 
185 190 8 10 0.02648534 
391 192 11 14 0.026347814 
350 123 9 11 0.026209174 
77 220 10 13 0.026033025 
399 110 8 10 0.025983889 
112 67 10 11 0.02590709 
381 190 10 13 0.025693832 
520 172 11 13 0.02503759 
1015 142 8 15 0.0250091 
103 169 8 10 0.024762766 
408 166 9 10 0.024595749 
0 205 9 12 0.024035048 
89 218 13 18 0.023989351 
869 162 12 15 0.023968669 
463 143 9 11 0.023905972 
0 244 13 18 0.023884205 
703 20 13 16 0.02388212 
72 217 8 12 0.02369823 
669 149 15 22 0.023679895 
207 184 8 11 0.023655128 
446 149 7 10 0.023410426 
817 3 14 16 0.022875415 
451 195 21 23 0.022344977 
348 173 10 12 0.02234303 
270 196 11 16 0.02180804 
151 110 11 14 0.02174193 
303 174 12 16 0.021425502 
54 200 8 10 0.021408321 
255 231 18 21 0.021187086 
448 95 7 10 0.021034569 
119 191 9 11 0.020753164 
688 140 11 13 0.020726163 
325 174 10 13 0.02071141 
417 78 7 9 0.02053195 
311 140 9 12 0.020320227 
79 197 9 11 0.02019505 
377 170 9 10 0.020084735 
408 160 7 9 0.020083547 
