2_Demonstration_Demonstration_Or_Protest_2_395
53
873 346 54 74 0.99200696 
811 486 101 119 0.9246569 
751 342 48 79 0.6434187 
976 282 47 103 0.44824824 
956 252 41 58 0.4177346 
562 221 28 32 0.31625655 
834 323 31 36 0.21981299 
759 252 51 70 0.15582895 
805 264 47 60 0.114989266 
480 134 32 36 0.0955662 
322 160 52 56 0.07031573 
843 325 37 43 0.06769096 
832 326 18 26 0.067261636 
237 131 66 84 0.060093842 
791 460 189 174 0.053839736 
902 183 55 47 0.046627715 
890 233 35 44 0.04581198 
4 10 53 85 0.044396605 
212 0 32 22 0.038114958 
597 113 48 70 0.037731625 
296 83 200 259 0.035633747 
893 240 48 68 0.03542803 
859 232 14 19 0.03355326 
907 253 50 68 0.032214046 
935 259 44 61 0.032140482 
482 204 26 29 0.03164205 
940 238 75 100 0.03154855 
944 280 55 91 0.03101365 
856 321 43 60 0.029835267 
846 301 41 54 0.029124474 
489 120 29 43 0.02863879 
5 129 506 471 0.02755654 
832 278 32 39 0.027002718 
469 218 15 23 0.026998522 
545 138 29 35 0.02602984 
162 118 232 274 0.026021296 
1003 247 19 31 0.025595143 
848 260 47 67 0.025211953 
571 129 29 44 0.024842849 
898 230 16 19 0.024814969 
976 250 30 37 0.02344569 
879 256 48 69 0.02323251 
972 264 37 43 0.023062637 
218 93 26 30 0.02284872 
555 99 33 44 0.02279912 
375 649 54 36 0.02163639 
4 25 30 40 0.021052836 
128 3 58 72 0.020769406 
351 63 410 514 0.020765917 
456 131 44 50 0.020647088 
226 0 18 15 0.020465666 
969 253 19 27 0.020157153 
968 325 44 71 0.020008963 
