2_Demonstration_Demonstrators_2_425
440
578 386 26 34 0.9986493 
865 303 28 35 0.9969029 
787 304 38 46 0.99685425 
791 427 65 75 0.99635386 
636 393 32 44 0.99625707 
701 374 27 33 0.9961825 
562 462 44 60 0.9960211 
354 433 46 60 0.99433005 
225 425 35 49 0.9932192 
430 563 70 106 0.99053216 
16 475 39 50 0.98863935 
618 331 18 23 0.9877658 
699 312 19 25 0.9872701 
401 370 18 24 0.9867048 
527 329 15 22 0.98474795 
613 304 13 17 0.9806204 
657 305 18 22 0.9731092 
620 389 18 22 0.9667413 
642 306 12 15 0.959827 
93 380 12 14 0.95128953 
446 348 17 23 0.9507078 
47 431 20 28 0.9467851 
203 402 20 29 0.9325185 
111 380 13 18 0.92817235 
727 335 22 26 0.91838205 
515 316 11 13 0.91106695 
289 350 9 12 0.91102195 
400 349 11 14 0.89787614 
864 274 23 25 0.8942931 
793 270 23 24 0.89372593 
739 302 14 17 0.89094985 
486 371 18 22 0.871891 
172 397 13 16 0.81279355 
985 349 39 77 0.7950605 
253 370 13 17 0.79154915 
509 350 13 17 0.7891989 
155 421 15 22 0.78000695 
578 334 12 15 0.7306813 
467 409 24 29 0.7072554 
136 376 12 15 0.70624167 
361 342 9 12 0.7015957 
772 311 21 28 0.676055 
484 315 9 12 0.6001467 
707 277 12 16 0.5938316 
465 346 11 15 0.57907486 
279 418 21 34 0.5521872 
592 309 10 13 0.5473173 
47 400 13 19 0.5320733 
18 373 9 11 0.5112359 
201 388 11 16 0.5039318 
216 349 8 9 0.44623327 
191 353 9 11 0.44044027 
271 348 9 11 0.4258165 
280 370 10 13 0.42393383 
845 285 12 17 0.42020965 
266 333 8 10 0.4190689 
382 326 8 10 0.41650635 
156 349 10 12 0.40340316 
4 453 17 18 0.39843732 
453 322 11 13 0.39809746 
104 351 10 13 0.39411345 
458 409 21 33 0.38699684 
558 326 12 16 0.38045332 
393 334 10 13 0.37156636 
422 339 10 13 0.36344507 
133 350 8 11 0.31885028 
599 207 13 18 0.29364234 
431 327 10 12 0.28353158 
288 329 7 9 0.27373978 
82 357 9 12 0.26806316 
233 351 8 10 0.26066577 
487 295 9 10 0.2603537 
86 398 14 17 0.25845867 
145 363 10 12 0.25834793 
166 374 9 11 0.25325614 
233 367 11 14 0.24734868 
0 379 9 15 0.2442954 
317 353 9 11 0.23693274 
361 325 8 10 0.23689447 
502 288 7 9 0.23227128 
540 314 12 14 0.21863061 
256 345 8 10 0.21831527 
348 359 10 12 0.21163206 
852 280 21 26 0.21107945 
175 366 8 11 0.20337176 
631 299 9 12 0.1827916 
203 394 17 21 0.17885546 
398 343 11 14 0.17500477 
237 351 8 10 0.1727132 
457 289 7 10 0.17168824 
735 267 10 12 0.16947457 
131 434 17 21 0.16943905 
414 313 9 11 0.16941063 
199 334 7 10 0.16915284 
335 327 8 10 0.1686535 
143 360 9 11 0.16675867 
46 376 9 11 0.16601819 
658 330 18 23 0.16583818 
206 366 9 12 0.1650976 
377 365 10 13 0.15799361 
65 364 10 13 0.15723689 
189 396 10 12 0.15643194 
509 341 13 16 0.15584226 
7 380 10 13 0.15510558 
265 348 9 11 0.15116759 
230 357 8 10 0.15074235 
55 389 13 15 0.15050367 
126 422 13 17 0.14885153 
105 411 11 13 0.14882183 
448 318 9 12 0.14670685 
226 334 8 9 0.14123265 
180 421 11 14 0.13824093 
429 363 13 16 0.13691957 
416 339 11 14 0.13339593 
320 335 8 11 0.13184229 
958 359 39 50 0.12705795 
99 380 12 15 0.12061574 
375 342 8 11 0.11923968 
508 331 13 17 0.11825356 
91 399 15 18 0.11776264 
695 293 11 11 0.111806765 
186 483 30 36 0.10965765 
410 313 9 10 0.1070687 
160 337 8 9 0.10696397 
159 343 8 11 0.10692992 
710 300 12 14 0.10513846 
167 367 9 12 0.104967296 
939 262 14 18 0.10248437 
6 452 26 27 0.101682484 
334 365 8 12 0.09988251 
55 368 9 12 0.09821128 
215 366 9 11 0.09689123 
174 344 8 10 0.09635188 
312 334 8 11 0.09557584 
576 295 9 10 0.09308292 
834 261 9 12 0.09300793 
560 290 7 8 0.091326885 
648 289 8 9 0.091267824 
821 259 9 13 0.0911498 
557 319 10 12 0.09048391 
83 453 20 29 0.08924861 
329 364 9 11 0.088943094 
165 380 9 13 0.08555165 
224 350 7 9 0.08506679 
731 280 11 12 0.08360033 
608 286 8 10 0.083016545 
329 328 8 10 0.08187469 
392 327 9 11 0.08148024 
640 293 8 11 0.08059441 
422 318 9 12 0.07971398 
179 397 11 15 0.07872538 
191 362 11 14 0.07642096 
492 346 12 15 0.07612503 
553 311 8 11 0.07582215 
171 349 8 10 0.07563969 
365 325 8 10 0.0748851 
207 370 10 14 0.07394982 
806 256 10 12 0.07375567 
170 344 7 10 0.072974674 
335 332 8 10 0.07284917 
187 428 12 16 0.07264069 
128 367 9 11 0.07205035 
373 389 11 15 0.07171744 
246 329 7 9 0.071523435 
21 401 14 17 0.07110609 
211 350 8 9 0.07090046 
77 366 9 11 0.07048463 
77 374 10 12 0.069322966 
226 329 7 9 0.06847155 
291 371 11 14 0.06750687 
327 333 8 11 0.067455925 
488 299 9 11 0.06580668 
166 388 12 18 0.0651303 
248 333 7 9 0.062860996 
591 331 12 16 0.062479004 
408 288 8 10 0.062418617 
182 336 8 8 0.0621311 
70 372 11 13 0.06190478 
642 289 7 9 0.061765637 
446 301 8 10 0.06138752 
576 328 11 15 0.06131622 
251 344 8 10 0.061306547 
440 312 9 10 0.06113276 
12 380 11 13 0.06111236 
598 280 8 10 0.060955714 
346 388 15 20 0.060433183 
218 122 16 20 0.060391992 
275 412 16 27 0.060371827 
423 324 10 12 0.059844635 
656 293 9 11 0.05937282 
720 248 9 11 0.05914625 
660 294 10 11 0.056825377 
447 313 8 11 0.055844873 
43 418 17 22 0.055260994 
534 302 9 10 0.054944433 
911 279 9 11 0.05427005 
345 320 7 9 0.054197066 
200 371 10 14 0.05395921 
511 303 8 10 0.05306603 
672 288 8 10 0.05267545 
671 270 8 10 0.052501768 
93 367 10 11 0.052476604 
138 356 8 12 0.051568497 
344 362 11 13 0.051363047 
326 349 9 11 0.05026697 
97 357 9 11 0.04959891 
89 375 10 13 0.04934222 
126 371 10 14 0.04908551 
175 360 8 11 0.04903369 
494 313 9 11 0.04897348 
319 339 9 12 0.04881206 
212 371 10 13 0.048526354 
283 334 8 9 0.04842405 
255 389 10 14 0.046592094 
814 273 13 18 0.046242543 
581 295 9 11 0.046209656 
552 303 8 10 0.045892835 
238 358 10 11 0.045421004 
312 340 9 11 0.045285303 
296 335 8 10 0.04469011 
441 296 8 9 0.044492297 
336 344 8 10 0.044489443 
472 302 7 9 0.044458628 
488 334 10 14 0.04422726 
311 329 7 9 0.04408164 
610 280 8 10 0.043936033 
248 319 8 10 0.043914717 
347 398 23 28 0.04389092 
129 345 9 11 0.043174565 
823 241 12 16 0.043010436 
306 332 8 10 0.043009866 
260 375 13 16 0.042951435 
269 330 8 9 0.042923395 
520 302 8 9 0.042658824 
936 307 22 32 0.042531203 
367 320 7 9 0.042492326 
269 373 11 14 0.042474944 
283 329 7 9 0.042448558 
328 342 8 11 0.042380303 
374 348 9 11 0.042267904 
832 268 8 10 0.04224374 
527 309 8 11 0.042239014 
342 335 8 9 0.04220679 
772 264 10 13 0.041699253 
847 253 8 10 0.041630384 
469 319 9 11 0.041625023 
848 249 8 9 0.041446265 
407 292 8 11 0.041409466 
187 357 9 11 0.041206952 
374 336 9 11 0.041154522 
274 368 10 12 0.04102215 
615 294 10 12 0.04102001 
441 301 8 10 0.041012727 
486 289 8 10 0.04100473 
570 257 8 10 0.040810313 
586 309 10 13 0.04072143 
26 398 15 16 0.040442865 
584 422 23 26 0.04040478 
537 311 10 12 0.040272783 
111 355 8 11 0.0401658 
426 336 13 17 0.04013269 
210 345 7 9 0.04003946 
283 368 11 13 0.039964225 
430 321 9 11 0.039748166 
159 356 9 12 0.03961119 
529 303 8 10 0.03938626 
232 345 8 10 0.039372537 
520 297 8 9 0.03936657 
470 297 8 10 0.039302982 
16 396 12 17 0.038467728 
173 372 10 11 0.03840432 
686 264 9 11 0.038298238 
422 348 11 13 0.038022343 
464 296 7 9 0.037881028 
799 10 85 125 0.0377966 
162 365 9 11 0.037779503 
554 295 8 9 0.037383035 
614 279 7 10 0.036628976 
553 316 9 12 0.03658685 
742 263 9 11 0.036258977 
600 285 8 10 0.036254145 
606 294 9 11 0.035834473 
206 360 8 10 0.035555106 
397 320 8 10 0.03538374 
43 375 8 11 0.035376124 
266 420 26 36 0.035298143 
711 262 9 10 0.0352894 
536 296 7 9 0.035124436 
670 294 10 12 0.035115965 
293 385 13 18 0.035007488 
700 293 11 13 0.034881555 
348 379 13 19 0.03486866 
64 371 11 14 0.034516945 
294 343 8 11 0.034516055 
22 390 11 14 0.034438547 
368 348 9 11 0.03440707 
236 378 13 16 0.033855733 
624 294 9 12 0.033616405 
366 360 10 12 0.033527665 
729 262 10 13 0.033248223 
183 365 9 11 0.033214755 
335 361 8 10 0.033155352 
127 421 21 26 0.03292425 
465 301 8 10 0.032914683 
788 3 14 16 0.032780554 
70 349 9 11 0.03274726 
353 320 7 9 0.032734815 
179 460 16 17 0.03271886 
342 327 7 9 0.032561988 
311 414 22 31 0.032151543 
107 442 16 18 0.03212533 
706 308 15 21 0.03205058 
190 343 8 10 0.031991974 
226 358 9 11 0.031929534 
513 313 9 12 0.031912055 
237 390 13 15 0.031766854 
256 319 8 10 0.031585407 
343 350 10 12 0.03153159 
230 375 14 17 0.031493913 
288 426 19 27 0.03149045 
113 24 245 262 0.031237043 
222 364 9 12 0.031208124 
279 349 8 11 0.031193975 
375 285 8 10 0.030598372 
254 395 12 16 0.030506495 
552 328 13 18 0.030498167 
256 362 9 12 0.030065248 
202 0 14 12 0.029966777 
104 385 11 16 0.029959142 
368 336 9 10 0.029805204 
740 267 9 12 0.02969896 
565 420 17 20 0.029514913 
724 252 9 11 0.029509915 
84 353 9 12 0.029375475 
421 311 9 11 0.029318284 
830 255 11 14 0.029313235 
510 325 11 15 0.028882984 
178 335 8 9 0.028334383 
417 324 9 12 0.028314685 
159 389 10 14 0.028303739 
441 317 9 11 0.028226975 
743 256 8 10 0.02795797 
597 304 10 12 0.027777486 
61 384 10 12 0.027667547 
747 301 12 16 0.027604764 
655 289 8 10 0.027602127 
38 420 14 19 0.027589895 
136 428 18 23 0.027510785 
563 327 12 18 0.027265422 
168 360 8 10 0.027246952 
627 387 21 27 0.027213441 
396 326 9 11 0.02717259 
354 325 8 10 0.027135387 
184 342 8 10 0.027044848 
462 324 10 13 0.026955046 
377 321 8 9 0.026929786 
173 483 25 29 0.026912315 
529 295 7 10 0.026901841 
68 360 10 12 0.026625182 
342 381 13 18 0.02661286 
199 358 8 11 0.026539935 
769 266 10 13 0.02637479 
823 270 9 12 0.026206788 
736 256 10 11 0.026001265 
782 270 12 15 0.025910439 
479 332 10 14 0.025906498 
183 381 11 13 0.025859317 
248 365 10 15 0.02582818 
387 641 27 41 0.025793105 
504 311 7 10 0.025768662 
517 339 12 16 0.025732834 
115 375 13 16 0.025596725 
366 312 8 9 0.025278494 
568 289 8 9 0.025181416 
343 343 8 10 0.024978828 
199 329 8 10 0.024900807 
0 418 10 16 0.024711322 
195 335 7 9 0.024638567 
821 276 10 14 0.024635479 
927 276 12 18 0.024628934 
133 365 10 12 0.024533048 
529 287 7 9 0.024508812 
170 413 20 26 0.024298707 
383 341 9 13 0.024231277 
647 272 8 9 0.02422959 
660 205 10 13 0.024173684 
404 343 11 14 0.024102218 
92 407 14 17 0.024084099 
180 391 12 15 0.024065511 
482 288 7 9 0.024055524 
668 299 13 18 0.023925968 
99 395 12 17 0.023744592 
614 286 8 10 0.023741273 
54 309 10 14 0.023661872 
470 324 10 13 0.023654573 
576 289 8 9 0.023592893 
196 437 13 14 0.0234448 
360 365 10 13 0.02326181 
684 211 13 17 0.023187399 
855 268 11 14 0.023046551 
496 279 7 8 0.02300915 
768 306 16 20 0.0229761 
415 349 12 14 0.022917556 
280 344 8 11 0.022911696 
816 255 11 15 0.022770593 
576 300 9 11 0.022756549 
360 337 9 12 0.022638356 
463 312 8 10 0.02262013 
943 305 29 37 0.022560153 
315 411 15 20 0.022516325 
256 426 26 34 0.022148138 
838 277 11 15 0.022038689 
430 499 31 39 0.021989625 
631 281 9 10 0.021983387 
726 301 12 15 0.021849083 
246 350 8 10 0.021749334 
494 302 8 10 0.021581285 
296 320 8 9 0.02155706 
407 335 11 15 0.021461297 
299 392 15 18 0.021449402 
872 282 19 24 0.021369284 
127 357 8 11 0.021351907 
123 382 11 14 0.021279713 
188 381 11 14 0.021259315 
121 351 8 10 0.021218678 
322 328 7 9 0.021197084 
348 372 13 17 0.021117266 
666 272 8 9 0.020932164 
120 359 8 10 0.020870835 
154 344 8 10 0.020851783 
225 345 7 10 0.020846823 
101 375 10 14 0.020775301 
119 366 10 12 0.020751826 
495 294 8 11 0.020709703 
28 411 13 16 0.020690601 
353 335 7 9 0.02060647 
801 251 11 14 0.020276483 
351 352 8 11 0.020179488 
602 296 9 10 0.020132687 
800 246 10 12 0.020044522 
