2_Demonstration_Protesters_2_646
51
343 245 110 143 0.998548 
653 216 74 95 0.9963039 
334 184 22 30 0.9927468 
591 178 23 30 0.9913605 
223 192 53 68 0.990776 
470 212 80 102 0.98822474 
451 164 52 69 0.98556745 
980 222 41 52 0.978695 
390 177 20 26 0.92173874 
283 171 16 21 0.87614214 
568 218 38 52 0.6656128 
809 345 69 86 0.5095936 
120 170 35 42 0.5031082 
46 84 34 49 0.39971343 
89 194 28 35 0.3991522 
189 186 17 21 0.39749467 
2 214 59 94 0.31138933 
744 195 17 20 0.2472207 
155 127 41 49 0.22841318 
374 183 14 18 0.21144177 
290 173 15 18 0.18174507 
90 178 26 33 0.13276759 
459 182 76 95 0.108811505 
539 204 46 65 0.08855102 
273 167 23 29 0.0656876 
5 184 29 41 0.059180707 
0 194 47 77 0.043020274 
110 184 32 42 0.041519135 
743 195 28 34 0.04118432 
72 184 41 48 0.039456107 
543 195 25 30 0.035447575 
317 367 23 27 0.034365147 
380 180 19 26 0.033261236 
0 64 32 50 0.031740878 
517 126 26 31 0.03147129 
173 289 43 50 0.031175593 
416 142 11 14 0.030465199 
183 166 28 36 0.028454939 
481 182 39 45 0.02792288 
85 190 20 25 0.027674291 
185 308 28 32 0.024958443 
580 205 43 65 0.023826614 
506 112 41 54 0.021846566 
359 194 13 18 0.021844823 
402 228 95 122 0.021733603 
413 179 14 18 0.021273637 
10 167 45 59 0.021124762 
116 182 19 23 0.020701453 
128 184 36 43 0.02066074 
2 233 40 53 0.020116638 
212 366 22 26 0.020093456 
