2_Demonstration_Protesters_2_293
128
291 434 55 72 0.9992519 
455 435 52 76 0.99860257 
864 458 74 89 0.99769175 
221 525 85 108 0.9960377 
90 345 42 64 0.9954093 
797 453 57 77 0.9946637 
542 461 68 93 0.99443287 
165 375 40 56 0.98975706 
352 362 34 51 0.98905087 
479 366 41 49 0.98881394 
409 337 33 43 0.9846132 
408 470 45 86 0.9788301 
605 386 33 50 0.96808183 
829 588 80 102 0.9602041 
564 411 51 66 0.9564827 
674 356 31 43 0.9419748 
731 524 44 82 0.92176783 
46 331 29 42 0.89939463 
553 358 28 31 0.8380091 
57 309 30 38 0.6638211 
747 419 58 64 0.65390116 
837 416 38 37 0.6127727 
255 465 35 47 0.5018505 
584 330 18 22 0.4830101 
299 354 14 16 0.46790734 
836 407 28 30 0.3857932 
128 358 29 48 0.319926 
0 371 26 56 0.29895964 
439 328 20 28 0.25329173 
246 460 27 39 0.23298064 
586 302 15 21 0.21326934 
0 434 29 71 0.2039292 
674 453 53 60 0.18370922 
597 329 14 21 0.14509693 
822 428 48 64 0.14237641 
260 421 12 13 0.1414708 
858 406 23 30 0.13304582 
317 344 17 21 0.12665035 
180 331 41 53 0.10264683 
118 274 13 19 0.10064432 
639 459 39 44 0.085800976 
437 260 22 28 0.08351841 
627 337 25 30 0.08235522 
5 444 45 80 0.07418145 
573 386 50 62 0.07410696 
175 263 12 14 0.073512904 
340 314 17 22 0.067880005 
305 344 25 27 0.06660979 
802 336 26 36 0.064147495 
878 326 8 11 0.06271692 
602 290 18 20 0.061284903 
884 410 15 17 0.058700047 
804 339 12 18 0.057642806 
274 326 11 14 0.051085625 
6 145 15 20 0.049780708 
593 289 24 31 0.04858632 
18 367 36 55 0.048348684 
845 289 10 11 0.047462676 
740 423 37 47 0.046580236 
656 368 45 53 0.046479624 
873 402 26 28 0.04535483 
803 333 12 15 0.043118376 
277 360 15 21 0.042801544 
723 433 46 59 0.04179267 
697 444 46 59 0.041409746 
873 319 8 11 0.040744312 
997 347 27 43 0.040443584 
439 255 12 15 0.039193824 
842 333 10 13 0.03833579 
296 352 24 26 0.0368998 
272 367 22 33 0.036752705 
76 268 13 16 0.03613476 
621 389 32 47 0.03585197 
566 333 27 33 0.035615243 
573 299 28 33 0.03541957 
641 381 47 57 0.034742318 
568 362 38 49 0.033865325 
877 320 8 12 0.033267573 
141 365 31 42 0.032997478 
594 403 32 50 0.03263263 
691 20 14 17 0.031690735 
176 334 29 31 0.031035243 
58 307 22 22 0.030606616 
763 339 11 15 0.029961474 
604 334 12 18 0.029691331 
873 324 9 12 0.029588506 
728 422 29 47 0.028969416 
851 419 51 62 0.028833589 
347 311 21 29 0.02775967 
891 313 15 17 0.027436566 
770 259 16 18 0.026897023 
424 254 11 14 0.026699785 
760 427 71 87 0.026494 
563 178 30 40 0.026331518 
745 538 55 73 0.026321819 
43 319 27 35 0.026283592 
51 332 18 25 0.025969096 
589 303 24 33 0.025867656 
155 282 26 36 0.025561662 
506 144 17 19 0.025514066 
726 368 42 49 0.025494458 
252 416 24 25 0.025211493 
425 241 9 12 0.025042517 
426 440 63 94 0.024995359 
424 297 10 12 0.024889788 
433 251 39 48 0.024434036 
742 495 38 65 0.024175761 
798 325 15 19 0.024154516 
0 301 21 29 0.024071554 
883 307 27 26 0.024026189 
737 439 54 66 0.023967829 
38 338 26 41 0.02394211 
372 379 27 37 0.023872428 
725 327 23 30 0.02358707 
834 281 8 10 0.023540033 
180 340 14 17 0.023502082 
833 350 8 10 0.02349288 
742 176 10 15 0.023248984 
465 385 50 54 0.023132455 
789 376 25 33 0.023067866 
180 332 13 15 0.022875054 
35 361 26 41 0.021686662 
283 355 13 20 0.02163786 
159 272 43 56 0.021506066 
936 330 11 14 0.021353904 
838 350 8 10 0.020999689 
601 323 14 20 0.020855658 
864 324 12 15 0.02050463 
