2_Demonstration_Protesters_2_369
25
532 368 118 140 0.99937004 
266 443 125 130 0.9992105 
613 304 29 38 0.9896025 
958 196 66 108 0.97973514 
641 351 47 61 0.9771393 
660 310 36 41 0.9689418 
605 269 26 28 0.96578324 
422 56 13 17 0.8428489 
186 83 48 60 0.7988297 
697 277 23 31 0.37670317 
457 51 11 14 0.28550962 
737 428 86 113 0.2637913 
754 264 42 51 0.18694395 
631 258 23 28 0.13288656 
620 263 23 32 0.052845933 
774 270 31 45 0.050456613 
410 23 15 20 0.047003523 
629 255 16 17 0.03150804 
415 0 12 11 0.031292275 
660 292 24 28 0.030977305 
617 353 54 74 0.029383037 
608 355 29 34 0.023602158 
569 342 30 34 0.021793064 
437 109 10 12 0.020896262 
677 314 29 40 0.02032968 
