2_Demonstration_Demonstration_Or_Protest_2_619
346
990 194 15 20 0.9903752 
855 101 14 19 0.98508805 
526 124 13 16 0.9748862 
908 117 15 22 0.97385806 
807 85 13 16 0.97275037 
758 116 12 15 0.94238317 
500 112 12 15 0.9206848 
945 224 15 18 0.91854423 
494 131 13 17 0.9049313 
678 95 13 17 0.9037253 
251 232 15 19 0.9020344 
453 114 12 15 0.9006007 
201 228 16 22 0.88614017 
552 112 13 16 0.87295073 
819 139 13 19 0.86928475 
430 90 13 17 0.8679093 
647 138 13 19 0.8646505 
573 130 12 15 0.83066815 
418 394 15 18 0.8267609 
391 125 13 16 0.8210276 
620 113 13 17 0.8127815 
292 175 13 18 0.79085785 
783 148 11 15 0.7852687 
782 179 13 20 0.7668309 
203 149 16 19 0.728946 
416 113 13 17 0.7229466 
555 195 14 18 0.7092439 
735 118 11 14 0.674941 
735 138 11 14 0.6721138 
594 24 10 12 0.65746623 
579 152 13 16 0.628347 
734 46 11 14 0.61789006 
897 185 16 19 0.5632757 
471 544 25 26 0.5462859 
157 198 12 14 0.54230535 
799 110 12 14 0.5402283 
417 264 17 18 0.52884614 
528 256 17 20 0.49863288 
764 101 11 14 0.49360523 
470 123 12 16 0.45545623 
869 261 14 18 0.44653603 
895 261 12 17 0.43303823 
550 15 8 10 0.43292946 
736 59 10 13 0.43003467 
615 171 12 16 0.39884204 
647 182 16 19 0.3915829 
493 214 17 20 0.36987686 
157 208 15 20 0.36380455 
460 204 14 18 0.35585165 
553 83 12 15 0.35545808 
205 268 13 20 0.3392188 
709 211 15 17 0.31188092 
463 124 14 19 0.31108782 
427 182 16 19 0.2781471 
205 199 13 18 0.25611264 
982 255 14 19 0.23831438 
99 251 14 20 0.23533922 
306 351 28 36 0.23117952 
987 287 13 18 0.22945967 
788 182 13 20 0.22747666 
926 197 11 14 0.2246495 
499 177 18 25 0.22091912 
395 180 15 19 0.19356148 
323 305 27 36 0.1919394 
667 554 28 21 0.19018622 
819 150 14 21 0.18211676 
412 550 23 24 0.17469814 
211 265 15 20 0.16725548 
629 232 12 20 0.15933357 
273 158 15 18 0.1542479 
784 293 13 18 0.14941007 
650 270 18 20 0.14842094 
459 116 12 16 0.14757362 
342 108 11 15 0.14531986 
757 164 13 15 0.14210495 
500 148 15 18 0.13809988 
549 187 15 18 0.136634 
848 249 12 21 0.13533626 
350 85 12 14 0.13443373 
427 284 17 21 0.13384292 
931 202 14 18 0.13245727 
761 185 15 18 0.13185261 
247 259 14 21 0.12792052 
600 92 10 15 0.12582085 
568 296 22 21 0.12462983 
593 217 16 20 0.12340864 
904 131 12 17 0.12285088 
286 263 17 22 0.11511671 
211 164 15 16 0.11304194 
198 270 14 21 0.1118774 
374 405 37 55 0.111382455 
683 211 14 17 0.11069228 
425 266 14 18 0.11049986 
528 110 9 11 0.10690902 
788 151 13 17 0.106887355 
261 85 11 15 0.10621871 
359 147 14 17 0.103713356 
241 194 15 19 0.09974039 
502 140 14 17 0.0987059 
565 257 17 18 0.09852126 
272 78 12 17 0.094003096 
120 275 19 23 0.09179084 
413 227 16 19 0.09044369 
637 233 15 20 0.08925327 
470 540 16 20 0.08749776 
411 197 14 17 0.08711489 
904 186 15 19 0.08636618 
615 139 12 17 0.08465397 
752 158 13 16 0.084627755 
216 260 16 21 0.08278692 
198 201 15 18 0.07706396 
897 93 17 19 0.074994 
434 289 15 20 0.07381467 
210 155 15 18 0.07349239 
20 139 13 17 0.072702065 
676 205 13 19 0.0722267 
218 351 17 21 0.07110088 
781 209 12 17 0.070997365 
666 202 17 20 0.07066187 
790 115 11 15 0.06935356 
511 115 11 16 0.0686657 
607 171 13 16 0.06824404 
838 162 14 18 0.06774557 
78 301 28 38 0.067467526 
542 139 11 16 0.065653734 
162 217 14 17 0.0646322 
99 148 22 29 0.062301446 
594 204 14 17 0.06197748 
460 109 12 14 0.06128859 
272 375 18 21 0.06100595 
405 186 13 17 0.060661457 
161 196 14 17 0.060232982 
580 131 10 14 0.06007507 
428 274 16 21 0.05828708 
381 205 15 20 0.057812117 
221 203 14 15 0.05687117 
346 105 15 19 0.05635805 
177 260 18 27 0.056276493 
371 100 13 17 0.05618729 
852 253 14 21 0.055997286 
598 171 10 15 0.055462956 
977 323 11 14 0.055318058 
628 123 14 16 0.05481043 
188 265 17 22 0.05447514 
812 210 16 20 0.054415684 
517 104 10 12 0.053947028 
428 296 17 19 0.052179527 
161 203 15 20 0.05185025 
565 227 15 21 0.051626347 
793 109 12 16 0.050722796 
929 281 18 19 0.05003265 
628 131 14 16 0.049757145 
814 298 13 16 0.04937934 
712 217 14 17 0.049110547 
231 158 9 13 0.04854888 
559 130 12 15 0.048113115 
422 164 14 19 0.047921848 
791 344 20 27 0.04776226 
95 256 21 28 0.047390796 
774 144 13 16 0.046994038 
626 109 10 13 0.04535385 
188 202 13 18 0.044938203 
661 210 17 19 0.04484911 
349 90 11 14 0.044399884 
761 169 15 17 0.044192344 
568 127 12 16 0.043912467 
516 241 13 18 0.043655183 
571 136 15 17 0.043589387 
151 201 15 18 0.043532897 
752 190 10 14 0.043520406 
717 202 14 17 0.04314037 
879 140 13 19 0.042748597 
446 176 16 20 0.042508237 
317 168 14 19 0.042323817 
790 142 12 16 0.041393064 
550 20 9 11 0.041195698 
506 152 16 21 0.040920485 
226 353 14 20 0.040816955 
330 266 16 22 0.040236313 
464 210 15 18 0.03982951 
921 196 10 16 0.03980908 
724 201 12 17 0.039738085 
297 137 16 19 0.039557938 
910 38 9 11 0.039325673 
61 142 12 15 0.03920566 
430 109 12 16 0.03870725 
476 120 10 14 0.038256634 
349 185 13 16 0.03804708 
42 234 15 16 0.037894357 
541 86 10 13 0.037533272 
509 236 12 16 0.037507873 
77 193 17 22 0.03747892 
0 148 10 18 0.037134506 
231 134 13 15 0.036930535 
844 166 13 18 0.0365742 
294 119 13 14 0.036329173 
3 146 14 18 0.03625148 
889 184 13 20 0.036089905 
830 155 12 16 0.03595861 
425 167 18 22 0.035372145 
182 204 13 19 0.03423714 
327 190 11 15 0.03417243 
647 204 15 18 0.03413682 
364 86 10 14 0.034132496 
285 139 10 13 0.03368867 
12 144 13 17 0.033303913 
982 258 22 32 0.03325666 
335 133 12 15 0.032968618 
598 244 12 16 0.03293286 
105 217 18 20 0.032802206 
785 116 11 15 0.032620594 
545 20 8 11 0.032490864 
105 256 16 22 0.03243365 
125 424 22 24 0.032335084 
138 353 15 18 0.03226719 
313 219 16 18 0.032064058 
788 340 15 22 0.03196993 
626 474 24 26 0.031864442 
373 149 11 16 0.03176426 
537 257 14 18 0.03164462 
989 294 14 17 0.031569507 
532 110 10 12 0.031569313 
436 146 16 20 0.031512257 
550 141 11 16 0.031148948 
311 211 14 18 0.030939838 
367 92 10 13 0.030926082 
544 180 15 18 0.030447729 
984 272 23 32 0.030300857 
845 300 23 29 0.030219713 
707 221 17 21 0.030159948 
411 206 17 20 0.030064398 
503 236 13 17 0.030046392 
435 168 18 21 0.02995508 
414 102 15 21 0.029834824 
220 165 14 15 0.029731512 
649 193 17 18 0.029723177 
565 277 26 26 0.029633274 
725 233 14 19 0.02946971 
312 370 19 24 0.029381754 
56 141 11 14 0.029376956 
469 108 9 13 0.02934564 
588 234 12 16 0.02913703 
297 173 12 17 0.029118886 
237 307 32 38 0.029002683 
622 134 12 16 0.028936181 
15 131 15 21 0.028861646 
796 301 14 19 0.02881278 
283 162 13 19 0.02869768 
340 133 13 16 0.02868875 
710 200 14 16 0.028435757 
748 242 15 21 0.02807319 
478 238 14 18 0.02798707 
390 173 16 20 0.027764643 
494 174 16 20 0.027745701 
239 491 20 22 0.027673818 
357 180 13 18 0.02766101 
518 116 10 15 0.027642619 
928 207 14 18 0.02732813 
630 187 14 17 0.027068622 
904 39 9 12 0.02691675 
336 113 11 14 0.026913563 
852 115 12 16 0.02678817 
344 87 10 12 0.026416248 
163 227 14 17 0.026360033 
827 328 18 19 0.02631858 
150 216 13 18 0.02619186 
690 210 14 18 0.026000239 
795 149 13 16 0.025807286 
344 94 9 13 0.025765192 
617 111 11 15 0.025752824 
662 197 17 18 0.025751093 
974 266 11 16 0.025561022 
874 253 13 19 0.02538347 
864 228 11 13 0.02524698 
789 299 15 22 0.025242297 
279 138 12 14 0.025235541 
333 127 11 14 0.025233896 
101 225 18 19 0.025146278 
270 89 11 14 0.025142282 
19 243 17 22 0.02481469 
871 368 16 17 0.024603304 
805 216 19 21 0.02456441 
2 136 22 30 0.024484325 
465 198 14 18 0.024244403 
541 165 14 16 0.024104064 
99 212 19 21 0.023898391 
285 211 14 17 0.023897363 
275 70 15 22 0.023891458 
782 337 13 19 0.023754478 
493 150 17 19 0.023656737 
581 180 13 14 0.023650374 
387 343 13 20 0.02357761 
857 252 16 19 0.0235421 
456 128 14 19 0.023502862 
447 211 12 16 0.023455152 
411 191 12 15 0.023342257 
173 232 15 19 0.023282997 
638 270 14 21 0.023080545 
388 259 21 24 0.022938663 
166 201 21 27 0.022924269 
211 390 26 34 0.022916526 
443 148 15 19 0.022855973 
484 147 16 18 0.022742713 
89 249 20 26 0.02269541 
203 140 28 32 0.022686211 
339 297 28 33 0.022480033 
485 179 15 20 0.022455145 
603 240 15 20 0.022427166 
581 141 13 17 0.022399593 
275 90 12 14 0.022378474 
478 176 15 20 0.022187104 
734 78 11 15 0.022182586 
44 250 14 16 0.022176892 
499 121 12 17 0.022143384 
448 111 12 15 0.022120195 
870 129 13 17 0.022110341 
511 108 10 15 0.021997944 
625 116 13 16 0.02181936 
791 135 11 15 0.021773096 
703 206 13 16 0.02174988 
436 98 11 15 0.021551644 
158 232 16 19 0.021320812 
256 76 13 18 0.021254811 
600 218 16 20 0.021222904 
893 268 14 18 0.0212106 
355 87 13 16 0.021134898 
222 147 12 15 0.021068452 
438 109 10 13 0.020998925 
547 174 14 17 0.020945067 
551 235 12 14 0.020930307 
346 286 26 32 0.020867968 
454 200 15 19 0.020851918 
557 232 13 17 0.020729825 
408 553 15 20 0.020658674 
499 225 16 20 0.020644842 
257 128 16 19 0.020620035 
118 268 16 20 0.020572107 
323 299 17 23 0.02054106 
344 187 12 15 0.020426264 
140 253 17 20 0.020369513 
12 119 26 33 0.020326046 
985 287 24 28 0.020170627 
301 273 13 19 0.020142345 
356 261 25 28 0.020074602 
554 181 14 18 0.020074347 
223 156 13 16 0.020044237 
