2_Demonstration_Protesters_2_822
35
299 339 53 77 0.99876 
937 382 36 42 0.99830085 
205 383 45 57 0.99689853 
719 384 85 109 0.99635965 
98 420 55 69 0.9942 
30 364 39 56 0.9922071 
678 363 40 48 0.9907419 
1002 367 19 25 0.9800766 
582 430 58 77 0.9775799 
139 369 23 30 0.8189886 
835 473 55 61 0.7152293 
1002 400 21 31 0.6417555 
978 364 15 20 0.6279374 
721 335 10 14 0.5760898 
1007 466 15 20 0.08603508 
454 411 27 31 0.08220821 
688 344 9 11 0.077825405 
390 332 63 74 0.06587389 
12 355 40 60 0.053505864 
988 367 14 20 0.04043912 
973 355 15 19 0.037871588 
513 390 39 53 0.037261765 
404 330 36 36 0.035814032 
433 385 46 53 0.032620907 
997 366 15 20 0.026378252 
193 373 11 14 0.02612008 
270 397 33 47 0.025601868 
1014 237 9 14 0.0247526 
421 319 53 74 0.024738817 
192 402 26 37 0.023818504 
567 283 12 16 0.023278942 
430 406 31 36 0.023277966 
78 382 30 39 0.023192234 
0 388 31 50 0.022385674 
193 368 24 35 0.020724868 
