2_Demonstration_Demonstrators_2_41
37
388 374 100 164 0.999153 
205 187 48 60 0.9989888 
821 495 49 59 0.99651945 
255 90 36 40 0.99480814 
953 503 45 57 0.99191886 
404 183 42 50 0.98969686 
635 442 40 55 0.97824234 
889 516 11 13 0.6021542 
560 545 19 21 0.31966746 
903 447 14 17 0.11848547 
389 99 10 12 0.11349698 
828 340 10 13 0.070208974 
755 422 36 55 0.06716137 
807 404 13 16 0.06327386 
721 499 20 30 0.061433967 
847 510 30 45 0.051134698 
448 231 40 52 0.044725448 
888 467 11 14 0.041528348 
877 515 12 15 0.03981174 
540 487 19 21 0.03583472 
869 514 15 18 0.03322843 
759 503 27 37 0.032233465 
147 403 51 49 0.031551566 
872 514 23 27 0.03116906 
954 426 24 27 0.029750291 
856 469 11 14 0.0296242 
805 403 21 29 0.028811743 
880 535 10 13 0.02880049 
765 503 12 14 0.027518898 
139 544 8 10 0.026551437 
891 519 12 18 0.024086036 
884 518 23 35 0.023517653 
891 464 12 14 0.022135416 
811 400 12 16 0.021535935 
731 508 15 23 0.021319881 
142 544 8 11 0.020509513 
735 355 15 17 0.0202255 
