2_Demonstration_Protesters_2_811
21
290 297 26 34 0.9692765 
753 261 21 28 0.96689135 
515 298 20 23 0.45577657 
615 371 26 25 0.24414025 
621 365 18 19 0.08076361 
667 290 15 20 0.07790307 
465 253 17 23 0.06882817 
422 324 10 12 0.047824334 
878 316 10 15 0.04781896 
382 266 24 27 0.03976047 
511 302 15 19 0.038949743 
634 159 26 32 0.03869962 
605 363 13 16 0.03759292 
534 239 20 24 0.032370184 
430 319 9 12 0.030687844 
627 341 14 17 0.030527856 
611 364 18 20 0.028836342 
591 379 40 53 0.024580592 
428 324 10 13 0.021755356 
618 380 18 19 0.02082299 
894 263 9 11 0.020213144 
