2_Demonstration_Demonstration_Or_Protest_2_606
44
902 262 57 64 0.9992488 
217 295 44 63 0.99821764 
186 246 31 39 0.99691796 
828 237 35 44 0.9959223 
44 251 46 53 0.9957932 
711 258 35 45 0.9950681 
765 257 61 66 0.9948835 
636 242 56 63 0.9934002 
545 301 82 120 0.99241734 
219 239 40 46 0.9909825 
744 273 36 50 0.9867654 
504 236 39 65 0.98349774 
147 255 26 29 0.9822682 
333 282 82 104 0.9822474 
707 221 23 28 0.97973126 
104 303 50 50 0.9742629 
5 281 39 43 0.97335905 
445 221 35 54 0.953286 
288 236 26 34 0.88584465 
998 279 26 56 0.6773656 
306 230 40 49 0.49934536 
109 237 22 32 0.4497799 
615 202 12 17 0.3723426 
95 235 28 34 0.12179434 
964 239 15 22 0.11056666 
0 252 18 31 0.09153472 
82 234 28 32 0.04939378 
746 160 25 31 0.04557854 
696 213 12 14 0.045314796 
208 243 26 40 0.043072727 
120 242 16 24 0.03838738 
977 157 10 12 0.031727955 
631 197 9 14 0.028861057 
730 264 32 43 0.027690202 
961 245 43 51 0.027127244 
619 199 13 17 0.02660299 
261 205 12 16 0.024386715 
306 238 54 72 0.023591429 
107 246 30 39 0.0224811 
628 235 24 40 0.022099666 
694 225 17 22 0.021345504 
435 233 29 43 0.021246113 
962 240 25 34 0.020141788 
67 64 8 9 0.020124951 
