2_Demonstration_Demonstration_Or_Protest_2_438
124
467 542 57 78 0.9995328 
452 267 46 59 0.99709094 
49 613 30 44 0.7158937 
611 568 23 29 0.4933181 
77 581 33 38 0.37309074 
83 519 28 30 0.26347405 
1002 582 16 26 0.24620363 
804 482 13 19 0.20643453 
125 466 17 23 0.1593538 
237 582 38 61 0.1474876 
684 573 21 34 0.13622814 
875 498 16 22 0.12140079 
20 525 31 31 0.11267349 
212 503 11 15 0.08797648 
860 474 11 14 0.083684295 
794 446 9 11 0.08226201 
735 485 13 17 0.07528228 
658 477 14 17 0.075178236 
692 498 24 27 0.071369424 
60 524 16 23 0.07049335 
898 479 14 17 0.06931721 
846 522 14 18 0.065742664 
212 531 23 32 0.06435323 
679 529 18 20 0.062111758 
669 541 16 19 0.05978309 
810 487 16 20 0.054427706 
300 507 16 17 0.053763464 
818 511 23 27 0.05356542 
740 544 15 23 0.052407324 
881 474 15 18 0.052084774 
741 504 16 19 0.05202585 
846 501 17 23 0.049281664 
820 504 18 21 0.046480246 
316 498 13 17 0.045951385 
248 563 50 56 0.045392506 
240 491 17 20 0.044468854 
891 550 24 28 0.04431532 
819 474 15 17 0.042518396 
155 479 15 23 0.04188571 
120 526 26 26 0.04175768 
201 597 56 72 0.040689547 
711 459 15 19 0.040097285 
69 468 13 18 0.03988975 
730 536 23 29 0.039786696 
863 501 21 27 0.038449872 
800 478 12 19 0.037959952 
675 535 23 27 0.037902787 
797 615 16 25 0.037187263 
239 518 27 36 0.0370613 
102 513 15 20 0.036691993 
694 493 16 18 0.03660566 
878 481 13 18 0.036061212 
880 469 13 15 0.03571256 
126 482 16 18 0.035208326 
271 554 31 36 0.0349462 
611 579 26 38 0.034734797 
127 492 14 18 0.034653354 
801 606 22 34 0.03417691 
611 596 27 36 0.034113705 
360 563 25 40 0.03367531 
783 474 14 16 0.033088986 
762 504 18 22 0.03294518 
413 303 24 34 0.032655008 
9 556 28 30 0.032246575 
813 475 14 18 0.031896334 
90 505 28 33 0.03169629 
604 569 20 23 0.031612065 
223 584 33 57 0.031219158 
14 536 32 31 0.030854667 
628 532 16 20 0.030679947 
309 501 14 16 0.03049786 
34 522 18 25 0.03026541 
815 521 23 29 0.030118182 
92 468 14 16 0.02958119 
279 490 15 18 0.02941767 
872 494 13 16 0.028981827 
122 539 25 30 0.027800687 
96 558 25 36 0.027743882 
169 578 38 51 0.027573371 
1012 441 10 16 0.027510554 
818 438 8 11 0.026390115 
115 452 13 15 0.026110716 
212 525 15 21 0.02602607 
488 142 8 11 0.025988359 
893 459 11 13 0.025851512 
64 591 30 39 0.025827378 
886 461 12 14 0.0257566 
1014 466 11 17 0.025657794 
849 514 15 20 0.025421247 
911 498 13 16 0.024880098 
823 437 9 11 0.024753971 
352 631 63 55 0.024423005 
830 510 23 27 0.024268435 
813 514 17 25 0.024078697 
495 645 44 42 0.02383799 
749 461 10 13 0.02376687 
96 519 20 24 0.023681426 
77 520 20 24 0.023277264 
14 435 8 11 0.022904115 
653 466 15 20 0.022852862 
733 492 20 26 0.022684665 
79 496 30 36 0.022289485 
652 454 12 15 0.022118904 
766 494 13 14 0.02193886 
780 540 14 20 0.02184787 
266 523 26 28 0.021820718 
294 503 15 19 0.021727439 
619 532 18 22 0.021579528 
727 491 12 17 0.02142124 
0 501 8 14 0.021306433 
263 628 75 60 0.021269865 
882 491 14 18 0.020988408 
782 480 13 17 0.020851392 
903 468 12 15 0.020835489 
787 516 14 17 0.020782063 
223 485 10 14 0.020500463 
988 660 14 21 0.020489743 
658 485 18 20 0.020389264 
162 595 51 62 0.020293057 
619 598 16 22 0.020248605 
889 476 20 23 0.02023991 
988 488 24 29 0.020146864 
237 469 17 21 0.020134311 
739 478 12 16 0.020013683 
