2_Demonstration_Demonstrators_2_307
2010
844 212 10 12 0.9743318 
701 78 10 12 0.97054785 
649 117 9 13 0.96196973 
437 72 9 11 0.9618661 
196 595 12 16 0.95878416 
927 197 10 12 0.9553874 
744 116 9 12 0.9547494 
76 430 13 18 0.9422788 
872 269 11 14 0.941147 
796 8 10 12 0.940109 
646 88 10 12 0.93856335 
620 31 9 12 0.9238205 
428 104 10 12 0.9224846 
203 453 13 16 0.9158531 
388 393 15 18 0.91538584 
616 104 10 12 0.9098363 
907 215 10 13 0.90169334 
245 68 9 11 0.8839953 
879 231 9 12 0.8825992 
588 92 10 13 0.88171476 
888 19 10 13 0.876585 
936 96 10 12 0.85714394 
606 149 9 11 0.8528701 
826 303 9 12 0.8523691 
330 156 9 12 0.8500162 
741 59 10 12 0.848263 
724 22 10 12 0.8370282 
609 59 9 12 0.8327008 
101 503 12 15 0.8317924 
752 168 10 13 0.8201039 
249 166 10 13 0.81459767 
833 237 10 13 0.8068824 
876 45 9 11 0.8017322 
551 85 11 13 0.799257 
848 324 10 13 0.79727113 
113 254 11 15 0.7926227 
240 32 10 11 0.7909192 
556 36 9 11 0.7895684 
742 194 10 13 0.77465004 
692 60 9 12 0.7742951 
449 141 9 12 0.7650658 
792 188 11 13 0.75989413 
818 218 10 13 0.7556002 
89 117 9 11 0.75315523 
893 164 11 13 0.746661 
685 94 9 12 0.7418807 
711 59 10 12 0.71753716 
724 175 9 13 0.7075152 
776 1 8 9 0.7074378 
380 93 9 12 0.7066761 
54 199 9 12 0.69529235 
468 84 9 12 0.6945372 
1007 348 12 16 0.6869628 
384 7 11 14 0.6858056 
198 90 10 13 0.6704833 
257 96 10 12 0.6622888 
856 17 9 11 0.65812325 
402 72 10 12 0.65647507 
478 128 9 11 0.65607554 
373 161 9 11 0.6536937 
193 382 9 13 0.65283203 
618 167 9 12 0.6526568 
33 158 11 14 0.6398112 
178 151 10 13 0.635642 
525 74 10 13 0.62914705 
354 7 10 13 0.62682384 
876 76 10 12 0.62674004 
797 39 9 12 0.6265404 
207 500 11 15 0.6172056 
527 33 8 11 0.6118748 
677 120 9 12 0.6117143 
642 188 9 11 0.61002874 
685 40 8 10 0.60931367 
1013 80 9 12 0.6066755 
73 85 8 10 0.6065149 
318 140 9 11 0.6014448 
411 173 11 14 0.59866774 
344 220 8 12 0.5903668 
744 222 10 13 0.58652216 
923 238 10 14 0.58604705 
259 22 10 13 0.57477915 
728 56 8 10 0.56601954 
297 190 10 12 0.5638313 
50 128 8 11 0.5550671 
286 547 17 18 0.549062 
119 181 13 16 0.54850364 
888 478 12 16 0.5452074 
114 28 8 11 0.54494774 
650 0 8 10 0.5436594 
973 390 10 12 0.5369494 
985 88 9 11 0.5187346 
148 301 10 13 0.50631195 
670 49 9 10 0.49315667 
573 132 9 11 0.49289706 
799 212 10 12 0.4871278 
174 235 11 13 0.48495248 
357 124 8 11 0.47267526 
297 143 9 12 0.4722804 
65 22 8 11 0.46934786 
482 48 9 11 0.46148014 
413 109 8 10 0.45318496 
847 5 9 11 0.451095 
542 132 9 11 0.45059848 
187 553 18 20 0.44953465 
268 150 13 14 0.44739926 
492 587 14 18 0.4364625 
1008 473 13 15 0.43130702 
943 149 8 10 0.4195705 
356 143 10 12 0.4189955 
855 60 8 11 0.4139736 
911 307 11 14 0.4139052 
611 508 16 24 0.4083712 
488 540 10 14 0.40560678 
860 307 10 13 0.40444112 
847 273 11 14 0.40125656 
533 503 11 13 0.39849353 
687 22 8 10 0.3887233 
145 80 7 9 0.38735384 
519 127 9 12 0.38232416 
758 22 9 11 0.3735803 
525 413 12 15 0.37066156 
32 540 11 13 0.36857575 
154 264 9 12 0.3668839 
208 23 7 9 0.36551473 
706 8 8 11 0.36546335 
556 60 10 12 0.35536262 
916 260 9 12 0.35328934 
615 85 10 12 0.35007283 
734 269 13 17 0.34965307 
934 168 8 10 0.34904277 
280 17 8 9 0.34774286 
950 165 9 10 0.34273794 
741 16 9 11 0.33871087 
670 68 8 10 0.33646074 
266 132 8 11 0.33570886 
630 94 9 11 0.31579295 
375 46 9 11 0.3138989 
452 573 12 15 0.31274348 
97 81 7 10 0.30091003 
709 12 9 11 0.29026482 
121 79 8 10 0.28661886 
951 221 8 10 0.28660586 
761 13 8 10 0.28093705 
712 143 9 11 0.27281538 
343 48 9 11 0.27248856 
956 255 10 12 0.2678638 
768 160 10 12 0.2676775 
61 136 8 10 0.26719332 
99 37 7 10 0.26712784 
192 4 8 11 0.2626456 
997 237 8 10 0.26165363 
498 44 9 12 0.25539953 
154 21 7 10 0.2539573 
585 172 8 11 0.24928302 
357 220 10 13 0.24919157 
671 11 9 11 0.24707744 
665 68 9 11 0.2445535 
301 37 8 10 0.24216187 
997 248 8 11 0.24127845 
318 46 9 11 0.23567648 
583 24 9 12 0.23130907 
753 0 7 9 0.22572182 
749 151 8 11 0.22528403 
126 49 7 10 0.22506954 
307 500 14 17 0.22361253 
180 260 9 12 0.22270052 
283 344 11 16 0.22263184 
973 18 11 15 0.22135328 
713 135 8 11 0.22042094 
392 579 14 17 0.21972747 
631 14 9 10 0.21942188 
437 167 10 12 0.21698803 
321 211 10 13 0.21647058 
134 4 8 11 0.2158987 
239 200 11 15 0.2155418 
886 215 9 11 0.21478327 
639 39 8 10 0.21465595 
785 158 9 12 0.2122604 
649 44 8 10 0.2121696 
32 98 8 9 0.2110947 
295 444 10 13 0.20960158 
217 7 9 11 0.20939961 
844 74 10 13 0.20939271 
861 121 11 17 0.20859185 
934 495 12 13 0.20816043 
574 6 7 10 0.20788804 
312 47 9 11 0.20708388 
625 13 8 9 0.2042356 
87 29 8 10 0.19906186 
101 61 7 9 0.19881925 
149 439 13 19 0.19744056 
645 623 16 23 0.18952222 
429 52 8 11 0.18915753 
664 227 10 13 0.18568188 
69 482 10 15 0.18377177 
23 54 6 9 0.1815345 
503 70 8 10 0.17961209 
425 333 15 18 0.17766108 
345 36 9 12 0.17634158 
82 94 8 11 0.17628871 
944 325 12 15 0.17561196 
917 285 9 11 0.17448847 
437 211 11 14 0.17403612 
773 20 8 10 0.17295016 
64 100 8 10 0.16825598 
969 316 10 13 0.16805297 
896 40 8 11 0.16682526 
984 77 8 11 0.16517037 
960 0 9 10 0.16484568 
536 31 8 11 0.16409014 
17 149 10 12 0.16350299 
945 179 9 12 0.16237149 
802 132 8 11 0.16104788 
905 64 9 11 0.1606243 
635 543 11 14 0.1598758 
146 410 13 17 0.15695487 
844 454 12 14 0.1564573 
585 524 18 21 0.1561652 
582 55 9 11 0.15528542 
405 156 11 12 0.15471281 
616 135 10 12 0.15439965 
960 472 9 11 0.15183164 
36 111 9 10 0.14817844 
826 189 8 12 0.14592071 
497 40 8 11 0.14564116 
480 107 10 14 0.14526868 
326 56 8 10 0.14480995 
498 386 17 21 0.14468288 
664 149 8 10 0.1432078 
392 194 12 15 0.14295109 
165 566 11 15 0.14269793 
841 72 10 13 0.14175601 
88 6 7 10 0.14154579 
625 188 8 11 0.14089793 
220 80 9 11 0.14054756 
738 626 18 23 0.13987899 
259 405 15 18 0.13972278 
800 278 10 12 0.13936378 
1 151 10 13 0.13932656 
259 468 14 18 0.13881077 
304 125 8 11 0.13846731 
809 153 9 10 0.13652647 
111 159 13 16 0.1351062 
889 444 10 13 0.13405775 
329 31 8 10 0.1340244 
393 600 10 13 0.13374108 
454 48 8 12 0.13221082 
717 102 9 12 0.13179234 
429 86 9 11 0.13072383 
920 472 10 12 0.12958357 
664 86 9 12 0.12830374 
887 236 9 11 0.1278572 
936 252 10 13 0.12704171 
278 167 9 12 0.12672186 
186 23 8 9 0.1266411 
483 321 14 18 0.12631822 
321 78 10 13 0.12615786 
78 86 7 9 0.1248932 
720 57 8 10 0.124597006 
782 282 12 16 0.12449646 
762 9 8 9 0.12248846 
431 143 11 14 0.122355 
289 15 8 10 0.12216379 
383 111 10 12 0.12212792 
970 15 11 14 0.121559046 
285 46 9 12 0.121557325 
154 92 8 11 0.12071307 
630 578 14 18 0.12025307 
135 102 8 11 0.120141014 
686 44 8 11 0.11999197 
77 112 8 10 0.11969472 
188 431 17 22 0.11896115 
494 32 8 9 0.11798151 
104 104 7 9 0.11796789 
632 21 9 11 0.11773821 
295 128 8 10 0.11754031 
331 304 14 16 0.11699484 
445 93 8 11 0.11686418 
444 445 15 21 0.11660349 
879 3 9 12 0.116350904 
760 238 8 10 0.11603557 
280 457 12 16 0.11574566 
295 75 10 14 0.115491204 
846 356 11 13 0.11515573 
123 54 7 9 0.11514539 
844 52 10 13 0.11492082 
900 576 11 14 0.11433729 
662 93 8 11 0.11432492 
394 86 9 12 0.11417121 
578 55 8 11 0.11380063 
334 291 16 20 0.11379455 
328 103 8 10 0.11283511 
886 63 8 11 0.112698466 
152 111 9 10 0.11264137 
881 215 9 11 0.112501115 
195 582 14 16 0.11184821 
999 13 11 14 0.11126318 
266 7 8 10 0.111219406 
765 231 8 11 0.11095951 
309 91 9 12 0.11095949 
152 119 8 10 0.11061529 
410 87 8 11 0.11038209 
846 47 9 12 0.10974882 
120 284 11 14 0.10931197 
397 173 8 11 0.108585656 
892 4 9 12 0.10847923 
714 149 8 11 0.10831953 
484 102 9 11 0.107923485 
409 105 8 11 0.107859135 
586 113 8 10 0.10747422 
918 280 11 13 0.10731901 
645 185 8 11 0.10699788 
793 220 9 13 0.106660426 
750 46 9 11 0.106607795 
295 63 10 12 0.10654214 
436 525 10 14 0.10633821 
897 141 9 11 0.10582967 
719 151 8 11 0.10581021 
849 13 10 14 0.10576033 
368 7 8 11 0.105525196 
296 134 9 10 0.104744464 
146 85 7 10 0.104637355 
600 76 9 12 0.104337715 
102 109 8 11 0.10368196 
90 79 8 10 0.103678346 
625 92 9 12 0.103563674 
767 62 8 11 0.10291833 
951 258 11 14 0.102733806 
553 56 9 11 0.102664076 
598 14 7 10 0.10259581 
776 63 8 11 0.10177398 
175 403 14 18 0.10153726 
505 6 8 9 0.10107602 
446 87 9 10 0.10080234 
838 289 9 12 0.100772984 
714 507 13 17 0.10056844 
922 0 8 9 0.099821694 
858 245 9 11 0.09980749 
448 145 11 15 0.099805266 
984 332 12 16 0.099648 
925 134 8 10 0.09961771 
976 480 10 12 0.09957668 
838 348 10 13 0.09936979 
772 161 11 13 0.09868839 
335 181 10 13 0.09864183 
528 48 8 10 0.09807512 
774 150 9 10 0.097805955 
198 259 10 14 0.0974889 
623 68 10 14 0.0973168 
574 14 9 11 0.09712874 
334 104 8 10 0.09682666 
486 109 9 14 0.09642681 
830 206 9 12 0.09580276 
53 86 8 10 0.09524686 
727 159 8 11 0.09477063 
749 228 10 12 0.09471129 
941 248 10 12 0.09444236 
841 356 10 14 0.09422386 
508 71 9 11 0.094026506 
917 14 9 11 0.093140945 
936 56 9 11 0.09268259 
103 81 7 9 0.09216184 
594 317 18 24 0.09208254 
814 300 8 12 0.0919665 
90 56 7 9 0.091731034 
967 110 9 12 0.091668636 
669 133 9 12 0.091344595 
56 103 7 9 0.09114627 
294 1 10 10 0.0911085 
521 48 7 9 0.09077173 
905 135 9 12 0.09064555 
390 64 8 10 0.09061337 
974 222 8 9 0.09027808 
232 5 7 9 0.08958859 
64 307 11 14 0.08944262 
657 191 8 10 0.08925091 
98 136 8 11 0.08885796 
345 158 8 11 0.08871993 
728 143 8 10 0.08860635 
103 557 12 15 0.088594645 
941 112 10 12 0.088580124 
633 9 9 10 0.088378415 
430 403 13 22 0.088229544 
182 173 9 11 0.08817213 
762 27 9 12 0.08785902 
306 53 8 10 0.08764931 
6 81 7 9 0.08763934 
331 458 12 15 0.08679388 
493 115 9 13 0.08649675 
646 577 15 20 0.08649426 
784 112 8 11 0.08645358 
367 344 17 23 0.08574897 
542 64 7 10 0.0857468 
278 559 14 14 0.08516649 
831 92 11 13 0.08440984 
958 221 9 11 0.08438946 
102 135 8 11 0.084225394 
176 598 10 14 0.08416509 
808 54 9 12 0.08398004 
632 139 8 12 0.083932064 
176 14 7 9 0.083869204 
384 64 8 11 0.08381316 
438 276 21 31 0.083796866 
835 111 13 15 0.083709665 
194 256 9 12 0.08355507 
334 189 10 12 0.083165705 
989 44 12 17 0.082589276 
508 384 14 20 0.082304925 
229 62 8 11 0.0822181 
809 167 10 13 0.081940606 
169 95 8 11 0.08167838 
367 71 9 11 0.08158456 
497 77 9 12 0.081537575 
200 110 9 11 0.08135545 
1008 55 10 14 0.08105025 
777 79 8 11 0.08097052 
185 168 8 11 0.08091059 
755 21 8 10 0.080885395 
279 38 9 11 0.08073149 
448 5 10 11 0.080598705 
935 172 9 11 0.08005664 
320 172 9 12 0.079525135 
764 237 9 11 0.0793396 
369 79 8 10 0.078954555 
120 84 8 10 0.07871438 
120 113 7 9 0.07862877 
667 13 7 10 0.07836852 
479 29 8 10 0.07836301 
586 0 8 9 0.07797563 
884 232 9 12 0.07782498 
933 367 10 14 0.077822395 
873 199 9 12 0.07761923 
847 32 8 11 0.077534325 
673 126 8 10 0.07706596 
647 17 8 10 0.07693426 
528 53 8 10 0.07692162 
0 178 22 30 0.0769095 
814 52 9 12 0.07689288 
815 275 10 12 0.07675383 
346 151 7 10 0.07605053 
485 70 9 11 0.075950265 
320 21 8 11 0.07581637 
671 151 9 11 0.07581444 
19 55 7 10 0.07561435 
374 79 9 10 0.07558761 
291 601 13 15 0.07537958 
947 329 13 15 0.075280994 
767 14 7 10 0.07521505 
186 60 8 11 0.074996635 
543 46 8 11 0.07493411 
915 330 11 14 0.07493023 
345 110 8 10 0.07444143 
167 213 8 12 0.074386686 
630 597 13 16 0.07432472 
624 62 9 13 0.074071884 
137 95 8 10 0.07405518 
119 96 8 10 0.07402438 
318 40 9 11 0.07394926 
191 45 8 10 0.07376993 
736 141 8 11 0.073697634 
162 77 8 10 0.0735241 
222 70 8 10 0.07343596 
268 128 9 12 0.07340845 
335 124 8 10 0.073321536 
793 296 8 11 0.07332028 
763 159 9 11 0.07329976 
149 357 9 12 0.07318896 
766 256 9 11 0.07293188 
129 165 9 11 0.07287896 
878 300 9 13 0.07281614 
150 4 8 10 0.07265512 
671 103 8 11 0.07246917 
95 140 8 10 0.072345085 
262 27 8 11 0.07230424 
618 16 8 9 0.07204791 
143 94 7 10 0.07190614 
426 48 9 11 0.071573585 
392 167 8 11 0.071311034 
207 130 10 13 0.07106656 
463 111 9 12 0.07105793 
156 230 11 15 0.070944674 
1006 118 9 12 0.070583425 
22 157 9 13 0.07056366 
145 103 7 11 0.07046092 
542 30 8 11 0.07045232 
191 22 7 10 0.07023013 
471 143 7 10 0.070154324 
577 31 8 11 0.07009844 
727 48 9 10 0.06998912 
574 70 9 12 0.06983779 
168 236 10 13 0.0697565 
981 21 10 13 0.069734015 
657 56 7 9 0.06962348 
601 134 8 10 0.06962108 
185 17 7 9 0.069613144 
152 32 8 10 0.0695127 
165 245 9 11 0.06951096 
449 52 9 11 0.06931455 
473 24 8 9 0.069302544 
720 158 9 10 0.06926566 
70 307 9 13 0.0690225 
429 10 11 14 0.06895899 
14 184 14 21 0.06851205 
259 458 16 19 0.06836892 
389 111 8 10 0.06812136 
362 505 16 19 0.06791356 
870 176 9 11 0.067679085 
780 490 18 21 0.06755807 
463 580 9 13 0.06735465 
498 64 8 9 0.0672745 
312 108 8 10 0.06720079 
395 586 12 15 0.06715784 
220 156 10 12 0.067100845 
321 16 9 11 0.067013256 
146 30 7 9 0.06696447 
134 63 8 10 0.066945076 
573 77 10 12 0.06694405 
712 190 9 10 0.06674092 
520 53 9 11 0.06659648 
987 3 11 13 0.066224985 
125 214 12 15 0.06621123 
751 15 8 10 0.066187404 
348 32 9 11 0.066017665 
720 168 8 10 0.065960646 
725 150 9 10 0.065934114 
214 37 9 11 0.065823235 
131 103 7 10 0.06581538 
98 111 7 10 0.06558062 
290 7 8 10 0.06555643 
285 561 13 14 0.06555414 
613 47 9 10 0.065526806 
144 25 8 9 0.065244585 
912 476 9 12 0.0652174 
472 15 9 10 0.065215856 
665 8 7 10 0.065150715 
74 53 7 10 0.06490258 
102 84 7 10 0.064812675 
570 14 9 10 0.06479727 
61 477 13 18 0.064680256 
169 175 9 11 0.06456048 
111 134 9 11 0.06455019 
367 84 8 11 0.06439462 
110 300 14 19 0.064025186 
635 40 8 10 0.06393231 
344 395 11 14 0.0635053 
175 175 9 12 0.06348795 
675 8 10 11 0.0633099 
269 504 15 18 0.06300261 
728 244 10 12 0.06299889 
153 55 9 10 0.06296591 
453 459 17 21 0.06293259 
974 101 8 10 0.06286524 
141 159 9 11 0.062775016 
439 170 11 13 0.06275453 
433 230 16 20 0.06274114 
4 174 12 16 0.0627399 
257 204 10 13 0.06262623 
120 118 8 10 0.062422127 
832 86 10 12 0.06235339 
466 436 15 18 0.062243115 
217 33 7 9 0.06208123 
569 37 8 11 0.06207706 
473 101 9 12 0.06204804 
601 95 7 11 0.06194813 
263 222 8 11 0.061913222 
648 71 8 11 0.061824143 
535 380 13 16 0.06182147 
514 493 14 18 0.061743677 
745 30 8 11 0.06173115 
913 340 12 15 0.061676 
272 36 9 11 0.0616649 
402 158 9 11 0.061659835 
385 158 8 10 0.06152528 
129 65 7 9 0.061483033 
929 493 13 14 0.061438102 
953 134 8 11 0.061138082 
799 495 10 13 0.0611379 
726 17 9 12 0.061097898 
1002 96 8 10 0.06102958 
951 472 10 12 0.06094129 
64 497 11 13 0.06089177 
293 423 9 12 0.060869437 
945 213 8 11 0.06084407 
350 95 8 10 0.060741644 
552 14 8 9 0.060737967 
577 62 8 11 0.060679484 
710 173 9 11 0.060620263 
384 151 9 11 0.060590386 
569 76 9 13 0.060264066 
320 110 8 10 0.060174506 
629 184 8 11 0.06008 
179 358 12 16 0.060001418 
884 470 13 15 0.059887197 
640 44 7 10 0.059791613 
943 472 11 12 0.05976318 
329 126 7 10 0.05948307 
310 125 9 10 0.059351657 
872 216 8 11 0.05927592 
944 159 9 11 0.0590501 
589 29 8 10 0.059009366 
791 300 9 12 0.0589893 
50 104 8 9 0.058962565 
390 159 8 9 0.058909085 
696 0 7 8 0.058868583 
174 9 8 9 0.058780227 
665 54 8 9 0.05877297 
894 1 9 10 0.0585789 
97 104 8 9 0.058578048 
151 125 8 10 0.058565885 
26 112 7 10 0.05831009 
591 507 24 31 0.058123242 
880 206 9 11 0.05801831 
1008 239 9 11 0.057973422 
993 198 8 10 0.057973053 
190 56 8 11 0.057963975 
633 46 8 9 0.057835765 
114 62 7 8 0.05761426 
536 47 8 11 0.05751178 
937 112 9 12 0.057477865 
73 49 7 9 0.057430577 
167 77 8 11 0.057274867 
489 114 9 13 0.057140157 
589 115 9 12 0.057135273 
42 47 8 9 0.057126824 
848 38 9 11 0.056980476 
942 128 8 11 0.05695975 
608 101 8 11 0.05694255 
409 198 12 14 0.05690133 
76 539 11 15 0.056869324 
661 199 9 10 0.056618422 
808 110 9 12 0.056604892 
608 183 9 10 0.056588084 
46 47 7 10 0.056362372 
791 23 8 11 0.05616119 
333 197 10 11 0.05598693 
551 68 10 12 0.05596465 
1008 126 7 10 0.05593129 
856 69 9 13 0.05591721 
265 39 8 11 0.055890974 
914 303 12 15 0.05578897 
856 214 9 11 0.055763934 
902 139 8 12 0.05575719 
327 453 13 15 0.055676498 
653 45 8 10 0.0555588 
416 117 10 12 0.05550727 
830 21 11 16 0.055419035 
821 504 8 10 0.055359907 
370 163 9 12 0.05533987 
82 30 8 9 0.055301085 
159 38 7 9 0.055228088 
353 149 8 11 0.055224776 
881 469 10 13 0.055108067 
754 237 9 11 0.055070933 
995 233 8 11 0.055050407 
682 47 8 10 0.054825228 
144 382 10 14 0.054698914 
535 37 8 10 0.05466524 
267 450 15 20 0.054554913 
739 351 12 14 0.054477543 
964 236 9 12 0.05437741 
690 56 8 11 0.05435375 
300 134 10 12 0.05409526 
422 415 11 14 0.053952027 
694 183 9 12 0.053916104 
670 164 10 13 0.053864636 
359 157 8 10 0.05364305 
621 135 10 13 0.053545494 
617 68 9 12 0.05338077 
291 128 7 10 0.053313226 
451 451 16 18 0.053209547 
531 315 15 20 0.05317016 
219 84 8 11 0.053115483 
344 165 9 12 0.053069215 
861 206 9 12 0.05294939 
759 0 8 9 0.052835353 
936 259 10 13 0.052805413 
553 539 17 21 0.052734356 
698 38 8 10 0.052662235 
992 375 9 12 0.052604128 
621 88 9 11 0.052590508 
739 19 8 12 0.052563604 
377 88 9 11 0.05253978 
976 257 8 10 0.052536316 
32 71 7 9 0.052528463 
970 102 9 11 0.052436706 
118 25 7 9 0.052354187 
681 32 8 10 0.052233893 
792 119 8 10 0.05221509 
79 101 7 10 0.05186033 
861 223 9 12 0.051561244 
761 224 8 10 0.05153117 
794 44 9 12 0.051307287 
854 75 10 12 0.051222663 
511 94 9 11 0.051166244 
114 96 7 10 0.051098436 
984 471 9 10 0.051034775 
477 328 14 16 0.051001124 
886 135 8 12 0.05093854 
467 143 8 11 0.050934367 
136 89 8 9 0.050911143 
73 102 7 9 0.050887052 
751 6 8 10 0.05085614 
239 137 8 11 0.050764944 
559 8 8 10 0.050678954 
736 135 9 11 0.050614342 
345 104 9 10 0.05057465 
119 135 8 11 0.050436657 
36 180 9 12 0.050419804 
43 55 7 9 0.050385885 
23 70 8 10 0.05034577 
36 536 12 16 0.05030791 
434 75 9 11 0.050292253 
37 0 13 11 0.05023991 
350 445 10 12 0.05017474 
127 71 9 10 0.05011812 
103 127 8 10 0.050029412 
314 152 8 11 0.049964003 
432 134 9 11 0.04975193 
137 159 9 13 0.049727846 
900 182 9 12 0.049673475 
944 0 9 10 0.049629353 
851 355 11 15 0.04961538 
616 1 8 9 0.04958318 
657 93 9 11 0.049563784 
498 71 8 10 0.049482133 
90 141 8 10 0.049474876 
617 127 8 11 0.049420565 
39 40 8 9 0.049406018 
121 73 8 10 0.049361095 
600 40 8 10 0.04934241 
245 466 10 15 0.04930993 
288 191 10 12 0.049304243 
622 75 10 13 0.049238365 
982 237 8 10 0.049221132 
648 585 14 19 0.04910424 
485 306 17 23 0.04909447 
887 327 9 13 0.04909365 
156 642 12 13 0.049019285 
37 152 10 14 0.049006835 
234 295 10 12 0.048962407 
693 111 9 12 0.04888584 
590 56 9 11 0.048832394 
197 445 15 19 0.048802525 
424 148 9 12 0.048761435 
146 121 8 10 0.04874339 
855 88 9 11 0.04870723 
74 116 8 11 0.04867251 
134 162 10 14 0.048549168 
505 481 17 21 0.048483796 
327 8 9 11 0.048129674 
383 176 9 11 0.04812755 
961 231 9 12 0.048099 
418 70 8 10 0.048071533 
6 518 9 13 0.048006915 
306 87 9 12 0.047990512 
733 589 8 11 0.047813334 
221 5 10 12 0.047682192 
783 132 8 10 0.04764537 
805 79 9 11 0.047601987 
887 141 8 12 0.047448304 
817 507 10 13 0.047401063 
384 101 8 10 0.04734877 
834 286 9 12 0.047199436 
0 500 8 14 0.04717401 
902 287 10 12 0.04716348 
274 16 7 10 0.047147267 
927 182 8 10 0.04713616 
233 1 8 9 0.046988934 
225 63 9 11 0.046938647 
490 300 15 22 0.046876054 
474 29 8 9 0.046864185 
943 207 9 11 0.046863083 
159 189 9 12 0.04679282 
349 102 8 11 0.046741933 
624 537 13 17 0.046699017 
262 180 10 13 0.046649426 
533 495 13 16 0.0466406 
211 171 12 15 0.04663759 
628 67 11 14 0.046596754 
655 71 9 11 0.046488076 
784 103 9 10 0.04644015 
264 14 8 9 0.046436302 
491 357 12 15 0.0463488 
114 57 7 9 0.046346627 
181 314 14 20 0.046192896 
232 316 9 14 0.0461366 
398 92 9 11 0.04613048 
677 12 9 11 0.046119552 
761 596 10 14 0.046017736 
942 188 9 12 0.045983713 
321 104 8 10 0.045955658 
815 94 8 10 0.045924153 
240 469 13 16 0.0459123 
241 13 8 10 0.045906868 
746 0 7 9 0.045792006 
969 176 8 10 0.04563443 
361 425 15 22 0.045560475 
599 624 16 20 0.0455256 
888 0 8 11 0.04549708 
360 62 8 10 0.04547502 
966 193 9 11 0.045466326 
602 100 8 11 0.045405503 
847 144 9 13 0.04531397 
591 158 8 10 0.04523643 
533 7 9 11 0.04522434 
762 61 9 12 0.045023628 
91 317 13 17 0.04500635 
291 144 8 10 0.044986576 
983 172 7 10 0.044952802 
512 88 8 10 0.044937663 
637 7 9 10 0.04491405 
686 158 8 11 0.044882968 
862 69 8 12 0.044778924 
824 183 9 12 0.044733595 
564 346 16 20 0.04472757 
472 46 8 10 0.044692665 
983 198 8 9 0.044680536 
204 86 9 12 0.044616617 
994 251 9 11 0.044605352 
857 222 9 11 0.04459211 
560 509 9 12 0.0445392 
290 2 8 9 0.044482205 
160 73 8 10 0.044370413 
577 21 8 11 0.04433324 
523 542 13 16 0.04430369 
112 103 7 9 0.044246536 
157 88 8 10 0.044231575 
606 96 8 10 0.044203687 
1009 144 9 11 0.044202637 
1012 59 10 14 0.044084333 
262 60 9 12 0.04393189 
834 349 9 12 0.043918133 
391 497 13 18 0.04379234 
815 1 8 9 0.043676253 
325 13 9 12 0.043601293 
137 121 7 10 0.043498844 
507 375 13 18 0.0434664 
197 5 8 10 0.043459684 
977 175 7 10 0.043440238 
286 436 13 16 0.043333195 
399 135 8 12 0.043316454 
57 120 7 10 0.043286197 
396 555 12 13 0.043261267 
830 198 9 11 0.043242786 
992 169 8 10 0.043203678 
705 174 9 12 0.043188583 
844 182 9 11 0.043169294 
540 502 11 13 0.04305511 
832 319 8 10 0.042983536 
77 452 13 16 0.04293762 
176 55 7 9 0.04287876 
933 503 13 17 0.042858183 
941 261 10 13 0.04285137 
257 55 9 12 0.042700287 
688 136 8 10 0.04269956 
288 22 8 10 0.042484835 
377 586 9 13 0.042430203 
171 566 11 16 0.04237713 
205 111 8 10 0.042352993 
146 108 8 11 0.042325307 
919 37 8 11 0.04228068 
526 522 11 15 0.042251553 
7 169 9 11 0.042209513 
606 77 10 13 0.042123117 
703 165 8 11 0.041922458 
430 529 11 14 0.041910812 
887 189 8 10 0.04183154 
952 140 9 12 0.041768324 
835 292 9 12 0.041722395 
681 53 7 10 0.041670702 
568 71 9 11 0.04161842 
977 96 7 10 0.04144323 
569 32 7 10 0.041376546 
271 1 8 10 0.041281726 
784 235 9 12 0.04126197 
242 53 8 11 0.041233506 
892 237 9 12 0.041198388 
637 63 10 12 0.04118445 
278 192 9 12 0.0411579 
987 92 9 12 0.041110385 
455 525 15 19 0.04110454 
214 52 10 13 0.04109257 
490 30 8 10 0.040939283 
168 49 7 9 0.040904563 
976 261 8 11 0.040888365 
792 246 9 12 0.040793374 
558 636 12 14 0.04068724 
296 103 9 10 0.040607054 
877 292 12 16 0.040593706 
981 525 11 14 0.040584665 
1007 101 9 11 0.04054747 
782 79 8 10 0.040528685 
894 274 10 13 0.04052378 
665 164 9 12 0.04049802 
1007 96 8 11 0.040487338 
389 468 11 15 0.04045178 
116 302 13 19 0.040444992 
173 93 9 11 0.040322002 
981 446 9 11 0.040294856 
325 442 14 16 0.040219713 
630 62 10 13 0.04018737 
792 126 8 11 0.040183466 
770 104 8 10 0.04013635 
212 45 10 13 0.040136173 
826 239 8 11 0.040104717 
39 62 8 9 0.04002055 
321 31 8 10 0.04000447 
774 472 9 12 0.039987385 
159 164 8 11 0.03997335 
533 53 8 10 0.039893992 
323 53 8 12 0.039857946 
887 220 10 12 0.03983487 
344 120 8 10 0.039833896 
641 79 8 11 0.03983239 
120 63 7 8 0.039808616 
245 54 9 12 0.03980418 
750 216 8 10 0.03977585 
262 398 12 16 0.03976637 
234 197 12 16 0.039744273 
398 167 8 10 0.039707292 
75 125 7 10 0.03969182 
265 466 15 19 0.03968699 
918 7 8 9 0.039685115 
960 24 8 11 0.039634064 
638 34 8 9 0.039583713 
735 76 9 12 0.039519336 
590 47 8 10 0.039492678 
262 80 9 11 0.039458312 
795 300 11 12 0.03937335 
313 214 10 13 0.03936908 
278 394 12 17 0.03934312 
712 22 8 10 0.039223813 
844 495 10 12 0.039208207 
45 156 11 17 0.039166972 
340 180 9 13 0.03913844 
950 227 10 12 0.03895976 
862 228 9 11 0.03894014 
351 157 8 10 0.03892824 
367 1 8 9 0.038797803 
544 68 8 11 0.03871543 
36 96 9 11 0.038708474 
475 133 8 11 0.03869899 
282 641 17 15 0.038687576 
940 99 9 12 0.038684525 
63 440 10 13 0.038639195 
657 62 8 10 0.038597185 
760 117 8 10 0.038426615 
665 127 8 9 0.038360212 
97 126 7 10 0.03830238 
188 478 15 18 0.038270723 
152 234 11 15 0.03822633 
809 92 9 12 0.038221907 
839 174 8 11 0.038167484 
929 175 8 10 0.03815585 
493 508 11 13 0.038107164 
601 45 7 11 0.03797766 
472 108 9 13 0.037956726 
118 141 9 12 0.037937876 
859 19 9 12 0.037848163 
688 183 10 12 0.03782547 
517 386 11 15 0.03778924 
844 463 14 19 0.03777001 
385 235 15 16 0.03773196 
911 141 9 12 0.037714627 
48 73 6 9 0.037705183 
790 195 9 13 0.03766928 
726 241 10 12 0.0376507 
182 428 16 22 0.037625656 
184 29 8 10 0.037594773 
327 97 7 10 0.037572727 
248 5 9 10 0.037525397 
878 50 9 12 0.03746558 
174 49 8 10 0.037444953 
268 435 13 18 0.03744452 
640 209 9 11 0.03738221 
780 0 8 10 0.037356563 
665 80 9 11 0.037287056 
37 116 9 11 0.037281644 
791 206 8 11 0.037262775 
985 52 11 15 0.037187357 
77 441 14 18 0.03717452 
239 7 8 10 0.037146505 
257 222 9 11 0.037043504 
149 274 9 13 0.037026253 
147 483 13 19 0.036999326 
801 159 7 9 0.036971223 
840 147 10 12 0.036956206 
878 92 9 12 0.036939878 
276 82 11 13 0.0369209 
285 40 9 11 0.036891818 
495 150 9 12 0.036868155 
278 552 23 23 0.036848687 
150 104 8 10 0.03682798 
529 411 13 16 0.036817934 
343 602 12 16 0.03672109 
791 54 8 10 0.036610473 
319 5 9 11 0.036571488 
917 96 10 11 0.036464803 
819 253 12 14 0.036362845 
702 97 9 12 0.036358662 
951 0 8 9 0.036334634 
288 442 13 15 0.03633182 
327 142 8 10 0.03628953 
384 126 9 12 0.036231693 
0 190 13 21 0.036187742 
840 498 10 13 0.036170304 
493 438 12 15 0.036094565 
614 183 8 11 0.036089547 
808 86 8 11 0.036087748 
39 78 7 9 0.03604893 
200 22 8 10 0.03604235 
149 207 11 14 0.035993032 
468 381 14 17 0.035979457 
912 174 8 11 0.03595444 
299 77 11 14 0.03594094 
960 71 8 10 0.035904124 
764 513 16 20 0.035887145 
886 208 9 11 0.035812702 
962 109 8 11 0.035794657 
949 347 10 14 0.035792205 
174 78 8 10 0.035792105 
209 39 9 12 0.03578613 
2 266 13 15 0.035743147 
945 349 10 12 0.035673752 
332 321 24 33 0.03565732 
173 321 13 17 0.035627343 
63 429 9 12 0.035613704 
279 68 8 11 0.03560905 
57 111 7 10 0.035600852 
758 245 10 12 0.035596512 
168 605 10 14 0.035537418 
65 176 8 11 0.03544204 
208 277 11 13 0.03543908 
88 74 8 9 0.03538777 
680 379 30 32 0.03537065 
936 470 10 13 0.03536151 
851 319 10 12 0.03533161 
588 514 17 22 0.035322867 
205 259 13 16 0.035317384 
166 293 9 13 0.035291564 
952 366 11 15 0.035279743 
294 23 9 10 0.035258442 
49 80 7 9 0.035249516 
222 281 13 17 0.035226326 
936 19 10 14 0.035218567 
383 77 8 10 0.035178725 
170 14 8 10 0.035178274 
895 200 8 11 0.035173498 
313 267 17 18 0.03515903 
115 87 7 10 0.035041135 
609 45 8 11 0.035025585 
920 183 8 10 0.03501962 
838 299 9 12 0.034975123 
38 73 7 9 0.034945622 
168 287 8 11 0.034915473 
644 541 11 15 0.03490697 
952 67 8 12 0.034873217 
863 213 8 11 0.034848046 
134 227 9 13 0.03482901 
270 120 9 11 0.0348023 
829 142 9 11 0.034754522 
696 16 8 9 0.034709968 
842 271 10 13 0.034686357 
957 133 10 13 0.034645185 
446 38 9 10 0.034621224 
767 133 8 10 0.03461252 
542 147 11 14 0.034607414 
189 167 9 11 0.034601603 
642 212 12 14 0.03454037 
940 77 10 13 0.034480527 
641 92 9 12 0.034432616 
198 55 8 10 0.034390327 
825 86 9 11 0.03437649 
831 79 9 11 0.034326512 
63 119 8 10 0.034264557 
300 60 10 12 0.034209356 
677 150 9 11 0.034195147 
189 127 14 15 0.034147535 
183 119 8 11 0.0341151 
36 39 7 10 0.03408911 
839 28 10 13 0.034054816 
43 542 10 13 0.03402485 
367 218 10 14 0.03400561 
244 34 10 12 0.033968065 
728 193 9 10 0.033931576 
387 167 7 10 0.03392672 
936 448 9 10 0.033875138 
671 158 10 12 0.033865295 
729 268 12 17 0.033830114 
46 150 10 13 0.033809423 
938 499 13 17 0.033795595 
388 474 13 18 0.033794947 
462 590 10 14 0.03378672 
789 238 9 12 0.033750705 
423 427 10 12 0.03368067 
837 468 12 15 0.033607613 
136 262 8 10 0.03360614 
188 404 11 15 0.03357745 
998 488 10 11 0.033575352 
683 629 11 15 0.033575084 
999 379 9 12 0.03355157 
131 1 8 10 0.033470385 
122 39 8 10 0.03346808 
903 431 10 12 0.033381768 
918 101 8 10 0.03334572 
315 137 8 10 0.033345506 
32 114 9 12 0.03334426 
711 531 14 19 0.033334635 
383 69 8 11 0.033289604 
473 94 8 11 0.033282656 
905 477 10 12 0.03325372 
90 49 7 9 0.033212617 
72 96 8 10 0.033212185 
829 37 9 13 0.03318349 
749 156 10 12 0.03310221 
949 338 13 15 0.033076845 
801 56 9 12 0.032872602 
558 570 12 18 0.032825973 
112 73 7 9 0.032753844 
801 78 9 11 0.032729983 
192 182 9 12 0.032670394 
704 0 8 8 0.032646228 
560 353 13 18 0.032642998 
733 160 9 11 0.03254912 
1006 506 11 15 0.032545093 
822 245 9 11 0.032531224 
157 17 8 10 0.032493412 
536 95 7 10 0.032463327 
686 89 9 11 0.03244811 
148 385 11 14 0.032445848 
277 401 11 16 0.03243434 
318 1 8 10 0.03242547 
776 116 8 11 0.03242074 
959 128 8 10 0.03239559 
229 323 10 13 0.032339863 
769 111 8 10 0.03233086 
640 69 9 12 0.032325994 
793 140 8 11 0.03231766 
886 56 9 10 0.0323003 
689 347 11 14 0.032281265 
911 93 10 13 0.032273132 
639 14 8 9 0.03221842 
305 104 8 11 0.03218238 
104 120 7 9 0.032170534 
247 118 10 15 0.03215637 
94 266 10 13 0.03214421 
633 29 9 11 0.032142017 
917 435 12 13 0.032124292 
100 579 12 14 0.03212325 
425 0 9 9 0.03209216 
105 0 8 9 0.03208633 
485 127 8 12 0.03202505 
473 7 8 11 0.032017946 
865 191 8 11 0.0319777 
422 119 8 11 0.031898122 
952 104 8 11 0.03183496 
678 157 9 12 0.03181444 
250 95 9 11 0.031796552 
936 1 9 9 0.031745266 
765 562 13 18 0.03172716 
407 93 8 10 0.03169797 
813 309 9 13 0.03162972 
640 101 8 11 0.031608053 
376 125 9 11 0.031574514 
193 16 8 10 0.03153998 
349 109 9 11 0.031520195 
758 132 9 11 0.031481165 
359 198 8 10 0.03145479 
974 6 10 11 0.03140322 
827 43 10 14 0.031385142 
793 252 8 11 0.031380355 
884 464 10 12 0.031347293 
340 483 14 18 0.031229872 
194 527 16 20 0.031223092 
551 637 13 15 0.031221518 
871 291 10 14 0.031202862 
768 119 8 10 0.0312027 
826 79 9 11 0.03120168 
524 31 8 11 0.031154046 
318 151 8 11 0.031142166 
326 220 9 13 0.031135438 
418 47 9 11 0.031120623 
713 214 9 11 0.031092519 
932 305 11 15 0.03108757 
941 19 11 15 0.031086428 
1007 110 11 15 0.031059826 
746 8 8 9 0.031044813 
271 190 10 13 0.031027252 
907 68 10 13 0.031025112 
5 133 10 11 0.031002892 
693 21 9 10 0.031000197 
918 267 11 15 0.030997949 
169 100 9 12 0.030992098 
4 155 10 13 0.030988112 
767 509 24 31 0.030979648 
209 28 8 10 0.030951386 
617 35 10 11 0.030927476 
183 88 8 10 0.03092493 
333 202 10 13 0.030920671 
764 225 9 11 0.03090645 
990 24 9 11 0.030894952 
297 31 8 10 0.030893687 
821 615 10 12 0.03087391 
82 25 7 10 0.03083724 
256 213 12 14 0.030832179 
141 252 9 11 0.03082977 
745 37 7 11 0.030827628 
261 200 9 11 0.030817006 
280 603 13 18 0.030764172 
466 54 8 10 0.030762792 
206 335 13 17 0.03075083 
783 303 11 13 0.030746102 
637 584 13 20 0.030723594 
407 532 10 12 0.030715058 
834 470 10 12 0.030614894 
562 337 25 32 0.030601481 
148 283 11 15 0.030594628 
65 72 7 9 0.030590499 
373 50 10 13 0.030588185 
146 272 8 10 0.030534735 
966 475 9 13 0.030512674 
289 62 9 12 0.030508231 
707 55 8 11 0.030494012 
810 0 8 9 0.030486139 
416 63 8 11 0.030473499 
339 48 8 11 0.030448563 
316 235 12 16 0.0304456 
176 256 10 13 0.0304369 
400 102 9 11 0.03042014 
998 168 8 11 0.030417208 
76 309 9 13 0.030394284 
717 215 8 11 0.03036115 
950 507 11 17 0.030355237 
126 143 9 11 0.030354045 
686 126 8 10 0.030339746 
759 252 9 12 0.030288113 
815 156 8 10 0.0302714 
232 94 9 11 0.030257078 
80 176 8 11 0.03025663 
269 394 12 15 0.030254005 
103 140 8 11 0.03019707 
802 499 12 15 0.030189782 
88 2 8 9 0.030189121 
735 0 8 8 0.030185161 
199 16 8 9 0.030164845 
677 244 11 12 0.030126993 
248 137 9 11 0.030118013 
787 312 16 17 0.030099966 
222 539 15 19 0.030092625 
157 224 9 11 0.030060085 
903 308 12 14 0.030052371 
134 70 8 11 0.030044703 
302 573 15 23 0.030043842 
633 0 9 9 0.03003658 
575 2 8 9 0.0300337 
739 192 9 12 0.030032957 
563 570 16 23 0.030023573 
206 384 10 13 0.030017285 
762 369 8 10 0.029998006 
111 14 8 10 0.02999039 
197 493 14 18 0.029947897 
768 198 9 11 0.029924585 
145 1 8 9 0.029922992 
512 191 12 13 0.029915316 
71 460 11 13 0.02985932 
541 39 9 10 0.02981868 
987 79 10 12 0.029807547 
382 213 10 12 0.02980209 
609 85 9 12 0.029791735 
201 73 8 10 0.029769402 
494 134 8 12 0.029747138 
929 111 8 10 0.029736694 
322 118 7 10 0.029733025 
295 120 8 10 0.029707015 
912 32 9 11 0.029672833 
746 46 8 11 0.029669933 
290 134 7 9 0.02964182 
566 159 8 10 0.029615983 
832 261 9 13 0.029598879 
977 205 9 11 0.029584926 
829 134 10 11 0.029582253 
441 22 8 13 0.029566258 
937 275 25 35 0.029550904 
387 434 23 26 0.029533591 
736 40 8 10 0.029524967 
177 120 8 11 0.029508727 
438 142 9 13 0.029486237 
956 508 11 15 0.02944562 
576 149 10 11 0.029438842 
71 176 8 11 0.029431999 
701 205 12 16 0.029410142 
159 132 9 12 0.029402187 
858 181 8 10 0.029400991 
797 310 13 15 0.029390775 
657 197 8 11 0.029378697 
133 450 14 18 0.029320415 
551 25 9 10 0.02931743 
205 78 8 10 0.029313738 
952 128 9 11 0.029305164 
913 102 8 11 0.029295752 
735 8 7 9 0.029274331 
459 574 12 17 0.029249195 
369 104 8 10 0.029194737 
533 13 9 11 0.029178414 
815 237 8 10 0.029175267 
664 100 9 11 0.02915565 
911 386 12 16 0.029134758 
152 191 9 10 0.02909599 
864 199 9 11 0.029093437 
441 87 9 11 0.029086005 
719 0 8 8 0.029061938 
617 7 8 9 0.029022988 
865 177 8 10 0.0289809 
473 64 8 10 0.02897734 
319 443 13 15 0.028930271 
256 134 9 11 0.028907092 
24 88 7 8 0.028890485 
850 59 8 11 0.028877003 
311 22 9 10 0.028848996 
607 68 9 11 0.028824892 
158 33 7 10 0.028812913 
944 230 8 10 0.028803268 
780 63 9 12 0.028759792 
881 189 8 10 0.028759522 
222 403 15 19 0.028757552 
95 46 8 10 0.028734187 
175 37 8 9 0.028730314 
151 141 9 13 0.028705457 
872 94 10 13 0.028700415 
919 483 10 15 0.028675653 
459 469 17 20 0.0286638 
169 54 8 9 0.02865626 
815 261 10 13 0.028646527 
580 151 9 10 0.028604887 
804 208 11 13 0.028562961 
614 188 8 12 0.028561136 
169 167 8 10 0.028502239 
199 286 9 11 0.028500153 
759 112 8 10 0.028466782 
456 117 10 12 0.02844979 
134 390 11 13 0.028425068 
287 428 12 15 0.028421775 
773 145 9 11 0.028387778 
730 1 7 8 0.02836028 
238 109 9 11 0.028344974 
146 16 7 10 0.028340233 
152 175 7 10 0.028330306 
971 222 7 10 0.02832398 
950 517 11 14 0.02832347 
575 141 9 11 0.02828324 
55 81 7 9 0.028255492 
214 389 9 12 0.028234797 
569 64 7 10 0.02822538 
753 132 8 11 0.028222388 
984 271 9 11 0.02821258 
967 502 11 15 0.028188711 
614 200 9 11 0.028180433 
669 79 9 10 0.028159318 
129 390 10 14 0.028147338 
911 435 11 12 0.028146453 
911 430 10 12 0.028129246 
712 168 8 10 0.028123498 
978 169 7 9 0.028119758 
852 143 9 13 0.028062524 
975 199 10 11 0.02806218 
791 111 9 11 0.028055927 
558 69 10 13 0.028014097 
639 0 8 9 0.027995545 
333 498 14 17 0.027991427 
823 102 9 12 0.027965816 
680 143 8 10 0.027959013 
772 523 14 18 0.027948698 
713 0 7 7 0.0279477 
915 312 12 15 0.027947268 
520 88 8 11 0.027933197 
678 166 10 12 0.027923824 
921 190 8 11 0.02791192 
983 99 9 11 0.027897485 
176 166 8 11 0.027890177 
991 193 9 11 0.027865188 
211 253 13 16 0.027864514 
789 277 10 14 0.02786148 
114 111 8 10 0.027839288 
286 590 12 14 0.027797254 
936 161 9 10 0.027783282 
362 70 9 12 0.027734313 
325 539 13 20 0.027681492 
97 0 7 7 0.027677283 
981 452 9 12 0.027667878 
711 31 8 10 0.027666256 
64 63 7 9 0.027567713 
458 38 7 10 0.027554857 
72 291 10 13 0.027552467 
725 195 9 11 0.027539559 
471 55 8 9 0.027525295 
728 224 9 11 0.027469212 
502 562 12 17 0.027439866 
783 153 8 11 0.02743461 
529 117 8 12 0.027433796 
455 154 9 13 0.027432919 
633 199 7 9 0.02739436 
806 29 11 13 0.027392803 
46 62 8 9 0.027352031 
541 508 10 13 0.027340453 
819 277 11 13 0.027317947 
462 384 13 17 0.02729136 
872 301 9 12 0.027270922 
498 16 7 9 0.027240012 
415 135 9 11 0.027229946 
135 188 9 12 0.027186165 
120 127 8 10 0.02718543 
295 56 9 11 0.027173053 
983 233 8 10 0.027167559 
518 179 16 16 0.027162435 
782 515 11 16 0.027159858 
998 52 11 14 0.02715153 
38 87 8 10 0.027121494 
969 182 8 10 0.027120754 
222 110 9 10 0.027024457 
900 45 9 12 0.02700924 
487 132 9 12 0.026992133 
237 191 11 14 0.026960712 
335 107 9 11 0.026959898 
647 63 8 11 0.026958684 
88 263 9 12 0.026953412 
174 342 10 13 0.02695338 
448 491 11 13 0.026951136 
49 109 8 10 0.026943073 
590 24 8 11 0.026941476 
256 453 14 17 0.026927844 
209 18 7 10 0.026908401 
473 355 17 19 0.026907634 
520 93 8 10 0.02690726 
919 290 9 12 0.026892863 
416 419 14 16 0.026884107 
918 450 13 15 0.026864132 
895 309 10 14 0.02685096 
1013 119 9 12 0.026847115 
221 12 10 13 0.02684108 
846 263 10 13 0.026839262 
863 181 9 10 0.026806686 
155 165 7 11 0.026770724 
924 475 11 13 0.026747998 
874 73 8 12 0.026739407 
319 217 11 14 0.02672529 
144 191 8 10 0.026704859 
782 383 8 10 0.02669619 
801 73 8 11 0.026688293 
824 46 9 14 0.026678879 
278 434 13 17 0.026671935 
124 208 11 14 0.026666742 
824 357 7 10 0.026657432 
960 493 9 12 0.026582902 
950 108 10 13 0.026562205 
951 84 8 12 0.0265532 
623 205 8 11 0.026523618 
805 526 12 15 0.02650683 
192 286 9 10 0.026482169 
125 174 11 14 0.026467135 
125 23 8 10 0.026462717 
510 77 9 11 0.026458926 
253 116 10 14 0.026412604 
89 279 8 12 0.02640348 
663 158 9 12 0.026394486 
340 189 10 12 0.026379034 
375 72 9 11 0.026370103 
925 451 10 13 0.026364483 
942 197 9 12 0.02635556 
945 132 8 11 0.02635355 
372 47 8 11 0.026333192 
751 72 9 11 0.026330747 
463 429 16 20 0.026309937 
227 534 12 16 0.026305772 
419 635 13 17 0.02630489 
201 239 10 12 0.026277203 
456 434 24 28 0.026272716 
687 141 8 11 0.026260782 
527 380 14 17 0.026228968 
767 189 9 12 0.026209235 
144 141 11 13 0.026197761 
262 445 14 19 0.02619629 
502 65 8 10 0.026178792 
985 193 8 11 0.026177363 
841 61 8 11 0.02617715 
778 134 7 10 0.026166692 
938 126 9 12 0.026160074 
267 402 12 17 0.026148856 
381 45 10 14 0.026133604 
887 46 10 12 0.026113492 
214 179 11 14 0.026104242 
926 487 11 13 0.026089748 
565 300 17 19 0.02608339 
698 100 9 12 0.026078776 
808 48 10 13 0.026078288 
190 294 10 13 0.0260767 
523 38 8 10 0.026076412 
936 453 9 12 0.026056485 
1015 21 8 13 0.026043367 
927 127 8 10 0.026031608 
224 1 8 9 0.026014365 
844 292 10 13 0.025994979 
238 0 8 9 0.025968157 
993 207 8 10 0.025898227 
58 138 8 11 0.025890708 
153 61 8 10 0.025833953 
1008 214 9 12 0.025744647 
800 104 8 10 0.025741886 
680 174 8 11 0.025733933 
683 23 8 10 0.025729641 
245 501 11 13 0.025725434 
529 506 11 14 0.025717147 
837 101 13 14 0.025713693 
978 454 8 12 0.025615117 
557 77 11 14 0.025554502 
168 341 11 13 0.025551444 
111 78 7 9 0.025526578 
914 37 8 12 0.025502855 
464 46 8 11 0.025485072 
425 6 11 14 0.025470965 
897 147 9 11 0.025427204 
658 229 10 13 0.025407474 
190 204 11 13 0.025401691 
325 173 10 14 0.02539999 
798 32 11 14 0.025392221 
759 191 8 11 0.025384981 
837 241 10 13 0.025369177 
896 230 9 11 0.025362995 
176 33 7 9 0.025350207 
106 97 7 9 0.025307717 
106 72 7 10 0.025307184 
291 481 15 23 0.02530079 
590 97 9 13 0.025281714 
700 583 14 17 0.025275499 
783 70 9 11 0.025249742 
856 118 13 18 0.025244737 
181 397 13 19 0.025227541 
926 61 9 11 0.025227517 
327 120 8 10 0.025217775 
128 110 8 9 0.02521431 
453 411 11 14 0.025207387 
742 141 8 11 0.025154067 
112 128 8 10 0.025148604 
221 213 9 11 0.025148254 
808 24 10 12 0.025143294 
403 212 13 17 0.025127886 
146 38 8 10 0.025126671 
431 94 9 11 0.025097407 
186 46 9 10 0.025083175 
731 7 7 9 0.025079813 
950 247 8 11 0.025066657 
205 238 11 13 0.025049336 
971 97 8 9 0.025036113 
428 368 15 22 0.025035027 
967 29 8 11 0.025005111 
34 65 7 9 0.025004555 
772 493 23 29 0.02500268 
685 30 9 11 0.0249784 
227 283 13 16 0.024972059 
300 439 10 14 0.024970375 
126 288 10 15 0.024940707 
222 183 10 12 0.024934398 
106 49 7 9 0.024924692 
725 262 11 15 0.024884548 
657 159 9 11 0.024867235 
488 97 8 10 0.024842365 
664 182 9 11 0.024841527 
17 80 7 9 0.024836116 
829 124 10 13 0.024808645 
979 15 12 14 0.024807826 
305 16 9 11 0.02479364 
843 343 11 14 0.024792707 
208 388 10 13 0.024772702 
472 69 8 10 0.024760364 
839 261 10 13 0.024756858 
394 91 9 12 0.024728572 
965 72 8 10 0.024708558 
929 118 9 12 0.024696749 
911 166 8 11 0.024666416 
334 141 9 11 0.024647327 
264 506 12 17 0.02459979 
673 110 8 10 0.024582885 
935 267 9 12 0.024564791 
318 199 9 11 0.024558624 
679 190 8 12 0.024554316 
2 84 8 11 0.024550369 
648 54 8 11 0.024541412 
816 316 7 11 0.024525907 
2 516 9 15 0.02451239 
5 127 10 12 0.024477636 
173 198 10 13 0.024476293 
252 497 11 15 0.024467995 
92 284 10 14 0.024460487 
908 456 13 16 0.024418468 
312 167 9 12 0.02437476 
696 95 8 11 0.024374217 
638 142 9 11 0.024367163 
746 155 8 11 0.024354693 
995 452 9 12 0.024345396 
1001 101 8 10 0.024328265 
976 1 10 10 0.02432545 
165 309 12 19 0.024322234 
111 7 7 10 0.024310775 
991 29 10 12 0.024283905 
719 261 11 14 0.024260895 
289 476 13 16 0.024230363 
767 128 8 10 0.024216304 
1013 143 8 11 0.024206258 
378 63 8 10 0.02420365 
798 252 9 12 0.024192557 
1013 125 9 12 0.02413782 
58 40 7 9 0.024122693 
186 0 8 10 0.024100343 
330 437 13 16 0.02409754 
423 64 8 10 0.024091696 
910 160 8 10 0.024088897 
463 38 8 10 0.024084745 
363 464 14 20 0.02407653 
312 72 8 10 0.024076412 
360 79 9 12 0.024074132 
974 180 9 11 0.024071481 
287 221 9 13 0.024049452 
74 39 7 9 0.024047436 
295 346 14 19 0.023993125 
983 264 8 9 0.023983574 
627 537 18 24 0.023973344 
428 423 10 13 0.023957942 
182 203 11 14 0.023938281 
392 104 7 10 0.023932274 
1013 238 8 13 0.023916576 
807 460 9 12 0.023911722 
611 56 10 12 0.023872824 
359 192 8 10 0.02387123 
982 255 8 9 0.02386128 
233 108 9 11 0.023858149 
881 475 12 16 0.02382661 
342 68 10 12 0.02382536 
136 55 7 9 0.023786616 
854 362 12 15 0.023785317 
890 160 10 13 0.023756929 
161 48 7 10 0.02375194 
814 588 12 13 0.023743019 
800 167 9 10 0.023733858 
327 299 21 27 0.023710622 
888 37 9 11 0.023695085 
747 550 26 32 0.023686815 
886 251 11 16 0.02367763 
872 382 8 9 0.023664946 
215 152 11 13 0.023661852 
441 589 9 11 0.023648577 
374 215 10 13 0.023636598 
790 164 9 12 0.023621848 
127 40 7 9 0.023579642 
817 464 14 16 0.02357256 
918 461 14 16 0.023554297 
435 308 14 19 0.023541426 
805 129 9 11 0.023512758 
593 77 9 11 0.023505172 
509 100 9 12 0.0235034 
806 282 9 13 0.023492655 
770 0 8 9 0.023490084 
293 16 8 10 0.023455204 
160 253 8 11 0.023447497 
144 74 7 10 0.023439605 
397 203 11 14 0.023436725 
65 47 7 8 0.023435945 
104 155 11 16 0.023434378 
607 190 10 11 0.023418292 
208 167 11 15 0.023413649 
445 545 7 10 0.023412073 
303 156 9 11 0.02339462 
396 180 11 13 0.023385115 
703 368 10 11 0.023380259 
805 72 9 10 0.0233715 
902 109 11 14 0.02335933 
361 85 9 11 0.023355382 
293 497 13 19 0.023354148 
368 182 8 11 0.023353618 
872 396 11 14 0.023324218 
177 1 8 9 0.023322212 
380 525 13 17 0.023313025 
911 128 9 12 0.023295831 
377 109 8 11 0.023294898 
311 61 8 11 0.023271544 
291 571 14 18 0.023229925 
133 183 9 12 0.023225266 
880 325 9 12 0.023213316 
740 134 9 11 0.023207363 
792 136 8 10 0.023200372 
536 24 8 10 0.023185367 
926 232 9 11 0.023178952 
961 183 8 9 0.023176663 
248 230 8 11 0.023169389 
717 94 10 13 0.02315079 
314 4 8 11 0.023122946 
882 141 9 12 0.023121953 
748 298 16 16 0.02311801 
911 324 20 26 0.023116834 
366 597 10 12 0.02311466 
967 462 9 10 0.023063002 
508 517 13 18 0.023042003 
891 331 11 14 0.023041643 
247 223 9 11 0.023038875 
912 290 10 13 0.02301922 
928 300 12 17 0.023019152 
415 92 9 11 0.023018684 
112 139 10 13 0.02301742 
58 96 8 10 0.02299187 
32 87 8 10 0.022991193 
103 261 11 14 0.022981746 
801 110 8 10 0.022980742 
255 126 9 12 0.022963744 
377 143 8 10 0.022956004 
225 23 8 10 0.022950303 
928 56 8 12 0.022911979 
441 544 8 12 0.02289524 
543 465 17 22 0.022879539 
799 85 9 11 0.022876702 
963 190 8 10 0.022876129 
33 177 10 12 0.022874018 
513 55 8 10 0.022865074 
542 140 11 14 0.02285754 
103 34 8 10 0.022855917 
186 40 8 9 0.022854492 
191 120 8 10 0.022845598 
270 350 12 15 0.022831164 
216 384 9 12 0.02280371 
334 491 14 17 0.022803562 
168 598 11 15 0.022780828 
951 208 8 11 0.022771223 
566 628 13 19 0.022754224 
997 199 8 10 0.022742366 
389 153 9 11 0.022720851 
778 128 8 10 0.022706095 
711 130 8 10 0.022702644 
585 48 9 11 0.022695325 
487 582 14 18 0.022694321 
812 28 9 13 0.022674235 
297 546 13 17 0.022671456 
125 380 10 15 0.022669464 
440 6 9 12 0.022662444 
198 324 11 14 0.022660576 
887 128 8 11 0.022659885 
705 134 8 11 0.02264832 
527 0 8 10 0.022648139 
314 199 8 11 0.022642745 
176 62 7 9 0.022631975 
349 598 10 13 0.022628061 
862 62 9 11 0.022616232 
598 22 8 11 0.022608899 
646 80 10 13 0.02259181 
434 394 17 25 0.022573518 
969 168 7 10 0.022557382 
896 303 9 14 0.022557134 
870 191 9 11 0.022549205 
263 70 8 10 0.022547085 
789 520 10 14 0.022531956 
34 78 8 10 0.022524735 
445 229 14 19 0.022515412 
959 104 8 11 0.022506474 
892 449 12 15 0.022505738 
158 54 8 10 0.022504931 
663 205 8 11 0.02249481 
49 29 8 10 0.022483177 
960 93 7 10 0.022479838 
376 182 8 11 0.022477904 
941 276 16 22 0.022470687 
94 549 13 15 0.02246545 
464 174 11 14 0.022457127 
479 64 9 11 0.022446422 
879 307 8 12 0.022422953 
63 111 8 10 0.02242081 
348 166 9 12 0.02241032 
197 227 10 12 0.022396024 
150 364 10 13 0.022394167 
839 487 12 14 0.02238957 
915 344 14 15 0.022380047 
1013 480 10 16 0.022378772 
329 307 25 34 0.022342548 
874 6 8 10 0.022339309 
721 47 8 10 0.022310872 
758 508 15 20 0.022305913 
198 46 8 11 0.022294648 
475 436 13 17 0.02227988 
976 216 8 10 0.022278445 
62 40 7 9 0.022249091 
112 36 9 11 0.02223043 
46 40 7 9 0.022230137 
284 507 15 18 0.022207761 
382 480 16 21 0.022199677 
129 87 7 9 0.02217704 
167 300 10 15 0.022175707 
1015 71 9 14 0.02215166 
742 245 9 12 0.022127286 
54 176 10 11 0.02212555 
321 96 7 9 0.022089174 
407 166 10 11 0.022078384 
924 284 10 13 0.022076808 
205 231 10 12 0.022069117 
717 59 9 11 0.022064155 
994 485 9 12 0.022064075 
968 158 8 10 0.022033699 
287 215 9 12 0.022030436 
911 148 9 11 0.022027843 
825 95 9 11 0.02202035 
633 207 8 11 0.022019323 
486 535 18 24 0.022015572 
127 358 9 11 0.022008758 
714 93 9 11 0.022004347 
704 31 8 10 0.02200171 
147 351 13 14 0.021998622 
846 108 11 15 0.021989288 
721 238 9 12 0.021982742 
445 411 12 15 0.021964889 
102 266 11 14 0.02195935 
814 21 9 12 0.021958053 
760 55 9 11 0.021921217 
487 25 8 9 0.021870425 
508 557 10 14 0.021859791 
509 483 22 27 0.021848012 
502 399 13 17 0.021820841 
940 371 12 15 0.021818463 
582 127 8 11 0.021811847 
1008 148 9 13 0.021782514 
447 127 11 12 0.021781828 
248 110 9 12 0.021780847 
270 100 9 11 0.021760633 
944 71 9 12 0.021749545 
55 501 9 12 0.021749424 
496 143 8 11 0.021713164 
598 9 8 9 0.021710398 
725 164 9 11 0.021698542 
942 61 9 12 0.021690993 
300 602 12 15 0.021688888 
902 0 8 9 0.02168828 
478 295 23 28 0.021673605 
169 24 7 9 0.021673262 
707 60 9 12 0.021672716 
840 457 13 17 0.021667732 
589 595 14 17 0.021657262 
114 119 7 10 0.02165305 
807 309 10 14 0.02164913 
678 63 8 10 0.021648182 
717 192 9 11 0.021643007 
515 48 7 9 0.021636419 
750 144 10 12 0.021628587 
95 492 11 13 0.021624824 
409 125 8 10 0.021618206 
321 127 8 10 0.02160781 
891 213 10 13 0.02157957 
785 20 8 11 0.021574892 
112 278 9 12 0.021547548 
884 339 10 13 0.02154745 
570 127 10 14 0.021543005 
939 145 8 10 0.02152108 
87 223 10 13 0.021513766 
768 475 11 14 0.021511527 
739 56 8 11 0.021491308 
383 487 20 26 0.021488404 
0 143 11 15 0.021478428 
815 411 11 14 0.021476097 
65 57 7 9 0.021472499 
895 117 12 15 0.021468172 
238 103 8 11 0.021458939 
770 151 9 10 0.02144483 
232 299 10 12 0.021430459 
645 208 10 12 0.02143004 
160 184 9 12 0.021429157 
413 157 10 12 0.021412348 
901 39 8 11 0.021403708 
440 101 8 12 0.021394337 
586 5 8 10 0.021394072 
168 334 11 14 0.021392832 
173 331 11 15 0.021371989 
368 175 7 10 0.021357033 
697 84 9 12 0.021343097 
917 46 9 11 0.02134191 
798 120 8 10 0.021333206 
56 46 7 9 0.02132599 
853 107 10 14 0.02132033 
396 414 12 14 0.021316418 
240 47 9 11 0.021299008 
607 195 10 13 0.021297788 
809 117 9 10 0.021289561 
105 16 8 10 0.021286111 
782 471 10 12 0.021282613 
342 173 8 13 0.02127819 
588 168 8 11 0.02127102 
836 22 11 14 0.021227034 
173 103 9 11 0.021227023 
472 118 7 11 0.021217588 
270 513 13 17 0.021217491 
789 262 10 13 0.021216812 
879 184 9 10 0.021213751 
127 225 12 16 0.021201134 
424 260 30 43 0.021180537 
926 223 9 11 0.021166842 
789 523 15 18 0.021163287 
631 87 9 10 0.021112707 
456 71 7 10 0.021111043 
544 79 8 12 0.021109942 
259 533 13 19 0.021107057 
546 54 8 9 0.02108909 
140 221 9 11 0.02106718 
188 394 11 15 0.02105918 
14 164 9 11 0.021043563 
78 38 8 10 0.021027911 
414 578 13 19 0.021024022 
139 31 6 9 0.021023916 
910 363 9 14 0.02101804 
670 181 9 12 0.020990154 
517 189 14 14 0.020983333 
352 86 8 11 0.02098162 
80 64 7 9 0.020970972 
159 129 7 10 0.020966366 
78 205 10 12 0.020961493 
966 441 10 14 0.020955952 
135 48 7 10 0.020954393 
144 198 8 11 0.02095177 
869 62 8 10 0.020936534 
93 539 13 16 0.020921543 
548 126 9 13 0.020911746 
133 514 17 20 0.020885138 
1003 126 7 10 0.020844813 
948 174 11 14 0.020832095 
783 175 8 10 0.0208161 
520 489 23 28 0.020809999 
488 64 8 11 0.020799002 
327 108 8 11 0.020797584 
165 133 11 14 0.020792058 
302 463 11 14 0.020791061 
71 535 12 17 0.020789957 
988 469 10 12 0.020784907 
95 444 10 13 0.020781083 
302 149 8 11 0.020776246 
159 150 8 10 0.020775514 
125 195 10 12 0.0207701 
770 144 8 10 0.020753285 
119 101 8 10 0.020731086 
39 33 8 10 0.02072935 
783 17 8 10 0.020725496 
393 134 9 12 0.020703347 
764 244 10 12 0.020690639 
892 222 10 12 0.02067815 
759 196 9 11 0.020661455 
955 451 12 15 0.020660035 
172 311 20 29 0.020645749 
904 102 10 13 0.0206438 
583 71 8 10 0.020632256 
1008 244 10 12 0.020626957 
792 77 8 11 0.020620378 
674 31 8 10 0.02061877 
757 292 14 15 0.020617306 
176 88 8 10 0.020615699 
797 139 10 13 0.020611182 
36 102 8 10 0.020586036 
878 224 10 13 0.020559002 
695 135 7 10 0.020557953 
926 32 9 11 0.020551195 
19 71 9 11 0.02054941 
1001 172 7 11 0.020541556 
606 164 8 11 0.02053643 
601 159 8 10 0.020535538 
125 135 9 11 0.020518819 
551 508 10 13 0.020512512 
713 38 8 10 0.020502405 
486 440 14 18 0.020493867 
179 349 11 14 0.020486908 
301 0 10 11 0.020469325 
815 117 9 11 0.02046345 
729 75 8 12 0.02045936 
587 603 14 16 0.020444566 
142 341 10 14 0.020438882 
800 94 8 10 0.020436779 
834 384 8 9 0.020427622 
768 205 8 11 0.020424776 
813 88 9 11 0.020419504 
831 71 9 11 0.020401308 
112 283 12 15 0.02039919 
456 109 11 12 0.020383585 
226 303 8 10 0.02037848 
977 473 9 11 0.02037118 
186 71 8 10 0.02035932 
370 108 8 11 0.020346766 
505 102 8 11 0.020338092 
718 221 9 11 0.020332381 
634 600 13 16 0.02032996 
120 204 10 14 0.020298254 
904 55 8 10 0.020279512 
788 302 24 28 0.020266512 
79 15 7 9 0.02026423 
792 420 9 11 0.020248745 
431 520 12 16 0.02023151 
174 418 14 16 0.020212322 
925 37 10 12 0.020183027 
96 23 8 10 0.020172002 
193 104 8 10 0.02014352 
357 511 17 19 0.020138863 
786 200 8 10 0.020124959 
86 446 11 15 0.020111553 
864 0 7 9 0.0201054 
235 314 11 14 0.020096876 
398 109 9 11 0.020090258 
274 22 8 10 0.020086948 
735 46 9 10 0.020080794 
376 103 9 10 0.020076718 
569 631 15 22 0.020072311 
101 569 13 18 0.020042624 
0 557 7 14 0.020020055 
840 446 9 12 0.02000886 
966 139 10 13 0.020001035 
