2_Demonstration_Demonstrators_2_329
48
252 95 61 77 0.9996092 
204 46 48 63 0.9984322 
861 167 37 46 0.99643 
376 98 24 32 0.99308866 
959 190 24 35 0.99185973 
134 86 49 57 0.9918561 
709 165 23 36 0.989502 
111 30 40 51 0.9882565 
933 182 31 37 0.98671365 
792 191 23 28 0.982336 
24 2 49 55 0.9779939 
732 168 20 27 0.95656246 
666 152 22 29 0.9545154 
979 221 25 29 0.93592155 
606 176 11 14 0.82135123 
621 156 9 12 0.40196672 
65 48 32 40 0.2739741 
814 200 15 20 0.2702668 
616 157 10 13 0.1920509 
905 167 24 38 0.1713969 
788 257 14 18 0.07763828 
608 155 11 15 0.0706426 
780 203 15 24 0.05372342 
378 135 27 36 0.05285538 
591 157 11 13 0.052119404 
646 169 13 17 0.048659097 
624 181 11 14 0.048158932 
595 163 11 13 0.04452908 
916 171 26 36 0.04281016 
549 210 13 15 0.042474005 
566 164 9 12 0.040831074 
533 73 8 11 0.040439274 
910 165 13 18 0.035439145 
597 157 11 15 0.033333324 
890 167 27 37 0.03290532 
769 205 22 30 0.030856498 
569 135 10 13 0.030068466 
573 165 10 13 0.030060492 
783 192 22 30 0.030031802 
804 200 22 29 0.028402396 
600 148 11 15 0.02813606 
1005 221 16 23 0.027366536 
648 161 14 20 0.026069686 
605 151 19 26 0.025799146 
811 188 24 28 0.024099844 
584 155 11 13 0.023133177 
955 186 18 28 0.020987537 
630 157 10 13 0.020022748 
