2_Demonstration_Protesters_2_56
47
390 399 70 89 0.9992555 
814 197 59 75 0.9988618 
880 280 64 81 0.9984224 
488 469 76 83 0.99736196 
239 396 54 61 0.99627304 
623 330 70 85 0.99617296 
744 434 77 84 0.9950281 
683 234 19 26 0.9618205 
73 408 43 54 0.89904803 
290 549 52 63 0.86367744 
848 158 29 31 0.6943773 
668 161 11 16 0.5290424 
694 220 17 18 0.4873049 
93 405 38 54 0.34879676 
657 232 18 20 0.2882434 
887 208 28 48 0.2843132 
710 253 35 42 0.21417163 
66 381 29 42 0.1807834 
985 286 33 47 0.17011689 
659 222 17 21 0.14871222 
770 195 14 16 0.1481344 
632 206 10 12 0.13395473 
281 366 26 40 0.11671792 
884 191 27 45 0.11138232 
348 379 33 36 0.086437404 
603 245 38 51 0.08156352 
891 190 17 21 0.060418423 
189 345 22 26 0.056276664 
465 317 40 58 0.044760592 
662 58 25 34 0.042689066 
671 196 14 17 0.039141923 
626 206 11 14 0.03882576 
574 140 21 26 0.036010917 
826 178 53 60 0.035033785 
59 390 45 51 0.033993885 
726 393 49 70 0.03364028 
879 177 29 34 0.03294372 
530 282 35 39 0.03201706 
339 365 27 32 0.03124817 
258 374 45 55 0.02974622 
116 406 43 57 0.028349811 
980 244 38 69 0.026682733 
625 212 11 14 0.024298707 
896 186 26 39 0.023917243 
979 225 41 55 0.023317626 
612 249 15 21 0.020959066 
79 389 34 42 0.020210614 
