2_Demonstration_Political_Rally_2_867
162
648 496 31 41 0.99826705 
913 369 32 38 0.9974497 
797 424 36 43 0.9972646 
173 551 53 60 0.9943177 
925 511 46 54 0.9919274 
68 522 42 44 0.9804395 
130 489 16 18 0.976704 
617 504 21 26 0.9660406 
948 371 24 27 0.94732785 
170 508 34 48 0.88150215 
866 359 10 14 0.68044466 
331 543 40 61 0.6312384 
0 522 17 23 0.6190168 
855 381 12 15 0.5495839 
71 455 16 18 0.54100484 
817 359 11 16 0.5122856 
169 385 11 14 0.48686433 
886 584 74 80 0.48327482 
825 402 20 28 0.45999336 
797 371 9 11 0.45919037 
190 384 10 14 0.41696808 
474 517 27 40 0.38801175 
838 366 10 12 0.34935853 
769 359 8 11 0.3454522 
122 523 17 22 0.31882903 
299 507 16 17 0.31376565 
881 360 9 12 0.25392598 
79 400 9 10 0.19696306 
45 423 10 12 0.17540717 
820 385 11 14 0.17348674 
373 497 25 28 0.16853377 
894 366 9 12 0.15975684 
415 508 23 35 0.15637894 
9 399 9 12 0.14222886 
117 491 12 15 0.14030673 
23 505 15 16 0.13958317 
996 363 17 20 0.12355501 
834 367 9 11 0.11671885 
718 531 15 20 0.1135232 
726 380 9 11 0.108698614 
197 388 9 12 0.10743585 
31 397 8 10 0.101395786 
163 437 14 20 0.097045764 
885 364 10 13 0.09112875 
413 508 15 22 0.09094939 
96 396 8 11 0.088413745 
54 421 10 12 0.08550234 
891 397 14 16 0.0798079 
769 377 8 10 0.07966119 
461 526 28 37 0.07955425 
735 390 8 10 0.079304114 
186 386 10 13 0.078807056 
164 446 17 24 0.074639075 
794 368 9 11 0.07249316 
847 621 85 66 0.06876314 
737 412 9 12 0.068171695 
55 398 8 10 0.06630635 
176 416 11 12 0.06555481 
158 434 13 21 0.064769305 
120 404 8 10 0.064156815 
784 368 7 10 0.0632624 
483 507 28 41 0.060540844 
151 403 10 13 0.059911735 
75 400 7 10 0.058592092 
143 380 9 12 0.05808441 
116 502 13 16 0.05752358 
840 360 9 11 0.056812998 
744 374 8 10 0.055258404 
117 515 14 22 0.05455992 
775 377 7 9 0.049038585 
817 342 11 12 0.04806612 
50 398 8 10 0.047096338 
485 489 15 19 0.04606378 
896 360 8 11 0.04582978 
737 359 7 9 0.04374351 
121 525 28 30 0.043740757 
111 485 14 17 0.04337217 
698 472 13 18 0.043030754 
951 349 9 10 0.042989638 
744 368 7 9 0.042879313 
181 418 15 17 0.041837208 
485 488 25 37 0.041405518 
768 352 8 11 0.040273163 
999 371 23 30 0.03911903 
1010 343 8 11 0.039011255 
982 352 8 10 0.038926985 
1 398 9 13 0.038534604 
729 390 8 11 0.03715829 
150 382 10 11 0.036632765 
847 351 8 10 0.03635317 
735 384 8 10 0.03584365 
204 473 16 22 0.03582759 
843 366 10 13 0.035553467 
86 400 8 10 0.034786254 
959 351 8 10 0.034173433 
966 355 11 14 0.033975158 
728 407 8 11 0.033554602 
459 534 18 25 0.03297472 
159 390 8 11 0.032287713 
487 488 39 55 0.03198378 
26 398 8 10 0.031587917 
846 358 8 10 0.031554572 
859 376 10 13 0.031455517 
886 392 14 17 0.031434406 
878 395 14 19 0.030688772 
197 413 11 15 0.030429829 
153 390 9 11 0.030304011 
807 366 9 12 0.029606258 
200 396 8 11 0.02941266 
87 405 8 10 0.029296853 
1009 383 15 22 0.029194102 
63 398 7 10 0.029153384 
762 359 8 10 0.028550075 
190 414 14 19 0.02782743 
751 373 8 10 0.027094847 
170 436 14 21 0.026963573 
899 396 13 17 0.02694034 
736 375 8 10 0.026924934 
888 352 7 9 0.02692383 
418 522 17 28 0.026212253 
782 373 8 10 0.026008464 
198 365 9 13 0.02583324 
869 380 10 13 0.025734892 
127 390 8 10 0.025728066 
64 392 8 9 0.025603883 
40 391 7 11 0.025408704 
896 351 8 9 0.024940085 
20 470 10 12 0.02489779 
165 486 14 16 0.024825169 
155 403 12 15 0.024633428 
197 407 10 13 0.02435865 
733 433 10 11 0.024271637 
43 428 9 11 0.02422202 
821 397 14 17 0.024058087 
47 416 10 14 0.023817696 
38 397 8 10 0.023718888 
295 494 25 30 0.023652969 
761 374 7 10 0.023425348 
899 366 11 13 0.023299834 
752 368 7 10 0.02328774 
728 399 8 11 0.022576582 
775 365 8 10 0.022512116 
944 349 9 11 0.022287173 
279 558 25 36 0.02213338 
723 376 10 12 0.022076033 
74 480 17 20 0.02203959 
800 352 8 10 0.02197713 
2 448 14 21 0.021919051 
94 406 8 10 0.021817768 
14 393 10 11 0.021766735 
935 351 9 10 0.02163396 
993 336 7 9 0.02137724 
168 453 18 21 0.021164501 
112 393 7 9 0.021109402 
49 392 7 10 0.020990143 
326 555 26 48 0.020895312 
110 512 15 21 0.02085298 
1 422 8 12 0.020742072 
41 383 7 9 0.020720696 
644 486 24 31 0.02069666 
786 418 19 20 0.020630954 
742 360 8 9 0.020049516 
