2_Demonstration_Demonstration_Or_Protest_2_586
196
471 146 26 34 0.9982828 
837 200 28 38 0.99763286 
691 146 29 37 0.99609464 
384 186 25 36 0.995415 
637 167 23 34 0.99441046 
524 120 14 20 0.9892169 
139 144 23 32 0.9835069 
760 120 17 22 0.97394943 
174 125 16 19 0.96414113 
788 114 12 14 0.9628156 
133 119 12 15 0.957612 
409 104 15 19 0.95197254 
961 105 15 21 0.9489189 
27 131 15 19 0.94189 
386 135 15 20 0.9209174 
345 93 11 14 0.8972837 
127 101 11 14 0.8774119 
994 146 21 30 0.8442641 
109 130 12 15 0.82686335 
382 104 9 11 0.8074773 
69 92 9 11 0.8029806 
29 103 11 16 0.78998864 
315 171 15 20 0.7838863 
577 154 20 29 0.7649018 
600 116 10 15 0.7429981 
169 103 9 11 0.65473837 
571 124 13 15 0.6273763 
432 97 10 14 0.6253511 
11 87 11 13 0.55691826 
399 98 10 14 0.5105641 
183 102 10 11 0.4815633 
476 232 15 20 0.44138828 
67 62 11 14 0.43388745 
289 161 14 22 0.40821397 
198 124 10 12 0.38813397 
358 88 10 12 0.3689535 
438 127 13 15 0.36762318 
215 115 11 13 0.35586762 
135 66 10 13 0.34174398 
0 99 10 13 0.32789755 
435 94 13 16 0.3208554 
284 123 9 13 0.31851596 
801 221 21 35 0.30721512 
694 93 10 13 0.296844 
721 128 9 11 0.2901989 
92 111 10 13 0.25979733 
53 111 9 12 0.25494602 
97 90 9 12 0.25258717 
10 3 11 14 0.23993275 
0 72 8 12 0.23464252 
221 166 11 13 0.22679436 
16 67 9 12 0.22535346 
88 114 11 14 0.21534601 
0 115 12 15 0.20431714 
759 99 9 12 0.20233727 
117 147 18 22 0.1874866 
994 96 8 11 0.17668977 
87 95 9 11 0.16334355 
55 94 10 12 0.16148296 
158 220 10 13 0.15708144 
517 37 11 15 0.15693663 
248 120 11 13 0.15085281 
114 131 13 15 0.15065023 
66 109 8 10 0.1273467 
70 139 14 18 0.12561713 
329 157 11 15 0.10640897 
707 150 21 30 0.10354001 
0 123 13 16 0.10340955 
538 92 11 13 0.1015548 
327 147 12 14 0.09759506 
145 95 8 10 0.09412103 
85 101 10 13 0.093927056 
444 91 14 17 0.086432725 
1 131 14 17 0.084763736 
149 102 8 12 0.08272208 
135 95 9 10 0.07636489 
80 107 11 13 0.075356334 
670 131 10 15 0.07214278 
450 117 17 21 0.069800064 
55 88 8 10 0.06855908 
393 101 10 12 0.06832859 
8 71 8 11 0.06816852 
443 123 13 17 0.06713482 
405 93 10 12 0.063979864 
177 85 8 10 0.060297538 
770 121 14 18 0.060119495 
762 94 11 13 0.058214955 
41 89 9 10 0.058029357 
8 92 11 13 0.05537532 
30 92 10 12 0.054413978 
63 103 9 11 0.052503806 
150 96 8 10 0.051370274 
9 78 9 11 0.050470788 
423 99 12 16 0.05039177 
135 87 9 10 0.05028581 
366 117 9 11 0.04945133 
430 83 11 15 0.04916967 
2 111 12 13 0.04782713 
184 106 11 13 0.047115047 
871 71 13 18 0.046949375 
75 132 12 16 0.04675787 
264 124 8 11 0.044724032 
25 88 10 12 0.04462487 
210 110 12 14 0.043557968 
148 123 13 15 0.043324832 
525 33 11 17 0.042690713 
60 132 13 16 0.042583864 
82 94 8 11 0.04145706 
239 91 10 11 0.040789712 
85 55 10 11 0.04068905 
562 74 14 17 0.0405646 
261 233 16 19 0.039833814 
418 107 14 18 0.039672 
693 351 15 18 0.03935188 
436 86 14 17 0.0379881 
287 102 9 11 0.03759293 
193 120 10 12 0.03707854 
334 104 9 12 0.036857527 
452 93 12 14 0.03633732 
407 89 10 11 0.036239002 
360 116 10 14 0.03610259 
109 117 12 14 0.03576082 
429 76 12 16 0.03510007 
438 180 13 17 0.03487845 
540 100 10 14 0.03432373 
130 71 8 10 0.034315955 
717 135 15 23 0.03412407 
176 54 7 9 0.033399217 
103 109 10 12 0.032584425 
693 113 11 17 0.032402433 
148 131 13 17 0.031454418 
352 87 9 12 0.031181268 
12 78 11 13 0.031096429 
942 107 12 17 0.03050603 
209 116 10 12 0.030469244 
996 99 9 12 0.030457605 
715 147 15 22 0.030284988 
569 119 12 14 0.030271651 
310 110 9 11 0.029900549 
81 45 9 12 0.029856686 
102 43 9 12 0.029673757 
294 78 10 13 0.029246856 
63 138 15 17 0.029139983 
293 135 10 13 0.029014315 
69 124 13 17 0.028706439 
553 67 22 26 0.02866488 
245 87 11 13 0.028596384 
587 183 21 26 0.028571641 
104 117 11 12 0.028389698 
470 230 15 19 0.028025454 
48 86 8 11 0.027989537 
723 131 12 17 0.027899282 
218 111 12 14 0.027806526 
292 149 13 22 0.027550487 
303 92 9 12 0.027452333 
293 84 9 12 0.02704704 
292 115 10 13 0.026521252 
367 93 8 11 0.026227985 
725 136 13 20 0.026124712 
524 110 16 21 0.025739348 
626 13 8 10 0.025451142 
260 157 15 22 0.02518535 
192 131 10 14 0.025183648 
236 146 10 13 0.024971582 
204 125 10 12 0.024857838 
324 114 12 14 0.024770701 
310 167 12 16 0.02468755 
512 42 13 15 0.024493095 
431 69 11 16 0.024474286 
150 106 9 12 0.02442405 
463 49 10 12 0.024002185 
93 77 10 12 0.023954876 
34 106 11 14 0.023593904 
362 19 16 19 0.023425773 
108 110 10 12 0.02333366 
289 221 12 15 0.022603624 
518 31 13 17 0.02242235 
674 128 16 19 0.022409754 
19 64 9 12 0.022277918 
244 47 11 12 0.022071568 
187 103 9 12 0.021905232 
541 123 13 17 0.021728788 
158 133 11 16 0.021597577 
353 352 7 8 0.021559065 
0 86 9 13 0.021391276 
566 161 23 29 0.021252617 
48 114 10 13 0.020812962 
187 205 12 15 0.02080979 
142 123 10 14 0.02075959 
826 87 14 19 0.020635782 
287 137 14 17 0.020565195 
326 135 11 12 0.020551473 
98 45 9 11 0.020516712 
998 117 11 13 0.020448163 
39 78 9 11 0.020278217 
50 94 10 11 0.020267833 
