2_Demonstration_Political_Rally_2_741
54
573 481 46 61 0.9912115 
121 502 32 52 0.9490882 
738 476 16 22 0.919764 
671 434 11 15 0.6621037 
758 445 12 17 0.4546482 
200 475 29 40 0.45149615 
643 444 9 12 0.28267235 
925 551 53 54 0.27380446 
753 444 11 15 0.2327466 
641 441 9 11 0.15461232 
762 448 12 19 0.14327262 
656 440 10 12 0.13355024 
782 437 14 16 0.12202002 
788 570 54 74 0.08820286 
734 450 10 15 0.08230614 
793 485 24 27 0.07393704 
832 456 8 11 0.062103458 
767 474 13 18 0.060691062 
249 439 20 30 0.060198534 
703 451 13 18 0.05097211 
750 448 10 15 0.04812399 
725 449 12 19 0.04296358 
290 446 44 45 0.041604303 
939 546 42 37 0.040142395 
768 437 9 13 0.037721332 
623 446 8 11 0.03613297 
742 453 11 13 0.033483695 
161 373 28 35 0.03241678 
718 429 11 12 0.032394882 
717 451 16 20 0.02892189 
241 427 26 36 0.028862052 
240 417 25 27 0.028521763 
633 439 8 10 0.028418563 
903 462 8 10 0.028328551 
786 470 24 30 0.02777651 
101 455 27 33 0.027307121 
837 455 8 11 0.025966398 
823 460 9 11 0.025721332 
927 452 9 12 0.025315093 
689 427 9 12 0.02524598 
290 438 32 33 0.02519678 
912 441 7 9 0.025026476 
623 440 8 11 0.024883904 
671 423 11 16 0.02482981 
909 575 52 58 0.024251882 
776 437 11 13 0.02401001 
778 463 24 27 0.023196844 
685 439 10 14 0.022528594 
781 460 15 16 0.021473194 
814 444 13 14 0.020560076 
945 452 10 12 0.020519642 
921 445 9 11 0.020455632 
204 489 39 46 0.02006341 
815 453 10 13 0.020002525 
