2_Demonstration_Demonstrators_2_654
58
586 167 36 40 0.9972345 
295 146 36 45 0.9957273 
450 156 38 44 0.9934285 
826 126 28 31 0.989209 
716 189 33 39 0.98376435 
710 130 25 27 0.98131746 
244 118 31 36 0.74739957 
368 133 25 41 0.665017 
596 116 22 26 0.6540131 
348 147 26 33 0.5018978 
151 134 42 62 0.496145 
148 107 36 43 0.4443045 
954 187 31 40 0.39187598 
68 111 27 32 0.23334567 
27 239 52 78 0.15149587 
141 148 31 35 0.11819211 
71 97 23 28 0.10045084 
958 183 47 63 0.09027391 
138 154 19 24 0.061257444 
108 218 35 46 0.059889663 
931 97 14 19 0.05954942 
911 97 24 33 0.059475947 
678 41 14 18 0.05101314 
960 138 28 29 0.04801888 
102 78 39 51 0.04743591 
998 116 13 15 0.04706618 
851 92 13 19 0.044749472 
910 99 44 53 0.04167611 
916 92 14 19 0.040780418 
354 142 35 46 0.03689236 
400 271 20 23 0.035158366 
962 429 52 67 0.035091106 
819 90 15 16 0.03437997 
920 91 24 34 0.03406449 
1001 121 19 21 0.03363732 
309 71 10 11 0.032208074 
878 118 28 39 0.031181261 
683 37 12 15 0.029316789 
997 137 26 46 0.029086085 
1014 92 8 13 0.029002592 
908 103 17 24 0.028132906 
305 75 12 14 0.027435923 
955 141 16 19 0.027129084 
944 105 12 15 0.026559703 
98 509 140 148 0.02615081 
969 141 17 18 0.025577724 
318 76 11 13 0.022870367 
1014 87 8 13 0.022840086 
132 123 49 59 0.02222703 
112 198 53 62 0.021941356 
45 226 35 58 0.021443704 
919 149 31 37 0.021380648 
811 84 18 19 0.021343464 
855 75 10 13 0.020944744 
968 75 10 13 0.020889496 
161 146 49 70 0.02051413 
363 146 18 28 0.020289594 
127 67 12 14 0.020217612 
