2_Demonstration_Demonstration_Or_Protest_2_304
28
192 276 52 69 0.99805224 
373 364 34 45 0.9975268 
763 291 100 118 0.99484986 
429 377 45 55 0.9947002 
301 387 36 44 0.99398816 
527 346 44 66 0.9934093 
79 383 34 47 0.99204355 
680 402 45 56 0.9900158 
259 384 40 55 0.97967076 
547 346 45 66 0.9425076 
917 375 34 59 0.91350204 
726 395 35 47 0.6219632 
39 409 24 29 0.50921637 
769 547 92 110 0.44612414 
601 356 36 41 0.38763863 
23 409 14 17 0.16596214 
146 265 20 24 0.12047282 
567 355 39 57 0.11873501 
0 556 11 17 0.111985035 
25 405 25 29 0.07913353 
41 357 25 33 0.059372146 
712 399 28 36 0.047745436 
966 443 52 62 0.045624293 
1010 422 14 31 0.027426643 
28 384 38 52 0.026954994 
616 373 19 26 0.026236663 
0 403 9 19 0.022999851 
1001 407 22 48 0.02083528 
