2_Demonstration_Political_Rally_2_410
170
4 533 59 77 0.99966776 
468 456 36 42 0.998858 
247 506 75 87 0.998574 
856 418 38 49 0.9973023 
634 456 93 111 0.99656785 
727 480 50 63 0.9962895 
932 448 28 38 0.9959364 
179 496 52 66 0.99546635 
351 430 43 48 0.9950761 
503 490 38 51 0.9925275 
560 524 43 65 0.9801732 
116 424 18 23 0.97038054 
807 448 19 24 0.9564013 
508 428 19 24 0.9553897 
832 428 16 20 0.948017 
151 414 13 17 0.9473013 
67 410 12 18 0.8313327 
328 421 9 10 0.7761857 
956 427 19 20 0.7723703 
177 412 10 12 0.7212802 
286 419 10 12 0.6800227 
609 435 16 23 0.61445445 
122 397 11 14 0.60123575 
148 395 10 12 0.5981512 
12 421 24 28 0.5898726 
564 424 15 23 0.5439615 
207 417 13 15 0.5232948 
533 419 9 11 0.44489282 
91 433 13 16 0.42151013 
252 413 9 11 0.40037706 
438 407 9 12 0.38802987 
461 420 10 13 0.35635865 
320 460 9 12 0.35239533 
100 399 9 12 0.3203042 
32 414 21 29 0.30261055 
169 375 8 10 0.28756025 
214 415 11 15 0.28299683 
53 406 10 13 0.24747846 
610 421 14 16 0.18931818 
546 422 8 9 0.16673817 
220 412 10 14 0.15872145 
178 392 8 10 0.13989137 
255 420 9 12 0.12967514 
176 420 11 15 0.12805685 
1009 414 8 11 0.124226026 
294 430 11 13 0.123994984 
97 402 10 13 0.12367401 
289 440 14 19 0.12224336 
406 423 9 11 0.12174182 
145 391 11 14 0.11025116 
468 421 12 14 0.10553824 
125 452 17 19 0.099533744 
74 413 14 16 0.098948404 
956 434 21 25 0.097657815 
321 432 8 9 0.09703742 
301 421 8 10 0.09695922 
932 433 21 32 0.09253957 
209 391 8 10 0.09166131 
969 289 11 15 0.09087067 
561 420 11 18 0.08861553 
552 416 8 9 0.08538228 
985 420 9 12 0.083843805 
297 421 8 11 0.08215671 
50 383 9 11 0.081545785 
90 389 8 10 0.08051089 
154 365 9 10 0.079034366 
303 417 7 9 0.07810386 
217 407 11 14 0.07804903 
810 425 16 18 0.076807186 
219 418 10 15 0.07659678 
610 426 39 52 0.07349136 
268 413 11 13 0.07270499 
317 442 11 14 0.072604716 
161 391 8 10 0.07186502 
169 380 9 11 0.0703825 
161 397 9 12 0.069682136 
198 405 10 13 0.067491 
545 417 8 10 0.067298055 
962 445 16 20 0.06518905 
295 417 8 9 0.06376195 
1006 425 11 15 0.061727613 
313 414 7 10 0.058267638 
845 404 10 12 0.05777401 
180 423 13 18 0.05425813 
43 413 15 23 0.053290296 
612 400 12 13 0.052981023 
273 440 10 13 0.052369285 
207 398 8 10 0.051016655 
401 416 7 9 0.05094018 
262 432 10 13 0.048478886 
324 444 10 13 0.0484678 
542 444 11 12 0.047738302 
24 422 19 25 0.046556838 
124 375 10 13 0.046546303 
742 418 17 18 0.04626057 
313 439 10 14 0.04598774 
917 414 8 10 0.04341505 
181 409 9 12 0.04280336 
255 436 12 14 0.0425319 
938 430 14 19 0.041942842 
603 450 43 57 0.041494615 
257 398 7 10 0.041025873 
432 425 8 9 0.04093666 
214 392 8 10 0.04021902 
403 422 8 11 0.0377514 
261 420 12 13 0.037075527 
818 434 15 18 0.035123963 
311 408 7 9 0.034634475 
390 420 9 11 0.034373656 
265 407 9 10 0.03412726 
550 420 7 10 0.03402981 
992 429 12 15 0.03357092 
199 412 12 17 0.03329225 
456 416 10 13 0.033277366 
287 426 13 16 0.033224903 
157 361 9 11 0.032776177 
48 389 9 10 0.032710433 
712 459 48 70 0.031822003 
501 336 15 20 0.03177952 
239 436 9 13 0.031519827 
681 466 79 98 0.031376895 
277 437 11 17 0.031234214 
1001 423 9 12 0.030041104 
320 416 7 9 0.029483022 
998 427 10 13 0.029427316 
398 452 12 17 0.029016292 
306 407 7 9 0.028921017 
988 416 10 12 0.028639587 
433 393 7 9 0.027886882 
574 393 10 13 0.02780405 
72 383 8 10 0.027476707 
561 388 9 13 0.026947642 
351 373 7 10 0.026940748 
50 417 14 22 0.026477018 
256 444 11 14 0.025934285 
933 588 24 26 0.025639407 
86 405 10 12 0.025444431 
699 100 15 18 0.025200102 
143 383 9 11 0.025050793 
323 422 7 10 0.024923619 
612 475 14 17 0.024651336 
313 362 10 13 0.024411764 
168 423 10 12 0.024333153 
353 390 7 9 0.02430581 
215 398 8 10 0.024295589 
408 408 8 9 0.024125123 
192 389 8 10 0.02374716 
247 436 12 16 0.023568582 
190 411 10 14 0.023561275 
323 455 11 13 0.023180123 
230 390 8 9 0.023093794 
264 400 7 10 0.02235974 
168 406 8 12 0.022114981 
462 424 14 16 0.021991225 
326 439 9 12 0.021815607 
93 386 8 9 0.021779057 
226 384 8 9 0.021670073 
426 408 7 9 0.021573571 
406 415 8 9 0.021519188 
323 464 14 16 0.021333117 
333 417 8 10 0.021327196 
118 456 16 20 0.021190874 
198 383 8 10 0.021028008 
160 384 8 10 0.020997461 
256 392 8 10 0.020904455 
71 389 8 9 0.020795831 
411 423 9 11 0.020257609 
201 400 8 11 0.020195454 
96 433 16 18 0.020122487 
6 385 10 11 0.020065872 
