2_Demonstration_Demonstration_Or_Protest_2_1
113
225 1 33 41 0.99897015 
349 12 35 41 0.99835676 
481 32 34 43 0.998204 
409 246 39 49 0.99766123 
849 91 34 42 0.9974668 
607 253 42 58 0.9971301 
898 118 37 41 0.99601525 
300 264 37 43 0.99400663 
479 289 43 56 0.99367225 
205 245 44 48 0.99273187 
516 471 40 45 0.99262446 
892 253 38 43 0.9921225 
961 281 41 54 0.9919314 
354 260 42 53 0.9915125 
566 235 38 47 0.98774844 
483 249 34 37 0.98770183 
324 480 41 53 0.986772 
307 521 44 67 0.98656034 
530 265 34 49 0.9849844 
173 166 36 47 0.9846689 
924 269 38 48 0.98286176 
108 302 43 45 0.9765335 
960 169 42 44 0.9739291 
206 134 42 55 0.97300357 
611 531 46 64 0.9710349 
226 550 17 21 0.96549726 
314 406 22 28 0.96060103 
545 155 14 18 0.9480056 
816 526 37 50 0.9434648 
748 285 26 33 0.8815199 
745 579 39 62 0.8761469 
116 492 43 57 0.85143745 
153 495 34 50 0.8453403 
783 264 31 45 0.81325465 
805 232 27 55 0.78293175 
1003 115 20 45 0.7614866 
193 609 33 63 0.7541168 
705 248 26 29 0.6761225 
151 238 29 44 0.5973768 
245 271 23 32 0.37843218 
792 258 39 57 0.33452535 
795 285 26 33 0.30603933 
199 496 29 30 0.23057985 
265 327 17 22 0.20702751 
300 3 26 26 0.20519227 
347 244 36 43 0.18973367 
370 542 27 52 0.16098072 
50 248 25 36 0.15934142 
136 244 40 54 0.14942965 
789 195 12 14 0.1367486 
61 591 60 58 0.13062684 
61 175 25 43 0.12840436 
129 481 32 44 0.12630458 
637 587 32 41 0.11712057 
37 62 11 14 0.11153908 
23 284 44 70 0.09610579 
772 273 25 36 0.080093585 
201 469 30 41 0.08007708 
510 578 45 64 0.07613655 
700 252 41 47 0.07599615 
60 20 9 11 0.07587212 
627 538 50 67 0.07456071 
975 606 11 15 0.06693713 
478 537 41 50 0.06430421 
66 189 28 41 0.06397775 
84 637 54 49 0.06265271 
730 354 25 29 0.061079003 
697 541 41 61 0.06055676 
337 538 39 59 0.059601206 
401 560 47 45 0.049085718 
954 274 29 44 0.048277333 
621 563 41 47 0.041337732 
593 534 43 66 0.04107474 
136 470 25 37 0.04054596 
587 255 41 55 0.040263727 
734 272 27 41 0.03817292 
75 208 14 20 0.0374433 
383 559 46 52 0.036982566 
682 515 24 44 0.036828693 
596 153 23 28 0.035959546 
346 237 29 32 0.03490979 
82 20 8 11 0.03477909 
188 502 33 35 0.034411125 
339 253 30 38 0.034391996 
182 603 32 58 0.034036826 
656 546 44 60 0.032560986 
180 474 13 17 0.031980135 
729 282 39 48 0.031165361 
134 502 47 57 0.031008437 
508 239 24 28 0.03094314 
728 190 8 10 0.030836489 
653 629 45 49 0.030633302 
713 191 8 10 0.029598063 
328 531 29 50 0.029182885 
514 571 29 48 0.028395144 
159 191 32 39 0.027674112 
400 617 55 61 0.027414696 
37 255 33 55 0.027243955 
146 474 15 22 0.025493076 
473 527 34 42 0.024038535 
492 523 41 56 0.023037227 
818 535 54 61 0.022888986 
727 566 46 62 0.02252232 
422 630 59 57 0.02211164 
75 196 45 51 0.021474715 
755 274 28 38 0.021234347 
179 509 26 37 0.021153243 
804 286 30 39 0.02097408 
374 621 59 60 0.02076119 
622 621 49 56 0.020451125 
719 184 7 9 0.020171257 
545 548 27 39 0.020158004 
551 542 41 57 0.020059276 
