2_Demonstration_Political_Rally_2_137
58
906 276 28 37 0.99859864 
12 374 84 120 0.9979511 
233 296 70 99 0.99754936 
396 277 27 36 0.99624735 
757 272 36 44 0.99595994 
842 271 27 30 0.9945511 
298 292 61 97 0.99289364 
933 269 22 30 0.9881721 
419 316 53 69 0.9837092 
651 273 36 52 0.98312205 
788 280 27 36 0.9718778 
716 281 13 17 0.9551882 
1 304 22 50 0.93672025 
201 284 29 37 0.85812694 
371 276 24 30 0.8455208 
563 320 31 52 0.6450498 
474 279 23 29 0.6276624 
464 275 19 29 0.504711 
365 327 50 68 0.34402403 
606 317 32 50 0.31524152 
738 272 15 20 0.3011164 
619 292 32 35 0.18942621 
1007 280 15 20 0.14996576 
631 284 32 44 0.13494886 
481 333 25 47 0.1347017 
812 342 17 21 0.10180742 
735 282 12 15 0.09248149 
69 305 25 31 0.09204152 
614 301 35 49 0.08447895 
490 321 44 60 0.07580717 
90 339 36 41 0.06901456 
968 298 14 20 0.06624542 
1003 295 20 40 0.06315748 
771 277 37 43 0.061254885 
121 348 25 31 0.059044845 
699 301 16 20 0.058893885 
125 377 38 56 0.058063794 
541 318 41 66 0.055143878 
748 272 15 21 0.052152723 
181 287 38 37 0.049425226 
71 336 47 59 0.04220396 
588 324 38 52 0.033480737 
83 295 17 19 0.02848051 
385 278 15 23 0.027552057 
56 304 8 10 0.027375244 
214 279 27 35 0.02615342 
373 326 73 95 0.02597049 
512 308 43 58 0.025485529 
1012 260 10 16 0.025283698 
970 292 22 28 0.025255663 
77 301 14 17 0.024671596 
20 278 11 13 0.024292583 
898 265 16 21 0.023644142 
173 261 10 11 0.023348378 
717 294 15 20 0.021393048 
492 167 11 13 0.020792875 
328 309 74 93 0.020394582 
163 344 41 49 0.020208726 
