2_Demonstration_Demonstration_Or_Protest_2_98
1734
362 490 31 41 0.9986192 
559 483 31 40 0.9985261 
288 566 32 42 0.9980288 
376 420 23 32 0.99718565 
411 506 25 32 0.99418277 
194 502 27 35 0.9934291 
605 579 36 44 0.9919063 
103 294 11 14 0.9917971 
443 454 24 35 0.9864638 
350 300 11 15 0.9851378 
135 513 24 31 0.98448133 
514 531 26 36 0.9821223 
511 480 23 32 0.98167115 
278 526 25 33 0.9776139 
860 599 34 49 0.97738236 
160 293 11 15 0.97209406 
975 250 11 14 0.9686022 
104 264 9 11 0.96612054 
22 455 23 33 0.96562606 
332 567 40 50 0.9597902 
325 473 21 31 0.9558112 
888 327 12 15 0.9552258 
55 279 11 13 0.94757646 
229 605 26 36 0.9464983 
935 323 11 14 0.93848175 
725 165 9 11 0.93828326 
960 215 9 12 0.93227243 
53 301 10 12 0.9298065 
0 429 19 26 0.9222706 
892 230 9 12 0.922074 
751 182 8 11 0.915059 
578 125 9 11 0.9115185 
790 55 10 13 0.91064316 
526 232 10 12 0.9056176 
31 261 9 11 0.89724123 
673 124 9 11 0.8948444 
556 253 10 13 0.8922925 
960 295 12 15 0.88908416 
76 274 10 13 0.87169856 
578 156 10 13 0.86595196 
388 80 9 11 0.856926 
26 241 8 10 0.8544905 
817 77 9 11 0.8527784 
10 109 9 12 0.85141593 
495 70 9 12 0.84903926 
760 133 10 11 0.8435088 
615 127 8 11 0.84311235 
417 291 9 13 0.8374328 
591 193 9 12 0.83468556 
634 629 27 28 0.8304143 
169 257 9 11 0.8271984 
869 252 9 11 0.8203179 
865 92 8 11 0.8201735 
629 167 9 12 0.8187092 
894 31 9 11 0.8172628 
529 251 10 13 0.8150775 
360 39 8 10 0.8128887 
836 281 11 15 0.8101279 
59 316 10 13 0.8096676 
525 454 18 21 0.80928755 
997 55 9 11 0.80867094 
302 71 8 10 0.8059148 
578 256 10 12 0.8030885 
942 134 8 11 0.7967762 
68 298 10 14 0.794766 
926 62 8 10 0.79474527 
146 269 9 13 0.79312223 
980 200 9 12 0.7899353 
703 315 12 16 0.7881713 
697 179 9 12 0.7810619 
619 180 9 12 0.77929246 
188 284 10 13 0.7769798 
663 601 32 46 0.7716028 
594 465 16 20 0.77112013 
976 220 9 12 0.76570475 
73 183 8 11 0.7652957 
753 5 11 14 0.7612541 
638 128 8 11 0.7591918 
410 258 8 10 0.75876683 
32 116 8 10 0.75672203 
58 237 8 11 0.7482983 
76 237 9 11 0.7427389 
55 157 9 11 0.7387094 
694 137 9 10 0.7288476 
421 175 8 11 0.7276382 
490 228 9 11 0.7253412 
831 160 10 12 0.7247993 
783 222 9 10 0.7119766 
33 296 10 12 0.70682204 
973 143 8 11 0.7051222 
8 478 20 23 0.70032614 
182 46 7 9 0.69694394 
932 208 9 12 0.68683094 
220 307 10 13 0.6730491 
675 314 12 17 0.6699381 
761 81 10 12 0.66389185 
131 297 11 14 0.65860236 
592 285 11 14 0.657443 
726 316 13 14 0.6523032 
989 233 10 12 0.65192306 
354 272 8 10 0.651396 
584 142 9 11 0.6423636 
226 224 8 10 0.6356727 
387 261 8 10 0.63432467 
198 84 8 10 0.63333327 
337 288 10 12 0.632331 
805 102 9 11 0.6260179 
192 228 9 11 0.6118159 
613 147 9 11 0.60220027 
19 174 8 11 0.597103 
871 135 9 12 0.5960065 
870 176 9 12 0.59305316 
402 230 7 10 0.59156024 
7 79 10 13 0.5819186 
594 512 17 21 0.5665816 
174 240 9 10 0.56646097 
301 284 9 11 0.55906457 
117 256 8 11 0.55766875 
485 100 8 11 0.55568874 
469 301 11 14 0.55364764 
152 119 8 10 0.5495721 
926 229 8 11 0.5492134 
335 272 8 10 0.5439979 
455 320 10 12 0.53203213 
662 181 8 10 0.5314403 
150 169 8 10 0.5226328 
264 103 8 10 0.51908106 
674 63 8 10 0.5177545 
252 85 8 11 0.51747984 
895 137 8 11 0.51695055 
253 492 24 33 0.51309305 
922 84 9 11 0.509706 
984 104 7 10 0.5049917 
123 490 19 24 0.50454 
489 451 15 20 0.50232464 
38 519 27 28 0.491044 
313 262 9 12 0.48914653 
577 318 11 16 0.48863724 
641 78 8 10 0.4874094 
158 576 28 38 0.47762856 
281 249 8 11 0.47654074 
290 114 8 10 0.4755433 
566 576 22 38 0.47148764 
442 277 10 11 0.46888578 
253 305 9 13 0.466404 
311 302 10 12 0.46055186 
906 108 9 12 0.45964184 
411 236 8 11 0.45956588 
66 97 8 10 0.45783395 
642 55 7 9 0.45653984 
516 297 11 14 0.45638263 
736 63 8 10 0.45497358 
119 293 9 13 0.45268828 
862 277 10 13 0.44603556 
167 79 8 10 0.4413865 
61 176 8 11 0.43922368 
554 267 9 12 0.4383947 
949 283 9 12 0.43269593 
754 144 9 13 0.42865652 
548 140 9 11 0.4244961 
128 264 9 11 0.42334646 
114 112 8 10 0.4227909 
1002 332 12 17 0.41496232 
414 211 9 11 0.41244492 
71 133 8 11 0.40958393 
667 243 11 14 0.3936868 
3 238 7 10 0.39345008 
561 86 8 11 0.38585603 
518 127 9 11 0.38562825 
442 237 8 10 0.38378805 
856 52 8 10 0.38280863 
288 280 9 12 0.38129914 
535 89 8 10 0.38057718 
594 92 8 11 0.37418458 
215 86 8 9 0.36401057 
486 292 10 14 0.36303452 
518 109 7 9 0.35991514 
276 85 9 10 0.35984218 
781 134 8 10 0.35674816 
799 80 11 13 0.35650963 
440 126 8 10 0.34984314 
126 121 8 11 0.34305394 
1001 113 8 10 0.34229523 
479 112 8 11 0.34157208 
419 196 8 10 0.34018418 
683 244 11 13 0.3394647 
421 272 10 12 0.3368694 
275 57 7 9 0.33194903 
454 78 8 9 0.33069432 
407 232 8 10 0.31936526 
248 278 8 11 0.31634003 
778 278 8 11 0.31512058 
9 303 9 12 0.31490663 
728 81 9 11 0.3147462 
590 81 7 9 0.31388977 
567 86 8 9 0.31325874 
477 264 9 11 0.31265506 
467 70 7 10 0.30561095 
804 126 10 13 0.30539912 
703 56 7 10 0.3023928 
218 99 9 11 0.30199087 
264 242 8 9 0.3018818 
591 87 7 9 0.30058545 
724 41 8 10 0.29200685 
637 205 8 11 0.29170677 
456 116 7 10 0.28731933 
73 127 8 11 0.28645253 
555 37 7 10 0.2862998 
131 64 7 9 0.28205752 
166 216 8 10 0.28001627 
517 78 8 10 0.27939016 
1006 203 9 11 0.27902138 
90 62 7 9 0.2754655 
7 307 9 12 0.2750308 
614 109 8 10 0.27366388 
547 101 7 10 0.2722136 
2 260 7 11 0.2718886 
79 176 8 10 0.26918727 
998 278 8 11 0.26550636 
122 101 8 10 0.26530686 
885 37 8 11 0.26272616 
830 61 8 11 0.2588092 
126 199 7 9 0.25857136 
753 57 8 10 0.25523782 
79 68 8 10 0.25410795 
56 262 7 10 0.2535014 
851 330 11 14 0.25244954 
743 257 8 10 0.25137457 
161 64 7 8 0.25117484 
457 164 8 11 0.24988076 
78 312 10 13 0.24840273 
546 64 8 10 0.24798994 
579 530 22 24 0.2458858 
19 97 7 10 0.24576977 
711 134 8 10 0.24548371 
955 45 8 9 0.2437803 
526 61 7 9 0.24234356 
173 172 8 11 0.23692413 
389 164 9 12 0.23631749 
525 167 9 12 0.2361121 
623 56 8 9 0.2344017 
61 116 8 10 0.23386279 
450 94 7 10 0.23329657 
559 70 8 10 0.22903585 
324 441 14 20 0.22735678 
115 63 7 10 0.22684805 
196 198 8 10 0.22598918 
432 233 8 9 0.22510612 
270 316 8 12 0.22472267 
736 112 9 11 0.2212547 
352 275 9 12 0.2209784 
174 188 8 10 0.22052693 
593 108 9 11 0.22032501 
743 81 9 10 0.2201408 
312 46 7 9 0.21994606 
10 62 7 9 0.21889092 
957 150 9 10 0.21831313 
521 268 11 12 0.21814114 
998 205 10 12 0.2156089 
902 46 8 10 0.2100736 
970 77 7 10 0.20873249 
202 99 8 11 0.2085515 
401 166 9 12 0.20848191 
495 248 8 11 0.20802464 
727 127 9 11 0.20707576 
441 271 9 11 0.20626384 
166 223 7 10 0.20605849 
209 294 9 11 0.20594808 
385 285 8 11 0.20399694 
120 246 8 10 0.20392388 
226 280 8 10 0.20113847 
494 63 8 9 0.19903474 
623 103 8 10 0.19843608 
838 142 8 10 0.19747424 
245 58 8 9 0.19534504 
409 103 9 11 0.1916182 
863 283 10 13 0.18879242 
161 512 25 35 0.18870874 
576 414 11 14 0.18709797 
138 192 7 10 0.18533885 
107 512 18 21 0.18429784 
636 146 10 13 0.18427888 
97 196 8 10 0.1835337 
551 232 8 10 0.18156238 
1009 103 8 11 0.18002866 
526 140 9 11 0.17922668 
664 196 9 12 0.17833842 
246 116 10 11 0.17797308 
673 183 8 10 0.17689978 
210 88 7 10 0.17606321 
480 291 10 13 0.17430559 
9 246 7 10 0.17421181 
726 629 21 27 0.17410405 
687 85 8 10 0.17309839 
121 98 8 9 0.17302014 
90 230 8 11 0.17227316 
569 224 9 10 0.1706202 
614 71 7 10 0.17037132 
165 205 8 9 0.17006187 
711 111 9 11 0.17004444 
671 68 8 10 0.16768557 
954 62 8 11 0.16738753 
672 147 8 11 0.16691093 
183 185 8 10 0.16546676 
463 294 10 11 0.1653474 
520 71 7 10 0.16497707 
523 172 8 11 0.16415395 
518 133 10 12 0.1629119 
197 296 9 12 0.16255978 
720 85 8 10 0.16175194 
653 101 8 10 0.15995297 
568 271 9 11 0.15843844 
162 224 8 11 0.15777016 
438 108 7 10 0.15763743 
980 220 9 11 0.15755525 
376 294 7 10 0.15669182 
780 93 9 13 0.15650725 
173 474 27 33 0.1559145 
821 310 10 13 0.15318246 
392 183 9 11 0.1514414 
567 81 8 10 0.1514269 
151 222 8 10 0.1503262 
587 85 7 10 0.1502039 
767 116 9 10 0.14979345 
96 62 7 9 0.14965 
214 117 8 10 0.14884283 
473 165 8 10 0.14875248 
454 93 8 10 0.1477468 
418 87 7 9 0.1473449 
358 86 8 10 0.1471538 
146 216 8 11 0.14678569 
494 293 10 14 0.14613442 
137 248 8 10 0.14533527 
610 126 8 11 0.14532577 
713 46 8 10 0.144423 
105 240 8 10 0.14392798 
815 237 8 9 0.14294 
513 126 9 11 0.14273873 
42 276 9 10 0.14256705 
111 240 8 10 0.14213331 
170 189 8 9 0.14193447 
352 201 8 10 0.14157017 
591 214 10 13 0.1414105 
890 180 9 11 0.14067002 
576 276 8 11 0.14066896 
313 296 8 11 0.14029887 
48 247 8 10 0.13964559 
311 42 7 9 0.1386716 
107 157 8 10 0.13755873 
293 113 8 10 0.1372653 
162 78 8 10 0.13724065 
226 284 8 11 0.13595654 
239 302 9 12 0.13549522 
663 239 12 16 0.134401 
471 135 7 10 0.13361746 
181 69 10 11 0.13300747 
490 248 8 11 0.13242154 
624 80 8 10 0.13173656 
226 484 29 35 0.13160646 
781 140 8 11 0.13117087 
774 164 9 12 0.13046058 
491 58 7 9 0.1304242 
311 286 9 10 0.13013555 
121 239 7 10 0.12967865 
208 221 8 10 0.12937869 
112 231 8 9 0.12834008 
376 287 8 11 0.1283253 
302 102 7 10 0.12831183 
344 279 8 10 0.1277678 
677 104 8 11 0.12755708 
602 272 8 11 0.1273876 
609 207 9 12 0.12566435 
894 63 9 11 0.12517567 
336 275 9 12 0.12512508 
253 277 8 11 0.12501433 
57 180 8 10 0.12466768 
734 116 8 11 0.12399152 
353 88 9 11 0.12390733 
144 185 7 9 0.12365694 
611 78 7 9 0.12267985 
825 140 7 10 0.12229176 
375 269 8 10 0.12197471 
613 237 10 13 0.12119445 
146 221 7 10 0.120926656 
138 253 8 10 0.12080873 
110 261 9 11 0.12076328 
984 109 8 10 0.12050729 
434 87 7 10 0.12017698 
234 105 8 9 0.1196245 
158 248 8 9 0.117542826 
961 110 8 10 0.11742104 
185 260 9 12 0.11714508 
279 71 8 9 0.115755565 
576 87 7 10 0.115585536 
153 292 9 14 0.11409103 
890 32 8 11 0.11392506 
502 294 11 14 0.11325242 
499 630 39 27 0.11315041 
402 72 8 11 0.11278547 
154 229 8 10 0.11271248 
633 145 9 11 0.11269325 
93 208 8 10 0.11262799 
271 425 12 13 0.112601906 
172 502 27 36 0.111595266 
2 308 9 13 0.11135995 
310 244 8 10 0.11109927 
182 121 8 9 0.11108823 
823 55 8 10 0.111019984 
870 285 10 13 0.11027867 
216 82 7 9 0.109798886 
711 101 8 11 0.10972222 
597 105 8 11 0.10912316 
834 141 8 10 0.109079175 
809 237 8 10 0.10844235 
672 86 8 10 0.1084097 
41 246 8 10 0.10824597 
74 156 8 10 0.10766893 
953 101 7 11 0.107635275 
720 127 8 11 0.1075544 
430 71 8 10 0.106667556 
274 255 8 11 0.10538317 
557 213 9 12 0.10534997 
294 228 10 12 0.10453942 
497 239 8 10 0.10417031 
474 269 8 11 0.10372552 
975 78 7 10 0.10329486 
275 80 8 11 0.1028469 
406 44 8 10 0.102172494 
138 230 7 9 0.101308785 
207 280 8 11 0.101245426 
546 313 16 19 0.100102134 
431 268 9 11 0.09942786 
647 73 8 10 0.099196546 
861 52 9 10 0.09859873 
242 61 7 9 0.09851359 
560 238 9 11 0.09837051 
712 95 8 11 0.098299496 
562 197 8 11 0.09827267 
616 105 8 9 0.098230116 
724 188 10 12 0.098077655 
136 197 8 10 0.09726008 
704 60 8 11 0.097244285 
8 272 8 10 0.09711163 
469 279 9 12 0.09664058 
172 284 10 13 0.09638616 
854 213 8 10 0.09637484 
181 124 7 10 0.09626722 
161 72 8 10 0.096065976 
833 56 8 10 0.09583523 
926 264 10 12 0.0955273 
295 281 9 13 0.09548299 
836 385 11 13 0.09439087 
7 255 8 10 0.093625546 
189 414 25 32 0.09344664 
561 65 8 9 0.093411386 
426 56 8 9 0.09289954 
735 80 8 11 0.09283292 
527 161 9 12 0.09246729 
434 110 8 9 0.09236679 
79 198 8 10 0.09213709 
711 128 9 11 0.091858 
56 310 10 14 0.09166436 
207 218 8 9 0.09147729 
130 70 8 9 0.09080153 
136 279 8 10 0.09039052 
430 54 7 10 0.09021374 
622 176 9 13 0.09000038 
0 133 6 11 0.089820445 
901 214 8 10 0.0892894 
310 411 10 11 0.08916867 
208 286 9 11 0.0890033 
208 95 7 10 0.08872804 
576 94 7 9 0.088658236 
617 56 8 10 0.08854406 
375 95 8 10 0.088378936 
681 214 10 12 0.08820086 
633 79 7 9 0.08792259 
577 192 8 10 0.08787605 
842 618 30 33 0.08777561 
49 61 7 9 0.08727295 
469 286 9 12 0.086992085 
463 286 10 12 0.08662343 
154 197 7 10 0.08654336 
402 160 8 10 0.086273216 
41 192 8 10 0.08609636 
838 261 9 11 0.08608695 
519 86 8 10 0.085967794 
270 302 9 11 0.085857 
257 262 8 9 0.08566273 
367 239 8 10 0.085554264 
616 62 8 9 0.08553643 
258 256 7 9 0.08547498 
350 101 9 12 0.085335046 
697 61 8 10 0.08506286 
398 111 8 10 0.08461797 
446 419 16 19 0.0845715 
429 473 15 20 0.08449181 
740 110 8 11 0.084470555 
65 270 8 10 0.08441813 
165 285 10 13 0.08429375 
673 167 9 10 0.084221385 
661 342 11 13 0.08420975 
162 608 25 40 0.084209666 
141 254 8 9 0.083964705 
589 232 9 10 0.083826825 
50 185 7 9 0.08382261 
120 232 7 9 0.08374481 
551 98 7 9 0.08329412 
423 86 7 10 0.08328064 
805 120 9 11 0.083062835 
158 228 8 10 0.08303794 
948 605 22 35 0.08300263 
145 240 8 10 0.082983755 
974 228 9 12 0.08287934 
439 149 8 10 0.08265175 
94 422 10 14 0.0825757 
277 62 7 9 0.082463115 
119 69 7 9 0.08237007 
910 229 8 10 0.08235259 
158 119 7 10 0.08179442 
317 293 9 10 0.08176441 
943 101 9 12 0.08134566 
48 47 8 9 0.081134245 
470 294 10 13 0.08077982 
546 97 7 10 0.080642246 
721 44 9 10 0.08040618 
407 288 9 12 0.08033067 
505 300 9 12 0.080045365 
145 102 8 10 0.08002513 
673 80 8 10 0.07999961 
610 57 7 9 0.079935305 
47 276 8 12 0.07993446 
170 84 8 10 0.07983797 
369 293 8 11 0.079601906 
730 118 8 10 0.07903409 
258 246 8 9 0.07881047 
785 262 8 10 0.07855246 
50 189 7 10 0.078173466 
510 272 9 11 0.07791665 
610 96 7 10 0.07782301 
127 247 7 9 0.07761918 
607 230 8 10 0.07750349 
216 278 8 10 0.077458486 
310 112 8 10 0.07740087 
980 84 9 11 0.07720026 
75 70 7 9 0.077111036 
221 543 25 34 0.076755375 
778 87 8 11 0.076744474 
677 58 7 9 0.07670724 
678 184 8 10 0.07622315 
144 293 9 12 0.076146856 
64 253 8 10 0.075953506 
143 247 8 10 0.07577799 
293 366 14 17 0.07538469 
695 159 8 11 0.07518844 
677 168 9 11 0.075165816 
2 234 7 10 0.07477961 
614 79 8 9 0.07462039 
463 182 8 12 0.0743924 
135 284 10 13 0.074257985 
467 66 7 9 0.07414281 
0 201 6 10 0.07406823 
889 259 9 12 0.07384903 
583 276 9 11 0.07324852 
658 86 8 9 0.07305582 
358 61 9 12 0.072958164 
425 111 7 9 0.07293393 
887 80 8 10 0.072731726 
390 200 8 10 0.072708115 
978 53 8 10 0.07256492 
520 95 8 9 0.07231657 
62 233 8 11 0.072252296 
96 255 8 10 0.07217419 
377 207 7 9 0.07212908 
393 340 10 12 0.07212037 
671 94 8 9 0.07184361 
898 49 8 10 0.07170865 
322 206 8 11 0.07168497 
1015 227 8 13 0.0716062 
402 45 8 10 0.07154786 
544 168 8 10 0.071538195 
383 281 9 11 0.071520194 
119 86 8 10 0.07147155 
79 153 7 10 0.07136429 
641 563 14 16 0.07133234 
312 267 9 12 0.07125925 
933 246 8 11 0.071152575 
171 488 26 35 0.07110185 
893 260 9 12 0.070765436 
433 94 8 10 0.07074215 
1009 310 10 15 0.070668556 
295 213 10 11 0.07058785 
769 55 8 10 0.07038773 
624 61 7 10 0.07032977 
57 258 7 9 0.07028082 
115 69 7 10 0.07022819 
426 103 8 10 0.070196725 
467 135 7 10 0.07010191 
719 142 9 10 0.07009203 
304 96 7 10 0.06999177 
243 278 8 11 0.06991033 
154 248 7 9 0.06986613 
770 62 8 11 0.06983481 
432 80 8 9 0.06974476 
934 120 8 10 0.0695939 
150 265 9 11 0.06956261 
736 69 8 10 0.06941473 
241 486 26 35 0.06940267 
327 207 7 10 0.0691445 
820 387 9 12 0.06902334 
689 102 9 11 0.06871844 
383 294 8 12 0.06861558 
534 110 8 9 0.068526305 
549 284 10 12 0.06839842 
816 313 11 15 0.068363965 
0 129 7 10 0.06827835 
580 151 9 12 0.068051 
173 86 7 9 0.06794384 
432 253 8 11 0.06791552 
317 63 8 11 0.06790141 
374 264 8 11 0.067749545 
679 200 8 11 0.06755219 
808 255 8 10 0.06747441 
1007 110 8 10 0.06744591 
545 69 8 9 0.0674285 
664 214 9 11 0.06740586 
194 301 9 12 0.06740448 
513 263 8 10 0.06739706 
960 269 10 12 0.06737093 
557 158 8 10 0.0673429 
593 478 23 31 0.06734136 
982 287 8 11 0.06718037 
833 108 8 10 0.06713003 
937 287 9 11 0.06710887 
479 161 8 10 0.067075655 
163 592 24 37 0.06679592 
290 444 13 15 0.0664912 
400 226 8 10 0.06638983 
573 223 8 10 0.066386215 
545 285 9 11 0.06591157 
663 85 8 10 0.06586095 
425 222 8 10 0.06555568 
774 254 7 10 0.0653786 
26 80 8 10 0.06531666 
437 263 10 13 0.06524296 
714 88 8 10 0.06478034 
307 246 8 10 0.06476355 
238 297 9 10 0.064642996 
259 103 8 11 0.06464002 
35 55 7 9 0.064593345 
162 94 8 9 0.06456332 
399 171 9 11 0.06443519 
202 280 8 11 0.06426446 
217 303 10 14 0.06380357 
68 484 17 23 0.063741274 
248 261 8 10 0.06363207 
199 223 7 10 0.06345842 
471 78 8 10 0.063265756 
610 62 7 10 0.063228376 
848 96 9 11 0.06297325 
466 77 8 11 0.06288532 
426 71 7 9 0.0628355 
994 95 8 10 0.06276489 
758 61 7 9 0.06273821 
586 110 8 10 0.06256566 
543 237 10 12 0.06253413 
985 70 8 10 0.062405158 
910 142 8 10 0.06239792 
625 71 8 10 0.062264185 
179 121 7 10 0.06186901 
58 57 7 10 0.06180768 
302 253 9 11 0.061790325 
694 164 9 11 0.06150865 
413 234 9 10 0.061445337 
175 311 11 14 0.061385404 
79 190 8 10 0.06134922 
256 272 8 11 0.06132666 
544 80 7 9 0.061285518 
198 438 23 26 0.061220855 
283 280 8 11 0.0610101 
439 145 8 10 0.060998775 
168 229 7 10 0.06099704 
706 110 9 11 0.06093619 
463 280 10 12 0.06020773 
264 256 7 10 0.060162615 
418 275 10 13 0.0600762 
295 238 8 10 0.06002711 
670 197 9 12 0.059894044 
495 280 8 10 0.059813116 
99 505 23 24 0.05976398 
142 190 7 10 0.059633516 
385 206 7 9 0.05961293 
863 129 8 10 0.05946486 
280 231 8 10 0.05927448 
560 79 8 10 0.059224732 
530 87 8 10 0.059127536 
233 303 9 11 0.05891967 
273 93 8 10 0.058888827 
688 79 9 11 0.058861874 
774 55 9 10 0.05869607 
502 88 8 10 0.058568005 
129 205 8 10 0.058490887 
819 55 8 10 0.05830286 
950 268 8 10 0.058041457 
239 105 7 9 0.057992935 
515 73 7 9 0.05794799 
320 437 11 17 0.05774073 
926 169 8 11 0.05770792 
122 119 8 10 0.057567306 
47 78 7 9 0.057521332 
660 231 10 13 0.057461374 
494 124 7 10 0.057402626 
1000 199 9 12 0.057276025 
954 56 8 11 0.057182144 
714 116 8 11 0.05709091 
249 81 9 11 0.05708215 
334 253 8 11 0.05703931 
361 81 9 11 0.056584474 
199 285 9 11 0.056525465 
553 70 7 9 0.056328297 
679 174 8 10 0.0562747 
193 246 8 10 0.05620957 
264 108 8 10 0.05614207 
391 238 8 9 0.05604573 
54 189 8 10 0.05599866 
432 104 8 10 0.055988792 
609 144 9 11 0.0559806 
307 112 7 10 0.055872396 
167 150 8 10 0.05565182 
862 150 10 12 0.05561939 
190 63 8 10 0.055615082 
544 87 7 9 0.05558321 
21 326 10 12 0.055420138 
556 260 10 13 0.055262435 
561 192 8 11 0.055026792 
935 239 9 10 0.054915905 
426 118 7 10 0.054860126 
153 254 8 10 0.05474887 
444 272 10 12 0.05474752 
738 103 8 11 0.054688394 
705 135 8 11 0.054551408 
398 249 8 9 0.054200653 
429 309 11 14 0.054184407 
145 97 7 9 0.054171454 
886 86 8 10 0.054068595 
101 196 8 11 0.05396208 
801 96 8 11 0.053904314 
805 141 9 11 0.053717684 
408 268 9 12 0.053678595 
449 89 8 10 0.05365643 
709 63 8 10 0.05352775 
94 248 8 10 0.053415 
1013 245 9 13 0.05333458 
450 117 8 10 0.05322006 
231 308 9 13 0.053188134 
806 97 9 11 0.053106382 
359 216 7 9 0.053076476 
503 252 8 11 0.053068426 
496 344 9 11 0.05303308 
913 207 9 11 0.05293704 
241 70 8 10 0.052923474 
544 172 8 11 0.05291321 
160 87 9 10 0.0528454 
957 103 8 9 0.052711282 
147 118 7 10 0.052706644 
8 297 9 11 0.052597374 
977 118 8 9 0.05258471 
134 70 7 9 0.052500043 
718 118 8 10 0.052391436 
68 100 8 10 0.052329022 
329 256 8 10 0.05230259 
712 79 7 10 0.052301154 
906 142 8 10 0.05230076 
699 57 8 9 0.052206174 
942 96 9 12 0.052150514 
602 124 8 10 0.052149124 
518 220 9 11 0.052070778 
273 222 8 9 0.052055646 
975 94 8 10 0.05204392 
424 80 8 10 0.052038457 
906 223 8 11 0.052021325 
880 255 8 11 0.05188465 
47 253 8 11 0.051765535 
423 215 8 10 0.05176384 
102 63 7 8 0.051622532 
808 276 9 10 0.051502444 
639 158 9 11 0.051446173 
802 240 8 10 0.051425 
937 168 9 12 0.05140078 
400 253 7 11 0.05133678 
649 97 9 10 0.051289815 
503 95 7 9 0.05112621 
807 108 8 10 0.051024497 
176 243 9 11 0.050954398 
91 160 7 10 0.050909232 
527 294 9 13 0.05089375 
680 239 12 14 0.05067611 
42 78 8 10 0.05065806 
167 126 7 10 0.050636895 
530 79 7 9 0.050579958 
791 300 9 11 0.050552458 
978 49 8 10 0.050465252 
485 135 9 11 0.050452296 
478 452 23 25 0.050436754 
40 88 7 9 0.050425988 
51 512 23 31 0.050371222 
74 233 8 11 0.050235014 
270 103 7 10 0.049880866 
433 264 9 11 0.049834408 
544 200 9 12 0.04982871 
865 133 8 11 0.049799636 
591 281 9 12 0.049795013 
255 93 8 10 0.04978551 
617 86 8 10 0.049756538 
671 189 10 12 0.04974639 
488 117 8 11 0.04972681 
386 200 7 10 0.049726445 
472 85 8 11 0.04969124 
983 80 8 11 0.049682144 
54 222 8 9 0.04968158 
127 276 9 12 0.049582932 
475 112 7 10 0.049291607 
96 125 8 9 0.049284745 
568 142 8 10 0.049231976 
979 112 7 10 0.049100213 
40 231 8 10 0.048719283 
358 56 9 11 0.04856326 
695 120 8 10 0.04849792 
273 71 9 10 0.048272125 
445 233 8 11 0.048232693 
193 292 10 14 0.048231307 
63 263 8 11 0.048217196 
513 133 10 13 0.048126075 
346 116 9 12 0.048106324 
858 188 9 10 0.048057783 
310 280 9 11 0.048055574 
913 252 8 11 0.047913495 
96 212 9 10 0.047889855 
479 561 30 34 0.047656633 
0 181 6 10 0.047638856 
122 270 9 11 0.047513 
391 464 21 27 0.04750418 
328 277 8 11 0.04749837 
601 251 9 11 0.047493238 
792 296 8 10 0.04741536 
73 120 8 10 0.047363386 
55 78 7 9 0.047212765 
560 94 8 11 0.047112104 
552 55 8 10 0.0470477 
921 236 8 10 0.04700678 
850 48 8 10 0.046960182 
805 78 9 13 0.04680364 
521 121 8 9 0.046787057 
846 126 9 11 0.046699584 
142 231 7 9 0.046677265 
615 233 8 11 0.046671715 
290 93 7 10 0.046638336 
518 454 16 20 0.0465326 
313 70 8 11 0.046423677 
366 158 7 9 0.0463034 
607 224 8 11 0.046048895 
127 193 7 9 0.046003476 
417 56 7 10 0.045995053 
614 301 8 10 0.045986805 
1 303 9 12 0.04594179 
381 299 9 12 0.045774452 
183 78 9 11 0.045755032 
120 80 8 10 0.045740064 
511 121 8 10 0.045690432 
401 287 10 12 0.04561952 
961 237 8 11 0.045613814 
463 118 7 9 0.045552727 
271 286 7 9 0.045355123 
273 231 8 10 0.045352865 
39 241 8 9 0.04534195 
672 175 9 11 0.045268115 
310 205 8 10 0.04522065 
832 126 9 11 0.045075785 
839 136 7 9 0.044993997 
125 142 8 10 0.044964567 
391 189 9 10 0.044964273 
623 108 8 11 0.04475126 
410 209 9 12 0.04469015 
185 113 8 10 0.044647723 
263 98 9 10 0.044638157 
177 103 8 10 0.044637863 
219 326 10 13 0.04459085 
369 263 8 10 0.044555094 
710 70 8 10 0.04451656 
765 290 9 13 0.044462766 
778 112 8 10 0.04442876 
21 334 11 13 0.044308748 
426 237 7 10 0.044258606 
184 208 7 9 0.044173874 
161 200 8 10 0.044120174 
824 302 10 14 0.0440901 
728 309 15 17 0.043976903 
802 255 7 9 0.043927867 
480 78 7 9 0.04390839 
32 63 7 9 0.04386968 
459 322 10 13 0.043732062 
110 152 8 11 0.04370758 
711 165 8 11 0.04370161 
55 350 11 14 0.043673202 
155 414 12 16 0.043583356 
823 118 8 10 0.043478996 
530 109 7 10 0.04344771 
86 496 24 29 0.043295413 
306 241 8 9 0.043279774 
834 48 9 10 0.043227077 
280 207 7 9 0.04311682 
622 550 22 26 0.042979218 
144 274 9 12 0.0429592 
87 192 8 10 0.04294632 
105 78 7 10 0.042842567 
831 176 9 11 0.04270442 
658 196 8 11 0.042580284 
545 232 10 12 0.04253893 
454 312 10 12 0.04212021 
104 86 8 10 0.042082783 
79 103 8 10 0.042082045 
632 71 7 10 0.04204913 
800 294 9 11 0.04204346 
133 206 9 10 0.042037234 
37 287 9 11 0.042018328 
376 279 8 11 0.042008635 
905 79 8 10 0.041968986 
153 124 8 10 0.04195942 
640 181 8 10 0.04195415 
320 278 8 10 0.041782316 
183 96 7 9 0.041733965 
424 95 7 10 0.041709002 
654 97 8 10 0.04142833 
352 93 9 12 0.04142682 
390 205 8 10 0.041408744 
166 73 8 10 0.04137653 
189 158 9 11 0.041366708 
834 77 9 11 0.041318934 
156 622 24 29 0.041314755 
359 206 7 10 0.041282564 
535 216 8 11 0.04125222 
409 291 10 13 0.041246515 
263 261 8 10 0.041036643 
744 216 9 11 0.041022196 
837 53 8 11 0.041000824 
953 69 8 11 0.040994942 
440 94 7 10 0.040971063 
923 224 8 10 0.040951487 
833 136 7 10 0.0408899 
417 94 7 9 0.04086227 
581 309 14 17 0.0408139 
473 95 7 10 0.040790323 
657 235 12 15 0.0407234 
174 280 9 12 0.040675152 
267 312 8 10 0.040660895 
488 279 9 11 0.040533558 
456 89 8 9 0.040497117 
350 237 9 10 0.04047094 
36 262 8 10 0.040469255 
712 53 8 11 0.04039019 
417 248 8 10 0.04030897 
113 226 8 9 0.04023996 
282 284 8 11 0.0401986 
644 142 9 11 0.040155515 
247 104 7 9 0.040141538 
21 338 13 17 0.04007473 
440 134 8 10 0.04005236 
496 102 7 10 0.039935853 
801 246 8 10 0.039931446 
894 69 8 10 0.03986995 
365 141 8 10 0.039813355 
527 70 7 10 0.03976009 
588 518 19 23 0.03974087 
230 273 8 10 0.039669275 
202 216 8 10 0.03965017 
801 132 10 12 0.039635867 
40 128 8 10 0.039612558 
688 96 8 10 0.039532192 
817 117 8 10 0.039510105 
521 139 9 11 0.039452784 
561 101 8 10 0.039380603 
664 205 10 12 0.0392648 
166 95 7 10 0.039197136 
648 62 7 10 0.03918943 
302 230 10 12 0.03916089 
481 134 8 11 0.039132513 
52 158 7 10 0.039011512 
446 127 7 10 0.03898611 
197 229 8 11 0.038972083 
384 268 8 10 0.038790867 
305 309 8 11 0.038538534 
569 95 7 10 0.038473953 
440 213 9 11 0.038411453 
632 86 8 9 0.038389795 
178 207 7 9 0.038369004 
161 126 8 9 0.038341697 
16 224 8 9 0.038241226 
397 308 10 12 0.038222685 
640 104 8 10 0.038191896 
498 451 13 19 0.038125608 
706 77 8 10 0.03810166 
891 63 7 11 0.038085338 
150 239 8 10 0.038062215 
766 197 8 10 0.038037475 
905 182 8 10 0.03803624 
667 215 10 12 0.03798113 
109 449 15 21 0.037885007 
537 63 7 9 0.037823435 
489 126 8 10 0.037452597 
238 308 9 12 0.037452064 
439 63 7 9 0.037443407 
598 89 7 9 0.03739643 
166 280 10 12 0.037395537 
990 102 8 10 0.03738534 
472 103 7 9 0.037380178 
882 149 9 11 0.03734778 
418 81 7 9 0.037294168 
465 103 8 10 0.03722095 
14 296 9 12 0.037151434 
178 97 7 9 0.03704664 
0 294 9 11 0.037005547 
167 102 8 10 0.03699894 
126 231 8 9 0.036985096 
317 54 8 11 0.03695936 
430 303 11 13 0.036860798 
153 85 7 10 0.03685452 
849 216 7 10 0.03670273 
214 287 8 11 0.03666566 
359 254 8 10 0.03662173 
327 415 11 13 0.03660679 
762 575 40 50 0.03657398 
176 301 9 12 0.036553316 
367 288 9 12 0.03644388 
439 254 9 11 0.036346678 
515 106 7 10 0.036327247 
16 232 8 9 0.03628863 
144 111 8 10 0.036288537 
92 315 10 12 0.036272995 
935 141 8 9 0.036222797 
136 225 7 10 0.036199573 
302 213 9 11 0.036195375 
910 127 8 10 0.036195062 
450 112 8 10 0.036172666 
41 197 9 11 0.036161307 
954 214 8 12 0.036082402 
433 63 7 9 0.036031503 
102 120 8 10 0.0360266 
909 538 23 33 0.035975907 
297 96 7 10 0.03595604 
909 105 9 11 0.035881292 
999 286 8 11 0.03584782 
186 214 7 9 0.03579898 
584 94 7 10 0.035791177 
8 220 8 10 0.035782803 
536 78 7 9 0.03572767 
536 72 7 10 0.035710003 
142 286 10 13 0.035627007 
667 69 7 10 0.035618365 
24 224 7 9 0.03560185 
567 101 8 9 0.035558898 
906 128 8 9 0.035479918 
1015 77 8 12 0.035476692 
393 321 10 14 0.035440564 
99 261 8 12 0.035431016 
243 118 9 12 0.035418335 
833 86 8 11 0.035327464 
561 207 8 10 0.03531826 
272 296 8 11 0.035314746 
807 272 8 11 0.035308383 
8 72 8 10 0.03527663 
447 294 9 12 0.03523771 
805 358 9 12 0.035233367 
353 253 9 10 0.035225682 
785 257 8 10 0.035192728 
15 256 8 10 0.035183977 
170 134 7 10 0.035078205 
890 141 8 10 0.03507751 
642 177 8 9 0.034876764 
577 198 8 10 0.034804672 
59 113 8 10 0.03472824 
560 286 8 11 0.03471653 
16 260 8 10 0.034663986 
46 272 8 10 0.03461602 
133 269 8 11 0.03460274 
529 105 7 9 0.034600474 
554 80 7 9 0.034587093 
882 87 8 11 0.03457202 
418 70 8 10 0.03456881 
689 71 8 11 0.034432597 
505 308 8 10 0.034430124 
767 247 8 10 0.03440354 
390 257 8 10 0.03430581 
856 176 8 11 0.034282006 
106 244 8 10 0.034266543 
997 211 10 12 0.03426053 
266 301 9 11 0.034146346 
504 206 8 10 0.034143046 
614 295 9 12 0.03410209 
970 231 8 11 0.034095667 
270 280 8 10 0.03406586 
312 52 9 11 0.034041107 
329 445 15 21 0.03396374 
600 152 8 10 0.033913184 
751 49 9 10 0.033815466 
161 185 7 8 0.03380415 
566 71 7 9 0.03374389 
718 134 8 10 0.033732276 
2 164 7 10 0.03372953 
98 121 8 10 0.033683952 
679 79 8 11 0.03365105 
49 223 8 10 0.03357354 
97 237 7 10 0.033565845 
657 110 8 9 0.03355383 
89 87 9 10 0.03350821 
405 77 9 10 0.033500973 
198 248 8 10 0.033464275 
921 143 6 8 0.03342135 
209 232 8 9 0.033370543 
760 277 8 10 0.033265106 
279 223 8 10 0.0332397 
168 121 7 9 0.03319643 
39 255 9 11 0.033176403 
982 116 9 10 0.033147227 
641 60 8 10 0.033143263 
471 129 8 10 0.033080455 
881 216 7 9 0.033061475 
50 263 7 10 0.033037048 
999 129 8 9 0.03303202 
62 58 7 9 0.033029612 
88 238 8 10 0.03300351 
717 94 9 11 0.032988723 
360 231 8 10 0.032938767 
609 101 7 10 0.03292624 
1014 215 9 12 0.032891363 
239 247 8 10 0.032859843 
248 256 8 10 0.03277693 
785 375 8 10 0.03275493 
371 96 7 10 0.032720007 
135 319 10 13 0.03265314 
296 302 9 11 0.03259364 
869 278 9 13 0.032488734 
407 21 8 11 0.032467596 
530 93 8 10 0.0324537 
505 167 8 10 0.032396723 
255 110 7 9 0.03238551 
265 280 8 10 0.03236786 
137 416 9 11 0.03233221 
881 94 8 10 0.03221396 
441 173 8 10 0.032213658 
7 165 7 9 0.032196287 
247 71 8 10 0.032167863 
905 136 8 10 0.03211949 
341 291 9 12 0.032009605 
444 261 10 12 0.03198181 
395 248 7 10 0.03193739 
449 101 8 10 0.03192345 
362 141 7 10 0.031901497 
854 200 9 11 0.031888776 
163 103 7 10 0.031879872 
374 183 8 10 0.03179803 
727 143 8 10 0.03178103 
335 249 8 10 0.03177111 
438 88 7 10 0.031712525 
193 206 7 9 0.031704556 
782 101 8 10 0.031669345 
846 119 10 11 0.031636406 
474 117 8 10 0.031606734 
178 64 9 11 0.031598177 
921 263 10 12 0.03148866 
672 107 9 11 0.031472545 
104 103 7 9 0.031436656 
646 120 8 10 0.03143634 
431 119 7 9 0.031410575 
161 160 8 9 0.03138686 
614 96 8 10 0.031367328 
455 101 7 10 0.031272724 
110 280 10 12 0.031253554 
904 177 8 10 0.03124381 
600 81 7 9 0.03122726 
602 415 8 10 0.031222457 
921 136 7 9 0.03119312 
161 279 9 11 0.031158742 
344 263 8 10 0.031096349 
55 244 8 10 0.031031499 
426 231 7 11 0.031004729 
551 222 9 10 0.03099828 
17 125 8 10 0.030966941 
893 177 8 11 0.0309549 
138 183 8 10 0.030934507 
768 271 8 11 0.030916901 
608 198 9 12 0.030914327 
945 303 9 11 0.030870179 
828 300 11 14 0.030864542 
679 85 8 10 0.030841928 
630 553 22 26 0.03083121 
205 101 8 10 0.030808035 
889 110 8 9 0.030767726 
398 94 8 9 0.030751824 
214 443 26 31 0.030733034 
358 223 7 10 0.030730791 
495 182 8 10 0.030681102 
248 283 8 11 0.03061833 
650 548 22 31 0.030613272 
129 224 8 10 0.030558845 
640 121 9 11 0.030532703 
95 96 8 9 0.030416677 
0 102 7 10 0.030412484 
486 112 8 10 0.030400198 
191 267 10 13 0.030376833 
96 182 8 9 0.030356152 
920 512 10 11 0.03035343 
903 209 8 10 0.030328248 
772 538 29 32 0.030323887 
424 63 7 8 0.030285528 
26 117 8 10 0.030228123 
502 238 8 10 0.030213581 
306 409 9 11 0.030184267 
183 103 7 9 0.030181672 
997 291 9 12 0.02998471 
305 199 9 13 0.02994239 
494 286 10 13 0.029939095 
160 112 8 10 0.029937724 
736 238 9 11 0.029930383 
695 206 11 14 0.029926384 
479 319 10 12 0.029893385 
409 349 9 11 0.029877458 
350 109 10 12 0.029858246 
738 261 9 11 0.029850844 
558 112 7 10 0.029845025 
944 64 7 10 0.02983564 
1014 303 9 14 0.029835625 
831 69 10 12 0.029835286 
103 71 6 9 0.029799579 
550 303 9 11 0.029792741 
360 110 9 11 0.029772155 
706 94 8 10 0.029754058 
875 175 9 12 0.029751062 
824 296 10 12 0.029734438 
634 131 9 11 0.029719133 
886 216 8 9 0.029671693 
966 382 12 15 0.02966322 
112 208 8 10 0.0296595 
743 158 9 10 0.02964887 
553 87 8 9 0.029606713 
688 196 8 11 0.029577069 
823 149 7 10 0.029512169 
367 233 8 9 0.029489152 
621 309 12 15 0.029446691 
663 111 7 9 0.029446676 
479 276 10 11 0.029420571 
356 276 9 11 0.02931738 
472 140 8 11 0.029246427 
273 260 9 11 0.029228607 
353 232 8 10 0.02922223 
978 39 7 9 0.02919519 
649 509 9 11 0.029194217 
708 311 12 17 0.029174348 
585 237 9 11 0.029167745 
695 212 15 18 0.029158272 
418 63 7 8 0.029128687 
361 286 9 12 0.029051928 
399 119 8 10 0.029032659 
873 116 9 11 0.029028924 
0 278 8 11 0.029019449 
941 594 41 52 0.029016493 
597 191 9 12 0.029000819 
912 78 7 10 0.028973922 
421 316 11 13 0.028891452 
993 200 9 12 0.02889082 
695 70 8 11 0.02886445 
307 46 8 9 0.028854668 
290 222 10 14 0.028845383 
858 183 7 10 0.028842788 
1009 151 8 10 0.028783863 
238 231 7 9 0.028737899 
7 142 9 11 0.0287278 
587 192 8 12 0.02868747 
417 126 7 9 0.02868564 
367 55 8 11 0.028657315 
535 104 7 10 0.028652404 
176 111 8 10 0.028651077 
569 255 9 12 0.02862238 
346 237 8 10 0.028596843 
584 302 11 13 0.028547682 
375 175 8 10 0.028534267 
353 222 8 9 0.02848429 
705 70 8 11 0.028438825 
585 103 7 10 0.028427564 
460 161 9 11 0.028426683 
858 93 8 11 0.028363049 
917 214 9 10 0.028349694 
567 17 10 11 0.028244432 
1009 118 8 10 0.028235128 
386 192 7 9 0.028223235 
870 271 10 12 0.028205037 
615 121 9 12 0.028199404 
446 214 9 11 0.028188478 
1 245 7 10 0.028184358 
160 191 7 9 0.028183388 
161 263 7 10 0.028168334 
16 143 8 10 0.028164389 
458 292 9 12 0.02813281 
14 103 8 11 0.028076194 
124 150 10 13 0.028068583 
135 77 8 11 0.028053587 
370 270 8 10 0.02804546 
24 293 9 13 0.028036289 
146 174 7 9 0.027972046 
401 62 8 9 0.02794175 
784 78 8 11 0.027934343 
331 271 8 11 0.027922712 
277 260 9 11 0.027921002 
216 206 7 9 0.027836757 
424 135 8 11 0.0278106 
306 302 9 12 0.02778995 
632 96 7 9 0.027781162 
137 103 8 10 0.027770707 
970 95 8 10 0.027738329 
791 406 9 12 0.02773803 
376 224 8 10 0.027711367 
457 134 7 10 0.027681818 
719 149 9 11 0.027644169 
526 120 7 10 0.027644156 
57 129 7 10 0.027607532 
458 182 9 11 0.027574278 
489 182 8 10 0.02756692 
308 561 38 49 0.027563978 
480 325 10 13 0.027477073 
174 232 8 9 0.027475342 
405 171 8 12 0.027465545 
779 129 8 11 0.027438827 
640 84 8 10 0.02741958 
913 191 8 10 0.02741248 
0 525 12 24 0.027394751 
370 277 8 11 0.027393915 
114 86 7 10 0.027370092 
579 446 12 15 0.02736968 
71 142 8 10 0.027362842 
393 55 7 9 0.027339568 
718 100 8 11 0.027325336 
126 240 7 9 0.027301613 
70 488 24 28 0.027277045 
89 225 8 11 0.02727182 
991 269 10 13 0.02723208 
265 78 7 10 0.027227733 
168 111 8 10 0.027210595 
959 70 8 10 0.027163913 
368 256 7 10 0.027144669 
326 262 8 10 0.027137848 
658 80 8 10 0.027124539 
712 160 8 11 0.027102621 
171 408 14 20 0.027063314 
223 86 7 9 0.027018359 
766 69 8 10 0.027009754 
118 58 7 9 0.026990652 
281 126 8 10 0.02696789 
48 135 8 10 0.026965473 
209 239 8 10 0.026952567 
993 112 7 10 0.026938029 
640 109 8 10 0.026908739 
922 515 11 13 0.02689132 
86 262 9 10 0.026880015 
913 199 8 9 0.026854746 
196 80 7 10 0.026839634 
457 285 9 13 0.026824806 
558 128 9 10 0.026817352 
899 246 8 11 0.026717208 
272 110 7 9 0.026682444 
16 239 8 10 0.026645835 
425 15 7 10 0.026645321 
923 172 8 10 0.02663564 
99 422 12 15 0.026557054 
266 285 8 11 0.026544666 
109 285 11 14 0.026543414 
290 229 9 12 0.026433395 
875 286 10 13 0.02643223 
790 581 39 50 0.02642774 
290 238 7 10 0.026427494 
793 286 9 11 0.026422849 
568 206 7 11 0.026415512 
165 572 19 24 0.026408669 
240 316 9 12 0.026385916 
208 318 9 13 0.026377523 
664 104 8 10 0.026375601 
224 273 8 10 0.026368927 
129 215 8 10 0.026359623 
318 71 8 10 0.02632721 
47 231 7 9 0.026301764 
362 238 8 10 0.026273385 
481 72 6 9 0.026242746 
995 117 8 10 0.02622313 
95 177 8 10 0.026201457 
590 135 8 10 0.026176045 
495 112 8 10 0.026169946 
72 316 9 12 0.02616264 
417 180 9 10 0.026162306 
445 255 10 11 0.026161216 
841 128 8 10 0.026146684 
482 332 13 15 0.026143415 
58 503 23 30 0.026099106 
690 63 7 9 0.026084054 
554 111 8 9 0.026068766 
89 79 8 10 0.026064148 
801 270 8 10 0.026037324 
570 275 8 11 0.026036674 
551 150 8 10 0.02601469 
319 308 9 12 0.0259942 
864 231 8 10 0.025970107 
173 80 8 11 0.025957653 
306 117 8 10 0.025955465 
440 247 8 10 0.025948262 
127 109 8 10 0.025948087 
651 292 11 14 0.025935195 
211 113 7 10 0.025919294 
991 331 14 18 0.025900165 
897 366 9 11 0.025879838 
423 264 9 12 0.025876475 
65 249 8 9 0.025874602 
249 273 8 11 0.025865097 
49 141 9 11 0.025814876 
734 599 24 29 0.025749993 
1 315 9 13 0.025724765 
737 244 8 11 0.025702486 
695 87 8 10 0.025676236 
782 240 9 10 0.025649723 
270 239 8 10 0.02559507 
15 72 8 10 0.02555563 
102 214 8 9 0.025548184 
284 251 9 11 0.025531761 
442 283 8 12 0.025508482 
801 141 9 11 0.025445266 
851 336 13 16 0.02544283 
607 120 8 11 0.025411928 
1 268 8 12 0.02539193 
962 395 17 19 0.025335548 
278 93 8 10 0.025321672 
936 127 7 10 0.025298133 
311 133 8 11 0.02529665 
927 67 9 10 0.025294451 
176 151 8 10 0.02518445 
694 196 9 12 0.025163865 
150 288 9 12 0.02515233 
572 229 9 10 0.025149575 
690 193 7 10 0.025079295 
578 143 8 10 0.025069933 
190 113 8 10 0.025041746 
624 98 8 9 0.025035681 
694 238 9 12 0.025018223 
521 159 9 12 0.024993602 
122 125 8 10 0.024923243 
680 96 7 9 0.02492281 
456 301 9 12 0.024914617 
879 207 8 10 0.02482727 
140 422 9 11 0.024826733 
168 412 10 15 0.024801437 
90 246 8 10 0.024736416 
465 141 8 10 0.02473039 
535 199 9 12 0.024711031 
89 212 8 10 0.024710469 
479 256 8 9 0.024707466 
981 328 9 12 0.024647012 
979 102 8 10 0.024625363 
60 341 9 12 0.024616946 
368 245 7 10 0.024604436 
25 84 8 10 0.024599006 
191 70 7 10 0.024598762 
888 53 8 11 0.024577169 
877 118 9 11 0.024569534 
951 208 8 10 0.024556002 
719 309 15 16 0.02453878 
1002 104 8 10 0.024435826 
215 239 8 10 0.024421245 
809 174 9 12 0.024398346 
318 77 8 11 0.024392772 
242 284 8 11 0.024365338 
405 278 8 10 0.024349533 
967 193 8 10 0.024346141 
240 109 7 10 0.024343245 
927 235 8 11 0.024315713 
826 338 15 16 0.024297612 
387 239 7 10 0.024293805 
14 277 8 10 0.024220597 
580 121 9 11 0.024198286 
160 254 8 11 0.024143102 
65 77 7 9 0.02413785 
545 127 8 10 0.024117272 
996 272 11 13 0.02409403 
199 206 8 10 0.024089444 
624 144 9 11 0.024084155 
297 183 9 11 0.024067875 
397 318 10 15 0.024059156 
719 238 8 11 0.024041848 
392 173 9 11 0.024026906 
655 222 9 11 0.024024135 
209 200 7 9 0.024023572 
359 67 9 11 0.023982016 
818 151 7 10 0.023953505 
1013 285 9 13 0.023912804 
792 142 8 10 0.023912307 
153 79 8 10 0.02389857 
775 317 10 14 0.023876637 
759 161 9 11 0.023868958 
838 176 8 10 0.02381899 
622 304 10 12 0.023812938 
634 200 8 11 0.023778323 
511 257 8 9 0.023732278 
931 118 7 10 0.023719724 
565 333 11 14 0.023719437 
239 255 8 10 0.023709174 
145 136 8 10 0.02369223 
6 234 7 9 0.023674244 
586 214 8 11 0.023666583 
185 152 8 10 0.023664163 
456 127 7 10 0.023656573 
304 89 8 11 0.023640774 
938 639 18 17 0.02358417 
453 338 11 14 0.023524778 
789 263 8 10 0.023522098 
552 127 7 10 0.023520205 
279 308 9 12 0.0235176 
0 150 8 11 0.023515971 
847 133 8 10 0.023460453 
5 314 10 13 0.02346023 
79 170 8 10 0.023436196 
912 96 8 10 0.023410263 
936 63 8 10 0.023396574 
279 214 8 10 0.023371233 
845 220 8 10 0.023362758 
888 581 22 31 0.02332494 
879 103 9 10 0.02330928 
890 71 8 10 0.023305941 
355 55 8 10 0.02330025 
969 127 8 10 0.023256438 
614 200 8 10 0.023240833 
690 166 8 10 0.02322536 
432 248 8 11 0.023201723 
300 222 12 14 0.023191134 
496 176 8 9 0.023181893 
920 71 8 9 0.023172908 
190 153 8 10 0.023148902 
1014 251 9 14 0.02306979 
918 253 8 11 0.023067843 
21 168 9 12 0.02306503 
393 47 8 10 0.02305994 
183 301 8 11 0.02305515 
605 534 23 27 0.023052676 
438 156 9 12 0.023045734 
40 54 7 10 0.023040196 
94 225 9 10 0.023032887 
953 167 10 11 0.02301226 
352 248 9 10 0.023008754 
119 225 7 9 0.022986868 
960 231 8 10 0.02298511 
631 102 8 10 0.022965394 
1010 221 9 12 0.022953682 
120 277 10 12 0.022909537 
730 300 16 19 0.022870906 
808 182 8 9 0.022860076 
837 147 9 11 0.022858713 
690 159 8 10 0.022857677 
569 172 8 11 0.02282446 
807 159 7 10 0.022802977 
742 167 8 10 0.02279811 
354 216 7 10 0.022797102 
422 158 8 10 0.022773286 
871 557 12 13 0.022761002 
121 206 7 10 0.022723857 
577 103 7 9 0.02271292 
353 191 8 10 0.022671878 
86 271 8 11 0.02266951 
882 79 8 10 0.022654973 
872 111 10 12 0.022642894 
584 286 9 13 0.022628052 
958 118 8 9 0.022626681 
176 215 7 9 0.02260583 
94 58 7 9 0.022598874 
857 133 9 10 0.02258101 
435 150 8 10 0.022580508 
666 95 7 10 0.022565031 
240 78 9 11 0.022559375 
783 115 9 11 0.022526152 
761 71 9 10 0.022514394 
365 312 9 11 0.022514123 
881 222 8 9 0.022483507 
730 112 8 11 0.022477444 
418 120 7 9 0.022456639 
1 141 9 12 0.022451257 
575 205 9 11 0.02244767 
631 161 9 11 0.022446694 
39 317 8 11 0.022437373 
390 268 8 11 0.02243687 
213 319 11 14 0.022415305 
500 71 7 10 0.02238558 
174 134 8 10 0.022382898 
911 502 9 10 0.022364827 
643 251 11 14 0.022361739 
744 118 7 10 0.02235536 
202 238 7 10 0.02235108 
435 125 8 10 0.022351043 
446 149 7 10 0.022345632 
254 118 9 11 0.022343209 
536 118 8 10 0.022341287 
506 275 10 12 0.022338811 
487 142 9 11 0.022311728 
524 59 6 8 0.022240557 
120 134 8 10 0.022225793 
389 292 9 13 0.022218471 
903 540 12 17 0.022214182 
311 215 8 9 0.022212608 
390 279 8 11 0.022177445 
345 200 8 10 0.022146352 
80 262 9 10 0.022118049 
152 135 8 11 0.022105394 
808 166 8 11 0.022090657 
567 192 7 10 0.022038668 
463 113 7 9 0.022024058 
584 317 14 16 0.022017675 
813 254 9 11 0.022014363 
702 159 8 10 0.02198375 
327 214 8 9 0.021960218 
0 286 9 13 0.021957882 
817 142 8 10 0.021951618 
969 85 8 10 0.021898061 
465 128 7 9 0.021840982 
792 133 8 11 0.021788409 
961 78 7 10 0.021770133 
873 398 8 11 0.021760236 
280 294 8 10 0.0217574 
567 149 8 11 0.021752864 
365 112 8 11 0.021739313 
741 277 10 12 0.021711148 
922 287 8 10 0.02170228 
739 333 14 17 0.021687184 
760 191 9 11 0.021676347 
713 229 8 11 0.021662042 
182 240 8 10 0.021554437 
679 71 8 10 0.021521658 
361 136 7 10 0.021513455 
824 112 7 9 0.02150929 
534 205 9 11 0.02149705 
824 184 8 10 0.021472689 
394 119 8 9 0.021450568 
440 72 7 10 0.021448119 
478 447 13 15 0.02142968 
965 437 11 12 0.021379884 
633 184 8 11 0.02137901 
128 86 8 10 0.02137026 
863 157 9 11 0.021365747 
661 334 15 17 0.021365518 
918 101 9 11 0.02136021 
480 128 8 10 0.021358319 
104 232 8 10 0.021354541 
775 273 8 11 0.021338543 
584 460 21 26 0.021294475 
275 217 7 9 0.021283835 
279 271 8 10 0.021264825 
74 178 8 9 0.02121271 
832 151 9 10 0.021197561 
152 143 9 10 0.021196367 
376 256 7 9 0.02116582 
138 240 7 9 0.02113587 
425 140 8 10 0.021057066 
879 279 8 10 0.021055669 
632 190 8 10 0.021051997 
145 209 7 9 0.02105163 
723 182 9 12 0.021018928 
840 257 8 11 0.02101626 
447 145 7 9 0.020991493 
114 133 8 10 0.020989986 
359 200 8 10 0.020988567 
575 81 7 9 0.020962557 
544 300 9 11 0.020948939 
287 273 8 9 0.020936992 
376 230 7 9 0.020935316 
648 422 8 10 0.020933747 
687 230 10 14 0.02092465 
12 83 10 13 0.020918401 
668 333 13 16 0.020885337 
511 167 8 10 0.02088487 
286 128 8 10 0.020884646 
695 605 11 16 0.020884607 
281 111 7 9 0.020882651 
281 121 7 9 0.020875359 
847 366 10 12 0.020871555 
864 180 9 11 0.020850463 
448 300 9 12 0.020837728 
463 95 8 10 0.020828253 
297 309 9 12 0.020823596 
1007 280 9 12 0.020819569 
418 158 8 10 0.02079875 
990 72 8 10 0.020764874 
294 361 10 13 0.020752894 
162 151 8 10 0.020687765 
345 233 8 10 0.020668466 
1013 204 9 12 0.020667829 
356 39 7 10 0.020657504 
439 343 10 12 0.020648902 
940 542 10 12 0.020646242 
590 480 16 23 0.020629594 
489 474 18 20 0.020586863 
951 493 11 14 0.020583 
123 193 7 9 0.020573823 
887 94 8 11 0.02056045 
743 460 11 14 0.020545896 
85 312 10 12 0.0205446 
953 119 8 11 0.020535212 
478 311 10 11 0.020518625 
920 593 41 51 0.020502603 
912 159 8 11 0.020495264 
568 263 9 11 0.020487789 
233 231 7 9 0.020479895 
648 220 8 10 0.020471916 
913 73 7 9 0.020422496 
840 103 7 10 0.020420235 
31 70 7 10 0.020408861 
1013 199 8 12 0.020318793 
89 255 8 11 0.020300563 
114 79 7 10 0.02028818 
145 265 9 11 0.020286348 
463 189 7 10 0.020257568 
785 296 8 9 0.020248158 
24 141 8 11 0.020230105 
85 294 9 12 0.02021143 
40 93 7 10 0.02021101 
640 248 11 13 0.020205501 
286 133 9 10 0.020196069 
902 255 9 11 0.020191038 
71 112 8 11 0.020181183 
503 200 9 12 0.020157106 
168 145 7 9 0.020071667 
368 175 8 10 0.020044181 
84 625 31 31 0.020032857 
666 166 8 10 0.020028455 
524 126 7 10 0.020010065 
