2_Demonstration_Protesters_2_493
425
771 128 34 44 0.999038 
556 131 33 43 0.9988973 
386 148 37 47 0.99873775 
719 133 36 44 0.9985721 
341 115 31 37 0.9973484 
312 84 24 29 0.9965641 
847 141 32 44 0.99647504 
278 114 27 35 0.9960884 
710 110 27 30 0.9959615 
18 100 24 28 0.99546754 
923 159 36 46 0.9951852 
200 80 22 28 0.99251395 
93 112 24 31 0.9919012 
873 209 47 57 0.99183464 
376 97 24 30 0.9913238 
303 151 38 53 0.9910403 
160 81 23 26 0.9909586 
649 176 42 52 0.9904295 
256 99 22 27 0.9896836 
409 112 26 31 0.9883011 
867 91 24 33 0.9881223 
637 105 22 30 0.98768204 
457 131 37 47 0.9869943 
218 65 18 22 0.98638827 
188 58 15 19 0.98455334 
916 73 26 31 0.98431927 
267 74 22 27 0.98255485 
603 84 24 28 0.98144686 
524 117 23 32 0.9801641 
32 69 22 27 0.97961104 
290 69 23 27 0.9791591 
829 74 26 31 0.9774095 
547 112 29 31 0.9765118 
388 73 18 23 0.9739072 
925 49 17 21 0.97311485 
81 89 20 25 0.9730155 
188 116 24 31 0.97142303 
936 127 35 47 0.97081035 
338 90 23 26 0.9686733 
519 87 24 27 0.96844864 
229 85 20 27 0.967496 
520 65 18 20 0.9642032 
135 105 21 26 0.9623644 
782 84 22 31 0.96200204 
5 401 79 191 0.9583367 
67 62 21 26 0.9572666 
543 76 21 24 0.95667744 
833 180 34 47 0.95118034 
486 87 21 28 0.95106184 
803 20 13 16 0.9425259 
432 70 20 24 0.93972075 
744 47 17 21 0.93710816 
703 50 15 19 0.93575555 
737 91 21 26 0.9351197 
844 46 18 23 0.934027 
961 69 20 25 0.93374074 
480 59 22 25 0.93068385 
651 90 21 28 0.9276478 
212 117 19 24 0.92631894 
819 121 24 28 0.9229272 
762 45 16 20 0.9188927 
637 51 17 22 0.9127689 
159 46 13 15 0.9038722 
663 63 19 22 0.8946917 
133 85 19 24 0.88444716 
584 57 21 26 0.8834466 
949 54 17 20 0.876766 
618 67 17 22 0.8695655 
788 59 16 20 0.8657451 
567 51 15 19 0.86503255 
129 65 14 17 0.8639022 
460 57 14 18 0.8608855 
718 79 18 23 0.85731864 
96 58 13 15 0.8523295 
420 36 13 17 0.82194144 
321 58 16 20 0.8161855 
0 87 13 28 0.80898833 
247 61 16 19 0.7908424 
582 127 21 33 0.7880841 
438 35 12 15 0.7784496 
334 43 11 14 0.775373 
239 84 21 27 0.7751688 
886 49 18 23 0.7723553 
109 46 12 15 0.7661297 
14 61 16 18 0.7651379 
564 30 13 16 0.755211 
452 94 23 29 0.754263 
613 53 17 21 0.75361115 
471 119 26 35 0.750514 
989 151 34 56 0.7496867 
254 47 12 14 0.740149 
847 19 11 14 0.7287214 
665 47 16 19 0.71162856 
422 140 24 36 0.66399634 
1004 88 19 29 0.657984 
380 32 11 13 0.65292126 
629 0 11 13 0.6455552 
469 36 11 14 0.64347327 
425 50 15 20 0.63153183 
806 48 17 20 0.6273819 
367 57 16 20 0.6244713 
307 49 11 16 0.6225373 
0 48 12 19 0.62221473 
937 67 19 29 0.62110895 
387 50 17 21 0.61214936 
835 6 13 17 0.5912406 
819 68 24 29 0.58347315 
77 44 13 16 0.5776558 
702 10 11 14 0.5410521 
553 15 11 14 0.52326584 
518 39 13 16 0.52080077 
752 5 11 13 0.47413918 
507 77 16 21 0.45712394 
549 38 11 13 0.45231014 
499 8 11 13 0.44459477 
616 24 14 18 0.43413007 
361 84 21 23 0.41009572 
703 93 20 23 0.40709835 
694 78 22 26 0.38226 
751 195 31 35 0.37997076 
492 95 22 30 0.3719927 
724 56 16 18 0.3577854 
754 27 14 17 0.35238168 
905 64 20 25 0.32501978 
655 20 11 13 0.30533984 
582 93 20 25 0.30036843 
203 115 19 27 0.2976992 
872 11 12 16 0.2958965 
709 27 10 14 0.2935158 
277 40 10 12 0.28906688 
102 72 17 19 0.2879631 
22 44 11 13 0.28696308 
237 47 11 15 0.28301936 
692 36 11 13 0.28279573 
664 169 32 42 0.28024134 
717 57 16 19 0.27258888 
456 84 18 18 0.26997554 
174 59 14 18 0.25882918 
124 385 104 81 0.25881904 
35 52 13 14 0.25509906 
817 49 19 20 0.24870647 
823 9 12 15 0.24321696 
600 0 11 11 0.23500279 
143 37 9 11 0.23480026 
414 205 46 73 0.2186899 
527 20 10 13 0.21745715 
711 6 12 14 0.20846102 
908 128 28 41 0.189592 
486 258 27 37 0.18493196 
3 7 12 14 0.17585385 
566 82 14 19 0.17453526 
147 64 17 19 0.16972864 
687 27 11 15 0.1658511 
499 57 16 19 0.16389716 
291 111 22 33 0.1599562 
262 61 14 16 0.15929428 
140 51 11 14 0.15176189 
543 54 14 17 0.14563556 
446 339 87 114 0.14429478 
17 22 8 11 0.13781509 
483 44 12 14 0.13399763 
328 45 11 13 0.13346896 
530 66 14 18 0.12679641 
317 32 8 11 0.12508135 
503 53 13 16 0.120010585 
364 39 10 12 0.119830206 
815 58 21 24 0.11893188 
895 20 14 17 0.11862274 
515 71 19 22 0.113750316 
607 20 10 13 0.11014788 
998 89 16 23 0.10977444 
943 59 14 17 0.108957246 
182 80 16 23 0.10744697 
946 64 16 23 0.10726234 
149 29 9 11 0.105433516 
69 50 14 14 0.102591686 
87 62 12 14 0.098890655 
334 61 13 16 0.09822923 
480 5 8 10 0.09795387 
705 78 20 28 0.0975933 
349 46 9 11 0.097104825 
501 21 11 14 0.09230603 
145 31 10 12 0.09031613 
502 101 19 24 0.09010441 
62 114 21 25 0.08832989 
732 0 11 10 0.08789905 
432 34 12 16 0.08788962 
366 45 12 13 0.0831968 
606 41 15 17 0.08093964 
174 37 11 14 0.08030597 
155 65 15 19 0.07952303 
222 52 12 14 0.07916127 
560 6 11 13 0.07890661 
411 132 29 35 0.07874509 
116 45 11 14 0.078559265 
259 50 13 14 0.07712628 
638 0 11 12 0.07711241 
381 55 17 20 0.07560098 
233 38 9 11 0.07462153 
587 46 14 17 0.073775046 
112 63 12 15 0.07301538 
611 0 12 11 0.072548494 
656 0 11 9 0.07197539 
465 0 8 9 0.07148768 
149 88 14 21 0.06960664 
972 96 15 19 0.06864497 
701 0 11 13 0.06818403 
213 71 17 21 0.06715505 
611 45 16 17 0.06646933 
763 76 16 21 0.059761874 
481 39 10 13 0.059370626 
511 82 23 28 0.058383524 
340 43 10 14 0.05767953 
835 162 39 44 0.05767434 
231 52 11 14 0.057272553 
273 43 12 14 0.056221545 
468 53 13 19 0.055995382 
582 52 16 19 0.05588094 
246 52 13 15 0.055500742 
357 76 17 20 0.055481 
97 29 8 11 0.05498373 
354 23 9 11 0.054273378 
319 47 11 14 0.05403802 
92 64 13 16 0.05394365 
537 113 31 46 0.053904988 
545 43 14 17 0.053481303 
532 59 14 18 0.052988186 
1008 36 13 19 0.052952524 
314 37 10 11 0.052549433 
574 18 11 14 0.052371185 
712 118 34 44 0.052206147 
758 1 10 11 0.05207757 
4 133 25 34 0.052060056 
782 77 16 19 0.051111136 
339 63 14 16 0.0510727 
406 100 25 31 0.04966374 
755 59 16 19 0.048655346 
781 6 12 13 0.048189964 
476 52 16 18 0.047924418 
436 51 15 18 0.047304127 
446 60 12 15 0.047297135 
511 43 12 15 0.04585597 
901 61 18 20 0.045485597 
522 48 16 17 0.045390237 
788 43 16 19 0.045316033 
708 98 22 26 0.045011066 
177 108 23 27 0.044810273 
565 67 15 19 0.044771787 
286 52 12 14 0.04444416 
612 36 14 16 0.043875672 
765 0 11 10 0.04302015 
277 72 22 28 0.042550705 
916 362 72 86 0.042538095 
612 78 21 27 0.042306073 
943 33 14 16 0.04115701 
905 344 59 81 0.04024997 
210 169 33 43 0.04022097 
916 13 13 14 0.040035866 
915 4 15 13 0.0395568 
755 75 18 21 0.03949557 
256 63 20 25 0.03932821 
796 51 13 19 0.03929542 
528 149 24 28 0.039245337 
246 71 20 24 0.039143536 
772 80 20 28 0.038282774 
855 0 13 12 0.038120255 
508 71 13 16 0.037912376 
629 57 14 19 0.037903793 
1011 114 14 29 0.037827715 
169 39 10 12 0.03759208 
717 46 11 14 0.03725733 
674 49 12 16 0.037063982 
551 7 12 14 0.036940217 
352 87 22 27 0.036376383 
220 82 16 23 0.03615202 
710 1 12 12 0.03597313 
809 20 15 19 0.03563947 
238 59 14 18 0.035558973 
593 91 21 28 0.03544506 
493 53 15 18 0.035310138 
521 16 10 12 0.034854434 
898 32 19 22 0.0345897 
814 69 18 23 0.034364138 
533 73 14 19 0.03435244 
558 34 14 16 0.034323096 
46 37 9 12 0.034081176 
744 4 12 14 0.03401326 
486 7 7 10 0.033972107 
249 46 11 15 0.033862766 
370 23 8 10 0.03382726 
114 311 85 126 0.033721212 
1005 4 14 15 0.033678032 
907 17 14 18 0.03358456 
56 80 13 19 0.033472188 
545 31 12 14 0.033376407 
437 62 15 19 0.033224203 
209 37 9 11 0.033125464 
280 278 55 68 0.033098686 
300 55 15 19 0.033014935 
7 61 14 17 0.032970633 
533 41 12 15 0.03253203 
310 55 13 18 0.032528076 
899 51 16 20 0.032510508 
650 51 14 18 0.03245163 
565 24 12 14 0.032301195 
306 74 16 21 0.032227665 
620 47 12 17 0.03212008 
917 56 20 24 0.03184656 
334 51 11 14 0.031664003 
555 44 14 16 0.031338263 
473 19 11 13 0.031141628 
285 192 27 39 0.031072317 
739 135 26 34 0.03104056 
643 97 20 25 0.030789776 
529 85 16 20 0.030609297 
540 69 16 19 0.03051723 
255 40 10 12 0.030316148 
581 0 10 9 0.03016554 
28 57 15 19 0.030151231 
182 36 10 13 0.030014232 
908 0 17 12 0.029895404 
29 45 10 13 0.029853985 
163 459 62 32 0.029511267 
17 40 10 12 0.029225295 
45 53 10 13 0.029127048 
92 74 15 17 0.029072305 
720 64 19 19 0.028921206 
935 20 12 16 0.028751053 
648 12 13 16 0.028578818 
150 54 11 13 0.02845335 
469 105 24 29 0.028331004 
262 30 8 11 0.02830648 
365 300 44 65 0.028294047 
885 73 18 23 0.028276749 
598 42 13 16 0.028202608 
996 23 14 20 0.028130608 
763 85 18 22 0.02801662 
405 30 11 14 0.027947947 
293 52 13 15 0.027944244 
20 54 15 18 0.0278409 
182 31 9 11 0.027815755 
1006 11 14 17 0.027673766 
121 38 9 12 0.027428465 
730 270 64 72 0.026702976 
126 51 9 12 0.026673969 
62 50 13 14 0.026560172 
213 181 43 54 0.026520723 
512 0 9 10 0.026476871 
592 0 10 10 0.026402257 
901 16 14 17 0.02638269 
399 29 11 14 0.026253039 
645 4 12 15 0.026201118 
60 72 16 22 0.025914341 
863 3 12 15 0.025902761 
473 6 8 10 0.025569348 
542 3 11 13 0.025556115 
865 11 10 14 0.02529593 
82 50 12 16 0.025287645 
666 89 15 23 0.02507358 
497 2 9 9 0.024888732 
464 81 16 19 0.024777757 
710 31 13 16 0.024774281 
559 1 9 10 0.02471661 
396 18 12 16 0.024666753 
371 47 11 14 0.024628317 
773 95 16 21 0.02461064 
511 4 10 13 0.024597283 
477 14 10 13 0.024478152 
492 45 11 13 0.024452966 
524 150 16 23 0.024385318 
697 4 13 16 0.024095554 
1003 18 14 19 0.024027541 
351 53 9 11 0.023971785 
654 58 15 20 0.023585938 
412 13 11 13 0.023585716 
653 27 13 15 0.023250835 
679 26 12 16 0.02324771 
62 44 11 14 0.023170277 
393 14 11 14 0.022967888 
837 2 13 14 0.02287196 
20 66 20 28 0.022840735 
493 36 11 14 0.02266891 
537 119 18 25 0.022483993 
512 30 10 12 0.022482393 
751 138 23 29 0.022405842 
715 9 12 16 0.022298684 
552 0 9 10 0.022252567 
851 15 12 16 0.022213262 
181 55 15 19 0.022156235 
486 12 8 12 0.022153765 
632 51 14 20 0.022039402 
481 236 38 52 0.022012847 
299 106 17 28 0.021994721 
386 89 18 23 0.021933356 
842 67 18 23 0.021877889 
886 18 15 18 0.02184906 
652 45 14 17 0.021782326 
651 33 14 15 0.021631684 
34 86 18 22 0.021434931 
817 10 11 15 0.021408513 
862 32 13 16 0.021406842 
1010 99 15 28 0.021316908 
380 4 11 13 0.021230748 
569 76 14 18 0.021220846 
889 328 55 80 0.021178426 
297 30 9 10 0.021158872 
63 39 9 12 0.021063471 
686 53 13 16 0.020974716 
820 28 14 16 0.020969573 
382 68 15 18 0.020959077 
630 28 13 16 0.020628383 
718 22 11 15 0.020597018 
366 30 9 10 0.020548081 
349 39 8 11 0.020534318 
274 23 7 9 0.02047042 
620 18 12 14 0.020444257 
189 37 9 11 0.020428328 
819 35 14 15 0.02040637 
131 71 16 18 0.020352663 
876 9 21 25 0.020284025 
940 21 12 17 0.020279784 
148 96 16 24 0.020177314 
796 44 14 17 0.020165425 
685 81 16 22 0.020154893 
988 84 14 20 0.020114562 
