2_Demonstration_Protesters_2_345
21
441 67 56 79 0.999406 
680 88 66 73 0.9989845 
248 40 67 80 0.9964922 
605 164 25 42 0.31472287 
826 109 46 62 0.21710663 
777 382 35 38 0.11291562 
231 -1 54 67 0.1065256 
619 140 16 19 0.08273491 
768 120 53 56 0.059741616 
548 173 25 41 0.039990563 
608 150 26 38 0.035964224 
803 111 46 63 0.033376135 
626 143 13 18 0.028596587 
5 298 12 17 0.025489891 
610 132 26 30 0.02453362 
547 163 15 23 0.023939166 
548 204 12 16 0.023186179 
839 155 42 47 0.020954583 
971 74 12 15 0.0204449 
174 45 11 12 0.020202924 
156 45 13 16 0.020156711 
