2_Demonstration_Political_Rally_2_301
308
676 321 16 20 0.86952835 
644 271 12 13 0.5639508 
337 239 11 14 0.5152017 
417 309 11 14 0.50445193 
550 323 12 16 0.3344336 
343 252 11 13 0.32294643 
504 270 10 13 0.31110558 
491 268 7 11 0.30202165 
686 262 10 12 0.28297192 
181 239 9 11 0.27555695 
423 279 11 14 0.24623543 
342 243 11 14 0.24316792 
166 275 10 14 0.22451714 
198 287 9 10 0.21561238 
255 244 11 13 0.21332826 
432 260 8 11 0.20702602 
338 281 12 15 0.20212321 
121 272 9 13 0.19891296 
469 247 8 10 0.1827593 
521 260 10 13 0.1665888 
733 245 12 18 0.16462833 
183 271 8 10 0.16354011 
353 235 10 12 0.15896063 
544 277 10 14 0.15786421 
607 268 8 10 0.14982358 
472 307 12 15 0.14753267 
554 268 8 11 0.14688852 
477 268 9 11 0.14581959 
655 285 9 12 0.14256923 
49 230 10 13 0.14223158 
231 246 8 11 0.12879732 
629 272 9 11 0.12750022 
486 245 8 10 0.12337796 
132 293 10 14 0.119846284 
208 252 9 11 0.11943655 
330 260 9 12 0.11567321 
466 287 10 13 0.11375064 
392 245 8 11 0.113704994 
297 253 9 12 0.1125504 
384 262 9 11 0.11088168 
663 280 9 12 0.110671446 
795 293 15 20 0.109530315 
717 257 17 20 0.10778008 
402 247 8 10 0.09994053 
474 265 8 10 0.09916146 
592 275 11 14 0.097379066 
556 264 9 11 0.095824 
414 284 10 13 0.09239134 
570 279 9 12 0.09201999 
309 260 8 11 0.089335784 
160 271 12 15 0.088697135 
461 261 8 12 0.087553404 
105 264 8 11 0.08712354 
302 254 9 12 0.08635672 
134 271 9 12 0.08458635 
549 282 10 13 0.08448381 
181 299 10 12 0.08238306 
437 259 9 14 0.08184452 
374 255 8 11 0.07957522 
432 306 10 13 0.07916012 
521 256 9 10 0.07522196 
374 260 9 11 0.07492393 
682 331 13 16 0.07485952 
126 272 9 12 0.07026474 
217 262 8 10 0.06998227 
320 248 10 12 0.06836333 
171 277 9 12 0.068078876 
402 253 8 10 0.06797242 
412 293 10 13 0.06750942 
493 287 9 11 0.06738308 
312 317 11 14 0.06654685 
136 276 8 11 0.06651712 
557 317 11 15 0.06586039 
107 267 10 13 0.06573653 
326 254 10 12 0.065213084 
245 268 9 12 0.06507537 
390 240 9 11 0.064777136 
194 287 8 11 0.06255421 
329 284 10 12 0.062387068 
240 246 9 12 0.06100451 
497 254 8 10 0.060531612 
213 254 9 11 0.060291346 
285 253 9 12 0.06007335 
481 317 10 13 0.05908315 
625 277 9 12 0.057321705 
574 284 8 11 0.05683049 
384 256 9 11 0.0566025 
654 278 9 13 0.05657004 
678 289 11 15 0.05635049 
70 252 9 11 0.055695556 
543 272 9 12 0.055260494 
477 323 12 14 0.054991458 
586 271 8 11 0.054284837 
693 278 12 14 0.05387477 
227 247 8 10 0.05380773 
221 261 9 10 0.053752128 
360 256 9 10 0.05118074 
369 260 9 12 0.04941772 
312 255 8 12 0.0490873 
508 325 11 13 0.04886664 
392 301 8 11 0.04848204 
360 261 9 12 0.048144333 
557 308 12 15 0.04787529 
409 285 11 14 0.04692774 
160 252 9 11 0.045956235 
159 294 10 12 0.045859963 
511 276 9 12 0.04550032 
398 278 9 11 0.045052037 
406 253 8 11 0.04502001 
241 265 9 12 0.04493221 
84 263 10 13 0.04477477 
415 302 10 13 0.044413682 
726 348 11 14 0.044412892 
224 255 9 11 0.04438566 
133 288 9 12 0.044281717 
410 270 8 11 0.044100326 
205 301 9 12 0.043653738 
263 261 11 13 0.04342434 
264 255 10 12 0.043361757 
427 284 10 13 0.042630184 
24 264 10 12 0.04251534 
280 247 10 12 0.042401984 
319 324 10 12 0.04238257 
629 284 10 13 0.04228717 
248 246 9 12 0.04222607 
174 285 8 11 0.042056996 
388 262 9 11 0.041102793 
435 303 11 13 0.040429626 
527 284 9 12 0.040366214 
183 244 9 12 0.040301062 
390 253 9 11 0.040157884 
177 270 9 12 0.040114984 
493 265 7 10 0.040016804 
415 249 8 9 0.03978695 
574 270 8 10 0.03953903 
288 337 9 10 0.039497856 
489 286 8 11 0.03934086 
487 277 9 11 0.038697414 
691 283 14 19 0.03857404 
180 253 9 11 0.038496636 
570 272 8 10 0.038248096 
145 304 9 11 0.038206566 
326 247 9 12 0.03787866 
470 241 8 10 0.03765053 
93 246 10 12 0.037312277 
582 287 10 14 0.037301634 
585 276 9 12 0.03723618 
97 253 10 11 0.037184246 
471 324 13 15 0.03698481 
748 238 13 18 0.03677141 
685 257 10 12 0.03609739 
654 296 12 17 0.035654828 
416 280 10 13 0.03562754 
724 252 15 21 0.03535743 
335 271 9 10 0.035229605 
178 295 10 13 0.03518911 
484 247 7 10 0.034448307 
694 271 11 13 0.03410605 
98 261 8 10 0.034035735 
200 293 9 11 0.033438798 
505 319 9 12 0.033405904 
231 252 8 11 0.03334468 
477 347 14 16 0.03315703 
347 244 10 13 0.033131894 
701 382 10 13 0.03287663 
465 303 10 14 0.032551292 
518 286 11 13 0.03236348 
391 318 10 15 0.03224758 
425 271 10 12 0.0320875 
471 316 11 13 0.032006808 
488 294 10 12 0.031777695 
387 239 8 11 0.03167595 
414 253 9 11 0.03146196 
558 285 8 11 0.031132903 
616 270 7 10 0.031102374 
154 236 8 10 0.030938242 
157 238 9 10 0.030859208 
463 327 11 14 0.030798752 
206 286 8 10 0.030605922 
165 301 9 12 0.030525161 
457 257 8 11 0.030166762 
197 267 10 12 0.030145856 
208 263 9 10 0.02996742 
464 254 8 11 0.029758636 
537 277 10 14 0.029567214 
209 268 9 11 0.02946318 
535 365 9 13 0.029165408 
600 270 9 11 0.029096413 
156 286 11 12 0.028829962 
501 254 8 10 0.028733987 
648 286 10 12 0.028589157 
616 279 7 10 0.028535692 
368 247 9 10 0.0281516 
602 264 8 10 0.028106136 
742 242 12 19 0.027958272 
479 367 11 12 0.027839124 
476 379 12 14 0.027829994 
82 267 10 13 0.027761523 
199 254 9 11 0.027758086 
398 270 8 11 0.027558248 
504 265 9 10 0.027532525 
497 248 9 11 0.02742689 
384 299 10 13 0.02726818 
68 269 11 13 0.02726536 
214 268 9 11 0.026950682 
464 281 10 12 0.026915994 
190 212 10 12 0.026910516 
258 238 12 13 0.026883388 
367 308 8 10 0.02684671 
126 231 10 13 0.026791895 
681 254 9 11 0.0267406 
429 269 9 12 0.02668283 
165 221 9 11 0.026651556 
208 238 9 10 0.026532397 
37 211 9 11 0.026211765 
232 240 8 11 0.026049234 
214 237 10 12 0.025898665 
616 265 8 10 0.025893921 
711 188 9 13 0.02569151 
622 362 11 15 0.025601005 
685 287 15 18 0.025583982 
482 254 8 10 0.02531827 
28 266 11 14 0.025295055 
254 267 9 13 0.02523852 
140 272 9 12 0.025197515 
394 279 9 11 0.025142247 
169 282 10 12 0.025062734 
386 245 9 11 0.02499924 
246 252 9 12 0.024934294 
652 272 10 12 0.024912627 
577 265 8 10 0.02489677 
190 311 7 10 0.024868552 
212 248 10 12 0.024742622 
205 296 8 10 0.024713537 
69 275 11 12 0.02467972 
214 304 9 11 0.024618862 
196 344 9 12 0.024510408 
215 280 9 12 0.02432405 
316 277 12 14 0.02431952 
519 267 10 12 0.024307167 
240 240 9 11 0.024070643 
201 238 8 10 0.023928024 
641 274 11 14 0.023896603 
672 292 10 13 0.02377107 
145 247 9 12 0.023745721 
504 382 10 12 0.023745254 
362 268 9 12 0.023652455 
814 280 11 14 0.02359584 
509 383 10 11 0.023531608 
194 253 9 12 0.023460658 
225 239 9 11 0.023458252 
63 274 11 13 0.023253396 
230 230 9 12 0.023218056 
265 341 8 10 0.02319017 
496 278 8 11 0.023158334 
664 255 9 11 0.023080232 
145 220 8 11 0.023032255 
225 229 10 13 0.022994334 
134 235 9 12 0.022889817 
543 305 8 10 0.022865154 
384 318 10 13 0.02283614 
104 276 9 12 0.02275006 
382 267 10 12 0.022686856 
242 311 9 10 0.022483135 
493 292 10 13 0.022207825 
96 279 8 9 0.022188513 
806 245 11 12 0.022163937 
486 253 8 11 0.02213306 
191 247 8 10 0.022113906 
674 239 8 11 0.022076355 
193 262 10 14 0.022046244 
423 289 11 13 0.021960152 
206 231 10 12 0.021936325 
941 371 10 11 0.021917678 
408 277 10 13 0.021908777 
420 305 11 15 0.021869574 
240 253 9 11 0.021861967 
677 246 9 11 0.021677548 
509 388 10 12 0.021676578 
509 331 10 13 0.021523364 
184 276 9 11 0.021391666 
164 295 9 12 0.021301622 
446 259 10 14 0.021233166 
671 253 9 11 0.0211472 
660 298 13 16 0.021092588 
470 252 8 11 0.02104491 
408 310 11 14 0.021032814 
165 247 8 10 0.021002669 
301 247 10 12 0.020942977 
537 271 9 12 0.020907952 
413 262 9 12 0.020750578 
201 231 10 12 0.020643491 
552 303 12 14 0.02055368 
200 212 10 13 0.020552559 
295 275 10 12 0.02051411 
376 279 8 11 0.02040576 
427 261 9 12 0.020359062 
424 247 8 10 0.020337604 
518 279 8 11 0.020290535 
725 354 14 18 0.020281522 
592 264 9 9 0.02027119 
480 277 10 12 0.020165436 
368 241 8 10 0.020135485 
720 341 12 15 0.020086044 
270 286 9 11 0.020069022 
32 209 10 11 0.020045301 
838 237 11 14 0.020011038 
624 265 8 10 0.020010196 
