2_Demonstration_Political_Rally_2_365
77
732 121 248 354 0.9995167 
458 300 78 101 0.99322975 
405 396 11 14 0.9169926 
387 399 13 19 0.9126087 
325 417 12 14 0.794647 
215 348 74 93 0.73566747 
345 398 9 11 0.6724835 
362 395 10 14 0.6223118 
372 428 11 14 0.5636698 
354 411 9 12 0.4405105 
426 367 7 11 0.270091 
417 375 8 10 0.15308033 
-4 369 80 250 0.13921495 
278 588 63 62 0.12950891 
47 302 42 57 0.1221636 
378 360 7 9 0.11771256 
343 423 9 11 0.115762666 
344 368 7 9 0.08738567 
303 371 10 12 0.085618295 
374 379 9 12 0.08466775 
394 361 7 9 0.07973863 
334 350 8 10 0.07784673 
391 391 9 12 0.06876619 
299 180 21 27 0.06717492 
392 364 8 10 0.06068538 
439 375 8 9 0.06030449 
335 381 8 10 0.057682257 
448 347 11 14 0.056363374 
320 415 12 14 0.054267626 
308 440 13 17 0.05351713 
313 414 9 12 0.05341553 
353 445 11 17 0.05130221 
352 429 9 10 0.048896685 
432 358 7 9 0.041971557 
351 344 8 10 0.040319305 
406 328 9 11 0.039565533 
383 381 8 10 0.038270265 
312 386 8 10 0.03725396 
376 364 8 10 0.035648238 
351 369 7 9 0.033881333 
357 430 8 11 0.033493254 
338 366 8 10 0.03236689 
430 371 8 11 0.03227423 
379 159 13 20 0.030328779 
358 438 9 13 0.03003441 
293 396 10 13 0.029423947 
400 384 8 10 0.02930195 
349 425 8 11 0.028961057 
374 398 8 11 0.028814005 
327 392 8 10 0.02697743 
315 438 12 16 0.026799638 
418 369 7 9 0.026486607 
305 391 11 12 0.026255483 
399 360 7 9 0.026057098 
339 245 14 21 0.025846347 
398 391 9 11 0.025829285 
320 235 12 15 0.025547925 
302 422 8 11 0.02545108 
321 390 8 10 0.025281101 
424 390 9 11 0.02513388 
432 384 8 11 0.023839826 
330 414 10 14 0.023458518 
318 385 8 9 0.023342583 
344 393 9 11 0.023273772 
33 182 55 74 0.022881752 
384 376 8 10 0.022690302 
370 376 8 10 0.022611627 
25 255 64 90 0.02252675 
356 149 12 14 0.022396488 
352 373 8 10 0.02236681 
407 366 8 9 0.022141438 
334 345 8 10 0.022133514 
408 351 7 9 0.020787662 
433 353 7 9 0.02071912 
429 388 10 11 0.020534627 
407 360 7 9 0.020304611 
366 402 11 14 0.020156527 
