2_Demonstration_Demonstrators_2_700
300
253 152 90 116 0.9979777 
534 171 10 13 0.5345151 
119 48 15 18 0.51679754 
509 72 9 12 0.46480134 
559 140 11 13 0.35477084 
464 154 9 13 0.29373798 
640 53 10 13 0.23850052 
634 92 10 12 0.19579095 
32 72 11 13 0.19394292 
471 181 8 11 0.18802936 
487 60 9 12 0.18598376 
651 79 11 14 0.17918389 
401 147 414 545 0.17378032 
570 70 9 13 0.17209129 
535 56 9 12 0.17177217 
583 28 10 12 0.1677251 
535 5 11 14 0.16759782 
5 98 16 18 0.16233934 
127 11 13 15 0.16219571 
671 92 10 13 0.16048707 
493 158 9 11 0.1574504 
431 181 10 13 0.15357046 
78 36 12 16 0.14233318 
573 155 9 13 0.1349996 
100 40 13 17 0.12930381 
590 12 10 12 0.1268589 
578 55 9 10 0.12256721 
144 30 12 16 0.11780614 
178 38 14 18 0.11595717 
595 151 11 15 0.11417734 
552 28 10 13 0.10852342 
151 74 14 16 0.10646848 
447 124 9 11 0.10635703 
534 84 9 12 0.10574903 
1004 333 16 23 0.10422664 
512 142 8 12 0.101849906 
7 187 18 21 0.09286116 
553 105 10 11 0.09165228 
158 2 13 16 0.089233704 
526 68 8 11 0.08912115 
492 23 11 13 0.08708724 
525 129 9 11 0.0868806 
181 55 13 16 0.084847435 
434 157 10 14 0.084570944 
657 96 9 12 0.0841539 
321 84 11 12 0.08319311 
378 140 8 9 0.08310908 
670 60 12 14 0.08240363 
487 127 9 10 0.081495024 
31 119 13 16 0.0759398 
110 24 11 13 0.073677234 
456 102 10 12 0.07306891 
183 9 11 14 0.07191725 
646 100 9 11 0.07029951 
496 47 8 10 0.069591045 
103 7 13 16 0.0695109 
108 64 10 13 0.067803 
480 95 9 10 0.06764103 
593 61 9 12 0.06716747 
492 79 10 12 0.06644935 
502 89 9 11 0.06627352 
366 39 12 14 0.06590154 
624 50 10 13 0.065528266 
54 28 13 17 0.065339014 
0 145 15 19 0.06415298 
56 14 11 14 0.062400635 
156 47 13 15 0.06149541 
439 17 10 12 0.06105577 
519 21 10 12 0.058792148 
557 53 12 15 0.058654297 
518 165 10 12 0.058649797 
425 70 10 13 0.058591485 
558 2 11 14 0.058009293 
549 154 9 11 0.057333883 
540 133 9 12 0.05643999 
55 47 14 17 0.056354217 
20 37 13 16 0.054308966 
546 193 8 10 0.052984383 
465 16 9 13 0.05247592 
429 7 10 13 0.051676795 
100 177 13 15 0.051460568 
520 181 9 10 0.05020518 
551 69 8 11 0.050023586 
38 98 13 17 0.049691863 
118 23 10 13 0.049440306 
302 14 9 12 0.04930506 
486 177 9 11 0.04901078 
647 134 8 11 0.048694722 
288 117 8 10 0.04865571 
52 73 12 16 0.048508212 
507 2 13 16 0.04844898 
568 92 11 13 0.0479228 
527 204 10 14 0.047761545 
132 26 11 15 0.04774243 
79 0 13 12 0.04768508 
197 0 14 17 0.047020912 
511 41 9 12 0.0449998 
477 142 10 11 0.04469204 
54 19 13 17 0.04465738 
116 199 13 16 0.044264305 
460 -1 10 10 0.044055242 
559 203 11 13 0.04404928 
464 38 8 10 0.043704987 
519 175 8 10 0.043575615 
72 66 13 16 0.04315821 
574 188 9 12 0.04282035 
697 68 10 12 0.04253718 
425 11 10 12 0.0411509 
663 122 10 14 0.04077843 
328 48 9 11 0.040713824 
546 70 8 11 0.04042196 
510 148 9 11 0.040263023 
522 132 9 11 0.040190462 
456 60 9 13 0.039666988 
416 361 269 359 0.03934222 
517 1 12 15 0.038238887 
471 167 7 10 0.03804804 
457 54 10 13 0.037553567 
413 103 10 14 0.0373763 
472 104 8 10 0.037101097 
495 85 9 11 0.0368727 
621 68 9 12 0.03679992 
502 120 8 11 0.036622833 
138 93 12 15 0.03639865 
546 155 9 11 0.036389086 
104 67 12 15 0.03603839 
72 56 10 14 0.035959877 
587 139 11 13 0.035742916 
92 360 47 63 0.035739355 
125 116 10 12 0.03561125 
504 1 11 12 0.035332218 
516 204 13 15 0.035270505 
0 60 11 18 0.035229642 
180 0 11 10 0.034964595 
342 51 10 13 0.03459886 
521 56 8 11 0.034345426 
437 102 9 12 0.034204774 
378 101 7 10 0.034019463 
624 108 11 13 0.03365781 
529 148 10 12 0.033427685 
629 23 9 11 0.033336848 
591 83 11 13 0.03317532 
420 196 10 12 0.0320811 
145 22 10 12 0.03183429 
517 88 8 10 0.031804454 
409 69 9 11 0.03178637 
856 343 11 13 0.03173279 
557 69 9 11 0.031727932 
89 77 11 14 0.031653956 
502 125 9 11 0.031623296 
508 52 9 13 0.031379998 
479 77 8 11 0.031163333 
506 75 9 11 0.031157814 
296 102 8 10 0.031031383 
109 133 14 18 0.030655539 
61 90 13 15 0.030598033 
525 102 8 11 0.030478317 
414 18 10 13 0.030188581 
453 168 8 11 0.030154398 
472 51 9 11 0.030096827 
454 12 9 12 0.029942213 
360 101 9 12 0.029659173 
495 164 9 11 0.029651668 
229 15 12 14 0.028949367 
161 29 10 15 0.028841184 
438 69 10 13 0.028713912 
20 68 11 13 0.028531887 
1 51 10 17 0.028519662 
0 220 10 16 0.028469665 
439 46 12 15 0.028372224 
571 152 9 11 0.028258262 
585 69 9 11 0.028112063 
399 53 10 12 0.0280893 
590 176 384 536 0.028084211 
551 89 8 10 0.027926877 
505 151 8 10 0.027912876 
597 107 11 13 0.027771674 
149 20 10 12 0.027703486 
494 153 9 11 0.027498247 
130 19 13 16 0.027414884 
575 1 10 11 0.027385727 
44 54 11 14 0.027382925 
447 63 10 12 0.027335193 
629 108 12 14 0.027333803 
458 47 8 12 0.02732633 
478 151 10 11 0.027319018 
550 193 8 10 0.027307464 
473 72 9 11 0.02723597 
478 6 10 12 0.02719312 
480 182 8 10 0.0271818 
119 0 10 10 0.027154582 
616 84 10 12 0.027146379 
478 73 8 10 0.027084766 
445 68 10 12 0.027018907 
509 189 9 11 0.026994934 
449 30 9 12 0.02696302 
89 53 12 15 0.026870193 
520 94 8 10 0.02676237 
532 199 11 13 0.026760355 
506 104 9 11 0.026691243 
386 88 8 10 0.026606912 
181 29 11 13 0.026398249 
546 95 8 9 0.026297342 
499 135 8 10 0.026001386 
495 143 8 9 0.025894322 
495 52 9 12 0.025843898 
597 127 9 12 0.025816718 
345 110 7 10 0.025765609 
463 119 8 10 0.025739338 
365 28 15 16 0.025610927 
71 76 11 13 0.02560562 
632 2 12 16 0.025567923 
453 31 10 12 0.02556586 
407 162 9 13 0.025472362 
533 237 13 15 0.02544435 
193 0 10 11 0.025260184 
437 76 11 12 0.02525192 
621 85 9 12 0.02517369 
192 99 10 13 0.025134744 
524 222 16 19 0.024942456 
537 128 8 11 0.02491057 
420 57 11 14 0.024807433 
268 12 11 14 0.024762971 
478 1 10 10 0.024712259 
468 19 11 14 0.024621973 
0 42 10 17 0.024572438 
478 101 8 10 0.024557572 
432 102 9 12 0.02447567 
151 2 13 17 0.02444766 
480 126 9 11 0.024311695 
513 166 9 12 0.024188206 
152 14 10 13 0.02410794 
487 120 9 11 0.024093378 
525 209 13 18 0.024092132 
561 159 8 10 0.024085118 
36 137 18 20 0.02407697 
552 60 10 13 0.023828758 
590 66 9 12 0.02375139 
504 159 8 10 0.02370783 
558 183 9 11 0.023580173 
583 46 9 11 0.02356326 
17 42 11 15 0.023537798 
489 110 8 10 0.02353438 
480 119 8 10 0.023428911 
120 174 10 13 0.023350988 
480 157 8 11 0.02331071 
436 175 9 12 0.023269089 
406 151 9 12 0.023149453 
102 118 11 12 0.023006568 
568 183 11 13 0.0229884 
55 61 10 13 0.022946903 
685 6 11 13 0.022911776 
660 100 9 12 0.022792391 
217 102 9 12 0.022714905 
421 190 10 13 0.02261952 
228 78 10 12 0.022604814 
156 9 13 16 0.02254596 
111 0 10 11 0.022431066 
102 162 14 16 0.022397617 
188 6 11 15 0.022294512 
521 61 9 12 0.02222976 
356 25 13 16 0.02219855 
439 38 10 11 0.022140764 
95 12 11 15 0.022056388 
508 10 13 15 0.021846302 
407 45 11 13 0.021746453 
416 189 11 13 0.02172221 
196 29 10 11 0.021718321 
479 112 8 9 0.02168665 
456 120 8 11 0.021507623 
553 181 9 12 0.02149972 
207 13 10 12 0.021325713 
415 182 11 13 0.021323632 
688 62 9 11 0.021318568 
121 110 11 13 0.0212329 
432 0 10 12 0.02120238 
39 56 12 15 0.021108638 
561 213 9 12 0.020973768 
158 59 12 15 0.020920733 
636 118 11 14 0.02084632 
359 35 13 16 0.020837162 
373 66 13 17 0.020786827 
480 11 10 13 0.020726804 
525 183 8 9 0.020700216 
288 50 11 14 0.02068572 
613 119 9 12 0.020677704 
353 7 8 10 0.020656642 
661 95 9 12 0.02057846 
575 61 8 10 0.020462876 
566 215 9 12 0.020460324 
593 125 9 11 0.020456174 
328 28 11 15 0.020447422 
59 33 13 16 0.020412005 
632 124 11 13 0.020331424 
322 14 9 11 0.0202969 
489 84 9 11 0.020201948 
510 231 10 12 0.020179667 
525 0 10 11 0.020162316 
576 104 9 12 0.020153698 
79 171 14 15 0.020003082 
