2_Demonstration_Demonstration_Or_Protest_2_665
32
476 464 219 290 0.9998369 
792 572 67 90 0.99107355 
173 462 30 46 0.9871315 
384 567 116 142 0.9860865 
333 579 35 44 0.9589341 
718 601 45 64 0.9351521 
770 470 15 20 0.92072725 
845 608 35 50 0.91564745 
845 490 50 106 0.9037699 
164 386 30 58 0.89359504 
340 619 45 57 0.5342024 
629 1179 42 49 0.5134323 
414 563 166 203 0.34981224 
826 558 26 37 0.30775338 
778 473 14 18 0.10142038 
226 76 21 30 0.07899826 
326 591 77 94 0.04651057 
355 573 63 84 0.036345173 
703 557 10 12 0.034529105 
623 1196 38 47 0.0339131 
894 1108 27 40 0.03353451 
827 610 36 54 0.033099577 
2 607 115 144 0.03181516 
832 486 10 12 0.02929196 
221 74 17 24 0.029005619 
829 517 49 84 0.026795631 
253 43 14 18 0.025545744 
335 566 56 70 0.025465291 
336 610 33 41 0.024736108 
811 546 47 67 0.023047077 
589 1109 14 18 0.022628019 
832 588 38 58 0.021365235 
