2_Demonstration_Demonstration_Or_Protest_2_441
38
856 172 35 43 0.99886286 
403 167 36 45 0.9985103 
287 187 32 41 0.99842453 
570 176 35 46 0.99830675 
611 175 39 47 0.99728286 
0 189 31 41 0.9970952 
329 208 37 45 0.9969296 
932 153 36 47 0.9964856 
233 155 40 48 0.9959906 
107 192 43 53 0.9880939 
498 170 39 55 0.98752856 
720 165 24 36 0.98479515 
789 161 41 51 0.9725451 
852 357 27 32 0.9500313 
314 175 26 36 0.91216624 
141 170 26 33 0.5895797 
502 590 41 40 0.47237626 
440 338 16 17 0.26177627 
902 601 44 33 0.22628514 
569 97 20 30 0.16081673 
683 87 16 19 0.10453046 
725 73 15 21 0.09345488 
992 76 17 21 0.09330479 
439 511 50 66 0.07116193 
373 569 17 20 0.059307892 
129 178 34 43 0.051513627 
720 82 11 15 0.03995741 
6 451 13 16 0.03960195 
744 64 17 22 0.03849358 
154 161 26 37 0.031550147 
455 499 33 38 0.028973538 
894 566 60 71 0.028172016 
488 466 13 15 0.026195671 
730 65 19 29 0.025762845 
578 73 41 60 0.023506058 
1011 325 11 18 0.023292284 
704 186 23 32 0.021344556 
445 179 37 51 0.020223204 
