2_Demonstration_Demonstrators_2_244
84
427 110 47 64 0.99732363 
724 155 63 87 0.99647444 
204 169 16 19 0.9899421 
250 173 30 35 0.9856806 
843 140 24 30 0.9387023 
714 186 24 36 0.9031619 
360 171 10 13 0.3080343 
112 243 18 22 0.29395118 
615 134 22 26 0.2544088 
951 141 23 25 0.17638299 
336 174 10 12 0.16347714 
341 175 11 13 0.14747734 
942 117 25 31 0.14587797 
967 91 15 19 0.1328821 
541 138 25 30 0.12421482 
302 163 12 13 0.11238596 
392 192 10 12 0.107218355 
117 213 28 29 0.106274776 
87 167 26 31 0.10606924 
720 178 33 46 0.10368795 
616 146 22 23 0.099336244 
608 136 12 17 0.09540206 
27 190 7 9 0.090438 
906 165 29 33 0.088225186 
1011 119 12 20 0.08658822 
337 167 9 11 0.07445221 
936 494 52 58 0.07062846 
164 178 16 20 0.06809553 
48 184 8 12 0.06752148 
204 137 13 16 0.06492505 
85 171 14 19 0.06431983 
123 216 17 18 0.06319442 
73 155 12 15 0.056637745 
953 115 15 20 0.054706544 
365 189 10 11 0.051281076 
704 112 7 10 0.04932614 
80 214 11 14 0.04642021 
156 173 16 18 0.044371746 
77 168 12 17 0.043786265 
307 164 13 15 0.043587774 
384 175 9 11 0.042956647 
366 169 9 12 0.03955553 
93 130 12 15 0.03953437 
683 139 22 28 0.037469655 
156 159 10 12 0.037148625 
71 161 14 18 0.036060814 
104 217 27 31 0.035595074 
310 171 13 15 0.03207809 
681 141 12 17 0.030767115 
79 160 22 29 0.030765736 
330 173 8 11 0.030125126 
303 162 23 27 0.028832573 
115 237 33 30 0.028269572 
949 124 29 36 0.027731577 
656 155 9 12 0.027439041 
376 172 8 12 0.026907023 
533 139 18 23 0.026277022 
99 165 17 20 0.025967732 
108 238 16 22 0.025469813 
374 166 9 12 0.0245741 
150 178 16 16 0.024433669 
29 198 9 11 0.024265839 
302 169 13 16 0.024076063 
545 153 26 31 0.023996217 
668 155 11 14 0.023744011 
1004 143 15 19 0.023701712 
387 125 39 53 0.023549058 
115 252 18 20 0.023424074 
170 187 17 20 0.023218993 
155 163 13 14 0.023154195 
661 171 8 13 0.023127174 
657 204 12 18 0.023109335 
986 18 16 25 0.023054013 
41 187 9 12 0.022760864 
59 146 11 15 0.022573877 
974 7 25 34 0.02248703 
730 145 29 38 0.022448609 
138 218 31 36 0.021835523 
15 206 8 11 0.021798134 
78 177 11 17 0.021791872 
30 206 9 11 0.021762151 
73 151 23 29 0.020632224 
50 186 11 17 0.020560479 
101 223 15 19 0.020488298 
