2_Demonstration_Demonstration_Or_Protest_2_200
162
74 266 36 46 0.9969242 
177 224 31 37 0.9967313 
277 218 35 46 0.99651897 
84 130 31 41 0.99582785 
387 222 25 35 0.9954796 
224 189 28 40 0.99508435 
806 501 56 49 0.991401 
854 324 37 51 0.9903593 
884 163 26 35 0.98725337 
309 97 15 19 0.9871622 
12 369 41 56 0.98516685 
790 389 44 54 0.98485166 
936 308 47 60 0.98227626 
951 177 32 35 0.9802925 
22 70 16 20 0.9748496 
286 170 24 31 0.9723715 
842 132 22 27 0.96811724 
399 47 15 21 0.96104556 
357 26 14 16 0.95838636 
274 68 14 18 0.9574076 
314 369 40 58 0.9443318 
355 154 21 28 0.9347598 
462 12 12 15 0.9038456 
903 -1 15 18 0.8993576 
672 384 43 72 0.89410865 
351 119 15 22 0.85876054 
1003 80 20 31 0.807096 
365 113 15 18 0.78305805 
903 116 16 23 0.77156323 
896 298 33 44 0.75476867 
526 162 33 44 0.69978374 
680 36 20 22 0.6287118 
501 6 11 16 0.59845513 
285 82 17 21 0.5896042 
925 79 18 22 0.570855 
392 156 23 30 0.5627581 
528 86 11 14 0.55737054 
18 128 16 18 0.5158339 
91 33 12 16 0.5100145 
2 329 15 22 0.4607325 
118 265 24 34 0.45472643 
35 140 12 14 0.39860466 
1 90 13 23 0.346 
812 0 13 11 0.29544035 
397 166 22 29 0.28207818 
10 245 25 41 0.27875105 
406 140 15 19 0.27295455 
789 90 16 19 0.23649114 
308 166 21 28 0.21628612 
872 9 23 28 0.20459509 
765 0 14 12 0.19484778 
974 7 23 29 0.18872589 
305 357 30 37 0.1871026 
692 0 15 16 0.15698275 
358 2 11 13 0.13151202 
389 26 10 14 0.10671282 
759 82 11 16 0.100647874 
546 351 23 32 0.0996044 
317 78 11 14 0.09753605 
388 153 19 24 0.094495185 
395 145 15 19 0.093618 
352 1 10 10 0.09342657 
396 487 61 65 0.09152739 
141 0 12 11 0.088122174 
489 41 10 12 0.08268806 
1006 24 18 22 0.08182992 
1003 31 20 29 0.07837675 
848 194 24 30 0.07725217 
444 78 27 28 0.07711962 
750 364 42 57 0.0770639 
671 43 11 17 0.07534826 
479 30 9 11 0.071415566 
63 75 12 14 0.07116079 
798 16 17 19 0.06855719 
913 119 16 22 0.06319696 
472 30 10 13 0.061239023 
2 15 9 13 0.059797343 
340 13 13 17 0.059081413 
435 22 12 14 0.058849856 
364 1 13 16 0.057827767 
771 342 28 34 0.055741243 
388 142 14 16 0.054892123 
709 4 16 15 0.052001566 
506 4 14 19 0.050188646 
391 14 10 13 0.049534645 
762 346 42 54 0.047449928 
333 92 11 14 0.04639921 
10 49 15 18 0.045930274 
-1 315 24 36 0.04498535 
845 56 14 18 0.042739417 
80 77 10 12 0.042404354 
652 37 12 16 0.042087905 
14 24 9 11 0.041812032 
648 24 10 13 0.04137867 
387 126 14 15 0.04067972 
543 77 9 12 0.04023299 
78 387 22 30 0.039943118 
526 3 12 15 0.039905716 
871 23 15 19 0.039766513 
883 192 17 20 0.036864527 
86 87 9 12 0.036406737 
923 323 34 50 0.036326714 
760 72 8 12 0.036246087 
540 168 19 29 0.03622143 
62 259 29 39 0.03500921 
65 55 10 12 0.034960534 
0 210 13 24 0.03451275 
903 323 43 56 0.033851724 
356 114 20 24 0.03362805 
84 80 9 10 0.03255415 
790 335 38 46 0.032496635 
2 224 27 52 0.032219917 
546 83 10 14 0.032172687 
35 151 14 19 0.031518683 
24 24 9 11 0.03148125 
534 78 10 13 0.03092184 
279 82 13 18 0.030661836 
319 12 9 11 0.030601893 
29 133 13 18 0.030261092 
670 36 21 29 0.030116 
505 167 34 36 0.029685494 
663 385 32 49 0.028979344 
786 77 16 18 0.028879065 
361 148 16 24 0.028780507 
915 396 43 56 0.027804425 
918 12 12 16 0.027526734 
479 24 10 12 0.027497446 
965 13 24 28 0.026804386 
651 30 10 14 0.026004646 
985 4 16 23 0.025506431 
883 5 14 17 0.025452454 
521 83 11 16 0.024905635 
511 103 26 38 0.024675073 
297 369 31 42 0.024619924 
534 131 23 31 0.024249785 
965 179 30 34 0.024249455 
711 11 13 14 0.024086256 
196 177 22 27 0.02396508 
80 86 11 14 0.023856895 
45 22 10 12 0.023689592 
478 89 16 19 0.023611814 
177 334 49 54 0.023262123 
843 162 21 23 0.023142833 
805 1 15 16 0.023025876 
576 20 10 12 0.022876702 
799 319 44 49 0.022803593 
3 136 16 20 0.022681136 
977 20 16 21 0.022275383 
262 71 9 12 0.022171754 
402 153 18 24 0.02209144 
11 131 19 24 0.022053326 
122 261 17 19 0.021604652 
430 10 13 16 0.021515513 
331 4 13 15 0.021337457 
61 160 20 26 0.020838544 
32 144 16 19 0.020722555 
781 345 30 38 0.020709787 
515 1 19 22 0.020695217 
71 38 9 12 0.020419823 
523 113 13 20 0.020376628 
673 62 32 37 0.020133952 
318 168 18 21 0.020109741 
