2_Demonstration_Political_Rally_2_264
851
651 468 14 18 0.9880492 
988 522 15 19 0.97473675 
612 471 13 17 0.96025497 
387 549 19 22 0.9579508 
679 591 17 22 0.9400648 
441 501 15 21 0.92703295 
582 463 14 18 0.9158725 
530 513 15 18 0.91351986 
958 387 11 14 0.90047854 
279 347 11 14 0.88385355 
500 509 14 18 0.8380577 
709 505 15 18 0.8324646 
335 457 15 18 0.8208616 
512 411 13 16 0.8019016 
904 405 12 15 0.790276 
219 547 14 19 0.7829249 
27 459 14 18 0.76887923 
312 511 17 21 0.7670886 
1003 398 12 16 0.73167586 
334 398 11 14 0.729059 
731 439 10 13 0.7204736 
624 566 16 21 0.71107894 
481 516 15 19 0.7106562 
786 456 13 17 0.70276403 
360 524 14 18 0.6983331 
101 500 15 19 0.6791511 
237 574 20 29 0.6747193 
685 462 20 23 0.66597915 
601 516 13 17 0.6441572 
963 451 18 22 0.6397372 
447 350 10 13 0.6259518 
534 497 16 19 0.6136719 
488 574 17 20 0.57521933 
155 335 10 13 0.5704886 
365 405 9 13 0.5403495 
216 365 10 11 0.49829054 
454 457 13 17 0.48685303 
724 423 9 12 0.4809849 
340 359 12 15 0.47347477 
94 357 10 13 0.4687836 
512 490 12 15 0.4460069 
44 364 9 12 0.44325772 
586 601 15 19 0.4267347 
396 426 12 15 0.4209397 
621 365 9 11 0.4099059 
558 321 11 17 0.39069614 
600 367 9 12 0.37301645 
604 419 11 15 0.35482147 
49 379 11 13 0.34908307 
309 330 9 14 0.3456173 
385 326 10 14 0.34362152 
55 344 10 12 0.33284888 
861 412 14 18 0.3288281 
494 328 11 13 0.31904328 
333 313 8 10 0.2968458 
411 501 12 15 0.29600164 
791 366 10 12 0.27992007 
453 427 10 13 0.2771955 
647 579 11 14 0.27073961 
796 406 13 17 0.26336518 
97 416 14 17 0.2620669 
375 441 12 15 0.2600006 
750 443 13 18 0.25974873 
57 293 8 10 0.25049633 
813 537 14 17 0.2481815 
241 389 11 14 0.2468729 
492 404 11 14 0.24560067 
212 331 10 13 0.23744649 
736 608 21 16 0.23288356 
196 365 10 13 0.23287682 
551 336 9 12 0.2195159 
511 448 15 18 0.21598272 
83 474 18 25 0.21387304 
421 333 9 12 0.1988688 
456 302 9 11 0.19064301 
409 319 8 11 0.18915513 
87 373 9 10 0.18477006 
694 373 8 10 0.18257715 
375 525 14 18 0.17035894 
199 324 10 12 0.16925879 
859 506 14 22 0.16305558 
840 499 20 29 0.16141246 
740 339 11 14 0.15319851 
377 349 8 11 0.14971948 
464 349 10 13 0.14863889 
76 359 9 11 0.14709689 
102 343 10 14 0.14481018 
454 325 11 13 0.14300828 
0 365 9 12 0.14243196 
861 376 10 12 0.14214899 
311 486 12 14 0.13958757 
444 437 11 13 0.13950208 
589 490 13 17 0.13790408 
641 356 9 12 0.13682409 
480 333 9 11 0.1339983 
185 436 9 12 0.12915473 
142 481 12 17 0.12683158 
308 383 10 12 0.12643647 
640 466 11 16 0.12493344 
382 266 11 14 0.124578655 
322 389 9 13 0.124035485 
767 502 11 16 0.123885706 
871 434 12 16 0.121083245 
878 375 10 11 0.12013944 
62 472 13 17 0.11984056 
645 359 10 12 0.1193492 
47 416 10 13 0.11855561 
615 420 13 16 0.11814359 
740 417 13 14 0.11743045 
30 351 9 12 0.116254486 
919 386 10 13 0.11482891 
785 328 8 10 0.114040636 
94 505 16 20 0.11348455 
280 451 11 14 0.1130521 
224 342 8 10 0.11299444 
752 359 9 12 0.11232022 
670 366 9 10 0.10936372 
204 305 9 11 0.10885098 
527 477 13 16 0.107249364 
118 367 10 12 0.10578363 
526 331 9 12 0.104770705 
109 347 10 14 0.103670575 
166 479 11 14 0.102071226 
24 300 9 12 0.101463914 
257 126 11 14 0.100912325 
277 323 13 15 0.09752487 
382 348 9 11 0.097332396 
1003 426 16 19 0.09489536 
477 484 14 20 0.0935305 
25 352 9 12 0.09088167 
333 418 14 18 0.09046413 
111 387 9 12 0.089365005 
851 502 18 26 0.08884018 
928 597 24 26 0.088533 
400 301 10 12 0.08824633 
416 402 11 15 0.086011685 
284 566 12 17 0.08568982 
275 315 17 18 0.085452504 
343 341 8 11 0.0849063 
326 469 11 15 0.08407168 
872 357 9 11 0.08372166 
567 406 11 14 0.08369981 
869 440 13 18 0.08344493 
214 370 10 13 0.083065346 
391 318 9 10 0.08285037 
147 484 12 16 0.08265715 
685 381 11 14 0.08214688 
532 503 19 23 0.081315964 
233 502 17 21 0.08115622 
248 302 11 13 0.08109908 
238 351 9 12 0.08052616 
326 334 11 14 0.07900902 
721 504 15 19 0.07771395 
607 372 8 10 0.07752117 
903 383 9 10 0.077095434 
690 375 9 10 0.07597978 
807 411 11 17 0.07573868 
188 457 13 17 0.07465404 
349 539 16 20 0.0718382 
295 448 10 15 0.07152942 
356 430 10 12 0.07095888 
95 351 11 14 0.07032786 
61 348 9 12 0.069663666 
447 422 10 13 0.06932575 
952 368 9 11 0.06834796 
355 536 17 21 0.06828165 
264 446 11 14 0.06810237 
154 516 14 19 0.06802829 
162 551 15 20 0.06777819 
196 372 10 13 0.06755184 
535 357 11 16 0.06732955 
321 514 14 18 0.06727005 
754 438 15 19 0.0671654 
312 310 8 9 0.06711352 
156 364 12 14 0.067023076 
840 420 10 14 0.066778354 
345 325 9 11 0.0663094 
604 368 9 11 0.066216424 
128 321 8 10 0.06581249 
576 299 11 13 0.0657035 
957 414 12 15 0.06485045 
271 461 10 15 0.064837374 
856 380 10 12 0.06381934 
159 357 11 13 0.0634596 
501 540 14 19 0.063206986 
327 419 13 17 0.06320689 
420 390 11 14 0.06284592 
40 361 9 11 0.06278352 
746 445 11 16 0.06276461 
351 325 8 12 0.062473744 
463 355 10 12 0.06234308 
118 387 10 14 0.062061407 
882 420 9 12 0.061869383 
356 441 14 17 0.0618133 
986 509 20 29 0.061408874 
301 445 12 16 0.060835954 
289 435 9 13 0.060711943 
248 352 8 11 0.060574595 
340 415 13 16 0.06009236 
80 221 9 11 0.0600374 
172 533 10 13 0.059918374 
925 359 9 10 0.058478385 
862 343 9 11 0.058470182 
318 426 13 15 0.05843398 
88 391 9 11 0.057407066 
419 397 12 14 0.05732509 
449 325 10 13 0.057260934 
108 299 10 14 0.0564597 
144 341 8 12 0.056130677 
371 428 12 14 0.05550579 
814 404 11 14 0.055413492 
545 335 8 11 0.05534365 
667 372 12 16 0.054525338 
830 387 13 15 0.0543509 
247 294 11 14 0.054205667 
527 318 8 11 0.054088637 
535 333 9 12 0.053891804 
548 508 11 15 0.053842183 
644 369 12 18 0.05382258 
477 302 8 10 0.053643413 
432 402 11 15 0.05274422 
358 333 10 13 0.05254038 
480 403 9 12 0.052422483 
246 574 21 29 0.052363746 
848 380 8 11 0.05235073 
823 286 8 9 0.052338403 
70 374 8 11 0.052154552 
799 381 11 14 0.052150067 
430 344 8 11 0.052025463 
287 413 10 12 0.05181538 
143 364 9 13 0.051568337 
284 326 11 13 0.051454257 
716 463 12 17 0.05073491 
186 429 12 14 0.050620608 
229 580 23 35 0.050523773 
799 478 11 14 0.050411608 
522 318 8 11 0.050335422 
814 335 8 12 0.050261848 
225 320 8 11 0.05012102 
464 343 10 13 0.0500436 
320 341 9 12 0.049947843 
142 451 12 15 0.049942914 
330 492 13 16 0.0499131 
814 479 10 13 0.04991249 
1011 434 13 18 0.049908284 
864 390 10 13 0.049736273 
846 421 11 17 0.04970125 
391 491 10 13 0.049554426 
143 390 11 14 0.04929315 
795 488 14 20 0.0492779 
936 324 9 11 0.049038623 
591 341 11 14 0.04871632 
208 326 11 14 0.048621155 
388 395 13 16 0.048550624 
353 435 13 17 0.048381697 
137 397 9 12 0.048149936 
222 422 10 15 0.047595985 
306 386 9 13 0.047519606 
921 358 8 11 0.04745755 
666 404 16 19 0.047382556 
442 420 9 12 0.046854973 
879 379 11 14 0.04672999 
197 379 10 13 0.046596482 
383 390 10 13 0.04659614 
152 358 10 13 0.04642721 
368 437 12 16 0.04626633 
413 348 9 11 0.04624005 
393 382 10 12 0.046189867 
729 324 9 12 0.046151992 
93 391 9 11 0.04597568 
806 352 9 11 0.04552876 
161 477 10 13 0.04543914 
600 323 8 10 0.04491237 
64 358 8 10 0.044812795 
451 574 15 22 0.04465647 
876 468 14 19 0.04438012 
751 262 11 15 0.044357274 
833 365 8 11 0.04429292 
805 405 11 16 0.044177204 
86 325 9 11 0.044139143 
245 481 14 20 0.043590058 
184 421 12 16 0.043306556 
465 382 11 13 0.043301515 
594 366 9 12 0.043099493 
292 413 9 12 0.042602114 
896 399 9 12 0.042588312 
383 395 12 15 0.042522173 
646 454 11 13 0.042449936 
168 327 8 11 0.042368412 
927 391 9 13 0.042207398 
271 364 8 11 0.042143103 
697 304 8 10 0.0419393 
838 366 8 11 0.041853663 
867 406 13 19 0.041777994 
171 477 13 17 0.04167752 
946 431 16 22 0.041652843 
186 449 22 27 0.0414819 
241 373 9 11 0.041419674 
828 467 11 16 0.04133859 
71 365 9 11 0.041317884 
706 489 17 21 0.041283898 
285 369 12 15 0.041227013 
121 325 8 10 0.04110274 
123 389 12 14 0.0410952 
229 366 10 11 0.04106297 
719 438 10 13 0.040910576 
254 349 9 11 0.040794782 
271 453 11 14 0.040793553 
376 326 10 15 0.0407177 
554 319 9 15 0.040558826 
313 318 8 11 0.04036306 
113 373 9 11 0.04030845 
261 342 9 11 0.040240597 
487 400 10 14 0.040141504 
423 329 9 11 0.040106114 
125 337 12 16 0.039896194 
8 445 10 12 0.03989443 
321 335 10 14 0.03983624 
465 209 16 19 0.039801538 
810 366 9 12 0.039787773 
711 367 8 11 0.039750308 
557 358 10 14 0.03969433 
521 327 10 14 0.03965017 
240 265 8 10 0.039537806 
448 319 9 12 0.039535403 
958 373 10 11 0.039518453 
39 436 11 16 0.039441507 
167 334 8 11 0.039306097 
39 326 9 11 0.038972497 
704 357 9 12 0.03895368 
999 421 15 18 0.03891188 
82 350 8 9 0.03891016 
351 383 9 12 0.038834885 
370 349 8 10 0.038688533 
463 413 10 12 0.03865539 
697 412 9 11 0.03858963 
932 391 10 14 0.03846033 
618 360 9 12 0.038444277 
350 404 9 11 0.038078178 
367 345 8 10 0.0380154 
72 344 7 10 0.037954643 
232 427 9 12 0.037909467 
1014 350 8 14 0.037851058 
257 319 10 12 0.037835415 
37 352 9 10 0.037639394 
281 415 10 12 0.03741451 
190 399 9 13 0.037410624 
965 426 13 16 0.037371147 
360 340 9 11 0.03729949 
265 414 10 13 0.03728418 
640 361 13 17 0.037265092 
112 324 8 10 0.037259866 
117 360 11 12 0.037183054 
413 439 11 14 0.037160672 
273 310 12 14 0.037124902 
208 349 8 11 0.03710363 
257 343 8 11 0.037086356 
670 436 13 15 0.03699146 
193 288 11 14 0.036929958 
852 423 14 18 0.036851827 
73 407 11 12 0.03677717 
743 374 10 14 0.036700476 
293 500 13 16 0.03669576 
166 351 9 12 0.036618464 
183 455 11 14 0.03651618 
82 525 15 22 0.03640249 
326 326 10 13 0.036371276 
964 408 13 16 0.03630924 
551 355 10 13 0.036249496 
726 397 11 16 0.03606231 
87 502 11 15 0.03598567 
254 334 8 10 0.035752192 
501 404 11 15 0.035708535 
879 387 11 15 0.035693113 
838 473 11 15 0.035618898 
160 411 9 12 0.035571415 
231 355 10 13 0.035551347 
859 494 13 18 0.035305507 
631 331 10 12 0.035268914 
676 341 10 13 0.035262343 
224 375 8 11 0.035114124 
478 359 9 10 0.0351132 
814 359 9 11 0.035073828 
287 330 10 13 0.034912154 
525 429 9 13 0.034812376 
0 371 10 16 0.034763977 
250 334 8 10 0.03472324 
880 416 9 12 0.034558892 
86 350 8 10 0.034535285 
320 394 9 13 0.034525022 
543 299 10 13 0.034494676 
957 368 9 11 0.034476884 
680 326 9 11 0.034449924 
263 394 12 14 0.03441623 
756 356 10 13 0.03438708 
700 423 13 14 0.03434246 
622 300 10 12 0.034291208 
509 304 9 12 0.034257125 
270 420 9 12 0.034055926 
775 397 13 16 0.03404821 
811 419 11 14 0.033982866 
81 345 8 10 0.03390784 
936 356 9 10 0.033743493 
929 373 10 12 0.033644855 
752 467 12 16 0.033632334 
152 369 12 16 0.033497732 
773 539 14 18 0.033355683 
142 595 12 15 0.03333062 
472 470 12 16 0.03328339 
81 326 9 11 0.03321004 
1013 410 11 16 0.033187296 
797 374 11 13 0.0331648 
596 392 14 17 0.033067204 
384 285 9 11 0.033033863 
278 304 10 11 0.032973535 
52 343 8 11 0.032852132 
229 324 9 12 0.03275724 
623 309 9 12 0.032681286 
280 419 10 13 0.032558322 
280 407 8 10 0.032529995 
145 359 9 13 0.032455586 
542 355 10 15 0.03244177 
62 415 9 12 0.032266416 
904 253 11 13 0.03222409 
203 318 10 12 0.032151934 
966 373 9 11 0.03188524 
32 390 11 14 0.0317163 
593 601 16 20 0.031673893 
147 395 11 13 0.031630363 
327 559 14 20 0.031484023 
137 478 12 15 0.031383403 
469 342 10 12 0.03135754 
334 333 9 12 0.031229079 
670 282 9 12 0.031210857 
175 371 9 13 0.0311609 
650 575 14 16 0.031146523 
296 357 10 13 0.031120041 
981 392 11 13 0.031089682 
55 415 9 12 0.031018555 
192 343 8 11 0.030970791 
265 365 8 11 0.030950679 
729 320 8 10 0.030933226 
186 399 8 12 0.030852478 
94 396 10 12 0.030727709 
481 391 8 10 0.03072269 
622 370 9 12 0.030688591 
943 506 12 16 0.030620009 
72 412 10 13 0.030590046 
224 549 16 20 0.03058141 
138 390 9 12 0.030558242 
359 389 10 12 0.030497659 
844 492 15 21 0.030485857 
278 330 11 13 0.03048095 
941 353 9 10 0.030453188 
631 364 9 12 0.030431965 
143 181 12 15 0.030360755 
195 444 14 20 0.030323938 
144 347 9 13 0.030263878 
884 381 11 13 0.030259807 
37 341 9 11 0.030201122 
369 424 10 12 0.03010969 
720 445 10 13 0.03002045 
246 374 8 11 0.030007005 
265 358 8 11 0.030003987 
709 357 9 12 0.029942306 
184 318 9 11 0.029933305 
581 364 11 13 0.029868532 
1011 403 13 17 0.029849777 
72 350 7 10 0.02984676 
268 261 10 12 0.029842017 
760 507 12 16 0.02979576 
767 372 10 13 0.029791668 
861 424 14 17 0.029740725 
865 504 14 23 0.02971226 
293 430 11 16 0.029684043 
864 367 8 10 0.02968322 
39 334 9 12 0.0295383 
97 319 9 10 0.029492168 
245 127 10 15 0.029479817 
192 361 10 12 0.029412728 
224 346 10 13 0.029328942 
607 340 10 14 0.029255087 
358 424 9 11 0.029254122 
281 365 10 15 0.029240247 
814 365 9 11 0.02923582 
350 477 10 13 0.0291966 
848 360 8 11 0.029142033 
494 350 9 12 0.029108474 
951 418 14 16 0.029079258 
230 397 11 16 0.028950654 
252 307 10 12 0.028702758 
256 364 9 12 0.028693495 
285 448 10 13 0.028679755 
528 349 8 11 0.028610598 
919 405 10 16 0.028567055 
765 324 11 13 0.028542737 
447 332 8 11 0.028531106 
272 332 9 11 0.028359238 
229 318 9 13 0.028330006 
959 444 16 19 0.028276838 
662 317 8 11 0.028237129 
497 253 9 12 0.028206544 
441 333 8 10 0.028162315 
713 437 8 12 0.028122738 
824 366 8 11 0.02809138 
41 191 9 11 0.028044749 
580 295 12 15 0.028037898 
5 389 9 11 0.027993817 
38 320 8 10 0.027984578 
666 367 10 12 0.027950874 
0 379 11 15 0.027938584 
254 360 9 11 0.027929889 
237 539 15 23 0.027917597 
103 381 9 12 0.02785988 
786 372 10 14 0.027770227 
929 366 8 11 0.027769282 
799 471 10 13 0.027743567 
280 400 8 10 0.02771118 
16 352 8 10 0.027685009 
307 445 12 18 0.027589688 
293 332 9 11 0.0275526 
641 579 10 15 0.027549312 
338 341 9 12 0.027506556 
887 375 9 11 0.027472124 
79 443 11 15 0.027392616 
39 414 11 14 0.027390469 
489 350 8 11 0.027388643 
361 399 11 13 0.027383626 
822 373 8 11 0.027283728 
399 318 7 10 0.02725058 
295 267 12 16 0.02724455 
942 471 15 24 0.027079208 
472 403 9 12 0.02705435 
510 456 15 18 0.026990084 
152 411 10 12 0.026961347 
786 381 9 12 0.026921509 
859 539 13 17 0.0269078 
438 366 9 11 0.02686755 
790 378 11 15 0.026861371 
869 394 11 14 0.026847433 
167 539 13 17 0.026810406 
293 408 9 11 0.026796427 
697 341 9 12 0.026763456 
718 335 9 11 0.026718682 
837 383 11 14 0.026708502 
814 351 9 10 0.026703088 
918 336 9 11 0.026631832 
497 358 8 10 0.026542377 
18 294 10 13 0.02653587 
562 406 10 13 0.026457362 
245 384 9 11 0.02644124 
319 349 8 11 0.026435154 
265 432 9 11 0.026412604 
180 515 14 20 0.0264071 
152 427 10 13 0.026392851 
256 325 9 11 0.026312366 
142 456 14 18 0.026299406 
462 420 10 14 0.026284453 
504 512 16 18 0.026277266 
161 352 10 13 0.026246844 
805 478 10 14 0.026152616 
88 241 8 10 0.026027713 
255 151 13 15 0.026025267 
959 406 12 15 0.02595286 
480 339 10 12 0.025931315 
210 366 11 13 0.025908358 
906 333 7 10 0.025890542 
321 468 10 14 0.02585784 
158 543 12 14 0.025857143 
170 553 15 21 0.02581537 
933 373 11 13 0.02577617 
364 390 10 12 0.025758129 
534 341 9 11 0.025752483 
85 345 8 10 0.025738692 
472 309 9 11 0.025729869 
727 375 10 12 0.025719306 
765 355 10 14 0.02568563 
214 349 8 11 0.025629152 
989 371 10 13 0.02561908 
828 393 13 15 0.02555327 
34 343 9 11 0.025541788 
808 372 8 11 0.025527947 
913 382 8 11 0.025417335 
245 394 10 13 0.025408782 
138 365 9 12 0.025353394 
794 281 8 9 0.025280157 
23 463 14 18 0.025270859 
319 323 10 13 0.02524869 
558 308 10 13 0.025217118 
941 379 10 14 0.025191626 
818 319 7 10 0.025167892 
409 438 10 13 0.025150726 
471 365 7 9 0.025110245 
165 372 11 14 0.024934774 
855 406 13 18 0.024910051 
123 366 11 13 0.024881586 
991 368 9 11 0.02484753 
927 325 7 9 0.024806362 
300 360 13 18 0.024782328 
136 437 9 10 0.024757896 
194 325 9 12 0.024746427 
710 396 8 11 0.024734994 
487 332 9 12 0.024729995 
697 309 8 10 0.024707077 
712 319 8 10 0.024704508 
252 293 10 12 0.024701612 
870 467 13 19 0.024682837 
284 141 12 16 0.024681363 
481 350 8 12 0.024642171 
865 444 11 15 0.024631184 
471 359 9 11 0.024621094 
143 336 8 11 0.024616819 
79 400 9 10 0.024583537 
533 350 10 12 0.024564385 
2 318 9 13 0.024533847 
21 478 10 13 0.024507107 
127 190 10 13 0.024487764 
345 383 9 13 0.024478732 
902 313 7 9 0.024448099 
646 305 10 11 0.024441097 
529 343 8 11 0.02443915 
237 424 9 11 0.02439289 
126 396 10 12 0.024346469 
832 361 8 10 0.02432573 
440 327 8 10 0.024264619 
982 373 12 15 0.024252094 
281 309 15 17 0.024246017 
34 318 8 11 0.024235798 
574 412 11 13 0.024231179 
396 433 13 15 0.024183901 
856 359 7 9 0.02415946 
88 396 9 11 0.024147555 
393 313 8 10 0.024142016 
791 333 9 13 0.024078798 
880 369 9 10 0.024048302 
759 348 10 16 0.024030449 
371 404 11 13 0.024010293 
312 198 9 10 0.024007468 
894 376 8 9 0.024002545 
81 216 9 12 0.023978941 
13 452 9 12 0.023951342 
720 450 11 15 0.023945803 
3 292 10 14 0.023943676 
900 422 11 16 0.023939641 
721 397 11 14 0.023798285 
620 424 12 16 0.0237913 
191 348 8 11 0.023781115 
913 318 8 10 0.023773232 
378 388 9 11 0.023768963 
344 349 10 12 0.023739683 
533 286 8 9 0.023725556 
474 335 8 10 0.023710573 
784 259 11 15 0.02368238 
585 339 12 15 0.023671469 
686 351 9 14 0.023664903 
935 378 11 14 0.02366444 
135 181 10 14 0.023659913 
640 376 12 16 0.023640377 
700 414 10 11 0.023624072 
143 422 11 15 0.023610739 
665 349 8 12 0.023565993 
18 358 8 10 0.023541242 
958 210 16 20 0.023520468 
383 385 9 11 0.02351474 
510 399 11 14 0.023501046 
317 309 8 10 0.023479642 
460 426 12 15 0.023469292 
471 387 8 11 0.023439737 
197 330 10 13 0.023398472 
703 337 8 9 0.02339691 
910 364 9 12 0.023339571 
423 364 11 14 0.023318114 
911 425 13 19 0.023299564 
5 514 12 15 0.02327815 
608 335 10 13 0.023272058 
427 590 16 21 0.023236223 
327 367 9 13 0.023234252 
487 316 9 11 0.02322329 
916 422 12 17 0.023210227 
251 251 12 14 0.023186408 
658 319 8 10 0.02316427 
260 577 17 23 0.023160677 
884 468 13 18 0.023159765 
764 443 13 18 0.023153402 
167 340 8 12 0.023142688 
423 338 10 14 0.02312917 
477 316 10 12 0.022975849 
254 430 9 11 0.022943364 
263 466 10 15 0.022915728 
664 312 8 10 0.022911068 
240 369 8 11 0.022910986 
942 374 9 12 0.022860754 
384 365 9 13 0.022840494 
595 486 13 18 0.022837764 
350 420 10 13 0.022815455 
207 344 9 11 0.02278628 
390 285 9 11 0.022752644 
270 381 9 11 0.022740128 
843 416 20 27 0.022668768 
404 296 11 14 0.022653043 
86 485 20 26 0.022632644 
732 398 11 14 0.022617541 
158 482 11 16 0.022572992 
230 442 13 18 0.022567585 
729 380 10 12 0.022552561 
291 369 11 15 0.022552134 
839 372 9 11 0.022514932 
38 396 11 13 0.022514552 
102 320 8 10 0.022503002 
263 436 10 12 0.022464853 
198 361 9 12 0.022436213 
111 239 8 10 0.022398679 
926 380 9 12 0.02237868 
448 404 9 11 0.022352986 
137 430 9 12 0.022318672 
165 412 9 12 0.022300208 
678 333 10 12 0.022299396 
969 368 7 9 0.022296745 
17 325 8 11 0.022295091 
133 190 10 13 0.022276143 
360 409 11 15 0.022257581 
326 357 9 12 0.022220315 
120 321 8 10 0.022198616 
120 395 11 14 0.022168688 
624 332 10 13 0.02216817 
625 327 8 11 0.022142867 
645 462 14 18 0.022138534 
1 325 9 13 0.022137318 
957 425 15 19 0.02211894 
13 438 9 12 0.022082396 
168 437 9 12 0.022070184 
463 406 11 13 0.022068696 
863 319 7 9 0.02203584 
388 330 11 13 0.022027476 
89 181 10 14 0.021999415 
166 525 12 15 0.021988193 
405 430 9 13 0.021942474 
842 545 14 20 0.02191171 
415 341 10 13 0.021910505 
511 328 8 11 0.021904645 
593 310 8 10 0.021897973 
759 342 9 12 0.021891179 
124 372 11 12 0.021849317 
430 364 9 12 0.021838307 
633 358 9 12 0.021833649 
31 410 11 15 0.021827402 
722 488 16 21 0.021807767 
723 312 7 10 0.021794548 
898 316 8 10 0.021774173 
565 359 9 13 0.02171828 
103 397 9 11 0.021717712 
630 311 9 11 0.021703446 
984 368 9 12 0.021703288 
223 173 10 13 0.021692896 
64 421 9 12 0.021660035 
408 389 9 12 0.021655656 
502 359 9 10 0.02164712 
262 530 11 14 0.021634499 
150 382 11 13 0.021619862 
465 388 9 10 0.021614144 
918 374 9 11 0.02160656 
564 318 12 16 0.021582207 
270 255 9 11 0.021559667 
199 395 11 14 0.021523084 
70 466 22 27 0.021517662 
302 437 11 15 0.021501321 
103 364 9 11 0.02143866 
81 206 9 11 0.02143649 
5 333 9 11 0.021430103 
340 388 10 13 0.021428242 
735 296 9 12 0.021391055 
66 366 8 10 0.02138834 
278 429 11 13 0.021377426 
395 442 13 15 0.02135546 
229 343 8 10 0.02135455 
199 342 8 11 0.021342497 
287 180 15 19 0.021329287 
733 320 8 10 0.021318916 
460 469 12 15 0.021282548 
118 437 9 10 0.021261169 
559 532 14 18 0.021204045 
66 208 7 9 0.021142652 
702 310 8 10 0.02114211 
120 339 10 13 0.021112826 
656 296 8 10 0.021109814 
142 384 10 12 0.0211098 
80 320 9 10 0.021096261 
342 403 11 13 0.021081889 
896 381 8 11 0.02107033 
183 387 9 12 0.021034896 
222 389 10 13 0.020985166 
943 343 8 9 0.020981079 
383 279 10 12 0.020966992 
101 451 14 16 0.020958683 
748 373 10 14 0.020947952 
229 390 11 15 0.020936552 
156 427 10 12 0.020921564 
517 497 13 16 0.020891247 
99 406 13 15 0.020888146 
529 310 9 11 0.020873103 
462 317 9 12 0.020871188 
963 433 14 17 0.020829603 
736 348 10 13 0.020829514 
917 431 14 18 0.020827243 
490 328 8 11 0.020817762 
702 341 8 11 0.020801358 
175 351 9 12 0.020800041 
143 370 10 14 0.020799762 
34 325 9 11 0.02078966 
680 347 11 16 0.020775681 
173 328 8 11 0.020763623 
399 516 11 13 0.020740334 
367 252 9 12 0.020707648 
432 475 11 14 0.020690404 
115 349 10 14 0.020679018 
104 376 8 11 0.020664105 
730 353 8 10 0.02064065 
712 352 9 12 0.020637719 
670 345 10 13 0.020634055 
134 326 8 10 0.020611031 
1015 344 8 12 0.020608598 
463 333 9 11 0.020575326 
158 422 10 13 0.020564733 
95 325 9 12 0.020542704 
686 428 9 12 0.020520197 
47 333 8 11 0.020512326 
922 325 7 10 0.02051182 
613 573 12 16 0.020508988 
496 365 9 11 0.020488096 
902 388 11 12 0.020473901 
112 354 10 13 0.02043682 
416 328 8 11 0.020436168 
191 386 12 16 0.020371107 
198 387 12 15 0.020362748 
288 390 10 13 0.02032412 
254 438 9 12 0.020321757 
111 430 9 12 0.020262927 
248 341 9 11 0.020201212 
758 267 10 12 0.020189239 
788 327 9 10 0.020174906 
257 374 9 11 0.020165794 
182 372 9 12 0.020163484 
431 329 7 9 0.020162467 
666 281 8 11 0.020144442 
724 464 14 18 0.020109829 
307 310 8 9 0.020044513 
275 456 12 16 0.020020887 
873 312 9 10 0.020015722 
478 309 9 12 0.020011412 
817 373 8 12 0.020008763 
840 303 10 13 0.020001259 
