2_Demonstration_Political_Rally_2_816
43
509 39 93 121 0.9989712 
231 436 70 82 0.9968226 
701 500 56 69 0.9931472 
797 561 63 76 0.99300295 
148 404 54 68 0.98153174 
88 451 95 128 0.96846217 
584 115 70 89 0.9339484 
688 465 34 46 0.9267991 
719 432 30 38 0.89641035 
785 425 30 41 0.889196 
760 434 31 40 0.884667 
827 490 59 74 0.8636006 
934 450 42 48 0.83408797 
941 577 69 83 0.4718513 
769 435 37 49 0.26559913 
936 474 52 58 0.18501028 
688 424 26 33 0.15122144 
814 606 58 62 0.07913461 
116 408 80 109 0.06717259 
55 302 63 76 0.066837385 
676 485 51 70 0.063577674 
607 481 53 90 0.048173066 
828 482 41 49 0.04642815 
806 478 45 63 0.037488163 
333 493 68 94 0.034903567 
783 482 40 58 0.033298925 
994 451 26 35 0.032882918 
809 511 58 69 0.030780641 
278 363 26 36 0.02831254 
657 502 47 66 0.027997384 
731 253 49 54 0.027623566 
937 605 50 64 0.027226029 
280 464 57 70 0.027042 
850 587 51 65 0.025653895 
828 454 47 57 0.025473388 
586 505 60 91 0.024995863 
632 610 55 67 0.023818914 
846 478 55 70 0.022500139 
73 295 44 46 0.021959374 
67 329 59 74 0.021831198 
777 440 18 30 0.02162547 
188 407 49 69 0.021055669 
704 459 32 43 0.020840785 
