2_Demonstration_Demonstrators_2_378
174
219 497 66 76 0.9995346 
200 402 62 67 0.99931955 
103 460 66 76 0.9992853 
811 486 60 73 0.99922717 
942 399 54 64 0.9991891 
595 416 50 57 0.9985475 
483 207 32 41 0.99842846 
644 434 49 61 0.99838126 
672 332 49 55 0.9980387 
192 189 26 34 0.9977113 
360 224 32 38 0.9975069 
263 355 56 60 0.9973194 
415 191 34 38 0.99695 
155 265 40 49 0.9966973 
397 238 33 36 0.9965927 
501 297 49 53 0.9963703 
154 205 33 36 0.9955302 
602 270 31 35 0.99541605 
208 136 25 28 0.9952945 
493 416 52 61 0.99524873 
608 327 49 59 0.99519795 
307 274 39 47 0.99493694 
506 359 44 56 0.99480283 
99 207 33 34 0.99479127 
766 316 38 42 0.9947712 
534 257 36 46 0.9946913 
321 463 50 62 0.9945157 
571 238 30 33 0.99425936 
737 286 26 33 0.99401444 
330 220 27 35 0.9936819 
753 419 45 54 0.9936161 
104 136 26 31 0.993602 
434 460 67 70 0.9928375 
12 205 36 39 0.9925989 
648 261 38 43 0.9918624 
498 516 70 61 0.9908572 
221 245 36 45 0.9905234 
949 227 25 34 0.9893394 
429 304 44 55 0.989051 
867 336 31 37 0.9877208 
94 248 34 36 0.98708993 
89 296 47 49 0.9870629 
646 496 57 67 0.9868707 
160 168 24 28 0.97881716 
345 192 24 31 0.9773542 
283 287 30 46 0.9735519 
905 356 35 38 0.9728512 
368 290 43 46 0.972477 
929 207 24 27 0.9720376 
546 372 44 56 0.9708594 
710 405 40 48 0.9702462 
751 365 45 51 0.9693805 
266 226 34 38 0.96604383 
960 152 18 25 0.9610396 
892 208 19 24 0.9544863 
312 170 22 26 0.9383413 
902 403 39 56 0.93527234 
387 327 46 59 0.93130004 
136 199 21 28 0.9245214 
138 301 28 49 0.923838 
927 175 20 22 0.912946 
721 455 47 58 0.8825668 
837 394 39 46 0.8799302 
292 197 23 26 0.8692411 
1010 132 14 25 0.8131227 
1002 215 21 29 0.8007672 
855 443 51 55 0.7606321 
651 299 29 36 0.7507248 
695 485 59 72 0.6884705 
0 303 30 65 0.6504391 
186 375 41 52 0.6464642 
874 398 33 50 0.6380454 
615 243 26 30 0.5975632 
294 282 38 46 0.4569848 
481 298 28 33 0.41600323 
257 427 44 54 0.31274372 
726 435 44 51 0.27175248 
231 192 22 32 0.25991604 
413 312 44 54 0.22461806 
856 394 40 45 0.20585372 
789 384 31 50 0.20570071 
629 248 15 20 0.20137335 
906 141 20 28 0.17286521 
743 289 33 40 0.16375893 
693 0 27 26 0.15590079 
336 292 26 37 0.15445402 
141 156 21 26 0.15164562 
902 151 14 19 0.14704953 
910 133 15 17 0.14083138 
851 416 53 55 0.12806354 
553 471 47 59 0.11874528 
759 302 33 38 0.113842584 
7 145 25 35 0.10439384 
480 318 28 36 0.1005955 
833 457 61 66 0.09985025 
913 139 16 19 0.09521711 
10 273 37 52 0.085636 
626 305 45 54 0.08523404 
1000 202 21 27 0.08286117 
781 227 25 26 0.08087182 
614 245 16 18 0.08077753 
422 296 32 45 0.08047782 
886 393 41 61 0.080098964 
940 337 26 28 0.07995761 
154 162 22 26 0.07471681 
546 248 38 46 0.07295566 
336 406 43 54 0.06540449 
1000 230 23 32 0.06382457 
844 280 16 23 0.061891958 
112 203 27 29 0.06129974 
231 413 54 60 0.05937477 
392 348 52 65 0.05724954 
530 411 44 58 0.052670386 
799 178 11 15 0.05164411 
823 288 14 18 0.051642828 
11 132 24 34 0.051024593 
498 447 33 41 0.04575092 
631 19 15 18 0.041073047 
620 550 53 25 0.040762633 
1 394 28 41 0.040735003 
916 148 16 23 0.040643487 
17 130 16 20 0.03971234 
342 402 27 39 0.039179 
855 227 11 15 0.039045002 
921 103 9 11 0.038903955 
800 3 19 21 0.038185593 
194 356 45 50 0.037028667 
45 182 26 33 0.03349678 
903 133 14 15 0.032062314 
988 97 15 17 0.031989615 
635 2 18 21 0.0316921 
634 249 16 24 0.0316423 
623 254 25 31 0.031033577 
706 0 17 18 0.030737286 
25 287 29 41 0.030628536 
219 173 22 27 0.03042849 
632 9 18 22 0.029293893 
937 211 23 30 0.02880877 
466 449 55 63 0.028396484 
721 499 55 71 0.028303606 
800 139 11 14 0.028256174 
869 247 11 13 0.028172689 
571 2 19 21 0.028152224 
757 334 44 44 0.027878119 
908 381 36 44 0.027438868 
817 274 23 30 0.027184736 
180 187 22 32 0.026621033 
0 124 27 39 0.025784895 
739 262 27 26 0.025559537 
779 222 17 21 0.025432095 
901 139 16 20 0.025381112 
223 184 23 34 0.025362153 
627 384 44 54 0.024728378 
147 205 17 25 0.024451226 
736 461 50 70 0.024317054 
-1 115 20 31 0.024268452 
919 161 14 18 0.024001779 
787 195 12 16 0.023943864 
787 177 14 19 0.023721311 
883 415 32 49 0.023688657 
854 551 37 25 0.02278427 
878 335 39 45 0.021669257 
19 118 23 29 0.021634651 
895 148 13 19 0.021340676 
614 400 51 60 0.021186287 
387 233 27 35 0.020984141 
15 125 13 17 0.020734973 
241 191 25 31 0.020710014 
847 121 8 8 0.020493593 
993 84 16 18 0.020393867 
786 202 17 19 0.020308832 
209 178 25 31 0.020221474 
257 238 44 52 0.020123541 
615 267 28 31 0.020044299 
