2_Demonstration_Protesters_2_86
978
284 334 29 36 0.99903834 
118 338 28 35 0.9988747 
598 328 26 33 0.99866223 
320 365 32 39 0.9985953 
460 373 37 44 0.9985115 
967 351 32 40 0.99847716 
903 373 29 36 0.99847513 
728 340 30 39 0.9980915 
492 316 25 33 0.997792 
40 595 78 86 0.9975636 
808 322 26 32 0.99707127 
680 414 35 39 0.9963731 
805 423 38 42 0.9959357 
962 560 64 62 0.9957338 
398 245 11 14 0.99561983 
185 373 35 41 0.994928 
47 480 45 54 0.9948356 
220 331 22 29 0.99395305 
22 296 24 28 0.99286795 
73 312 22 28 0.99162394 
657 278 18 24 0.9912894 
186 313 21 29 0.99003285 
931 324 28 30 0.9896706 
677 305 25 33 0.9894293 
652 245 11 14 0.9892625 
783 277 14 19 0.9889914 
351 473 48 51 0.9870903 
392 334 23 26 0.98703915 
539 442 43 52 0.9864786 
892 303 18 21 0.9864124 
294 273 15 18 0.98633426 
681 269 16 19 0.9848306 
531 279 17 20 0.98452896 
277 292 17 22 0.98443735 
606 270 16 20 0.98370355 
917 291 17 21 0.9836376 
330 300 20 24 0.98273695 
151 273 14 18 0.9826873 
402 301 19 24 0.98140013 
428 257 11 15 0.9812713 
129 273 16 18 0.98017865 
884 252 11 15 0.98017305 
0 279 14 22 0.97925276 
247 255 15 19 0.9792518 
968 261 13 16 0.9786193 
979 305 20 24 0.97821903 
862 264 15 17 0.978203 
102 244 13 17 0.97761416 
121 297 20 24 0.9765488 
156 235 13 17 0.97599494 
773 249 12 15 0.97576696 
452 299 19 24 0.97508836 
621 255 13 16 0.9746981 
700 251 12 14 0.97308403 
567 288 18 22 0.9706077 
134 231 13 16 0.9702726 
56 278 18 23 0.970214 
740 277 14 17 0.9665713 
357 232 10 12 0.96600467 
329 265 14 18 0.9646336 
67 186 12 15 0.9636684 
447 267 16 21 0.9615629 
838 285 17 20 0.9604906 
361 271 15 19 0.9598479 
95 278 18 22 0.95525825 
572 242 10 13 0.95370036 
534 302 20 25 0.9498689 
765 301 20 24 0.9491678 
462 248 12 15 0.9454308 
589 229 11 13 0.9359275 
933 262 10 12 0.93507767 
513 262 14 18 0.9315319 
549 231 9 12 0.9218814 
727 293 16 21 0.9054088 
898 234 12 15 0.90168506 
535 228 9 11 0.89975446 
510 242 11 13 0.89945644 
1009 260 13 18 0.8983627 
292 229 9 12 0.8982735 
976 243 10 13 0.8977178 
221 228 9 12 0.8963684 
578 214 8 11 0.8960571 
102 194 11 13 0.8905605 
376 250 11 13 0.8842923 
185 232 11 14 0.87948143 
35 183 11 14 0.87712854 
320 254 13 15 0.8678853 
221 212 9 11 0.86411244 
281 247 12 15 0.85878795 
826 301 15 21 0.858079 
814 264 13 15 0.85343385 
306 231 12 15 0.8484116 
958 243 9 12 0.8376555 
541 245 10 12 0.8327948 
718 229 9 12 0.83183116 
628 315 16 20 0.8316901 
703 236 9 11 0.82508177 
574 270 14 17 0.81658 
202 274 15 18 0.8091411 
988 252 10 14 0.8040262 
488 215 8 10 0.79784185 
922 231 10 13 0.7925651 
520 205 8 10 0.7847131 
130 181 9 11 0.7818388 
423 240 10 13 0.7781427 
908 263 13 16 0.7727176 
373 228 9 11 0.7708471 
246 216 9 11 0.76919913 
764 281 15 19 0.7663322 
901 213 9 11 0.76417494 
524 236 9 12 0.7608142 
671 224 9 11 0.75009376 
601 238 9 12 0.7466097 
952 229 9 11 0.7404572 
261 235 10 12 0.7301286 
275 226 11 13 0.7285539 
20 194 12 16 0.7281961 
7 180 9 12 0.7278127 
334 217 9 12 0.7147505 
965 217 9 11 0.71376836 
791 255 11 13 0.71261287 
495 230 9 11 0.709638 
25 263 14 19 0.7034883 
233 235 9 11 0.6976312 
447 208 8 10 0.69633025 
460 232 10 11 0.69336426 
543 213 8 10 0.6863658 
703 223 9 10 0.6818404 
95 181 10 13 0.6710049 
630 229 8 11 0.668581 
840 238 12 15 0.6609066 
873 226 11 13 0.63809544 
762 239 10 13 0.6258 
561 206 8 10 0.62470514 
270 270 13 16 0.62384677 
157 212 9 12 0.6209382 
48 182 12 15 0.62051105 
817 213 9 11 0.613718 
485 260 11 14 0.5973423 
502 206 8 9 0.58342564 
352 217 8 10 0.5814925 
426 224 9 11 0.5659208 
0 359 17 39 0.5602779 
742 243 9 12 0.53807807 
316 221 9 11 0.53025323 
256 229 10 12 0.51247925 
456 223 9 10 0.5010857 
939 236 9 12 0.49575177 
263 253 12 15 0.48887482 
72 268 14 19 0.48746467 
181 176 8 10 0.48730057 
936 290 12 15 0.47073224 
402 227 9 12 0.46659142 
489 221 8 11 0.46268997 
873 197 8 10 0.45618686 
21 182 9 11 0.45409372 
358 252 10 11 0.45188087 
513 228 9 11 0.44830385 
1011 298 12 21 0.4468823 
726 258 12 14 0.4352391 
1007 214 9 11 0.40212843 
630 224 9 11 0.40147334 
742 223 8 10 0.39664614 
293 212 9 11 0.38854676 
936 198 9 10 0.3876097 
700 274 15 19 0.3818027 
102 180 10 13 0.37031657 
607 224 8 9 0.3657739 
200 231 9 11 0.36301214 
782 228 10 12 0.3605474 
845 308 14 18 0.35459006 
916 276 13 16 0.35343844 
989 230 10 12 0.35243896 
306 207 8 10 0.34956583 
411 208 8 10 0.34395248 
849 228 9 11 0.33459434 
280 208 9 10 0.31566978 
427 244 11 12 0.31559 
180 205 9 11 0.31179914 
325 260 14 18 0.3100059 
382 199 8 9 0.30832958 
889 197 8 10 0.30581203 
981 220 9 11 0.3026885 
558 245 10 11 0.29668543 
623 209 8 9 0.28643075 
153 184 8 10 0.28638145 
397 207 8 10 0.27929354 
999 246 9 11 0.27915058 
949 298 13 16 0.27914554 
200 198 8 10 0.2771631 
745 206 8 10 0.27486894 
981 285 15 17 0.27133083 
677 254 11 13 0.27098566 
689 247 9 11 0.2699613 
153 189 9 12 0.26801935 
630 243 10 13 0.26106992 
884 211 9 11 0.25809523 
665 245 9 12 0.25663382 
442 209 7 10 0.2563553 
920 193 8 10 0.25441745 
1010 244 9 12 0.24704988 
409 213 9 11 0.24642374 
255 207 8 9 0.23216976 
439 212 8 11 0.23073092 
482 236 9 11 0.22850165 
254 224 10 11 0.22791488 
640 229 8 12 0.22699174 
233 200 7 9 0.22550096 
205 213 9 11 0.22415437 
851 309 14 19 0.22339849 
962 221 9 11 0.22279051 
330 216 9 11 0.21777827 
176 215 8 11 0.21654683 
622 213 8 10 0.21601543 
201 207 8 11 0.21565962 
527 232 9 12 0.21539988 
462 209 7 9 0.21507217 
434 213 8 10 0.2122916 
496 235 9 12 0.21000296 
325 231 10 13 0.20202722 
80 181 9 12 0.19922276 
499 207 7 10 0.19784066 
857 204 9 12 0.19580425 
457 209 8 9 0.19567513 
474 207 7 10 0.19513065 
561 239 9 11 0.19458967 
166 231 10 13 0.19362752 
1014 239 8 11 0.19280297 
461 222 8 9 0.19233198 
489 231 8 10 0.1922557 
927 204 9 12 0.18767504 
391 215 8 10 0.18563758 
618 216 8 10 0.18504925 
999 176 7 9 0.18436593 
322 208 9 10 0.18368013 
685 229 9 10 0.18214634 
943 278 11 13 0.1759511 
606 229 10 11 0.17592274 
289 213 9 11 0.17559713 
607 215 7 9 0.17328861 
635 213 8 10 0.17233106 
503 186 7 9 0.172283 
15 181 9 12 0.17183255 
467 197 7 9 0.17183053 
781 207 8 10 0.17098777 
637 208 8 10 0.16997339 
943 244 10 12 0.1677923 
433 208 7 10 0.16599177 
192 193 8 10 0.16586347 
0 247 10 14 0.16561262 
1002 213 9 11 0.16516909 
608 208 7 9 0.16236807 
479 206 8 10 0.16089363 
518 231 9 11 0.16023408 
796 254 10 13 0.1577727 
771 222 8 10 0.1577674 
666 201 7 9 0.15724118 
738 222 8 10 0.15708008 
774 221 9 11 0.15681876 
271 213 9 10 0.15661992 
0 141 8 12 0.15656036 
330 327 15 19 0.15608646 
127 253 13 16 0.15532953 
672 200 7 10 0.1529689 
494 225 9 10 0.15265912 
344 194 7 8 0.15214947 
663 216 8 10 0.15138088 
517 224 8 10 0.15052143 
390 221 8 11 0.14936566 
776 216 8 10 0.1486425 
797 236 9 12 0.14839597 
423 216 7 10 0.14812851 
266 192 7 9 0.14696562 
735 230 8 10 0.14499515 
761 192 8 10 0.14499243 
590 234 11 14 0.14353098 
656 231 8 11 0.14197645 
832 183 8 9 0.14167559 
790 188 8 10 0.1413459 
862 207 9 12 0.14122388 
335 247 9 12 0.14046651 
912 246 9 11 0.13887416 
720 207 8 10 0.13855512 
544 238 9 12 0.13709724 
183 198 8 11 0.13697897 
264 182 7 9 0.13637285 
582 253 11 15 0.13572715 
680 208 7 10 0.13570873 
328 199 8 8 0.1354829 
481 200 7 9 0.1341049 
991 224 9 10 0.133235 
927 199 8 11 0.13201469 
279 212 9 11 0.13195762 
358 206 8 9 0.13157377 
490 178 7 8 0.13023788 
667 223 8 11 0.12937844 
89 183 8 11 0.12924904 
61 249 14 16 0.12922536 
1014 220 8 12 0.12912923 
234 207 8 10 0.12902282 
200 236 10 13 0.12886469 
265 178 6 8 0.12850906 
912 199 7 10 0.12797455 
568 225 8 10 0.12769867 
544 198 8 10 0.12695333 
1 180 9 12 0.12685867 
762 207 7 10 0.12592712 
241 221 9 11 0.12590428 
817 175 7 10 0.12412501 
546 174 7 9 0.12399436 
414 213 9 11 0.123231865 
287 191 7 9 0.122705795 
347 221 8 10 0.12230797 
512 189 7 10 0.118810125 
242 215 9 11 0.118660145 
403 190 7 10 0.11786898 
504 202 7 9 0.11697652 
550 192 7 9 0.11691961 
489 210 7 9 0.11638381 
605 243 10 14 0.11636089 
905 191 8 10 0.115801744 
471 198 7 9 0.11553361 
1009 182 7 10 0.114628285 
565 206 8 10 0.112705186 
749 208 7 9 0.1118483 
456 213 8 10 0.10998071 
359 220 9 11 0.10985083 
434 184 6 9 0.10894502 
385 215 8 10 0.10835843 
737 206 8 9 0.10824304 
990 236 10 11 0.107826285 
871 248 9 11 0.107067116 
550 198 7 9 0.1070502 
941 233 9 11 0.105715565 
697 208 8 9 0.10554386 
743 175 7 9 0.10513282 
638 253 9 12 0.10458315 
664 206 8 10 0.10419834 
680 228 9 11 0.104023136 
368 194 7 8 0.103380546 
358 217 8 10 0.10308296 
282 191 7 9 0.10207346 
225 197 8 10 0.10194835 
796 300 12 15 0.09975569 
713 208 7 9 0.09930454 
504 189 7 9 0.0989155 
185 193 9 10 0.09797398 
992 248 10 13 0.09777514 
792 208 8 10 0.09670467 
487 247 10 13 0.09635161 
291 234 11 13 0.096272 
833 191 8 9 0.09585861 
742 202 8 9 0.095245704 
911 205 8 10 0.09501087 
691 335 15 19 0.09500114 
238 207 8 10 0.09491353 
441 230 8 11 0.09474113 
631 197 7 10 0.094608255 
247 183 7 10 0.094452 
758 283 15 20 0.0943778 
1011 313 13 23 0.09369969 
639 223 8 11 0.09319155 
168 198 8 10 0.09271959 
802 192 8 10 0.0926564 
71 261 14 16 0.09185761 
224 182 8 10 0.09177758 
489 198 7 9 0.09172375 
793 214 8 11 0.09112107 
320 193 7 9 0.090876706 
657 215 8 10 0.09049084 
355 207 7 9 0.08993563 
859 294 13 15 0.08962808 
665 238 9 12 0.08923083 
311 251 9 13 0.08849666 
305 214 8 11 0.088384144 
463 214 8 10 0.08784922 
1000 181 7 10 0.08696876 
567 191 7 9 0.08691482 
521 190 7 9 0.08684814 
592 199 7 9 0.08669496 
770 334 14 20 0.08630257 
503 225 8 11 0.08567686 
939 286 12 15 0.08566598 
561 174 7 9 0.085537545 
601 231 9 11 0.08528269 
748 282 11 17 0.08494673 
0 238 8 13 0.0848064 
841 207 9 11 0.084804244 
666 185 7 9 0.084198445 
487 194 7 8 0.083998956 
552 216 8 9 0.08395704 
450 201 7 8 0.08386432 
294 225 10 11 0.08321113 
846 206 8 11 0.08318392 
855 301 14 16 0.0829423 
655 223 7 10 0.08290129 
190 214 8 10 0.0827421 
191 261 12 14 0.08251926 
730 213 8 10 0.08194556 
945 213 8 10 0.0816268 
369 222 9 11 0.081242904 
262 222 8 10 0.08096906 
440 185 7 9 0.08090114 
911 193 7 9 0.08064186 
432 200 8 9 0.08034821 
273 209 9 10 0.080012515 
514 205 8 10 0.07996409 
721 199 7 10 0.07971118 
608 251 10 13 0.07929169 
876 308 12 18 0.07880121 
207 222 9 11 0.07812963 
538 185 7 9 0.07798441 
488 180 7 10 0.07775287 
385 192 7 9 0.07756466 
135 204 11 12 0.07743353 
868 211 9 11 0.07695311 
1016 231 8 12 0.07666367 
344 197 8 9 0.07642165 
456 185 7 8 0.07633147 
602 224 8 10 0.07586234 
481 232 8 10 0.075604975 
648 224 8 10 0.07520943 
729 240 8 11 0.075000815 
483 193 6 9 0.074972995 
738 176 8 9 0.07460541 
585 199 8 9 0.074317545 
712 215 8 9 0.074201226 
498 190 7 9 0.0738412 
297 190 8 10 0.07349255 
494 176 7 9 0.07339414 
321 229 9 12 0.07337827 
949 211 8 11 0.07314471 
495 245 9 12 0.07302725 
835 304 14 21 0.07285551 
528 190 7 9 0.072386384 
678 225 8 10 0.07221052 
695 214 8 10 0.07214294 
426 207 7 9 0.07189801 
567 174 7 9 0.0718427 
375 216 8 10 0.07168427 
441 191 7 8 0.07136955 
859 311 15 21 0.07133698 
415 199 8 10 0.07128509 
161 198 8 11 0.07113329 
265 215 8 10 0.071010105 
881 192 7 10 0.07083804 
456 321 17 21 0.069627024 
573 315 12 18 0.069594406 
734 270 15 16 0.06910818 
697 191 8 9 0.06886396 
266 260 14 16 0.06880018 
143 197 9 12 0.06843975 
840 183 7 9 0.068340436 
366 198 7 9 0.06825933 
418 193 7 9 0.06825041 
627 199 7 9 0.06784426 
732 262 13 14 0.06777882 
224 192 8 9 0.06739391 
464 167 7 8 0.067364775 
248 177 7 9 0.06731485 
369 217 8 10 0.06719242 
96 187 11 14 0.06713033 
191 275 15 17 0.06704459 
280 199 8 9 0.06682038 
419 182 7 9 0.06678742 
593 192 7 9 0.066699736 
362 200 7 9 0.0666555 
729 230 7 11 0.06652795 
499 184 7 9 0.06650226 
249 207 9 10 0.0661081 
703 206 8 9 0.06590749 
801 198 7 9 0.06589861 
400 200 7 9 0.06543903 
537 190 7 9 0.065373145 
768 230 8 10 0.06534633 
739 201 7 9 0.06532356 
423 182 7 9 0.06530912 
680 213 8 10 0.06529783 
265 198 8 9 0.06473451 
954 190 7 10 0.06451935 
525 205 7 10 0.064379655 
208 191 8 9 0.06429912 
728 209 8 9 0.06422359 
552 174 7 9 0.06393007 
735 216 7 9 0.0637987 
761 199 8 9 0.063729726 
944 208 9 11 0.06349647 
727 245 10 12 0.063335925 
591 207 7 9 0.063151546 
538 200 7 10 0.06307292 
805 246 9 11 0.06284322 
157 254 12 14 0.062478717 
136 198 10 12 0.06247171 
335 237 9 12 0.062329117 
218 184 7 9 0.06181946 
729 193 7 10 0.061619505 
838 190 7 10 0.06155398 
322 235 11 14 0.060286615 
546 192 7 9 0.06023796 
687 177 8 9 0.05987815 
206 255 13 15 0.059875544 
199 194 8 9 0.05975577 
958 190 8 10 0.059598986 
894 193 8 10 0.05943817 
914 222 8 11 0.059344694 
766 192 7 10 0.05907363 
727 196 7 10 0.05894873 
272 192 6 9 0.058735922 
981 239 9 12 0.05872627 
304 184 7 9 0.058708794 
554 207 8 10 0.05845816 
506 168 7 9 0.058366697 
751 224 8 10 0.058027558 
584 175 7 9 0.057719484 
280 185 7 9 0.057414908 
226 176 7 10 0.05733751 
906 199 8 9 0.057244647 
601 192 7 9 0.057040624 
727 182 7 9 0.057037488 
354 186 6 8 0.057020452 
248 189 7 10 0.05688627 
559 222 8 10 0.056799214 
432 167 6 8 0.05674036 
231 176 7 9 0.056597076 
602 215 8 9 0.056465287 
116 238 11 14 0.0561791 
736 239 10 12 0.056089237 
470 193 7 9 0.055781383 
743 229 8 10 0.055369172 
585 193 7 9 0.055317618 
647 229 8 11 0.05475857 
997 250 12 15 0.054522175 
666 189 7 9 0.05421188 
601 183 7 8 0.05413366 
815 169 8 9 0.053590067 
76 276 14 19 0.053423196 
560 232 8 11 0.053245712 
296 301 12 18 0.05319456 
584 208 7 9 0.05308271 
447 174 7 9 0.053061873 
832 225 8 10 0.053052705 
67 250 15 17 0.052942716 
329 193 7 9 0.05287997 
689 200 7 9 0.052742623 
670 185 7 9 0.052582573 
856 184 7 9 0.052379794 
385 230 8 11 0.05236368 
864 247 10 12 0.05202954 
777 229 10 12 0.052024536 
639 192 7 9 0.05197373 
205 199 8 10 0.051953737 
761 175 7 9 0.05167919 
302 252 12 14 0.05131806 
800 220 8 11 0.051239073 
263 246 12 14 0.051232535 
61 307 12 16 0.051197987 
285 209 9 10 0.05115046 
800 246 10 12 0.050875735 
403 185 7 9 0.050166737 
243 183 7 10 0.049991015 
1011 176 7 9 0.04981479 
616 191 7 9 0.049782578 
528 169 7 9 0.04973562 
183 214 8 11 0.04947234 
302 190 7 9 0.049257606 
135 190 9 11 0.049019907 
881 238 10 12 0.04890488 
967 275 12 16 0.048878204 
302 220 9 11 0.04884525 
320 198 8 9 0.04876931 
369 208 7 8 0.048604738 
1002 208 9 11 0.04859218 
543 184 7 9 0.048476864 
831 244 9 12 0.04840119 
848 183 7 10 0.048066698 
443 168 7 8 0.04769046 
782 235 11 12 0.047569785 
386 221 8 11 0.047417883 
433 191 7 9 0.04737816 
553 185 7 8 0.047240354 
416 236 10 13 0.046976924 
679 199 8 10 0.046933588 
608 193 7 8 0.04659254 
212 261 11 14 0.046500124 
1005 209 10 12 0.04639797 
254 214 8 10 0.046215847 
678 249 9 11 0.046106786 
862 183 8 10 0.045890883 
390 229 9 11 0.045794103 
782 214 8 11 0.045786876 
824 197 8 10 0.04559663 
176 200 8 10 0.045387123 
982 203 11 13 0.045139857 
109 182 9 11 0.04488965 
310 215 9 11 0.044859957 
242 177 7 9 0.04475407 
704 218 7 9 0.04431119 
563 190 7 9 0.044309966 
648 206 7 10 0.04425532 
381 238 9 11 0.044052545 
423 191 7 10 0.04368605 
496 200 7 9 0.043608095 
481 255 10 13 0.04350858 
637 246 8 11 0.04350845 
255 202 7 9 0.043434028 
697 200 7 9 0.04340314 
744 216 8 10 0.0433226 
167 213 9 11 0.042889293 
1009 218 10 13 0.04285056 
889 231 8 10 0.042811193 
917 247 10 13 0.04275825 
558 251 11 13 0.042607784 
610 200 7 9 0.04259956 
366 253 12 13 0.04254917 
315 193 7 9 0.042481445 
835 269 14 16 0.04246364 
1001 240 9 10 0.042398524 
673 205 8 10 0.042040855 
189 254 12 13 0.041984815 
576 218 9 11 0.041978445 
230 262 10 11 0.04196962 
321 170 6 9 0.04194855 
699 222 7 10 0.041495375 
552 223 8 10 0.04127625 
623 184 7 9 0.041273378 
376 237 11 12 0.041012194 
815 228 9 11 0.04097502 
832 178 7 9 0.040485896 
285 268 11 15 0.040347684 
0 259 11 16 0.040341202 
232 183 7 9 0.04017685 
826 182 8 10 0.040052954 
18 189 12 16 0.03998841 
482 184 6 8 0.039939873 
312 200 8 9 0.039883994 
1 354 11 27 0.039603777 
751 214 8 9 0.039501395 
0 206 7 13 0.03947752 
154 208 10 12 0.03939796 
183 180 7 10 0.03917127 
915 269 12 16 0.039158717 
455 191 7 8 0.039123993 
143 191 9 11 0.039083198 
272 176 7 9 0.039061982 
857 212 9 11 0.03904155 
297 184 8 10 0.038998492 
417 177 7 8 0.0389206 
618 184 8 9 0.038656518 
640 200 7 9 0.03862167 
439 198 7 10 0.038546775 
529 174 7 8 0.038480762 
825 240 8 10 0.03837434 
152 177 8 10 0.038361512 
929 267 10 13 0.038323678 
568 169 7 9 0.038307905 
917 223 11 12 0.03827617 
921 205 8 12 0.038230497 
578 183 7 8 0.03816596 
882 184 7 9 0.03810727 
168 193 8 10 0.038032424 
597 258 10 13 0.038012505 
24 176 9 11 0.03776458 
444 253 11 13 0.037590448 
708 251 11 15 0.037586547 
749 238 8 12 0.037438057 
879 247 12 14 0.037425533 
114 165 8 11 0.037423063 
919 252 10 13 0.037400823 
617 206 7 10 0.0372456 
640 236 9 12 0.037239615 
759 231 10 11 0.037210528 
505 174 7 8 0.037192274 
1007 255 12 15 0.037172694 
773 277 12 16 0.03692083 
887 184 8 9 0.03680618 
408 176 7 9 0.036787253 
394 176 6 9 0.03677043 
778 174 7 9 0.036737796 
65 278 15 21 0.036703676 
406 184 7 9 0.03670261 
413 231 9 11 0.03667394 
704 201 7 10 0.036583055 
149 195 10 12 0.03644635 
264 208 7 10 0.036262576 
438 224 8 10 0.035797585 
424 177 7 8 0.03579199 
22 126 8 10 0.035745896 
520 214 9 10 0.035397228 
448 191 7 9 0.035385564 
953 237 10 13 0.03537555 
320 214 9 10 0.035307337 
956 296 14 17 0.035228707 
792 231 9 11 0.03517505 
237 200 7 10 0.035143714 
822 221 9 11 0.035108615 
573 227 9 12 0.035081 
443 174 7 9 0.035074323 
344 216 7 11 0.03503048 
264 267 13 16 0.034902576 
926 172 9 11 0.034840263 
304 201 8 9 0.034782253 
688 207 7 10 0.034731366 
539 207 8 10 0.034485437 
994 176 8 10 0.034380242 
388 261 11 15 0.034306567 
602 209 7 9 0.034287125 
976 190 8 10 0.034264956 
0 188 8 13 0.03417117 
723 182 6 9 0.034148242 
337 193 6 8 0.033796668 
178 180 8 10 0.03371283 
825 245 8 10 0.03370113 
146 183 8 10 0.033686023 
424 199 8 9 0.033683043 
799 168 7 8 0.033664767 
390 191 7 9 0.03363523 
592 124 10 13 0.033470996 
473 183 7 9 0.03341534 
288 274 14 17 0.03329787 
438 237 9 11 0.03326991 
432 161 7 9 0.03316596 
924 275 12 16 0.033155948 
217 225 10 12 0.033110622 
769 288 17 21 0.033081118 
820 208 9 12 0.03298316 
232 213 8 10 0.032980308 
682 184 7 9 0.0328267 
934 203 9 11 0.032753874 
804 252 10 12 0.032688133 
912 229 9 12 0.0326165 
47 176 11 13 0.03256824 
712 223 8 10 0.032449137 
616 176 8 8 0.0322547 
935 221 10 11 0.03222926 
367 177 6 9 0.03221229 
471 213 8 10 0.032209896 
84 275 13 18 0.032182615 
567 185 7 8 0.031920258 
712 200 7 9 0.03176152 
211 280 14 18 0.0317599 
775 193 8 9 0.031597033 
760 277 13 17 0.031569608 
366 259 13 15 0.03156875 
288 224 9 12 0.03152486 
760 214 8 9 0.031521734 
994 182 8 10 0.03150805 
816 313 22 28 0.031480882 
513 202 7 9 0.031460796 
561 170 6 8 0.031446557 
493 213 8 10 0.031433143 
352 190 7 9 0.03125475 
458 161 8 9 0.03100412 
57 230 15 17 0.030984849 
615 200 7 10 0.030959088 
384 207 7 9 0.03087002 
273 168 7 8 0.030853724 
560 184 7 9 0.03080865 
1 252 12 14 0.030767726 
816 222 9 11 0.03076096 
928 212 9 12 0.030716076 
631 169 7 9 0.030649476 
910 254 12 14 0.030324139 
409 200 7 9 0.030320827 
150 220 10 12 0.030283188 
681 191 8 9 0.03025193 
953 184 8 9 0.030208152 
109 221 9 12 0.030191641 
798 216 8 11 0.030153925 
192 183 7 9 0.030080896 
79 186 10 14 0.03006992 
120 198 9 11 0.029977534 
858 283 15 17 0.029946117 
718 214 8 9 0.029891899 
452 224 8 9 0.029800572 
141 214 10 12 0.029740065 
558 214 8 10 0.029715922 
171 237 9 12 0.029695766 
951 260 10 13 0.029671801 
288 186 7 8 0.029487737 
806 198 8 9 0.029477727 
784 260 13 14 0.029453002 
28 198 11 15 0.029417075 
297 176 7 9 0.029330445 
588 254 11 14 0.029277792 
776 198 8 10 0.029149398 
165 207 8 11 0.02904687 
288 198 7 9 0.02904375 
344 175 7 8 0.029043173 
295 253 12 15 0.028961662 
770 217 7 9 0.028883317 
535 169 7 9 0.028867971 
1014 182 7 11 0.02879188 
756 338 15 20 0.028652545 
448 238 8 10 0.028638208 
257 191 7 9 0.02860252 
489 168 8 8 0.028583966 
382 175 7 8 0.028545728 
192 176 7 10 0.028490275 
594 184 7 9 0.028381636 
565 273 15 17 0.028340744 
567 201 7 9 0.028306913 
2 229 9 14 0.028230758 
753 173 7 9 0.028218992 
409 168 6 9 0.02821853 
735 192 7 9 0.02818028 
896 183 8 10 0.028158449 
77 250 12 15 0.02798299 
189 267 15 17 0.027916698 
768 199 7 9 0.027855797 
362 177 7 8 0.027784994 
960 184 8 9 0.027736379 
593 215 7 9 0.027595423 
792 294 11 16 0.02753977 
392 184 6 8 0.02735896 
349 275 11 14 0.027276816 
807 240 9 11 0.027106714 
118 205 11 13 0.027009578 
335 144 6 8 0.02700759 
626 223 8 10 0.026945705 
976 185 8 9 0.026918968 
473 223 7 10 0.026850298 
376 207 8 9 0.026846562 
274 183 6 9 0.026835576 
653 263 11 13 0.02677465 
173 230 8 12 0.026768373 
551 356 12 15 0.026615089 
528 185 7 9 0.026559906 
626 240 8 10 0.026533604 
357 258 12 15 0.026533505 
86 186 9 13 0.026454587 
531 260 12 14 0.026421318 
128 188 10 12 0.026340833 
599 198 7 9 0.02632613 
808 223 8 10 0.026267702 
750 287 13 18 0.026134513 
879 269 12 15 0.02611259 
695 411 28 34 0.026103407 
446 230 8 11 0.026101755 
526 215 8 10 0.026065843 
149 298 16 19 0.02590594 
577 198 7 9 0.025852304 
657 208 7 9 0.02584654 
335 198 8 9 0.025808483 
824 176 7 9 0.02575502 
430 419 27 43 0.025725508 
758 224 8 10 0.025686495 
890 222 9 12 0.025666868 
968 174 7 10 0.025628883 
687 182 7 9 0.025628842 
288 167 7 8 0.025532652 
821 229 10 12 0.025510926 
30 340 13 18 0.025450699 
671 191 8 9 0.025445966 
895 221 9 11 0.02543836 
195 260 15 16 0.02543272 
459 167 7 8 0.02540774 
951 176 8 9 0.02540613 
704 190 7 9 0.025274782 
107 248 12 16 0.025265688 
658 191 7 9 0.025248565 
625 192 7 9 0.025128318 
839 233 11 13 0.025106171 
577 177 7 8 0.025055114 
761 183 8 9 0.02503163 
117 159 8 11 0.02502665 
752 230 7 10 0.025014099 
454 200 7 8 0.024924546 
704 184 7 9 0.0249093 
601 178 7 8 0.024875822 
6 187 9 12 0.02474892 
95 207 10 14 0.024709705 
856 191 7 8 0.024675217 
272 198 7 9 0.024604252 
615 220 8 10 0.024508007 
401 176 7 8 0.024468936 
529 223 8 10 0.024454093 
239 151 7 8 0.024405455 
858 160 8 10 0.024342451 
217 190 8 10 0.024298789 
694 247 11 14 0.024286693 
783 175 7 8 0.024268761 
231 192 7 9 0.024204563 
252 243 11 14 0.024148682 
418 221 8 11 0.024122331 
862 200 8 9 0.024107287 
590 243 10 12 0.02401081 
990 199 8 10 0.02398551 
339 237 10 12 0.023985092 
842 341 17 21 0.0239172 
935 276 12 14 0.02372117 
503 212 9 10 0.023683008 
951 196 10 12 0.023605723 
993 190 8 10 0.023586793 
343 208 8 9 0.023564048 
902 217 11 13 0.023541674 
977 217 9 11 0.023471508 
612 247 9 12 0.023364922 
694 275 12 17 0.02332254 
1016 190 7 11 0.023295233 
327 247 11 14 0.02328149 
109 190 10 14 0.023255477 
825 193 8 9 0.023178155 
503 238 9 13 0.02314498 
665 229 10 12 0.023123244 
780 328 15 20 0.02304301 
728 224 7 9 0.023029946 
666 175 7 8 0.023017172 
473 176 7 9 0.023006205 
383 169 6 8 0.022888742 
438 268 12 16 0.022842174 
536 174 6 9 0.022830367 
949 252 10 13 0.022816941 
206 135 7 9 0.02280987 
998 299 14 18 0.02274959 
849 190 7 9 0.022744207 
862 252 12 13 0.022701832 
895 160 8 9 0.022650613 
378 184 7 9 0.02264951 
0 267 11 17 0.022645183 
449 247 9 11 0.02254797 
777 168 8 9 0.022444036 
408 235 10 13 0.022407396 
527 254 11 13 0.022395303 
14 222 10 12 0.022365963 
512 174 6 9 0.022309225 
238 246 11 13 0.022304105 
55 372 11 14 0.022264883 
785 167 7 9 0.022241952 
977 203 10 11 0.022194004 
151 230 11 16 0.022158189 
193 209 8 10 0.022117073 
250 202 8 9 0.022097362 
536 134 10 11 0.02209435 
794 175 7 9 0.022039795 
447 159 7 8 0.021980405 
85 268 14 18 0.021915846 
218 176 7 9 0.021874776 
722 193 7 9 0.021864729 
317 248 13 15 0.021861611 
133 245 12 16 0.02185363 
813 299 16 19 0.021853048 
840 199 8 10 0.021786293 
268 235 10 13 0.021682404 
966 169 8 9 0.021661026 
800 175 7 9 0.02164291 
38 257 14 18 0.021573333 
816 181 7 9 0.021521658 
456 176 7 9 0.021517837 
168 167 8 11 0.021459388 
925 152 8 11 0.021372199 
406 262 10 13 0.021367002 
210 186 7 8 0.021291535 
793 222 7 10 0.021237845 
785 160 7 9 0.021235406 
577 192 7 9 0.021222379 
212 270 13 18 0.021214426 
465 175 7 9 0.02113441 
53 219 12 15 0.021109747 
471 263 10 13 0.02098109 
918 213 9 11 0.020973383 
167 223 10 11 0.020947034 
168 183 8 9 0.020753765 
896 165 8 11 0.020628354 
157 219 10 12 0.020606475 
399 213 8 10 0.020580629 
479 152 9 11 0.02053725 
523 168 7 9 0.020503769 
337 209 8 9 0.020438567 
869 309 14 21 0.020378891 
535 254 9 12 0.020371351 
88 221 11 13 0.020268757 
462 162 8 9 0.020168697 
793 201 8 9 0.020146513 
625 175 7 9 0.02012892 
810 167 7 8 0.020087468 
583 246 10 13 0.02005374 
862 231 8 11 0.02005185 
985 176 7 10 0.020023853 
