2_Demonstration_Protesters_2_779
56
-1 346 119 146 0.999706 
975 417 44 53 0.997148 
611 231 32 40 0.99641716 
553 400 84 104 0.9943573 
105 415 62 96 0.8138031 
932 414 14 19 0.7760702 
700 434 24 33 0.7701162 
731 371 59 85 0.6798566 
423 359 12 16 0.32578132 
44 377 101 129 0.28758574 
859 342 14 17 0.27881822 
405 340 15 16 0.17480281 
832 400 52 53 0.15193565 
475 325 26 34 0.120982885 
439 341 12 15 0.09814665 
926 380 12 16 0.07051358 
987 369 33 30 0.06586831 
916 378 13 17 0.06022317 
697 417 39 58 0.05833958 
422 349 13 17 0.050037354 
597 342 50 45 0.04729737 
448 391 9 11 0.047240295 
857 356 15 17 0.046574373 
367 373 9 9 0.04492543 
417 361 13 16 0.042587034 
910 411 27 35 0.042136796 
641 258 21 28 0.039596595 
454 362 17 21 0.03950001 
420 373 13 16 0.038328238 
902 394 14 18 0.036487076 
416 397 10 12 0.034364335 
924 426 14 19 0.03237533 
976 363 28 31 0.031197315 
931 385 10 14 0.02915168 
405 379 13 16 0.028498253 
412 409 46 62 0.025828458 
393 364 47 50 0.025725042 
491 293 25 28 0.025138542 
913 374 10 13 0.025092471 
414 378 12 16 0.024378918 
432 342 11 14 0.024315033 
928 367 10 12 0.024269147 
420 387 12 15 0.023812627 
945 502 42 47 0.023769887 
914 376 21 30 0.023736268 
922 480 43 54 0.023540273 
393 373 27 33 0.023500975 
841 425 34 35 0.022454532 
411 343 22 27 0.022453275 
414 347 12 15 0.02160892 
485 305 33 42 0.021562265 
471 348 12 14 0.021011982 
408 375 24 28 0.020858532 
386 440 22 31 0.02064375 
76 417 60 82 0.020585105 
414 389 13 16 0.02019139 
