2_Demonstration_Protesters_2_352
29
588 189 44 56 0.9976439 
133 463 36 50 0.9890744 
135 407 41 52 0.9842919 
680 531 44 69 0.9725046 
922 502 40 53 0.80189854 
68 227 13 15 0.6989644 
608 628 44 59 0.438647 
676 231 11 15 0.38387915 
821 504 29 50 0.21377009 
150 221 12 15 0.20639855 
63 487 26 44 0.103296265 
427 473 36 57 0.100972734 
143 554 24 31 0.06682639 
475 606 24 50 0.053115856 
674 234 16 23 0.04426689 
392 222 9 13 0.04297155 
450 620 46 57 0.036306 
816 486 26 52 0.035561007 
192 232 11 16 0.035209145 
938 505 38 43 0.034056053 
237 509 26 40 0.03332192 
0 523 22 47 0.03247083 
245 489 21 37 0.030682396 
667 509 45 74 0.029189123 
399 618 25 40 0.026250603 
337 29 12 14 0.025032457 
821 516 16 30 0.024776941 
942 238 8 11 0.022341365 
719 139 14 20 0.020370146 
