2_Demonstration_Political_Rally_2_577
20
374 1119 28 41 0.9989691 
642 1183 25 34 0.9979371 
480 1141 30 36 0.9978933 
555 1151 24 33 0.99787354 
935 1252 31 38 0.9973187 
178 1097 29 35 0.9960659 
82 1081 32 37 0.9927746 
870 1238 23 26 0.9806011 
750 1200 21 28 0.9211678 
223 1143 12 16 0.57636017 
846 1243 13 14 0.04838012 
937 150 17 23 0.039592687 
709 1222 13 15 0.03829782 
459 1171 13 16 0.034866393 
723 1202 13 17 0.029018234 
841 1239 24 23 0.028323734 
908 1255 10 13 0.027899384 
844 214 15 15 0.02715895 
851 1240 12 12 0.02463069 
904 1254 10 13 0.020967424 
