2_Demonstration_Demonstration_Or_Protest_2_813
56
835 375 19 24 0.9404849 
540 359 18 27 0.8616409 
260 327 19 33 0.82575643 
701 389 14 17 0.7796047 
717 472 13 17 0.49627274 
699 457 13 19 0.39854127 
888 382 20 29 0.37837026 
657 449 15 19 0.29687196 
887 374 14 27 0.23690043 
349 362 15 23 0.16812924 
470 366 15 20 0.1631397 
804 288 18 21 0.15282367 
669 447 13 20 0.14668861 
476 363 12 18 0.14523457 
687 459 14 16 0.13835448 
382 324 9 12 0.13544846 
480 335 8 10 0.1340248 
581 352 9 12 0.093821615 
619 427 12 15 0.083660685 
470 342 7 10 0.075788885 
527 362 22 33 0.05311139 
445 328 8 11 0.050953086 
311 354 10 14 0.03937736 
495 365 19 30 0.039008606 
399 537 13 20 0.03829011 
332 349 24 30 0.03728793 
694 460 14 20 0.034371678 
708 468 15 19 0.034351826 
879 389 21 27 0.03396648 
666 408 23 26 0.033863235 
445 278 9 13 0.033541553 
623 352 9 10 0.031156968 
471 360 12 16 0.031001447 
484 335 9 10 0.030935016 
756 380 10 14 0.029306225 
205 471 10 13 0.028260624 
876 139 11 15 0.027949074 
487 358 9 12 0.026415378 
676 452 12 16 0.02615294 
409 334 8 10 0.025609476 
350 394 10 14 0.024277024 
463 364 15 20 0.02401956 
663 391 11 14 0.023905426 
877 389 14 20 0.023344887 
0 50 11 23 0.022959372 
638 447 12 16 0.022503829 
701 444 14 20 0.02168739 
448 369 11 17 0.021491181 
779 307 11 14 0.020799011 
495 358 9 13 0.020764692 
331 347 18 19 0.020603161 
35 36 20 28 0.020454515 
100 0 12 9 0.020307869 
652 430 10 12 0.020246707 
28 0 17 19 0.020078026 
341 361 17 23 0.020034866 
