2_Demonstration_Protesters_2_531
2237
606 243 13 17 0.9961826 
972 219 14 18 0.9961171 
156 472 17 23 0.99550456 
989 264 15 19 0.9952468 
501 314 14 18 0.99523586 
494 445 16 21 0.99471813 
606 329 15 19 0.99465585 
170 511 18 23 0.99447894 
357 300 14 18 0.9939792 
934 260 13 17 0.9929496 
862 179 12 15 0.9921923 
740 331 14 19 0.9921257 
466 480 17 23 0.9920008 
411 230 13 16 0.99182147 
498 284 14 18 0.9915828 
571 550 19 23 0.99134785 
830 403 15 19 0.991152 
749 489 15 20 0.9909917 
644 478 17 22 0.9906949 
21 435 15 20 0.99051243 
822 230 12 16 0.9903448 
314 491 17 23 0.9903349 
677 142 10 12 0.9903194 
978 434 19 24 0.9902108 
668 235 12 16 0.9900525 
570 306 14 17 0.99001616 
844 412 18 23 0.989837 
618 433 19 25 0.98976797 
927 540 22 27 0.98956 
602 455 18 23 0.9894832 
246 473 17 21 0.98928446 
655 316 13 17 0.9889557 
796 268 13 16 0.9889353 
281 499 19 23 0.98864055 
233 490 17 22 0.98831624 
695 322 14 18 0.98793715 
421 337 12 16 0.9878341 
565 278 13 17 0.98765194 
991 164 12 16 0.9873574 
830 188 11 14 0.9872378 
958 238 14 17 0.98702383 
40 286 12 16 0.9870221 
82 460 18 23 0.9869241 
848 198 11 14 0.986891 
120 473 17 21 0.98672336 
525 303 13 17 0.9862701 
453 320 14 17 0.98597914 
749 173 11 14 0.9855012 
365 583 21 25 0.9845856 
904 364 15 19 0.9843948 
587 492 17 22 0.98429203 
162 644 20 24 0.98426 
135 302 13 17 0.9842099 
774 260 11 15 0.98418033 
502 226 13 17 0.9840695 
125 539 17 24 0.983946 
701 412 15 19 0.98371375 
61 492 17 22 0.9833694 
680 197 11 16 0.98317045 
22 242 12 16 0.98289263 
309 212 11 14 0.98284656 
300 386 14 18 0.98232573 
963 421 16 21 0.9820483 
795 392 14 18 0.98182905 
743 109 10 13 0.98146147 
400 251 13 16 0.98125654 
347 414 18 21 0.981216 
453 205 13 15 0.9810877 
663 354 13 16 0.9806491 
367 243 12 15 0.98063356 
11 415 16 20 0.9804628 
248 373 13 17 0.9802719 
22 361 15 21 0.9802627 
475 310 15 20 0.9802116 
54 316 14 18 0.9801364 
117 509 19 24 0.9798906 
451 236 13 16 0.9797719 
776 285 13 16 0.9793418 
751 362 15 18 0.978631 
106 582 20 27 0.97847044 
996 318 15 18 0.97839224 
471 280 13 17 0.9782909 
349 451 15 17 0.9781749 
835 313 14 18 0.9777724 
91 279 14 16 0.97751963 
343 396 14 18 0.9774991 
628 390 15 19 0.9774655 
70 315 14 18 0.97741026 
517 462 18 22 0.97699183 
975 298 14 17 0.976935 
273 464 16 20 0.9756672 
135 250 12 16 0.9754131 
340 216 11 13 0.97530305 
206 188 11 14 0.97522753 
989 389 18 22 0.97463936 
637 237 12 15 0.9745569 
497 194 12 16 0.9745234 
788 570 16 20 0.97450465 
867 461 19 23 0.9742507 
294 652 21 27 0.972639 
540 217 13 17 0.97242063 
786 436 17 23 0.97125536 
265 276 14 17 0.9711586 
141 620 18 25 0.9697871 
399 507 17 22 0.9694611 
750 422 16 20 0.96934694 
96 424 15 20 0.9683669 
479 427 16 19 0.96792746 
14 568 20 24 0.96780896 
228 650 20 28 0.9668217 
784 485 19 24 0.9666585 
356 477 16 20 0.9656323 
814 107 10 12 0.96542305 
241 228 12 15 0.9645327 
895 407 16 21 0.96409947 
70 205 12 15 0.96404207 
1002 578 20 27 0.96371454 
842 262 14 19 0.96352756 
615 302 15 18 0.9632956 
371 382 13 16 0.96321833 
117 321 12 16 0.96318096 
730 198 12 15 0.9629545 
684 173 10 13 0.96249205 
767 539 21 25 0.96225077 
867 249 13 16 0.9616506 
894 110 9 12 0.961343 
421 131 11 12 0.9613115 
424 300 12 16 0.96028733 
722 248 14 18 0.9589412 
683 474 16 21 0.95855784 
37 354 15 19 0.958232 
873 141 11 14 0.95502216 
455 509 18 24 0.9544016 
917 481 20 25 0.95362914 
582 287 13 16 0.95348865 
681 386 15 21 0.9525428 
879 538 19 25 0.95189476 
94 240 12 15 0.95167017 
707 167 11 14 0.9515649 
414 523 18 24 0.9514154 
364 173 10 13 0.9513323 
717 270 13 16 0.9496659 
279 326 16 20 0.94902664 
127 218 12 14 0.948221 
633 409 15 19 0.9479794 
908 183 12 15 0.9470917 
355 157 11 14 0.9455686 
900 264 12 16 0.94462764 
379 261 12 16 0.94454944 
151 324 12 16 0.94437593 
844 329 12 17 0.9439649 
23 473 16 20 0.94388616 
431 414 15 17 0.9427792 
686 447 14 20 0.94261986 
192 432 15 20 0.9425686 
24 517 19 22 0.94132113 
33 164 11 14 0.9404598 
755 406 17 20 0.940003 
656 264 15 19 0.939818 
0 324 9 16 0.9396404 
198 254 12 16 0.9378631 
959 312 16 19 0.9369175 
38 315 14 18 0.936728 
238 287 12 16 0.9353665 
665 541 17 28 0.9352043 
50 371 15 20 0.9344629 
713 118 10 13 0.93055624 
212 271 12 15 0.9292786 
229 244 11 15 0.92803913 
881 234 13 17 0.9272097 
996 644 19 28 0.9269174 
469 370 14 18 0.9263648 
1007 227 13 17 0.92634755 
800 289 14 17 0.92268497 
787 324 14 17 0.9216079 
416 445 17 21 0.92004484 
355 223 12 15 0.9193495 
552 179 11 13 0.91777974 
925 331 12 15 0.91668487 
898 310 13 17 0.9166242 
344 286 12 15 0.9164512 
682 245 13 17 0.9130099 
889 383 15 20 0.9121796 
677 120 10 13 0.90943986 
253 324 12 17 0.9081945 
784 204 11 13 0.9074328 
419 280 13 16 0.90718156 
822 132 10 12 0.9059953 
246 120 8 10 0.90574145 
593 262 13 16 0.9057043 
407 477 17 21 0.9046424 
518 94 9 10 0.90323997 
518 505 15 19 0.9020505 
794 118 10 14 0.90191996 
732 231 12 16 0.9007023 
717 91 10 12 0.89816916 
144 406 16 22 0.8976455 
808 358 14 18 0.8935358 
772 123 10 13 0.8917049 
294 143 9 12 0.89091027 
344 341 13 17 0.88798803 
56 297 14 17 0.88561386 
584 327 13 17 0.88149863 
273 183 11 13 0.8808999 
744 247 13 16 0.87995744 
759 91 9 12 0.878594 
759 317 11 14 0.87637913 
204 314 11 15 0.87590134 
432 118 9 12 0.87586313 
411 158 10 14 0.87578046 
200 297 14 16 0.8754412 
534 320 13 16 0.87113225 
765 225 14 17 0.87071216 
300 167 9 12 0.8696826 
742 72 10 12 0.863472 
267 574 17 23 0.8625078 
889 192 13 17 0.85629827 
499 371 12 14 0.8530974 
154 285 14 18 0.8518023 
849 243 12 14 0.85113984 
286 163 10 11 0.8485537 
816 87 9 12 0.84852123 
636 95 10 12 0.8471375 
810 256 13 16 0.84713376 
482 148 9 12 0.8435118 
408 198 11 15 0.83451116 
380 206 10 13 0.83196145 
279 141 9 11 0.8313619 
967 278 14 16 0.8224245 
278 436 17 21 0.81891304 
875 443 17 19 0.81604743 
661 119 10 12 0.8136758 
11 206 11 14 0.8135508 
320 175 11 14 0.81257546 
513 119 9 12 0.81247544 
0 286 9 16 0.8066277 
279 228 10 12 0.80649364 
185 211 10 13 0.8027943 
424 207 13 17 0.79985154 
700 141 10 13 0.79878414 
647 80 10 12 0.79874474 
957 179 11 15 0.79859304 
458 139 11 13 0.7979901 
334 512 17 20 0.7965305 
174 240 11 13 0.79494005 
323 227 11 13 0.79477584 
388 119 9 12 0.79409176 
388 194 11 14 0.7887323 
127 197 9 11 0.7877579 
573 104 9 11 0.78647584 
280 105 9 11 0.7861578 
712 300 12 16 0.7841144 
393 135 11 13 0.78195757 
319 254 12 15 0.77936184 
128 382 13 17 0.77924854 
184 166 9 11 0.7791626 
668 371 12 15 0.77672815 
622 85 8 11 0.77594614 
689 29 9 12 0.7741821 
543 119 11 12 0.77235335 
0 605 12 26 0.76284355 
734 25 9 11 0.7605952 
943 224 12 15 0.75747585 
670 20 9 12 0.7533849 
584 95 8 12 0.75261325 
583 208 11 14 0.75156605 
943 94 9 11 0.75059944 
633 341 12 15 0.7462697 
474 406 13 15 0.74526274 
785 92 10 12 0.7419242 
759 151 10 12 0.7419076 
757 331 11 14 0.7379904 
964 143 10 13 0.73433036 
635 215 11 15 0.73230696 
489 126 9 12 0.72737724 
472 350 11 14 0.7251201 
327 141 10 12 0.72463447 
872 223 12 16 0.7236515 
329 242 11 14 0.719818 
898 172 11 14 0.7181496 
675 277 15 18 0.71782494 
296 187 9 12 0.7141594 
293 118 8 10 0.71125317 
212 495 12 15 0.71101034 
517 565 20 25 0.710511 
610 117 9 12 0.7091211 
897 79 8 11 0.7086965 
939 161 12 15 0.7069778 
236 184 9 12 0.7065862 
781 77 8 11 0.7057492 
667 384 12 16 0.70457673 
581 242 12 16 0.6948722 
210 93 8 10 0.69332063 
896 294 13 17 0.69159776 
680 14 10 12 0.68390334 
692 119 9 12 0.6813557 
669 439 13 16 0.68045807 
714 189 12 15 0.6780145 
623 109 10 14 0.67682487 
633 301 12 16 0.67131734 
850 364 14 17 0.670649 
353 136 9 11 0.664404 
268 155 10 12 0.6630469 
615 68 8 11 0.6554127 
609 53 9 10 0.65221715 
472 97 8 10 0.6515097 
756 120 10 12 0.6473327 
244 155 9 12 0.6443795 
227 127 8 11 0.6431551 
164 192 10 13 0.6414692 
528 63 8 9 0.63734525 
892 165 10 12 0.6367304 
498 103 9 12 0.636419 
911 104 9 10 0.6318856 
333 126 9 10 0.6286269 
422 101 9 10 0.6274871 
989 182 11 14 0.6272104 
456 221 12 15 0.62720776 
644 182 10 13 0.6270255 
455 350 13 17 0.6268764 
44 52 9 11 0.62642866 
376 425 15 18 0.6239099 
218 158 9 11 0.62338233 
849 87 9 11 0.6208618 
857 165 10 13 0.6191872 
982 117 10 12 0.6136647 
538 101 9 11 0.6085434 
262 118 8 10 0.6058093 
816 74 9 10 0.6055606 
263 80 8 10 0.59556663 
974 86 8 10 0.5954774 
769 94 9 11 0.59307766 
270 64 9 11 0.5921617 
318 113 9 11 0.5889365 
964 100 9 11 0.5884521 
365 93 9 11 0.5840386 
422 112 9 10 0.5816195 
373 293 11 13 0.5714123 
303 135 8 10 0.56961167 
391 103 8 10 0.56645334 
551 91 9 11 0.5663993 
329 30 8 10 0.56629217 
103 266 12 14 0.56068337 
99 215 10 14 0.556831 
197 127 8 9 0.55642575 
871 107 9 11 0.55267084 
88 63 9 11 0.5508152 
172 222 10 13 0.5502425 
1013 420 10 16 0.543307 
7 61 8 12 0.5392761 
277 387 14 17 0.5347893 
498 353 14 17 0.53073144 
228 219 10 14 0.5294875 
47 229 9 13 0.52725303 
518 321 12 15 0.52158976 
546 64 7 9 0.5213447 
597 180 9 13 0.51874 
64 260 12 16 0.51549107 
352 113 9 10 0.5145074 
101 190 9 11 0.51346946 
590 112 9 11 0.5070666 
726 287 13 15 0.49962953 
302 101 8 10 0.49655116 
621 190 10 12 0.49207282 
285 204 10 12 0.48931143 
566 7 8 10 0.48683554 
375 127 9 11 0.48605812 
2 76 8 12 0.4858793 
602 95 9 12 0.48176816 
669 89 9 11 0.47925422 
259 324 13 17 0.47851345 
159 182 10 11 0.4771346 
394 88 8 10 0.4697784 
832 112 10 12 0.46969327 
884 100 8 10 0.46885014 
696 95 10 13 0.46854702 
447 100 9 11 0.46589386 
338 78 7 9 0.46309924 
512 38 8 10 0.46203867 
346 71 8 10 0.46173203 
376 56 7 9 0.4613632 
652 389 15 17 0.4576692 
824 203 11 13 0.4574346 
759 0 10 9 0.45713267 
661 54 9 10 0.4557239 
669 307 15 17 0.453815 
357 347 13 16 0.45339477 
49 195 11 14 0.45056602 
777 451 15 20 0.4486684 
800 188 9 13 0.44770655 
1 499 12 17 0.4427066 
233 142 8 11 0.4409258 
705 22 9 12 0.43883163 
427 84 7 10 0.4238887 
745 191 10 13 0.42248806 
1 190 10 14 0.4216319 
890 1 9 10 0.42014375 
199 159 9 12 0.41899693 
400 78 7 10 0.41797465 
452 155 11 13 0.4173195 
318 77 8 10 0.41286635 
61 183 10 12 0.41088715 
989 211 12 16 0.41045323 
1 351 11 14 0.40695325 
568 56 8 10 0.40626165 
833 140 9 12 0.40609375 
901 79 9 11 0.40482455 
618 360 13 17 0.4044792 
920 110 8 10 0.40028927 
309 93 8 10 0.39509737 
793 152 10 13 0.39505816 
111 105 9 11 0.39362022 
642 31 9 11 0.39168125 
-1 92 8 12 0.38558784 
467 73 8 11 0.38442945 
358 191 9 12 0.3842441 
545 30 8 10 0.38006076 
853 109 9 11 0.3767491 
175 5 9 11 0.37507924 
471 227 10 13 0.36926085 
308 195 11 13 0.36604384 
442 85 8 10 0.3643652 
74 224 10 13 0.36090174 
180 128 9 11 0.3494231 
670 422 15 16 0.3470263 
21 617 19 23 0.34653825 
488 71 7 9 0.3440683 
582 13 7 9 0.34217897 
641 125 10 12 0.3419927 
866 120 9 12 0.3409595 
461 88 8 10 0.34044498 
848 104 9 11 0.33588204 
609 495 17 20 0.33575252 
503 87 8 9 0.3356417 
757 323 13 16 0.33232337 
113 174 9 11 0.33044848 
457 112 8 10 0.32870463 
141 148 8 10 0.32790455 
302 251 10 14 0.32460597 
165 261 10 12 0.324054 
712 44 8 11 0.32397687 
174 227 10 13 0.32149187 
637 61 9 11 0.31831488 
716 440 16 18 0.317438 
518 22 7 9 0.31498152 
78 49 8 10 0.31436157 
441 113 8 10 0.31415793 
573 108 9 12 0.31343472 
305 96 8 10 0.3115692 
15 93 9 12 0.31083295 
654 110 9 11 0.31067902 
517 136 9 12 0.30840787 
367 38 8 10 0.30732572 
1005 107 10 13 0.30584216 
319 160 9 11 0.3047834 
854 104 9 11 0.30405504 
345 112 8 11 0.30258107 
1011 257 12 16 0.302139 
549 118 9 13 0.30186546 
522 76 9 11 0.30166835 
484 111 8 10 0.2984617 
996 69 9 11 0.29267052 
505 171 10 12 0.29229447 
305 48 8 10 0.29185972 
245 101 8 11 0.29092795 
1005 133 10 12 0.28876454 
529 8 7 10 0.2867275 
0 525 10 16 0.28649476 
730 5 8 10 0.28594077 
230 101 7 10 0.28441688 
79 159 8 10 0.28197554 
209 121 8 10 0.28134245 
426 70 7 9 0.2802118 
58 29 7 9 0.27923408 
437 29 7 9 0.27908054 
807 24 9 11 0.27881336 
248 311 13 15 0.27861246 
302 234 11 14 0.27667868 
273 87 8 10 0.27515796 
336 88 8 10 0.27480668 
438 116 9 11 0.2743652 
390 49 7 9 0.27402744 
169 23 9 11 0.27235803 
65 41 7 10 0.27164713 
262 190 8 11 0.26906267 
453 230 13 17 0.2683119 
514 2 8 9 0.26785877 
219 323 13 18 0.26752865 
320 56 7 9 0.26636493 
439 80 7 10 0.26303744 
418 573 16 24 0.26162538 
512 110 9 11 0.2615213 
449 80 8 10 0.26092 
160 144 9 10 0.25970545 
547 6 8 9 0.25947556 
860 73 9 11 0.25916302 
514 22 8 10 0.25827524 
479 89 7 9 0.25516444 
541 302 11 14 0.25445262 
469 123 9 11 0.25340328 
561 93 7 10 0.2528705 
806 197 12 14 0.25091597 
434 80 7 10 0.24699686 
937 1 9 9 0.24695809 
134 451 14 17 0.24511425 
334 136 9 11 0.24455023 
83 37 7 10 0.24447387 
311 116 8 10 0.24426195 
357 116 8 11 0.24322757 
159 277 12 15 0.23976381 
617 197 9 12 0.23923111 
988 566 16 21 0.23823908 
528 13 9 10 0.23642196 
995 5 8 11 0.2359258 
24 324 11 14 0.23396511 
480 62 8 10 0.23349516 
529 94 8 11 0.23284358 
567 40 8 10 0.23141474 
129 24 8 10 0.2290935 
5 435 12 16 0.22728376 
94 80 9 10 0.22721015 
465 41 7 10 0.2240813 
392 94 8 10 0.22267546 
777 15 11 13 0.22167742 
267 324 14 17 0.2204753 
490 84 7 10 0.22038017 
529 207 11 13 0.21825676 
592 28 8 10 0.21803218 
640 189 10 13 0.21795231 
512 58 7 10 0.21741948 
369 72 8 9 0.21682084 
21 71 7 9 0.21460404 
722 302 13 15 0.21426632 
119 174 8 11 0.21415679 
511 135 10 12 0.21394181 
406 111 8 9 0.212763 
555 214 11 14 0.21194944 
506 134 9 11 0.21117854 
463 110 7 9 0.20974638 
89 55 7 9 0.20904669 
803 267 12 16 0.20875122 
592 230 12 14 0.20842616 
376 25 7 9 0.20696656 
405 124 9 12 0.206829 
513 139 10 13 0.20629038 
606 25 8 9 0.20501947 
847 92 8 10 0.20424871 
260 262 11 12 0.20392665 
637 56 8 10 0.20366755 
838 112 8 11 0.20326324 
825 356 11 15 0.20315008 
63 56 7 9 0.20149617 
963 7 8 10 0.20125525 
672 16 10 13 0.1998049 
591 71 8 10 0.19948362 
362 49 8 9 0.19945545 
369 33 7 10 0.19878368 
630 47 8 10 0.19877054 
817 11 8 11 0.19804512 
285 76 8 10 0.19724406 
391 70 7 9 0.1947601 
586 56 7 10 0.19371966 
412 201 11 14 0.19366753 
545 140 10 12 0.19320537 
306 117 8 10 0.19291414 
385 33 6 8 0.19158947 
359 24 8 9 0.1913691 
18 292 10 13 0.1897699 
925 117 10 12 0.18952073 
342 372 11 14 0.18857387 
302 188 10 13 0.18822458 
632 22 8 10 0.1875032 
407 93 8 10 0.18710251 
254 92 8 10 0.18565895 
763 247 12 15 0.1853243 
625 47 8 10 0.18386863 
144 61 8 9 0.1834354 
246 329 13 16 0.1822382 
783 88 9 11 0.18160707 
575 134 9 11 0.18114997 
704 13 9 11 0.18086572 
357 138 9 12 0.17970984 
0 164 7 11 0.1791126 
651 247 12 15 0.17847015 
568 469 13 16 0.17846479 
346 37 8 10 0.17624235 
573 117 8 10 0.17563447 
398 88 7 9 0.17518874 
979 12 8 11 0.17508838 
387 70 7 10 0.17501739 
828 148 10 13 0.17493631 
913 107 8 12 0.1743092 
229 80 8 10 0.17384763 
560 72 8 10 0.17289075 
711 16 8 11 0.17226236 
765 215 12 15 0.17214482 
708 20 9 11 0.17182843 
582 180 9 12 0.1704086 
299 37 7 10 0.16935542 
376 96 7 10 0.16904166 
7 57 9 10 0.16868454 
631 134 10 13 0.16839902 
671 73 9 12 0.16795473 
400 74 8 9 0.16782701 
702 9 9 10 0.16712673 
97 168 8 11 0.16551523 
729 69 8 10 0.16513412 
374 475 12 16 0.16425157 
367 79 8 10 0.16420537 
599 80 8 10 0.16354899 
222 171 9 12 0.16293357 
999 153 10 12 0.16161461 
479 96 7 9 0.16160211 
178 132 8 11 0.16037786 
496 66 7 9 0.16031103 
849 108 9 12 0.16019315 
962 181 11 14 0.15957685 
545 70 8 10 0.15907189 
432 71 7 9 0.15885627 
330 89 8 9 0.15828194 
338 54 7 10 0.15707222 
565 91 9 11 0.15689263 
377 131 8 11 0.15670593 
576 235 11 15 0.15643106 
957 22 8 10 0.15556343 
535 96 9 10 0.1550923 
567 31 7 9 0.1550811 
471 76 7 10 0.15473652 
184 172 9 11 0.15421559 
962 128 9 11 0.15421347 
719 17 8 10 0.15391536 
1006 31 10 12 0.1538423 
150 28 8 10 0.15334807 
327 72 7 9 0.15285388 
544 136 9 11 0.15275605 
482 72 8 10 0.15275301 
283 72 7 10 0.15271032 
224 214 9 13 0.15266591 
488 15 8 9 0.15231512 
480 15 7 9 0.15231024 
409 25 8 9 0.1517917 
142 111 8 10 0.15118776 
625 71 8 10 0.15007755 
78 244 10 13 0.14966893 
793 190 10 12 0.14926767 
337 48 7 9 0.14845353 
373 118 8 10 0.14745654 
74 52 8 10 0.14738025 
466 25 7 9 0.14643526 
617 39 8 9 0.14640188 
798 36 9 11 0.14603601 
80 94 8 10 0.1454786 
951 116 9 11 0.14543934 
128 283 13 15 0.14483924 
572 488 14 20 0.144578 
505 25 7 9 0.1432512 
914 18 7 8 0.14323701 
574 77 8 10 0.1431418 
137 104 7 10 0.1415009 
169 215 9 12 0.14144087 
774 164 10 12 0.14141203 
687 88 8 10 0.1412491 
687 94 8 11 0.14117368 
161 119 7 10 0.14082971 
709 0 8 8 0.14070156 
409 89 7 10 0.14042774 
911 85 9 11 0.1402678 
592 13 8 10 0.14025621 
600 65 8 10 0.14016959 
173 40 10 12 0.13993582 
392 53 8 9 0.13912396 
737 126 9 11 0.13910438 
248 95 7 10 0.13874015 
359 212 10 12 0.13757314 
170 113 8 10 0.13702458 
151 77 8 10 0.13649647 
609 133 9 12 0.13635357 
987 339 14 16 0.13607582 
274 121 8 9 0.13599424 
1 44 8 12 0.13551636 
313 62 7 9 0.13528657 
277 123 9 11 0.13485904 
760 15 8 10 0.13470331 
111 49 8 10 0.13465112 
662 72 10 12 0.1344164 
341 77 8 10 0.13407774 
1012 344 11 19 0.13357598 
154 516 15 21 0.13350642 
129 104 8 10 0.13297848 
326 159 9 12 0.13227113 
988 119 9 11 0.13203822 
942 6 8 10 0.1317655 
53 309 14 17 0.13155788 
630 72 8 10 0.13135962 
526 191 10 12 0.13131629 
126 238 12 14 0.13089329 
762 299 14 17 0.12880948 
50 79 8 9 0.12875165 
528 89 8 10 0.12869631 
424 18 8 9 0.12853847 
128 243 11 16 0.1283834 
214 125 8 11 0.12825847 
835 408 19 23 0.1278429 
453 30 7 9 0.12667753 
710 206 11 13 0.12653333 
784 166 9 10 0.124941476 
432 449 12 18 0.124235116 
495 85 7 9 0.12405097 
223 39 7 9 0.12357011 
741 17 9 10 0.12356512 
213 121 8 9 0.123263426 
479 31 7 9 0.12319957 
570 119 8 10 0.12296013 
310 46 7 10 0.12288611 
117 141 8 9 0.12213997 
715 373 11 16 0.12211654 
321 74 7 9 0.12180949 
0 222 8 14 0.12176755 
53 190 12 14 0.12133409 
302 140 9 11 0.12096533 
703 385 14 18 0.120812684 
296 78 7 9 0.12035267 
189 165 9 11 0.11993348 
536 87 8 10 0.11965259 
513 189 9 12 0.11932723 
568 61 9 10 0.1192338 
534 212 11 16 0.11914782 
355 23 7 10 0.11902395 
744 152 10 13 0.11895575 
566 487 14 19 0.118684955 
-1 213 8 12 0.11867211 
538 80 7 9 0.118568026 
1016 79 7 11 0.118498966 
633 77 8 11 0.1184768 
262 125 9 11 0.11828535 
726 48 9 11 0.11787598 
600 112 8 11 0.11778292 
377 31 7 9 0.11725637 
29 357 15 20 0.117245376 
334 122 7 9 0.11669307 
542 78 8 10 0.11640691 
632 17 8 9 0.11630633 
290 55 7 10 0.11583041 
77 77 8 10 0.11581445 
455 116 8 11 0.11569499 
631 39 7 9 0.11535154 
537 23 8 10 0.11533192 
737 93 9 11 0.11516286 
641 35 8 12 0.1142391 
424 116 9 11 0.11415372 
747 331 14 18 0.11412637 
255 141 9 11 0.11408664 
328 137 9 11 0.113880776 
337 653 17 23 0.11333276 
334 370 10 15 0.11324735 
517 5 8 10 0.112726316 
902 168 11 13 0.11206541 
466 30 7 10 0.11124569 
383 253 13 16 0.1109863 
1006 48 8 10 0.11058723 
43 31 7 11 0.110543646 
397 14 8 9 0.1104496 
575 72 8 10 0.11042302 
386 37 7 9 0.11035324 
325 111 9 11 0.10975045 
622 324 12 15 0.10960331 
363 348 11 15 0.10959 
333 503 16 18 0.1092998 
623 17 8 9 0.10912824 
553 110 8 11 0.10868326 
329 93 8 10 0.1085816 
528 112 8 11 0.10803911 
405 120 9 10 0.10767367 
346 66 7 8 0.10753125 
351 203 10 13 0.10695086 
112 158 9 10 0.10686961 
109 69 9 11 0.10682239 
1013 162 9 14 0.106728144 
478 101 8 10 0.106719725 
274 47 8 9 0.106285796 
94 5 7 9 0.10604974 
511 32 7 9 0.105971634 
637 193 11 14 0.1058694 
389 159 10 12 0.10581205 
533 546 17 18 0.10577411 
400 198 9 13 0.105704896 
313 41 7 9 0.1053225 
864 94 8 10 0.105287634 
810 87 8 11 0.105209775 
500 410 11 15 0.10508097 
511 149 10 12 0.10471153 
15 404 15 17 0.10465534 
488 121 9 10 0.1038876 
973 243 14 17 0.10356121 
409 45 8 9 0.10304975 
506 31 7 9 0.1029415 
542 37 8 9 0.10277171 
176 303 10 14 0.10273232 
952 175 12 16 0.10238131 
184 64 9 11 0.10229315 
406 63 8 9 0.102118984 
571 77 7 10 0.10211249 
1001 103 11 13 0.10180104 
139 145 8 10 0.101797886 
81 127 8 11 0.101793885 
168 237 10 14 0.10134686 
904 84 8 11 0.10125631 
533 525 17 20 0.10075592 
616 48 8 10 0.10023718 
600 30 7 10 0.09991006 
353 188 10 12 0.09967645 
175 69 7 9 0.099314466 
505 139 9 13 0.09926729 
401 64 7 9 0.099224776 
156 5 8 10 0.09870126 
999 85 8 10 0.098653205 
388 251 13 15 0.098497964 
647 251 13 15 0.09800138 
138 109 8 10 0.097950205 
465 93 8 11 0.09776721 
387 48 8 10 0.09757415 
351 245 10 12 0.09743809 
319 465 15 18 0.09725467 
636 573 17 21 0.09714074 
80 134 8 10 0.09703686 
526 72 8 10 0.09683175 
182 301 9 13 0.09677054 
150 89 8 10 0.09635188 
143 118 8 9 0.09627259 
165 347 13 17 0.09611702 
377 61 8 9 0.09590048 
364 212 10 13 0.09556031 
867 39 8 10 0.095543124 
89 181 10 12 0.095426895 
704 27 9 12 0.09507194 
249 89 7 9 0.094931476 
630 32 8 10 0.09482658 
878 109 9 12 0.09481577 
401 126 8 10 0.094677255 
645 11 10 13 0.09467593 
294 321 13 17 0.094648235 
74 159 8 10 0.09452116 
1005 158 10 13 0.09399925 
695 87 8 9 0.09396679 
304 70 8 10 0.09335725 
930 159 10 13 0.09334734 
165 143 9 10 0.092950314 
477 168 9 12 0.09251331 
142 5 8 10 0.09218367 
613 127 9 11 0.09204717 
637 443 13 17 0.09171347 
475 14 7 10 0.09126841 
240 46 7 10 0.09101727 
918 105 9 10 0.091002315 
1016 196 8 13 0.090702936 
394 80 7 9 0.090061866 
81 165 8 10 0.08995637 
792 0 8 8 0.08923342 
151 41 8 9 0.089223966 
489 66 7 9 0.089150004 
705 85 7 10 0.08889115 
579 230 12 14 0.08880891 
466 104 7 10 0.08862961 
672 268 12 17 0.0884194 
113 168 9 10 0.08836242 
502 94 7 9 0.08786832 
337 151 9 12 0.08759341 
310 12 8 10 0.08745138 
389 109 8 10 0.087436505 
226 98 7 9 0.08737985 
942 100 9 12 0.08736418 
757 52 9 11 0.086628035 
618 16 8 9 0.086276926 
341 150 9 12 0.08620989 
682 88 8 11 0.08610128 
350 65 8 9 0.08595064 
160 177 9 11 0.08583592 
498 38 7 10 0.08580463 
496 181 10 12 0.08526369 
418 79 7 10 0.08517964 
666 0 9 9 0.085019 
622 104 9 12 0.084847875 
728 80 9 11 0.08454345 
295 56 7 9 0.08446781 
906 102 9 11 0.08431507 
540 333 12 14 0.084142625 
519 18 7 9 0.083987355 
617 111 10 13 0.08372797 
776 159 10 12 0.083614066 
505 38 7 10 0.083593845 
0 414 8 15 0.083539434 
492 130 10 13 0.08342104 
687 102 9 11 0.08321989 
552 48 8 10 0.083189845 
488 39 7 9 0.083046205 
273 93 8 9 0.08275842 
598 69 8 10 0.08219515 
91 313 12 16 0.082140915 
183 29 8 10 0.081876494 
97 31 8 9 0.081837505 
695 47 9 11 0.08146329 
804 185 10 11 0.080660194 
362 82 7 10 0.080603905 
629 190 11 13 0.08048813 
1006 96 8 10 0.08028155 
576 64 8 10 0.0801912 
146 89 8 10 0.07978002 
767 111 9 10 0.079673104 
351 129 8 11 0.07961208 
557 111 8 11 0.07931784 
529 135 9 11 0.07928764 
639 78 8 12 0.079275906 
504 64 7 9 0.07911491 
1014 110 8 11 0.079099715 
559 77 8 10 0.07881674 
297 71 7 10 0.07871248 
333 338 12 17 0.078386 
497 23 7 9 0.07821109 
377 102 8 9 0.078194104 
386 103 7 10 0.07803446 
241 87 7 10 0.07790466 
391 66 7 9 0.07783785 
593 79 8 11 0.07777053 
585 117 8 10 0.077619545 
807 47 9 11 0.077426344 
297 64 7 9 0.077353485 
909 277 12 14 0.07733206 
655 96 9 10 0.07691197 
852 286 12 15 0.07674227 
714 88 9 12 0.076588675 
446 111 8 11 0.076569155 
321 96 7 9 0.076556474 
588 235 13 15 0.07639167 
125 176 8 10 0.076257356 
734 1 7 9 0.07600556 
6 47 8 10 0.075968795 
138 120 7 9 0.07591869 
15 63 8 11 0.07581004 
385 64 8 9 0.075492986 
774 5 8 10 0.07540161 
507 56 7 9 0.07481892 
838 319 14 17 0.074660204 
7 166 8 10 0.0744851 
656 103 8 11 0.074483514 
374 73 7 9 0.07448034 
454 80 7 9 0.074311696 
8 267 13 16 0.07419576 
130 278 12 14 0.07413064 
670 56 9 11 0.074034065 
282 429 15 19 0.073936895 
252 251 11 14 0.073754825 
367 113 8 10 0.07363341 
159 272 11 13 0.07355681 
583 61 9 10 0.07351776 
168 134 8 10 0.07340145 
103 29 8 10 0.07320198 
538 37 7 9 0.07313915 
160 149 8 10 0.07296633 
602 23 8 10 0.07281812 
406 330 11 14 0.07274769 
264 113 7 9 0.07272943 
400 93 8 10 0.07260314 
545 93 9 11 0.07237113 
478 195 10 12 0.072241046 
231 85 8 10 0.072048195 
536 127 9 11 0.07192034 
167 28 9 11 0.07160563 
568 46 8 10 0.071542755 
903 118 8 11 0.07142916 
978 39 8 10 0.07133114 
54 40 8 10 0.07122109 
500 107 9 11 0.0712164 
335 12 8 10 0.07110717 
726 165 9 12 0.07093712 
497 97 8 11 0.070931755 
312 72 7 9 0.07085469 
255 184 9 12 0.07076708 
938 104 8 11 0.07070238 
985 0 8 8 0.070613585 
488 47 7 10 0.0706078 
234 47 7 10 0.07054801 
585 189 9 11 0.070468366 
620 195 11 14 0.070322275 
925 112 9 10 0.07030536 
212 259 13 15 0.07014845 
566 12 8 10 0.07011079 
562 29 8 10 0.070073314 
769 99 9 12 0.06995034 
436 284 11 15 0.06994897 
290 183 9 12 0.06987616 
631 182 9 11 0.06985173 
676 17 10 13 0.069814816 
418 101 8 10 0.06980793 
563 40 8 9 0.069757566 
204 157 8 11 0.06961414 
576 46 8 10 0.069327705 
525 315 12 17 0.06911796 
720 133 9 12 0.068895236 
248 46 8 9 0.06879832 
601 14 8 9 0.06866955 
446 300 13 16 0.068661034 
215 25 8 9 0.06864567 
366 89 8 10 0.06852249 
424 189 11 12 0.06835397 
607 30 8 10 0.068321764 
55 73 7 9 0.06821321 
836 136 9 12 0.06797367 
596 205 12 15 0.06789459 
104 23 8 10 0.06784255 
932 118 9 11 0.06772284 
554 15 7 9 0.067691475 
166 175 8 10 0.067678206 
410 29 8 10 0.06743209 
10 92 9 12 0.06742604 
474 89 8 9 0.06712255 
504 69 8 10 0.06707924 
49 157 8 12 0.067062765 
637 133 10 13 0.06699495 
4 69 9 11 0.06699099 
185 230 9 11 0.06685756 
236 245 10 15 0.06669456 
926 23 8 9 0.06656006 
112 180 9 11 0.066470414 
110 125 8 10 0.06628882 
966 263 12 14 0.066242985 
418 72 7 9 0.06602066 
1008 128 10 13 0.06580443 
474 30 7 10 0.065802865 
114 137 8 10 0.065794155 
319 40 7 9 0.065755144 
1016 85 8 11 0.06573185 
462 15 7 9 0.06571966 
480 78 7 9 0.065719634 
535 133 8 11 0.06564613 
350 33 8 9 0.06552018 
64 62 8 10 0.06550868 
902 111 9 11 0.06541749 
777 150 10 13 0.06537156 
237 206 10 12 0.06533044 
666 92 9 12 0.065234564 
304 52 7 10 0.06501572 
232 109 7 10 0.06499137 
648 1 9 10 0.064935796 
328 104 8 9 0.06493344 
519 100 9 11 0.0648467 
191 45 8 10 0.06482368 
713 147 10 13 0.06465 
733 86 9 11 0.064089246 
248 41 8 10 0.064079836 
518 190 10 12 0.06386233 
134 365 9 12 0.06374877 
470 39 8 9 0.06374202 
122 87 9 11 0.06369841 
231 318 10 13 0.063615225 
79 17 8 10 0.063564636 
253 136 9 11 0.06325599 
393 33 6 9 0.06303002 
152 45 8 10 0.06302258 
911 158 9 12 0.06301722 
429 66 7 9 0.062765166 
233 65 7 9 0.06268454 
102 15 8 9 0.06260944 
315 57 7 9 0.06252889 
917 157 9 11 0.062494215 
612 213 10 14 0.062078852 
384 55 7 9 0.061978642 
924 515 17 21 0.061968718 
618 21 7 10 0.06192231 
72 137 8 9 0.06191724 
95 117 8 11 0.06179662 
359 393 14 17 0.061726745 
73 72 8 10 0.06172362 
417 96 8 10 0.061623238 
487 370 13 16 0.061537944 
450 73 7 9 0.06143911 
288 24 7 10 0.061409008 
585 72 8 10 0.061383627 
865 104 9 11 0.06121241 
948 93 9 11 0.06120688 
937 109 8 10 0.061130725 
439 46 8 10 0.061116174 
626 132 9 13 0.061084677 
60 254 12 15 0.06104615 
126 181 9 10 0.060976464 
103 256 12 13 0.06078698 
741 47 8 11 0.060664456 
163 237 9 12 0.060622107 
368 286 12 15 0.06061125 
585 46 7 10 0.060572047 
990 124 9 11 0.06052139 
370 24 8 9 0.060496293 
546 88 9 11 0.060495593 
303 66 8 9 0.0604469 
1016 150 8 12 0.060367268 
296 170 10 14 0.060353823 
261 141 9 11 0.060069423 
513 105 8 11 0.05978469 
16 164 9 11 0.05964552 
457 93 8 9 0.059616085 
200 133 8 10 0.059466127 
82 89 7 9 0.05943984 
459 14 7 9 0.059342057 
206 151 8 10 0.059208225 
848 150 10 12 0.05915192 
248 0 9 9 0.059069023 
905 1 8 10 0.058759253 
129 109 8 10 0.05852262 
369 150 9 12 0.05850562 
439 26 7 9 0.058492254 
593 85 8 10 0.058475606 
287 127 8 10 0.058439437 
327 147 9 12 0.058378138 
78 142 8 9 0.05836565 
482 46 8 10 0.058269937 
319 61 8 9 0.058168408 
567 2 7 8 0.05807249 
495 1 8 8 0.058065053 
88 176 9 11 0.05806122 
105 125 8 10 0.058018863 
992 1 9 10 0.057930008 
1001 28 9 12 0.057814997 
588 94 8 12 0.057800263 
117 169 9 10 0.057697095 
211 54 7 10 0.05747233 
343 92 8 10 0.057389602 
265 196 9 12 0.05735427 
358 206 10 12 0.057199474 
639 437 13 17 0.05715263 
577 88 8 9 0.05714432 
243 344 13 16 0.057061687 
781 243 11 14 0.05705983 
414 46 7 9 0.05691218 
17 120 8 11 0.05687623 
384 247 11 13 0.05676952 
377 88 7 10 0.056681298 
813 436 16 18 0.05667937 
716 210 12 14 0.056578856 
662 49 8 10 0.056528978 
136 96 8 9 0.05638887 
402 1 7 7 0.056385152 
535 62 8 10 0.056357656 
369 116 8 11 0.056243107 
800 63 9 12 0.056099687 
112 153 9 10 0.055987597 
431 101 8 9 0.055946745 
380 293 9 13 0.055833586 
343 174 10 13 0.055829424 
720 284 12 14 0.05568608 
588 206 11 14 0.05566469 
198 277 10 13 0.05562589 
450 25 7 9 0.055600658 
365 196 9 12 0.05554 
135 48 8 9 0.05552634 
452 485 13 18 0.055518914 
274 222 9 12 0.055378992 
369 54 7 9 0.055307362 
646 120 8 12 0.05522579 
673 47 8 10 0.05522272 
870 93 8 10 0.05520804 
583 89 8 9 0.055069618 
537 32 7 10 0.05502485 
475 1 7 8 0.05500214 
289 62 8 10 0.05488447 
458 64 7 9 0.05487091 
638 70 8 10 0.05483672 
407 1 7 8 0.054806374 
586 31 7 9 0.054791406 
526 218 10 14 0.054627564 
856 160 10 12 0.054538723 
1007 52 9 12 0.054483883 
560 205 10 13 0.05442249 
265 135 9 10 0.054369416 
256 46 7 10 0.054328375 
336 40 7 9 0.054299477 
710 245 12 15 0.054227278 
489 9 7 9 0.05415929 
1000 24 9 11 0.053938586 
575 33 8 9 0.05392698 
473 56 8 10 0.05373749 
910 81 9 11 0.053710025 
351 270 9 13 0.053709343 
538 120 9 11 0.053641792 
576 180 9 12 0.05360143 
86 134 8 10 0.05358336 
842 94 8 10 0.053444736 
91 81 8 10 0.053196505 
608 113 9 12 0.053127922 
192 161 8 10 0.053082757 
758 47 10 11 0.053028684 
717 183 12 16 0.05299541 
379 473 12 16 0.05298608 
298 229 11 15 0.052918196 
200 70 8 11 0.052893393 
853 147 11 14 0.052883934 
965 165 10 12 0.05285902 
386 111 8 10 0.052824736 
298 98 8 9 0.052724212 
79 71 8 9 0.05269743 
41 135 9 11 0.05267778 
72 245 10 14 0.052638914 
648 47 8 10 0.052442364 
87 308 12 16 0.05241361 
579 96 8 10 0.052345037 
1012 213 10 15 0.05228057 
193 88 8 9 0.052249786 
740 52 9 12 0.052228827 
457 46 7 10 0.051980343 
664 137 9 11 0.05195767 
928 94 8 10 0.051916536 
337 62 7 9 0.051842723 
206 143 8 11 0.051800795 
533 140 10 12 0.05174205 
600 38 8 10 0.051677473 
466 119 8 11 0.0515823 
644 435 13 15 0.05157624 
478 58 8 9 0.051479433 
229 256 11 15 0.05136581 
7 159 8 11 0.05134858 
854 134 9 10 0.051211778 
871 22 8 11 0.051114038 
817 147 10 13 0.051106278 
474 61 8 9 0.051088218 
700 98 10 13 0.050948627 
592 136 9 10 0.05093697 
526 182 9 11 0.050890118 
480 24 7 10 0.050878048 
645 244 12 15 0.050876286 
623 284 12 14 0.05081758 
790 100 9 13 0.05074003 
101 173 8 11 0.050589122 
69 184 9 12 0.050514013 
552 71 7 9 0.050384022 
545 3 7 8 0.05027117 
384 96 7 9 0.050260432 
611 372 13 14 0.050172716 
462 63 8 9 0.05012881 
373 150 10 12 0.050107427 
458 8 7 9 0.050097965 
362 87 7 10 0.050011013 
661 472 13 19 0.049965803 
716 122 10 13 0.049948048 
274 140 9 12 0.049911164 
369 66 7 8 0.049763806 
665 60 9 11 0.049595572 
545 26 7 9 0.049557704 
726 180 11 14 0.04947624 
1010 221 12 17 0.049388655 
906 5 8 10 0.049383216 
312 158 9 11 0.04937685 
10 349 12 15 0.04915258 
79 113 8 9 0.04914751 
755 88 8 11 0.04904535 
72 64 8 10 0.049017195 
784 317 14 16 0.048994884 
392 38 6 8 0.048927423 
205 259 12 14 0.048925564 
653 432 11 16 0.048819948 
1006 58 10 13 0.048773907 
762 154 12 14 0.04871123 
200 63 7 10 0.048696496 
872 330 12 14 0.048678305 
551 24 8 10 0.048580036 
168 151 8 10 0.048511777 
409 56 7 10 0.04846247 
142 105 8 10 0.048337914 
94 368 13 19 0.04828885 
232 53 8 9 0.04824793 
6 151 8 10 0.048209447 
562 14 7 9 0.048137747 
39 142 9 11 0.04791334 
559 89 8 10 0.047900856 
864 46 9 10 0.047879227 
342 141 9 11 0.0478533 
582 141 10 11 0.047808517 
608 197 8 11 0.047737196 
471 151 9 11 0.047712035 
298 34 7 9 0.047679678 
927 401 14 17 0.04763495 
696 145 11 14 0.047634516 
500 180 11 13 0.047454435 
74 141 8 9 0.04734163 
288 134 8 11 0.047307108 
917 86 9 11 0.047207437 
961 15 8 10 0.047195435 
769 120 9 12 0.047190867 
871 89 8 10 0.047092594 
216 134 8 10 0.047041077 
1007 388 12 16 0.047032956 
528 567 17 21 0.04698113 
855 95 8 10 0.04689917 
697 71 8 11 0.046869747 
481 40 7 9 0.046777327 
327 64 7 9 0.046721052 
361 101 8 10 0.046698608 
373 330 12 14 0.046682518 
121 180 8 11 0.046640284 
407 104 8 10 0.046621412 
960 384 13 18 0.046615604 
44 609 14 20 0.046564884 
661 112 9 10 0.046542514 
457 1 7 8 0.04647041 
121 94 8 10 0.046405062 
2 151 7 11 0.04638734 
774 63 8 10 0.046352614 
463 159 9 11 0.0463465 
829 102 9 10 0.046012096 
855 128 8 10 0.045950197 
551 55 8 10 0.04591016 
222 361 15 22 0.045861356 
171 69 8 9 0.04581015 
1 175 8 12 0.045730587 
143 125 8 10 0.045722295 
242 123 8 12 0.045687 
770 165 10 13 0.045584574 
570 134 9 11 0.04555214 
119 105 7 9 0.04538437 
165 181 9 11 0.04536871 
185 24 8 11 0.045337725 
846 220 9 13 0.045269184 
879 15 8 9 0.04497822 
162 102 8 10 0.044967074 
522 63 7 9 0.044948652 
224 110 8 9 0.044946656 
201 152 8 10 0.044933032 
376 78 7 9 0.044925787 
330 120 7 9 0.04453908 
449 133 8 11 0.04452979 
577 0 8 9 0.044465568 
375 18 8 8 0.04444099 
548 217 12 17 0.04440593 
1013 379 10 16 0.04435109 
673 301 14 15 0.044301894 
782 144 9 11 0.044237304 
285 108 8 10 0.04408142 
516 124 9 11 0.044061147 
325 207 10 12 0.0440591 
222 207 10 13 0.044012193 
221 500 13 18 0.04397641 
760 39 9 11 0.04395259 
62 13 8 10 0.043943327 
854 170 11 14 0.04384094 
149 61 8 10 0.043753244 
191 62 8 11 0.043671567 
1 182 10 14 0.043665983 
86 159 7 10 0.04366429 
966 269 13 16 0.043629747 
96 145 8 10 0.04362182 
397 314 11 15 0.04357144 
402 39 6 9 0.043560944 
147 25 8 10 0.04353007 
504 47 7 9 0.043465592 
55 88 7 9 0.043412715 
448 152 10 12 0.043364584 
289 14 7 9 0.043334782 
624 39 8 10 0.043255925 
167 101 7 10 0.04324259 
104 121 8 10 0.04320413 
946 14 8 10 0.043096714 
936 178 10 12 0.043029357 
415 24 8 9 0.04293546 
861 160 10 12 0.042932652 
225 48 7 9 0.042927817 
364 39 7 9 0.042920265 
624 128 9 12 0.042884454 
0 429 12 18 0.04285156 
28 309 13 18 0.042844925 
607 8 8 10 0.042835895 
138 61 8 9 0.042807832 
82 64 8 11 0.0427984 
657 22 8 10 0.042790487 
951 64 8 10 0.042763725 
129 120 7 10 0.04262577 
765 0 9 10 0.04257377 
335 155 9 12 0.04256514 
462 360 14 18 0.042563915 
399 55 7 9 0.04242515 
161 95 7 10 0.04210515 
438 73 7 9 0.042012833 
87 300 12 16 0.041992497 
330 37 8 10 0.041964155 
672 103 10 12 0.041914627 
855 116 8 11 0.041896075 
384 223 10 12 0.041881666 
150 57 8 9 0.04181866 
278 251 9 13 0.041780274 
347 134 8 11 0.04175552 
967 24 8 10 0.04175098 
1002 95 8 10 0.04171632 
572 55 8 10 0.041685577 
193 122 7 9 0.041675027 
384 89 7 9 0.041656613 
64 72 7 9 0.04160187 
654 339 13 15 0.041592766 
704 80 8 10 0.041501634 
401 24 7 9 0.041469853 
760 227 12 16 0.041380525 
247 72 8 9 0.041362744 
1016 117 8 12 0.041332502 
272 41 7 9 0.041239884 
968 110 9 11 0.041219924 
244 223 11 14 0.041110225 
997 3 8 9 0.04097539 
206 224 10 11 0.040954977 
351 379 12 14 0.040946405 
576 40 8 9 0.040868662 
313 2 8 8 0.04084194 
950 69 9 10 0.040826816 
338 74 7 9 0.04077669 
414 87 8 9 0.040772475 
728 104 9 10 0.040742487 
503 128 9 11 0.040680785 
847 359 13 16 0.04059601 
630 8 8 9 0.04058242 
434 25 7 9 0.040487614 
645 36 8 12 0.040426258 
584 79 8 9 0.04032119 
721 46 8 11 0.04027595 
920 37 9 10 0.040253986 
584 40 8 9 0.04024691 
330 9 7 9 0.040241055 
901 125 9 11 0.04016792 
479 119 8 10 0.040115826 
494 16 7 9 0.040111937 
384 26 7 8 0.040042102 
188 236 10 12 0.039860602 
254 207 8 10 0.039850842 
794 31 8 11 0.039843593 
248 190 8 10 0.039830055 
591 141 10 11 0.039813545 
377 50 7 9 0.03980856 
248 113 8 10 0.039770704 
790 200 10 12 0.039719097 
558 117 8 11 0.039714806 
939 93 8 11 0.03970164 
89 144 8 10 0.03960897 
905 97 8 10 0.03956155 
549 136 9 12 0.039557792 
107 53 7 10 0.039540786 
30 314 15 19 0.039506905 
789 167 10 12 0.03949622 
448 116 8 11 0.0394697 
200 78 7 9 0.03944685 
202 109 7 9 0.039410558 
137 56 8 9 0.039400727 
592 63 8 11 0.039384264 
799 141 9 12 0.03933368 
264 72 7 9 0.03927263 
296 136 9 11 0.03922134 
105 136 7 9 0.039159335 
762 21 9 12 0.03907989 
137 137 7 9 0.039076857 
623 92 9 11 0.038983732 
560 25 8 10 0.038890485 
607 79 8 10 0.038870517 
769 220 13 16 0.038857274 
375 112 7 10 0.0388221 
505 0 6 9 0.038808305 
138 89 7 9 0.038632542 
46 94 7 9 0.038580257 
495 54 8 10 0.038521364 
921 22 7 10 0.038489763 
154 329 13 16 0.038456373 
288 9 8 9 0.038426265 
50 87 8 11 0.03842246 
374 189 9 11 0.03841631 
720 79 8 9 0.03841087 
326 55 7 10 0.038358703 
497 48 7 10 0.038347375 
86 34 7 10 0.038342014 
840 54 8 11 0.038316734 
936 88 8 10 0.03831231 
504 81 8 10 0.038268395 
348 173 11 13 0.038152855 
416 30 7 8 0.03812183 
742 131 9 12 0.038049646 
892 78 8 11 0.038012326 
422 183 10 13 0.037899397 
439 55 8 10 0.037876956 
738 220 11 14 0.037851233 
599 134 8 11 0.03782742 
389 151 10 11 0.037782826 
693 440 14 16 0.037737306 
75 17 7 9 0.037662406 
789 172 11 12 0.0375884 
872 16 9 10 0.037560064 
916 212 11 13 0.03752026 
441 15 8 9 0.037470844 
895 105 10 12 0.03745738 
512 78 7 10 0.037450157 
74 101 8 10 0.037441403 
103 150 8 10 0.037439443 
138 126 8 10 0.037425485 
544 111 9 11 0.037407525 
607 87 9 10 0.037309606 
230 132 9 11 0.037289504 
895 133 9 11 0.03727643 
223 33 7 9 0.037120093 
491 1 7 9 0.037085943 
146 77 8 9 0.036973562 
163 283 13 15 0.036969513 
627 33 7 10 0.036961157 
778 205 12 14 0.036941506 
265 105 8 10 0.036915593 
704 117 9 12 0.0368667 
240 53 7 10 0.036848214 
777 85 9 11 0.03681171 
575 129 8 10 0.03677467 
514 89 7 9 0.036750995 
386 167 9 11 0.036668263 
710 142 9 12 0.036663663 
1014 205 9 14 0.03659897 
951 89 8 11 0.03643723 
274 307 13 15 0.036390115 
232 69 8 10 0.036268808 
725 132 9 12 0.03623756 
885 275 12 15 0.036191832 
313 166 9 12 0.036143582 
814 403 14 17 0.03609117 
590 46 8 10 0.035958223 
225 85 8 10 0.035937764 
456 71 7 9 0.035866182 
321 103 8 9 0.03586088 
645 207 10 13 0.03583275 
936 222 11 15 0.035770047 
342 47 7 10 0.03573963 
582 0 8 8 0.035717536 
200 307 13 18 0.035714198 
910 394 14 17 0.035707884 
774 213 10 14 0.035687562 
143 237 11 14 0.035620715 
512 44 8 10 0.035595417 
490 33 7 9 0.035584565 
43 309 13 19 0.035455074 
72 112 8 10 0.035438363 
711 79 8 10 0.035410073 
848 143 9 12 0.035405576 
592 177 10 12 0.035370216 
447 420 11 14 0.03535821 
742 39 8 10 0.035323597 
381 133 8 11 0.035297267 
590 186 10 13 0.03524671 
226 54 7 9 0.03523447 
88 50 7 9 0.035196625 
183 236 10 13 0.035167877 
191 69 8 11 0.03514939 
258 125 8 10 0.035136312 
849 81 8 10 0.03507388 
680 54 8 12 0.035063155 
823 101 9 12 0.034958087 
215 142 8 10 0.034751676 
255 41 8 9 0.03471723 
975 110 9 11 0.0347028 
398 435 11 16 0.03469187 
270 136 8 10 0.03466639 
185 152 9 10 0.03464068 
294 9 7 9 0.034517642 
624 342 12 15 0.03446971 
554 78 7 10 0.03446473 
781 47 9 11 0.034413543 
724 220 11 14 0.034375433 
183 79 8 9 0.03436433 
476 464 17 21 0.034313988 
679 102 9 12 0.034312934 
839 244 10 13 0.03428888 
159 48 7 9 0.03427813 
117 159 8 10 0.03424268 
385 122 9 12 0.034228235 
522 49 7 9 0.034211114 
394 24 7 9 0.03418734 
819 76 10 12 0.034171306 
159 386 12 16 0.034063302 
658 72 8 11 0.034061983 
184 120 8 10 0.03397173 
152 111 8 9 0.03394875 
384 78 7 9 0.033939976 
107 48 7 10 0.03386444 
831 47 9 11 0.033860736 
368 143 8 11 0.033819158 
897 128 9 10 0.033795435 
662 220 11 13 0.033743083 
432 114 8 10 0.033741966 
1013 126 9 13 0.03370954 
279 53 8 10 0.033699717 
50 73 8 10 0.033671044 
248 215 10 12 0.033640184 
399 31 7 9 0.033615224 
829 378 12 14 0.033602927 
287 29 7 10 0.0335902 
615 204 10 12 0.03356953 
792 71 8 10 0.033559088 
934 150 9 10 0.03352278 
181 308 11 14 0.033495307 
827 119 8 10 0.033481613 
193 80 7 9 0.033472307 
463 1 7 8 0.033398177 
0 140 9 11 0.0333863 
160 112 7 9 0.033312418 
464 57 7 9 0.033294983 
516 149 10 13 0.033259742 
168 158 9 11 0.033251252 
219 40 8 9 0.03324827 
969 253 11 15 0.03322569 
822 142 10 13 0.033219177 
907 164 10 12 0.033189707 
121 126 8 10 0.033185307 
782 218 10 14 0.0331784 
302 78 7 9 0.033120565 
774 110 9 11 0.033113424 
839 62 9 10 0.033104178 
218 171 9 13 0.033031244 
536 182 9 10 0.032979928 
910 98 9 9 0.032974087 
213 90 8 10 0.03296473 
190 173 9 11 0.032900225 
133 28 8 10 0.032887045 
47 23 7 9 0.032850996 
949 307 12 16 0.032835793 
99 148 7 10 0.032805745 
369 16 8 9 0.032725465 
1013 32 8 11 0.032713976 
272 110 8 9 0.032677885 
364 205 10 13 0.032548606 
836 292 12 15 0.032537032 
710 61 9 12 0.032536615 
64 126 8 10 0.03253325 
399 104 8 10 0.032517157 
622 184 10 13 0.032505497 
129 95 7 10 0.032455884 
322 49 6 8 0.032433506 
942 108 9 12 0.032369655 
534 15 8 10 0.0323146 
218 165 9 12 0.03228049 
588 457 12 17 0.032239445 
873 8 8 9 0.032218773 
911 1 8 9 0.032126717 
786 6 7 9 0.032075115 
494 175 8 11 0.032065004 
302 129 8 10 0.03204802 
511 460 15 19 0.032010302 
677 236 12 17 0.032004382 
561 64 8 9 0.03194005 
759 296 13 15 0.031821944 
46 133 9 12 0.031811606 
190 101 8 10 0.031753864 
445 143 9 11 0.03174401 
687 33 9 12 0.031740412 
120 0 8 9 0.03173506 
480 243 10 13 0.031729683 
155 183 9 11 0.031715285 
520 56 8 9 0.031707015 
23 76 8 10 0.031573787 
995 86 8 9 0.031496327 
51 39 7 10 0.03149604 
296 125 8 11 0.031370908 
399 227 10 13 0.031364888 
615 32 8 10 0.031274542 
594 0 8 8 0.031202946 
117 310 13 16 0.03117311 
920 307 11 13 0.031140696 
431 277 10 14 0.031121222 
496 32 7 10 0.031103035 
865 32 8 9 0.031077027 
822 173 10 12 0.031052189 
808 53 8 11 0.031051546 
376 38 7 10 0.031026624 
814 203 10 13 0.031022891 
668 475 12 18 0.031000372 
673 314 14 16 0.030999899 
812 276 11 14 0.030971242 
342 55 6 9 0.030969989 
361 64 7 9 0.030960035 
257 63 7 9 0.030898184 
81 120 8 10 0.03089739 
154 150 7 10 0.030866027 
489 55 8 9 0.030860431 
175 117 7 10 0.030840874 
880 54 9 11 0.030839818 
929 89 8 9 0.030818902 
512 196 11 13 0.03079484 
248 31 8 10 0.0307123 
88 2 8 9 0.030646354 
478 9 7 9 0.030611806 
353 57 7 8 0.03058202 
971 259 12 15 0.030574186 
120 109 7 10 0.030563755 
98 24 8 10 0.030544214 
820 360 12 17 0.030492356 
527 59 8 9 0.030480769 
107 109 8 10 0.030465644 
544 58 8 10 0.030424478 
1015 142 9 13 0.03040623 
754 48 8 11 0.030384548 
806 141 9 12 0.030365296 
592 41 8 10 0.030355271 
703 111 8 11 0.030352643 
328 346 12 16 0.030345345 
973 149 10 12 0.030253557 
798 68 9 11 0.03022043 
784 173 9 11 0.030199513 
100 306 11 15 0.030193593 
386 157 9 11 0.030142877 
788 244 12 14 0.030108452 
609 64 8 10 0.03005489 
630 114 9 13 0.030051356 
52 228 10 14 0.030028963 
1012 132 10 13 0.029973317 
384 151 8 11 0.029953847 
868 451 19 23 0.029883623 
167 96 7 10 0.029802695 
760 219 12 16 0.029798463 
1016 70 8 13 0.029778482 
128 452 13 17 0.029770799 
975 104 8 10 0.029755533 
1007 16 7 9 0.029749397 
514 18 7 9 0.029732693 
1011 393 12 19 0.029721946 
569 126 8 11 0.029718157 
448 17 7 9 0.029713001 
334 103 8 10 0.029678488 
96 49 8 9 0.029674739 
876 354 12 15 0.029623639 
335 180 9 12 0.029620148 
538 0 7 9 0.029552715 
397 165 9 11 0.029527124 
198 57 7 9 0.029504357 
969 31 8 9 0.029503658 
793 55 8 10 0.029422926 
846 62 8 10 0.029351868 
350 181 10 14 0.02931706 
461 343 11 15 0.029295372 
406 72 7 9 0.029290734 
824 94 9 12 0.029289188 
777 54 8 10 0.02925983 
185 46 7 9 0.029250305 
1000 64 9 11 0.02924751 
443 96 7 10 0.029218424 
806 62 9 11 0.029181346 
1000 139 10 11 0.029174108 
897 384 15 19 0.029153032 
702 72 9 10 0.029143369 
168 88 8 10 0.029128732 
66 135 8 10 0.029125175 
471 24 7 9 0.029120408 
659 383 16 22 0.029079875 
640 86 9 11 0.029051892 
167 168 8 10 0.028995825 
342 7 9 10 0.028981034 
928 55 9 10 0.028963145 
614 8 8 11 0.028950406 
282 7 7 9 0.028907415 
530 301 14 16 0.028882341 
400 9 8 8 0.028873714 
607 167 11 12 0.028863706 
176 314 10 13 0.028855523 
23 157 8 11 0.028848894 
567 26 7 9 0.028834553 
216 47 7 9 0.028774785 
301 160 10 12 0.028763 
903 150 11 12 0.028702866 
407 78 7 10 0.028700776 
630 205 12 13 0.02869893 
869 45 9 11 0.0286398 
631 176 9 12 0.028614342 
829 252 13 15 0.028582018 
960 160 8 10 0.028581826 
63 94 8 10 0.028568346 
229 121 8 10 0.028562458 
509 302 12 15 0.028555313 
920 166 10 13 0.028514562 
775 143 10 12 0.028473537 
87 167 8 9 0.0284688 
821 9 8 10 0.028450124 
47 17 8 9 0.028443726 
351 95 8 9 0.028412817 
58 14 8 9 0.028398119 
970 81 8 10 0.028391698 
886 55 9 10 0.028360454 
965 14 8 10 0.028356204 
441 8 7 9 0.028348152 
871 233 13 17 0.028335325 
262 294 11 13 0.02832335 
959 132 9 12 0.028323274 
190 111 8 10 0.028287718 
910 6 8 10 0.028271616 
161 160 8 9 0.028248841 
441 1 7 8 0.028246269 
744 167 11 13 0.02822257 
687 110 10 10 0.028189503 
983 206 11 14 0.02818792 
245 274 11 14 0.028120546 
93 259 11 14 0.028066488 
210 29 8 10 0.027946703 
1002 52 9 11 0.02791021 
282 201 9 11 0.027874207 
709 379 13 16 0.027862642 
967 161 9 11 0.027847948 
489 22 7 9 0.02783537 
918 0 8 8 0.027827712 
602 9 7 9 0.02781519 
235 211 13 14 0.027803155 
513 72 7 9 0.027801435 
43 319 12 17 0.027796537 
191 95 8 10 0.027796326 
359 260 11 13 0.027775047 
248 205 8 11 0.027745785 
642 14 8 10 0.027744746 
191 22 7 10 0.027741468 
889 161 11 13 0.02773286 
985 121 9 12 0.02771718 
56 259 13 15 0.027666915 
401 48 7 10 0.027584925 
992 101 8 11 0.027582552 
87 119 8 10 0.02754848 
4 452 15 20 0.027484244 
517 108 8 11 0.027471213 
995 220 12 15 0.02746137 
442 102 8 10 0.027451359 
831 62 10 11 0.027439905 
207 135 7 9 0.027422937 
462 8 6 8 0.027418789 
865 291 10 13 0.02739863 
959 117 9 10 0.027382446 
952 0 8 10 0.027379258 
765 306 13 17 0.027309656 
702 137 10 12 0.02728102 
582 134 9 11 0.027278755 
161 137 9 11 0.027270278 
184 58 8 9 0.027196947 
663 41 8 10 0.0271875 
807 0 8 8 0.027168138 
1013 52 8 12 0.027152613 
921 32 8 10 0.027151972 
262 465 13 18 0.027043471 
425 57 6 9 0.026997415 
249 16 7 9 0.026951231 
727 42 8 10 0.026910575 
981 47 9 10 0.026880791 
495 7 7 8 0.026860917 
218 112 7 9 0.0268148 
802 95 8 10 0.026803901 
831 245 13 15 0.02673453 
758 5 9 11 0.026713274 
766 29 9 11 0.026687883 
242 96 7 10 0.026664015 
73 127 8 10 0.026629038 
823 29 8 11 0.026622208 
190 514 14 17 0.026614163 
576 139 10 12 0.026611261 
439 167 9 11 0.026602374 
797 205 9 13 0.026598819 
768 70 8 10 0.026588555 
728 128 8 11 0.026581867 
186 101 8 10 0.02656842 
250 22 8 11 0.026563125 
563 56 7 10 0.026559865 
74 21 7 10 0.026542585 
448 128 8 11 0.02652217 
511 566 17 22 0.026461938 
872 0 8 9 0.026411697 
526 48 8 9 0.02639392 
63 89 8 10 0.02637882 
6 124 10 12 0.026349936 
138 1 8 9 0.026340283 
273 247 9 12 0.026325122 
793 62 9 11 0.026309079 
227 321 13 19 0.026290594 
221 492 13 18 0.02628444 
890 86 8 9 0.026277145 
270 83 8 9 0.026272848 
982 80 8 9 0.026258873 
146 41 7 10 0.026238276 
797 172 11 12 0.02612168 
770 64 8 10 0.026095679 
168 129 7 9 0.02603238 
375 144 8 11 0.02600917 
852 247 13 16 0.025982011 
577 22 8 10 0.025965609 
480 137 8 10 0.025964566 
790 77 8 11 0.025919465 
880 71 8 10 0.025904423 
416 56 7 9 0.025901403 
224 130 10 12 0.025865613 
788 88 9 11 0.02584278 
766 88 9 12 0.025840716 
862 149 9 12 0.025835365 
304 222 10 14 0.025790624 
257 149 9 12 0.025753139 
941 172 12 14 0.025749397 
763 417 14 19 0.025741024 
798 54 9 11 0.025731351 
801 84 9 11 0.025699548 
184 221 9 13 0.025691407 
344 1 8 9 0.025650524 
121 80 8 9 0.025636632 
392 294 10 13 0.025628416 
806 159 10 11 0.025572473 
86 86 8 9 0.025532953 
921 96 8 9 0.025511567 
974 90 9 12 0.025482407 
728 160 10 12 0.025479754 
221 153 8 11 0.025477862 
86 150 9 10 0.025455754 
119 152 7 9 0.025452586 
0 365 8 14 0.025423056 
610 378 13 17 0.025389299 
618 102 9 11 0.025388427 
153 1 8 10 0.02537081 
843 102 8 10 0.025349647 
848 116 9 11 0.025348704 
153 118 7 10 0.025303295 
302 32 7 9 0.02530239 
41 148 8 12 0.025295524 
839 71 8 10 0.025221573 
928 62 8 11 0.02520854 
932 394 13 18 0.025197493 
748 76 9 12 0.025190057 
111 65 8 10 0.02517416 
200 47 7 10 0.025171869 
254 14 7 10 0.025148185 
798 0 9 9 0.025131473 
808 78 9 10 0.025116593 
641 0 8 8 0.025115822 
478 183 9 12 0.02509484 
428 295 12 15 0.025075693 
544 13 8 10 0.025063187 
419 18 7 9 0.025054403 
278 64 7 11 0.025033306 
984 103 9 12 0.02496447 
599 0 8 8 0.024951387 
177 29 8 10 0.02494574 
755 61 7 10 0.024944253 
120 121 7 9 0.024940116 
161 168 7 9 0.024925765 
670 322 12 15 0.024875468 
356 381 12 15 0.02486469 
61 246 11 13 0.024835901 
240 42 7 9 0.024790026 
990 225 12 17 0.02478511 
363 70 7 9 0.024752123 
696 39 8 11 0.024749408 
530 37 6 9 0.024731396 
232 167 8 10 0.024712084 
74 308 14 18 0.02471074 
145 46 7 10 0.024670476 
209 49 8 9 0.024669508 
80 154 8 9 0.024657281 
352 161 11 14 0.024656927 
848 156 10 11 0.02463336 
863 53 9 10 0.024624985 
599 201 10 13 0.02459137 
20 120 9 11 0.024589859 
630 156 10 13 0.02458854 
126 1 8 9 0.02458166 
726 173 10 12 0.024542054 
92 300 13 16 0.024540283 
71 32 7 9 0.024530232 
1009 413 14 18 0.02450864 
248 199 9 12 0.024496775 
43 363 14 20 0.024481384 
86 94 9 11 0.024475079 
880 115 9 12 0.02446303 
433 48 8 9 0.02443341 
520 31 8 10 0.024433194 
60 232 10 13 0.024422737 
647 260 12 16 0.024421738 
550 3 7 8 0.024414161 
833 1 9 8 0.024399232 
711 55 10 12 0.024367515 
189 151 9 11 0.024367027 
761 213 11 14 0.024311554 
791 238 12 15 0.024302773 
160 88 7 10 0.024296414 
606 37 7 9 0.024294566 
857 31 7 9 0.024290107 
960 38 8 9 0.02425844 
224 238 12 16 0.024231404 
583 197 10 13 0.024230689 
385 15 7 9 0.024218146 
872 72 8 10 0.024197824 
269 317 13 16 0.024192568 
255 56 7 9 0.024191733 
751 148 10 13 0.024173606 
282 30 8 10 0.024144541 
273 104 8 11 0.024143146 
194 57 7 9 0.024106748 
97 162 7 9 0.024091424 
110 308 11 14 0.024068408 
126 126 8 10 0.024064975 
23 151 9 11 0.024060471 
329 48 6 9 0.024050845 
232 207 10 12 0.024041055 
40 36 8 10 0.024022259 
311 183 10 11 0.02399587 
1008 37 9 10 0.023947509 
978 380 11 15 0.023914749 
311 252 11 16 0.023852907 
362 30 7 10 0.023820423 
472 47 7 10 0.023787163 
184 87 8 9 0.023751862 
537 71 8 10 0.023726877 
975 32 8 10 0.023724535 
736 77 9 12 0.0237161 
648 53 8 10 0.023642274 
238 65 7 9 0.023604585 
1015 37 8 11 0.02359347 
101 144 8 10 0.023590747 
606 172 10 12 0.02358698 
247 247 10 14 0.023570333 
64 10 7 8 0.023525672 
808 125 9 11 0.023485579 
4 239 11 13 0.023470571 
104 9 8 9 0.023451924 
705 46 8 12 0.0234203 
536 56 8 10 0.023399923 
256 7 8 9 0.023385778 
545 46 8 9 0.023355676 
925 341 15 18 0.023319282 
161 53 7 10 0.023319177 
252 214 10 12 0.023287183 
785 31 8 10 0.023269644 
256 113 7 10 0.023262653 
33 142 9 11 0.023231106 
377 381 13 17 0.023198545 
756 173 10 14 0.023177322 
590 224 11 12 0.023177214 
359 18 7 8 0.023168305 
424 1 7 8 0.023115655 
432 56 8 9 0.023102153 
186 144 8 9 0.023088004 
176 11 9 12 0.023080079 
716 142 10 12 0.023054538 
183 279 9 12 0.023048826 
537 49 8 9 0.023047945 
605 427 13 18 0.023008518 
1008 182 10 12 0.023005571 
360 126 8 10 0.022988185 
804 165 11 13 0.02298085 
112 318 13 18 0.022952901 
960 48 8 10 0.02294592 
131 404 13 17 0.022937154 
866 24 9 10 0.022924643 
268 426 15 22 0.022908298 
661 103 8 10 0.02289735 
71 6 8 9 0.022896571 
421 195 12 14 0.02286806 
905 159 10 11 0.022861069 
926 31 8 10 0.022860046 
413 212 11 12 0.022855515 
482 321 12 15 0.022836223 
845 54 9 10 0.02282944 
879 48 8 9 0.022824736 
761 30 10 11 0.022820799 
720 387 12 18 0.022754613 
751 325 12 17 0.022735074 
275 315 14 16 0.02273233 
972 143 10 13 0.022698397 
273 56 8 9 0.02263558 
185 112 8 9 0.02261927 
58 64 7 9 0.022553392 
840 38 8 10 0.022553055 
959 86 8 10 0.022549365 
858 54 8 10 0.02253341 
423 6 8 9 0.02251852 
65 120 8 10 0.022511708 
913 37 9 11 0.022500724 
677 441 13 18 0.022479352 
368 7 7 9 0.022464873 
905 29 8 11 0.022457954 
853 350 12 15 0.022435324 
198 88 7 9 0.022409834 
218 212 10 13 0.022404097 
105 159 8 10 0.022350965 
295 221 9 12 0.02234311 
77 301 13 16 0.022320976 
767 13 8 11 0.022316664 
370 127 8 11 0.02229356 
717 165 10 14 0.022285035 
487 102 7 10 0.022276614 
743 0 8 9 0.022266971 
766 172 10 14 0.02226401 
160 230 9 11 0.022253133 
833 54 9 10 0.022245783 
250 139 9 11 0.022218196 
814 411 14 16 0.022208562 
164 409 13 17 0.0222049 
437 220 11 13 0.022199688 
880 63 8 11 0.02218231 
254 158 8 10 0.022181442 
5 142 9 11 0.022174912 
449 0 6 8 0.022135407 
624 236 10 14 0.022121023 
689 122 9 12 0.022075046 
301 184 9 11 0.022070784 
710 184 12 16 0.022064414 
997 427 15 16 0.022057224 
176 88 8 10 0.022018502 
523 581 16 20 0.02200052 
625 157 9 12 0.021999162 
150 199 8 10 0.021989211 
395 190 10 12 0.021984959 
5 174 9 12 0.021974629 
702 182 10 13 0.021970676 
1013 60 9 14 0.021961015 
1013 181 9 13 0.021949155 
916 649 34 29 0.021928577 
792 518 13 17 0.02192009 
153 190 8 10 0.021914184 
233 42 8 9 0.021913355 
237 309 12 15 0.021912234 
254 357 14 16 0.02190037 
623 174 9 11 0.021885943 
967 117 9 11 0.021878513 
240 70 7 9 0.02185964 
515 518 16 23 0.021859622 
865 90 8 10 0.021852471 
150 213 10 12 0.021851549 
263 46 7 10 0.021836746 
225 121 8 10 0.021822775 
752 228 11 14 0.021816708 
962 175 12 15 0.021793682 
302 26 7 8 0.021715023 
162 31 7 10 0.0216942 
151 128 8 9 0.021689534 
415 42 8 9 0.021683162 
122 665 16 15 0.021670436 
941 179 11 13 0.021665761 
454 26 6 8 0.021660708 
74 96 7 10 0.021654595 
974 53 8 10 0.021639166 
128 144 7 9 0.021635616 
295 414 12 15 0.021620605 
248 53 8 10 0.021559035 
643 7 9 12 0.021556282 
377 1 7 7 0.02154752 
665 28 8 11 0.021538153 
321 24 7 9 0.021535108 
308 229 10 13 0.021517772 
136 41 7 8 0.02151717 
136 78 8 9 0.02151164 
342 231 9 13 0.021507535 
128 39 7 9 0.021505613 
753 16 8 10 0.021466129 
703 188 11 15 0.021382693 
429 195 11 13 0.021352343 
541 296 11 13 0.021337241 
387 226 11 15 0.021330131 
893 141 12 14 0.021327117 
777 197 10 13 0.021325763 
134 192 8 11 0.021323763 
802 46 9 11 0.02130911 
144 14 8 10 0.021308761 
346 129 8 10 0.021285845 
887 64 8 9 0.021272812 
376 342 10 13 0.021270677 
186 97 7 9 0.021264981 
766 47 9 11 0.021261537 
296 246 10 14 0.021249305 
350 214 10 13 0.021239946 
199 122 7 10 0.021235049 
126 80 8 10 0.021213958 
639 24 8 10 0.02120414 
405 348 10 13 0.021194845 
404 658 15 19 0.021192446 
656 40 8 10 0.021188678 
298 236 10 13 0.021176122 
881 0 8 9 0.021164482 
825 39 8 10 0.021148233 
953 38 8 9 0.021146381 
216 207 10 14 0.021139503 
348 389 11 14 0.021125477 
239 166 8 10 0.02112536 
320 16 8 9 0.021103235 
992 12 8 10 0.021092376 
247 80 8 9 0.021088967 
183 295 10 14 0.02105688 
950 7 7 9 0.021044271 
4 136 10 11 0.021036096 
175 94 8 10 0.02102484 
967 48 8 10 0.021008227 
309 236 10 12 0.021003023 
608 451 16 22 0.020989051 
450 46 8 10 0.02098837 
128 150 7 9 0.020977046 
800 136 10 12 0.02097027 
170 44 9 12 0.020967972 
800 102 9 11 0.020943966 
352 88 8 10 0.020898568 
994 183 11 13 0.020890523 
953 55 7 10 0.020859981 
895 287 13 16 0.020829415 
873 78 7 9 0.020823693 
178 78 8 10 0.020803986 
665 17 10 13 0.020755986 
323 32 6 9 0.020746121 
960 80 8 10 0.020677466 
740 215 11 13 0.020664904 
448 490 13 19 0.020655962 
175 104 7 9 0.020652715 
555 301 12 16 0.020650253 
424 47 7 9 0.020642886 
772 447 15 19 0.020638702 
678 47 8 11 0.020624299 
367 156 10 13 0.020621821 
82 173 8 10 0.020599043 
260 256 10 13 0.020586181 
703 357 13 16 0.020580046 
41 372 13 18 0.020571439 
198 520 14 20 0.02053503 
207 63 7 10 0.020466976 
1015 94 8 11 0.020460516 
104 396 10 13 0.020441335 
646 132 9 12 0.020440083 
280 39 8 10 0.020439731 
0 30 8 11 0.020438803 
122 38 7 9 0.02041836 
940 189 11 13 0.020397516 
151 105 8 10 0.020387026 
185 39 8 11 0.020372285 
1003 441 16 18 0.020370372 
289 94 8 9 0.020360505 
57 92 8 10 0.020343099 
153 14 7 10 0.020327613 
272 31 8 9 0.020302352 
889 71 7 10 0.020289877 
1000 13 8 12 0.02025684 
948 165 11 15 0.02018769 
313 128 8 10 0.02018093 
992 111 8 12 0.020171456 
656 60 8 11 0.020167809 
734 102 8 11 0.020143108 
128 167 8 10 0.020126043 
205 70 7 10 0.020120146 
969 54 9 10 0.020113437 
686 52 10 12 0.020101981 
31 16 8 9 0.020038286 
159 79 7 10 0.020034915 
284 160 8 12 0.020002559 
