2_Demonstration_Demonstrators_2_181
87
76 531 58 74 0.99874264 
880 591 51 62 0.99848735 
941 542 35 45 0.99687684 
661 521 37 48 0.9964527 
847 502 24 30 0.99634236 
412 534 24 30 0.9925432 
718 514 22 27 0.9873476 
530 563 22 32 0.98248476 
762 564 26 32 0.95295864 
464 532 15 18 0.94988596 
545 514 13 17 0.94737375 
260 530 13 16 0.9441189 
279 529 17 21 0.9049197 
232 544 21 26 0.8803991 
338 534 13 16 0.8645724 
783 500 18 22 0.8531188 
188 553 21 27 0.8400992 
316 516 9 13 0.5419089 
504 524 12 17 0.4222578 
561 545 16 19 0.36726645 
378 519 9 12 0.32917744 
437 510 10 12 0.30471092 
401 516 9 12 0.2571512 
471 516 10 12 0.22402816 
422 516 11 13 0.17218602 
501 562 12 16 0.17024322 
481 503 10 12 0.1473607 
190 515 14 17 0.13844545 
540 540 14 17 0.12872617 
345 518 9 10 0.12263956 
227 525 12 14 0.1157226 
380 522 10 13 0.10586431 
456 517 9 11 0.09394494 
365 542 10 13 0.09027451 
308 530 11 15 0.08885861 
463 516 10 12 0.08714112 
58 550 26 37 0.0812409 
158 529 12 16 0.080533236 
631 507 10 13 0.07963908 
379 536 12 17 0.07941505 
361 516 8 11 0.076930664 
349 516 9 11 0.07653149 
550 544 22 26 0.07163703 
488 455 9 11 0.06670155 
648 508 10 14 0.062412247 
478 519 9 13 0.0610274 
545 470 8 10 0.056839574 
405 512 10 12 0.05660446 
366 516 8 10 0.04710507 
762 529 16 20 0.04616994 
510 518 10 13 0.044716682 
430 515 11 14 0.044443067 
228 530 14 17 0.0438612 
164 530 12 15 0.043668382 
295 518 9 11 0.04189701 
415 517 11 14 0.040208656 
326 507 10 14 0.03712831 
480 522 10 13 0.034893923 
393 518 8 10 0.033370268 
406 520 12 16 0.03187398 
345 513 8 10 0.031292886 
305 525 11 15 0.031021576 
193 583 24 34 0.02988372 
318 502 9 12 0.02859856 
184 555 15 20 0.027918912 
376 512 8 10 0.027480133 
450 517 7 11 0.027230412 
303 518 9 13 0.026852356 
65 541 34 49 0.026489995 
665 494 9 12 0.025150744 
182 534 12 17 0.02496427 
639 509 10 14 0.024860663 
393 470 8 10 0.024697622 
314 503 8 10 0.024225881 
630 494 8 10 0.024003848 
325 515 10 14 0.023943705 
537 553 23 30 0.023780532 
624 493 9 11 0.023134632 
907 314 13 14 0.02215919 
54 558 16 23 0.022011971 
494 516 9 13 0.021564975 
345 495 8 10 0.021322222 
462 455 8 11 0.021164339 
413 524 13 16 0.020859381 
319 496 7 9 0.020422047 
581 521 15 25 0.020373313 
521 525 11 14 0.020020196 
