2_Demonstration_Demonstration_Or_Protest_2_385
917
286 537 30 41 0.9977647 
396 532 30 37 0.99713814 
754 473 26 33 0.99679 
506 539 31 36 0.9965503 
680 557 33 41 0.99405956 
360 455 24 30 0.99386626 
98 517 26 32 0.9930934 
213 470 26 29 0.99192554 
779 460 22 27 0.98895615 
617 497 24 27 0.9865385 
687 463 21 29 0.98597336 
93 392 16 19 0.98544705 
18 549 28 40 0.98461074 
582 456 21 27 0.982913 
83 453 23 27 0.98266035 
571 417 14 18 0.98033327 
737 423 18 23 0.9794575 
455 411 13 19 0.97602046 
635 415 14 21 0.9754571 
323 427 18 23 0.97499394 
130 499 24 31 0.9696229 
819 392 14 17 0.96654683 
972 426 19 23 0.9617958 
873 391 16 19 0.9602706 
916 416 16 21 0.9588049 
338 472 17 25 0.9561104 
165 404 14 18 0.94875985 
937 460 18 25 0.94843876 
190 520 30 34 0.94336617 
593 388 13 16 0.9346202 
806 430 18 21 0.9272605 
785 386 12 16 0.91729915 
205 395 13 16 0.9157603 
740 366 10 13 0.9153524 
208 356 9 11 0.9114332 
890 475 21 33 0.91111696 
353 404 12 15 0.90013534 
984 367 11 13 0.89878005 
474 375 10 12 0.89482903 
698 379 12 15 0.8808032 
546 387 11 14 0.87803954 
294 366 9 11 0.877458 
295 404 11 14 0.8711383 
75 346 11 15 0.8693859 
864 460 22 27 0.84073293 
592 367 10 13 0.8378851 
143 436 13 18 0.81866294 
982 342 9 10 0.815868 
527 333 10 11 0.81313324 
455 373 9 11 0.7940545 
669 382 10 13 0.77055156 
866 420 16 20 0.7670532 
958 357 8 10 0.7616535 
21 400 14 16 0.75510806 
174 383 13 15 0.7534124 
828 463 15 20 0.74755585 
715 377 12 16 0.73962116 
540 413 13 16 0.7383268 
150 350 11 14 0.73457164 
224 359 10 12 0.7313241 
24 359 10 12 0.7263957 
80 388 10 13 0.7176531 
725 479 17 23 0.69569623 
832 589 35 51 0.6951732 
113 332 10 13 0.6905448 
804 370 10 12 0.66675544 
686 409 15 18 0.6442238 
24 380 11 13 0.62491775 
786 348 8 10 0.606248 
621 410 12 16 0.600237 
413 405 11 14 0.5991156 
255 348 9 11 0.59400696 
641 367 9 11 0.5761778 
401 357 9 11 0.5695521 
1013 372 10 13 0.565423 
126 403 13 15 0.558492 
397 488 17 20 0.5507663 
448 342 8 9 0.5460786 
514 364 9 11 0.54563063 
382 363 9 11 0.5446795 
404 383 10 12 0.5322797 
517 380 10 11 0.51066524 
958 336 8 10 0.5072159 
762 324 8 10 0.5042374 
732 352 10 12 0.47670648 
846 359 9 11 0.46355313 
464 356 8 11 0.46012038 
529 352 9 11 0.4601064 
953 343 8 10 0.4532261 
879 351 8 11 0.44729558 
963 319 8 11 0.4467174 
817 340 8 11 0.44474787 
976 353 9 11 0.4422137 
766 400 12 16 0.43737465 
415 344 8 10 0.41082227 
632 351 9 11 0.4070846 
809 344 8 10 0.40307128 
264 374 9 11 0.40040973 
217 389 9 12 0.39047667 
887 348 9 11 0.3893947 
708 349 9 12 0.38548017 
718 333 8 10 0.37608418 
838 334 8 9 0.3696444 
889 344 8 11 0.36856568 
0 425 12 20 0.3635439 
655 364 10 13 0.3522447 
342 369 8 10 0.34958896 
766 351 9 11 0.3427298 
463 390 9 11 0.33473584 
182 356 9 10 0.32989952 
849 348 8 10 0.32969654 
0 345 9 11 0.32599452 
156 371 10 13 0.3239916 
312 403 12 15 0.31107914 
885 485 21 31 0.3103505 
429 372 9 11 0.3094131 
500 387 10 12 0.30780685 
620 418 12 15 0.30123675 
709 344 8 10 0.2980855 
277 360 9 10 0.29207066 
391 390 10 12 0.29156452 
552 350 7 10 0.2900722 
556 443 13 21 0.28635004 
529 329 8 11 0.28609684 
702 311 8 9 0.28562993 
177 357 8 10 0.27650955 
647 382 12 15 0.27607104 
553 344 8 10 0.27589163 
425 368 8 11 0.27487737 
143 319 9 11 0.27482373 
370 350 9 10 0.26967868 
613 321 8 9 0.2631084 
927 329 8 9 0.26097745 
921 357 9 11 0.25524402 
871 342 8 9 0.25205415 
874 352 8 11 0.25168926 
862 328 8 10 0.25027367 
517 325 8 10 0.25006682 
611 395 12 15 0.24961151 
478 392 10 13 0.24863492 
271 336 7 9 0.24746738 
702 329 8 9 0.24707684 
430 328 7 9 0.2437251 
622 342 8 10 0.23564027 
455 395 10 12 0.23260136 
302 344 8 9 0.23182361 
185 353 8 10 0.23000214 
108 365 12 14 0.22562265 
606 415 9 14 0.22544193 
441 360 8 11 0.22310446 
543 333 8 9 0.2212697 
277 364 9 12 0.22028686 
1011 312 8 11 0.21997097 
679 349 9 11 0.21911797 
895 344 8 11 0.2160439 
593 340 8 10 0.21475999 
417 361 8 10 0.21345255 
998 319 8 10 0.21054587 
982 348 10 13 0.21020351 
39 344 9 10 0.20920974 
6 326 9 11 0.20805767 
791 344 8 10 0.20733362 
1000 289 8 10 0.20666245 
740 397 10 15 0.20318304 
1009 459 11 15 0.20093803 
441 341 8 10 0.19814584 
411 344 7 9 0.19665346 
623 337 8 9 0.18701044 
992 351 9 11 0.18554917 
730 328 8 9 0.18389593 
772 398 10 16 0.18383913 
400 353 8 9 0.1834957 
718 319 8 10 0.18255813 
762 351 9 11 0.18236923 
435 352 7 10 0.1813455 
645 365 8 11 0.18128696 
559 379 9 13 0.18019415 
108 454 14 18 0.17811011 
297 345 8 9 0.17634639 
502 342 7 9 0.17563564 
188 471 18 23 0.17551947 
736 335 8 10 0.17453912 
699 334 7 9 0.17217074 
792 365 8 10 0.17105499 
662 357 9 11 0.17045945 
391 343 7 9 0.17019422 
264 390 9 13 0.16965412 
49 334 9 12 0.168301 
1015 334 7 10 0.16660573 
458 320 7 9 0.16653204 
214 357 8 11 0.16626121 
982 319 8 10 0.16553429 
485 389 10 13 0.16399021 
648 344 8 9 0.16072008 
367 374 9 10 0.15897934 
924 353 9 11 0.15534857 
326 367 9 11 0.1526487 
488 382 9 12 0.1523405 
565 350 9 11 0.15004276 
632 356 9 11 0.14883123 
342 399 12 15 0.14861895 
528 379 10 14 0.14861403 
706 355 9 13 0.14777447 
830 358 9 11 0.14708082 
374 345 8 10 0.14689566 
551 326 8 10 0.14662783 
685 326 8 10 0.14632076 
415 348 8 10 0.14515796 
422 342 8 10 0.14436242 
209 375 9 11 0.14367221 
190 350 8 11 0.1431215 
224 451 20 22 0.14067805 
657 321 7 9 0.14021373 
905 368 9 12 0.13825224 
663 352 8 10 0.13799995 
348 542 14 20 0.13724397 
222 385 9 11 0.13709989 
584 406 12 16 0.13704227 
127 371 9 12 0.13586621 
778 334 8 10 0.13381132 
426 336 8 10 0.13234846 
30 377 10 12 0.13002276 
355 352 8 10 0.12991488 
684 374 11 12 0.12853876 
289 350 8 10 0.1282713 
758 336 8 10 0.12817913 
840 310 8 9 0.12794302 
430 335 8 9 0.12775186 
794 337 8 9 0.12676802 
112 371 11 13 0.12671672 
759 342 8 10 0.12639518 
40 349 10 11 0.12579171 
639 312 7 10 0.12454975 
334 397 13 14 0.12407076 
246 327 7 10 0.12296615 
158 317 9 10 0.12175998 
864 360 9 10 0.12165584 
900 382 13 14 0.12116954 
495 348 7 10 0.12083426 
504 335 8 10 0.11957271 
86 340 9 11 0.119068965 
838 329 7 10 0.11901336 
249 360 8 11 0.118973166 
317 400 11 15 0.118462786 
658 327 7 9 0.11828503 
326 350 8 9 0.11820148 
399 320 7 9 0.11731832 
264 380 10 13 0.11729946 
944 334 7 9 0.11695558 
287 334 8 9 0.11648395 
811 306 7 9 0.11583864 
685 310 7 9 0.115791626 
533 328 8 11 0.11547828 
306 366 7 10 0.11491214 
954 329 7 8 0.11477953 
799 336 8 9 0.11348686 
591 298 6 8 0.111909635 
999 312 7 9 0.111860245 
569 342 8 10 0.11118799 
1009 345 8 10 0.11035542 
0 432 18 20 0.11015694 
503 351 8 10 0.10905897 
421 361 8 9 0.10881264 
736 341 9 11 0.10804984 
222 403 9 13 0.107507154 
100 379 11 13 0.10724544 
601 334 8 10 0.10704011 
983 338 8 9 0.10697439 
271 328 7 9 0.10681889 
666 343 8 10 0.10661336 
427 326 7 10 0.10660957 
391 336 8 10 0.1065823 
649 335 7 9 0.10637342 
902 327 9 11 0.10556008 
491 349 8 10 0.105387 
368 327 8 9 0.10524401 
856 420 20 23 0.10509031 
863 319 8 9 0.10481802 
679 345 8 9 0.10362809 
358 358 8 9 0.10297764 
758 305 7 9 0.10245052 
89 336 9 11 0.10241271 
577 367 8 11 0.102250636 
301 325 8 9 0.10208934 
446 360 8 10 0.10163188 
1015 342 7 12 0.100497484 
526 339 9 11 0.10022265 
839 306 8 9 0.09961532 
801 326 8 9 0.09937444 
104 349 9 11 0.09934756 
782 304 7 8 0.099026784 
590 318 7 10 0.0988392 
270 388 9 13 0.09814757 
907 303 7 9 0.09793963 
283 344 7 10 0.09727129 
998 326 8 9 0.096772835 
921 335 7 9 0.09637391 
649 349 8 10 0.096278556 
276 402 11 13 0.09496978 
281 350 8 9 0.09467117 
288 345 7 9 0.094072066 
825 326 7 9 0.09374264 
391 367 8 11 0.09373709 
386 343 7 10 0.09350867 
645 372 11 13 0.09308425 
862 333 8 9 0.0928131 
456 353 8 9 0.09253617 
566 312 8 9 0.09206414 
94 333 8 11 0.09200931 
338 374 8 9 0.091938116 
902 346 8 10 0.09191317 
1013 315 9 12 0.09162997 
687 320 8 10 0.09022207 
192 344 7 10 0.08963371 
684 381 10 13 0.08900273 
959 309 7 10 0.08882157 
587 317 7 10 0.08870189 
263 357 8 10 0.08825974 
442 320 7 10 0.088093735 
941 372 11 13 0.08764468 
834 327 7 10 0.08750888 
361 376 8 11 0.08729665 
699 329 7 9 0.08665168 
943 329 8 9 0.08656992 
1015 294 7 11 0.086530775 
880 317 8 9 0.086184144 
26 326 8 10 0.084895454 
671 320 7 9 0.08418156 
393 351 8 9 0.08386951 
911 304 6 8 0.083754346 
398 327 8 9 0.083462514 
831 321 7 9 0.08336982 
246 389 10 13 0.082977265 
910 350 9 11 0.08231539 
776 317 7 9 0.08211938 
344 419 11 14 0.081333615 
266 336 8 9 0.08097167 
682 334 8 10 0.08066444 
388 413 13 15 0.080512196 
903 319 8 10 0.08043885 
294 349 8 9 0.08041027 
170 357 8 11 0.08032744 
802 322 7 9 0.08027822 
460 396 10 13 0.079774626 
873 338 7 9 0.079516575 
69 404 14 18 0.07919355 
287 328 7 9 0.07892193 
495 365 8 11 0.078459114 
233 345 8 9 0.078417525 
400 388 11 13 0.07824661 
509 398 11 13 0.07816828 
263 369 9 11 0.07784154 
960 326 8 9 0.077554 
545 329 8 10 0.07744996 
353 379 9 11 0.07713021 
994 342 8 11 0.077015035 
994 336 8 9 0.07683127 
998 343 8 10 0.07658673 
577 313 7 9 0.0765773 
850 310 7 9 0.07637744 
867 343 8 10 0.07625197 
269 383 9 12 0.07603102 
619 337 7 9 0.076005794 
61 405 15 16 0.075607724 
473 334 7 9 0.075513355 
920 362 9 12 0.07537179 
499 343 7 10 0.07524647 
281 373 8 11 0.07518661 
370 321 7 9 0.07508714 
561 325 7 10 0.07508298 
641 335 7 9 0.0750716 
982 326 8 9 0.074880555 
703 318 8 9 0.07460427 
936 358 9 10 0.07443331 
953 349 8 10 0.07370997 
558 342 7 9 0.07344391 
202 329 7 9 0.073225014 
769 365 9 12 0.07305437 
503 368 8 10 0.07243012 
887 303 7 9 0.07238344 
686 387 10 13 0.071631834 
731 333 8 11 0.071318544 
374 388 10 12 0.07089666 
773 349 8 10 0.070886575 
116 317 9 11 0.07077849 
802 289 8 11 0.0706415 
215 405 11 14 0.07061365 
329 360 8 10 0.07034095 
632 334 8 10 0.07031901 
327 397 10 13 0.07008901 
185 343 8 9 0.06985839 
826 321 7 9 0.06965664 
282 326 8 10 0.06956513 
231 350 9 10 0.069555506 
18 351 8 10 0.06923463 
656 335 7 10 0.06914117 
488 334 8 9 0.068584785 
984 294 8 9 0.06854668 
936 366 11 13 0.06853934 
585 367 9 12 0.06849058 
510 332 8 10 0.06801016 
143 413 11 14 0.067724235 
912 343 8 10 0.0674054 
241 391 9 11 0.06737867 
671 342 8 10 0.06684777 
256 425 19 21 0.06679901 
13 394 16 18 0.066718124 
433 342 8 10 0.066593036 
698 411 15 18 0.066471286 
215 318 7 9 0.066308595 
461 406 12 16 0.06613631 
936 319 7 9 0.06592725 
213 410 11 14 0.06588273 
0 379 11 16 0.06521812 
577 327 7 9 0.06487309 
237 397 10 12 0.064691596 
255 358 9 11 0.06458348 
383 327 8 9 0.06454141 
732 401 15 17 0.06440142 
537 318 7 9 0.06403965 
424 311 8 9 0.06377029 
665 310 7 8 0.06376243 
750 388 11 13 0.06297458 
608 311 7 9 0.06279486 
718 328 8 9 0.06255309 
817 326 7 9 0.06252243 
250 287 9 12 0.062243257 
55 325 8 10 0.0622016 
434 356 7 10 0.061692517 
160 325 8 10 0.061277963 
262 352 8 10 0.06109616 
609 391 10 14 0.06092322 
742 391 10 14 0.06084978 
394 328 7 9 0.060722005 
463 367 8 11 0.06066087 
551 358 8 10 0.060464367 
159 407 16 19 0.06028392 
383 312 7 9 0.05971673 
998 335 7 9 0.05970702 
686 334 7 9 0.059703078 
896 334 8 10 0.058623474 
562 321 7 8 0.058574628 
344 319 7 9 0.05798361 
883 303 7 9 0.057876095 
922 311 7 9 0.057641003 
543 367 9 11 0.05731966 
641 318 7 9 0.05731029 
776 313 7 9 0.057218865 
779 303 7 9 0.057190653 
722 349 8 10 0.05716217 
821 337 7 10 0.057057712 
6 380 10 13 0.056998335 
418 311 7 9 0.056699917 
359 380 8 10 0.056678116 
969 353 8 10 0.05661556 
81 319 9 10 0.05658765 
714 327 8 9 0.05647402 
271 319 7 9 0.05646649 
185 335 7 9 0.056222856 
609 327 7 10 0.05600894 
323 368 8 10 0.055933617 
746 293 7 9 0.055868823 
471 391 8 12 0.05579618 
281 322 7 8 0.05555284 
303 389 11 12 0.055514846 
582 357 9 11 0.055449117 
907 372 10 13 0.055255186 
797 358 9 11 0.055254206 
849 305 8 9 0.054894235 
766 357 8 10 0.054851025 
523 335 8 11 0.054684773 
326 373 8 9 0.054350406 
767 321 8 10 0.05434844 
438 391 10 13 0.054289304 
354 357 8 10 0.054016117 
517 388 10 13 0.053854596 
887 312 7 10 0.053850748 
819 596 31 35 0.05375463 
383 407 11 13 0.053203516 
826 357 9 11 0.05315756 
937 327 7 9 0.05314343 
414 381 9 11 0.053083736 
361 334 7 9 0.052703857 
14 389 12 14 0.05262209 
929 319 7 9 0.05244783 
921 341 8 10 0.052423354 
283 335 7 9 0.052234516 
679 358 9 10 0.052193 
642 343 7 10 0.05215068 
303 361 8 9 0.05210223 
15 382 11 13 0.05188212 
719 312 8 9 0.051826954 
976 304 7 10 0.051727656 
647 361 8 9 0.05129571 
4 365 11 13 0.051275432 
406 365 9 11 0.051257603 
375 319 7 10 0.051229246 
498 336 7 9 0.051185124 
663 388 10 14 0.051168762 
75 456 19 23 0.05108305 
74 326 8 10 0.050987396 
379 312 6 9 0.050837748 
462 320 7 9 0.05077741 
480 334 7 9 0.05054924 
783 328 8 9 0.05051065 
586 337 7 9 0.05035427 
624 366 8 10 0.05015418 
664 288 6 9 0.050081037 
673 326 7 9 0.04988596 
299 321 6 8 0.04979339 
880 343 8 10 0.049686357 
582 352 9 11 0.049454045 
585 341 8 10 0.049356498 
333 381 10 11 0.049268216 
616 413 12 15 0.04926726 
551 311 7 9 0.049171798 
867 303 7 8 0.049134355 
103 359 12 13 0.04892423 
472 396 10 14 0.0488659 
289 320 7 8 0.048651166 
745 279 7 9 0.048288044 
671 337 7 9 0.048233017 
527 303 9 10 0.048092306 
678 381 11 14 0.048047394 
359 344 8 9 0.047892857 
893 387 15 15 0.047869865 
191 356 8 11 0.04773192 
995 397 12 18 0.0475866 
744 359 9 11 0.047449533 
392 372 9 11 0.047338124 
585 313 7 10 0.047118455 
689 345 8 9 0.04666166 
266 317 7 9 0.046463057 
457 313 7 9 0.046366714 
814 309 7 10 0.04618367 
391 359 7 9 0.04615316 
570 337 8 9 0.045868654 
606 334 8 9 0.045825187 
714 304 7 9 0.045808505 
388 418 14 19 0.045797423 
210 317 8 10 0.045697678 
182 373 12 14 0.045638714 
456 325 8 9 0.04549962 
635 312 7 9 0.045353986 
399 365 10 12 0.0453538 
409 350 8 11 0.045189828 
450 327 7 9 0.045041606 
17 343 9 11 0.044949334 
985 290 7 8 0.04472032 
29 362 10 13 0.0444838 
665 320 8 9 0.044468418 
909 380 10 15 0.044467513 
419 404 12 15 0.044459075 
687 306 7 8 0.044360872 
3 348 9 12 0.0442639 
248 383 9 12 0.044185326 
153 368 10 12 0.044071324 
0 334 9 11 0.043954484 
733 389 13 15 0.04380987 
186 512 24 31 0.043792166 
750 359 8 10 0.043584175 
512 390 11 13 0.043307006 
19 385 15 16 0.043263067 
323 349 7 9 0.043219674 
915 336 7 9 0.042727184 
453 378 10 13 0.042542428 
334 359 9 10 0.042409576 
575 341 8 10 0.042331584 
409 338 7 8 0.04218003 
238 343 8 9 0.042145655 
800 342 7 10 0.04199433 
271 313 7 9 0.041813027 
921 305 7 9 0.04178792 
502 357 8 10 0.041699942 
78 325 9 12 0.04168763 
255 395 12 14 0.041685782 
803 350 7 9 0.04156156 
997 348 9 11 0.041409206 
143 375 9 11 0.0411825 
574 336 8 10 0.040790774 
430 312 7 9 0.040717196 
1010 329 7 9 0.04067881 
326 317 8 10 0.040459782 
169 337 8 9 0.04040948 
718 304 7 9 0.040354267 
775 344 8 10 0.04008308 
111 350 9 12 0.040067907 
169 341 8 10 0.039929442 
982 313 8 9 0.039684407 
65 348 12 15 0.039657474 
325 403 10 14 0.039477944 
492 406 11 16 0.039473444 
119 352 9 12 0.03939995 
450 351 8 10 0.039292533 
175 367 10 12 0.039271865 
362 330 7 8 0.039258275 
547 350 7 10 0.03916031 
172 373 13 16 0.039141987 
672 367 9 10 0.038974266 
198 344 7 10 0.03892857 
853 348 8 10 0.038913287 
704 307 7 8 0.038775835 
549 366 9 11 0.03869524 
118 367 10 13 0.038634785 
87 318 8 10 0.03859028 
930 294 7 9 0.038584054 
418 325 7 9 0.03857341 
687 348 8 11 0.038480356 
576 318 7 8 0.038341198 
233 458 16 19 0.038312666 
633 329 7 9 0.038136046 
568 534 11 14 0.038078994 
552 435 12 15 0.038031027 
22 353 9 11 0.037941862 
505 372 9 11 0.037777167 
484 431 11 14 0.03746785 
441 325 7 10 0.037427235 
272 341 8 9 0.037234455 
368 369 8 11 0.03715197 
19 357 9 13 0.03700633 
926 342 9 10 0.036964376 
409 409 10 15 0.03693745 
649 330 7 8 0.036908947 
450 397 10 13 0.036865003 
806 321 7 9 0.036185216 
938 335 8 9 0.03594067 
912 320 7 9 0.035815004 
651 386 12 14 0.035693567 
807 326 7 9 0.03544846 
37 375 8 11 0.035293855 
657 312 7 8 0.03516139 
233 398 9 12 0.034982577 
568 297 7 8 0.034950204 
843 358 8 11 0.03488857 
809 337 7 9 0.03488003 
967 375 9 10 0.03487315 
565 439 13 17 0.03485421 
556 431 11 14 0.034845043 
1009 367 9 12 0.03475437 
178 328 7 9 0.034727547 
573 437 13 17 0.034711078 
673 359 8 11 0.034704614 
567 318 7 9 0.03465272 
625 303 7 9 0.034634247 
333 392 12 14 0.034596127 
1014 347 8 12 0.03452614 
768 344 8 10 0.034284353 
758 398 16 17 0.03420915 
954 308 8 10 0.034187876 
835 309 7 10 0.034086652 
583 327 8 10 0.03399623 
246 320 7 9 0.033993896 
243 335 7 9 0.033966817 
167 367 11 12 0.033910427 
135 382 10 11 0.033626713 
988 462 14 24 0.03360556 
898 318 8 10 0.033521004 
587 301 7 9 0.033395283 
871 303 7 8 0.033213727 
665 337 7 9 0.03314589 
858 318 8 9 0.032983027 
328 335 7 8 0.0329677 
416 375 8 10 0.032881964 
928 289 7 9 0.03284803 
225 466 18 24 0.03281027 
842 344 8 9 0.032802574 
96 326 9 12 0.03271685 
576 361 9 10 0.032574654 
793 310 7 9 0.032574147 
218 365 9 11 0.032545995 
562 448 17 20 0.032479722 
607 305 6 8 0.03245266 
1015 301 8 11 0.032420278 
71 365 9 12 0.0322665 
847 336 8 9 0.0322547 
177 454 20 21 0.03223186 
927 312 7 9 0.032205395 
981 355 10 14 0.032205384 
617 348 8 10 0.03219505 
874 318 7 10 0.03218506 
911 358 9 11 0.032100096 
353 335 7 9 0.032099303 
943 296 7 9 0.032039177 
682 307 7 8 0.031991657 
229 383 9 10 0.03189628 
670 310 7 9 0.031744104 
451 374 9 11 0.031706475 
694 398 13 15 0.03162937 
1009 294 7 10 0.031626128 
967 271 9 11 0.03154981 
601 330 8 9 0.0315329 
631 343 8 10 0.03148168 
377 361 9 10 0.031429775 
761 356 9 11 0.03136579 
994 288 7 9 0.03133731 
834 305 7 9 0.03132802 
369 388 9 12 0.03103786 
746 288 8 10 0.031029733 
615 403 13 16 0.030953683 
255 364 9 11 0.030928303 
144 342 8 11 0.030920433 
303 350 8 9 0.03090722 
494 384 9 12 0.030770974 
622 380 10 12 0.030736828 
310 375 8 11 0.030724317 
453 342 8 10 0.030612474 
936 372 10 12 0.030563239 
889 337 8 9 0.03052288 
184 328 8 10 0.030360166 
385 350 8 10 0.03035705 
156 357 11 13 0.030302433 
31 334 8 10 0.030249838 
303 383 10 12 0.030188514 
778 330 7 9 0.02989456 
68 453 18 25 0.02986626 
328 392 10 12 0.029836914 
327 345 8 10 0.029639374 
977 309 7 10 0.02950646 
767 337 8 9 0.029485572 
881 313 8 10 0.02944322 
76 402 12 18 0.02943483 
171 397 15 20 0.029359734 
386 336 7 9 0.029269198 
112 389 11 14 0.02924644 
226 334 7 9 0.029234346 
175 320 7 10 0.02923037 
663 326 7 9 0.029206144 
921 318 7 9 0.02919744 
640 329 7 9 0.029171402 
465 327 6 9 0.029017549 
784 311 7 8 0.028997347 
182 367 10 12 0.028991891 
96 320 8 11 0.02874281 
568 303 7 9 0.028459163 
934 272 8 9 0.028438212 
61 309 9 10 0.028388737 
793 304 7 9 0.028234616 
529 312 8 9 0.028233038 
262 342 7 10 0.028223263 
754 310 7 9 0.028177438 
467 404 11 13 0.028156558 
793 326 7 9 0.02811945 
50 328 8 10 0.028110774 
192 320 7 9 0.028008291 
552 321 7 9 0.028001577 
21 342 8 10 0.02799399 
654 371 10 12 0.027974606 
752 279 7 8 0.0278547 
614 326 7 8 0.027805952 
226 328 7 9 0.02765286 
887 317 7 9 0.027638452 
866 351 8 10 0.027625768 
678 366 10 11 0.027615448 
231 405 11 13 0.027569292 
826 305 6 8 0.027522732 
945 302 7 10 0.027503489 
923 329 7 10 0.02749455 
655 342 7 10 0.027392894 
368 381 9 12 0.027348813 
289 313 7 8 0.027327519 
488 376 9 12 0.027302114 
711 396 11 14 0.027287804 
953 305 7 9 0.027205333 
462 384 10 12 0.027204974 
102 452 13 19 0.02713151 
338 319 6 9 0.027130585 
361 367 8 10 0.027097754 
713 309 8 10 0.026989115 
790 372 10 11 0.026928773 
786 320 7 9 0.02677819 
693 343 8 10 0.026776496 
80 333 10 12 0.026713096 
205 410 15 16 0.02668013 
682 320 8 10 0.026600305 
878 337 8 9 0.026541375 
384 320 7 9 0.026399862 
842 351 7 9 0.026396325 
337 343 7 10 0.026177404 
425 321 7 9 0.026175374 
616 465 17 19 0.026147835 
759 309 7 10 0.026114428 
408 397 11 13 0.026073683 
39 355 10 13 0.026072295 
727 382 12 15 0.026070116 
473 344 8 10 0.026048046 
821 366 9 11 0.026017364 
831 352 9 11 0.025905361 
817 365 9 11 0.02566342 
691 412 16 21 0.025623955 
735 318 9 10 0.025593286 
111 429 13 15 0.02558289 
593 326 7 10 0.025572129 
545 359 8 10 0.025510358 
46 340 8 10 0.025411267 
468 357 9 11 0.025392454 
727 312 7 9 0.025358157 
607 296 7 9 0.025329264 
415 337 7 9 0.025272656 
685 369 10 11 0.02524928 
925 364 10 12 0.02523051 
386 389 10 13 0.025173891 
937 295 7 9 0.025166182 
468 351 8 10 0.025050046 
1011 463 12 19 0.024942242 
97 375 10 13 0.02487248 
229 363 9 12 0.024802934 
128 293 8 10 0.024762152 
512 343 7 10 0.024759352 
57 404 12 15 0.024548287 
414 435 13 20 0.024341965 
25 334 8 10 0.024327401 
192 335 7 9 0.024303762 
624 376 9 11 0.024228323 
700 397 12 15 0.02417458 
177 335 7 10 0.024131019 
479 344 7 9 0.024086284 
233 319 7 9 0.024070773 
225 353 8 10 0.02405351 
750 293 7 10 0.02402697 
981 464 15 25 0.023944844 
665 375 9 12 0.023839291 
495 297 7 10 0.02383748 
1006 289 8 9 0.023541154 
804 405 13 15 0.02352373 
236 405 11 13 0.023456266 
234 313 7 8 0.02344343 
633 365 9 10 0.023431897 
832 344 7 8 0.023428014 
482 329 7 9 0.023367262 
638 359 9 12 0.023333633 
551 336 7 9 0.02325285 
535 314 7 9 0.023249255 
354 461 22 33 0.023239933 
301 408 13 17 0.023211233 
728 344 8 10 0.023206651 
849 328 6 9 0.023189902 
656 305 7 8 0.023152402 
854 312 7 9 0.023105275 
256 374 9 10 0.02310381 
633 303 7 9 0.022985624 
538 366 8 11 0.022972872 
445 365 7 10 0.022923427 
604 364 9 12 0.022917597 
628 455 15 19 0.02288762 
431 320 7 9 0.022821747 
978 295 7 8 0.022793159 
399 345 7 9 0.022789018 
512 376 10 12 0.022769112 
559 388 12 14 0.022758413 
785 357 9 12 0.022744112 
70 373 9 12 0.022743253 
390 385 9 13 0.02270491 
466 334 8 9 0.022569712 
826 353 8 10 0.022564126 
341 393 11 14 0.022546383 
522 341 8 9 0.022512913 
396 394 10 14 0.022509964 
940 358 10 11 0.0224315 
224 373 10 12 0.022394855 
805 291 9 11 0.022375582 
167 384 14 16 0.022326503 
756 386 14 15 0.022294115 
967 313 7 9 0.022282891 
150 380 12 16 0.022246905 
840 320 8 9 0.022237647 
472 330 8 9 0.022229366 
418 321 7 9 0.022177486 
718 386 11 14 0.022099385 
297 314 6 8 0.022061575 
886 394 11 16 0.022007322 
1015 360 8 12 0.021970052 
717 396 10 13 0.021933889 
487 329 7 9 0.021892898 
449 391 9 12 0.021775862 
854 303 7 9 0.021614198 
432 388 9 12 0.021599608 
47 295 9 10 0.021588776 
775 263 8 9 0.021515802 
792 321 7 9 0.021471843 
928 304 7 9 0.02147175 
892 394 14 15 0.02140888 
896 373 10 12 0.021385627 
362 313 6 9 0.021228049 
289 391 10 11 0.02115245 
353 344 8 9 0.021106102 
398 408 10 13 0.02106114 
459 371 8 12 0.021060163 
872 327 7 10 0.021016184 
28 386 13 17 0.020988708 
904 311 7 8 0.020982249 
421 350 8 9 0.020973805 
456 304 7 8 0.020969722 
190 366 10 12 0.020908656 
512 350 8 10 0.02088736 
297 335 7 10 0.020870881 
623 348 8 10 0.020869343 
946 343 8 9 0.0208557 
800 311 7 8 0.020818308 
376 326 7 9 0.020779151 
248 375 9 11 0.020771913 
242 366 7 10 0.020742014 
633 297 7 8 0.020675182 
996 312 6 9 0.02062705 
945 311 7 9 0.020551013 
755 335 8 10 0.020512803 
607 361 8 10 0.020505998 
309 390 9 12 0.020490728 
650 318 7 9 0.020384353 
407 377 10 12 0.020370789 
394 320 8 9 0.02033883 
727 398 13 15 0.020194184 
394 304 7 8 0.020156391 
866 299 7 8 0.020123443 
965 336 7 10 0.020114498 
203 356 8 11 0.020091888 
559 337 8 10 0.020085841 
626 287 7 8 0.020031733 
