2_Demonstration_Demonstrators_2_306
72
189 361 11 17 0.47490075 
48 394 12 16 0.28521827 
211 368 11 14 0.28118727 
239 373 9 11 0.19187996 
436 426 28 41 0.12519805 
448 367 26 32 0.12512977 
343 555 40 48 0.100422144 
64 374 10 11 0.10019905 
62 383 14 17 0.09517796 
0 482 14 20 0.080818705 
38 376 8 10 0.07982647 
245 373 8 11 0.075012855 
628 476 25 33 0.071197435 
517 511 26 31 0.065089464 
141 371 10 13 0.06330476 
168 333 11 14 0.061495773 
163 430 15 18 0.055306643 
0 382 7 11 0.054852434 
270 368 9 11 0.054483466 
149 390 12 16 0.05326701 
140 406 16 21 0.05295805 
129 399 22 28 0.052714176 
3 355 16 21 0.04739665 
204 392 12 13 0.047164652 
366 354 22 30 0.045868825 
85 370 10 14 0.045810655 
235 374 10 12 0.045661636 
362 421 21 25 0.045420986 
142 390 11 15 0.04470711 
156 416 15 18 0.04194384 
598 519 21 29 0.039954647 
341 457 21 25 0.039546605 
527 439 22 33 0.038921062 
38 380 10 13 0.036979984 
759 60 214 284 0.03665683 
371 500 18 24 0.03643083 
264 371 10 14 0.036001746 
413 466 31 45 0.034603752 
111 410 13 18 0.033900086 
162 419 14 17 0.033625886 
244 381 11 13 0.03204375 
149 417 14 18 0.031852547 
41 387 11 14 0.03061272 
260 451 17 22 0.030551331 
426 495 41 68 0.030338667 
579 487 19 18 0.030320488 
491 501 26 33 0.030275049 
732 551 25 30 0.0295788 
124 324 15 17 0.029186059 
136 367 11 15 0.0290307 
112 396 12 16 0.02756161 
393 450 52 71 0.026940783 
549 603 15 17 0.026585555 
246 348 9 13 0.025818316 
222 405 28 34 0.025647484 
255 372 10 12 0.024883417 
334 370 28 36 0.024774505 
227 404 18 18 0.024373254 
645 469 25 33 0.022972886 
533 460 25 33 0.022754485 
355 424 19 22 0.022668941 
638 522 28 32 0.022042831 
640 549 26 27 0.02199333 
220 395 15 17 0.021984197 
376 359 16 23 0.02175048 
63 369 10 11 0.021558145 
141 379 11 15 0.021161618 
416 413 44 56 0.021098781 
220 372 11 15 0.020846175 
361 553 31 40 0.020521792 
334 375 12 15 0.020331867 
241 378 10 14 0.020110477 
