2_Demonstration_Demonstration_Or_Protest_2_58
194
450 314 54 74 0.999608 
785 445 65 80 0.9995134 
302 299 52 67 0.99950707 
26 510 107 113 0.99924445 
149 158 30 37 0.99908686 
286 384 59 86 0.99905723 
162 299 55 73 0.9990183 
766 271 47 57 0.9987697 
247 242 47 57 0.9987388 
653 314 51 73 0.99855226 
314 124 26 33 0.9984945 
45 242 57 64 0.99840397 
89 151 35 39 0.99831533 
589 174 35 41 0.99812466 
965 283 49 56 0.9975293 
516 232 45 58 0.9973224 
335 180 32 39 0.99707925 
984 148 26 29 0.99702555 
774 194 32 35 0.9957695 
839 171 34 39 0.99560875 
0 167 27 49 0.99558556 
156 229 49 56 0.9955454 
942 194 36 44 0.99524397 
700 246 39 52 0.99272597 
154 111 29 33 0.99242413 
579 565 55 86 0.99194485 
211 69 18 24 0.99186486 
316 222 42 48 0.9913419 
867 241 40 48 0.99083847 
863 117 25 29 0.9907952 
826 142 23 34 0.9885062 
689 47 17 21 0.985188 
184 88 21 27 0.9844557 
384 295 41 48 0.98084843 
162 50 14 18 0.97886926 
78 82 17 24 0.97663647 
742 12 12 15 0.97537845 
622 264 39 55 0.9692109 
473 172 22 33 0.96172136 
47 42 16 21 0.95999914 
510 78 15 21 0.956103 
107 54 15 20 0.94736314 
694 76 17 22 0.94459987 
14 83 15 20 0.9434158 
768 31 15 19 0.9388039 
635 104 18 26 0.9353102 
127 52 14 17 0.93285125 
543 96 14 19 0.9328311 
252 75 14 18 0.93120855 
111 84 20 24 0.9305513 
351 62 13 17 0.8928273 
0 54 11 18 0.8723656 
325 1 11 12 0.86007804 
719 15 10 12 0.8432118 
455 58 12 16 0.80426764 
352 37 9 13 0.7514127 
240 3 11 14 0.73548675 
357 6 10 14 0.7062419 
392 131 20 28 0.63684666 
686 184 30 32 0.6232319 
455 254 23 29 0.54632884 
691 1 12 12 0.5244937 
781 147 17 26 0.5026027 
262 92 14 18 0.4447224 
516 173 23 29 0.43445367 
458 3 9 12 0.38861567 
820 4 10 12 0.3512862 
297 1 10 11 0.3484904 
946 118 23 31 0.34476745 
293 64 12 16 0.287289 
594 248 38 56 0.27354154 
472 123 12 17 0.26839077 
381 23 10 13 0.26571882 
710 45 12 15 0.26472273 
550 78 9 11 0.26448447 
783 1 10 11 0.2443676 
284 5 9 11 0.24336222 
697 173 25 26 0.24211274 
690 129 14 20 0.23695768 
900 330 37 54 0.22525714 
429 235 22 39 0.22046633 
704 0 10 12 0.21231556 
767 158 25 27 0.1890345 
325 69 9 13 0.1808586 
712 36 11 15 0.16865335 
269 6 9 11 0.16499946 
559 142 9 11 0.16005254 
3 59 12 16 0.14651294 
301 62 10 15 0.13539977 
272 126 21 29 0.13503702 
644 79 11 14 0.1306256 
118 52 13 18 0.12177919 
253 38 10 16 0.11851695 
208 1 9 11 0.11066042 
360 133 11 13 0.09441021 
258 80 16 20 0.093154795 
352 0 11 12 0.09229942 
545 206 31 39 0.09168639 
684 28 10 13 0.08981727 
278 135 22 28 0.0891773 
926 117 7 10 0.08799181 
24 31 9 11 0.085547656 
244 39 11 15 0.08537298 
997 225 24 32 0.083819814 
373 154 16 22 0.08051234 
369 389 38 52 0.080377996 
941 115 10 15 0.07855567 
13 62 10 13 0.078230284 
185 441 38 47 0.07804742 
3 87 16 19 0.07698514 
527 213 41 54 0.07280627 
671 2 9 11 0.071159005 
130 46 13 17 0.07023563 
70 120 20 32 0.06420412 
938 116 8 11 0.06403039 
579 93 10 13 0.060685486 
834 162 27 38 0.060356032 
222 4 11 13 0.06012373 
848 51 11 14 0.057751432 
485 14 10 12 0.057379797 
94 60 10 13 0.057081763 
271 10 9 11 0.05660563 
436 245 31 42 0.055629898 
854 93 8 11 0.055175867 
318 63 13 17 0.05499475 
761 197 23 30 0.054651722 
335 60 9 12 0.054438647 
591 71 8 9 0.05287044 
745 52 12 15 0.05090685 
789 0 10 11 0.04697877 
476 120 12 17 0.045048445 
558 136 10 12 0.043476496 
777 0 10 10 0.043042615 
25 35 9 14 0.042613886 
166 29 8 11 0.04215541 
588 155 29 38 0.041155398 
148 81 15 18 0.04044751 
293 55 10 14 0.038975887 
281 24 10 13 0.036659054 
531 138 14 16 0.03479876 
849 94 9 12 0.034401793 
262 127 21 26 0.033818528 
663 0 12 12 0.03200394 
470 73 9 11 0.031324286 
790 19 10 14 0.030827776 
502 124 16 18 0.03062068 
597 53 10 12 0.029721221 
819 8 14 19 0.029647488 
245 23 9 12 0.029237922 
481 124 13 17 0.029162047 
415 0 10 10 0.028888587 
277 35 11 15 0.027897988 
283 1 8 10 0.027807726 
406 0 10 10 0.02769415 
901 102 9 13 0.027679503 
231 28 9 12 0.027483948 
334 44 10 12 0.027430844 
768 14 10 12 0.027302451 
787 140 15 24 0.027187426 
437 185 23 31 0.027116684 
310 61 11 16 0.027011797 
421 1 10 10 0.026828913 
781 118 10 12 0.025477767 
161 30 9 11 0.025274383 
465 123 12 17 0.02482703 
631 15 10 12 0.024699515 
214 0 9 11 0.02441895 
567 94 9 11 0.024396643 
972 86 10 14 0.023868391 
895 80 8 10 0.02384765 
403 302 34 41 0.023758214 
493 75 10 12 0.023676064 
311 0 10 9 0.023489375 
536 6 9 12 0.023397114 
343 0 12 10 0.0233831 
732 36 12 15 0.02306502 
558 146 11 14 0.023027252 
799 1 9 10 0.0222422 
402 133 14 22 0.022166232 
255 86 15 20 0.022089854 
462 67 12 16 0.021998806 
550 84 11 13 0.021996208 
711 168 19 23 0.021937642 
866 98 15 17 0.02191214 
383 137 14 19 0.021604586 
915 129 13 16 0.021425633 
839 94 11 14 0.02126534 
400 1 10 10 0.020836094 
449 94 10 15 0.0208114 
1014 93 8 15 0.020712504 
266 89 21 26 0.02053676 
331 0 11 11 0.02052322 
154 86 17 20 0.020224888 
568 223 45 62 0.020036077 
