2_Demonstration_Demonstrators_2_547
34
216 137 56 71 0.99923944 
683 138 54 77 0.9990144 
820 136 47 59 0.99763787 
0 211 25 41 0.9955558 
485 164 40 46 0.99247485 
878 179 39 44 0.9924704 
642 161 42 56 0.98931074 
456 199 30 41 0.9884162 
416 191 30 39 0.9825598 
934 204 26 36 0.9815263 
989 204 26 55 0.9363723 
760 215 28 32 0.8611549 
171 162 41 51 0.47495535 
95 216 34 42 0.20329744 
50 239 25 36 0.13620797 
70 85 27 48 0.1273497 
171 215 33 41 0.12536745 
918 188 22 26 0.090808555 
56 87 24 32 0.056606602 
165 172 12 18 0.05392456 
39 247 32 41 0.051077336 
742 203 43 46 0.05041987 
193 170 32 47 0.04769914 
405 225 15 22 0.027552722 
83 103 15 24 0.02717741 
164 169 29 35 0.026064128 
1000 211 24 50 0.02393807 
368 193 27 33 0.02362404 
57 229 28 40 0.022594092 
929 292 43 58 0.022492055 
476 209 28 39 0.022399291 
161 178 11 14 0.021477029 
411 205 25 36 0.021007657 
80 98 24 37 0.020753257 
