2_Demonstration_Demonstration_Or_Protest_2_32
134
455 1064 50 65 0.9986532 
731 1104 57 68 0.99801624 
630 1064 27 38 0.9979703 
895 1021 26 30 0.9962805 
518 1061 28 36 0.99606776 
523 1151 64 91 0.99539584 
167 1085 56 71 0.9952709 
427 1031 34 44 0.9927193 
241 1244 83 113 0.99259454 
335 1034 30 34 0.98792666 
368 1032 23 30 0.97867966 
867 1108 27 32 0.9764214 
287 1080 43 58 0.9717315 
309 1101 55 76 0.9698174 
529 1111 34 47 0.96883786 
272 1056 35 50 0.9657738 
575 1076 24 34 0.96208274 
937 1080 18 23 0.94789475 
51 1046 40 49 0.9448819 
830 1098 22 34 0.91705614 
703 1101 35 52 0.87746644 
294 1032 26 32 0.83744776 
981 1061 17 21 0.7592274 
-1 1257 56 113 0.7291164 
549 1024 13 16 0.68272865 
29 200 39 48 0.64540374 
588 1039 15 17 0.61335033 
576 1025 14 17 0.5681051 
403 1030 22 29 0.5438622 
971 1174 12 18 0.5276133 
749 1076 23 27 0.49431157 
526 1129 50 65 0.43095365 
630 1036 15 17 0.41246796 
993 1048 23 29 0.4044009 
604 1015 11 13 0.36891714 
772 1061 20 23 0.36348927 
692 1044 15 19 0.36332893 
957 1145 17 19 0.3025342 
491 1020 13 16 0.295692 
0 651 31 50 0.28911057 
252 1040 25 31 0.27257395 
0 146 23 43 0.25941026 
968 994 25 34 0.22323896 
1009 1102 14 21 0.21264446 
963 1069 17 19 0.1944438 
723 1054 17 18 0.1885946 
861 1028 17 20 0.15572783 
822 1058 12 15 0.15229765 
733 746 24 28 0.14780086 
197 1039 25 30 0.13512687 
939 1053 16 19 0.13381796 
968 1102 26 30 0.120866984 
631 1021 11 15 0.11622235 
972 1133 17 22 0.11086129 
623 1036 11 14 0.09957243 
1004 1163 14 19 0.09541968 
692 1038 14 16 0.08286841 
529 1029 16 18 0.082711376 
581 1034 16 18 0.0796093 
996 1060 16 20 0.07653537 
1008 1014 15 21 0.0758586 
977 1094 24 27 0.07318246 
1013 988 11 21 0.07005745 
981 1090 17 20 0.06982968 
289 1066 32 48 0.067978926 
970 1063 20 25 0.06743235 
968 1117 25 28 0.06632652 
548 1061 15 23 0.06376618 
909 1153 25 34 0.061200906 
689 1047 22 27 0.060827073 
582 1125 25 31 0.0601549 
977 1048 22 26 0.059163287 
257 1045 40 53 0.054636616 
928 1032 17 19 0.05395708 
1012 1076 12 17 0.051677566 
617 1038 10 13 0.0507192 
0 1006 43 71 0.04637082 
806 1059 14 17 0.046023656 
973 1042 18 21 0.04493156 
588 1028 13 15 0.04384864 
749 1013 15 16 0.043005686 
703 1085 24 31 0.04209361 
780 1036 12 13 0.04147423 
535 1013 10 13 0.040437363 
759 1051 14 17 0.039214533 
999 1158 13 15 0.03894838 
662 1046 11 14 0.03891179 
629 1039 22 26 0.037614495 
284 1048 35 41 0.03685825 
763 1056 16 20 0.036107734 
824 1052 15 17 0.035786647 
245 1060 25 37 0.035292316 
594 1042 15 17 0.034489837 
418 1031 25 35 0.03353106 
643 1041 14 17 0.03231496 
724 1028 14 15 0.031334415 
990 1040 17 22 0.030778134 
549 1017 12 15 0.03059627 
633 1027 15 17 0.029973859 
982 1162 15 18 0.029746424 
819 1062 16 20 0.029046493 
0 1089 23 53 0.028963609 
798 1039 10 11 0.028788682 
668 831 11 14 0.02846499 
693 1116 24 31 0.028216006 
977 1166 18 27 0.028126942 
958 1058 15 18 0.027960718 
16 344 122 278 0.027780436 
194 1034 41 48 0.02761437 
925 1068 15 20 0.027376615 
116 1026 23 37 0.027239027 
1014 1069 11 16 0.026417479 
768 1031 9 11 0.025545208 
987 1169 14 19 0.025490059 
812 1064 15 18 0.025180222 
741 1088 30 37 0.02471192 
964 1051 22 27 0.023947597 
984 1157 23 28 0.02384631 
1004 1175 15 22 0.023477925 
968 1077 22 26 0.023382677 
113 1191 44 64 0.023086576 
330 928 25 30 0.022927934 
7 156 31 42 0.022435632 
600 1048 14 18 0.022253456 
999 1095 21 26 0.022195846 
932 1061 18 23 0.022132909 
972 1165 13 20 0.022092046 
774 1054 16 20 0.022000033 
307 1083 37 49 0.021864623 
960 1157 22 30 0.021839097 
970 1011 18 24 0.021722605 
964 1138 22 27 0.021116003 
1010 1168 13 20 0.020760313 
684 1028 13 16 0.020607393 
