2_Demonstration_Demonstrators_2_545
170
290 434 29 36 0.9898287 
402 404 18 23 0.98108727 
150 418 29 34 0.9776798 
416 453 25 35 0.9773982 
256 406 21 30 0.95198274 
256 500 36 44 0.9479226 
67 432 28 37 0.9327875 
100 392 27 34 0.9148396 
795 413 17 27 0.91387373 
58 499 43 54 0.8785004 
213 382 14 19 0.8302702 
858 332 15 18 0.80704296 
917 348 18 22 0.78570884 
362 420 20 27 0.7814196 
193 412 23 28 0.702423 
839 371 23 28 0.6438997 
742 327 14 19 0.563029 
885 441 20 35 0.51370627 
784 488 37 41 0.39584062 
208 318 11 14 0.28475505 
175 349 14 16 0.25527707 
931 419 16 24 0.2152294 
266 352 14 18 0.2104537 
821 291 16 21 0.20902449 
726 392 15 19 0.18913907 
426 363 13 18 0.17791373 
786 349 14 17 0.17550245 
243 406 20 27 0.17368689 
335 355 14 18 0.16903055 
115 350 13 17 0.16773033 
696 5 48 57 0.16202378 
356 293 10 12 0.14871822 
126 329 17 18 0.14190803 
758 356 18 22 0.13352588 
916 284 16 18 0.11816664 
84 307 12 15 0.11548302 
906 383 19 21 0.108060315 
298 359 15 20 0.10673238 
47 322 17 19 0.10534261 
116 389 22 29 0.10470248 
862 408 30 34 0.10450639 
943 241 14 18 0.10165742 
896 311 17 20 0.089669995 
159 323 12 15 0.086038806 
390 301 12 16 0.082643576 
923 297 14 19 0.08239521 
350 366 13 17 0.07988573 
825 284 14 16 0.07747242 
898 297 14 17 0.0704004 
340 358 14 20 0.066912435 
155 507 50 60 0.06402319 
845 307 16 19 0.06393653 
934 411 25 34 0.05845804 
173 485 34 40 0.05844264 
47 366 14 17 0.057727627 
414 357 13 16 0.05727224 
126 306 14 16 0.05618049 
970 240 15 19 0.055646963 
236 353 15 17 0.053143486 
92 343 14 20 0.052023385 
320 296 14 18 0.051949028 
255 379 14 18 0.04816324 
831 197 23 34 0.047326848 
726 308 11 14 0.047031026 
346 338 13 16 0.046440177 
958 364 25 31 0.046071775 
771 339 13 17 0.04515641 
302 266 14 16 0.044957187 
421 292 12 15 0.04421751 
276 251 13 17 0.04371343 
340 324 10 13 0.043136325 
743 302 12 15 0.043012068 
438 310 10 13 0.042581048 
773 277 11 14 0.041350275 
326 309 12 16 0.041316707 
101 318 13 16 0.040827207 
436 355 14 17 0.040446445 
689 301 14 19 0.039289303 
830 370 17 22 0.03887167 
-18 44 352 343 0.038579583 
206 311 12 15 0.03812326 
293 316 14 17 0.037921753 
741 285 10 13 0.03772953 
433 361 14 18 0.037498433 
708 340 11 16 0.037276648 
761 348 18 22 0.03698401 
334 314 11 15 0.036880564 
850 300 13 16 0.036703695 
287 356 14 20 0.036078338 
429 327 14 18 0.03566508 
843 387 24 28 0.035188414 
452 323 14 19 0.035091206 
309 293 10 13 0.035079822 
878 305 15 19 0.03455528 
163 317 11 15 0.03451817 
238 413 16 23 0.034326043 
341 318 10 13 0.0333183 
355 296 13 17 0.032619867 
742 292 10 12 0.032130364 
909 287 16 20 0.032015376 
157 301 13 16 0.031457424 
772 316 13 16 0.031283658 
211 322 11 14 0.031157719 
780 341 16 21 0.03076676 
873 419 27 36 0.030594781 
254 296 14 19 0.02993206 
46 369 20 27 0.029539892 
168 405 19 22 0.028018413 
746 319 15 22 0.027920924 
948 362 15 21 0.027849806 
744 277 12 15 0.02781715 
835 366 19 23 0.027653834 
910 277 17 19 0.02749947 
324 431 17 24 0.027498934 
50 410 29 35 0.027094534 
125 250 13 17 0.027076263 
914 243 18 23 0.027060838 
287 307 11 15 0.02705362 
186 346 12 18 0.027045628 
939 403 47 64 0.026617212 
821 199 26 39 0.02660456 
102 353 14 19 0.026562668 
417 355 18 24 0.026530562 
396 348 13 18 0.026439495 
320 309 13 17 0.026428686 
324 349 12 15 0.02635857 
821 302 15 20 0.026228912 
284 300 13 16 0.02585739 
916 366 17 21 0.025606155 
87 383 22 27 0.025102874 
842 135 46 57 0.024920184 
883 303 20 26 0.024841972 
155 284 12 13 0.024656726 
294 370 14 16 0.02448145 
854 393 24 28 0.024204936 
703 343 14 18 0.023977317 
148 316 14 16 0.023837494 
815 296 16 20 0.023728214 
749 272 11 12 0.023683606 
979 244 12 16 0.023655549 
926 278 24 33 0.023537051 
327 353 14 18 0.023348788 
250 315 15 19 0.023340551 
769 342 19 25 0.023265678 
422 324 15 18 0.023245476 
245 374 12 15 0.02295795 
213 355 15 18 0.022780005 
749 293 11 12 0.022719685 
276 267 13 14 0.022592576 
224 316 10 13 0.022340175 
956 243 13 18 0.022197857 
926 143 25 37 0.022061145 
800 409 24 32 0.02181497 
924 401 26 38 0.021697398 
151 323 14 16 0.021586511 
458 322 14 19 0.021501973 
731 307 13 15 0.021494128 
822 317 13 15 0.021374803 
846 316 22 26 0.02109887 
108 341 16 20 0.020748183 
232 349 14 17 0.020699743 
1011 294 12 23 0.020697992 
212 310 12 15 0.020696124 
766 334 13 16 0.020565588 
366 535 23 32 0.020554958 
201 406 18 23 0.020454787 
81 277 9 11 0.020377247 
282 251 12 16 0.020372065 
116 357 15 20 0.020102197 
190 295 10 15 0.020057756 
