2_Demonstration_Demonstration_Or_Protest_2_450
61
290 351 22 28 0.98516 
187 271 50 77 0.959496 
724 329 29 38 0.8597002 
581 272 32 59 0.8442351 
906 320 14 23 0.6266558 
855 357 11 15 0.4938424 
813 358 10 14 0.44825092 
436 331 31 47 0.42768252 
859 358 13 16 0.38157392 
957 340 13 15 0.33718163 
0 396 12 22 0.32433972 
1012 357 10 16 0.3230323 
871 346 12 16 0.24121943 
45 381 16 21 0.23563321 
32 382 8 11 0.1747267 
981 342 11 14 0.14269868 
404 317 21 31 0.14269316 
850 356 11 15 0.10195757 
319 372 19 22 0.10093326 
425 322 30 35 0.08437391 
963 344 13 16 0.065918505 
975 341 12 16 0.058384493 
953 332 11 16 0.056654163 
441 347 44 53 0.05391416 
952 347 13 16 0.048695564 
812 381 14 17 0.048308685 
24 380 9 12 0.047462456 
812 367 15 20 0.046609037 
572 352 43 49 0.046467755 
497 333 23 26 0.044504493 
712 315 22 34 0.04198362 
38 380 13 17 0.039343126 
988 355 16 19 0.038800754 
819 361 14 19 0.038422637 
866 356 14 18 0.034241244 
400 293 22 32 0.03403847 
15 375 12 14 0.03185603 
399 311 15 22 0.03166156 
453 368 49 46 0.029313006 
30 377 9 12 0.02891116 
479 392 505 551 0.028780583 
808 361 13 18 0.028763626 
1007 401 13 16 0.028651424 
930 378 15 24 0.028607542 
986 348 15 18 0.028532822 
459 305 19 21 0.02731926 
999 420 23 35 0.027135225 
948 352 16 19 0.026371518 
838 355 11 17 0.026326532 
413 323 25 35 0.025491552 
711 314 13 23 0.02452282 
953 327 9 12 0.023924237 
791 347 13 19 0.02346505 
831 356 12 16 0.02337216 
509 289 44 55 0.022819951 
839 363 12 16 0.022283047 
795 352 13 18 0.021778919 
830 346 15 18 0.0215294 
960 448 23 33 0.020938769 
411 290 16 23 0.020844962 
31 380 26 32 0.020609753 
