2_Demonstration_Political_Rally_2_763
19
669 182 59 75 0.9994679 
440 196 47 64 0.9989899 
251 145 50 72 0.9989773 
740 218 51 58 0.99825007 
801 245 73 97 0.9982014 
529 156 92 123 0.9975896 
292 110 83 112 0.99521 
484 211 58 89 0.985679 
642 229 29 35 0.97825444 
1 58 27 35 0.8194846 
513 212 58 87 0.09839328 
5 52 16 18 0.06235154 
2 13 9 13 0.03779452 
2 120 15 22 0.03589114 
94 85 11 14 0.033984285 
0 50 12 17 0.03253981 
450 189 63 90 0.028559176 
60 12 10 12 0.026935779 
117 28 9 12 0.020027028 
