2_Demonstration_Political_Rally_2_791
113
397 355 62 82 0.99875987 
780 375 64 80 0.9986166 
544 303 72 92 0.9984641 
591 40 73 94 0.9983726 
647 278 72 91 0.99726784 
403 144 59 82 0.9970753 
860 522 26 32 0.9950393 
205 418 76 88 0.9950282 
993 519 26 31 0.99449617 
957 510 28 31 0.9917659 
21 545 36 39 0.9896857 
42 469 22 28 0.98097515 
924 493 21 26 0.9783165 
323 469 27 33 0.9759747 
489 540 38 44 0.9757214 
823 545 37 36 0.9637298 
330 543 40 40 0.9395292 
962 430 21 25 0.9328906 
855 493 21 27 0.9248641 
13 507 22 31 0.9064568 
59 440 18 22 0.8982261 
83 516 25 30 0.83664936 
588 482 18 26 0.8183506 
1005 493 18 32 0.77423894 
129 526 23 24 0.7679223 
942 552 28 32 0.707682 
1005 411 17 23 0.67262524 
972 386 16 18 0.5201691 
46 519 23 26 0.36798286 
309 429 28 38 0.34615067 
401 529 28 33 0.30085298 
91 482 27 34 0.250162 
681 518 32 45 0.19633909 
370 541 24 30 0.18504767 
971 391 21 26 0.17297187 
474 521 22 25 0.16576889 
656 493 24 27 0.162039 
962 338 15 19 0.15498312 
69 562 26 22 0.1348971 
893 494 15 19 0.12689553 
957 419 15 19 0.12608947 
733 543 43 45 0.12216562 
1015 370 9 16 0.11163373 
621 493 25 31 0.10343615 
1005 438 17 23 0.09614629 
948 469 13 20 0.09442505 
1014 341 9 15 0.09085381 
85 466 16 20 0.08941864 
312 382 53 62 0.08723186 
86 479 16 20 0.08720629 
996 345 13 16 0.08099959 
479 528 30 35 0.08005064 
26 476 16 20 0.07795325 
966 400 16 20 0.07645396 
944 328 14 17 0.07462734 
912 538 30 36 0.072133824 
105 456 15 18 0.06715789 
683 519 19 24 0.06714572 
28 452 15 19 0.06661845 
61 543 26 29 0.066569224 
316 446 34 41 0.06521621 
669 533 31 43 0.06481061 
332 455 27 36 0.062262543 
977 362 17 21 0.061798092 
696 515 27 45 0.05880477 
997 356 15 18 0.05624467 
937 349 16 19 0.055938408 
424 2 18 18 0.05187525 
957 426 17 22 0.050352424 
1000 399 19 27 0.04884423 
1012 469 12 25 0.045739375 
720 528 41 51 0.04389746 
1008 341 11 16 0.03698505 
161 555 42 29 0.036385417 
325 407 38 46 0.036223702 
104 483 25 32 0.034031812 
918 548 38 43 0.033029083 
964 381 15 19 0.03234618 
612 470 17 22 0.032063812 
123 515 24 31 0.031839155 
980 392 20 25 0.030419443 
310 553 36 33 0.030014293 
39 425 19 21 0.02985791 
343 511 25 27 0.029260043 
80 569 19 17 0.028021311 
997 395 16 22 0.02659388 
1013 458 11 21 0.025470693 
388 536 42 44 0.025205972 
745 531 37 42 0.024530722 
115 523 24 33 0.023999983 
979 305 13 17 0.023979763 
666 544 49 49 0.023776188 
1015 310 8 13 0.02369731 
988 369 13 18 0.02350619 
884 515 17 23 0.023357827 
972 308 14 18 0.023296794 
1014 322 9 15 0.022983745 
889 161 47 54 0.02265462 
300 206 46 51 0.022496518 
989 424 15 20 0.022300301 
56 518 24 29 0.022282736 
613 464 11 13 0.022109691 
992 564 27 21 0.021916509 
958 379 14 20 0.021874215 
947 329 20 28 0.0217214 
626 510 17 21 0.021186002 
799 530 26 33 0.02106683 
1015 299 8 15 0.021048682 
712 522 26 40 0.020937031 
952 536 25 31 0.020878352 
1008 333 10 14 0.020850448 
89 461 13 16 0.020120012 
358 525 28 37 0.020117335 
