2_Demonstration_Demonstrators_2_712
31
702 536 27 30 0.99513197 
889 424 36 47 0.9946523 
764 476 42 56 0.98807436 
646 534 43 55 0.9718768 
995 375 31 45 0.62892616 
681 530 24 35 0.5398893 
645 192 10 12 0.12072816 
679 610 34 35 0.07257561 
543 262 8 11 0.065749444 
114 569 25 31 0.06503076 
557 277 9 11 0.04121288 
818 508 37 59 0.03996222 
753 505 24 42 0.037254304 
351 328 7 10 0.034795925 
509 155 9 12 0.033418022 
683 515 23 32 0.030943528 
7 596 25 40 0.029988088 
290 344 8 10 0.029286154 
273 391 7 9 0.028339548 
594 526 10 13 0.026139908 
265 336 9 12 0.026015228 
576 535 10 12 0.025824541 
850 57 9 10 0.025595177 
655 77 445 545 0.025227293 
456 273 12 15 0.02451385 
905 67 20 22 0.02364565 
736 32 42 49 0.022468258 
269 335 11 13 0.022413883 
699 518 25 31 0.021290988 
287 589 7 9 0.020444399 
753 534 24 49 0.020047737 
