2_Demonstration_Demonstrators_2_28
276
171 381 26 33 0.99876153 
456 396 23 33 0.99716944 
658 610 54 64 0.9971656 
39 391 32 40 0.99614584 
514 442 29 38 0.9961422 
754 431 24 31 0.9960848 
387 430 24 32 0.9959935 
329 444 24 33 0.9956039 
597 506 35 44 0.99482524 
891 439 25 40 0.99367875 
978 479 28 37 0.992788 
330 514 34 43 0.9917189 
547 363 14 20 0.99151224 
603 385 22 29 0.9910171 
35 360 25 31 0.9907121 
250 396 23 30 0.98955274 
179 515 40 51 0.9864999 
87 478 35 47 0.9864922 
369 382 16 22 0.9848972 
843 519 42 53 0.9827602 
262 454 23 27 0.9801256 
297 427 21 29 0.9754489 
868 399 22 29 0.9708717 
715 402 14 19 0.96881735 
64 353 19 23 0.96814317 
442 496 28 33 0.9585245 
647 368 14 19 0.9582091 
491 389 20 27 0.95031184 
620 364 13 17 0.9493059 
285 369 18 23 0.93800503 
587 364 15 19 0.9340468 
36 551 41 58 0.9320579 
672 378 16 24 0.92694217 
261 362 21 25 0.9220141 
456 346 13 16 0.91374755 
421 354 15 17 0.9129273 
684 450 20 25 0.9115519 
494 561 34 54 0.9107084 
239 342 13 16 0.9101023 
477 368 18 22 0.9026026 
1004 443 19 35 0.9018107 
444 371 16 25 0.8971452 
768 352 13 18 0.890381 
564 370 15 19 0.8786064 
701 578 31 53 0.876296 
193 355 11 13 0.83801013 
805 392 13 19 0.8224208 
571 342 11 14 0.82174146 
526 345 8 11 0.80676323 
214 337 12 15 0.7787639 
182 608 46 65 0.7745398 
757 355 12 16 0.7626702 
498 370 13 16 0.7561546 
805 359 11 15 0.72591424 
436 464 23 32 0.66463506 
218 372 12 15 0.6478185 
713 357 9 13 0.6097642 
139 418 19 27 0.6019359 
677 594 49 61 0.5918548 
762 403 16 23 0.54951394 
996 342 8 10 0.5405892 
669 352 10 13 0.5397295 
831 329 9 11 0.53940344 
620 319 10 13 0.5025683 
0 363 12 22 0.5015393 
139 370 14 20 0.49227324 
459 526 26 35 0.48361918 
914 419 16 21 0.47725856 
795 333 7 9 0.46535754 
464 371 12 15 0.4617025 
153 366 21 26 0.43070647 
888 365 9 12 0.3964408 
564 321 9 11 0.3835912 
172 347 10 12 0.36930647 
588 321 8 11 0.36390054 
651 341 10 12 0.3610785 
840 391 14 19 0.35078198 
680 412 15 19 0.34862638 
998 353 14 19 0.32837188 
967 371 10 12 0.32424587 
665 333 8 11 0.31426868 
810 332 9 11 0.30360907 
229 321 8 10 0.28665817 
276 349 12 14 0.26050863 
511 352 10 12 0.2544429 
816 363 11 14 0.25102067 
640 326 8 11 0.23080994 
558 368 13 19 0.21968482 
324 311 9 11 0.21030842 
162 364 14 18 0.20982765 
703 357 9 15 0.20230733 
847 373 12 14 0.19962616 
694 351 9 10 0.19414032 
14 346 12 15 0.188379 
279 368 14 20 0.1827473 
956 366 12 15 0.18243866 
566 397 15 22 0.17103724 
629 363 11 15 0.16519019 
629 428 14 19 0.16056481 
471 319 10 11 0.15024789 
365 511 24 33 0.1475068 
417 355 12 15 0.14118889 
864 323 9 12 0.14017011 
330 341 12 15 0.13986039 
902 357 10 13 0.13948983 
834 367 10 12 0.13631403 
226 324 9 11 0.13354057 
407 377 12 17 0.13194987 
893 363 10 13 0.13153951 
64 340 12 14 0.12055102 
590 359 13 16 0.11839043 
173 334 9 10 0.116695285 
693 360 12 15 0.1114534 
596 356 10 13 0.11048132 
469 370 14 17 0.108399935 
282 408 15 19 0.10782234 
969 352 9 12 0.10573667 
492 380 15 19 0.104374595 
637 362 10 15 0.10186662 
640 345 8 10 0.10084533 
903 336 9 11 0.09953443 
839 327 8 12 0.09708277 
503 351 10 13 0.0950281 
3 385 15 20 0.09293887 
89 333 8 10 0.08674046 
476 348 12 14 0.08549366 
429 341 15 17 0.08522975 
613 336 9 10 0.08412103 
20 0 13 12 0.08406903 
573 365 12 16 0.08230723 
902 367 14 17 0.08142272 
896 359 11 13 0.07765603 
496 356 11 13 0.07586854 
856 328 9 11 0.07553266 
922 330 16 22 0.075380094 
895 335 10 12 0.07123549 
599 352 10 13 0.070259616 
960 350 10 12 0.06812424 
988 395 19 21 0.06806788 
797 329 8 10 0.06777018 
633 360 10 13 0.06749054 
582 342 12 14 0.06746291 
294 350 9 11 0.06587358 
447 509 29 35 0.06345667 
854 332 9 11 0.06342098 
662 330 9 10 0.06313696 
0 376 12 23 0.061586734 
960 291 12 15 0.06129202 
850 334 8 10 0.0592094 
616 350 10 12 0.058242653 
195 387 14 20 0.058043316 
939 404 15 18 0.057588376 
165 360 12 14 0.057521347 
431 380 12 19 0.05690783 
839 369 10 15 0.056030598 
676 350 10 12 0.055433355 
173 327 9 11 0.054909788 
770 404 14 21 0.053795904 
784 372 12 15 0.052914083 
308 232 17 18 0.051957686 
162 372 23 29 0.050921876 
935 316 10 12 0.050909247 
534 370 11 14 0.05075646 
106 358 15 18 0.050113566 
882 366 11 12 0.04815397 
885 369 11 14 0.047593534 
972 354 10 13 0.046743378 
710 371 11 15 0.046676807 
903 417 24 30 0.046670638 
1 428 18 32 0.04641544 
827 332 9 11 0.045925092 
424 358 17 21 0.04590275 
689 357 11 14 0.045770567 
188 374 15 17 0.045646522 
18 342 13 16 0.045041528 
627 444 13 22 0.04476307 
276 334 10 13 0.043934695 
906 359 11 13 0.043900106 
53 376 14 21 0.041944485 
522 348 9 11 0.04191098 
484 360 12 16 0.041126806 
469 159 14 18 0.041015588 
957 357 12 14 0.040097818 
1002 358 13 20 0.04004901 
819 359 11 14 0.039302997 
913 306 13 17 0.03907054 
993 338 9 11 0.038646515 
655 335 9 10 0.038526174 
115 363 14 17 0.038525797 
1016 317 7 13 0.038379442 
960 396 11 14 0.03821571 
105 359 23 28 0.03816601 
577 328 8 10 0.037865337 
982 351 10 12 0.03583609 
717 363 9 13 0.035545733 
333 335 11 13 0.03492308 
1005 382 10 13 0.034058154 
433 293 16 20 0.03338823 
528 374 11 15 0.03335265 
952 359 11 14 0.033157002 
562 253 9 11 0.032379754 
613 342 10 11 0.031874996 
903 429 21 33 0.031226942 
710 398 14 20 0.030481925 
61 381 15 20 0.030239034 
54 355 13 19 0.030225579 
267 391 14 24 0.030219924 
280 57 9 11 0.029794974 
287 348 11 13 0.029176813 
606 349 10 12 0.029143983 
967 376 12 15 0.0289998 
574 335 11 13 0.028530125 
348 511 26 37 0.0284728 
277 387 14 20 0.028170774 
124 363 12 19 0.028137233 
391 366 11 13 0.027615672 
443 146 13 15 0.02746954 
478 395 12 18 0.02733823 
683 379 14 18 0.027189834 
621 292 11 12 0.026970534 
649 337 8 11 0.026713189 
199 326 9 11 0.026710361 
678 356 10 13 0.026692703 
238 336 12 14 0.026687449 
159 359 13 17 0.026598409 
666 355 10 12 0.02656112 
476 51 12 19 0.026481826 
687 310 9 12 0.025978168 
741 373 13 15 0.025948921 
196 374 12 16 0.025895653 
396 373 13 17 0.02548859 
390 371 14 17 0.02542413 
684 405 14 17 0.024933267 
951 410 12 17 0.02454489 
897 351 10 13 0.024127435 
840 342 9 13 0.02407118 
441 477 27 32 0.023992667 
610 320 9 11 0.023929676 
837 360 9 12 0.02383945 
154 378 18 25 0.02369395 
294 357 13 13 0.023581972 
929 319 10 13 0.022983987 
199 340 11 12 0.022932062 
843 388 21 24 0.022770293 
173 357 11 13 0.02269246 
659 328 9 10 0.022665879 
971 366 11 14 0.022562176 
248 300 9 11 0.022516537 
292 345 10 11 0.022478625 
679 344 8 11 0.022403095 
110 350 11 13 0.022156823 
436 354 14 16 0.022138173 
9 525 27 37 0.022020265 
341 371 14 16 0.02192946 
646 360 12 15 0.021792931 
171 363 13 16 0.021784352 
340 377 14 18 0.02170037 
608 325 9 10 0.021682177 
798 390 16 19 0.021549482 
814 349 10 12 0.021506732 
209 372 11 14 0.021488555 
511 341 8 10 0.021327317 
859 357 11 13 0.02128177 
341 326 9 12 0.021075593 
603 355 12 15 0.021058392 
468 397 20 28 0.02099374 
848 328 7 10 0.020963635 
661 372 13 16 0.020937042 
724 390 15 18 0.02089513 
930 337 14 17 0.020834051 
191 340 9 12 0.020757727 
791 352 9 12 0.020601517 
444 319 12 14 0.02058167 
743 363 12 16 0.020119675 
431 368 21 26 0.020097315 
1012 356 11 17 0.020024573 
