2_Demonstration_Protesters_2_901
140
275 357 54 73 0.98484904 
581 169 36 47 0.9828305 
790 348 58 68 0.9592585 
447 350 60 66 0.95271736 
826 104 51 58 0.9430168 
509 652 83 114 0.9259052 
677 342 45 53 0.91742265 
405 364 42 61 0.8974524 
597 364 44 53 0.69206715 
934 502 27 41 0.6832494 
891 694 79 110 0.57159823 
541 194 28 39 0.526851 
145 344 46 68 0.41488314 
459 663 65 89 0.3085474 
639 385 33 38 0.23401132 
956 643 41 58 0.208147 
730 176 20 23 0.20746559 
67 629 64 84 0.19701602 
299 681 50 64 0.160689 
144 351 29 42 0.15580224 
494 334 41 58 0.15488121 
128 361 48 62 0.14798796 
748 349 47 64 0.14748743 
0 559 34 80 0.14718957 
125 596 49 77 0.13901706 
252 730 40 52 0.13606408 
61 652 84 120 0.12238049 
29 353 36 46 0.09073632 
687 208 26 32 0.09049489 
342 683 41 74 0.089238256 
268 679 31 38 0.08609732 
274 675 51 61 0.080861546 
0 347 48 77 0.07920535 
761 384 28 37 0.07759329 
860 95 47 65 0.07754997 
724 207 43 54 0.07287745 
583 371 34 35 0.07034095 
763 355 55 71 0.06699403 
534 452 34 52 0.06347165 
779 127 33 41 0.062098406 
741 292 45 73 0.061750766 
758 131 46 62 0.057921868 
889 1 39 28 0.057732344 
279 606 38 43 0.057453703 
576 502 39 52 0.05539126 
325 323 30 36 0.05480212 
749 549 51 60 0.05477768 
823 778 76 60 0.05468979 
440 367 30 43 0.05088427 
85 664 93 141 0.050677165 
5 268 43 60 0.05035865 
782 218 43 45 0.050076704 
471 579 161 184 0.04966783 
162 348 57 83 0.049166624 
128 351 26 39 0.049115587 
270 726 28 43 0.047686312 
113 417 24 33 0.04705167 
344 763 23 31 0.04604111 
850 732 110 106 0.045881532 
345 687 26 44 0.04326206 
-1 359 27 53 0.043081786 
107 606 49 74 0.040911026 
515 330 42 59 0.04051176 
1 190 28 35 0.040357683 
455 555 96 149 0.039688278 
379 353 52 67 0.03936842 
731 632 101 141 0.038929317 
628 393 41 51 0.038594816 
191 639 39 50 0.03854975 
551 486 54 72 0.03804347 
105 456 50 68 0.037774235 
483 682 63 87 0.037495337 
442 514 56 80 0.03673325 
38 338 46 61 0.03664628 
366 679 42 66 0.03648495 
536 463 46 69 0.03618643 
879 85 52 78 0.03611677 
912 222 83 145 0.035642605 
115 350 28 40 0.03404459 
615 374 38 46 0.03362762 
571 358 34 41 0.03317795 
751 129 33 41 0.032567564 
482 632 69 93 0.03245241 
71 423 44 71 0.032324832 
749 377 31 37 0.031860035 
137 343 27 39 0.031677037 
232 733 49 71 0.03159322 
314 333 45 64 0.031476796 
31 199 25 27 0.031134503 
71 457 83 111 0.03109758 
106 385 49 61 0.030788053 
264 658 82 99 0.029507525 
168 192 71 66 0.029121138 
933 653 49 78 0.02906141 
389 673 47 64 0.028833091 
756 336 33 46 0.028605832 
744 356 34 41 0.028222805 
471 450 51 62 0.02805494 
436 651 59 89 0.027722387 
801 637 81 109 0.027702786 
11 325 57 77 0.02762949 
565 405 46 54 0.027108986 
335 692 25 39 0.026709199 
708 280 46 66 0.026409648 
304 671 39 45 0.025252799 
822 659 50 71 0.025032178 
321 691 45 71 0.024799937 
577 397 33 38 0.024711207 
465 477 97 111 0.024523648 
777 754 131 94 0.024504265 
128 584 35 58 0.024449954 
584 488 55 71 0.024184788 
422 687 118 136 0.023691209 
115 680 98 165 0.023545275 
564 348 31 40 0.023393525 
470 342 39 50 0.02328186 
963 719 27 42 0.02288056 
465 547 66 90 0.022812553 
771 219 34 38 0.022635613 
740 146 43 60 0.022556463 
940 507 36 51 0.02247482 
867 636 52 68 0.02231414 
110 327 79 102 0.021930879 
141 611 56 71 0.0219304 
8 758 61 90 0.021809129 
431 542 46 88 0.021509834 
819 112 31 40 0.02141025 
109 282 55 67 0.02134566 
832 628 81 99 0.021288354 
58 325 92 114 0.021242028 
420 357 33 49 0.020993397 
952 707 48 70 0.020931723 
78 437 56 81 0.02087205 
9 681 90 156 0.020752149 
30 87 53 61 0.020553706 
751 198 46 60 0.020539442 
584 389 49 58 0.02034453 
816 333 52 73 0.020179464 
57 499 51 75 0.020038128 
762 118 37 43 0.020014394 
