2_Demonstration_Political_Rally_2_64
100
633 459 31 34 0.99800426 
584 394 31 33 0.99324155 
851 384 29 35 0.9926472 
791 260 21 30 0.98137075 
639 397 15 25 0.9194554 
635 296 8 11 0.7648504 
704 334 18 23 0.7296311 
519 353 23 28 0.5931689 
676 342 15 18 0.38773057 
559 295 9 11 0.32752272 
419 450 13 18 0.3158125 
397 358 9 10 0.2975411 
508 357 15 22 0.26687673 
293 355 10 12 0.15058756 
553 286 7 10 0.13702376 
654 356 15 19 0.12114716 
526 286 10 12 0.119507 
925 184 9 11 0.09891853 
910 250 10 13 0.089565925 
580 357 13 17 0.087959096 
667 376 13 17 0.081677906 
894 339 9 13 0.07620024 
629 377 10 14 0.06947089 
720 339 16 21 0.0691143 
945 287 25 32 0.068126105 
197 260 9 11 0.067836195 
507 349 12 18 0.067730166 
215 301 7 9 0.0656625 
295 421 14 16 0.06438184 
269 427 13 14 0.063093506 
672 341 12 16 0.06156373 
620 397 15 20 0.056768235 
574 356 11 15 0.05630593 
462 340 10 12 0.05077463 
567 356 12 16 0.04772842 
125 20 12 16 0.04604928 
643 358 17 17 0.045810726 
490 317 15 20 0.04576809 
610 464 14 17 0.04429409 
148 18 14 19 0.04396235 
866 378 25 34 0.04346529 
66 116 17 21 0.042443227 
424 423 9 10 0.042352326 
529 359 20 24 0.04189797 
46 127 10 12 0.040760342 
523 364 16 20 0.038885634 
627 393 14 22 0.038732722 
904 248 10 15 0.03841017 
263 224 8 10 0.037883695 
587 361 18 19 0.037058488 
582 330 12 14 0.03700276 
281 224 7 9 0.03367567 
158 183 11 14 0.032816574 
253 242 11 12 0.032457657 
727 407 12 17 0.031619307 
325 415 25 40 0.031296827 
709 381 22 26 0.03074582 
638 308 8 12 0.030205758 
298 225 7 9 0.03017994 
573 351 10 14 0.030062973 
448 349 9 13 0.029952198 
520 285 12 14 0.029076684 
535 272 9 12 0.028376069 
446 342 8 11 0.028338183 
469 461 12 14 0.027796833 
262 216 8 9 0.027738487 
922 187 9 12 0.027684009 
440 342 9 10 0.027042404 
697 337 12 17 0.026967704 
315 416 24 33 0.026161062 
669 440 12 15 0.026028113 
624 375 10 13 0.024782214 
525 340 16 17 0.024732873 
896 254 8 11 0.024639342 
403 423 8 10 0.024477733 
638 362 17 19 0.024410648 
555 294 8 11 0.024389712 
315 420 14 18 0.02437957 
915 251 11 14 0.024348104 
311 375 9 11 0.024027158 
723 426 11 15 0.023912916 
552 335 9 11 0.023677008 
301 480 13 18 0.023379955 
531 284 10 13 0.023280527 
713 334 16 20 0.022919482 
457 339 10 14 0.022868574 
558 288 9 11 0.02252906 
536 364 19 22 0.0222236 
826 354 24 25 0.022145895 
491 430 26 31 0.021690402 
453 349 10 13 0.021536812 
302 304 9 9 0.02139404 
356 422 10 13 0.021313127 
880 276 20 28 0.021291824 
183 215 9 11 0.020701176 
227 191 7 9 0.020687653 
551 343 10 13 0.020326683 
892 129 11 14 0.020227883 
144 235 11 12 0.020126306 
578 363 19 22 0.020079508 
