2_Demonstration_Protesters_2_362
46
235 370 60 85 0.99831486 
811 407 75 75 0.99477744 
885 522 20 33 0.8256519 
868 533 20 29 0.7561633 
419 497 11 15 0.5271737 
452 507 14 17 0.40581897 
382 519 13 15 0.18983416 
359 495 8 9 0.18555008 
676 506 20 29 0.1834728 
866 0 14 12 0.17048326 
366 494 8 10 0.12142382 
313 331 18 20 0.118084565 
144 466 25 37 0.10924767 
354 495 9 11 0.09965372 
694 562 30 42 0.09560847 
939 458 26 32 0.053639278 
981 474 12 14 0.05315749 
375 516 15 18 0.05185726 
448 477 9 13 0.050915096 
400 496 9 11 0.050759856 
1012 470 10 15 0.04705097 
447 503 14 17 0.040144574 
400 500 10 14 0.037991986 
701 533 9 11 0.037077047 
431 501 10 14 0.030449599 
70 411 71 70 0.030156491 
380 521 21 25 0.029332614 
919 623 9 11 0.026747998 
264 344 9 10 0.025867932 
930 445 27 41 0.02585042 
991 567 10 13 0.024771411 
999 501 10 11 0.024638578 
976 467 26 27 0.024563521 
975 464 46 41 0.024551831 
989 501 10 11 0.02326597 
321 436 27 40 0.023250073 
859 541 28 31 0.02203722 
624 440 23 30 0.021736685 
366 490 8 9 0.021617915 
455 493 9 11 0.021231305 
459 513 12 15 0.020985058 
968 486 27 26 0.020930707 
360 490 8 10 0.020675277 
345 15 9 10 0.020611938 
675 497 40 52 0.02030411 
1002 462 19 30 0.0200347 
