2_Demonstration_Demonstrators_2_713
133
397 310 24 28 0.96714216 
94 377 51 68 0.9656413 
298 314 16 20 0.83607084 
555 341 27 33 0.7121595 
362 387 26 37 0.4953282 
685 325 17 21 0.4245866 
264 239 10 13 0.37902024 
857 315 18 21 0.29421803 
517 327 26 42 0.27871984 
272 292 17 23 0.27456084 
468 373 26 30 0.14700289 
484 254 15 21 0.12502716 
548 366 25 35 0.12004034 
575 283 10 11 0.11893174 
324 238 13 15 0.11170491 
110 231 9 12 0.10942311 
525 259 10 12 0.10709752 
372 245 8 11 0.10169314 
492 243 12 15 0.08843339 
92 230 10 13 0.08741411 
573 264 10 11 0.08562236 
47 211 9 12 0.079555765 
487 245 13 17 0.07785896 
600 268 11 13 0.07764186 
540 317 38 53 0.07390517 
301 301 14 16 0.072061494 
491 257 15 20 0.07182869 
934 276 14 18 0.07154082 
558 272 8 11 0.07075554 
388 370 25 39 0.06843273 
478 367 30 32 0.06799099 
634 251 15 20 0.061473485 
591 255 8 10 0.06103518 
460 262 10 13 0.057481084 
520 460 30 41 0.055548538 
37 122 14 17 0.052069474 
157 234 12 14 0.051760856 
523 330 16 27 0.0503055 
338 290 17 20 0.0494011 
417 283 11 13 0.049080767 
591 260 9 11 0.048448913 
441 300 9 12 0.048431247 
529 320 24 36 0.047881715 
667 387 31 34 0.04423127 
357 228 13 18 0.04216438 
430 262 9 11 0.041687757 
500 278 15 24 0.040321764 
266 242 11 14 0.040226504 
37 323 17 19 0.039893072 
461 291 11 13 0.03944764 
206 227 14 17 0.039406154 
1005 245 8 11 0.03866889 
430 254 9 12 0.037887003 
80 286 12 17 0.03666743 
254 125 13 18 0.03569396 
522 256 10 12 0.035470057 
446 294 8 11 0.03537298 
274 211 12 14 0.034989227 
257 237 12 15 0.03410191 
285 260 10 15 0.033642065 
532 333 29 36 0.032647584 
307 309 13 18 0.032441124 
186 322 15 21 0.031737756 
274 337 16 23 0.03103282 
547 426 15 18 0.03098339 
48 237 11 14 0.030831268 
196 254 12 16 0.030630631 
515 275 15 20 0.030619849 
669 412 14 17 0.03060898 
388 268 12 15 0.030450387 
570 268 9 12 0.02955508 
542 261 9 11 0.029448468 
350 235 14 19 0.029145004 
499 265 13 18 0.02909698 
290 371 14 17 0.028983297 
308 224 16 21 0.028907863 
38 198 10 11 0.028865851 
197 221 15 19 0.0287089 
369 240 10 13 0.028653141 
437 262 10 13 0.028459134 
301 226 16 20 0.028290614 
475 242 39 50 0.027780961 
56 229 10 13 0.027643632 
603 264 11 13 0.027449334 
464 390 27 36 0.026095647 
166 245 13 18 0.02523928 
173 249 13 17 0.025094729 
481 309 25 30 0.024709111 
189 219 14 19 0.02435991 
32 191 9 11 0.0242956 
315 224 14 19 0.024263598 
374 373 24 36 0.024185471 
457 266 9 12 0.023964586 
534 318 13 20 0.023783505 
599 273 11 14 0.023625888 
488 279 25 33 0.023470549 
628 317 12 16 0.02338039 
794 259 14 18 0.02316284 
53 236 12 15 0.023103712 
289 313 13 18 0.023025872 
1001 245 8 11 0.022792619 
33 197 9 11 0.02272229 
440 268 9 12 0.02261171 
100 258 14 17 0.022391804 
56 206 10 12 0.022332342 
142 210 11 15 0.022151763 
23 299 13 15 0.022141807 
188 312 13 16 0.022110712 
302 205 12 14 0.02183655 
212 253 14 18 0.021641754 
590 331 11 15 0.02163199 
533 261 10 12 0.021483647 
70 212 10 12 0.021390026 
106 235 9 12 0.021379594 
224 246 11 16 0.021288142 
506 273 20 27 0.021122826 
675 238 24 31 0.021010682 
578 280 11 12 0.020995729 
872 348 13 16 0.020703897 
431 246 9 13 0.020686738 
430 267 9 12 0.020667981 
870 261 9 11 0.020667352 
244 227 13 15 0.020608824 
425 268 10 12 0.02049124 
274 416 17 21 0.02046313 
17 205 9 13 0.02043535 
855 267 13 16 0.02039144 
558 314 15 16 0.02036143 
71 206 10 12 0.020312151 
669 404 25 30 0.020192105 
847 315 13 19 0.020144511 
88 233 12 14 0.020123681 
156 129 15 21 0.020034174 
