2_Demonstration_Demonstration_Or_Protest_2_655
51
278 111 26 31 0.99373394 
513 95 21 26 0.907252 
76 183 13 18 0.8317202 
681 64 27 35 0.6571944 
15 210 22 28 0.4792279 
629 124 10 15 0.47636244 
84 126 15 18 0.3396193 
226 104 18 21 0.25471464 
14 176 11 12 0.11634235 
634 119 16 18 0.11499858 
317 151 23 29 0.11452564 
161 211 29 42 0.10923188 
807 156 11 14 0.10741114 
14 203 14 21 0.09902901 
495 9 15 18 0.077362575 
494 13 22 30 0.07240796 
478 63 15 21 0.0713696 
104 124 49 58 0.07116701 
117 191 39 52 0.06250128 
335 109 13 21 0.05929392 
285 59 13 19 0.052265026 
383 380 21 23 0.049611975 
41 269 11 12 0.046569947 
474 50 24 32 0.04121872 
109 148 14 21 0.0370906 
350 95 23 32 0.036970638 
376 61 9 12 0.03549369 
206 150 13 18 0.034515705 
862 89 22 31 0.033201147 
222 109 17 21 0.03265156 
351 204 12 15 0.031462442 
25 208 25 29 0.030506622 
290 56 13 19 0.029858474 
242 175 24 27 0.029624568 
126 207 44 49 0.029449036 
335 384 29 35 0.029355684 
615 35 12 14 0.028982593 
124 147 30 34 0.02887504 
109 141 27 34 0.026064632 
481 72 15 18 0.025513433 
371 202 13 14 0.024276754 
54 334 116 137 0.022979394 
902 95 8 9 0.022755783 
18 180 12 13 0.022357294 
255 120 15 20 0.02206984 
24 130 12 15 0.022057831 
274 71 16 22 0.021936864 
92 99 16 17 0.020907767 
84 115 25 30 0.020483984 
483 43 15 19 0.020435225 
43 205 18 23 0.020199984 
