2_Demonstration_Political_Rally_2_267
20
749 307 30 37 0.99362457 
772 399 25 32 0.7186052 
100 401 23 31 0.67611 
196 366 17 21 0.5734033 
815 354 25 42 0.44807595 
453 318 18 30 0.35631537 
711 397 23 30 0.27750722 
141 352 27 35 0.20190711 
442 335 22 25 0.19088396 
0 366 30 68 0.10608756 
339 271 23 38 0.10528198 
198 433 23 27 0.102682605 
114 444 18 25 0.059342787 
191 371 24 30 0.056078527 
586 301 25 52 0.044928063 
563 293 46 54 0.036638662 
846 315 24 33 0.03361464 
67 391 25 30 0.033524506 
317 268 43 51 0.030664504 
89 406 27 32 0.027218731 
