2_Demonstration_Demonstrators_2_162
31
245 353 70 63 0.99444205 
585 347 37 50 0.9941104 
624 362 21 32 0.96984655 
655 354 40 57 0.9691992 
498 389 34 63 0.8939524 
473 358 10 12 0.68318284 
556 437 40 62 0.45680428 
640 584 59 76 0.16222256 
416 433 38 49 0.14969547 
547 279 11 13 0.13103157 
633 360 37 55 0.12812403 
552 301 11 14 0.12201035 
320 433 47 50 0.11391489 
487 281 12 15 0.09188488 
477 404 31 43 0.069257446 
464 341 11 14 0.05910151 
367 363 15 20 0.054109022 
425 444 41 52 0.04920502 
605 356 28 38 0.04628285 
524 279 11 13 0.041220717 
393 318 10 12 0.039008804 
617 360 34 52 0.03736644 
339 373 12 13 0.037363634 
472 352 10 12 0.035317216 
325 380 11 14 0.032382187 
550 295 12 15 0.03109609 
326 415 36 48 0.027928464 
430 460 48 60 0.027678143 
597 139 52 63 0.023519209 
406 441 31 40 0.022512153 
592 551 115 113 0.02097358 
