2_Demonstration_Protesters_2_826
144
894 239 63 77 0.999642 
627 74 31 43 0.9987772 
606 143 35 40 0.99826753 
580 75 27 35 0.99820054 
500 155 27 37 0.99610883 
704 201 52 69 0.99453014 
546 169 40 54 0.99300367 
518 69 14 18 0.98861396 
514 122 22 26 0.9601105 
549 66 12 16 0.9502601 
57 91 27 33 0.945382 
427 86 14 20 0.93212265 
564 55 17 26 0.9263365 
616 66 13 17 0.8952076 
91 83 12 15 0.84692717 
544 104 17 25 0.8355826 
214 83 14 16 0.81986725 
257 70 9 12 0.6824966 
180 119 12 15 0.63984996 
404 89 11 15 0.6006559 
854 93 21 31 0.47289142 
230 104 14 19 0.36121288 
491 80 11 12 0.32614467 
534 75 12 15 0.30762318 
130 101 19 20 0.27223352 
314 98 16 21 0.23623942 
546 32 9 11 0.22699553 
382 86 10 13 0.22265685 
400 186 30 51 0.21292137 
472 155 17 22 0.2016344 
182 85 8 11 0.17591137 
338 146 24 31 0.17392914 
360 89 23 26 0.17107652 
141 100 14 21 0.16570792 
206 72 9 12 0.1556409 
401 57 8 10 0.15361974 
779 87 13 15 0.15179405 
374 200 48 48 0.13277222 
687 74 15 22 0.13095069 
375 86 12 15 0.116380006 
203 106 12 16 0.11417926 
254 44 8 10 0.10268982 
286 40 8 10 0.09907118 
672 55 11 14 0.09466601 
512 66 11 17 0.09462343 
413 68 9 11 0.09242877 
387 84 11 15 0.082896054 
157 80 9 10 0.08197241 
510 63 9 14 0.07852237 
626 67 15 20 0.07483313 
234 76 9 12 0.07481987 
152 84 9 11 0.072335996 
1010 88 13 21 0.0717549 
484 69 10 12 0.070684716 
148 104 11 17 0.06642809 
140 133 15 18 0.065344155 
505 66 10 13 0.06313933 
184 80 8 11 0.058446657 
602 65 13 16 0.057780627 
0 123 11 22 0.053123564 
992 157 8 10 0.051992487 
259 74 11 13 0.051369615 
212 114 13 14 0.050831567 
282 39 8 11 0.04960433 
97 83 13 15 0.046983715 
190 77 8 11 0.04511396 
319 39 8 11 0.04374411 
726 128 13 17 0.04316599 
310 94 14 21 0.042722307 
328 62 8 10 0.042690676 
321 102 16 20 0.040212262 
18 8 29 34 0.04011267 
363 207 39 34 0.03954501 
270 127 20 28 0.03923036 
207 91 14 17 0.0382261 
352 63 8 10 0.0377354 
225 100 13 18 0.036637865 
311 69 8 11 0.034928855 
456 60 9 12 0.034657255 
454 72 11 17 0.034643054 
443 138 24 29 0.03414268 
206 111 14 17 0.033642203 
282 45 7 10 0.03354142 
390 64 9 11 0.03344049 
757 108 13 20 0.03299092 
467 429 21 27 0.03286217 
784 62 10 13 0.032441597 
352 92 23 27 0.0324025 
236 71 10 13 0.031879082 
454 55 8 11 0.031735867 
339 137 40 50 0.031673767 
202 72 9 11 0.030560218 
485 109 14 19 0.030259961 
334 60 8 10 0.030071639 
407 63 8 10 0.029993497 
287 70 9 13 0.029957553 
925 184 13 18 0.029784497 
352 92 13 18 0.02882816 
247 83 11 16 0.027986666 
2 127 16 23 0.027100435 
356 183 47 49 0.026779141 
321 55 8 9 0.02668672 
59 67 10 12 0.025950087 
468 54 9 12 0.025763864 
127 72 8 10 0.025108725 
16 95 12 18 0.025013529 
175 113 10 13 0.025011495 
366 76 13 15 0.024840677 
199 85 9 12 0.024829948 
125 95 16 18 0.024827588 
218 80 13 15 0.024465328 
686 85 14 22 0.024239091 
689 74 21 34 0.024223723 
481 65 9 11 0.024222454 
256 65 9 12 0.024200886 
218 88 14 17 0.02410345 
46 90 25 30 0.023854462 
405 97 13 18 0.02383687 
305 131 22 27 0.023815678 
192 84 9 12 0.023383947 
436 97 17 19 0.023266437 
249 40 8 11 0.023058558 
712 60 12 16 0.022974186 
884 81 14 16 0.022678291 
501 77 12 15 0.022652416 
831 85 22 29 0.022575507 
357 118 16 21 0.022507502 
304 63 9 12 0.022469368 
460 60 10 11 0.022270843 
125 108 18 22 0.022055589 
414 106 11 16 0.021956373 
373 79 12 14 0.021844262 
357 88 15 20 0.021711828 
430 63 8 9 0.021138132 
548 55 12 15 0.021049527 
188 195 24 31 0.021042792 
389 89 11 15 0.020952607 
192 73 9 11 0.020911442 
363 122 18 20 0.020903444 
319 45 9 10 0.020434137 
784 84 15 17 0.02041415 
40 102 44 47 0.020296186 
199 92 9 13 0.020143827 
1 84 8 14 0.020092264 
