2_Demonstration_Demonstrators_2_488
19
226 41 120 152 0.99978226 
512 -1 137 142 0.9995196 
0 73 36 53 0.9906125 
466 99 78 116 0.95006055 
976 118 48 105 0.8684952 
383 0 53 41 0.7451578 
170 38 37 54 0.4840755 
178 28 53 68 0.1352149 
944 165 35 49 0.124002464 
414 3 58 50 0.122038506 
194 15 62 74 0.07178874 
91 121 26 34 0.06699064 
952 127 54 91 0.06687458 
153 167 30 33 0.030806992 
269 1 49 32 0.028288322 
994 159 29 64 0.027156943 
144 28 48 66 0.026159385 
442 6 44 45 0.022288898 
969 1 18 18 0.02063498 
