2_Demonstration_Political_Rally_2_57
63
212 146 34 45 0.9992853 
492 165 33 42 0.99876344 
896 255 32 41 0.99786276 
279 145 28 36 0.99763703 
782 146 31 42 0.9974043 
945 171 27 35 0.99709666 
758 144 27 35 0.99696285 
358 143 34 40 0.9962476 
587 132 35 49 0.9961099 
147 134 30 34 0.99602145 
526 157 31 35 0.99596965 
664 182 29 39 0.9952188 
829 122 28 42 0.9951557 
78 139 34 46 0.9942517 
385 123 27 36 0.99393 
484 309 51 65 0.98972815 
920 171 24 33 0.9880953 
275 199 33 46 0.98807985 
260 130 20 29 0.98369724 
929 217 23 28 0.97190756 
444 79 19 23 0.9680291 
465 153 21 30 0.95519155 
103 120 29 33 0.9522587 
488 135 21 31 0.91970557 
1 126 19 38 0.87248296 
644 148 22 32 0.8470835 
933 154 21 28 0.82379174 
106 152 19 29 0.52629405 
10 128 20 30 0.43815246 
939 162 24 31 0.35251248 
670 121 11 15 0.28433147 
988 238 17 20 0.23777112 
341 151 23 29 0.2233929 
270 131 21 29 0.18460254 
287 118 13 18 0.11112489 
106 137 24 32 0.105810694 
851 234 23 29 0.09844856 
370 129 34 45 0.08489801 
283 121 20 25 0.08368677 
580 132 12 14 0.07530857 
472 106 21 28 0.055632945 
21 113 14 16 0.048709236 
154 83 13 14 0.046075508 
404 148 17 25 0.04411586 
557 117 9 12 0.042726252 
554 175 16 24 0.042650882 
669 129 12 16 0.04078384 
449 204 10 14 0.038194675 
476 133 14 19 0.037769523 
492 118 11 12 0.035244204 
434 151 14 20 0.03458937 
460 45 10 12 0.03382326 
477 142 25 31 0.030345486 
61 69 13 15 0.02689469 
1006 185 18 26 0.026850425 
817 131 27 37 0.025054412 
653 152 26 32 0.02445605 
117 169 13 19 0.023720426 
966 148 13 16 0.02316667 
27 144 15 20 0.0221296 
568 102 8 10 0.021704687 
237 88 8 11 0.021317728 
972 183 15 24 0.02040982 
