2_Demonstration_Protesters_2_268
29
281 242 32 38 0.99836725 
398 240 29 33 0.9973902 
845 211 35 43 0.99720037 
74 208 41 53 0.9938465 
592 208 35 42 0.99298906 
366 244 25 29 0.98657113 
535 259 26 30 0.9863284 
190 213 27 53 0.89972293 
988 257 23 27 0.8868748 
695 239 15 22 0.49987513 
1012 149 10 15 0.43821162 
752 212 18 35 0.3141996 
389 239 23 34 0.088424474 
254 232 20 28 0.08624377 
480 232 27 35 0.07677454 
467 246 30 30 0.030696921 
927 247 8 10 0.029399216 
1013 131 9 14 0.027724238 
518 266 12 14 0.027676117 
664 305 16 20 0.026769718 
813 152 8 10 0.026576221 
349 214 9 10 0.025950462 
642 235 16 20 0.02574063 
740 568 15 17 0.025038578 
460 233 16 22 0.023790564 
687 564 12 15 0.022449184 
894 259 10 13 0.021323523 
18 242 15 17 0.020797282 
928 157 10 12 0.020019555 
