2_Demonstration_Demonstration_Or_Protest_2_360
331
856 606 63 71 0.9980965 
619 592 27 37 0.9976139 
651 624 50 59 0.9964478 
680 561 26 31 0.99502665 
475 576 28 35 0.9886763 
555 569 25 29 0.9881639 
954 587 53 61 0.9880895 
777 585 26 29 0.98670006 
512 604 44 58 0.98626745 
560 651 54 55 0.98004144 
500 554 20 27 0.96762854 
615 550 22 27 0.9623899 
665 543 16 20 0.96061146 
583 557 22 27 0.9595653 
538 542 18 21 0.9493937 
145 601 29 38 0.9479665 
519 530 12 15 0.9461772 
782 551 22 26 0.9298744 
319 563 19 25 0.9222751 
798 530 16 19 0.91902375 
196 638 46 47 0.83101195 
646 571 18 21 0.8078308 
246 559 21 29 0.79315674 
345 588 17 20 0.773802 
368 579 15 19 0.75903463 
818 535 18 21 0.7066863 
373 559 12 15 0.62316775 
417 547 11 15 0.59953094 
327 644 37 46 0.5331211 
436 578 14 17 0.5290944 
577 539 15 17 0.49638048 
597 537 14 15 0.49319178 
924 571 24 42 0.476343 
192 528 11 13 0.46532613 
355 598 18 21 0.45284256 
139 548 15 20 0.4398956 
458 545 16 19 0.42839587 
882 375 28 27 0.383167 
785 626 36 39 0.37905192 
748 533 11 15 0.37525657 
991 557 31 50 0.3745316 
388 487 9 12 0.3737359 
395 561 14 16 0.34778574 
142 571 14 18 0.33880043 
325 626 27 39 0.32468775 
399 540 9 11 0.29845318 
278 567 9 12 0.27899706 
276 547 11 14 0.24403428 
173 532 8 10 0.23691839 
309 553 11 16 0.23454669 
400 549 12 15 0.22792822 
407 513 11 15 0.20168364 
333 493 8 9 0.19860777 
461 511 12 14 0.19001026 
451 539 15 22 0.18283674 
904 519 11 13 0.18253753 
339 556 12 14 0.18244028 
778 517 8 10 0.17421779 
612 536 10 13 0.17016661 
389 636 33 41 0.1636177 
862 525 13 16 0.1528964 
11 538 11 15 0.1506055 
767 533 9 11 0.14872932 
312 492 11 13 0.14774452 
33 564 24 28 0.14711559 
8 533 10 13 0.14457312 
818 579 27 30 0.14371033 
123 606 22 31 0.1397909 
440 665 34 29 0.13929333 
684 531 10 13 0.13835011 
380 547 11 13 0.13711716 
40 542 10 12 0.13655022 
755 571 17 22 0.1335029 
908 522 11 13 0.13323401 
447 537 13 21 0.12614335 
145 574 19 22 0.12609337 
57 641 55 61 0.12481492 
1 621 16 17 0.12444855 
453 573 13 19 0.119056635 
348 538 11 14 0.117561035 
102 593 25 29 0.11579242 
775 532 9 11 0.11567184 
422 493 8 10 0.1092778 
76 638 32 43 0.10803258 
766 556 12 14 0.10248575 
209 672 36 41 0.10225325 
433 475 10 13 0.099693745 
29 571 15 19 0.09916205 
144 611 42 53 0.0977999 
479 518 10 13 0.09725009 
907 546 20 20 0.09671312 
487 540 11 13 0.09553663 
825 533 13 15 0.093945995 
813 510 9 9 0.093675695 
376 543 11 13 0.090954185 
851 377 18 18 0.089907065 
434 558 9 12 0.08530801 
61 547 11 14 0.083704285 
42 594 26 31 0.08308532 
380 578 14 20 0.082923636 
908 355 10 13 0.08134712 
211 575 27 26 0.079207055 
50 624 16 17 0.075345635 
30 529 9 11 0.07430484 
21 611 11 14 0.07427959 
604 538 12 16 0.07395711 
317 556 12 17 0.07304765 
414 471 10 12 0.072608344 
347 503 7 10 0.07234488 
101 549 15 19 0.07218061 
855 523 13 15 0.07180543 
368 542 9 12 0.0705825 
803 497 7 10 0.069973595 
211 630 34 40 0.068980545 
526 517 9 10 0.067981824 
873 385 49 46 0.06779078 
1009 516 9 11 0.06744627 
446 573 13 19 0.0674436 
815 524 10 12 0.067033626 
261 581 15 19 0.06702633 
0 532 8 11 0.06702214 
933 349 15 17 0.06678919 
133 499 11 13 0.06500595 
301 535 10 12 0.064932615 
132 553 21 26 0.06408943 
157 540 9 12 0.062910154 
316 488 10 12 0.061562426 
153 535 9 11 0.059047054 
897 513 9 10 0.058079503 
397 501 9 11 0.056693427 
337 551 9 11 0.056246318 
672 425 88 138 0.056133986 
368 537 8 10 0.055166196 
962 530 15 20 0.05486789 
758 524 10 12 0.053536423 
930 575 42 57 0.05166211 
221 552 14 16 0.051527154 
400 555 14 16 0.051051855 
886 524 10 13 0.05102362 
44 629 27 30 0.050991748 
422 566 12 14 0.05094052 
93 549 14 18 0.05090975 
681 527 10 13 0.050872628 
259 565 15 23 0.050635725 
454 462 10 12 0.049904317 
182 625 12 18 0.049110875 
0 500 10 17 0.048886556 
575 537 12 14 0.04877163 
813 557 17 20 0.048563607 
65 648 32 37 0.048428267 
47 524 9 12 0.048246253 
567 530 8 9 0.047940526 
749 527 12 15 0.047225926 
465 546 15 19 0.04676382 
780 531 11 13 0.046642356 
378 560 14 17 0.04653676 
6 557 11 14 0.046520766 
562 533 9 12 0.046387974 
402 563 12 14 0.045645732 
304 560 11 15 0.04534287 
570 612 36 40 0.045040853 
29 578 27 30 0.045022316 
314 534 9 12 0.044947755 
38 556 13 14 0.04365553 
760 533 10 14 0.04359467 
694 511 9 12 0.04326931 
210 562 26 27 0.04287143 
152 539 10 14 0.042551424 
392 581 22 28 0.041770536 
237 563 14 21 0.041247588 
401 487 8 10 0.041126035 
271 573 21 27 0.040833957 
816 519 9 10 0.04031734 
418 493 8 10 0.04027068 
49 613 25 26 0.039962348 
89 548 12 15 0.039892342 
59 601 25 29 0.03983969 
596 565 15 21 0.039601192 
353 590 15 18 0.03930771 
992 529 18 21 0.0388285 
277 556 12 14 0.03881581 
166 520 8 9 0.03857705 
162 609 29 37 0.038404897 
329 489 8 10 0.038161132 
15 526 9 10 0.03810388 
927 350 11 14 0.037305735 
814 542 16 21 0.03712022 
926 355 12 16 0.03706041 
610 527 8 10 0.03700169 
403 631 37 46 0.03681934 
732 553 20 31 0.035781037 
796 517 9 11 0.03576112 
173 619 27 34 0.035755903 
330 542 8 11 0.035198454 
387 578 16 21 0.034815773 
470 620 32 42 0.03467635 
632 541 13 15 0.03460638 
38 547 14 15 0.034507584 
879 518 10 13 0.034261685 
692 534 15 19 0.033658646 
850 613 38 51 0.033627894 
36 536 12 14 0.033603013 
791 526 9 11 0.033524357 
345 496 7 9 0.03345166 
7 549 9 12 0.033422258 
398 495 9 11 0.033016093 
1 549 8 11 0.032300092 
215 551 24 26 0.032233257 
172 632 30 41 0.0321068 
276 568 15 19 0.031817775 
719 537 10 14 0.031794664 
221 558 23 29 0.03163121 
394 569 16 19 0.031390738 
777 514 8 9 0.03134757 
904 579 40 51 0.031146664 
649 528 8 10 0.031014096 
64 659 19 23 0.03091277 
584 526 9 10 0.030789444 
856 520 20 26 0.030632185 
376 535 9 11 0.030387064 
251 573 15 23 0.029997325 
939 343 16 17 0.029884135 
169 527 8 11 0.029784521 
868 526 12 16 0.029763829 
1013 538 10 19 0.029702356 
406 488 8 10 0.029618828 
974 578 41 48 0.02955143 
312 477 9 11 0.029549686 
389 525 9 11 0.0294902 
359 525 9 10 0.029393699 
753 520 10 12 0.02919637 
438 510 9 12 0.029138345 
7 528 9 12 0.029082583 
572 563 14 18 0.029029123 
84 654 16 24 0.028940354 
822 518 8 11 0.028715096 
630 534 10 11 0.028699182 
402 541 12 12 0.028545383 
661 533 10 11 0.02840151 
901 511 11 13 0.028354123 
205 568 18 20 0.028176852 
174 553 12 15 0.028082257 
348 509 8 10 0.027968187 
880 523 12 15 0.027906006 
837 526 9 11 0.027794994 
444 644 36 40 0.02766031 
424 468 9 12 0.02764414 
879 513 9 9 0.02754755 
309 560 12 18 0.026980506 
1000 539 24 37 0.026963573 
150 527 9 12 0.026904475 
967 517 9 11 0.026847584 
524 539 12 14 0.026460359 
42 523 10 12 0.026430255 
76 573 17 22 0.026403796 
314 551 11 14 0.026402246 
167 555 11 14 0.026246708 
318 479 8 10 0.026196765 
194 583 21 27 0.026030516 
390 510 9 11 0.025762055 
238 565 23 31 0.02563078 
103 603 30 36 0.025594126 
402 586 17 21 0.025562614 
271 565 11 15 0.025416488 
201 581 28 30 0.025346933 
794 511 8 10 0.025251452 
742 527 12 16 0.025184168 
312 543 9 10 0.025021128 
359 541 9 12 0.025020251 
949 349 14 19 0.025020136 
418 553 14 17 0.024952628 
459 530 14 17 0.024917223 
101 579 25 27 0.024730697 
329 536 8 10 0.024668675 
187 639 32 42 0.02456357 
777 589 36 47 0.024510762 
196 659 38 40 0.024433522 
128 548 15 19 0.024399174 
768 577 24 30 0.024202066 
838 372 10 14 0.02419848 
96 517 8 10 0.023554042 
13 545 10 14 0.023482496 
330 622 20 25 0.023275454 
444 516 9 12 0.023266857 
160 525 8 11 0.023127666 
474 553 15 19 0.023118053 
854 529 15 18 0.022917299 
664 529 9 10 0.022895822 
686 535 12 16 0.022694299 
317 526 9 11 0.02257557 
386 511 8 10 0.022456028 
305 486 11 14 0.022440864 
725 556 14 24 0.022419859 
75 659 16 21 0.022411082 
27 585 16 20 0.022255544 
968 511 9 11 0.022116683 
351 498 7 9 0.02209315 
759 557 14 15 0.02208989 
129 494 12 14 0.021953486 
385 490 10 12 0.021889254 
415 464 11 13 0.021820322 
55 543 11 14 0.021605473 
428 563 12 14 0.021559542 
690 511 8 11 0.021440612 
57 635 29 35 0.021307893 
769 511 7 9 0.021298628 
613 569 16 20 0.021206347 
21 567 14 19 0.021167258 
487 568 22 30 0.02115114 
33 600 41 42 0.0210886 
1 542 7 12 0.02094766 
140 578 18 23 0.020933885 
783 513 8 10 0.020929668 
837 534 9 12 0.020836044 
550 526 9 10 0.020771984 
671 528 8 10 0.020763973 
374 520 8 10 0.020752294 
318 520 9 11 0.02064971 
815 505 7 9 0.020640012 
319 500 10 12 0.020560306 
119 608 16 22 0.020490536 
120 525 11 13 0.020474551 
700 530 16 21 0.020431904 
33 557 10 12 0.020375635 
589 599 28 31 0.02028012 
481 540 10 14 0.020270787 
187 621 30 37 0.020221747 
358 579 15 18 0.0201778 
760 577 19 27 0.020170616 
180 550 11 15 0.020146506 
55 525 9 12 0.020028617 
