2_Demonstration_Protesters_2_714
25
397 483 57 67 0.99919695 
192 428 60 71 0.9936701 
623 389 65 84 0.9861894 
325 603 62 71 0.50037825 
422 291 13 16 0.3285248 
664 494 84 101 0.11543213 
408 300 11 15 0.082673945 
19 288 53 54 0.053424906 
364 158 16 20 0.052209437 
514 413 48 49 0.043974224 
447 295 12 15 0.04289475 
307 504 34 53 0.042319506 
516 53 23 30 0.040877115 
697 344 15 22 0.03738051 
553 525 83 99 0.032599203 
434 72 15 17 0.031885397 
306 278 16 20 0.030698849 
457 331 15 18 0.03028151 
648 350 46 61 0.028870238 
398 305 12 15 0.024735192 
418 250 15 17 0.02434602 
384 513 26 37 0.022150885 
285 508 49 61 0.020756911 
427 283 15 23 0.020752633 
501 318 31 36 0.020165592 
