2_Demonstration_Protesters_2_559
20
726 415 67 102 0.9879908 
923 202 75 103 0.9753414 
820 227 101 102 0.8612929 
717 136 25 32 0.23830195 
622 144 32 37 0.18806821 
694 162 38 44 0.15242486 
894 214 69 86 0.09772015 
706 145 33 33 0.03605997 
16 88 9 11 0.035622306 
293 248 10 12 0.034741536 
832 166 37 38 0.03218131 
501 159 29 30 0.030249286 
727 132 24 33 0.0273238 
176 136 28 28 0.026629582 
165 174 44 56 0.02534913 
326 168 56 52 0.025067486 
490 114 34 35 0.024693968 
473 148 25 28 0.024545249 
687 173 51 60 0.022403395 
707 173 39 39 0.020116739 
