2_Demonstration_Demonstrators_2_188
87
225 243 35 43 0.9987507 
375 458 92 122 0.9984956 
875 364 32 42 0.99839056 
221 348 50 56 0.99740547 
190 288 35 43 0.9972995 
483 384 39 48 0.99707246 
4 422 36 47 0.9960526 
288 338 38 51 0.9946839 
780 1086 108 111 0.9923268 
150 414 44 56 0.96249455 
855 224 20 24 0.91454977 
389 347 35 42 0.8512054 
303 274 26 40 0.7607979 
23 399 23 26 0.7073791 
1006 370 18 26 0.5970533 
989 342 12 15 0.53078496 
108 354 17 23 0.48541644 
229 1283 229 280 0.3402105 
978 375 16 21 0.29699135 
515 335 22 24 0.29161033 
1007 363 15 20 0.28575826 
544 406 24 37 0.24180855 
957 378 15 19 0.21854255 
891 332 14 16 0.1982283 
0 401 17 31 0.18624225 
609 390 23 28 0.15728396 
99 208 34 46 0.14604957 
928 393 16 21 0.13634208 
968 404 20 31 0.12328458 
142 263 27 37 0.11976979 
1002 402 21 32 0.1098817 
696 144 21 26 0.10275507 
358 352 29 37 0.09552573 
313 1328 137 174 0.08996611 
16 413 29 38 0.08347204 
12 349 18 22 0.08232361 
107 145 14 18 0.08096828 
1008 333 12 16 0.0782383 
921 377 22 29 0.074253 
974 314 13 18 0.06240484 
1012 337 11 16 0.059069604 
139 350 25 32 0.056774896 
119 747 57 75 0.056137785 
9 398 23 29 0.053996097 
961 385 14 18 0.04979801 
627 370 26 29 0.047901418 
918 367 23 28 0.041696988 
945 334 11 14 0.039658215 
52 913 25 33 0.03897956 
1 396 13 22 0.038435817 
618 376 29 33 0.037442528 
97 141 23 30 0.035804465 
0 365 11 16 0.03508165 
979 368 14 18 0.035009813 
105 150 23 35 0.03142721 
49 384 18 21 0.031216819 
3 366 14 20 0.030508935 
675 330 46 62 0.02954519 
984 548 39 65 0.02922743 
161 227 22 29 0.027727058 
910 325 13 15 0.027726233 
517 88 78 103 0.027657444 
937 407 23 28 0.027656617 
985 371 14 21 0.027590297 
131 274 40 46 0.026960127 
931 396 24 30 0.026607642 
138 1313 219 260 0.025757808 
373 354 25 36 0.025685469 
948 380 22 26 0.025412885 
992 344 16 19 0.025393382 
98 286 43 62 0.024532752 
5 353 22 31 0.024108997 
662 500 242 247 0.0239028 
1006 307 15 17 0.023836916 
314 188 17 21 0.023598514 
956 350 13 14 0.023005191 
625 392 17 20 0.022952162 
998 334 11 15 0.022899805 
-1 158 75 147 0.022596307 
572 406 30 37 0.022218224 
964 331 12 14 0.02165408 
394 332 36 43 0.021486059 
113 164 16 22 0.021031147 
1014 347 9 15 0.020823967 
30 419 23 39 0.020557627 
1012 327 11 17 0.020345561 
915 452 23 31 0.020104941 
