2_Demonstration_Demonstration_Or_Protest_2_453
46
61 309 33 42 0.99827945 
574 324 29 38 0.99712664 
608 293 24 35 0.9968731 
647 277 23 34 0.98722386 
473 235 86 105 0.9854315 
737 311 16 20 0.98159975 
7 292 43 57 0.98138887 
661 306 20 26 0.97643346 
691 311 21 27 0.9752294 
755 327 21 27 0.9746336 
804 311 18 25 0.96807355 
396 260 44 60 0.9587604 
720 337 17 23 0.94309336 
185 274 69 80 0.9257775 
270 336 18 22 0.8729287 
722 317 15 20 0.8554169 
913 320 17 22 0.6974915 
291 324 18 20 0.5782939 
752 307 12 16 0.36872345 
670 12 13 17 0.108067684 
340 309 25 31 0.08321812 
131 -1 40 29 0.07947092 
637 284 14 22 0.07827636 
30 298 37 53 0.07209738 
716 74 14 20 0.07096026 
773 321 14 19 0.062413413 
832 328 13 18 0.060049456 
777 310 13 16 0.052523647 
218 277 55 67 0.044834774 
713 11 17 21 0.04191583 
679 261 10 13 0.037859626 
0 339 20 33 0.03650929 
598 96 10 14 0.03221991 
747 311 15 20 0.03187259 
793 175 20 32 0.031268757 
809 344 15 19 0.029724289 
733 316 15 20 0.024313547 
280 321 22 27 0.022373568 
546 311 24 35 0.02227289 
631 100 12 16 0.022197379 
832 316 13 19 0.021658747 
681 122 16 21 0.02124873 
871 338 14 22 0.021221863 
256 265 46 60 0.020940179 
764 316 15 16 0.020898283 
631 67 11 16 0.02042701 
