2_Demonstration_Demonstration_Or_Protest_2_942
1219
181 136 458 599 0.99997425 
162 192 17 20 0.5717368 
982 978 12 17 0.45813853 
805 1131 17 22 0.28138402 
929 604 11 13 0.25807074 
796 1004 11 15 0.24035868 
639 542 9 10 0.23133285 
823 998 14 16 0.22890472 
707 839 11 14 0.21919112 
925 1157 14 15 0.21650244 
966 1007 15 21 0.2018006 
813 1098 15 20 0.1958892 
908 1242 14 16 0.19355081 
844 882 14 16 0.186175 
796 698 11 14 0.18309063 
918 1200 15 18 0.18064985 
899 946 14 17 0.17947847 
751 349 10 13 0.17890806 
888 1115 13 16 0.17547369 
852 1297 12 15 0.17493208 
909 555 16 20 0.1715106 
963 978 15 18 0.16961336 
692 669 9 12 0.16759561 
916 1286 16 21 0.1622413 
744 574 11 13 0.1618228 
835 1219 11 15 0.16056767 
924 1070 10 14 0.15739201 
901 902 12 15 0.15669207 
924 1347 17 19 0.15447986 
909 1162 12 15 0.14744581 
848 1126 19 23 0.14656617 
883 1075 11 16 0.14520851 
805 522 11 15 0.132406 
711 661 13 16 0.13182768 
149 216 13 17 0.1316283 
860 812 11 15 0.12787475 
842 1200 9 12 0.12726009 
991 989 12 17 0.12622857 
926 969 14 19 0.12539078 
892 1204 13 15 0.12454485 
819 605 12 15 0.12369225 
1010 1193 13 16 0.12182475 
352 1080 12 18 0.1207376 
763 1233 12 15 0.120326295 
818 1037 14 17 0.12030893 
780 1316 11 16 0.11998535 
893 1162 11 14 0.11825785 
990 1243 15 18 0.118233114 
803 477 12 15 0.11662314 
701 797 10 13 0.11513254 
903 1300 12 18 0.11492062 
966 1208 10 13 0.1148923 
756 1334 13 16 0.11310475 
892 1290 13 16 0.112586275 
829 1179 13 16 0.11195018 
851 1345 15 17 0.11167433 
854 998 13 15 0.111635275 
686 583 10 12 0.11158644 
938 940 14 16 0.110282354 
699 1279 11 14 0.10837669 
808 580 9 11 0.10822988 
860 573 11 14 0.10795105 
772 1274 14 15 0.10751295 
956 924 13 18 0.10670332 
710 540 12 15 0.10530208 
932 1252 11 14 0.105124496 
903 1326 16 18 0.105060026 
722 1065 18 22 0.103888705 
828 955 11 14 0.10168623 
813 524 11 14 0.09806592 
846 1204 10 13 0.09556429 
717 310 9 12 0.09522553 
688 710 10 15 0.094113104 
710 740 17 18 0.093428954 
995 964 14 18 0.09251363 
780 570 10 14 0.09180005 
789 1315 14 18 0.09178637 
840 1270 12 14 0.09147537 
862 1087 12 15 0.09095775 
694 851 11 16 0.09063891 
680 580 10 12 0.09051017 
778 1217 16 19 0.08752065 
891 1220 15 16 0.08730524 
768 308 8 11 0.08724287 
942 1293 15 17 0.086877085 
700 891 13 18 0.0865964 
853 1207 11 15 0.08652784 
941 1194 15 17 0.08569362 
861 906 16 20 0.08538889 
750 620 10 13 0.08514803 
894 1015 14 18 0.08443284 
693 307 14 16 0.08428881 
767 1052 13 16 0.08407238 
757 702 12 16 0.083517306 
766 1095 15 20 0.08343552 
782 385 14 18 0.08331002 
939 1320 17 18 0.08299782 
809 1092 13 16 0.08298323 
819 691 16 18 0.082208365 
998 1118 11 15 0.08016823 
919 1113 13 17 0.07954253 
801 905 18 19 0.07917768 
813 994 15 18 0.07890613 
805 1268 12 15 0.0782739 
989 1258 16 17 0.07722679 
989 1170 16 17 0.07681683 
922 945 14 16 0.0758757 
822 428 12 16 0.075413086 
780 1334 11 14 0.07526088 
963 1039 15 17 0.07432027 
818 1094 13 18 0.07403925 
830 1075 14 19 0.07388312 
900 691 10 14 0.07318979 
959 1116 11 14 0.07103986 
830 698 10 14 0.07081696 
734 752 14 18 0.070804484 
909 946 11 15 0.070798695 
924 1290 13 18 0.070338234 
733 347 14 16 0.07007987 
739 914 16 21 0.069608614 
732 835 15 18 0.06936414 
821 916 11 15 0.06892855 
971 1243 15 19 0.06888185 
988 1070 13 15 0.068877615 
694 795 13 16 0.06804136 
775 793 13 17 0.06771463 
877 1203 13 16 0.06766076 
974 977 14 19 0.067129776 
775 525 12 14 0.06649205 
903 1165 13 15 0.06644833 
846 890 13 14 0.066415116 
748 1002 17 20 0.06632838 
961 1205 10 13 0.06527062 
678 488 10 12 0.0651667 
874 957 17 19 0.065082505 
878 1070 14 19 0.065041415 
857 1021 16 20 0.0648155 
828 470 13 16 0.06406758 
951 1068 12 16 0.06399942 
925 1260 14 16 0.06380372 
802 419 14 14 0.06346551 
1012 980 10 16 0.063058734 
805 1228 12 15 0.0622393 
947 1297 15 17 0.062024295 
892 940 16 20 0.06132304 
700 572 13 17 0.061014593 
739 1240 17 21 0.060676306 
895 1122 14 18 0.060512666 
995 1156 13 16 0.06034578 
664 589 10 11 0.06021717 
959 1074 11 14 0.060130924 
908 986 15 16 0.060094096 
869 1143 15 21 0.06006336 
851 850 13 15 0.059414685 
693 676 13 18 0.059225183 
726 667 12 15 0.059221596 
937 1055 17 18 0.059092853 
830 597 10 12 0.05909098 
1010 1057 14 23 0.058897644 
801 639 10 12 0.058888085 
888 1157 12 17 0.058863748 
885 1042 15 18 0.05884624 
708 348 14 16 0.058800448 
907 1250 14 17 0.058599032 
805 603 14 17 0.058386292 
779 1276 11 14 0.058163136 
806 1103 18 19 0.058124226 
847 1209 13 15 0.058121715 
878 1036 14 18 0.05802444 
767 707 11 15 0.057886347 
750 389 13 18 0.0576742 
969 1013 16 21 0.057519134 
804 347 11 13 0.0574209 
860 1206 11 15 0.057104677 
790 1355 13 16 0.05673717 
893 1246 11 16 0.056626108 
717 665 11 15 0.05656142 
569 1226 18 21 0.05640782 
549 1217 26 33 0.056362737 
917 447 10 14 0.05633756 
893 1076 14 18 0.056020685 
830 516 13 16 0.0559962 
900 1335 14 20 0.055447437 
796 818 16 20 0.055115826 
893 1337 13 17 0.055114575 
647 586 11 14 0.054774366 
864 692 12 14 0.054453734 
966 1293 12 16 0.05433303 
846 1255 11 14 0.05414757 
676 574 12 14 0.05411666 
673 535 9 12 0.053901974 
932 1028 12 14 0.053657793 
774 566 13 17 0.053328488 
780 1178 16 20 0.05325684 
711 620 13 14 0.0531548 
930 974 17 20 0.052893605 
813 599 13 16 0.052826297 
822 600 11 13 0.05279902 
927 900 13 16 0.052607186 
765 1197 13 16 0.05255901 
688 677 11 15 0.05237129 
815 685 15 18 0.051935554 
932 1206 11 15 0.051833373 
722 788 17 18 0.05177992 
824 896 11 12 0.051525578 
751 555 11 15 0.051446315 
646 1258 12 15 0.051365547 
713 1056 22 28 0.050995592 
734 1160 14 17 0.05087653 
1006 1106 14 16 0.05078229 
636 268 11 14 0.050554466 
691 1019 13 16 0.050114766 
805 511 11 14 0.05003894 
781 427 15 18 0.049872432 
907 1151 16 19 0.049811985 
704 452 10 13 0.04978089 
832 657 13 17 0.049470294 
731 829 14 17 0.049433716 
820 770 15 18 0.04939208 
757 929 16 19 0.04924988 
907 1097 16 20 0.049070384 
950 1154 14 17 0.04906037 
815 914 12 15 0.048951186 
884 994 15 19 0.048788518 
790 998 15 18 0.048643593 
797 1010 14 17 0.048506677 
815 875 15 18 0.048285257 
942 981 14 18 0.048272807 
892 995 13 15 0.04819964 
812 789 12 15 0.048065204 
870 987 14 18 0.048045628 
989 968 14 20 0.048035517 
777 1340 10 12 0.04796779 
783 652 12 16 0.0479271 
751 314 10 13 0.04769543 
870 1174 13 16 0.047091957 
789 814 13 17 0.047086433 
709 580 11 14 0.046997566 
851 565 16 21 0.046956886 
940 1328 18 21 0.04688564 
901 651 11 12 0.04677143 
831 556 11 14 0.04670037 
945 1323 17 20 0.046530936 
924 1110 12 17 0.046448212 
957 1155 12 16 0.046257474 
855 1243 13 16 0.04617327 
964 1117 11 15 0.046135988 
828 779 14 16 0.046051875 
940 1122 12 16 0.04602291 
894 1060 15 16 0.045932587 
958 1030 13 16 0.045862246 
964 929 17 19 0.045664895 
990 1028 12 15 0.045655496 
632 573 9 11 0.04554112 
796 900 15 19 0.04549512 
931 1257 14 18 0.045461327 
772 1059 14 18 0.04544725 
601 1227 18 22 0.045254696 
822 1147 13 17 0.044937823 
915 1328 16 19 0.04485075 
916 558 15 19 0.044825118 
935 1170 14 16 0.044808846 
829 436 9 12 0.044782832 
823 950 14 18 0.044738036 
813 793 16 18 0.0447185 
739 838 11 16 0.044423893 
1010 1234 14 21 0.04441193 
893 1213 14 16 0.044303082 
941 1235 12 14 0.044028822 
806 986 13 17 0.044025455 
766 996 14 18 0.043986294 
804 467 15 19 0.0437403 
758 393 12 17 0.04356822 
934 1292 12 18 0.043548137 
932 1343 13 19 0.043547582 
688 587 11 14 0.04352851 
924 862 12 14 0.043289177 
963 1146 14 15 0.04323953 
798 495 10 12 0.043200675 
804 1334 14 18 0.043128666 
744 619 11 14 0.043058008 
782 1321 11 16 0.042964973 
906 470 18 22 0.042954355 
790 433 12 16 0.042905323 
671 541 9 10 0.04287633 
994 1164 14 16 0.042662024 
917 891 12 16 0.04260095 
702 448 8 11 0.042591985 
741 533 12 15 0.042581912 
845 860 12 14 0.042549983 
983 950 11 16 0.042526342 
908 1001 15 18 0.042479407 
681 540 10 13 0.042469457 
893 685 14 17 0.042374715 
767 1013 13 18 0.04223937 
890 1048 16 17 0.042192813 
966 901 10 12 0.042185515 
970 1297 13 16 0.042154796 
867 923 14 17 0.0420652 
812 1030 16 17 0.0418867 
926 563 12 16 0.041798793 
932 1164 13 15 0.041754242 
965 1076 13 15 0.04164407 
800 516 14 17 0.041610535 
902 774 10 15 0.04155863 
902 553 15 19 0.041556012 
748 1244 13 17 0.04143929 
866 1089 13 16 0.041314386 
967 1248 14 18 0.041213933 
733 1114 13 18 0.041059665 
794 319 8 11 0.041056618 
902 999 12 15 0.0410432 
867 912 14 18 0.040877197 
899 469 16 21 0.04075271 
784 354 12 16 0.040611137 
992 1115 11 16 0.040609255 
843 1005 12 13 0.040555958 
816 566 11 13 0.04046515 
847 938 16 20 0.04042003 
929 869 17 20 0.04037652 
821 1071 15 20 0.040327735 
701 267 11 15 0.040257208 
965 938 17 19 0.04019933 
963 1214 14 18 0.04018603 
867 1106 14 17 0.04015446 
788 345 16 19 0.040079746 
863 393 9 10 0.040052164 
736 532 11 15 0.040036738 
795 944 14 16 0.039965224 
1006 1278 15 21 0.039905243 
824 1173 14 17 0.039722517 
846 562 12 17 0.039666925 
974 1165 10 13 0.039653655 
685 844 13 18 0.039648984 
885 932 11 15 0.03958589 
947 942 11 15 0.039467424 
871 1196 13 15 0.03942 
903 591 12 13 0.039284676 
906 901 13 16 0.03926473 
991 876 12 14 0.03911041 
839 861 12 14 0.03910781 
803 1005 12 15 0.039061308 
755 473 15 18 0.03905511 
1003 1118 13 16 0.03895689 
967 1164 12 15 0.03889713 
765 563 15 18 0.038819227 
641 548 9 11 0.038785253 
926 1247 14 16 0.03875434 
878 993 13 17 0.038713824 
870 580 10 13 0.038703363 
978 1279 19 24 0.038635593 
803 1235 16 18 0.038538355 
872 358 8 10 0.03851552 
789 653 11 14 0.03846692 
943 906 13 17 0.03842989 
748 922 12 17 0.038368076 
845 867 17 18 0.03828242 
831 1333 12 14 0.038162585 
927 612 12 13 0.038158145 
903 1237 15 17 0.03815492 
781 874 13 16 0.038127355 
753 776 18 21 0.038084894 
750 963 14 17 0.03799277 
782 532 13 15 0.03790225 
774 317 10 13 0.037897885 
854 533 14 16 0.037730187 
796 1044 14 18 0.037688468 
718 825 14 17 0.037680082 
633 541 10 12 0.037679236 
837 1050 15 20 0.037675414 
821 972 14 14 0.037667032 
898 1217 15 17 0.037647698 
869 815 11 15 0.037634533 
912 891 11 14 0.037612624 
876 894 16 19 0.037575055 
803 659 12 14 0.037565548 
781 1104 15 18 0.037538644 
725 437 11 14 0.037531916 
681 717 9 12 0.037492536 
685 495 9 10 0.03746654 
711 1118 12 15 0.037421413 
994 1251 13 17 0.03740479 
916 1157 15 16 0.037326418 
748 1102 11 14 0.037282724 
932 904 12 16 0.03728148 
940 1107 14 16 0.037265647 
839 1299 14 16 0.03724198 
853 867 13 16 0.037111223 
871 1323 13 18 0.037085105 
987 1281 14 21 0.037076328 
941 587 10 14 0.037010808 
821 1116 15 17 0.03697536 
670 678 10 13 0.036967356 
701 830 16 20 0.03691278 
719 314 11 14 0.036909763 
814 427 15 18 0.03690334 
854 604 14 16 0.036610406 
996 899 13 15 0.03655325 
590 270 10 13 0.03649881 
924 1223 11 13 0.03647115 
763 604 13 15 0.036464386 
692 710 10 14 0.03639947 
942 563 12 17 0.03639858 
828 819 14 17 0.036302466 
807 1050 13 16 0.036156684 
958 1148 13 17 0.036149006 
694 566 14 17 0.036108814 
671 654 9 11 0.036061123 
788 729 16 20 0.03601524 
722 701 13 16 0.03591592 
774 1318 14 19 0.035892237 
639 574 9 11 0.035813026 
952 929 11 16 0.0357875 
990 958 11 14 0.03574982 
686 663 13 16 0.035719723 
935 612 11 13 0.035713628 
621 277 9 10 0.035651427 
773 311 7 10 0.03563224 
805 824 12 18 0.035579067 
831 977 13 16 0.03556428 
750 1141 12 16 0.035470333 
819 737 15 17 0.035466522 
677 309 10 13 0.035432994 
894 611 11 14 0.035407342 
758 357 10 13 0.03532436 
815 529 12 15 0.035286725 
723 398 12 14 0.035260916 
271 1020 10 13 0.03521846 
716 560 12 12 0.035135876 
686 787 14 18 0.03512465 
705 494 8 10 0.0350934 
857 968 26 30 0.03506543 
834 1081 12 17 0.035056837 
934 934 14 17 0.03499969 
789 1195 12 16 0.034886427 
838 559 11 15 0.034839865 
758 1292 11 14 0.034764614 
804 706 12 15 0.034754615 
724 522 14 17 0.034716558 
751 700 13 18 0.03467504 
811 1052 15 17 0.03467346 
287 1045 9 12 0.03465705 
853 409 16 19 0.034653295 
383 1067 9 13 0.03459722 
757 997 14 19 0.03458198 
900 1207 11 14 0.034549687 
806 459 13 17 0.034421165 
689 605 10 12 0.034402166 
773 750 9 12 0.03434103 
870 657 15 19 0.034290142 
836 477 10 13 0.034283433 
759 1189 12 15 0.03423368 
850 875 14 16 0.034213327 
708 614 14 16 0.0341319 
830 611 11 14 0.034009892 
788 1365 14 14 0.03398089 
920 1261 12 14 0.033922333 
742 1000 16 19 0.03392155 
798 345 13 16 0.03391576 
893 606 10 13 0.033891823 
699 1105 15 18 0.033861183 
894 770 12 15 0.03383223 
862 876 11 15 0.033794764 
791 899 14 18 0.0337911 
824 652 12 14 0.033743974 
741 1204 14 17 0.03366809 
739 347 13 15 0.03362288 
696 897 12 15 0.033598565 
719 436 12 15 0.033581752 
990 935 13 16 0.03354389 
703 875 12 15 0.0335031 
852 899 16 18 0.033491507 
772 650 16 18 0.03347287 
790 669 9 12 0.033406433 
788 1186 12 17 0.033373374 
797 1240 15 17 0.033366494 
824 547 11 15 0.033275913 
749 883 14 18 0.033229105 
790 712 10 12 0.033139747 
672 551 7 10 0.03312864 
664 544 8 11 0.033118546 
816 407 10 12 0.033106968 
797 590 10 13 0.033059962 
983 961 13 19 0.033055246 
790 964 14 19 0.03296407 
731 663 13 15 0.032940675 
961 1009 13 18 0.032840047 
765 476 11 14 0.032803204 
799 987 13 17 0.032777578 
820 531 13 15 0.032625206 
734 552 9 11 0.032573573 
893 664 14 15 0.03252182 
774 1176 16 21 0.032507613 
996 1289 12 18 0.032483026 
925 1080 14 17 0.032482952 
811 1229 12 15 0.032479517 
871 1233 13 18 0.032453816 
853 345 10 11 0.0323071 
890 1305 16 19 0.032302823 
781 1146 16 18 0.03228828 
888 1268 11 14 0.03217159 
670 566 11 13 0.032168604 
917 535 14 15 0.032120004 
960 1292 11 16 0.03209238 
806 542 8 10 0.0320872 
837 693 10 14 0.03207112 
758 436 13 15 0.032057114 
717 1173 14 18 0.032047622 
652 587 11 13 0.032033857 
788 1393 13 17 0.03195668 
693 258 14 18 0.031915683 
854 421 15 16 0.031912427 
733 524 11 15 0.031898886 
706 797 14 15 0.03184643 
748 877 12 17 0.031821523 
672 324 11 13 0.03179834 
678 535 9 12 0.03175596 
813 573 12 14 0.03170169 
912 1194 16 19 0.031698167 
887 605 12 15 0.03163907 
795 740 13 17 0.031611044 
806 955 14 18 0.03156246 
869 699 14 17 0.03148831 
863 772 12 15 0.031440184 
798 1362 13 16 0.031382088 
908 595 13 16 0.03134339 
768 748 10 13 0.0313164 
917 604 11 14 0.031256236 
931 618 14 15 0.03124231 
972 609 11 15 0.031152869 
934 645 9 13 0.031131059 
910 603 12 15 0.031127095 
910 1043 12 15 0.031119082 
770 1063 21 25 0.031116059 
798 435 10 14 0.031098383 
733 611 13 15 0.031067064 
998 1196 12 16 0.031055266 
391 1178 22 28 0.031051246 
754 620 15 17 0.031042641 
807 532 10 13 0.0309439 
956 603 11 15 0.030938242 
837 780 11 15 0.03083459 
792 325 8 10 0.030747384 
845 1019 13 17 0.030722609 
743 516 12 13 0.03071845 
938 583 10 14 0.030666688 
924 1172 13 14 0.030569615 
861 548 16 18 0.030539328 
757 555 12 16 0.030528482 
632 501 10 12 0.030485159 
847 669 9 12 0.030481325 
813 828 12 15 0.03047044 
997 1108 13 17 0.030453835 
811 419 16 18 0.030411936 
933 987 16 18 0.03040928 
765 1340 12 16 0.030404048 
745 1140 10 15 0.030389216 
812 465 12 16 0.030296922 
743 309 9 12 0.030295772 
694 715 11 16 0.03025884 
680 557 8 9 0.030253133 
836 701 10 13 0.030205052 
910 1027 13 17 0.030173475 
862 652 11 15 0.03016373 
688 558 8 10 0.030138183 
806 363 11 13 0.030106854 
779 842 18 19 0.030099351 
758 1088 17 22 0.030069312 
751 972 13 14 0.030042756 
780 506 12 15 0.030036367 
864 587 11 14 0.030020235 
964 1155 14 17 0.030003365 
853 1084 14 16 0.03000088 
700 762 14 16 0.029891409 
775 483 14 17 0.029842809 
947 1234 14 16 0.029804597 
871 1259 11 15 0.029786669 
935 1189 15 17 0.029737689 
732 442 13 15 0.02962919 
997 1203 11 15 0.029627435 
723 978 16 21 0.02960837 
796 618 14 16 0.02957912 
841 1045 17 21 0.029573886 
1003 1018 13 16 0.029557392 
781 1355 14 16 0.029555451 
628 1278 12 15 0.02954051 
732 909 17 23 0.029529054 
647 573 11 13 0.029512368 
743 388 15 18 0.029500837 
842 1170 16 19 0.02947569 
188 166 13 15 0.029474607 
798 1260 15 18 0.029428594 
898 1024 16 18 0.029424213 
799 573 10 12 0.029378267 
773 1283 14 16 0.0293469 
758 655 11 14 0.029295335 
951 1124 14 15 0.029284723 
958 1063 12 16 0.029267168 
894 1168 14 17 0.029247422 
684 502 11 12 0.029168993 
384 1084 12 17 0.02913918 
815 1317 12 15 0.029095484 
786 866 17 19 0.029064057 
639 566 9 11 0.029053938 
991 1201 11 17 0.029032955 
717 355 10 14 0.029027322 
897 1066 16 18 0.029019449 
738 308 9 12 0.02901695 
783 577 11 15 0.029011928 
828 550 12 14 0.028998917 
678 678 9 13 0.028995307 
829 1045 12 16 0.028988313 
821 1315 13 17 0.028972795 
849 604 12 15 0.028963631 
949 562 11 16 0.028951233 
799 802 13 16 0.02894067 
752 355 11 12 0.028933164 
862 700 14 17 0.028915562 
828 1316 15 18 0.028900025 
742 567 12 15 0.02888725 
883 955 14 17 0.028873913 
839 842 15 18 0.0288478 
934 1044 10 12 0.0288121 
884 848 16 18 0.028803928 
801 365 9 11 0.028778799 
822 1187 14 16 0.028712664 
1014 1147 10 16 0.028640319 
838 534 10 13 0.02863473 
813 1210 12 16 0.02862898 
902 1148 16 17 0.02862333 
895 598 9 12 0.028567387 
820 991 15 18 0.028557237 
863 816 11 15 0.028535282 
821 407 10 13 0.028502176 
860 1057 13 19 0.028498586 
901 916 15 16 0.028494338 
720 502 7 10 0.028455963 
919 583 8 10 0.028432447 
831 1052 12 16 0.028423242 
755 976 14 17 0.028373593 
861 928 15 17 0.02837236 
887 1332 14 20 0.028301056 
806 678 10 14 0.028281389 
788 534 11 13 0.028280837 
927 1208 12 15 0.028270185 
816 1103 17 20 0.028260658 
766 649 14 17 0.028208686 
744 556 12 14 0.028193494 
785 669 9 13 0.02816763 
854 575 14 18 0.028163334 
958 1299 11 15 0.028161934 
806 794 15 18 0.028117355 
907 1335 14 18 0.028116656 
814 1145 14 18 0.02811663 
887 1017 14 18 0.028071705 
663 630 9 10 0.028069494 
771 449 14 16 0.02806781 
827 899 12 14 0.02805126 
862 685 13 15 0.028045736 
829 1338 11 15 0.02800305 
693 582 10 12 0.027995111 
933 1035 12 15 0.027977906 
762 1334 13 17 0.02796377 
671 631 8 10 0.027939113 
973 1186 13 17 0.027932627 
774 869 14 17 0.027800262 
710 302 12 16 0.027787566 
807 994 13 18 0.027776174 
872 1044 13 14 0.02775492 
804 642 13 14 0.027722297 
990 1222 9 12 0.027684335 
755 786 17 19 0.027682967 
958 861 10 13 0.027663263 
717 837 12 15 0.027655879 
386 764 370 582 0.027638773 
911 633 13 17 0.02762605 
870 1187 12 15 0.027610427 
838 1008 16 19 0.027600981 
951 1027 13 16 0.027559087 
672 448 8 11 0.027521005 
858 609 14 16 0.027510924 
652 1259 13 15 0.027458146 
677 1074 17 23 0.027439624 
861 852 11 14 0.027421745 
732 353 12 15 0.027409416 
351 1133 10 12 0.02740831 
995 1076 12 16 0.027391756 
698 447 9 10 0.02738209 
966 1123 12 14 0.027358996 
934 944 14 16 0.02727797 
917 1028 11 15 0.02725885 
647 453 9 11 0.027228681 
751 538 11 14 0.027196368 
677 268 11 13 0.027175047 
878 926 12 16 0.027131133 
959 1141 15 16 0.027113443 
864 360 9 11 0.027106835 
748 774 16 19 0.027100565 
704 534 11 13 0.027077787 
749 469 16 21 0.027072744 
972 1076 12 13 0.02704275 
867 682 15 17 0.027026063 
740 1350 14 16 0.027020667 
655 535 9 12 0.027017023 
871 1211 10 14 0.027007781 
824 1348 12 17 0.02700662 
958 597 11 15 0.026961049 
790 573 12 15 0.026926892 
732 260 12 15 0.02692145 
751 626 11 15 0.026914615 
653 573 10 12 0.02690949 
751 1107 13 16 0.026901668 
708 884 11 17 0.026896039 
783 548 13 14 0.026885904 
714 1122 12 14 0.026872568 
713 564 11 12 0.0268568 
942 1044 13 14 0.026828999 
775 502 13 15 0.026794143 
887 565 12 16 0.026778439 
772 519 13 15 0.026748892 
815 766 14 16 0.026635354 
967 1098 12 15 0.026626755 
865 1059 20 27 0.026626507 
805 499 11 13 0.026624551 
969 1211 11 16 0.026604382 
725 645 13 14 0.026565546 
840 1261 12 16 0.026564142 
823 618 11 13 0.026547832 
720 404 11 12 0.026547149 
687 548 10 13 0.026542809 
933 924 11 13 0.026455063 
959 901 10 12 0.02640677 
923 891 16 18 0.026391132 
926 1035 14 17 0.026346374 
873 908 14 18 0.026318647 
895 743 10 12 0.02629886 
784 556 12 13 0.026269628 
709 1105 13 17 0.026250083 
878 603 13 16 0.026233792 
795 1014 21 24 0.026229756 
835 1179 12 18 0.02622455 
785 1372 11 13 0.02617329 
768 341 11 14 0.026105253 
794 1309 16 18 0.02609159 
717 518 14 18 0.026058132 
852 1198 10 13 0.026038842 
823 1340 12 15 0.026022587 
747 842 16 19 0.026020678 
788 917 11 14 0.026003212 
956 556 13 17 0.02597054 
863 733 9 12 0.02595922 
860 539 15 16 0.025900865 
765 418 13 16 0.025873668 
751 676 11 13 0.025849761 
829 962 13 18 0.025834657 
736 492 12 13 0.025822407 
849 998 12 15 0.025811493 
908 1277 15 18 0.02578752 
776 627 10 12 0.025767094 
774 424 15 18 0.025764642 
949 985 11 16 0.02576325 
919 867 13 15 0.025735896 
829 603 12 16 0.025730247 
828 970 14 18 0.025674775 
942 1066 15 18 0.025634965 
767 1314 15 18 0.02558846 
915 997 16 19 0.025578512 
773 753 13 17 0.025572147 
837 821 10 14 0.025563136 
981 1193 14 18 0.025547605 
757 908 12 14 0.025537241 
951 573 10 12 0.025537064 
741 699 14 16 0.02552548 
768 349 10 13 0.025516903 
797 1188 16 20 0.025515012 
631 566 10 13 0.025471268 
766 483 11 14 0.0254636 
643 542 10 11 0.0254468 
732 805 13 16 0.025445571 
687 596 12 14 0.02543492 
765 1258 14 18 0.025406945 
812 902 15 17 0.025400575 
753 955 16 20 0.025392948 
890 815 15 19 0.025389688 
866 963 27 27 0.025362205 
709 494 9 12 0.025343666 
715 848 16 19 0.025299903 
828 738 14 15 0.025275704 
918 885 14 16 0.025273994 
878 1000 15 20 0.025257379 
726 484 13 14 0.025256464 
700 1290 14 18 0.025252482 
242 1008 8 11 0.025232878 
806 746 13 17 0.025225876 
978 1242 16 19 0.025212571 
695 756 12 15 0.025200276 
935 638 10 12 0.025109926 
742 867 16 19 0.02509921 
890 742 8 11 0.025095819 
942 637 10 12 0.02502447 
821 1309 12 15 0.025023201 
732 486 12 13 0.025016587 
832 1223 13 18 0.025016239 
727 550 9 11 0.025009423 
717 719 11 12 0.025006978 
837 524 11 12 0.025005236 
898 610 15 17 0.02499696 
887 814 12 15 0.024977412 
931 864 12 15 0.024945939 
781 914 14 17 0.024893925 
790 1302 13 14 0.024889838 
788 686 16 20 0.02488488 
787 1329 13 17 0.02486927 
788 365 11 13 0.024854025 
716 289 14 16 0.024827627 
717 634 13 16 0.024808975 
804 384 14 17 0.024805274 
935 691 12 13 0.024801277 
907 1169 12 15 0.024800166 
774 322 11 14 0.024795854 
997 1082 12 15 0.024772806 
716 792 17 18 0.024768127 
680 621 11 14 0.024755271 
767 1348 9 14 0.024753079 
797 655 13 15 0.024735145 
645 550 9 11 0.024730504 
741 893 14 16 0.024727385 
938 1258 14 19 0.024708908 
975 915 12 14 0.02469196 
709 267 14 18 0.0246919 
914 989 14 17 0.024662854 
816 1137 19 24 0.024662374 
876 818 13 16 0.024652185 
877 679 13 18 0.024632659 
876 356 11 13 0.024620086 
993 918 9 10 0.024619631 
943 1146 13 16 0.024589105 
900 605 14 15 0.024576379 
918 1034 13 16 0.02456307 
831 535 10 12 0.024558244 
747 888 22 24 0.024549028 
750 332 11 14 0.024534365 
932 564 12 17 0.024472956 
949 1038 23 24 0.024437511 
1004 972 16 19 0.024394402 
798 613 10 13 0.02439388 
724 1282 13 18 0.02438684 
756 1007 14 19 0.024371196 
908 1218 11 14 0.02435765 
717 982 14 19 0.024338415 
665 549 8 11 0.024317028 
781 626 13 15 0.024298957 
852 629 13 14 0.024294436 
813 1112 16 18 0.024288084 
926 1120 11 16 0.024279045 
739 739 16 19 0.02426652 
702 341 16 19 0.024231432 
918 523 13 14 0.024210855 
774 1226 14 17 0.024152998 
687 563 10 13 0.024130208 
779 489 13 15 0.024128025 
854 621 12 13 0.024111537 
853 724 13 16 0.024109203 
790 648 10 12 0.024101533 
816 913 20 25 0.024096541 
875 412 13 16 0.024087043 
787 333 13 14 0.024070295 
859 598 14 18 0.024056373 
662 584 10 12 0.024015693 
804 425 16 17 0.024003653 
930 1149 14 17 0.024001567 
789 371 11 15 0.023982428 
807 1028 15 16 0.023976307 
939 1251 12 17 0.023972698 
757 675 12 15 0.023948945 
884 882 15 17 0.023940332 
934 733 12 13 0.023940278 
767 542 11 12 0.023935596 
759 759 10 12 0.023932533 
737 589 11 13 0.02392595 
735 689 13 17 0.023909243 
883 1198 16 19 0.0239028 
815 661 11 13 0.023898682 
822 630 12 13 0.023894155 
956 1128 15 17 0.023871372 
853 1251 13 17 0.023869772 
843 827 12 13 0.023867762 
902 1094 13 17 0.023860354 
694 1068 13 15 0.023842439 
763 400 14 16 0.023820894 
835 999 13 16 0.023813527 
641 581 10 13 0.023809403 
957 1332 11 17 0.023763869 
846 1084 14 17 0.023739787 
765 669 12 16 0.02373955 
879 1080 12 18 0.023736857 
866 501 15 18 0.023730543 
717 321 12 14 0.023720527 
966 999 11 13 0.023714177 
923 558 13 17 0.023671057 
879 805 12 14 0.02366997 
956 1196 13 17 0.02366217 
853 970 15 20 0.023655936 
814 558 11 14 0.02364326 
1015 918 8 12 0.02362937 
807 781 13 15 0.023629054 
716 628 13 15 0.023606315 
1005 1054 14 20 0.023602152 
950 549 10 13 0.023594532 
814 636 11 14 0.023579046 
779 596 13 16 0.023566859 
887 1299 14 17 0.023565253 
549 1219 14 18 0.023540923 
838 485 9 13 0.023517532 
798 665 13 16 0.023512486 
862 785 14 16 0.023506299 
702 612 13 16 0.02347423 
774 347 10 15 0.023473522 
782 327 11 12 0.023473402 
844 1135 16 19 0.023443922 
782 862 15 17 0.023443438 
980 1104 14 20 0.023429634 
974 910 10 14 0.02341022 
983 1025 12 17 0.02333943 
972 1096 14 19 0.023295006 
781 317 10 13 0.023279984 
886 457 15 21 0.023266844 
773 1103 13 18 0.023266748 
822 1211 15 19 0.023260681 
877 717 11 11 0.023260672 
965 1227 12 13 0.023252612 
862 620 13 15 0.023241667 
972 944 14 17 0.023231104 
990 1083 13 16 0.02322792 
785 710 9 12 0.023207536 
767 787 12 17 0.023205156 
972 1156 13 17 0.023183089 
685 508 10 12 0.023155864 
678 304 10 12 0.02313613 
844 1096 18 21 0.023113362 
878 1211 11 13 0.023084424 
678 527 9 11 0.02304057 
981 889 13 17 0.023011338 
902 1255 14 17 0.022971122 
876 950 15 18 0.022966348 
830 628 12 15 0.022959452 
988 1021 12 17 0.022951918 
823 541 11 13 0.022947231 
1014 926 9 14 0.022943519 
789 1258 13 17 0.02294031 
701 1117 12 15 0.022926593 
885 682 15 18 0.022913434 
710 515 10 13 0.022893963 
1015 998 8 12 0.022893341 
724 572 14 16 0.022892078 
839 742 9 13 0.022889957 
819 910 12 15 0.022887211 
860 702 25 24 0.02288371 
809 726 10 12 0.0228831 
876 1259 12 15 0.02287947 
754 1112 16 19 0.022875724 
730 716 16 18 0.022865962 
823 447 11 13 0.022833843 
816 629 10 12 0.02282697 
808 1212 11 14 0.022821471 
677 767 11 14 0.022781163 
187 196 17 20 0.022766013 
799 676 11 15 0.022755811 
805 885 11 13 0.022752937 
829 1310 11 13 0.022750737 
950 596 13 16 0.022740804 
819 925 16 19 0.022733029 
774 701 12 15 0.022724375 
950 411 14 22 0.022718715 
695 651 10 14 0.022706253 
875 1150 15 19 0.022700647 
813 726 13 14 0.022688182 
773 477 13 16 0.022669047 
562 1219 16 20 0.022650946 
734 572 13 15 0.022644244 
782 539 14 15 0.022641636 
918 978 13 16 0.022607887 
718 655 11 14 0.02259491 
757 586 11 14 0.02258818 
636 1277 12 16 0.022583462 
709 634 13 14 0.022582758 
734 429 11 12 0.022580044 
837 1017 15 19 0.022548346 
712 500 9 11 0.022524236 
883 868 16 17 0.022486132 
781 1258 13 18 0.022477381 
926 723 16 18 0.022465995 
717 548 11 13 0.022461504 
910 1187 14 18 0.022431795 
764 357 10 13 0.022413861 
668 708 12 14 0.022409799 
872 1006 10 13 0.022385418 
846 390 11 12 0.022385366 
791 402 12 14 0.022378167 
678 725 10 13 0.022376716 
717 479 14 17 0.022375142 
693 531 11 13 0.022361577 
727 766 10 13 0.022360003 
887 888 23 27 0.02234785 
776 992 21 26 0.022344906 
902 987 14 16 0.022336543 
677 174 11 13 0.02231333 
767 683 11 13 0.022293815 
708 932 16 21 0.022290103 
807 876 14 16 0.02227828 
1007 1254 10 15 0.022261754 
909 610 12 14 0.022225972 
186 180 18 17 0.02221931 
868 572 12 15 0.022218494 
725 748 12 15 0.022216985 
670 559 9 10 0.022206571 
720 675 12 14 0.022197455 
892 389 24 28 0.022194138 
894 576 13 16 0.02219001 
775 382 16 20 0.022182371 
868 553 16 18 0.022177206 
853 1066 14 18 0.022174487 
935 1117 13 18 0.022162445 
800 582 10 12 0.022147916 
734 1023 15 19 0.02214777 
726 356 13 15 0.022124948 
890 931 14 18 0.022109939 
797 403 12 14 0.022106936 
867 901 16 21 0.022095334 
869 593 13 17 0.022093128 
868 1026 15 18 0.022076076 
819 827 15 17 0.022058057 
852 1076 14 16 0.022011803 
686 1012 14 19 0.022010671 
885 1006 20 27 0.021991257 
924 637 13 15 0.021986766 
479 1246 10 11 0.021979652 
967 1186 13 17 0.02196513 
792 498 11 14 0.0219326 
949 587 13 17 0.021914676 
734 1042 13 16 0.021913325 
813 351 9 12 0.021912681 
863 1045 10 13 0.021893099 
765 756 12 15 0.021884995 
781 725 16 20 0.021879945 
670 639 11 12 0.021877656 
899 1140 15 16 0.021845052 
772 1233 14 19 0.0218442 
697 486 9 13 0.021832976 
733 1202 15 17 0.02182255 
858 1002 14 16 0.021809593 
725 694 13 18 0.02180387 
702 274 10 14 0.021784525 
800 541 9 10 0.021775113 
774 365 8 10 0.021767741 
791 594 11 15 0.021764698 
709 1161 11 13 0.021756925 
898 659 16 18 0.021753363 
765 1293 10 13 0.021739313 
588 142 10 12 0.021728363 
812 453 13 15 0.02172289 
647 567 9 11 0.021720331 
918 1063 14 16 0.021709941 
811 950 17 20 0.021693623 
740 487 10 11 0.021676527 
861 962 16 17 0.0216721 
815 1066 14 19 0.02166623 
791 677 10 13 0.021660749 
951 580 10 15 0.021652332 
707 778 15 16 0.021640409 
804 891 12 15 0.021625893 
792 1017 14 18 0.02162553 
896 645 13 15 0.0216093 
910 1000 25 25 0.021607822 
968 612 10 13 0.021592474 
928 644 11 14 0.021582656 
672 510 8 10 0.021577567 
726 556 10 11 0.021572039 
717 586 12 13 0.021556336 
767 506 11 14 0.021553239 
829 395 11 14 0.021548424 
870 714 13 13 0.021541707 
740 690 14 18 0.021540605 
830 1290 13 18 0.021525346 
736 519 9 12 0.021512175 
926 1315 15 18 0.021504102 
957 1020 14 17 0.021487584 
394 1054 9 10 0.021486908 
677 683 10 13 0.021452582 
741 606 11 13 0.021428503 
870 732 13 15 0.021415416 
695 549 7 10 0.021411788 
998 918 9 11 0.021399014 
782 271 8 10 0.021377001 
839 1137 12 18 0.021348879 
717 952 15 20 0.021344857 
836 1338 14 16 0.021342136 
902 733 11 12 0.021342078 
934 1107 13 16 0.021331426 
1005 941 11 13 0.021328585 
877 938 13 16 0.021324947 
830 620 11 14 0.021315502 
686 748 15 16 0.02126755 
860 985 17 20 0.021255642 
869 614 11 13 0.02125 
950 917 13 17 0.02124058 
842 1055 17 22 0.021236723 
964 1111 10 14 0.021236487 
695 502 8 10 0.021235824 
790 613 11 14 0.021233248 
958 985 14 17 0.021226475 
816 1254 11 14 0.021193752 
750 581 11 14 0.021158896 
711 291 13 16 0.021156551 
687 766 10 12 0.021144986 
561 1212 15 17 0.021137754 
959 1080 14 16 0.021122726 
681 452 8 11 0.0211083 
911 451 12 13 0.021096112 
784 817 12 17 0.021060407 
839 748 12 17 0.021044856 
848 1245 14 17 0.021037826 
740 1116 12 17 0.021034116 
854 733 12 15 0.021032015 
799 884 12 13 0.02100689 
666 564 10 12 0.021002248 
956 646 10 11 0.0209992 
711 324 12 13 0.020982677 
845 888 21 24 0.020980319 
787 393 12 15 0.02096185 
959 1243 12 17 0.020952696 
774 828 14 16 0.020946577 
148 259 19 21 0.020932475 
729 753 11 16 0.020915745 
875 738 14 16 0.020908462 
926 627 13 15 0.020906031 
942 1039 11 12 0.020876681 
708 394 13 15 0.020876545 
772 684 11 13 0.020854937 
940 643 11 14 0.020844229 
861 466 16 21 0.020834021 
723 821 18 20 0.020827454 
893 465 16 22 0.020811208 
782 339 16 17 0.02079907 
758 695 12 15 0.020798173 
991 1213 9 13 0.02078238 
752 1143 22 27 0.02076025 
775 835 14 18 0.020736475 
710 605 11 14 0.020724587 
691 946 14 18 0.020722888 
883 1031 13 17 0.020701298 
917 589 11 13 0.02070007 
866 543 15 17 0.02068705 
1009 1318 15 22 0.020679839 
726 341 13 15 0.020665243 
680 628 8 11 0.020605236 
779 1092 14 17 0.02059855 
740 1042 13 15 0.020583356 
934 848 13 16 0.02058124 
922 1227 10 12 0.020577857 
957 1237 10 13 0.020560315 
859 1078 12 14 0.020553846 
969 1147 15 17 0.02054427 
780 955 14 16 0.020543277 
899 1229 13 15 0.020532932 
821 646 13 15 0.020525064 
687 612 11 14 0.020506524 
741 595 11 12 0.020486414 
854 390 11 12 0.02045961 
924 997 14 17 0.020439664 
931 995 14 16 0.020430673 
679 1162 16 17 0.020406818 
640 525 11 13 0.02040292 
710 820 15 19 0.020388942 
685 454 8 10 0.020384181 
597 269 10 14 0.020361522 
903 1283 13 17 0.020355891 
754 1140 16 17 0.020349806 
923 936 15 18 0.020333325 
748 1160 13 21 0.020331247 
919 875 14 16 0.020325841 
772 1383 10 12 0.020301344 
895 1099 12 17 0.020288004 
885 949 13 16 0.02027748 
938 1339 13 18 0.020256355 
970 1274 19 23 0.020253034 
779 478 14 16 0.020246891 
748 1327 14 17 0.020246072 
790 922 13 17 0.020243173 
733 479 12 15 0.020238347 
813 492 12 14 0.020232106 
819 1059 13 16 0.02022654 
923 883 15 16 0.020217989 
806 442 14 16 0.020213282 
788 424 12 14 0.020192353 
800 1221 12 15 0.02019138 
780 349 21 26 0.020188492 
949 948 12 15 0.02018022 
873 353 9 11 0.02017666 
811 1273 12 15 0.020172369 
759 600 11 13 0.020171748 
851 422 23 27 0.020145703 
869 779 15 17 0.020140238 
844 782 10 13 0.020121036 
716 866 14 16 0.02011964 
860 1251 14 17 0.020106718 
747 1211 12 16 0.020105787 
846 1215 13 19 0.02009259 
937 685 13 16 0.020084932 
919 1338 20 23 0.020081248 
798 926 13 16 0.020076783 
821 571 13 15 0.020073138 
763 556 14 17 0.020059684 
949 902 12 15 0.020051207 
836 612 10 12 0.020050876 
933 675 14 18 0.020044215 
902 579 12 14 0.020018896 
869 620 13 16 0.02001671 
758 1223 13 17 0.020014584 
