2_Demonstration_Political_Rally_2_339
153
887 458 30 36 0.99638486 
785 495 69 97 0.96535116 
619 292 36 56 0.9178367 
622 413 22 38 0.5586327 
951 432 35 46 0.4204414 
822 447 26 29 0.37220734 
721 422 24 26 0.3182638 
684 433 16 19 0.31245613 
155 422 11 13 0.1804969 
205 422 8 10 0.16812569 
887 427 11 14 0.16700408 
253 420 8 11 0.1329022 
428 423 15 20 0.12493779 
49 418 28 45 0.11426463 
153 427 11 14 0.09384782 
175 424 8 9 0.08901751 
874 407 24 28 0.08459177 
104 382 7 9 0.084096424 
288 423 9 12 0.07610299 
184 433 7 8 0.072750434 
636 334 15 21 0.0717713 
929 421 11 12 0.07176722 
951 390 8 9 0.07060121 
293 425 11 16 0.06547516 
875 404 16 19 0.06454161 
722 358 8 11 0.06327085 
330 444 25 36 0.063178815 
958 424 51 67 0.061842285 
685 428 26 32 0.060191732 
676 429 16 22 0.05895233 
194 440 8 11 0.05822874 
634 319 23 35 0.055685483 
486 434 48 57 0.05519014 
438 342 44 56 0.053389516 
92 423 23 29 0.05331798 
250 417 7 9 0.052993808 
135 432 8 10 0.04985512 
86 414 11 13 0.04974876 
945 427 11 17 0.048245773 
808 441 23 27 0.046689227 
610 437 12 18 0.046255667 
776 388 10 14 0.04583288 
700 359 10 14 0.044696014 
524 364 44 49 0.04440427 
95 420 10 14 0.04347362 
143 431 7 10 0.04287537 
314 452 29 28 0.042718142 
171 425 7 9 0.04229163 
190 443 11 14 0.04227344 
192 432 7 9 0.04088171 
880 424 14 18 0.04005106 
378 417 27 36 0.038939442 
710 399 10 11 0.038861297 
93 416 10 12 0.03872434 
119 447 10 13 0.03790125 
855 417 12 16 0.036904745 
422 405 12 13 0.036672145 
882 403 14 17 0.036047786 
341 449 15 25 0.035206463 
130 437 8 11 0.03479463 
817 381 9 12 0.034771066 
948 426 19 31 0.033679366 
285 443 13 21 0.03329329 
102 438 12 19 0.033108193 
217 415 8 9 0.033080585 
437 411 10 14 0.032474108 
749 436 12 15 0.03239156 
826 430 26 34 0.031910166 
923 474 12 18 0.031756356 
108 435 10 17 0.031467684 
272 438 8 10 0.031338483 
882 414 22 27 0.031315852 
109 443 11 15 0.030878764 
217 423 8 10 0.030787598 
299 421 20 31 0.030742273 
811 438 16 19 0.03061778 
416 391 9 11 0.030105086 
188 450 12 21 0.02992117 
177 430 7 10 0.02989662 
465 310 7 8 0.029881991 
100 422 12 16 0.029301243 
430 412 13 17 0.02841774 
475 348 12 18 0.028300278 
58 427 17 28 0.028229488 
803 464 49 70 0.027780887 
293 442 11 20 0.027484681 
764 431 9 12 0.027288044 
670 434 26 30 0.027030902 
743 434 13 16 0.026801538 
862 440 9 10 0.026679976 
-81 -84 403 491 0.026603486 
289 435 19 33 0.026483584 
431 406 12 15 0.02647461 
540 444 17 24 0.026308516 
758 409 8 10 0.026238618 
357 431 35 30 0.026193846 
526 463 27 42 0.026181994 
422 409 25 30 0.026023818 
422 398 10 11 0.025904225 
31 431 44 57 0.025786385 
716 470 23 32 0.025693126 
342 409 23 40 0.025532616 
753 413 8 10 0.025487646 
283 421 8 11 0.025188956 
408 265 8 10 0.024977792 
951 440 76 182 0.024955746 
567 465 23 38 0.024902908 
331 441 16 23 0.024884261 
298 296 9 11 0.024844004 
445 434 12 16 0.02457782 
610 426 21 32 0.02456207 
702 427 25 31 0.024551671 
328 415 25 39 0.024500424 
127 444 8 12 0.024470126 
739 429 14 17 0.024445018 
608 438 19 31 0.024337279 
818 166 91 135 0.02420902 
291 421 19 27 0.024175823 
184 437 7 10 0.02416046 
450 433 14 20 0.02408666 
133 435 8 11 0.02407907 
286 415 8 11 0.02406381 
278 436 9 12 0.023737315 
469 306 9 10 0.023534708 
529 442 25 32 0.023512151 
511 446 32 39 0.023330932 
792 443 45 49 0.023229113 
299 438 13 25 0.02294949 
339 260 12 15 0.022785049 
206 426 8 12 0.022314778 
615 415 9 14 0.022241097 
758 436 12 14 0.022047875 
670 434 15 18 0.021924429 
202 429 8 10 0.021914283 
157 417 8 9 0.021908738 
462 426 24 34 0.02186886 
239 429 9 11 0.021807257 
446 433 23 31 0.021788565 
862 429 10 13 0.021624278 
207 418 7 9 0.021586975 
58 429 27 45 0.021543862 
870 415 16 19 0.021541389 
307 420 15 22 0.021484224 
357 408 42 47 0.02118548 
170 430 7 9 0.021103235 
596 448 26 40 0.020871429 
183 445 13 17 0.020853573 
926 497 25 35 0.020601857 
651 332 20 28 0.020546358 
240 423 8 10 0.0204008 
437 428 13 21 0.020395214 
584 337 8 11 0.020371549 
131 431 8 11 0.020157833 
