2_Demonstration_Protesters_2_260
23
710 66 115 139 0.9993249 
114 186 98 112 0.9980009 
578 110 88 109 0.9964043 
12 307 22 28 0.8093907 
949 197 18 24 0.68550247 
987 475 24 28 0.22526777 
458 182 34 35 0.1808627 
7 1 39 28 0.17526524 
322 185 92 110 0.114484206 
38 305 16 21 0.10983758 
975 155 19 29 0.057654258 
26 302 23 28 0.04809325 
416 206 44 61 0.045340806 
50 438 99 109 0.04066766 
142 318 141 173 0.037127253 
325 158 63 83 0.03267702 
983 159 24 30 0.028740162 
949 468 17 19 0.028075647 
371 201 64 82 0.026448827 
103 124 98 110 0.025177175 
27 313 14 21 0.022312528 
7 310 17 21 0.021388253 
932 215 15 18 0.020037891 
