2_Demonstration_Political_Rally_2_641
32
428 179 52 69 0.99961436 
572 157 55 73 0.9993206 
115 127 50 68 0.9983962 
516 156 50 68 0.998035 
8 147 45 59 0.9955611 
291 142 47 61 0.99223083 
645 155 41 66 0.99184847 
200 134 46 53 0.9906634 
722 163 41 70 0.98913234 
942 179 32 42 0.9488476 
989 219 32 49 0.9231927 
903 144 31 54 0.8530664 
819 158 35 49 0.8374451 
342 231 35 43 0.83726734 
591 138 50 63 0.6287236 
472 203 35 47 0.60357636 
851 137 23 46 0.33788037 
165 152 28 37 0.24904826 
535 97 34 44 0.2249932 
830 147 40 56 0.18109626 
37 432 45 47 0.1658189 
875 141 48 55 0.099877 
199 421 23 31 0.07373857 
152 146 32 46 0.041209016 
331 221 36 45 0.039906316 
924 160 29 43 0.03804844 
456 163 31 46 0.032269266 
549 170 47 61 0.025614388 
43 440 16 24 0.024936657 
409 162 24 31 0.024820853 
1 189 28 49 0.022118002 
528 130 49 67 0.022108272 
