2_Demonstration_Demonstration_Or_Protest_2_159
40
819 339 103 116 0.99917275 
585 343 53 72 0.9985002 
670 382 33 42 0.99760735 
427 182 44 57 0.9964032 
270 378 53 57 0.99336714 
170 159 52 63 0.98503554 
564 390 25 33 0.9844243 
528 411 32 41 0.96908075 
289 197 22 27 0.95520973 
241 397 25 36 0.9419128 
215 417 18 22 0.93623424 
461 377 20 27 0.85703546 
944 317 76 95 0.82210594 
319 390 28 44 0.5711784 
221 395 12 13 0.16446516 
202 407 14 19 0.123155214 
470 369 21 34 0.0754058 
125 404 25 35 0.056793753 
216 395 11 14 0.05391394 
178 393 15 19 0.050211668 
227 393 11 14 0.049184013 
139 391 17 20 0.045168154 
238 388 10 14 0.04115554 
191 444 20 30 0.033917487 
781 312 57 68 0.031892635 
129 432 26 34 0.03147111 
406 381 11 16 0.030514585 
706 109 34 32 0.02989026 
738 75 39 45 0.029136037 
138 441 24 32 0.025987532 
375 397 11 16 0.025741048 
169 192 28 37 0.025236994 
131 392 25 34 0.02406243 
454 383 17 21 0.024059733 
449 367 25 36 0.023972834 
174 391 13 18 0.022097437 
200 447 21 29 0.02136478 
169 395 20 29 0.020833256 
297 383 36 47 0.020563884 
230 395 22 31 0.02013042 
