2_Demonstration_Political_Rally_2_171
42
850 652 57 90 0.997629 
616 665 52 85 0.995142 
105 626 43 53 0.98818016 
125 568 17 22 0.98312527 
148 709 32 54 0.96774733 
448 652 24 43 0.92508775 
44 708 41 56 0.92291754 
305 649 32 36 0.85824466 
737 729 46 39 0.80541366 
405 707 45 60 0.8053656 
553 657 23 42 0.7740714 
948 621 17 21 0.73518115 
1005 626 17 23 0.7014278 
443 567 13 16 0.6520059 
316 494 14 17 0.26054627 
420 596 21 32 0.15829842 
202 666 34 35 0.124226704 
854 157 8 10 0.076415494 
362 670 29 36 0.07113083 
957 197 9 12 0.06112835 
318 508 12 15 0.05780982 
253 708 47 54 0.055685796 
942 174 9 12 0.051744018 
836 173 10 13 0.04713819 
347 678 47 56 0.04418314 
450 590 22 33 0.037909534 
132 543 14 18 0.0363707 
126 198 8 10 0.03573181 
695 708 61 58 0.03472291 
685 175 10 13 0.033624563 
307 633 29 37 0.033192452 
63 1 489 472 0.03225221 
263 215 8 11 0.03223738 
912 176 6 9 0.031208824 
598 700 29 44 0.028255047 
768 199 11 14 0.026441116 
221 195 10 12 0.024948569 
631 159 9 12 0.023444643 
337 700 50 56 0.022879662 
6 744 24 24 0.022672085 
800 177 9 11 0.02096164 
702 639 39 53 0.020018319 
