2_Demonstration_Political_Rally_2_609
402
157 146 26 36 0.99808913 
116 249 94 133 0.9912862 
808 544 22 28 0.985906 
749 371 13 17 0.98266166 
691 412 14 18 0.9818963 
908 431 16 20 0.98074186 
757 450 14 18 0.97177494 
677 403 12 16 0.9715397 
940 374 15 19 0.97043365 
997 349 16 20 0.970159 
460 365 13 16 0.9695311 
635 392 15 18 0.96796554 
491 388 13 17 0.96723235 
965 449 14 19 0.9655567 
759 323 12 15 0.9519903 
712 406 12 15 0.94218135 
966 347 16 19 0.9400057 
769 566 20 25 0.9320926 
510 339 11 15 0.9311808 
390 363 11 14 0.9142853 
981 488 17 21 0.9075603 
889 458 15 20 0.90015775 
996 376 16 20 0.8991682 
722 426 12 16 0.89109385 
555 363 11 14 0.8871348 
925 492 15 18 0.8741033 
783 465 16 18 0.86303806 
772 493 17 19 0.8559487 
609 327 11 13 0.8399888 
729 516 18 21 0.8351231 
744 475 13 18 0.8309964 
903 475 13 17 0.83092916 
888 545 20 26 0.82725513 
407 418 13 16 0.821487 
647 327 11 13 0.8110233 
790 438 14 17 0.80826753 
383 399 13 17 0.79219645 
992 466 14 18 0.78262156 
535 341 10 13 0.7297713 
850 518 17 21 0.72639734 
850 558 19 24 0.72232765 
479 410 12 15 0.72012264 
642 348 12 15 0.71842086 
720 461 13 16 0.7124844 
740 402 11 14 0.7096934 
448 343 10 13 0.7070653 
772 411 12 14 0.6863984 
813 451 13 17 0.6801964 
709 386 12 15 0.67967486 
745 614 24 33 0.67710805 
664 320 12 14 0.6609241 
440 405 13 16 0.64604825 
851 395 13 15 0.6358006 
588 388 13 17 0.6276939 
643 429 12 15 0.62707084 
913 331 14 18 0.6130831 
820 405 12 16 0.60753006 
419 392 14 17 0.6000577 
715 477 13 17 0.5725718 
321 373 12 15 0.5558738 
800 299 11 13 0.54523945 
619 430 11 14 0.51050544 
1013 478 11 19 0.49616915 
771 297 11 14 0.4787199 
746 539 17 19 0.39888456 
718 299 11 14 0.3965555 
814 329 12 16 0.3877753 
553 347 10 13 0.38486263 
533 400 11 14 0.38331568 
770 526 13 16 0.3793986 
939 465 13 16 0.3752708 
598 317 9 12 0.36205506 
915 507 16 18 0.35054806 
304 362 11 14 0.34549543 
352 404 11 16 0.3375487 
597 342 12 14 0.3175765 
740 291 12 14 0.30982083 
393 334 10 12 0.3086891 
351 429 11 15 0.30706564 
435 431 13 15 0.3054712 
753 507 12 15 0.29396796 
590 382 11 14 0.29254383 
414 357 10 13 0.28993958 
491 343 11 14 0.28599167 
357 382 10 13 0.27292323 
478 324 9 12 0.2605192 
967 620 13 19 0.24963829 
671 348 10 14 0.24482498 
789 386 12 15 0.24470207 
831 476 12 16 0.2358815 
353 326 8 10 0.22428054 
669 521 22 34 0.22379133 
414 439 11 13 0.22081847 
381 459 10 14 0.21714252 
308 438 12 16 0.21435004 
818 457 13 17 0.20637926 
390 448 10 12 0.20185234 
806 279 10 13 0.20015556 
334 411 10 13 0.19458368 
261 369 12 15 0.19297041 
476 524 15 19 0.19283812 
614 466 13 17 0.18251483 
557 325 11 14 0.18172549 
866 476 15 19 0.1808606 
853 484 14 18 0.17937212 
737 429 11 14 0.17575708 
807 358 13 15 0.17172492 
496 306 11 14 0.16855034 
817 294 9 12 0.16693276 
505 518 44 53 0.16287768 
701 286 11 15 0.15961306 
879 363 11 15 0.1577514 
344 359 10 13 0.15654379 
453 387 12 15 0.15626809 
957 478 12 16 0.15552406 
56 218 161 211 0.15008685 
756 302 9 12 0.149788 
328 336 9 11 0.14889023 
469 344 13 16 0.14835846 
848 609 12 17 0.14323208 
766 598 26 31 0.13937402 
515 398 12 14 0.13761468 
333 356 10 12 0.13371047 
940 574 14 18 0.12821124 
333 294 9 10 0.1258772 
861 620 12 15 0.12361498 
792 528 18 20 0.12217692 
931 634 11 14 0.11908584 
627 333 10 12 0.114707775 
752 278 12 14 0.11385251 
429 291 10 13 0.11183418 
883 444 14 16 0.103057876 
708 428 11 14 0.102911465 
704 315 11 13 0.10204587 
903 656 13 17 0.09963726 
620 342 11 14 0.098714836 
867 523 16 19 0.097683996 
365 310 8 11 0.09708965 
427 550 42 44 0.096481115 
967 410 15 19 0.096271254 
711 326 12 15 0.09571377 
993 331 14 15 0.094819844 
659 507 17 19 0.0934088 
591 418 13 16 0.09258713 
483 407 11 14 0.08970426 
884 388 13 17 0.086430855 
665 300 11 13 0.08497104 
860 480 13 19 0.08361774 
776 315 9 12 0.083597645 
859 520 14 19 0.08349406 
440 334 9 12 0.083143026 
456 422 10 13 0.080042526 
986 570 15 17 0.07953315 
558 320 9 12 0.07897359 
748 580 17 24 0.07802549 
599 322 10 14 0.077893324 
827 435 12 15 0.07785015 
729 563 27 30 0.076974586 
538 317 9 12 0.07695111 
416 305 11 15 0.07660216 
782 315 10 13 0.075844005 
615 390 10 12 0.075100124 
303 479 13 15 0.07507027 
664 295 11 12 0.07279815 
575 395 10 13 0.071849965 
846 427 13 16 0.07182373 
651 307 11 14 0.07059994 
517 299 9 12 0.07056854 
280 383 12 14 0.06832877 
814 319 12 14 0.0667382 
454 447 11 14 0.06636722 
976 309 13 15 0.0659519 
383 349 9 11 0.06553466 
589 438 12 16 0.06322823 
348 363 10 12 0.06311071 
755 282 12 14 0.062834755 
602 343 12 14 0.06087544 
845 441 12 16 0.060619045 
675 346 12 16 0.06012754 
824 311 9 12 0.05997109 
614 345 11 14 0.059905294 
736 302 10 14 0.05944259 
997 143 9 13 0.059412252 
581 438 13 16 0.05876893 
736 572 24 29 0.05829276 
624 299 10 13 0.057082202 
216 152 9 12 0.05624568 
649 303 10 12 0.054716103 
738 297 13 15 0.05378224 
931 654 12 15 0.051880427 
619 450 13 16 0.051133446 
612 366 11 14 0.050676852 
740 544 18 20 0.050596848 
869 415 12 16 0.05015372 
956 529 16 21 0.05012404 
909 502 15 18 0.049986493 
461 444 10 15 0.0479006 
840 426 12 15 0.047787152 
796 404 12 15 0.04740635 
942 523 15 18 0.04651938 
597 413 12 15 0.045068104 
717 325 10 15 0.04493682 
693 495 10 14 0.044901982 
383 317 9 12 0.044312544 
224 400 42 49 0.044095464 
685 494 15 18 0.04408364 
416 380 10 12 0.04366041 
597 277 9 11 0.043577738 
617 460 14 17 0.04304256 
386 435 14 16 0.04273357 
500 365 11 15 0.042502657 
730 333 13 16 0.042071216 
359 413 10 13 0.042044617 
442 340 10 14 0.041880976 
676 372 13 16 0.04154988 
686 535 14 21 0.04123195 
726 553 27 28 0.041101176 
900 356 11 14 0.04093854 
340 414 10 12 0.04083294 
420 437 11 13 0.040645253 
893 649 16 19 0.040016152 
481 387 12 16 0.040010422 
500 359 11 13 0.039930314 
600 407 13 15 0.0397539 
750 511 14 18 0.039182138 
572 371 11 14 0.03884735 
553 318 10 12 0.03857738 
709 436 12 16 0.038535547 
565 451 11 12 0.037864093 
287 356 10 12 0.037704892 
841 647 24 26 0.03738457 
622 398 9 13 0.037158977 
755 419 11 13 0.037134912 
1008 413 11 15 0.03652118 
615 285 9 10 0.036516767 
366 420 10 13 0.03606743 
613 299 11 13 0.03601151 
583 392 14 18 0.03577016 
734 619 39 46 0.0355383 
915 346 14 17 0.03550155 
473 271 10 12 0.03541198 
708 313 11 12 0.03536203 
725 311 10 12 0.03531779 
575 436 13 17 0.03520513 
433 406 11 15 0.0351198 
513 317 10 12 0.034262758 
327 407 11 13 0.03390465 
946 516 13 17 0.033569068 
438 278 8 11 0.033096474 
609 300 10 12 0.033048715 
514 296 10 12 0.03271449 
725 317 12 16 0.032708146 
303 422 11 14 0.03245425 
268 396 14 16 0.03227571 
670 457 14 18 0.031729124 
567 363 11 14 0.031662405 
303 428 12 16 0.031570707 
471 506 25 34 0.03114484 
1009 295 11 14 0.03113189 
592 302 9 12 0.030957038 
574 412 10 13 0.030846262 
823 356 11 16 0.030779235 
350 285 8 10 0.030662278 
425 231 10 12 0.030574698 
982 663 12 12 0.03050861 
999 285 10 12 0.03043627 
361 420 9 12 0.03027894 
947 527 18 21 0.03025817 
590 293 9 11 0.030192953 
949 503 10 13 0.030162668 
493 436 13 14 0.030150034 
880 342 9 12 0.029829912 
544 280 10 11 0.029747814 
720 259 11 14 0.029521538 
453 489 17 21 0.029334744 
685 300 10 12 0.029251814 
592 262 8 10 0.029153004 
739 554 18 19 0.029141065 
669 511 16 19 0.02909436 
403 552 42 39 0.02907409 
53 151 14 18 0.028999584 
606 464 15 19 0.028953392 
680 296 10 11 0.0287319 
298 379 9 11 0.028678322 
951 537 16 19 0.028613003 
549 428 11 14 0.028584536 
330 352 9 12 0.028296283 
982 575 17 19 0.028244222 
820 301 10 12 0.02812415 
650 441 14 17 0.028038431 
737 519 16 20 0.028007066 
476 522 30 38 0.02796013 
397 339 9 12 0.02795427 
422 344 10 12 0.027896166 
788 321 13 17 0.027501054 
813 277 9 11 0.027500262 
745 215 10 13 0.027466722 
513 196 9 11 0.0274006 
720 308 9 12 0.027310174 
763 318 12 15 0.027183067 
384 428 13 16 0.027079953 
1012 117 10 15 0.027063929 
821 261 9 11 0.026981419 
720 316 10 14 0.02690033 
303 324 10 12 0.026850795 
799 348 10 12 0.026767131 
789 412 13 16 0.026741693 
560 293 9 11 0.026728293 
774 466 14 18 0.026555581 
353 350 8 10 0.026456237 
697 330 9 13 0.026226519 
568 488 10 13 0.026188666 
398 279 8 9 0.026173614 
376 303 8 9 0.025845721 
698 607 17 19 0.02583683 
428 390 12 16 0.025823755 
846 298 11 14 0.02580261 
578 502 22 31 0.025766052 
373 358 9 11 0.025528602 
1012 269 11 20 0.025489515 
539 402 12 15 0.025465786 
824 432 11 14 0.025283983 
481 358 11 13 0.025152557 
382 312 9 11 0.025138365 
964 309 11 15 0.025114702 
352 376 9 12 0.024987586 
336 389 10 12 0.024962276 
732 549 17 18 0.024871306 
724 509 15 19 0.024501186 
801 283 12 13 0.024454284 
710 396 12 15 0.024102934 
560 289 9 10 0.024092069 
994 565 13 15 0.023983492 
817 323 12 17 0.023767103 
279 342 9 12 0.023762282 
351 343 9 11 0.023727195 
649 500 21 24 0.023701608 
491 520 38 41 0.023696747 
988 520 22 27 0.023608366 
341 455 11 15 0.02358439 
458 483 16 22 0.023386944 
436 484 14 18 0.023347931 
471 337 12 14 0.023330173 
631 349 9 13 0.023301423 
1009 181 12 15 0.023275485 
359 349 9 11 0.023236632 
7 181 9 12 0.023152094 
723 567 20 25 0.023078121 
493 296 9 11 0.023075726 
712 293 9 13 0.022983216 
627 235 12 16 0.022940252 
407 256 11 12 0.022663759 
420 381 11 13 0.022622166 
402 350 9 13 0.022545133 
746 277 9 12 0.022538817 
45 146 16 20 0.022257986 
615 280 9 11 0.022187922 
344 309 9 11 0.022175903 
1012 172 10 14 0.022116931 
558 445 14 16 0.022003002 
482 373 12 14 0.021971002 
442 487 24 28 0.021892263 
923 342 13 16 0.021877484 
275 395 13 16 0.021778822 
722 552 20 21 0.021682383 
849 643 16 19 0.021622574 
266 405 18 19 0.021556243 
830 276 10 12 0.021515183 
590 288 9 11 0.021461777 
747 292 11 13 0.021436384 
269 390 13 13 0.021413768 
750 273 11 13 0.02139363 
850 636 14 16 0.021341888 
392 292 9 13 0.021240817 
511 312 10 12 0.021051396 
590 503 22 30 0.021049567 
817 272 9 10 0.021043539 
551 311 9 11 0.020943748 
976 192 17 20 0.020926433 
758 307 11 13 0.020909686 
365 316 9 11 0.020892654 
484 322 11 13 0.020845551 
887 260 9 11 0.02080314 
552 328 13 16 0.020755192 
565 324 10 13 0.020681974 
542 321 11 14 0.020618001 
906 661 15 18 0.020582028 
654 285 9 12 0.020567836 
312 392 10 13 0.020471577 
841 435 12 17 0.020468816 
573 358 10 13 0.020455536 
263 387 12 14 0.020450005 
356 457 12 16 0.020448474 
833 134 7 10 0.020435778 
702 329 11 14 0.020386418 
407 294 9 11 0.020287415 
628 296 10 12 0.020273019 
824 276 10 12 0.020246366 
589 425 14 18 0.02022106 
683 373 12 15 0.0201941 
377 310 8 11 0.02012373 
785 325 10 13 0.02003766 
