2_Demonstration_Political_Rally_2_90
120
538 269 55 77 0.9978429 
787 381 21 27 0.9738365 
922 379 12 16 0.91240364 
237 379 12 16 0.7110621 
196 335 10 12 0.6973328 
156 362 11 14 0.69061893 
876 380 11 14 0.65583014 
201 356 11 14 0.57114166 
112 360 13 16 0.44869286 
38 371 13 17 0.44010055 
300 364 10 12 0.36855775 
237 352 12 14 0.36604604 
63 319 12 14 0.30882272 
24 316 10 12 0.27672645 
273 391 8 11 0.17346925 
1007 387 16 23 0.16894607 
328 366 9 11 0.13258068 
72 297 14 17 0.1120837 
156 318 10 14 0.11017506 
941 407 11 14 0.105839774 
877 428 17 19 0.098781206 
260 355 11 14 0.09735792 
8 327 10 12 0.08839778 
42 348 8 12 0.08449438 
173 366 9 12 0.083541624 
326 333 9 11 0.07430877 
343 381 8 11 0.06880747 
218 386 12 17 0.06649588 
105 393 17 21 0.06542914 
822 388 12 17 0.064491116 
960 424 28 33 0.06341877 
256 352 11 14 0.062298108 
174 374 9 11 0.05985681 
890 332 9 10 0.058090348 
959 331 9 11 0.055979747 
233 355 11 14 0.0536784 
181 388 11 14 0.052219834 
160 343 10 12 0.048450015 
212 246 9 11 0.04760071 
152 388 10 13 0.04687746 
190 373 9 11 0.045432877 
15 325 8 13 0.043974627 
951 377 12 16 0.043726277 
102 385 15 21 0.04154401 
327 373 9 13 0.041319657 
107 380 14 17 0.040968806 
737 439 10 14 0.040447343 
58 323 9 12 0.040076222 
893 329 9 11 0.03945459 
46 325 10 12 0.0383225 
328 404 12 13 0.036733158 
289 391 9 11 0.03557434 
876 404 13 17 0.03510472 
238 360 12 15 0.034125704 
182 324 8 11 0.033524666 
85 325 10 12 0.03276356 
898 438 12 18 0.032325346 
269 357 9 13 0.032080356 
246 335 9 10 0.03172829 
231 374 14 18 0.031469893 
956 377 12 18 0.031290352 
56 263 9 10 0.030714035 
83 374 10 12 0.029639225 
850 396 12 14 0.02946994 
913 397 11 15 0.029159255 
44 345 9 11 0.029106047 
256 381 12 14 0.028972609 
407 423 9 10 0.028806565 
257 389 9 11 0.028661702 
905 317 8 10 0.028502658 
155 395 11 14 0.02846723 
28 312 10 12 0.028221145 
880 397 11 18 0.028195687 
201 380 9 12 0.028049767 
746 483 15 22 0.027681647 
952 356 9 13 0.02751248 
186 373 9 12 0.02737344 
86 355 11 14 0.026955271 
163 346 11 14 0.026588578 
846 308 10 13 0.02636308 
165 358 11 16 0.026183955 
1 333 10 15 0.026033456 
2 326 8 12 0.02594456 
262 344 8 10 0.025772834 
262 388 8 11 0.024934156 
245 375 11 15 0.024444675 
32 367 11 16 0.024364868 
158 311 10 13 0.02431153 
155 383 11 15 0.024019046 
887 438 21 26 0.02346193 
301 370 9 12 0.023340479 
208 375 9 12 0.023320395 
176 389 11 14 0.023122566 
42 326 8 12 0.022978837 
278 396 9 11 0.022916581 
96 341 11 13 0.022866495 
173 395 11 14 0.02267239 
243 355 10 14 0.022381194 
189 389 10 14 0.022113254 
431 365 9 12 0.021974038 
248 397 10 11 0.02189501 
308 441 13 17 0.021891423 
71 306 13 15 0.021865882 
109 331 11 13 0.021850487 
314 373 9 11 0.021722566 
176 309 10 12 0.021690385 
176 303 11 12 0.021641327 
345 326 8 11 0.021573856 
257 344 7 10 0.021421293 
259 374 12 14 0.021381302 
954 332 8 11 0.02128766 
230 362 12 15 0.021049354 
297 372 8 12 0.021047315 
232 383 13 17 0.020763878 
245 364 10 13 0.020707631 
181 318 9 12 0.020626772 
369 368 8 11 0.020599319 
134 340 10 13 0.020570312 
176 381 9 11 0.020502483 
93 326 10 12 0.020050023 
