2_Demonstration_Political_Rally_2_637
57
727 406 31 41 0.9984237 
0 386 34 49 0.99704117 
734 104 51 77 0.9942701 
278 354 37 46 0.9915501 
907 399 22 32 0.98506135 
161 388 35 55 0.9789725 
662 401 24 30 0.9570274 
457 364 28 54 0.8487113 
843 369 27 38 0.75961024 
619 289 17 21 0.7174842 
621 351 24 33 0.69094837 
365 407 29 34 0.5110698 
886 556 16 18 0.45734373 
787 379 24 30 0.39773756 
680 357 24 38 0.27491674 
701 303 14 20 0.23797259 
51 406 27 45 0.18058391 
678 398 21 29 0.11736471 
811 488 11 12 0.10906299 
748 462 30 35 0.095018156 
883 425 19 30 0.08584692 
369 404 21 20 0.082953155 
901 792 40 38 0.07152866 
941 649 13 18 0.06923224 
809 409 32 37 0.06878081 
956 659 11 17 0.057167172 
603 351 25 36 0.049720004 
213 398 28 32 0.049138166 
193 395 26 33 0.047731474 
950 653 11 18 0.044976085 
886 601 11 15 0.036664322 
11 394 35 54 0.034207627 
782 382 18 23 0.03339602 
867 654 32 38 0.032542836 
6 314 25 41 0.031961676 
744 601 30 47 0.030296022 
706 300 14 21 0.029784793 
0 948 13 19 0.026537236 
803 425 30 37 0.025982577 
745 513 45 49 0.025660168 
799 514 22 29 0.02562491 
752 319 11 12 0.025546359 
343 413 40 56 0.024583891 
710 295 21 29 0.024508916 
782 390 27 34 0.024497055 
78 666 22 30 0.02376173 
844 443 38 49 0.023511417 
251 368 37 36 0.02307674 
711 292 13 19 0.022581875 
813 558 17 20 0.02256947 
835 574 12 14 0.022200806 
879 597 15 18 0.021908687 
625 294 15 19 0.02106209 
204 393 26 33 0.020750385 
878 592 38 49 0.020579934 
736 301 13 17 0.020235512 
178 392 26 42 0.0200198 
