2_Demonstration_Demonstration_Or_Protest_2_158
113
472 233 30 35 0.99480456 
516 191 43 56 0.9937621 
986 217 33 42 0.99369276 
857 239 18 23 0.9752064 
62 266 12 16 0.93504995 
175 249 30 46 0.916411 
394 252 15 19 0.89702517 
183 218 25 37 0.85770404 
4 194 32 48 0.73716205 
693 259 10 12 0.7168 
739 271 63 69 0.7103096 
677 254 11 15 0.6109288 
252 259 11 13 0.499252 
271 261 10 13 0.49719924 
521 133 16 19 0.49470276 
279 255 11 14 0.41483286 
824 239 10 13 0.34027407 
100 258 17 19 0.2812271 
31 246 11 16 0.2559229 
339 342 39 42 0.25384808 
864 320 8 11 0.23822173 
881 130 23 28 0.15353107 
807 250 11 14 0.14845593 
248 255 11 13 0.14471148 
849 122 15 20 0.12768999 
266 261 10 13 0.11055688 
619 99 10 14 0.10626916 
283 256 16 17 0.09779488 
327 236 13 17 0.095544584 
34 163 17 24 0.09251331 
352 231 9 13 0.0899991 
620 253 9 11 0.08507904 
328 260 11 16 0.0848649 
879 246 11 14 0.08244183 
395 264 12 18 0.08044368 
633 254 10 13 0.077368975 
4 208 41 63 0.075489126 
872 209 34 39 0.0702573 
730 249 14 17 0.06984464 
491 233 24 31 0.06852326 
853 147 11 14 0.06528186 
374 240 13 16 0.06514195 
60 254 12 13 0.062186167 
720 230 9 12 0.06092186 
305 255 9 12 0.059409756 
186 239 25 40 0.05270012 
95 262 24 30 0.05146812 
687 255 10 14 0.04693203 
742 22 11 17 0.045787543 
121 244 17 17 0.043981846 
290 253 13 15 0.042847227 
254 268 12 16 0.042062845 
14 227 25 40 0.040474605 
806 237 11 15 0.039668117 
378 253 21 29 0.03954867 
309 256 9 11 0.03839858 
995 485 25 30 0.0373542 
365 220 9 11 0.037230253 
263 255 8 11 0.03664945 
842 152 23 32 0.036553755 
118 237 15 16 0.03435486 
240 268 9 13 0.03403644 
1015 402 9 16 0.033133615 
392 221 8 11 0.03164149 
753 269 44 37 0.031495657 
631 259 11 13 0.03148604 
27 237 14 21 0.031229163 
87 266 14 15 0.030627701 
445 214 15 17 0.030498685 
320 223 9 11 0.030487886 
245 269 12 15 0.029311704 
807 233 9 11 0.029068751 
749 9 24 28 0.028780922 
750 5 12 15 0.028658338 
16 198 19 27 0.027964365 
320 236 12 17 0.027686626 
862 147 10 13 0.027349599 
896 134 19 23 0.02707188 
398 127 11 13 0.02682453 
841 126 24 36 0.026665524 
518 150 12 15 0.026125224 
43 267 10 14 0.02601471 
262 268 10 13 0.02562259 
712 255 8 10 0.025563346 
368 244 22 27 0.025505567 
66 270 15 21 0.025478808 
438 217 22 23 0.025056524 
334 231 10 17 0.025038755 
162 219 29 30 0.024930714 
726 256 13 15 0.02453607 
831 117 29 38 0.024132075 
767 280 35 37 0.024128217 
814 237 11 14 0.024061838 
78 268 10 14 0.02392663 
632 248 10 12 0.023717873 
725 235 12 14 0.023106795 
670 246 15 19 0.02305054 
814 230 10 13 0.022892166 
64 233 11 14 0.022394795 
729 223 8 10 0.022226987 
75 228 15 20 0.022071652 
322 309 24 28 0.022026723 
284 249 15 16 0.022023212 
689 392 262 265 0.021734193 
229 321 27 27 0.021688059 
797 244 22 27 0.021663578 
106 268 16 22 0.021499436 
52 206 12 14 0.0211606 
664 254 10 13 0.021072213 
63 249 10 13 0.021066371 
816 116 32 38 0.020767085 
648 254 10 11 0.020505758 
165 225 41 54 0.020106396 
