2_Demonstration_Demonstration_Or_Protest_2_604
65
403 136 58 70 0.9985195 
280 39 87 117 0.9960968 
96 164 44 61 0.99389136 
653 121 64 103 0.9917888 
536 136 24 27 0.9808332 
14 176 25 35 0.9503268 
819 379 176 203 0.9496496 
41 128 16 19 0.8817841 
170 170 30 36 0.88007766 
468 151 14 20 0.79899645 
14 135 11 14 0.69333166 
518 94 13 17 0.5956468 
72 136 13 17 0.5609267 
102 131 15 19 0.5315744 
775 2 59 92 0.4438888 
565 94 10 13 0.3550418 
37 209 23 27 0.28215352 
85 122 13 15 0.24322757 
8 534 107 140 0.16136253 
701 109 25 35 0.14426234 
697 24 69 69 0.121349946 
563 144 15 21 0.094179936 
91 139 14 16 0.083265096 
9 139 12 15 0.07491934 
479 99 13 16 0.0743581 
479 123 15 17 0.06398095 
6 155 22 29 0.061063126 
93 132 14 16 0.060860783 
802 204 216 293 0.05887664 
714 101 35 41 0.055883396 
1 152 18 23 0.05475187 
4 223 27 38 0.054084696 
475 191 17 22 0.0534608 
424 461 42 67 0.05103483 
0 213 22 32 0.04556178 
160 163 24 32 0.0443936 
81 125 19 25 0.04316018 
572 88 13 17 0.042489644 
807 143 132 168 0.04088404 
494 10 14 16 0.03815911 
798 163 53 73 0.03695698 
0 206 16 26 0.03625903 
90 117 13 16 0.03580086 
461 155 24 32 0.032982342 
10 169 18 24 0.030721184 
18 138 12 16 0.02848039 
14 363 58 79 0.028435387 
12 219 16 22 0.027797852 
688 112 30 43 0.027743036 
603 92 14 19 0.025960984 
1 236 26 40 0.025752656 
88 139 23 27 0.025625676 
100 109 11 13 0.025514273 
14 160 21 31 0.025069317 
696 93 43 59 0.024587825 
10 238 17 25 0.024035756 
583 77 11 14 0.023208328 
309 182 35 43 0.022989146 
562 10 18 22 0.022912119 
0 133 9 15 0.022179533 
580 82 12 16 0.022040013 
51 131 12 16 0.021830881 
356 1 38 26 0.02165491 
5 123 12 16 0.02068174 
0 121 11 17 0.020312108 
