2_Demonstration_Demonstrators_2_546
136
945 170 26 35 0.997323 
801 201 28 34 0.9939037 
478 171 16 24 0.9100976 
433 179 20 31 0.8973022 
328 204 23 31 0.82459944 
888 154 14 18 0.66148597 
229 156 15 19 0.59536016 
526 157 16 20 0.54089355 
844 176 13 18 0.45811087 
601 147 21 39 0.34661502 
199 201 12 14 0.34047005 
988 154 12 16 0.3395355 
987 162 14 21 0.30854344 
999 181 10 14 0.27595776 
360 138 11 13 0.2069257 
148 188 13 17 0.17206092 
493 170 14 23 0.16455214 
899 220 12 19 0.14989923 
328 135 9 11 0.1328023 
537 266 21 30 0.11772877 
380 197 25 34 0.10958748 
415 141 9 13 0.10794494 
222 160 18 19 0.09852534 
948 147 11 15 0.095801994 
283 255 17 22 0.09386623 
441 151 11 13 0.08973497 
446 223 36 58 0.087662145 
158 193 12 17 0.08613259 
303 229 14 16 0.083343275 
572 113 12 15 0.08206435 
443 155 12 15 0.07973284 
176 215 10 14 0.079530284 
183 190 9 11 0.07730301 
321 135 9 11 0.07536866 
354 194 23 36 0.07334355 
158 180 11 15 0.0687038 
943 153 12 18 0.067362405 
893 142 8 11 0.06656762 
569 109 11 15 0.06513198 
986 152 10 12 0.058671996 
156 185 12 19 0.05684917 
158 175 10 13 0.056782126 
116 275 28 29 0.05641383 
333 139 8 11 0.05606339 
823 150 9 13 0.054983154 
677 127 7 10 0.054568987 
820 170 15 19 0.054391835 
278 164 12 15 0.05119651 
391 131 11 15 0.05030197 
699 159 29 31 0.0497748 
446 222 23 33 0.047363788 
353 126 9 11 0.046614014 
421 162 12 17 0.04371378 
521 184 18 21 0.042993974 
720 200 49 50 0.042485364 
279 170 14 21 0.04215699 
462 225 31 47 0.041032806 
421 158 10 13 0.04057464 
352 132 10 13 0.040217746 
369 201 22 34 0.04011659 
995 161 13 18 0.0394575 
908 249 15 18 0.039138936 
422 131 9 12 0.038746994 
460 219 15 22 0.037767027 
149 178 22 30 0.037100464 
497 166 17 23 0.03698392 
141 179 11 14 0.036265075 
356 128 12 14 0.035821017 
878 183 15 19 0.035682365 
1014 156 9 15 0.03506921 
774 163 14 19 0.034532905 
260 144 12 17 0.033436716 
367 188 21 34 0.033076067 
380 186 14 22 0.032909125 
1013 163 10 17 0.03274898 
247 134 23 30 0.032702908 
287 303 26 34 0.03244942 
197 193 14 17 0.03208361 
416 162 11 15 0.03160488 
454 150 11 13 0.03072267 
807 165 12 14 0.03057161 
821 154 14 20 0.030561628 
416 134 9 12 0.030401323 
438 158 15 18 0.030321952 
149 201 12 17 0.029366381 
690 160 25 33 0.029278304 
345 141 9 13 0.029074533 
813 162 10 15 0.028567562 
371 159 16 22 0.028514516 
493 107 13 19 0.0280636 
341 167 14 19 0.027580857 
756 142 10 11 0.027244978 
765 165 22 31 0.02634115 
345 134 8 11 0.025811743 
352 140 10 13 0.025590386 
879 147 10 14 0.02553684 
411 141 9 13 0.025380475 
152 173 11 14 0.025333963 
1006 173 12 18 0.02522895 
131 200 14 19 0.02519531 
591 142 23 42 0.02435555 
109 271 22 28 0.024335736 
142 169 10 12 0.024320453 
420 147 11 15 0.024235684 
393 201 16 24 0.023929337 
802 168 22 25 0.023927232 
920 178 10 13 0.023880564 
356 130 20 23 0.02378407 
228 196 11 14 0.023640452 
493 103 10 14 0.023487398 
838 178 15 23 0.023372114 
344 147 10 13 0.023032945 
175 208 10 14 0.022751331 
282 167 20 29 0.022700889 
969 234 33 42 0.022692353 
465 98 42 52 0.022423008 
1006 164 10 15 0.02229407 
379 128 25 30 0.02208799 
335 164 13 18 0.021934072 
137 180 10 13 0.021887964 
374 176 25 41 0.021873923 
271 179 13 17 0.021649087 
997 175 19 27 0.021595716 
446 144 11 12 0.021382289 
428 163 12 16 0.021165015 
269 307 15 24 0.02087446 
189 187 10 15 0.020767357 
278 245 28 31 0.020728458 
486 102 24 35 0.020629253 
430 156 10 14 0.020364461 
415 127 10 12 0.02015869 
880 154 13 17 0.02014789 
286 214 27 29 0.020105585 
499 155 18 23 0.020092348 
1008 158 9 13 0.020050755 
695 127 9 12 0.020021636 
