2_Demonstration_Protesters_2_884
89
935 430 90 136 0.99795866 
524 153 32 41 0.9963857 
365 86 21 27 0.9898953 
698 43 26 35 0.9780662 
584 91 24 25 0.97779375 
891 179 34 45 0.9630537 
514 221 36 34 0.87896717 
293 100 12 17 0.87183243 
660 259 28 55 0.8123474 
870 159 22 29 0.77502954 
34 79 19 21 0.7330705 
201 92 12 18 0.6168152 
299 101 12 18 0.41300547 
141 242 40 46 0.25159177 
552 69 12 15 0.23421155 
717 189 33 35 0.17135237 
4 114 12 16 0.16144405 
792 28 12 14 0.1360288 
16 159 29 35 0.12690297 
286 101 16 21 0.109155886 
917 174 32 44 0.103520595 
758 162 12 15 0.10351497 
234 91 16 21 0.09569305 
779 276 23 23 0.09280754 
541 71 9 12 0.09271812 
414 352 34 40 0.09249907 
159 241 36 49 0.08923156 
5 128 14 19 0.08596449 
208 91 18 20 0.08486717 
112 134 11 15 0.07727741 
734 40 13 18 0.07423505 
726 61 12 17 0.071759075 
978 253 17 21 0.06965818 
436 170 16 19 0.06779609 
539 74 12 17 0.06076224 
218 97 16 19 0.05779834 
289 112 18 22 0.054869022 
845 240 10 11 0.049084462 
317 118 13 19 0.04500809 
13 264 23 26 0.04124114 
689 67 15 20 0.03908735 
950 149 10 12 0.037320517 
1013 147 10 19 0.036703497 
871 165 38 49 0.036700673 
752 160 24 30 0.03540221 
666 102 34 41 0.035076287 
10 114 13 18 0.034948975 
819 187 16 18 0.033849977 
704 12 12 15 0.03106103 
787 272 15 19 0.030757066 
720 178 52 51 0.029379463 
858 161 24 31 0.028800333 
629 134 14 19 0.028660597 
899 254 28 32 0.028234866 
680 109 30 34 0.028044578 
971 50 11 17 0.02801195 
0 68 17 31 0.027498018 
537 78 15 24 0.027393153 
88 175 29 34 0.027330184 
95 282 22 27 0.02725502 
740 42 10 16 0.027252415 
558 63 10 13 0.026688159 
809 176 25 28 0.026685717 
697 48 36 51 0.02657598 
101 276 14 17 0.026313148 
900 259 17 19 0.026013592 
828 225 12 16 0.025731662 
109 259 31 35 0.025560813 
107 131 20 24 0.02540017 
338 194 16 19 0.0252686 
12 134 13 19 0.024945358 
873 244 32 37 0.024923434 
725 33 22 29 0.024756221 
776 0 18 18 0.02471865 
158 95 21 26 0.024191279 
988 57 21 27 0.02410314 
21 137 12 17 0.024034757 
760 62 10 14 0.023459066 
722 6 27 28 0.023444014 
715 120 13 16 0.02325169 
777 269 19 20 0.022617983 
955 148 12 14 0.022369854 
10 124 12 17 0.022177126 
978 146 41 53 0.021855513 
404 194 14 16 0.021192586 
843 132 15 18 0.020699508 
752 157 15 16 0.020346899 
730 30 14 17 0.020068243 
191 88 18 24 0.02001948 
