2_Demonstration_Demonstration_Or_Protest_2_242
19
18 488 27 33 0.9964348 
271 502 30 43 0.95852464 
172 532 53 83 0.92447644 
486 71 14 16 0.38394964 
463 79 10 12 0.27959964 
804 341 53 85 0.21252267 
11 513 15 20 0.056131005 
263 593 32 40 0.0495575 
4 498 14 19 0.038090132 
-1 565 20 34 0.03565858 
430 548 34 52 0.03136258 
0 547 19 31 0.030667106 
6 504 15 21 0.029594291 
0 535 13 22 0.02932819 
744 430 10 13 0.026852725 
99 497 32 45 0.023896882 
539 145 62 56 0.023547282 
212 472 14 16 0.02129686 
944 369 12 15 0.020253066 
