2_Demonstration_Political_Rally_2_891
29
308 273 133 178 0.9996101 
492 24 150 202 0.9981938 
180 384 44 57 0.99508685 
234 286 33 53 0.9778917 
33 389 44 52 0.9584344 
30 255 22 45 0.9513832 
58 261 17 22 0.88714623 
70 239 15 21 0.66901094 
27 241 18 24 0.4526353 
116 341 16 20 0.13166295 
156 256 16 21 0.12702085 
123 233 13 16 0.11184191 
249 179 56 81 0.0980552 
194 229 9 11 0.084367506 
27 497 43 54 0.052403413 
182 229 9 11 0.04444201 
8 484 50 59 0.03333074 
167 232 8 10 0.03240208 
119 220 40 51 0.02880395 
178 231 10 11 0.027424665 
661 599 23 32 0.025563177 
51 493 27 53 0.025464213 
60 253 15 21 0.02472016 
641 468 23 32 0.024105629 
196 224 9 12 0.022291837 
630 533 24 36 0.021887902 
657 538 23 34 0.02188362 
90 346 23 32 0.021243397 
281 276 51 64 0.02077201 
