2_Demonstration_Demonstrators_2_231
34
491 424 116 169 0.99926585 
39 466 57 68 0.99904996 
924 429 46 60 0.99683785 
225 463 52 67 0.9924063 
265 476 38 53 0.9725921 
981 419 14 19 0.9707964 
138 466 18 22 0.9245756 
95 467 13 16 0.7887887 
743 227 13 15 0.41312578 
1013 432 10 20 0.37583736 
782 237 19 26 0.35644037 
904 438 11 13 0.34192353 
746 255 12 14 0.33149573 
873 294 11 14 0.12972431 
875 324 10 13 0.12408853 
895 447 9 11 0.11109099 
116 468 10 15 0.1059655 
573 185 34 46 0.058678664 
269 3 21 26 0.04069846 
747 318 13 16 0.039283864 
1014 422 8 13 0.037980482 
894 452 10 14 0.036540348 
782 468 9 13 0.03285077 
986 221 26 30 0.029479608 
89 467 13 17 0.028078767 
902 433 20 26 0.026303755 
884 182 13 16 0.023299767 
360 487 63 110 0.02319592 
820 289 12 14 0.02302234 
914 435 14 20 0.022656452 
87 469 21 28 0.020806706 
666 438 7 10 0.020714546 
897 440 10 13 0.020663572 
972 262 10 11 0.020194642 
