2_Demonstration_Demonstration_Or_Protest_2_795
92
449 446 137 154 0.999435 
407 145 13 16 0.6640229 
464 131 12 14 0.55271494 
619 145 13 16 0.40847987 
445 142 11 13 0.3960961 
675 148 11 13 0.16725178 
574 135 9 11 0.16609366 
134 141 9 10 0.15301797 
749 140 13 15 0.121213846 
409 139 13 16 0.11793454 
678 134 8 10 0.1068818 
18 213 406 423 0.09812225 
590 140 9 10 0.09526614 
553 137 7 10 0.09506356 
411 133 13 15 0.09113019 
655 128 9 11 0.084578514 
106 144 8 10 0.082799636 
639 125 8 10 0.08225092 
91 145 8 9 0.079194844 
261 134 10 12 0.0733264 
601 142 8 10 0.06265743 
383 140 9 12 0.060050517 
73 141 8 10 0.058374293 
744 31 236 318 0.05433347 
369 141 9 12 0.05168428 
529 141 9 10 0.051350087 
92 149 8 10 0.048832234 
534 137 7 9 0.04713991 
606 140 8 12 0.045774333 
662 143 8 11 0.044698946 
690 142 8 11 0.044587947 
389 141 10 12 0.0440389 
296 141 11 13 0.043442197 
627 140 11 14 0.041505523 
303 139 11 15 0.040713154 
629 148 10 14 0.03880689 
720 142 8 11 0.038525887 
343 139 12 14 0.03788304 
622 154 10 12 0.033771686 
493 134 10 11 0.03296391 
414 128 10 12 0.03223903 
87 169 12 17 0.03220306 
744 136 10 15 0.031769115 
689 149 10 13 0.03176596 
423 142 9 13 0.031652957 
334 137 11 15 0.03141162 
189 140 10 12 0.03135949 
389 149 9 12 0.030621782 
675 134 7 10 0.030181408 
613 134 11 13 0.029991763 
661 149 8 11 0.02825309 
384 148 9 12 0.028222373 
98 169 17 19 0.027969493 
487 134 10 12 0.027850837 
108 148 9 11 0.027778454 
375 141 9 12 0.027765911 
400 140 9 13 0.027382271 
223 136 9 11 0.027287489 
608 135 10 11 0.027100429 
694 156 9 11 0.0269196 
769 147 9 13 0.026545035 
421 133 9 12 0.026511174 
153 141 9 12 0.026154393 
589 157 9 12 0.026012367 
639 138 11 14 0.025996363 
481 140 10 13 0.025781076 
481 135 9 12 0.025564905 
657 142 9 12 0.025295772 
757 134 12 14 0.025250988 
344 146 13 17 0.025203481 
514 181 24 26 0.024850914 
622 137 12 15 0.02402256 
557 136 7 10 0.023495216 
50 158 7 10 0.023047462 
400 134 8 11 0.022910453 
308 134 10 14 0.022743288 
574 130 9 10 0.022600774 
2 438 16 22 0.022531234 
657 150 9 11 0.022526078 
451 140 10 13 0.022427836 
679 130 8 9 0.022149965 
720 136 8 10 0.022048134 
753 145 13 15 0.022044752 
521 141 9 11 0.021816958 
431 135 9 12 0.021796463 
646 138 9 13 0.02133975 
766 142 10 12 0.02125227 
480 149 9 12 0.020919994 
88 166 21 25 0.020698186 
727 136 8 10 0.020314693 
50 154 7 9 0.02023107 
382 128 10 11 0.020167544 
