2_Demonstration_Demonstrators_2_518
33
941 418 62 86 0.998743 
87 257 62 75 0.9983923 
390 142 51 60 0.997647 
616 411 61 70 0.9969528 
474 148 48 56 0.99639916 
697 144 34 44 0.99403584 
939 47 29 39 0.99145985 
191 0 27 31 0.99011266 
982 261 41 63 0.98661774 
760 54 30 42 0.98626757 
234 196 38 64 0.98185515 
560 139 28 42 0.9385825 
835 85 30 39 0.9294043 
339 153 36 62 0.91325444 
191 293 35 59 0.7695302 
607 142 27 34 0.5342295 
751 130 26 36 0.37383255 
811 86 33 40 0.29954216 
989 601 14 18 0.27029943 
645 72 24 32 0.15405184 
1003 82 22 30 0.1393312 
577 135 44 52 0.09418326 
734 126 32 40 0.049635123 
518 83 32 39 0.047607902 
209 304 34 52 0.045979295 
952 118 19 24 0.044446804 
497 4 19 23 0.040518302 
735 259 32 42 0.024484152 
129 287 32 52 0.024227275 
862 13 41 56 0.024036504 
833 284 17 23 0.020519244 
1005 630 19 38 0.020345159 
798 1 45 49 0.020253086 
