2_Demonstration_Demonstrators_2_314
90
414 259 29 31 0.99315155 
204 271 28 32 0.98932624 
111 261 28 32 0.9848952 
65 229 25 30 0.9834125 
260 271 27 29 0.9797279 
383 280 20 32 0.782606 
2 319 22 31 0.772081 
226 316 23 29 0.57134664 
522 252 21 27 0.46359769 
371 431 47 34 0.41195878 
174 236 24 27 0.3738161 
482 303 23 39 0.35671383 
604 356 35 65 0.28329262 
242 397 35 53 0.25979468 
17 399 34 54 0.25819182 
59 292 30 30 0.25759885 
0 252 19 31 0.24778901 
534 254 20 26 0.22724603 
746 354 31 40 0.2192906 
0 337 12 25 0.20996884 
1 273 14 20 0.19569369 
174 390 26 47 0.19158934 
573 308 31 37 0.18455757 
268 408 26 41 0.1738197 
605 260 22 30 0.1579637 
67 331 31 41 0.15180883 
337 292 19 24 0.14086634 
0 249 12 19 0.13266163 
305 342 29 31 0.12665917 
635 43 15 16 0.12535669 
280 297 28 35 0.12109592 
403 253 24 28 0.116304226 
57 503 54 58 0.11226237 
141 264 16 22 0.11040552 
189 714 58 56 0.109849535 
546 259 14 20 0.09895483 
80 495 43 58 0.0986832 
766 297 23 29 0.0854457 
677 261 41 49 0.07750842 
72 287 21 26 0.071687445 
1 303 26 35 0.06888059 
732 297 18 22 0.06547938 
508 246 25 32 0.061682947 
123 256 25 32 0.058679506 
259 413 26 46 0.0572515 
586 313 32 36 0.05692192 
873 401 31 54 0.053559504 
522 307 21 32 0.052212436 
115 312 31 29 0.04731987 
174 732 55 35 0.04633906 
17 477 24 45 0.044472672 
59 306 35 42 0.04100966 
14 280 16 20 0.040858064 
56 338 32 39 0.03700123 
437 287 16 21 0.03560455 
124 302 31 36 0.034799512 
310 351 35 46 0.034509223 
634 279 41 50 0.033978835 
355 314 26 29 0.033797618 
64 413 23 31 0.033548832 
512 270 25 28 0.033207662 
515 264 16 19 0.03129338 
492 298 16 28 0.030140297 
7 257 17 22 0.028845102 
156 294 23 30 0.028335689 
398 256 17 22 0.028051283 
10 330 16 24 0.02789671 
589 269 29 29 0.02776697 
653 269 29 46 0.025565375 
574 274 24 30 0.025500247 
753 340 39 42 0.025398161 
174 344 30 33 0.024634607 
390 332 20 31 0.024431529 
181 242 28 28 0.024208877 
231 265 14 20 0.024012985 
6 277 25 32 0.023970202 
131 247 18 23 0.023780737 
1 482 37 59 0.02352475 
506 234 22 32 0.023520246 
70 301 22 24 0.023488052 
94 321 24 28 0.023007018 
390 276 23 32 0.021702504 
197 371 27 43 0.021663014 
765 301 38 39 0.021353535 
50 332 28 34 0.021345973 
73 340 41 52 0.021270767 
583 253 11 17 0.0212549 
246 197 12 15 0.021050217 
31 403 27 44 0.020788867 
137 298 27 37 0.020610847 
