2_Demonstration_Protesters_2_163
381
51 176 18 23 0.98355144 
367 154 15 18 0.9754532 
590 124 11 13 0.96610725 
865 70 9 13 0.96091 
524 117 12 15 0.9591568 
962 16 20 21 0.9572286 
506 265 25 28 0.95670056 
539 124 12 15 0.94198626 
688 148 11 15 0.9377325 
573 116 11 13 0.93762237 
219 119 35 46 0.9245264 
100 195 17 20 0.9209306 
599 106 10 14 0.91984826 
81 206 21 27 0.91042405 
499 124 10 13 0.8989385 
902 128 10 13 0.87072676 
616 109 10 14 0.85465044 
429 134 10 13 0.8488695 
807 117 11 13 0.84874153 
158 185 16 22 0.7915722 
307 163 12 16 0.72059697 
558 123 10 13 0.70649916 
15 207 11 14 0.6887903 
772 93 9 11 0.6566474 
849 76 8 10 0.646575 
681 165 8 11 0.5956203 
642 115 10 13 0.57563484 
766 124 9 11 0.5729201 
125 198 14 18 0.56601864 
769 119 9 12 0.523092 
784 152 11 14 0.5216492 
745 155 11 14 0.43846065 
528 186 13 17 0.43024853 
786 94 8 10 0.34293216 
415 140 11 13 0.3342295 
757 114 9 12 0.30855206 
998 24 15 18 0.29765257 
455 183 12 15 0.27820078 
509 148 10 12 0.27818003 
738 166 8 13 0.2776843 
585 138 10 13 0.2572417 
352 140 11 14 0.2564692 
279 158 15 17 0.24787562 
520 108 9 12 0.2454099 
720 139 10 13 0.24168289 
748 150 12 15 0.22412786 
380 171 12 14 0.21795417 
409 143 8 12 0.21684553 
457 141 10 13 0.21263242 
258 169 15 20 0.2043919 
702 476 61 64 0.19784509 
496 315 72 80 0.19561416 
377 173 9 12 0.19536862 
390 127 9 10 0.19418234 
0 202 10 17 0.19113424 
163 165 13 16 0.19017895 
90 201 19 24 0.18849741 
439 133 9 12 0.18320149 
566 103 9 11 0.18061727 
272 170 10 15 0.18007189 
802 94 8 10 0.17328487 
160 183 24 31 0.17020619 
486 140 9 13 0.16737282 
800 146 11 14 0.15167613 
897 78 9 12 0.14896838 
629 338 35 46 0.14478801 
700 440 98 101 0.1372197 
702 502 25 41 0.13617347 
402 143 8 11 0.13131368 
34 180 14 19 0.12985961 
524 111 12 14 0.12882736 
544 111 9 12 0.12641692 
785 116 9 12 0.12569079 
414 166 14 17 0.12419812 
343 133 7 11 0.11650647 
849 150 8 10 0.114822276 
757 141 11 13 0.11259012 
455 132 11 13 0.112529084 
454 164 8 11 0.112150826 
458 110 8 10 0.11152785 
755 147 12 14 0.110532224 
877 140 9 11 0.106600136 
801 103 8 10 0.104580805 
534 518 56 60 0.104384296 
389 134 9 11 0.10228452 
424 119 8 10 0.10079875 
801 87 8 11 0.09856785 
446 119 9 10 0.096552886 
535 120 10 13 0.09617219 
669 148 10 14 0.09595891 
138 164 14 20 0.09577145 
504 260 39 46 0.09231833 
399 134 8 10 0.09146163 
747 126 8 11 0.09062631 
376 128 8 10 0.089785144 
896 84 9 12 0.08810264 
816 71 7 9 0.08804334 
665 150 10 13 0.0865388 
903 60 9 10 0.086118676 
133 190 12 18 0.08532942 
721 105 8 9 0.083650365 
477 194 13 15 0.08287197 
928 53 9 12 0.07903973 
406 146 9 12 0.07783141 
446 125 10 13 0.07625001 
801 109 9 12 0.07537459 
564 202 17 17 0.07293474 
541 119 11 14 0.07258427 
852 132 9 12 0.07117545 
920 61 9 10 0.069673225 
715 370 58 57 0.067571916 
754 162 9 12 0.067335494 
314 165 13 15 0.06697939 
798 134 10 11 0.065990806 
549 111 9 11 0.06587265 
997 37 14 16 0.06582458 
693 133 10 12 0.065701835 
534 94 9 10 0.06500836 
18 170 13 17 0.06463996 
517 142 10 12 0.06454052 
667 154 12 16 0.06433373 
708 406 73 84 0.06423753 
793 132 9 13 0.063098274 
543 327 34 54 0.061343934 
821 94 9 10 0.061204102 
442 127 9 12 0.059201185 
721 109 8 10 0.058823712 
536 110 9 11 0.058736306 
823 87 9 11 0.058716286 
688 132 10 12 0.058713537 
829 112 10 12 0.05838228 
890 141 8 11 0.058269363 
750 133 11 12 0.058064897 
963 32 15 17 0.057408202 
743 111 7 10 0.057236254 
783 112 9 12 0.05718194 
561 102 8 11 0.05708423 
347 164 10 12 0.0563256 
385 138 9 12 0.056283463 
657 133 9 12 0.056070104 
834 95 8 10 0.055479474 
785 88 8 10 0.054970313 
558 182 15 17 0.054857872 
689 128 9 10 0.054001827 
419 146 13 15 0.05383582 
702 366 29 38 0.053422075 
573 396 55 49 0.0532673 
803 143 12 14 0.053089514 
927 95 11 14 0.052681327 
446 112 8 10 0.05225173 
430 118 8 9 0.05217791 
855 61 9 11 0.052017905 
737 101 7 9 0.051398028 
374 132 8 10 0.051120244 
894 141 8 11 0.050326824 
726 119 9 10 0.050031587 
842 78 8 9 0.049837496 
706 149 9 12 0.049675662 
414 157 11 14 0.049511828 
389 139 9 12 0.04929811 
1005 32 13 17 0.049229532 
326 157 9 13 0.04826374 
514 110 9 11 0.04824686 
824 79 8 9 0.048134647 
757 134 11 13 0.047755957 
419 138 13 15 0.04691428 
871 134 10 14 0.04638325 
760 103 7 9 0.0460603 
569 197 16 17 0.045569345 
445 131 9 14 0.04506835 
534 104 8 10 0.04491279 
709 157 9 13 0.04486076 
831 62 8 10 0.044202335 
553 117 10 12 0.044182464 
344 140 9 13 0.044180274 
387 128 7 9 0.0435508 
866 135 9 12 0.043414548 
485 190 10 15 0.04332972 
448 158 9 11 0.043058075 
840 55 8 9 0.042752035 
160 249 39 50 0.042021062 
735 188 10 13 0.041855298 
264 167 19 24 0.04180481 
569 109 9 12 0.041548844 
999 85 11 14 0.041267626 
698 111 8 9 0.041130353 
758 95 7 9 0.0410831 
712 119 8 10 0.04101887 
470 133 9 12 0.041018274 
360 128 8 9 0.04094737 
791 126 10 13 0.04089517 
418 119 7 9 0.040789552 
349 159 11 12 0.040756457 
808 71 7 9 0.040608548 
294 166 9 13 0.040566165 
896 93 9 10 0.040479243 
633 109 8 11 0.040244646 
460 126 10 12 0.03941592 
774 89 9 11 0.039136887 
753 95 8 10 0.039074417 
527 104 9 11 0.038603637 
801 80 8 9 0.038481273 
902 93 9 11 0.038191285 
817 156 8 10 0.038165495 
271 161 11 13 0.037892077 
503 103 8 11 0.037807666 
772 142 11 14 0.03776965 
698 105 7 9 0.037468325 
494 110 9 11 0.036851585 
623 495 40 37 0.036219914 
369 176 10 12 0.036187723 
720 118 8 10 0.036037218 
170 166 13 15 0.035826683 
671 128 9 11 0.035731874 
718 95 7 9 0.03564792 
821 135 10 13 0.035627235 
460 146 11 14 0.03561537 
821 157 8 10 0.03549146 
589 131 10 13 0.03529472 
662 333 50 48 0.035221033 
816 132 9 13 0.03475695 
784 100 8 10 0.034333386 
515 147 10 13 0.034276165 
632 104 8 10 0.034131065 
640 148 8 11 0.03402264 
776 80 8 9 0.033886526 
358 136 10 11 0.03374591 
775 113 9 12 0.03368109 
857 56 8 10 0.03330561 
706 471 31 33 0.033041954 
470 96 8 10 0.032696232 
460 133 11 14 0.032603256 
519 136 9 12 0.03255991 
606 134 9 12 0.032545295 
824 72 7 8 0.032471403 
1011 27 11 17 0.032464974 
704 142 8 11 0.03185735 
89 215 17 22 0.031693313 
137 100 20 24 0.031430088 
825 112 9 11 0.03133145 
686 413 58 79 0.031256896 
392 121 8 10 0.031222273 
525 136 9 11 0.031127539 
618 125 8 10 0.031046702 
715 94 7 10 0.031003393 
493 262 29 31 0.030897863 
632 323 42 35 0.030776355 
706 126 8 9 0.030700877 
671 134 8 10 0.030552773 
886 136 9 11 0.030546065 
449 164 9 12 0.03052176 
368 134 9 10 0.030418903 
806 458 57 71 0.030204294 
710 125 8 10 0.030183723 
517 490 42 60 0.030122297 
634 370 51 57 0.02987073 
357 147 11 14 0.029590745 
4 203 12 16 0.029565603 
818 94 8 11 0.029410617 
575 132 9 12 0.028932322 
818 102 8 10 0.028751265 
695 119 7 9 0.028702252 
559 112 9 11 0.028626738 
725 136 10 13 0.028579943 
709 164 9 13 0.028562339 
157 138 14 16 0.028529003 
889 117 9 10 0.028508138 
647 86 7 9 0.028292313 
1010 57 12 18 0.028169535 
470 127 9 12 0.028108506 
831 78 7 9 0.028086996 
373 178 11 14 0.02808075 
370 188 13 16 0.027983053 
60 236 13 15 0.027817484 
838 128 8 10 0.027800538 
826 63 7 9 0.027738903 
494 141 10 13 0.027719373 
541 152 12 17 0.027359493 
726 103 8 10 0.027295994 
681 147 12 15 0.027273757 
735 150 8 11 0.027240708 
671 94 7 9 0.02720696 
880 71 9 12 0.027200509 
725 111 8 10 0.02719372 
128 197 20 26 0.027169194 
159 163 22 27 0.0270553 
151 139 11 14 0.027024306 
505 145 9 12 0.02687877 
682 112 8 9 0.026692268 
661 422 47 70 0.026627691 
461 80 7 9 0.026552584 
43 296 17 17 0.026490528 
341 684 58 86 0.026377155 
807 133 10 12 0.026214918 
831 71 8 9 0.025886886 
601 139 9 12 0.025877198 
798 128 9 11 0.025660357 
583 117 9 12 0.025653025 
332 159 10 13 0.025644703 
806 78 8 10 0.02560126 
900 85 10 13 0.025522158 
789 113 8 10 0.025517588 
817 77 8 9 0.025027538 
686 112 7 9 0.025004262 
496 277 48 63 0.024848163 
898 62 9 10 0.024752866 
801 71 7 8 0.024484454 
712 142 9 11 0.024474869 
796 181 12 14 0.024436615 
792 174 9 10 0.02435289 
639 103 8 10 0.024349576 
424 113 7 10 0.024344837 
441 94 8 10 0.024289023 
680 143 9 13 0.024266034 
849 129 10 12 0.02414229 
818 87 9 11 0.02409726 
689 120 7 9 0.02404233 
1013 20 11 17 0.024024429 
94 227 15 17 0.023953415 
673 105 7 8 0.023891103 
792 144 9 11 0.023658954 
686 337 34 42 0.02360433 
858 163 13 15 0.023578154 
775 430 96 108 0.023557156 
801 65 7 9 0.023482975 
767 142 10 13 0.02342552 
616 508 49 48 0.023410792 
919 120 8 10 0.023380527 
848 145 8 10 0.023350378 
304 169 11 16 0.023276104 
615 462 53 55 0.02326411 
889 55 7 9 0.023090318 
664 119 8 10 0.022956079 
630 135 9 11 0.022912215 
45 253 14 21 0.02289525 
712 404 45 46 0.022583812 
473 189 14 16 0.02247736 
894 111 9 12 0.022461543 
487 118 9 11 0.02239001 
728 126 8 10 0.022381473 
319 156 12 15 0.022331437 
325 164 10 15 0.022328148 
431 114 8 9 0.022240868 
797 174 10 12 0.022230875 
677 169 11 13 0.022170011 
777 70 8 9 0.022055488 
567 124 10 13 0.022043899 
455 118 10 12 0.022033202 
742 102 8 10 0.021967372 
714 112 7 9 0.021933878 
76 193 16 19 0.021885257 
525 264 39 42 0.021803923 
587 162 15 18 0.021801384 
139 187 12 20 0.021768022 
447 140 9 12 0.021645071 
127 166 14 18 0.021633971 
854 72 8 11 0.021539817 
830 88 8 10 0.021326281 
482 134 9 13 0.021284755 
738 112 7 9 0.021282852 
898 47 7 9 0.02126755 
815 140 9 12 0.021265484 
642 144 8 11 0.021256665 
514 135 9 11 0.021164225 
925 58 11 13 0.021154866 
808 65 7 9 0.02114296 
490 110 8 11 0.021073733 
426 126 8 10 0.02106495 
738 188 13 16 0.020933185 
99 205 14 20 0.020907126 
415 127 8 9 0.020753069 
734 135 8 11 0.020702386 
120 191 13 15 0.020658353 
401 111 7 10 0.020649811 
376 217 24 28 0.020494824 
259 181 16 20 0.020459061 
295 172 10 14 0.020406876 
906 125 10 12 0.020312948 
633 329 60 50 0.020194406 
830 183 12 15 0.020057727 
769 160 9 11 0.020015363 
