2_Demonstration_Political_Rally_2_319
524
616 457 35 46 0.99810934 
668 445 23 34 0.993568 
392 466 25 34 0.99255145 
119 447 22 29 0.9842234 
273 458 26 41 0.97550935 
716 535 30 45 0.9693299 
156 486 24 35 0.9277921 
138 687 24 37 0.91365886 
854 431 15 24 0.86368626 
56 459 18 27 0.8304043 
970 524 33 36 0.82415 
834 573 46 66 0.8091118 
211 443 21 27 0.7951901 
997 490 14 22 0.77904516 
458 439 16 24 0.76398844 
844 397 10 14 0.712349 
724 398 11 14 0.6956833 
873 386 12 17 0.6737788 
722 476 26 29 0.67060417 
312 423 12 15 0.6364604 
299 472 19 31 0.5551704 
343 365 9 11 0.54623187 
111 372 8 12 0.5334962 
195 416 14 17 0.5270101 
535 445 19 30 0.48298442 
784 418 10 15 0.44940615 
46 563 25 54 0.42949346 
181 389 12 13 0.41990793 
406 379 11 14 0.41768423 
955 402 11 14 0.4148394 
175 418 13 15 0.39784357 
118 390 10 14 0.39648387 
57 372 9 12 0.39325377 
200 375 11 14 0.39042193 
588 513 31 41 0.3898427 
132 408 17 20 0.37816155 
289 465 21 36 0.355202 
834 466 15 18 0.3369193 
319 344 8 9 0.3290502 
372 480 22 29 0.3240622 
808 450 19 22 0.30521494 
0 370 10 14 0.30377463 
439 408 8 9 0.2998898 
78 389 10 12 0.2949918 
37 390 9 13 0.29146284 
40 436 17 20 0.2907421 
270 358 8 10 0.2853788 
813 391 9 11 0.28233898 
587 405 18 20 0.2759211 
6 395 13 17 0.2753841 
288 375 9 11 0.2664538 
247 369 8 10 0.26611942 
966 364 8 11 0.2498431 
399 365 8 10 0.24495879 
160 368 9 11 0.24437112 
309 519 23 37 0.24247912 
510 479 16 22 0.23245561 
580 442 15 17 0.23105296 
742 437 16 18 0.2303609 
231 358 8 11 0.22813103 
748 406 10 13 0.22581753 
336 414 11 16 0.22090824 
23 366 9 11 0.2203096 
379 418 16 22 0.21833815 
965 380 8 11 0.21696885 
205 373 10 13 0.2154127 
113 390 10 14 0.20703706 
441 494 24 31 0.2057463 
0 396 8 15 0.20232548 
698 403 17 20 0.19733058 
1009 383 10 12 0.17999737 
984 365 9 11 0.17896023 
142 374 9 12 0.17436469 
350 450 17 20 0.17430522 
158 389 12 14 0.17412685 
94 389 12 14 0.17260969 
159 373 10 12 0.17160366 
823 367 7 9 0.16943435 
168 410 11 15 0.16868572 
3 477 13 16 0.16776174 
377 360 8 10 0.16142783 
357 421 14 17 0.16124731 
580 522 29 42 0.15887073 
494 383 11 13 0.15874992 
136 374 8 11 0.1539841 
688 410 10 14 0.1505463 
180 425 12 15 0.14881507 
462 363 9 11 0.14791258 
254 359 8 9 0.14718366 
818 367 7 9 0.1423999 
24 373 10 11 0.13760749 
433 445 22 28 0.13743845 
365 421 11 17 0.13230129 
467 392 17 19 0.12708612 
894 395 12 13 0.12181523 
15 349 9 11 0.11944154 
830 435 10 13 0.11672261 
374 421 14 22 0.115638174 
574 531 24 37 0.11486243 
31 465 12 17 0.113811985 
245 381 9 13 0.11355221 
950 383 10 12 0.11198622 
134 368 8 9 0.110634394 
168 367 8 10 0.10934275 
992 399 8 10 0.10802185 
73 351 8 11 0.107772194 
444 440 21 30 0.10765608 
891 441 16 24 0.107512526 
31 459 21 27 0.10708993 
242 368 8 10 0.10484786 
348 417 16 18 0.104140736 
0 333 7 12 0.103917524 
357 372 9 11 0.1038975 
454 375 10 12 0.10243086 
862 377 8 10 0.10152857 
206 368 9 10 0.10120181 
243 403 12 16 0.10037504 
693 405 13 17 0.10006376 
216 368 8 11 0.09915166 
130 374 9 11 0.09820641 
386 413 13 14 0.09712014 
526 436 22 34 0.09496886 
220 395 11 13 0.09431665 
777 413 10 14 0.09421971 
72 357 8 11 0.093609765 
22 360 8 11 0.0935555 
381 360 8 10 0.09305407 
743 380 10 12 0.092150494 
983 383 8 10 0.0913888 
308 403 14 19 0.0905089 
38 448 14 17 0.09034963 
5 373 9 11 0.09031264 
204 378 12 15 0.088914804 
543 450 18 23 0.08882165 
173 368 8 10 0.08362901 
423 367 9 10 0.083346 
735 423 9 15 0.08311696 
353 368 8 11 0.081852585 
271 362 9 12 0.08172088 
400 362 8 9 0.08014236 
534 393 16 17 0.07974175 
389 406 10 12 0.07584852 
279 356 10 13 0.0754224 
89 373 8 11 0.074622445 
325 391 10 12 0.07415192 
815 415 11 13 0.07370366 
384 350 8 10 0.07309869 
788 425 15 17 0.07112847 
303 421 15 17 0.06937823 
224 350 8 11 0.069157794 
196 406 14 15 0.067510635 
833 367 8 10 0.06748084 
130 368 8 10 0.067435265 
417 367 8 11 0.06713882 
896 403 13 16 0.06656905 
505 366 10 12 0.0663617 
35 409 12 15 0.0656666 
962 362 8 11 0.06471006 
316 381 9 12 0.06409143 
183 357 9 10 0.063523866 
239 399 12 17 0.06315569 
1009 360 7 10 0.061788857 
102 350 9 11 0.061748106 
822 390 8 10 0.061720982 
173 381 12 14 0.06127853 
176 388 12 14 0.060820013 
434 412 8 11 0.060439743 
389 399 10 12 0.060159568 
9 351 8 11 0.05892322 
92 373 10 11 0.058816798 
395 366 8 10 0.0585012 
232 402 11 16 0.05848222 
326 403 13 17 0.05846576 
111 333 7 9 0.05836463 
47 383 9 12 0.058290277 
242 373 9 10 0.058130573 
5 357 10 13 0.058021776 
896 449 15 20 0.05791088 
858 391 8 12 0.05782208 
312 359 8 11 0.05725131 
307 412 15 19 0.056991953 
858 380 8 10 0.05696536 
172 374 10 12 0.05686062 
526 524 18 34 0.05681321 
928 377 8 10 0.056655455 
252 405 13 15 0.056458555 
168 373 9 12 0.05644918 
223 369 7 10 0.056229487 
15 343 9 11 0.056113806 
863 395 10 13 0.055785593 
870 411 11 15 0.055782896 
107 334 7 9 0.05528034 
4 367 9 12 0.055052806 
226 358 8 10 0.054392718 
62 369 8 10 0.054097425 
272 341 7 9 0.053800397 
967 395 15 17 0.053722396 
286 379 9 11 0.05365937 
195 425 16 19 0.05358167 
192 333 7 9 0.053498827 
69 405 11 15 0.052612595 
881 368 9 11 0.052092776 
80 397 10 12 0.05193419 
406 360 8 10 0.05168974 
680 399 10 13 0.05129658 
145 367 8 10 0.051143076 
305 359 8 10 0.051010277 
340 414 14 19 0.050456785 
984 390 9 10 0.050302584 
326 343 7 9 0.050182734 
524 372 10 14 0.04993643 
9 312 9 10 0.04961628 
793 357 9 11 0.048816822 
333 406 11 15 0.048784964 
271 353 8 11 0.048763644 
102 389 10 13 0.048746802 
911 413 9 12 0.048476852 
158 383 10 13 0.04830682 
515 420 11 16 0.048056237 
314 326 7 9 0.048013497 
350 424 17 18 0.04778009 
89 357 8 10 0.04756782 
64 406 11 15 0.04718798 
262 377 9 10 0.047009043 
97 351 9 10 0.046914984 
596 399 17 19 0.046471193 
315 343 8 10 0.04624498 
846 420 11 16 0.046097644 
490 387 11 15 0.045993816 
45 460 15 21 0.045636877 
271 381 8 11 0.045422908 
694 374 9 10 0.045355614 
834 435 14 17 0.04534321 
823 383 9 11 0.04517332 
425 359 8 9 0.04482922 
339 365 8 12 0.0446455 
814 383 9 12 0.044445526 
249 343 7 9 0.044217702 
760 413 12 15 0.04417076 
317 376 9 11 0.044049762 
52 576 25 57 0.044046298 
760 404 12 15 0.043838214 
55 379 10 14 0.04349742 
325 396 13 18 0.043474868 
372 406 9 13 0.04339544 
884 388 11 14 0.043277435 
992 380 8 11 0.042956367 
54 320 7 9 0.042697035 
321 390 9 11 0.042658184 
267 433 17 19 0.042593148 
706 411 13 16 0.04218094 
78 349 8 11 0.04207074 
396 426 13 19 0.041711185 
951 375 8 10 0.04160812 
741 428 15 18 0.041585553 
1009 365 8 10 0.041514665 
682 416 16 18 0.04141687 
390 425 14 20 0.040950593 
12 400 11 16 0.040488616 
458 365 9 11 0.040244937 
239 388 10 12 0.040160388 
809 383 10 12 0.040152483 
10 343 8 11 0.03994046 
193 381 9 12 0.039921153 
223 345 9 10 0.03955168 
702 391 10 12 0.03949638 
14 374 9 12 0.0389557 
847 428 13 20 0.038742226 
192 357 8 11 0.03873139 
820 413 10 13 0.03872677 
839 368 7 9 0.0387045 
575 446 13 19 0.038485784 
921 304 54 54 0.038396396 
563 533 25 33 0.038260996 
584 437 17 18 0.0382395 
158 488 37 47 0.038156286 
902 421 12 15 0.0381199 
143 379 9 12 0.037888378 
720 391 19 25 0.037682228 
206 343 8 9 0.037645184 
719 460 24 31 0.037369475 
628 420 16 19 0.037339352 
835 427 12 16 0.036946308 
359 480 27 30 0.036838815 
833 398 8 12 0.036819406 
790 397 9 11 0.036728214 
414 371 11 14 0.036620516 
400 413 10 12 0.036490966 
956 406 14 19 0.036389705 
202 367 9 11 0.036072597 
119 367 8 10 0.035846893 
925 380 10 11 0.03580269 
918 389 10 12 0.035731975 
747 383 11 13 0.035540257 
232 389 9 11 0.03547721 
897 433 15 22 0.035283033 
794 353 9 10 0.03525677 
253 366 9 10 0.035232 
870 365 8 10 0.035199992 
825 373 8 11 0.035133243 
198 359 9 10 0.034973066 
729 395 14 17 0.034957506 
816 373 9 11 0.034948457 
897 389 13 16 0.03490307 
945 382 10 13 0.034756824 
281 381 7 10 0.034717124 
431 327 9 12 0.034696665 
894 429 13 19 0.034661338 
999 381 9 12 0.034621358 
791 553 44 61 0.034591887 
921 382 9 11 0.034534525 
587 414 15 19 0.034197655 
790 367 10 11 0.033970617 
24 379 9 12 0.033941995 
22 350 8 10 0.033905756 
841 376 8 10 0.03378222 
895 382 11 14 0.03373197 
855 395 9 12 0.03369583 
431 356 8 11 0.033674743 
71 666 14 21 0.033582866 
256 375 8 10 0.033476803 
504 345 7 9 0.033381604 
231 353 8 11 0.033377215 
214 381 10 13 0.033155244 
902 381 9 12 0.03313988 
1000 391 9 13 0.032971535 
128 380 9 12 0.0328952 
1013 405 10 17 0.0327395 
814 360 9 10 0.032675866 
403 415 13 14 0.032648575 
680 350 8 11 0.03262633 
313 364 8 11 0.032622803 
562 395 13 19 0.03261978 
252 411 15 16 0.032577418 
81 344 7 10 0.0325608 
1015 376 8 12 0.032419648 
22 571 43 58 0.0324024 
877 342 8 10 0.03235096 
913 388 9 12 0.032303303 
997 397 9 11 0.032242764 
449 374 10 12 0.032119513 
694 382 9 11 0.03199675 
468 384 15 19 0.031989038 
282 377 8 11 0.03195092 
11 477 13 17 0.03183141 
192 352 8 10 0.031764776 
984 490 23 25 0.031639755 
407 365 8 10 0.03161254 
1008 408 10 14 0.03144205 
604 440 13 16 0.03140499 
212 403 12 14 0.0310117 
680 410 14 16 0.030947251 
245 421 15 24 0.030873058 
29 367 8 11 0.030841064 
1012 391 12 20 0.030753735 
742 369 10 12 0.030625833 
694 397 15 20 0.030555356 
809 396 9 12 0.03034924 
372 412 12 18 0.030145459 
508 371 9 12 0.030138336 
984 396 9 12 0.02993287 
257 381 9 11 0.02992684 
887 358 8 10 0.029925387 
238 359 8 10 0.029889734 
370 359 8 9 0.02980933 
872 360 7 9 0.029745422 
514 473 19 26 0.029651493 
709 392 8 10 0.029624775 
205 405 12 14 0.029552113 
399 420 14 19 0.029234396 
898 365 7 10 0.029222194 
808 375 9 10 0.029053602 
957 339 11 14 0.029053487 
202 420 14 17 0.02887245 
848 360 8 9 0.02876344 
809 359 8 10 0.028762694 
266 353 7 10 0.028740354 
366 412 13 20 0.02866176 
513 429 24 35 0.02864366 
582 448 19 19 0.028388632 
708 396 10 14 0.028253475 
823 408 8 10 0.028250191 
1013 365 8 12 0.02824532 
881 358 8 9 0.028233912 
280 342 8 9 0.028065566 
64 463 16 23 0.027966138 
159 403 12 15 0.027937882 
71 366 8 10 0.0278325 
538 542 37 34 0.02781306 
896 359 9 11 0.027809253 
421 370 11 13 0.027687088 
696 388 11 12 0.027606497 
763 417 13 15 0.027585354 
839 421 11 15 0.027582608 
32 392 11 15 0.027462348 
17 357 9 11 0.027458541 
198 436 15 18 0.027431533 
871 375 9 11 0.027428465 
317 360 8 9 0.027382677 
255 398 13 16 0.027382623 
903 374 8 11 0.027377253 
908 420 9 12 0.027302183 
7 442 12 17 0.027141823 
536 400 17 19 0.027103791 
217 391 11 13 0.027064454 
178 357 8 11 0.026944578 
102 344 8 9 0.026920166 
246 410 13 18 0.026886793 
1013 359 8 12 0.026700435 
1005 485 14 22 0.026649488 
126 397 11 16 0.02663779 
934 375 7 10 0.026629692 
860 420 14 21 0.026601978 
863 411 12 15 0.026547749 
582 416 13 16 0.026500363 
716 413 10 14 0.026449699 
94 357 9 10 0.026299832 
810 562 45 65 0.026280288 
111 381 10 12 0.026223801 
445 406 9 11 0.026127394 
524 435 15 24 0.026122384 
978 359 8 11 0.026087688 
830 373 8 11 0.026032776 
911 383 9 12 0.026030919 
961 376 9 12 0.025929067 
809 353 8 9 0.025884219 
866 367 7 9 0.025830342 
505 426 22 32 0.025791608 
703 382 9 11 0.025586968 
499 381 11 14 0.025536329 
700 417 16 17 0.025480455 
186 335 7 9 0.02545226 
680 342 9 11 0.0254474 
603 357 11 12 0.025418153 
391 392 10 12 0.025401408 
902 411 11 14 0.025359983 
944 310 29 30 0.025338579 
417 360 7 9 0.02528699 
525 365 10 12 0.025268467 
521 365 9 11 0.025046224 
72 383 12 15 0.02501125 
470 365 11 13 0.024833322 
18 334 8 10 0.024817204 
990 392 8 11 0.024768887 
261 436 15 19 0.024731742 
99 471 19 28 0.024730613 
193 329 7 9 0.024666572 
599 436 13 17 0.024542207 
978 381 8 11 0.024513982 
899 425 14 19 0.024489097 
31 384 9 11 0.024455404 
973 393 11 12 0.024450703 
830 462 14 19 0.024329219 
333 388 10 12 0.024327617 
87 320 7 9 0.024252424 
910 407 9 14 0.024218943 
67 373 10 12 0.024001133 
739 421 15 18 0.023971796 
731 471 29 33 0.023906682 
897 374 9 12 0.023902597 
40 384 10 13 0.02387938 
467 358 10 12 0.023787113 
241 343 8 9 0.023777472 
261 389 11 12 0.023690542 
530 390 12 15 0.023645878 
102 357 9 11 0.023631373 
689 375 9 11 0.02361755 
202 343 8 9 0.023524025 
22 397 9 14 0.023523325 
223 384 9 11 0.023485191 
840 381 8 10 0.023462687 
757 455 22 31 0.023450764 
736 382 10 13 0.023391956 
102 395 11 14 0.023376497 
478 371 9 11 0.023361212 
279 364 10 12 0.023357095 
526 360 9 11 0.023312327 
914 434 15 19 0.023249233 
293 368 10 13 0.023200935 
791 372 9 11 0.023192376 
432 332 9 11 0.023108643 
685 399 9 14 0.023092212 
708 418 12 15 0.023082623 
286 335 8 9 0.023034323 
3 471 12 14 0.023013515 
989 402 10 14 0.022837503 
199 401 11 13 0.022732427 
98 344 8 9 0.02262572 
313 351 8 10 0.022570848 
219 350 8 10 0.022545712 
910 375 8 10 0.022478307 
732 388 12 15 0.022390189 
651 343 10 11 0.022350142 
168 382 11 13 0.022329558 
828 437 23 27 0.022315012 
270 387 10 13 0.022113383 
275 430 15 19 0.022089351 
928 369 8 9 0.022068799 
548 357 10 14 0.0220279 
923 377 8 10 0.022019498 
163 395 13 16 0.021968573 
521 360 9 10 0.021817574 
316 366 9 11 0.021708284 
25 459 11 16 0.02152694 
252 433 13 21 0.021378422 
106 318 7 9 0.02135245 
70 399 12 14 0.02134713 
817 407 10 12 0.02121652 
843 433 21 29 0.02119125 
199 326 8 10 0.021132322 
592 429 23 27 0.021074096 
0 586 29 45 0.021010848 
901 356 10 13 0.020960052 
254 342 7 10 0.02087325 
849 367 7 9 0.020851742 
347 407 15 20 0.020829313 
969 391 10 12 0.020823946 
832 423 12 15 0.020586919 
510 390 8 12 0.020526446 
193 375 10 13 0.020355504 
510 345 8 10 0.020318082 
848 382 8 10 0.020261552 
946 376 8 10 0.020077014 
748 416 13 18 0.020062804 
