2_Demonstration_Demonstration_Or_Protest_2_799
235
468 268 13 17 0.9883336 
432 229 11 14 0.9796612 
364 301 15 22 0.96325827 
197 223 11 14 0.9605116 
277 302 14 19 0.9448705 
164 224 14 19 0.9410188 
620 236 10 14 0.9402616 
167 278 13 16 0.8877515 
556 198 9 11 0.80617416 
29 212 9 12 0.80399984 
594 204 9 11 0.798896 
878 308 11 15 0.7936824 
266 282 11 15 0.71735334 
61 253 11 14 0.71126354 
872 235 10 12 0.66762275 
476 235 10 13 0.6248131 
801 237 9 11 0.61200035 
120 269 13 16 0.5749362 
460 240 10 12 0.5512035 
858 244 9 12 0.505397 
666 323 11 14 0.50284946 
231 245 10 13 0.46332505 
407 236 10 11 0.3729886 
212 311 13 15 0.32856384 
368 200 8 10 0.28261706 
640 212 8 10 0.2647556 
382 298 12 16 0.2545473 
155 259 13 16 0.24462718 
327 188 9 11 0.24067736 
56 259 11 16 0.23401915 
652 228 9 12 0.22989933 
313 287 9 11 0.22606157 
689 333 10 13 0.2103982 
760 220 10 13 0.207932 
835 345 11 15 0.20567186 
854 270 9 12 0.19460347 
615 192 8 9 0.19094272 
397 122 11 15 0.1843029 
912 237 8 10 0.16685635 
642 224 8 11 0.16177522 
460 347 16 23 0.16027255 
449 220 10 14 0.14210235 
685 200 8 11 0.14198957 
823 318 10 11 0.1402734 
449 184 11 16 0.13750161 
62 266 10 14 0.13611571 
646 223 8 11 0.12942678 
950 228 8 11 0.12871186 
351 286 10 12 0.12705655 
664 199 8 11 0.12009355 
646 215 8 10 0.11493663 
702 126 12 15 0.11238296 
117 318 11 14 0.108078636 
483 196 11 13 0.10721161 
719 326 11 13 0.106893 
795 300 10 13 0.10354706 
711 302 8 10 0.10157439 
255 238 8 10 0.10077096 
321 184 8 11 0.0966122 
352 291 12 17 0.09571571 
311 236 10 13 0.095184 
765 218 11 14 0.08720441 
725 301 9 11 0.08336033 
792 232 8 10 0.08092655 
743 284 13 15 0.08036043 
254 231 9 10 0.08007409 
724 254 11 13 0.074185744 
768 215 11 13 0.072517365 
504 262 9 12 0.071284086 
322 188 8 11 0.06945936 
1009 238 9 10 0.06818946 
783 264 9 11 0.06779564 
312 232 9 11 0.06769487 
808 303 9 11 0.06624099 
112 222 8 11 0.065595545 
150 254 14 17 0.06551592 
777 262 9 11 0.06551405 
328 263 11 13 0.064533144 
469 319 15 18 0.06299835 
205 270 9 12 0.06072772 
184 299 11 15 0.05933846 
497 230 8 11 0.05928406 
861 334 9 12 0.05647808 
719 318 11 12 0.056127593 
487 246 10 13 0.05426785 
818 339 11 14 0.05341131 
447 213 10 13 0.05308425 
776 255 10 12 0.052869752 
645 309 9 12 0.052631628 
808 308 10 13 0.052552875 
370 300 14 18 0.052485455 
669 198 9 12 0.052234918 
773 237 10 11 0.05165659 
616 196 9 11 0.05146663 
487 237 9 13 0.05126003 
485 192 10 11 0.050375305 
387 286 10 13 0.050294384 
946 229 8 11 0.049277987 
687 353 12 17 0.04874047 
670 247 8 10 0.048456192 
846 305 12 16 0.04831996 
142 300 10 13 0.048270114 
690 300 8 10 0.04826836 
320 255 8 10 0.04822245 
596 308 11 13 0.04812078 
213 302 11 12 0.04706624 
937 230 8 9 0.046865612 
567 209 7 10 0.046194665 
726 296 9 11 0.044577345 
821 313 10 12 0.043924227 
658 198 8 10 0.04386321 
289 216 8 11 0.043859113 
598 228 10 13 0.04252164 
789 264 8 10 0.042266186 
6 245 9 13 0.041559998 
478 221 11 13 0.040881835 
817 223 8 10 0.04052815 
311 290 12 14 0.040424857 
501 230 8 11 0.040154807 
510 263 9 12 0.040134765 
670 356 11 11 0.039919067 
862 353 8 10 0.039569303 
644 352 10 12 0.039335914 
654 324 10 12 0.03839741 
135 205 9 11 0.038023982 
565 262 9 11 0.03714853 
407 262 9 11 0.03674583 
346 279 9 12 0.036640372 
858 356 9 11 0.0365511 
918 232 7 9 0.036248744 
646 288 9 11 0.036207844 
349 204 11 12 0.035756364 
424 237 9 11 0.035057552 
925 271 9 11 0.034674507 
613 281 8 10 0.03452512 
943 261 8 10 0.033721168 
841 301 12 15 0.03369842 
721 302 9 11 0.033456057 
975 261 8 11 0.033410553 
385 292 12 15 0.03315363 
577 279 8 10 0.03290731 
828 319 10 12 0.032837383 
402 236 9 11 0.032737833 
56 300 8 11 0.032578398 
711 297 8 10 0.03239592 
495 237 10 14 0.0323704 
343 205 12 14 0.032209303 
813 309 10 14 0.03173082 
621 197 9 11 0.0316568 
848 255 8 10 0.031429164 
49 301 8 9 0.031074295 
881 353 9 11 0.03099085 
420 266 10 13 0.030802485 
61 294 9 12 0.03045785 
868 293 9 12 0.030420993 
721 311 10 12 0.030411312 
504 267 11 13 0.030194592 
599 212 10 13 0.030091539 
311 225 8 10 0.029545365 
655 224 8 12 0.029120496 
232 230 8 11 0.02898435 
725 318 9 11 0.028954012 
975 293 9 11 0.028755743 
746 277 13 16 0.028407875 
830 324 10 13 0.028217599 
761 332 11 12 0.028129224 
737 285 9 12 0.028085807 
926 264 9 11 0.028010102 
94 292 9 13 0.02791848 
294 262 8 10 0.02784641 
111 269 9 12 0.027731383 
735 205 8 10 0.027699769 
358 299 13 17 0.027666569 
968 255 9 12 0.027644996 
103 268 11 13 0.027633265 
318 230 8 11 0.027485628 
904 280 9 10 0.026918871 
959 254 9 11 0.026655449 
690 286 9 11 0.026295247 
362 200 7 10 0.026253704 
366 322 11 13 0.026197953 
862 239 8 11 0.025957955 
373 190 9 11 0.02592745 
936 336 8 9 0.025910152 
472 220 11 13 0.025866777 
86 269 9 12 0.025720462 
112 216 8 10 0.025208252 
294 277 9 12 0.02513826 
369 192 8 10 0.024654128 
750 239 9 11 0.024568733 
846 232 9 11 0.024406577 
934 344 8 10 0.02403585 
765 333 12 13 0.023940666 
921 270 9 11 0.023767022 
349 270 9 12 0.02371014 
946 224 9 10 0.02363501 
331 189 10 12 0.023460079 
304 320 9 12 0.023410846 
816 315 10 13 0.023366077 
885 303 10 12 0.023240417 
810 296 8 10 0.023174709 
681 237 12 13 0.023087896 
832 333 11 15 0.022706 
699 164 16 18 0.022687735 
829 255 9 10 0.022536851 
402 231 8 12 0.022502026 
327 229 8 11 0.022461267 
264 247 10 11 0.022096409 
937 261 7 10 0.021880748 
960 248 7 10 0.021860396 
472 232 11 13 0.02177169 
774 246 11 13 0.021581896 
777 269 10 12 0.02150627 
423 356 13 16 0.021461714 
104 222 9 11 0.021446457 
863 339 8 12 0.021413622 
344 200 11 13 0.021250825 
704 216 8 10 0.021238044 
667 246 8 10 0.021072965 
937 225 8 10 0.021016892 
856 266 9 12 0.020965748 
942 245 9 12 0.020960735 
598 271 9 11 0.020954102 
258 199 7 10 0.020813556 
390 229 9 10 0.020765044 
67 260 11 14 0.02052728 
32 332 8 11 0.020515962 
687 339 11 12 0.0204596 
304 221 9 11 0.020385414 
558 220 9 11 0.020355176 
702 222 12 13 0.020346092 
751 271 10 12 0.020332629 
588 327 12 16 0.020292083 
646 269 10 13 0.020168431 
215 296 10 13 0.020023534 
