2_Demonstration_Political_Rally_2_114
756
648 316 27 38 0.99804485 
949 340 28 47 0.95428574 
830 247 9 12 0.79070264 
792 283 12 18 0.76336056 
826 274 15 22 0.7225113 
869 207 10 12 0.65961003 
597 285 14 18 0.6307223 
97 328 27 46 0.6111429 
382 101 8 10 0.5204168 
289 166 9 13 0.5167579 
66 211 8 12 0.50047797 
508 270 12 15 0.43929103 
702 158 10 12 0.43758026 
678 232 10 13 0.4360929 
274 173 9 12 0.42337814 
150 274 16 17 0.40075168 
92 268 13 15 0.39120123 
607 260 11 14 0.3883929 
431 195 11 13 0.37493005 
777 327 10 13 0.35661677 
5 356 25 44 0.3565215 
880 243 9 13 0.35563162 
759 229 10 13 0.3516882 
861 220 9 11 0.34435654 
974 238 9 11 0.33992255 
625 215 8 9 0.338804 
474 180 8 11 0.33335224 
257 173 9 10 0.32733974 
520 231 8 10 0.3149044 
236 164 9 12 0.30948472 
389 264 12 14 0.30474737 
311 223 10 14 0.30025676 
728 236 10 13 0.29342365 
507 330 21 31 0.2727002 
996 253 11 13 0.26601374 
688 268 11 14 0.26381528 
529 207 9 12 0.26234704 
952 214 8 10 0.25865042 
222 290 15 19 0.25021312 
501 245 11 15 0.2482075 
946 213 8 11 0.24302311 
738 142 8 10 0.2415104 
837 181 8 12 0.24051422 
853 243 9 13 0.23996492 
462 313 22 35 0.23987997 
511 208 8 11 0.23375645 
309 93 8 11 0.23061474 
532 256 11 14 0.22916481 
958 216 7 10 0.22320662 
364 167 9 11 0.21635535 
947 288 15 24 0.2089607 
886 181 8 10 0.20632102 
478 245 9 12 0.20568675 
960 173 7 10 0.20168118 
515 281 16 25 0.19997205 
951 259 10 14 0.19811913 
654 215 7 9 0.19687599 
890 272 15 22 0.19650868 
567 251 11 15 0.19637856 
780 371 28 32 0.19306144 
417 272 16 21 0.18859021 
777 199 9 11 0.18768862 
86 96 10 12 0.1866338 
413 236 9 11 0.18588759 
424 221 8 11 0.17633 
648 252 9 11 0.17601414 
376 115 12 13 0.17435536 
784 242 11 15 0.17398626 
625 264 10 11 0.17273612 
571 208 7 10 0.17184323 
423 217 7 10 0.16945943 
674 236 9 13 0.16842361 
650 232 9 10 0.1680871 
293 254 10 14 0.16665049 
423 101 8 9 0.16272922 
962 259 13 17 0.15955022 
529 212 9 13 0.15882546 
549 252 9 12 0.15791003 
962 196 8 11 0.15474905 
632 237 9 10 0.15428278 
649 215 8 10 0.15258877 
1002 207 8 10 0.15245022 
464 221 8 10 0.15221599 
444 268 14 19 0.15139908 
771 165 7 9 0.1477933 
455 181 8 9 0.14764896 
593 231 9 10 0.14706318 
584 240 9 11 0.14658964 
793 189 8 12 0.14585909 
431 181 7 9 0.14154373 
606 239 10 11 0.14096043 
693 237 10 13 0.13596363 
879 222 10 12 0.13575862 
449 238 9 11 0.13563138 
641 164 9 12 0.13471903 
578 249 15 24 0.13255209 
989 213 9 10 0.13190757 
622 224 9 10 0.12819016 
621 245 9 11 0.12646148 
343 212 9 10 0.12503804 
822 178 8 12 0.12412711 
803 285 11 14 0.122946754 
334 104 8 10 0.12121054 
472 246 9 12 0.1196147 
848 244 9 12 0.11742068 
572 109 8 10 0.11534092 
469 204 9 11 0.11532421 
841 199 9 11 0.113559276 
507 208 8 10 0.113016866 
676 183 10 12 0.11091792 
487 230 10 12 0.109677255 
685 231 9 11 0.108417 
513 337 24 33 0.108352475 
454 239 9 12 0.107946046 
213 246 12 15 0.10524942 
78 214 8 10 0.10502668 
342 93 8 11 0.10314823 
354 266 18 19 0.10202954 
672 276 8 12 0.10132484 
454 196 9 11 0.10129126 
560 215 8 10 0.101111114 
936 220 8 11 0.09982229 
863 188 9 11 0.09978678 
705 190 8 11 0.09945012 
928 216 8 10 0.09850406 
462 244 11 14 0.098446764 
805 176 10 13 0.09843998 
767 197 9 11 0.09651349 
721 222 8 10 0.09593893 
110 266 23 30 0.0948415 
591 237 9 11 0.09473469 
356 298 15 20 0.09421768 
773 228 9 12 0.093784936 
845 198 8 11 0.092951655 
834 221 8 10 0.09292561 
654 237 8 10 0.09212919 
873 169 7 9 0.09207196 
335 79 8 11 0.091418654 
703 222 8 10 0.0910307 
567 230 9 11 0.09083711 
342 228 11 15 0.089921534 
480 240 10 13 0.08976005 
112 216 8 10 0.08938227 
519 363 23 39 0.08891909 
986 209 8 9 0.08872251 
409 237 8 10 0.08867023 
761 196 9 12 0.088319466 
665 232 8 10 0.08792669 
719 161 8 10 0.087451234 
509 239 10 12 0.087442614 
481 222 8 10 0.087271966 
941 286 15 22 0.08663063 
975 217 8 10 0.0866289 
525 285 13 23 0.08610627 
787 165 7 10 0.085609 
792 184 9 11 0.0851646 
65 262 10 14 0.084421635 
447 231 9 11 0.083808154 
887 267 14 20 0.080767855 
839 238 10 12 0.08006677 
969 215 7 10 0.07927911 
677 253 10 14 0.07874983 
143 240 7 11 0.078705736 
481 207 8 11 0.07737706 
752 166 7 10 0.07682639 
515 260 14 16 0.07671957 
470 165 9 10 0.07636002 
551 222 8 11 0.07632256 
959 220 8 10 0.07589499 
324 238 12 15 0.075250976 
729 213 8 11 0.07489191 
212 282 14 19 0.0742801 
295 215 11 14 0.07397536 
600 238 10 12 0.07377651 
349 233 12 16 0.07376324 
131 362 15 18 0.073616624 
142 244 8 11 0.07290227 
32 169 9 10 0.072411254 
929 221 8 10 0.07060993 
9 150 9 11 0.069667414 
23 196 8 11 0.069311365 
720 260 9 11 0.06882672 
884 239 9 13 0.068475775 
999 237 9 11 0.06771963 
102 214 8 10 0.06754769 
673 243 9 13 0.06716334 
425 229 8 12 0.06687208 
736 191 9 12 0.066697866 
765 228 9 12 0.06665948 
713 181 9 11 0.06608604 
964 193 9 11 0.065970585 
320 234 11 17 0.065926455 
575 247 11 18 0.065525144 
712 161 7 10 0.06551167 
581 245 10 16 0.06533896 
599 117 7 9 0.06511301 
341 236 11 15 0.0647705 
485 237 11 13 0.06418247 
864 215 9 12 0.06342616 
911 198 8 10 0.06309326 
470 139 9 12 0.06283789 
410 320 25 33 0.06280759 
778 253 8 11 0.06249233 
497 217 7 10 0.062313206 
640 278 10 13 0.061814014 
353 100 8 10 0.061567172 
574 213 8 10 0.0615385 
927 208 8 10 0.061257273 
644 280 10 12 0.060572706 
429 232 8 10 0.06039794 
450 181 8 10 0.060067583 
534 223 8 10 0.059775587 
884 220 10 12 0.059303686 
607 244 9 11 0.058759198 
233 117 8 10 0.05869526 
774 162 7 10 0.058349457 
295 150 7 9 0.0582668 
289 95 8 10 0.05823486 
836 244 12 15 0.05814268 
427 182 7 9 0.058025908 
663 270 10 14 0.05792623 
781 270 10 14 0.05774068 
280 158 8 10 0.057463672 
505 126 10 13 0.056921177 
99 268 14 17 0.056747325 
30 215 10 13 0.056704182 
529 222 8 11 0.05630221 
806 236 11 13 0.056070764 
98 230 8 10 0.05604525 
487 225 8 10 0.05529207 
119 239 9 11 0.055037662 
888 262 11 13 0.054969396 
800 178 10 12 0.05495896 
366 27 16 22 0.05444151 
608 213 8 9 0.05430436 
387 267 16 22 0.05397399 
766 181 8 10 0.053951163 
665 237 8 11 0.053432938 
951 209 8 10 0.05329871 
405 149 8 11 0.053244747 
909 253 9 10 0.053227134 
808 279 11 13 0.05313749 
978 238 11 13 0.053119317 
673 255 9 12 0.053043485 
576 190 9 11 0.05297108 
714 165 8 10 0.052969787 
315 227 11 17 0.05290586 
728 223 8 10 0.052781444 
433 424 44 40 0.052653596 
280 102 8 11 0.05260272 
561 250 11 15 0.05247099 
696 231 8 12 0.052453436 
622 228 9 11 0.052356582 
481 199 8 9 0.052120063 
840 204 8 11 0.052109145 
504 182 7 9 0.05192358 
878 227 11 14 0.05192209 
396 301 11 15 0.051847093 
143 261 9 13 0.051724836 
692 328 14 24 0.051633008 
635 201 7 9 0.051264998 
653 248 9 10 0.05123291 
432 250 10 13 0.051211543 
800 165 8 10 0.05103025 
78 245 10 13 0.05098232 
97 214 9 11 0.050959494 
880 216 9 12 0.050931513 
647 206 8 9 0.05026745 
269 248 13 17 0.049785934 
455 243 12 13 0.0497824 
1007 201 8 10 0.049752474 
734 259 12 19 0.049567565 
320 95 8 11 0.049155988 
444 356 12 15 0.048851244 
49 112 7 10 0.048668534 
643 217 7 9 0.04863386 
327 182 7 9 0.04861656 
910 205 8 11 0.048558462 
818 180 8 11 0.0485322 
136 131 14 18 0.04810093 
684 279 20 29 0.047977116 
546 221 8 10 0.047767334 
363 269 14 18 0.047394343 
293 96 9 11 0.047258917 
594 225 8 10 0.046988945 
113 245 9 11 0.046770647 
752 161 8 9 0.046742707 
506 243 12 15 0.046692822 
479 215 9 11 0.046618264 
589 257 11 16 0.04652511 
760 167 7 9 0.04629923 
309 340 23 34 0.04618686 
358 97 8 9 0.046186686 
629 266 9 12 0.04571313 
958 256 12 17 0.045138918 
857 199 8 11 0.04511029 
49 215 8 10 0.045059532 
801 161 8 9 0.045005184 
877 299 15 22 0.044944216 
767 176 7 9 0.04440651 
288 161 9 11 0.04437092 
288 248 10 15 0.044261836 
471 220 8 11 0.044030853 
64 276 11 14 0.0438559 
733 214 9 11 0.043729488 
949 246 10 12 0.04352403 
919 199 8 11 0.043188706 
503 331 15 25 0.042808402 
515 230 9 11 0.042731043 
399 117 8 10 0.04254218 
342 294 25 30 0.042081363 
847 207 8 11 0.042059135 
325 212 8 11 0.041931268 
654 178 10 13 0.041837446 
926 261 9 11 0.041816387 
273 169 9 11 0.041334316 
761 182 8 9 0.041316688 
359 134 8 9 0.041278973 
160 166 11 13 0.04118135 
125 235 11 13 0.0407927 
117 244 8 11 0.040773742 
30 172 8 10 0.040738728 
642 221 8 10 0.04073782 
551 230 8 10 0.040527612 
680 195 10 13 0.040485524 
689 167 7 9 0.04041396 
705 217 9 10 0.04026897 
11 343 22 43 0.040211435 
118 213 8 10 0.040161755 
686 235 11 13 0.04015721 
385 241 8 10 0.04003871 
338 94 9 10 0.040018864 
650 201 7 10 0.040009405 
327 94 8 10 0.039974965 
665 262 8 11 0.03984223 
686 198 11 12 0.039708707 
279 198 10 16 0.039612647 
361 171 9 11 0.03953646 
905 220 8 11 0.03936787 
921 206 9 12 0.039155845 
86 238 8 10 0.03901455 
224 281 23 28 0.03891319 
759 160 8 9 0.03883819 
401 238 9 11 0.03878475 
338 213 9 10 0.038766045 
920 229 9 11 0.038704567 
47 183 8 8 0.03864533 
709 197 8 10 0.03849255 
909 219 8 11 0.03846143 
282 109 8 10 0.03844671 
863 167 8 9 0.038241062 
466 201 8 11 0.038166147 
1001 224 9 9 0.038105104 
86 232 9 10 0.03805345 
879 169 7 9 0.03799813 
888 281 12 16 0.037832342 
601 260 11 14 0.03777421 
340 65 8 10 0.037727505 
525 231 7 10 0.037520148 
870 202 11 13 0.03728926 
630 190 8 9 0.037230935 
39 222 9 11 0.03715123 
721 238 8 12 0.037120223 
1007 224 7 9 0.037119787 
73 245 10 13 0.037117347 
701 294 15 23 0.0370998 
626 174 9 11 0.03698195 
425 167 8 11 0.036842085 
334 237 13 15 0.036817104 
655 208 8 9 0.036815006 
509 253 15 18 0.03677475 
999 232 10 11 0.03671086 
999 169 7 9 0.036707807 
680 260 10 12 0.036690578 
36 215 10 12 0.036681443 
909 310 17 21 0.03665801 
70 131 10 11 0.036593676 
559 220 8 11 0.036540568 
696 343 29 33 0.03645474 
833 176 9 12 0.03618693 
774 148 8 10 0.036118772 
946 254 11 14 0.03597181 
439 269 14 21 0.035868146 
142 254 9 13 0.03572672 
440 182 8 9 0.035639383 
691 275 15 16 0.035602294 
903 322 26 33 0.03550157 
629 246 10 12 0.03539625 
721 217 8 9 0.03527062 
848 213 8 10 0.03525089 
94 266 24 29 0.03518864 
770 145 8 10 0.0349809 
969 209 7 10 0.03479003 
85 245 9 13 0.03476137 
368 85 10 12 0.034675315 
626 191 7 9 0.03466039 
921 223 9 11 0.034588717 
973 289 12 16 0.034560226 
419 97 8 10 0.034437824 
206 263 11 13 0.03422771 
655 200 7 9 0.03404625 
304 113 8 9 0.034020614 
777 246 9 13 0.033998683 
391 247 8 10 0.0338708 
46 222 8 10 0.03383345 
314 142 7 10 0.033543378 
906 198 8 10 0.03351894 
944 245 9 12 0.033484146 
280 95 8 11 0.033401687 
252 299 16 24 0.0333495 
545 217 9 10 0.0333183 
653 264 9 10 0.033211403 
691 263 12 15 0.03303968 
922 214 8 10 0.03285292 
752 211 8 11 0.032839615 
626 182 9 10 0.032762937 
994 238 9 11 0.032719027 
447 225 8 11 0.032671034 
311 217 9 11 0.032637313 
885 230 11 13 0.03251017 
374 271 10 14 0.0324939 
804 307 15 20 0.032412305 
527 245 9 12 0.032370087 
456 369 11 15 0.03232413 
689 158 8 10 0.032266576 
301 252 9 13 0.032228127 
732 283 15 22 0.032171384 
946 260 9 13 0.032103486 
733 209 9 10 0.032067508 
785 162 8 9 0.032066975 
808 244 11 13 0.03203839 
101 209 8 10 0.03196408 
874 222 10 13 0.03165244 
1007 287 11 14 0.031638306 
942 240 8 10 0.031513676 
686 255 10 12 0.03149196 
222 124 8 11 0.031474262 
642 205 7 10 0.031426333 
300 198 9 12 0.0314063 
357 282 16 17 0.031386606 
1016 223 7 10 0.03135847 
70 231 8 10 0.031303953 
330 86 8 10 0.031266578 
356 237 10 13 0.031143656 
739 273 11 17 0.031128192 
586 111 7 9 0.031046871 
260 169 9 10 0.030967575 
25 214 11 13 0.030835835 
79 239 9 11 0.030761462 
134 304 11 12 0.03066062 
409 387 31 48 0.030628724 
607 231 9 11 0.030438438 
520 225 8 10 0.03037415 
504 117 10 13 0.03026728 
329 177 7 9 0.030261794 
623 240 9 11 0.030129738 
822 261 11 16 0.030102802 
687 174 8 10 0.029993705 
439 388 12 16 0.029886954 
955 284 11 18 0.029869907 
272 179 8 11 0.02985795 
735 176 7 9 0.029817306 
833 281 15 17 0.029812224 
497 183 7 9 0.029804308 
136 252 11 14 0.029802488 
760 152 7 8 0.029779501 
933 269 11 14 0.029770333 
427 272 16 20 0.029755738 
729 151 8 9 0.029712602 
103 222 8 11 0.02965964 
1014 189 8 11 0.02941333 
498 250 9 13 0.029402917 
457 384 27 38 0.029379914 
305 149 8 10 0.029363241 
701 230 8 10 0.029291049 
762 176 7 8 0.029198736 
633 255 9 10 0.029147554 
619 301 14 17 0.029145973 
923 283 13 18 0.029037068 
254 214 8 11 0.029035522 
613 255 10 11 0.029015034 
719 135 9 10 0.029001502 
893 182 8 10 0.02899197 
64 230 8 10 0.0289888 
992 246 11 14 0.028928129 
266 241 23 29 0.028848335 
799 306 12 18 0.02879392 
311 189 9 11 0.028718201 
895 222 8 10 0.028712213 
1005 237 10 12 0.028687604 
191 174 9 12 0.028683636 
68 208 10 12 0.028601436 
769 325 12 15 0.028559478 
437 191 9 12 0.028515492 
980 293 22 30 0.028502708 
70 251 10 13 0.028490148 
115 260 15 20 0.028476989 
484 242 10 13 0.0284577 
496 304 13 19 0.028442904 
568 226 8 9 0.02836912 
376 135 9 10 0.028356794 
631 206 8 10 0.028355395 
736 222 9 11 0.028351355 
360 318 25 31 0.028235426 
526 238 9 11 0.028195798 
71 239 10 11 0.02796638 
625 210 8 10 0.02785111 
49 193 7 9 0.027802708 
96 221 9 11 0.027712874 
351 262 16 16 0.027694266 
898 273 14 20 0.027694173 
643 158 10 15 0.027633842 
838 231 10 12 0.027533565 
711 214 8 10 0.027518917 
681 175 9 11 0.027516615 
993 258 11 14 0.027492406 
791 162 7 9 0.02748311 
64 253 10 14 0.0274583 
544 198 8 11 0.027432214 
879 173 8 10 0.027286828 
776 126 10 11 0.027241493 
823 195 9 12 0.027229581 
638 231 8 11 0.027158935 
745 159 7 9 0.026929641 
735 150 8 10 0.026919112 
389 256 12 14 0.02691108 
226 166 9 12 0.026899032 
647 267 11 15 0.026879571 
142 212 8 11 0.026866313 
848 221 8 11 0.02682235 
567 237 10 12 0.026755447 
336 182 8 9 0.026748408 
424 110 9 11 0.026726622 
870 188 10 13 0.026710838 
740 189 10 13 0.026696617 
599 78 8 10 0.02668553 
975 157 7 10 0.026610726 
561 208 7 9 0.026571231 
577 223 7 9 0.026519544 
670 260 8 11 0.026515367 
162 274 13 17 0.026503477 
840 189 9 11 0.02646059 
249 175 7 9 0.026414977 
336 108 8 10 0.026409842 
698 224 7 9 0.026393384 
49 255 21 33 0.026329005 
753 229 11 14 0.026106352 
239 154 8 9 0.026102858 
856 205 8 11 0.026050242 
304 221 9 12 0.0260124 
450 260 16 19 0.025927681 
53 259 12 20 0.025927307 
21 139 11 16 0.02589523 
591 117 8 9 0.025854694 
616 240 8 11 0.025848346 
242 424 44 62 0.025844308 
1013 286 9 14 0.025843838 
837 218 9 10 0.025806615 
322 242 11 16 0.025767399 
136 237 9 11 0.025751863 
323 210 7 9 0.025703918 
694 284 19 29 0.025685655 
705 184 9 12 0.025678137 
591 112 8 9 0.025665825 
481 191 9 11 0.025665043 
233 284 15 18 0.025602289 
747 167 7 9 0.025563842 
593 340 24 44 0.025505261 
982 275 14 17 0.025484005 
182 188 9 12 0.02547409 
855 228 10 12 0.025469752 
712 222 8 10 0.025361892 
289 101 8 11 0.025355728 
180 310 22 30 0.025324596 
272 95 8 10 0.025258563 
635 160 8 10 0.025211822 
53 237 8 11 0.02514815 
414 253 8 12 0.025087513 
249 216 9 12 0.025067614 
335 177 8 9 0.025005413 
219 279 14 18 0.02498862 
646 220 8 11 0.024962276 
73 172 8 11 0.024942249 
872 239 8 12 0.024907226 
427 198 9 11 0.024900945 
153 259 16 17 0.024891162 
311 233 12 16 0.024884451 
573 155 10 11 0.024882896 
376 143 8 11 0.024878591 
586 117 7 10 0.024860268 
96 237 9 11 0.024858264 
178 184 8 10 0.024833625 
551 217 8 10 0.024821546 
410 253 9 12 0.024820182 
729 191 9 12 0.024805862 
485 338 15 18 0.024799488 
746 174 7 9 0.02478685 
679 276 9 12 0.024660802 
686 181 11 13 0.024584176 
680 215 9 11 0.024532935 
1007 231 8 10 0.024532562 
65 246 10 12 0.024527773 
400 189 9 12 0.024506513 
687 224 8 10 0.024488902 
726 259 12 16 0.024410881 
219 246 10 14 0.024402985 
296 192 9 11 0.024347955 
546 247 10 13 0.024345623 
911 236 10 13 0.02429637 
76 398 30 34 0.024260392 
888 198 9 11 0.024221458 
655 269 9 12 0.024193184 
574 231 8 10 0.02417111 
286 247 19 27 0.024151754 
649 261 10 13 0.02411584 
955 174 8 10 0.024110425 
816 215 8 10 0.02404493 
431 236 9 11 0.023993634 
750 173 8 10 0.023979394 
120 209 8 9 0.023898216 
485 292 14 19 0.023897205 
522 254 19 22 0.02386955 
567 117 9 11 0.023834893 
47 174 9 10 0.023798544 
30 207 13 16 0.023785397 
191 119 9 12 0.023727871 
159 222 10 11 0.023662033 
705 133 8 11 0.023649735 
644 289 13 17 0.023606222 
984 168 7 9 0.023576066 
136 358 17 21 0.023557324 
968 232 9 11 0.023554811 
236 301 11 15 0.02355021 
953 296 14 19 0.023543308 
862 238 9 12 0.023534741 
549 200 8 10 0.023491725 
151 242 25 27 0.023471858 
119 132 8 10 0.023421843 
969 242 9 12 0.023381429 
1000 212 10 11 0.023369027 
727 159 8 10 0.023308538 
712 208 8 10 0.023257723 
584 222 7 10 0.023218378 
393 117 8 11 0.023216253 
543 236 10 12 0.023208195 
77 158 9 10 0.023161124 
936 240 9 10 0.023113014 
353 166 7 10 0.023112029 
319 100 8 11 0.023109626 
35 203 12 15 0.02309209 
430 203 11 13 0.023075532 
904 192 8 11 0.023071911 
806 220 11 13 0.023035971 
306 89 8 10 0.02293747 
753 182 7 9 0.022932883 
681 206 9 11 0.02293014 
529 183 8 10 0.022863599 
426 176 8 9 0.022835575 
737 158 7 9 0.022828702 
265 183 8 10 0.022826038 
640 254 8 10 0.02277057 
277 251 12 16 0.022752587 
552 206 8 9 0.022694446 
766 279 11 13 0.022594213 
862 198 9 12 0.022583427 
873 228 9 12 0.022496182 
151 254 13 16 0.02247656 
567 250 21 26 0.022386426 
942 269 9 11 0.022372618 
656 222 8 10 0.022351665 
886 205 8 11 0.022342684 
183 183 9 12 0.022304513 
349 211 9 12 0.022290738 
25 182 9 11 0.022289008 
381 270 14 21 0.022271655 
941 220 8 10 0.022255266 
783 203 8 11 0.02221794 
101 314 26 41 0.02215332 
484 378 31 45 0.022099925 
806 165 7 10 0.02208795 
934 262 10 12 0.02207095 
392 182 9 12 0.022053631 
338 70 8 11 0.02199104 
978 243 14 15 0.021979526 
642 247 8 11 0.02195747 
409 111 8 11 0.02195329 
118 252 10 15 0.021897694 
806 159 7 9 0.021896623 
393 224 8 10 0.021798266 
686 204 9 11 0.02179387 
505 270 20 26 0.021672828 
816 207 9 10 0.0216456 
134 230 10 12 0.021612177 
584 157 8 11 0.021607801 
65 237 9 11 0.021572987 
728 181 8 11 0.021554653 
944 231 7 9 0.021516941 
733 241 11 14 0.021382116 
559 239 10 13 0.021378243 
11 277 12 14 0.021335559 
493 229 9 11 0.021316174 
807 206 8 10 0.021258095 
886 187 10 13 0.021251904 
638 126 9 13 0.021206912 
632 168 8 10 0.021189371 
977 208 6 9 0.021173613 
1016 215 8 11 0.021164818 
1003 254 11 13 0.021150652 
111 133 9 12 0.021100378 
700 237 9 13 0.021092413 
717 140 9 11 0.021015938 
482 228 10 13 0.021008955 
1014 206 8 11 0.021001032 
336 160 7 9 0.020991633 
341 222 12 14 0.02097928 
26 176 7 9 0.020957751 
137 245 11 14 0.020953733 
1002 201 8 10 0.020951165 
151 245 13 15 0.020949673 
313 137 8 9 0.020916663 
615 192 8 10 0.020883372 
166 196 10 11 0.02086539 
695 173 8 10 0.02082146 
781 263 10 12 0.020817554 
350 302 28 35 0.020812951 
583 150 8 11 0.02075343 
906 248 9 12 0.020740984 
478 250 9 13 0.020637015 
877 286 11 13 0.020631904 
88 222 9 11 0.020615237 
489 183 7 9 0.020585561 
192 167 11 15 0.02057676 
508 262 21 24 0.020566097 
415 260 10 14 0.02052661 
419 214 8 10 0.020516612 
812 277 11 14 0.020474223 
275 244 13 17 0.020469347 
257 249 42 55 0.020413663 
15 176 8 9 0.02034222 
591 286 22 30 0.020326452 
415 245 8 11 0.020323332 
305 145 8 9 0.020303793 
752 151 7 10 0.020273209 
1015 229 7 11 0.020262228 
682 270 9 13 0.020249609 
78 221 9 10 0.020184705 
561 230 8 11 0.020175885 
164 170 10 13 0.020167554 
984 200 7 9 0.02013332 
705 128 8 10 0.020093352 
496 164 10 12 0.020093154 
935 207 7 9 0.02005691 
453 250 14 17 0.020054454 
664 225 7 10 0.020047437 
971 256 12 18 0.02000873 
302 204 9 12 0.020004738 
