2_Demonstration_Demonstration_Or_Protest_2_79
131
900 625 28 33 0.9953497 
604 562 13 17 0.9804875 
864 570 14 19 0.93490905 
701 539 11 14 0.92417884 
660 569 12 16 0.9238904 
534 596 10 13 0.9085465 
641 574 11 15 0.9045285 
689 509 10 13 0.83509636 
635 623 14 16 0.80636674 
817 521 11 15 0.76257896 
736 554 12 16 0.66167283 
729 549 9 13 0.6333888 
572 590 10 14 0.59205264 
553 591 9 13 0.5775479 
733 550 11 16 0.5233873 
649 521 9 11 0.49329728 
690 584 13 17 0.3377075 
735 520 9 10 0.21564624 
672 563 12 17 0.20725565 
752 498 11 13 0.20468478 
556 596 10 13 0.20085855 
673 557 11 14 0.19011529 
702 563 9 13 0.1867964 
748 610 14 17 0.17036346 
689 566 11 14 0.16225068 
951 597 49 58 0.16218182 
974 643 43 36 0.15870799 
542 597 9 12 0.11363913 
760 583 11 15 0.110641874 
712 566 9 14 0.103813775 
595 582 11 13 0.09561376 
679 607 14 17 0.09311786 
731 607 14 17 0.09220378 
757 524 9 12 0.088057674 
760 565 9 13 0.08200529 
764 563 11 15 0.080516286 
568 593 11 15 0.07645257 
734 534 11 13 0.072045565 
717 615 8 12 0.069928706 
747 553 12 16 0.0698614 
557 550 9 11 0.06983823 
950 597 31 38 0.068729535 
613 582 10 13 0.0684979 
638 549 11 16 0.06823118 
688 557 10 13 0.06570745 
766 557 9 13 0.06400261 
736 541 10 12 0.06153726 
638 654 16 24 0.05748974 
734 524 10 12 0.057099655 
543 604 9 12 0.045936942 
845 593 10 13 0.04568875 
68 431 13 15 0.045235418 
726 589 11 15 0.044336114 
645 548 12 16 0.043595392 
847 564 9 12 0.042753994 
837 551 11 14 0.042500332 
741 541 10 12 0.041937724 
754 518 10 13 0.041572988 
706 583 10 14 0.041267194 
768 542 9 11 0.041032307 
598 127 19 20 0.039589748 
440 567 9 11 0.03908182 
768 550 9 13 0.038785465 
583 588 9 13 0.037648074 
569 585 10 11 0.037286658 
689 550 9 11 0.03624011 
62 466 14 16 0.03612306 
758 541 10 12 0.035321847 
832 549 9 11 0.035137814 
650 548 14 16 0.034925725 
949 610 15 19 0.03473066 
832 534 9 10 0.03460636 
774 541 9 12 0.033755742 
524 33 279 305 0.033315826 
680 518 8 10 0.03291274 
714 620 9 11 0.032373402 
592 586 11 13 0.032358825 
955 628 48 56 0.032060344 
739 636 18 20 0.032017466 
632 548 12 18 0.031994738 
845 559 10 13 0.031554963 
999 543 10 13 0.031446595 
943 580 79 98 0.031157676 
672 551 9 13 0.030625692 
809 563 10 13 0.03056972 
767 510 8 11 0.029894093 
753 605 13 16 0.02940121 
768 535 10 13 0.02926259 
742 606 13 17 0.029200641 
732 576 11 12 0.028438741 
571 641 12 15 0.02795138 
752 563 10 14 0.027535262 
717 635 12 15 0.027262894 
723 662 16 17 0.02716719 
759 534 10 12 0.027150787 
695 547 10 12 0.026549404 
875 572 10 14 0.02603781 
731 595 13 15 0.025991099 
692 559 11 13 0.025640534 
756 641 21 27 0.025446316 
72 398 12 14 0.025228515 
556 613 10 13 0.025064789 
741 525 9 12 0.024851236 
740 519 9 11 0.024744652 
662 548 11 14 0.024629101 
752 544 10 13 0.024126286 
585 583 8 12 0.023604283 
607 532 10 12 0.023242487 
558 605 9 11 0.023155922 
687 640 11 17 0.023121478 
772 548 10 14 0.023081983 
550 618 12 17 0.022854012 
59 501 15 16 0.022791302 
656 656 30 24 0.022733223 
830 543 9 11 0.022560045 
775 536 9 12 0.022421291 
762 645 26 33 0.022338795 
77 367 11 12 0.021746326 
953 638 25 40 0.021398414 
846 668 11 11 0.021385496 
705 502 8 12 0.021382634 
920 511 8 10 0.021344779 
854 668 11 10 0.021106597 
765 516 9 12 0.020813774 
750 484 9 11 0.02070362 
720 652 13 16 0.02045248 
767 526 11 14 0.020390926 
610 542 9 11 0.02037586 
615 595 11 15 0.020333417 
959 541 11 13 0.020329248 
558 544 9 11 0.020151738 
