2_Demonstration_Protesters_2_563
25
811 311 112 120 0.9994197 
565 220 29 38 0.99935824 
669 167 31 39 0.99926656 
818 185 33 42 0.99894005 
725 237 66 95 0.9985474 
634 185 25 35 0.9983494 
875 212 62 75 0.99806684 
666 254 48 64 0.99668366 
392 190 66 92 0.99621445 
228 254 38 48 0.9959416 
99 243 82 99 0.9943421 
237 214 25 32 0.994091 
300 233 26 31 0.9932033 
773 200 28 30 0.9496128 
0 183 66 140 0.73485154 
983 208 34 37 0.72786015 
504 181 29 35 0.46870482 
974 215 22 30 0.27601328 
174 208 28 33 0.14279816 
654 269 31 49 0.104959235 
612 28 10 12 0.086145036 
528 295 26 33 0.06936058 
499 185 21 25 0.03577057 
522 51 24 31 0.02988856 
53 218 79 120 0.024720846 
