2_Demonstration_Political_Rally_2_985
53
552 477 59 72 0.9996481 
785 554 153 191 0.99732214 
17 443 27 41 0.99696153 
360 402 25 33 0.99683774 
117 447 31 36 0.9943808 
983 378 34 39 0.9922402 
391 395 20 28 0.95092803 
91 422 22 29 0.94880533 
113 555 15 20 0.9306097 
76 539 16 22 0.8648313 
315 416 48 90 0.758581 
625 289 12 15 0.42219096 
95 550 15 19 0.36910826 
656 299 11 14 0.35789177 
788 295 14 19 0.2546392 
350 364 13 20 0.177506 
196 435 24 34 0.15839985 
196 441 16 20 0.10843283 
384 379 11 14 0.105021976 
414 368 10 14 0.09133378 
198 425 43 66 0.07624344 
277 350 8 10 0.0687124 
878 382 21 27 0.06342746 
408 372 12 15 0.060617495 
286 295 8 10 0.055265296 
323 413 31 58 0.05468272 
641 295 10 13 0.03773945 
184 387 12 16 0.036065057 
137 408 15 19 0.034233987 
477 469 39 47 0.03167912 
68 428 16 20 0.031652994 
390 365 9 13 0.03127142 
7 409 17 18 0.030998208 
77 470 31 36 0.030812573 
81 544 20 27 0.030506875 
189 436 18 21 0.03011867 
77 426 14 21 0.027642626 
367 468 24 35 0.027622081 
188 380 14 17 0.027029874 
242 325 11 15 0.026240628 
644 299 10 13 0.026094452 
387 372 10 14 0.024731781 
278 345 8 10 0.024409385 
389 359 9 12 0.024299724 
289 359 11 14 0.023981191 
447 310 10 13 0.023667017 
3 392 22 29 0.02357114 
109 419 15 21 0.023398101 
263 482 65 75 0.023336519 
139 93 23 27 0.023278955 
135 424 24 28 0.02190769 
196 379 14 17 0.02101233 
162 413 20 29 0.0206657 
