2_Demonstration_Demonstration_Or_Protest_2_476
1420
823 588 26 30 0.99558264 
991 594 24 31 0.99456984 
694 603 30 30 0.9941755 
604 334 17 22 0.9941381 
706 548 26 31 0.9934556 
624 561 26 30 0.99342877 
756 578 30 34 0.9930092 
44 380 17 20 0.9925881 
493 294 17 21 0.99130297 
275 501 21 27 0.9911357 
122 359 16 21 0.990734 
524 468 18 22 0.9906888 
126 292 14 17 0.9906611 
100 304 16 21 0.99007964 
750 469 23 28 0.9899092 
515 398 22 26 0.9898346 
429 367 16 21 0.9895784 
81 342 18 22 0.9892295 
577 327 19 23 0.98916817 
782 505 24 28 0.9889987 
389 605 21 27 0.9889548 
371 295 16 20 0.98858404 
929 403 24 27 0.98830426 
690 377 23 27 0.9881294 
826 434 23 27 0.98807997 
655 532 24 29 0.98736006 
653 187 13 16 0.9871132 
137 496 20 25 0.9870509 
474 283 17 21 0.98671365 
425 491 24 29 0.98659176 
627 457 22 28 0.9862904 
332 222 14 17 0.98472726 
133 156 13 16 0.98467433 
359 440 23 27 0.98435104 
274 295 19 21 0.9843205 
921 626 23 28 0.9841785 
193 502 20 24 0.9835295 
802 415 22 26 0.98338413 
524 569 21 27 0.9824258 
173 303 18 22 0.98239636 
321 253 15 18 0.9821018 
192 554 21 26 0.98165363 
880 474 22 27 0.9815902 
677 466 22 26 0.98130244 
501 497 22 26 0.9806856 
752 263 19 21 0.9805862 
227 427 18 23 0.98057187 
216 481 18 23 0.98047984 
443 463 18 21 0.980093 
262 205 12 16 0.9798099 
733 282 18 21 0.97963905 
591 387 21 26 0.97944903 
914 321 19 22 0.97921294 
281 360 17 21 0.97890544 
811 290 18 21 0.9788309 
328 618 21 28 0.9786011 
402 456 25 27 0.97857946 
13 250 15 19 0.9784758 
440 345 18 24 0.9783829 
29 360 15 19 0.9781186 
989 375 24 27 0.9779139 
949 445 22 28 0.9773566 
267 227 14 18 0.9767274 
784 445 23 26 0.97633696 
737 448 20 25 0.9761313 
877 539 22 27 0.97552186 
769 404 22 25 0.97510433 
515 610 19 23 0.9746586 
883 418 21 26 0.9741596 
416 265 17 21 0.9737707 
220 405 18 22 0.9734711 
293 246 14 17 0.9733276 
132 406 16 20 0.97328365 
304 611 20 26 0.9722136 
700 246 13 17 0.9719049 
554 472 20 24 0.97187173 
499 350 19 22 0.9714149 
8 330 16 21 0.9708717 
27 223 15 18 0.97045434 
35 417 22 24 0.9694025 
934 227 16 19 0.9692091 
489 648 29 35 0.9691413 
190 326 16 20 0.9691161 
904 388 21 25 0.96833336 
983 320 20 26 0.96801347 
644 325 19 23 0.967451 
241 385 18 24 0.9663972 
460 427 22 26 0.9659374 
212 649 27 30 0.9657565 
728 508 22 26 0.96506506 
638 372 21 25 0.96498644 
319 200 13 17 0.9632775 
64 440 17 22 0.9631854 
244 486 23 25 0.96285695 
650 495 23 28 0.9615224 
237 312 19 22 0.961462 
207 377 16 19 0.96120876 
946 243 18 22 0.9597713 
701 145 12 17 0.95956564 
245 589 21 25 0.9594982 
621 175 14 18 0.95939976 
625 196 14 16 0.9592046 
138 382 16 20 0.95915955 
575 363 19 22 0.95880896 
885 178 13 16 0.95859617 
801 320 19 22 0.9579842 
743 377 21 24 0.957733 
923 258 18 21 0.9577286 
809 247 17 20 0.95763516 
832 234 16 19 0.95670277 
906 238 17 20 0.9564354 
94 232 15 17 0.9564271 
973 227 15 17 0.9558257 
432 299 19 23 0.9557678 
404 226 15 18 0.95561713 
47 233 13 16 0.95458984 
530 250 16 20 0.95401704 
197 260 14 18 0.95298797 
282 405 19 24 0.9529268 
864 392 23 26 0.9525349 
909 189 14 17 0.9515404 
675 181 12 15 0.9496517 
579 436 24 25 0.94941163 
51 255 16 18 0.9491232 
199 447 21 23 0.94812673 
182 404 15 19 0.94525003 
186 431 16 20 0.94521976 
813 267 17 20 0.94424814 
553 257 14 17 0.9442237 
510 216 15 18 0.9438923 
943 360 22 26 0.94333124 
866 295 19 24 0.94327015 
194 237 13 16 0.9427661 
46 322 17 19 0.9422815 
623 303 19 22 0.9420893 
540 363 20 25 0.94196457 
374 376 19 21 0.94184643 
88 262 13 18 0.9404533 
364 402 21 25 0.9398282 
386 345 18 21 0.9396821 
420 341 17 21 0.93962425 
910 218 15 17 0.9373381 
996 521 24 27 0.93636274 
519 300 19 23 0.93618447 
673 273 15 21 0.9353561 
688 172 12 16 0.93335694 
418 405 21 24 0.9327449 
825 181 14 17 0.9320145 
92 481 16 20 0.9316328 
905 292 20 23 0.930352 
479 215 16 19 0.9286984 
551 297 19 22 0.92852604 
107 428 21 23 0.9283276 
366 323 18 20 0.9274628 
805 221 17 20 0.9270144 
456 264 15 19 0.9261141 
848 324 20 24 0.92320764 
165 349 18 21 0.9224674 
292 209 15 18 0.922062 
543 206 15 19 0.92003894 
260 265 18 19 0.91979885 
402 170 13 17 0.91935885 
337 270 18 20 0.91921127 
562 555 22 29 0.91817194 
891 228 15 18 0.9158057 
468 544 20 25 0.91257644 
950 386 23 26 0.9120028 
305 343 18 22 0.9110627 
555 315 20 22 0.909666 
338 354 16 22 0.9094045 
503 182 13 16 0.90809655 
581 255 16 21 0.90799755 
311 371 20 23 0.90766597 
111 132 12 15 0.90634507 
324 295 18 19 0.9039384 
477 182 12 14 0.90347195 
639 165 15 17 0.8994906 
242 235 13 16 0.89865553 
77 102 11 14 0.8954389 
985 415 24 25 0.8937226 
326 332 21 23 0.8935828 
17 161 16 19 0.89181155 
112 177 14 17 0.8917746 
262 430 17 24 0.891436 
373 560 18 22 0.8901942 
470 374 16 22 0.8897761 
945 289 19 25 0.8896875 
663 363 20 23 0.8892352 
335 179 15 18 0.8885541 
360 247 17 20 0.88826627 
398 432 22 24 0.8846737 
898 201 14 17 0.88368016 
213 280 15 18 0.8813389 
301 277 15 18 0.879434 
927 163 15 18 0.8772683 
423 149 12 16 0.87723714 
807 646 26 29 0.8763769 
252 344 18 20 0.87594867 
19 271 17 18 0.87450457 
385 278 15 19 0.87334555 
600 156 13 16 0.87134707 
332 493 21 25 0.8710379 
661 244 18 20 0.8680028 
754 294 17 21 0.86764216 
886 360 20 23 0.86098486 
555 226 17 21 0.8579319 
525 132 13 15 0.85554826 
968 209 14 17 0.8534917 
137 469 22 23 0.85009843 
639 429 19 23 0.84522307 
211 241 14 16 0.84399354 
255 165 13 15 0.8430013 
671 431 22 26 0.84291047 
528 163 12 16 0.84031093 
169 272 14 18 0.83340293 
439 231 14 18 0.82561815 
588 291 17 19 0.82508296 
517 195 16 18 0.82424045 
880 208 15 19 0.8241906 
941 192 16 18 0.8192395 
133 250 13 17 0.81514233 
179 160 15 16 0.81056416 
735 105 13 16 0.81012875 
57 110 12 16 0.8093479 
490 474 23 26 0.80464745 
99 403 18 23 0.80388826 
445 198 14 16 0.8030587 
733 206 16 20 0.79921013 
437 212 14 17 0.79826045 
340 396 20 26 0.7955379 
537 180 14 17 0.79497874 
662 201 14 16 0.79427284 
146 430 21 22 0.7897705 
143 210 13 15 0.7822807 
733 421 21 25 0.7814874 
622 266 16 17 0.77683425 
277 554 22 27 0.7760291 
208 299 19 22 0.7721558 
182 221 15 17 0.77190185 
396 256 17 19 0.7681873 
402 286 16 20 0.76600295 
139 234 16 17 0.76295596 
215 221 13 17 0.7594463 
189 283 17 19 0.7555771 
82 420 17 20 0.7553059 
591 627 25 28 0.75331104 
678 120 11 15 0.7507597 
506 333 20 19 0.75071627 
631 236 17 19 0.7441528 
237 164 13 16 0.7381948 
383 224 15 18 0.73708916 
741 236 16 19 0.73625386 
2 488 15 23 0.73470515 
312 242 12 15 0.7316673 
211 140 10 13 0.7296595 
481 101 14 17 0.7242469 
40 162 15 19 0.7240587 
975 264 16 19 0.72247404 
569 504 24 27 0.7215503 
799 161 15 19 0.7198621 
536 116 14 17 0.7167518 
80 380 16 18 0.71079284 
222 261 14 17 0.70925546 
330 431 21 24 0.7080555 
387 303 16 20 0.70785475 
12 218 14 17 0.69722307 
169 99 10 13 0.6961004 
793 130 13 17 0.692206 
521 285 16 18 0.68291485 
680 156 14 16 0.6823325 
43 278 18 22 0.6819519 
385 189 16 19 0.6784627 
364 204 12 15 0.6775997 
600 82 14 18 0.6742383 
90 69 13 16 0.668547 
75 131 11 14 0.65935946 
503 240 15 18 0.65734726 
551 99 14 15 0.65543836 
1004 218 17 21 0.6542077 
64 66 11 14 0.65318763 
59 213 14 15 0.6437886 
68 298 15 18 0.6405892 
230 199 13 16 0.639854 
253 190 12 15 0.62932926 
16 100 9 12 0.62075204 
89 132 11 15 0.61861825 
613 226 15 17 0.61860305 
718 174 12 15 0.61370426 
572 387 18 24 0.6091118 
183 25 14 17 0.60634005 
891 108 12 15 0.60506433 
624 52 11 14 0.60411143 
782 180 15 19 0.59665936 
663 217 15 17 0.5946962 
131 184 14 16 0.5944801 
579 126 12 16 0.5935231 
447 149 14 17 0.5856637 
236 290 18 19 0.58510417 
607 205 15 19 0.5809196 
239 140 12 15 0.57837796 
989 149 18 21 0.57518566 
851 231 14 17 0.5662871 
85 193 16 17 0.5531878 
541 141 13 16 0.5529181 
724 150 14 17 0.54388195 
298 59 11 14 0.54186016 
780 252 18 21 0.5416174 
470 329 18 23 0.53673166 
690 339 18 21 0.5347274 
454 173 15 17 0.5253481 
517 105 13 16 0.52323425 
747 118 12 15 0.5197846 
712 96 14 17 0.5184347 
865 238 18 23 0.5145933 
564 174 11 14 0.5134645 
790 99 14 18 0.5111101 
90 218 16 18 0.51065016 
362 172 13 16 0.50640357 
333 113 13 15 0.50564206 
18 75 10 12 0.50499976 
813 173 14 16 0.5047511 
154 185 14 17 0.5031947 
394 114 13 15 0.5027918 
141 105 11 14 0.49982485 
280 431 20 25 0.4962547 
415 198 14 15 0.49278596 
259 74 13 16 0.49155512 
456 241 14 17 0.48120964 
608 66 13 15 0.48099023 
255 246 13 16 0.4751823 
171 181 14 16 0.47514266 
465 129 12 16 0.47470182 
955 501 21 25 0.46455872 
155 310 17 22 0.46260136 
865 224 16 18 0.45947695 
838 200 15 18 0.4581377 
857 178 15 18 0.456554 
569 53 10 13 0.45552337 
942 146 15 18 0.45052314 
604 368 20 22 0.444387 
1005 444 18 29 0.44340017 
114 153 13 15 0.4390684 
8 289 13 18 0.43494627 
171 122 13 16 0.43077984 
647 75 12 15 0.4299751 
480 453 21 23 0.42602864 
839 264 17 19 0.42374104 
151 164 15 17 0.42360935 
73 225 14 17 0.42270395 
798 66 17 18 0.4224695 
64 195 13 15 0.41886964 
690 214 16 19 0.41708258 
365 131 13 16 0.41592416 
296 188 14 16 0.41102928 
22 118 13 15 0.4034711 
535 95 11 13 0.38484448 
9 180 14 18 0.38285482 
188 95 13 15 0.38179684 
994 112 13 17 0.38162032 
148 94 10 12 0.38073552 
4 533 24 27 0.38068205 
758 180 15 17 0.374651 
763 155 14 17 0.3743172 
880 146 13 16 0.37159893 
271 155 13 15 0.3715985 
303 86 13 15 0.3565144 
852 167 11 14 0.35254014 
974 171 14 16 0.34572577 
784 315 18 22 0.34535986 
859 117 11 14 0.34368882 
170 68 13 17 0.34320876 
706 182 14 16 0.33487394 
951 102 15 16 0.3336288 
394 153 13 16 0.3312413 
404 125 10 14 0.3258226 
645 61 10 13 0.32533404 
55 87 11 13 0.3246105 
629 122 12 16 0.32141763 
651 40 10 13 0.31737238 
637 98 11 16 0.3168019 
70 328 16 19 0.31570908 
591 108 11 15 0.31354168 
478 202 15 16 0.31046343 
863 265 16 19 0.31035283 
828 72 12 15 0.30625078 
192 185 13 18 0.30617067 
581 150 13 15 0.30429792 
500 70 10 13 0.30007026 
995 244 15 21 0.29984874 
556 190 15 18 0.29456195 
360 367 16 19 0.29219937 
273 91 12 16 0.28906882 
101 109 10 12 0.2843981 
304 111 11 14 0.28427553 
505 40 11 13 0.28044847 
927 122 13 15 0.28033534 
204 162 14 15 0.27922004 
879 58 12 15 0.27588293 
190 77 11 13 0.27382147 
757 149 14 17 0.27293622 
645 137 13 16 0.26812038 
662 93 11 14 0.2674684 
606 192 14 16 0.26530567 
120 99 10 12 0.26213706 
695 124 12 14 0.26084778 
37 205 14 17 0.26081878 
194 372 13 20 0.25785035 
205 103 14 16 0.25485986 
524 45 11 14 0.25456873 
901 76 12 13 0.25337574 
767 114 14 16 0.2523984 
594 54 9 11 0.24133037 
836 45 14 16 0.24129334 
932 212 16 16 0.23986161 
602 180 13 16 0.23827547 
287 96 12 14 0.23520148 
248 111 13 15 0.23090386 
520 370 19 22 0.22896078 
127 83 10 13 0.22611524 
561 150 15 17 0.2258146 
622 94 11 14 0.22532803 
132 216 13 18 0.22502458 
301 135 11 14 0.22393657 
321 130 12 15 0.22375607 
578 166 14 17 0.2218882 
600 125 14 17 0.21663721 
347 245 13 15 0.21615134 
920 97 13 15 0.21607016 
399 202 13 16 0.214851 
273 171 11 14 0.21310546 
193 118 10 13 0.2115917 
583 98 10 13 0.210111 
771 153 13 17 0.20654255 
558 113 13 15 0.2059135 
773 217 15 18 0.2057381 
148 308 18 20 0.2025701 
257 45 10 13 0.20147638 
427 122 13 15 0.20099162 
500 92 11 13 0.19779152 
518 148 12 14 0.19687736 
811 255 17 20 0.19372357 
763 174 15 18 0.19341397 
479 83 11 13 0.19315098 
314 169 13 16 0.18937105 
484 382 19 23 0.18918501 
326 156 10 13 0.18864866 
151 269 15 19 0.18659437 
270 469 21 24 0.18507564 
141 75 10 13 0.18203382 
70 86 10 13 0.17836432 
871 88 12 14 0.17658293 
677 56 9 11 0.17610104 
293 31 11 13 0.17549989 
878 197 14 16 0.17407766 
717 127 12 14 0.17327288 
772 92 13 15 0.17230912 
432 75 10 13 0.17200771 
586 240 17 20 0.17197771 
511 130 10 13 0.17174986 
560 70 12 15 0.17148422 
682 94 10 12 0.1698086 
243 14 11 14 0.16585541 
842 147 13 17 0.16458789 
502 247 16 19 0.1627674 
60 204 14 17 0.16179244 
740 44 13 17 0.16175945 
97 170 13 18 0.16141464 
372 225 13 16 0.15947306 
236 86 11 13 0.15923265 
47 60 10 12 0.1572755 
672 110 9 12 0.156796 
7 312 15 17 0.1563922 
417 182 13 14 0.15562378 
141 595 22 24 0.15425445 
565 74 13 15 0.15331152 
352 127 10 13 0.15253748 
854 81 11 15 0.15223537 
967 113 12 16 0.15148126 
225 69 11 14 0.15072238 
342 163 13 14 0.14979194 
575 209 15 18 0.14927284 
861 35 10 13 0.14809182 
416 85 11 13 0.14559798 
24 111 12 14 0.14538705 
629 31 9 11 0.14452848 
692 103 11 13 0.14284402 
535 61 10 12 0.14168489 
957 152 14 19 0.14116836 
845 154 12 16 0.14017193 
359 165 14 17 0.13919121 
574 196 15 16 0.1371582 
513 86 8 11 0.1368563 
445 86 10 12 0.13518597 
896 57 12 16 0.13365437 
916 604 21 25 0.13301903 
192 124 10 12 0.13298637 
25 94 11 14 0.13236184 
661 274 13 19 0.13200164 
660 156 13 16 0.13161634 
806 204 16 16 0.13084137 
728 29 10 13 0.13059509 
519 86 10 12 0.13043205 
563 125 14 16 0.13024017 
375 108 10 12 0.13005161 
152 141 11 14 0.1288341 
691 206 16 18 0.12809952 
367 227 13 16 0.12672305 
228 53 10 12 0.12648451 
563 140 13 14 0.12480184 
523 234 15 17 0.12384628 
539 111 12 15 0.123726 
94 455 20 26 0.12357897 
650 273 16 19 0.123026654 
847 131 13 14 0.12282641 
296 157 13 16 0.122761615 
437 104 13 17 0.12243256 
233 273 17 19 0.121550076 
210 287 18 21 0.1209434 
139 131 12 15 0.12012316 
457 76 10 13 0.11952586 
445 68 9 12 0.11936876 
447 143 13 15 0.118380666 
409 37 11 14 0.11790644 
318 69 10 13 0.11786539 
596 247 16 20 0.11777112 
649 134 14 16 0.11736851 
317 95 11 13 0.11709248 
727 108 10 13 0.11697931 
679 149 13 15 0.11595353 
1003 91 15 19 0.11586501 
503 164 13 15 0.11545404 
656 161 11 14 0.11461977 
744 162 13 15 0.11345915 
670 142 13 14 0.11322577 
414 249 14 18 0.11299961 
773 62 10 12 0.11233995 
805 29 12 14 0.11146662 
526 245 14 20 0.11074571 
646 102 11 14 0.1103915 
60 87 11 13 0.10990486 
430 129 13 15 0.109747946 
232 111 11 13 0.10969849 
313 158 12 15 0.10914652 
591 136 10 14 0.10898868 
96 101 12 14 0.10820018 
224 21 12 14 0.10793494 
862 75 14 17 0.10728238 
702 112 11 13 0.107175425 
563 132 13 15 0.107155785 
180 149 15 16 0.10616542 
356 186 12 15 0.1061212 
757 192 16 19 0.10527236 
613 282 17 19 0.10494444 
868 141 12 16 0.10445027 
277 84 12 15 0.10317154 
279 78 13 16 0.103114136 
77 204 12 15 0.10282208 
616 146 12 16 0.1028148 
44 10 10 13 0.10201224 
159 26 11 15 0.10068042 
39 141 13 15 0.100185245 
11 51 10 13 0.10000002 
376 149 12 16 0.099441744 
21 99 11 13 0.09943766 
232 164 11 15 0.09886327 
668 154 11 15 0.09872548 
287 126 11 12 0.098438814 
958 121 12 15 0.0978142 
490 55 9 12 0.09728311 
272 115 11 14 0.096878365 
891 305 15 18 0.09664678 
48 102 11 14 0.09655906 
51 155 12 16 0.095740475 
691 268 17 18 0.09507863 
404 85 10 13 0.09412892 
459 228 16 18 0.09346398 
326 77 11 13 0.09335063 
113 103 9 12 0.09312713 
81 28 10 12 0.09275484 
567 82 12 15 0.09272767 
479 70 10 12 0.09258409 
369 69 9 13 0.09211442 
541 76 11 13 0.09091185 
817 134 10 12 0.0904656 
1002 241 17 22 0.0902592 
207 79 10 12 0.08984746 
153 68 10 13 0.089742705 
645 95 10 12 0.08971525 
787 228 15 20 0.08904375 
475 47 11 14 0.08889908 
140 322 13 18 0.08862905 
230 142 11 13 0.0882225 
596 259 16 19 0.08743626 
551 128 10 13 0.0865148 
286 207 13 17 0.08628354 
584 62 9 11 0.08608959 
303 673 25 21 0.086082816 
688 54 9 11 0.08603062 
441 51 9 12 0.085805096 
646 14 11 14 0.08549385 
1003 268 19 27 0.08510347 
279 46 10 12 0.08510249 
333 63 13 16 0.08501321 
483 461 23 25 0.08410302 
837 75 12 15 0.083957605 
228 147 12 16 0.08393534 
749 62 12 14 0.08375532 
359 177 13 16 0.08350999 
92 128 9 13 0.08339531 
131 323 16 19 0.08316557 
126 333 16 18 0.08249768 
689 63 9 12 0.08218314 
779 44 13 17 0.08180032 
4 471 14 22 0.08119195 
685 165 14 16 0.0801785 
629 150 12 14 0.07992962 
631 94 12 15 0.079489626 
690 48 9 11 0.07939574 
493 142 11 15 0.078976355 
335 92 9 11 0.07873347 
521 190 14 16 0.07848305 
678 142 14 15 0.07829947 
883 218 15 18 0.07826197 
140 1 15 18 0.07826127 
886 131 13 16 0.07821928 
583 142 12 14 0.07812115 
511 107 14 16 0.07802556 
473 64 8 10 0.07755256 
157 220 13 17 0.07711367 
838 38 10 12 0.07654364 
487 62 9 10 0.076308414 
670 185 13 16 0.07611432 
774 29 11 13 0.07557753 
705 55 8 11 0.07549811 
4 428 13 23 0.07532974 
78 84 10 14 0.07526762 
965 221 15 18 0.0748627 
150 228 12 19 0.074711956 
196 148 11 13 0.07436179 
225 165 10 13 0.074035585 
241 45 10 13 0.07376886 
172 62 12 16 0.07337922 
642 213 16 17 0.07329282 
555 462 20 23 0.07310757 
808 96 12 16 0.07287258 
508 223 15 18 0.07285428 
115 163 13 14 0.07281562 
534 213 12 15 0.07262935 
472 51 12 14 0.072569415 
711 133 11 14 0.072413534 
143 61 9 11 0.071881086 
287 71 10 12 0.07188085 
126 61 10 12 0.07183633 
832 85 12 15 0.07142459 
126 44 9 11 0.07138711 
608 12 12 13 0.07109592 
827 124 14 16 0.07091639 
775 22 10 12 0.070904456 
913 57 15 17 0.0708344 
595 218 13 18 0.06997647 
409 142 11 15 0.069813415 
689 101 10 12 0.069808386 
233 92 12 15 0.06964573 
222 395 17 19 0.06951808 
138 71 10 12 0.06854811 
945 273 21 22 0.06830231 
259 92 11 13 0.06829309 
481 286 17 24 0.067757376 
720 53 11 12 0.06707643 
754 284 17 21 0.0663687 
749 43 14 17 0.06606391 
55 80 10 12 0.06588719 
552 12 8 11 0.06573496 
7 384 13 20 0.06553179 
375 37 13 16 0.065419726 
994 121 13 17 0.06541306 
28 190 14 16 0.065332174 
893 159 13 15 0.06523144 
315 230 14 16 0.06497767 
842 316 17 22 0.06481809 
515 66 11 13 0.06480623 
483 181 12 15 0.064655215 
44 149 16 18 0.064617954 
190 82 12 14 0.0646022 
487 34 12 14 0.06451035 
371 117 12 15 0.06448938 
78 51 11 13 0.064480476 
872 404 20 26 0.06439108 
915 108 13 15 0.06418387 
359 156 13 16 0.063943796 
789 67 14 18 0.06392939 
472 70 9 11 0.06352262 
689 107 12 14 0.06320728 
597 136 12 17 0.06312406 
14 117 10 13 0.062993854 
197 173 13 17 0.062849015 
535 67 10 13 0.062753074 
293 149 14 15 0.062247764 
236 97 11 15 0.06212842 
765 133 12 14 0.06198533 
509 287 13 21 0.061888974 
704 47 9 11 0.061706085 
232 280 20 21 0.061624777 
723 226 12 17 0.061238933 
206 61 10 12 0.061212942 
62 551 22 24 0.061198436 
923 132 15 18 0.060885713 
415 92 12 14 0.06070882 
611 116 13 15 0.060186382 
231 100 12 14 0.059945267 
146 290 17 17 0.05994011 
476 266 16 18 0.059654057 
672 115 11 15 0.059400138 
230 61 10 12 0.05918853 
527 51 10 13 0.059177246 
263 135 11 14 0.058970533 
559 178 14 17 0.058900215 
453 303 18 23 0.058791816 
704 59 10 13 0.058629878 
874 269 16 18 0.058569923 
384 71 11 12 0.05812974 
685 86 12 13 0.058108464 
620 139 14 16 0.058070645 
225 133 10 12 0.05799643 
94 93 12 13 0.05795089 
287 119 10 12 0.05780701 
225 48 9 11 0.057547536 
814 146 13 16 0.05737194 
190 147 13 14 0.0572954 
77 80 9 11 0.057259135 
224 26 14 16 0.05700262 
771 549 25 30 0.05633136 
783 69 12 16 0.05588973 
101 60 9 12 0.055692676 
867 70 13 16 0.05527603 
674 60 9 13 0.05526678 
69 202 13 15 0.055225227 
502 172 13 17 0.054751784 
200 157 14 15 0.054734007 
462 211 14 16 0.054665066 
629 6 10 11 0.054472603 
471 149 13 16 0.054379378 
624 133 12 14 0.054239016 
443 91 12 14 0.054201234 
885 156 11 14 0.053993843 
184 144 11 13 0.05396236 
325 70 12 14 0.05390823 
950 170 15 16 0.053652953 
573 70 10 13 0.05313526 
852 125 12 15 0.053073145 
154 64 8 11 0.05304884 
204 169 14 17 0.052867908 
191 141 11 14 0.05278691 
336 124 11 13 0.052783713 
733 196 12 15 0.052698024 
561 281 16 19 0.052637473 
173 96 10 13 0.05234112 
229 267 16 18 0.052123405 
812 91 13 16 0.05209706 
733 188 11 15 0.052096143 
355 100 10 12 0.052085407 
892 124 14 17 0.051924072 
746 248 17 20 0.051788382 
27 399 15 19 0.05144466 
621 21 10 13 0.051427063 
104 78 9 11 0.05127746 
1000 100 12 16 0.05126677 
408 43 11 14 0.051157426 
270 97 11 15 0.05102296 
227 155 12 15 0.05026146 
748 52 13 16 0.050224558 
422 292 14 20 0.0496742 
721 106 10 13 0.049555365 
348 43 10 13 0.049438197 
201 46 11 13 0.049348313 
494 199 12 15 0.049272876 
438 70 10 13 0.049226113 
874 236 15 20 0.049136337 
207 189 13 17 0.048737 
423 50 12 16 0.04867054 
229 47 9 11 0.04817983 
575 7 11 13 0.048037894 
453 133 11 13 0.047806773 
557 213 14 16 0.047621056 
637 86 9 11 0.047591913 
641 77 11 14 0.047589652 
397 247 16 19 0.047519065 
509 114 13 16 0.0473109 
40 70 12 15 0.04723482 
159 214 13 16 0.047024038 
766 122 14 16 0.04691738 
916 84 11 12 0.046905294 
783 99 12 17 0.046855275 
593 12 9 12 0.04680754 
76 138 11 14 0.046664674 
583 67 12 15 0.046510044 
30 86 10 12 0.046313267 
421 172 11 13 0.04602275 
587 263 16 19 0.045978017 
167 306 14 18 0.045897126 
196 132 10 13 0.045825474 
909 102 12 14 0.045543704 
379 291 15 20 0.045521233 
401 197 14 16 0.045424294 
478 118 10 12 0.04542321 
520 92 10 13 0.045220833 
693 63 10 11 0.04519622 
145 116 12 14 0.04518939 
806 197 15 15 0.044915587 
111 72 8 11 0.044815917 
119 21 8 11 0.044807523 
131 85 10 13 0.04463477 
414 188 14 16 0.04459332 
708 114 10 14 0.04454235 
488 144 12 16 0.044479735 
239 40 10 12 0.04438424 
959 227 14 16 0.044371344 
147 219 15 17 0.04436697 
760 134 12 15 0.044341814 
549 196 15 16 0.04422063 
958 62 13 16 0.044203285 
348 180 11 16 0.04415548 
108 5 13 15 0.044080734 
605 119 13 16 0.04395437 
164 22 11 13 0.043832533 
6 355 12 16 0.043704163 
271 53 10 12 0.0436273 
562 188 13 17 0.043554157 
821 29 10 12 0.04343554 
746 169 14 17 0.043427285 
695 66 11 15 0.04339255 
937 394 24 29 0.04333232 
912 83 10 12 0.04324837 
44 66 13 16 0.043172892 
328 84 10 13 0.043169536 
694 46 10 12 0.043152716 
773 173 11 14 0.043032203 
612 110 11 13 0.04300636 
790 19 12 16 0.042995896 
820 155 13 15 0.04298142 
416 78 11 12 0.042933553 
889 87 10 13 0.042881478 
839 32 10 11 0.04275063 
672 78 10 13 0.04274381 
205 179 12 16 0.042721264 
599 101 11 14 0.042618982 
1004 188 14 17 0.04257161 
822 227 14 18 0.042550303 
578 189 14 16 0.04247475 
463 55 9 11 0.04233379 
598 118 12 14 0.042283077 
655 148 11 15 0.041988045 
240 51 11 13 0.041902278 
9 115 10 14 0.041890174 
823 59 14 17 0.041794233 
400 91 12 15 0.04174635 
298 205 14 18 0.04166478 
376 189 12 15 0.04164747 
912 40 18 19 0.04148111 
357 292 14 17 0.041470367 
910 284 23 26 0.041392345 
329 61 12 13 0.041382715 
360 45 10 12 0.041367333 
182 47 9 11 0.04133741 
432 108 11 15 0.041031003 
726 235 13 17 0.04091125 
175 30 10 12 0.040624127 
441 100 13 17 0.040598813 
587 73 11 15 0.0404262 
357 150 12 15 0.04037756 
27 163 11 15 0.04034841 
278 135 10 12 0.040344257 
182 232 14 16 0.040299054 
446 124 13 16 0.040292725 
87 454 14 22 0.0402559 
364 233 14 17 0.04018433 
85 630 30 38 0.04016438 
459 71 12 14 0.040158905 
358 95 10 12 0.040143285 
100 175 13 18 0.040082578 
144 86 10 13 0.040051285 
916 617 23 28 0.039961122 
261 38 11 13 0.039891433 
338 115 12 15 0.039885294 
78 154 13 17 0.03975248 
266 281 17 19 0.039642252 
415 165 11 13 0.03962328 
147 544 20 27 0.03957668 
526 93 11 13 0.03943411 
727 189 12 16 0.03941034 
922 281 17 22 0.03940008 
230 233 12 15 0.03936116 
535 191 13 17 0.039358184 
102 30 9 11 0.039292686 
909 78 11 12 0.039289374 
816 86 12 15 0.03916408 
666 13 9 11 0.03913509 
70 148 12 13 0.038993504 
297 134 10 13 0.038921166 
901 118 11 15 0.038882144 
625 118 11 15 0.038857628 
809 212 16 18 0.038829204 
392 341 17 21 0.03878131 
32 78 8 11 0.038732182 
187 63 10 12 0.03872528 
540 196 14 16 0.038724266 
379 30 13 15 0.038628254 
866 213 15 17 0.03854203 
717 139 13 15 0.038517356 
478 637 26 31 0.038411558 
145 380 16 21 0.038276803 
535 14 8 10 0.038259935 
357 125 10 14 0.038256165 
82 297 16 20 0.0380802 
879 125 10 13 0.03806202 
142 37 13 15 0.038059685 
872 449 19 21 0.038023546 
321 37 9 12 0.038012385 
167 140 10 14 0.037958823 
103 70 9 13 0.037850358 
408 60 11 14 0.037847053 
634 122 12 16 0.037774757 
590 60 9 11 0.037713423 
478 94 12 14 0.037687305 
264 272 18 18 0.03766672 
661 28 9 12 0.037600886 
762 14 10 12 0.037555408 
109 237 13 17 0.037522487 
121 61 10 12 0.037497792 
276 140 11 13 0.03736912 
94 61 12 15 0.037361696 
498 203 13 17 0.037269924 
118 14 9 11 0.037262693 
359 131 12 16 0.03721321 
592 48 8 10 0.037166532 
318 63 11 13 0.037158307 
901 324 13 18 0.03709139 
790 670 25 26 0.037067313 
732 240 15 17 0.03704567 
136 62 9 11 0.03703887 
734 12 10 12 0.036894843 
302 45 11 13 0.036648806 
958 185 14 19 0.036601733 
408 306 18 21 0.036570065 
743 11 11 13 0.03655152 
397 143 10 13 0.036463875 
252 182 13 15 0.036433335 
386 232 14 16 0.03627571 
669 102 11 12 0.03623521 
495 275 14 16 0.03621807 
64 387 13 17 0.036189426 
53 103 12 15 0.0361855 
585 24 9 10 0.03605934 
734 37 10 14 0.03592377 
652 280 18 21 0.035806317 
977 177 15 18 0.035764996 
404 119 11 14 0.035760716 
62 128 10 14 0.035681207 
134 238 19 22 0.03565125 
951 67 10 13 0.035560988 
585 57 8 11 0.035552345 
248 101 10 13 0.03547494 
893 208 15 17 0.035473775 
352 78 9 11 0.03542787 
389 252 16 19 0.03534206 
641 18 10 14 0.035304915 
121 78 10 11 0.035259847 
427 293 18 23 0.035215657 
577 155 11 15 0.035116546 
741 459 22 28 0.03510828 
973 93 14 17 0.03507356 
412 32 11 14 0.034928516 
478 65 8 10 0.034898274 
824 320 16 19 0.034879807 
84 54 12 14 0.03485982 
199 112 11 13 0.03479309 
221 216 12 15 0.034741055 
603 151 12 14 0.034722984 
918 136 16 19 0.03469539 
524 85 11 13 0.034659643 
109 77 9 12 0.034634378 
678 66 10 13 0.034495324 
782 190 17 21 0.0344832 
584 44 9 11 0.034428544 
877 65 13 18 0.0344216 
158 134 10 13 0.03440029 
315 337 20 24 0.034353405 
776 35 12 13 0.03423803 
769 85 13 15 0.03411238 
87 225 17 19 0.03406495 
779 106 12 16 0.03404631 
834 70 13 16 0.0340301 
69 209 14 17 0.03401939 
500 64 11 13 0.033983342 
473 75 9 13 0.03388271 
665 47 9 12 0.03384487 
135 127 13 15 0.033838145 
55 36 12 16 0.03382047 
564 212 12 15 0.03379301 
645 158 12 15 0.03355085 
885 163 12 15 0.03352497 
88 91 9 12 0.03337859 
60 41 10 15 0.033117358 
519 154 12 14 0.03300699 
501 211 15 19 0.03299696 
497 283 16 18 0.032977704 
589 211 13 17 0.03297269 
750 193 13 18 0.032797016 
404 264 14 19 0.032790843 
80 197 13 16 0.032693595 
146 300 17 18 0.03265366 
227 390 14 17 0.032598138 
642 527 20 27 0.03257177 
15 61 9 12 0.03255631 
484 133 13 16 0.032454535 
670 8 10 12 0.03241748 
126 54 10 13 0.03240966 
225 63 11 14 0.032254595 
518 7 9 10 0.032244306 
42 61 11 13 0.032199573 
745 91 11 14 0.03219392 
147 318 16 19 0.03219373 
734 125 10 13 0.032142885 
39 543 22 32 0.032062218 
497 88 10 12 0.03204916 
386 62 8 11 0.031985197 
295 40 11 15 0.03196499 
78 38 11 13 0.03194446 
482 76 12 15 0.03194306 
519 243 12 18 0.031740393 
205 70 10 13 0.031701345 
818 424 21 29 0.031690374 
876 226 13 18 0.031685047 
1010 287 14 24 0.03165219 
206 95 11 13 0.031463947 
831 50 13 17 0.031461112 
265 30 11 13 0.031418752 
350 149 11 14 0.031351976 
126 149 11 15 0.031301823 
828 116 14 18 0.03129818 
954 141 12 16 0.031201815 
276 50 11 14 0.031195337 
17 122 13 15 0.031148793 
151 194 14 17 0.031140035 
523 101 12 15 0.031063927 
351 93 10 12 0.031061493 
245 172 11 14 0.031057056 
589 165 11 14 0.031022381 
632 67 11 15 0.030973777 
431 218 14 18 0.03094387 
645 144 14 16 0.030939069 
769 98 13 16 0.030874498 
94 37 11 13 0.030829152 
722 131 13 15 0.030712275 
540 61 9 12 0.030707384 
237 62 9 11 0.030670613 
973 304 16 21 0.030658195 
174 38 9 11 0.03064846 
601 376 20 25 0.030647535 
731 148 12 16 0.030593632 
813 29 10 13 0.030592132 
910 47 22 25 0.030586578 
579 179 13 15 0.030563397 
550 219 14 18 0.030513443 
541 100 11 13 0.030485503 
569 14 9 11 0.030464252 
725 166 12 14 0.030353105 
797 116 13 16 0.030322205 
318 47 9 11 0.030293435 
437 127 11 14 0.030270107 
670 46 8 11 0.030209195 
257 13 10 13 0.030205784 
321 32 8 11 0.03007233 
87 38 10 13 0.029970614 
154 144 13 16 0.029954502 
693 12 9 11 0.029941004 
4 461 14 22 0.029917156 
149 88 9 12 0.029911043 
940 134 15 19 0.029907161 
185 635 24 28 0.029888367 
241 145 15 16 0.02981203 
695 54 8 10 0.0298026 
206 112 11 14 0.029799772 
1011 98 12 17 0.02978289 
875 73 14 16 0.02964087 
85 118 9 11 0.029616153 
175 12 12 13 0.02957914 
145 603 24 26 0.029575262 
632 87 10 13 0.02955256 
521 39 10 13 0.029539768 
1004 279 17 27 0.029518805 
300 37 11 14 0.029494891 
432 101 11 14 0.029484693 
320 74 11 14 0.029475471 
494 48 8 11 0.029471645 
934 109 11 14 0.02945437 
843 189 14 18 0.029352272 
807 423 23 30 0.029289015 
87 63 12 15 0.029280698 
736 62 9 11 0.02921458 
949 214 13 15 0.029169636 
623 234 13 19 0.029168218 
639 205 13 15 0.02914959 
737 216 18 20 0.02911358 
794 657 29 30 0.029111903 
350 86 10 12 0.029080506 
998 87 12 16 0.029075881 
359 218 12 15 0.029065622 
332 56 10 11 0.029054753 
30 213 15 18 0.029005706 
176 46 10 12 0.028985394 
775 178 15 19 0.02896232 
689 13 9 11 0.028923828 
349 157 11 15 0.0288575 
368 65 9 11 0.028846484 
282 212 10 14 0.02880159 
627 47 11 13 0.028721107 
389 61 10 11 0.028707968 
905 100 11 14 0.02861114 
818 139 13 15 0.028610166 
723 124 12 14 0.028543172 
95 55 11 14 0.028526697 
599 13 9 11 0.028424922 
247 179 11 13 0.028400049 
247 37 10 13 0.028378243 
206 293 16 20 0.02830468 
289 147 11 13 0.028303653 
381 167 11 13 0.028279804 
227 14 11 12 0.028275393 
884 267 15 19 0.028128617 
803 83 14 16 0.0281197 
408 67 10 13 0.028101357 
683 117 11 15 0.028096734 
489 47 9 12 0.028086761 
351 120 9 12 0.028017117 
168 46 10 13 0.028006539 
317 52 12 15 0.027951706 
656 86 10 11 0.027943427 
376 165 11 14 0.027926514 
403 279 15 17 0.02782477 
586 335 16 21 0.02776752 
125 95 10 13 0.027750056 
185 111 9 11 0.027730986 
639 66 11 15 0.027696216 
339 67 11 13 0.027608829 
174 54 10 12 0.027522508 
213 59 9 13 0.02749497 
564 111 11 15 0.027448064 
422 100 11 13 0.02739788 
795 21 13 15 0.027396526 
409 283 15 19 0.027385619 
46 29 13 17 0.027366169 
591 180 11 15 0.027335893 
18 245 14 17 0.027277945 
262 51 10 13 0.027229453 
227 74 11 14 0.027193226 
700 65 12 17 0.027176542 
216 303 17 21 0.027172597 
477 124 12 14 0.027151978 
679 99 10 12 0.027151238 
14 169 13 17 0.027076475 
71 140 12 14 0.027024256 
892 139 14 18 0.027022481 
532 368 16 20 0.026970744 
827 153 12 16 0.026962124 
97 31 9 11 0.026933989 
158 86 10 12 0.026883803 
446 81 9 11 0.026880603 
222 37 13 15 0.026849145 
272 48 10 12 0.026774336 
598 59 9 12 0.026752688 
684 78 13 16 0.026752418 
962 66 13 16 0.026695607 
845 77 10 13 0.026665598 
353 72 8 11 0.026657673 
61 101 11 15 0.026614705 
229 191 13 15 0.026572183 
318 292 15 20 0.02656979 
879 163 12 15 0.026568417 
150 135 11 14 0.026533088 
565 499 18 25 0.026529923 
390 199 13 16 0.026524989 
872 53 12 16 0.02652213 
910 66 13 15 0.026505906 
56 131 11 14 0.026474537 
501 256 14 17 0.026448913 
248 193 13 17 0.0264074 
695 40 10 11 0.02637748 
679 85 11 12 0.026362028 
504 53 9 11 0.02635828 
780 308 18 20 0.026267359 
557 240 14 16 0.02616225 
235 398 15 23 0.026125072 
709 138 11 18 0.026033198 
589 196 13 17 0.025971215 
678 78 10 14 0.025942365 
662 53 9 11 0.025885602 
205 54 11 14 0.025858862 
855 29 11 15 0.025834978 
569 8 8 10 0.025827348 
25 86 10 12 0.025814623 
671 176 13 16 0.025799908 
485 163 11 13 0.025768053 
188 295 16 20 0.025702845 
413 70 10 12 0.025693221 
61 224 13 16 0.025686843 
671 68 10 13 0.02568204 
854 196 14 17 0.025657618 
657 202 12 16 0.025649516 
1010 83 13 18 0.025647206 
931 129 13 18 0.02556385 
717 263 14 16 0.025551997 
496 60 9 11 0.02554001 
932 74 11 14 0.025511097 
840 134 11 13 0.025509913 
563 341 15 20 0.025426222 
757 61 11 14 0.02541839 
309 133 10 12 0.02534217 
610 7 13 13 0.025326146 
575 103 10 13 0.025302896 
470 205 13 17 0.025302507 
470 244 12 16 0.02517319 
198 75 11 13 0.025161551 
692 167 11 16 0.025156183 
269 135 11 13 0.02505974 
231 37 10 13 0.025042268 
23 194 14 15 0.024999961 
152 29 9 12 0.024969433 
818 164 13 15 0.024967838 
126 69 10 12 0.024949148 
165 300 13 18 0.024944674 
530 60 9 12 0.024890324 
358 139 11 14 0.024847286 
841 50 15 17 0.024844801 
588 94 10 13 0.024838578 
698 333 15 23 0.024833273 
740 188 13 15 0.024818195 
752 181 12 15 0.024763014 
523 182 13 14 0.024758926 
702 40 10 12 0.024754329 
927 52 13 17 0.02474516 
384 86 9 12 0.024730584 
53 69 11 14 0.024725985 
1010 243 13 19 0.024723776 
740 147 10 13 0.024669014 
728 24 10 12 0.024637122 
665 116 10 13 0.024632957 
77 174 11 15 0.024612533 
223 173 11 13 0.024606425 
911 113 12 15 0.024559159 
101 35 10 13 0.024439247 
86 305 12 19 0.024411155 
512 79 9 12 0.02426712 
653 103 10 12 0.02424191 
973 385 15 20 0.024225239 
374 172 11 16 0.024215303 
223 127 10 13 0.024211727 
892 89 11 14 0.024183141 
698 255 16 20 0.024178218 
597 203 12 18 0.024149457 
606 100 11 14 0.024123738 
662 35 11 14 0.024121221 
103 25 8 10 0.02409699 
97 220 14 17 0.023959268 
428 138 11 14 0.023953974 
806 150 12 15 0.023939954 
184 85 11 13 0.023880549 
473 117 10 13 0.023828007 
169 52 10 13 0.023816787 
282 466 18 22 0.023794955 
939 160 15 18 0.023794862 
167 128 13 17 0.023767093 
163 164 11 14 0.023752252 
512 55 7 10 0.023690414 
749 112 12 15 0.023690207 
26 14 13 13 0.023654196 
771 131 12 15 0.023602195 
312 102 10 12 0.02350004 
303 127 10 12 0.023488065 
796 92 13 18 0.02344715 
173 252 12 15 0.023443414 
530 13 8 11 0.023433398 
552 117 11 14 0.023403935 
761 20 9 12 0.023400245 
185 67 11 14 0.02339069 
89 199 16 17 0.023386687 
30 183 12 14 0.023324413 
211 83 12 14 0.023304619 
622 187 14 17 0.023194028 
590 8 10 12 0.023092309 
357 77 10 12 0.02302031 
191 112 10 12 0.022991447 
664 68 9 12 0.022977691 
101 115 11 13 0.022974014 
285 188 12 15 0.022954388 
456 83 10 13 0.022930214 
662 173 12 14 0.022922296 
374 10 12 15 0.022904806 
708 267 14 18 0.022877727 
617 45 11 12 0.022874646 
505 110 11 14 0.022853656 
540 214 14 19 0.022842174 
484 96 11 14 0.022801802 
256 84 12 14 0.022784889 
821 23 11 13 0.022751978 
311 614 20 30 0.022716202 
118 70 10 11 0.022715988 
741 140 11 15 0.022698205 
52 161 13 17 0.022654029 
173 20 10 14 0.022649804 
414 133 10 13 0.022640435 
361 51 9 12 0.022558544 
226 4 13 13 0.022499688 
740 196 15 17 0.022451498 
200 51 10 14 0.02241219 
468 138 13 17 0.022380855 
656 54 10 13 0.022373743 
869 309 17 21 0.022360856 
17 213 14 17 0.022352308 
498 268 13 16 0.022350512 
79 58 11 15 0.022345992 
220 347 15 18 0.022322001 
359 71 9 11 0.022263115 
850 238 14 18 0.022211356 
623 39 10 13 0.022143217 
387 284 16 21 0.022111649 
75 294 17 20 0.022107547 
114 22 9 10 0.022078704 
328 419 23 26 0.022062562 
127 10 11 15 0.022058839 
225 110 10 12 0.022057563 
390 56 10 11 0.02204651 
136 55 9 11 0.022033282 
909 93 12 15 0.021985535 
709 47 8 11 0.021956518 
411 232 14 18 0.0219213 
1013 78 11 17 0.021893375 
608 218 18 22 0.021882117 
180 287 18 19 0.021881992 
621 169 14 16 0.021824842 
657 288 16 19 0.021729732 
930 280 15 21 0.021643344 
951 118 11 14 0.021636907 
523 338 15 20 0.021634743 
891 265 15 19 0.021623746 
146 123 12 14 0.021590564 
1009 212 15 20 0.021578245 
406 79 10 12 0.021577016 
115 106 11 14 0.021551814 
335 166 11 13 0.021494804 
60 75 10 13 0.0214782 
660 181 12 15 0.02144991 
121 85 10 12 0.021445816 
702 132 12 15 0.021436423 
588 157 12 15 0.021407166 
31 157 13 16 0.021393085 
192 11 12 14 0.02138738 
820 219 15 18 0.021385726 
780 62 13 15 0.021377468 
121 44 10 13 0.021350646 
736 50 12 15 0.021349352 
243 7 13 15 0.021336803 
845 30 10 12 0.02129377 
200 70 11 13 0.021291804 
637 149 12 14 0.021290857 
285 45 10 12 0.021287281 
111 36 10 14 0.021276142 
79 68 9 13 0.021214997 
7 192 12 17 0.021194732 
340 140 11 13 0.021172812 
85 43 11 14 0.021162996 
221 235 12 15 0.02110286 
894 146 14 17 0.021088673 
318 151 11 14 0.021073613 
132 204 14 17 0.0210734 
721 178 13 16 0.021069149 
181 126 10 12 0.02104109 
470 218 12 16 0.02098662 
925 219 14 17 0.020982888 
207 147 12 14 0.020918073 
198 0 15 12 0.020888986 
629 166 12 16 0.020860039 
118 39 10 12 0.02083441 
500 18 13 15 0.0208134 
796 178 14 19 0.020808313 
332 29 10 12 0.02079384 
769 66 11 15 0.020774238 
774 50 14 17 0.020773418 
446 116 14 17 0.0206854 
35 188 14 17 0.020683197 
795 231 13 18 0.020635746 
350 171 11 15 0.020580748 
172 191 13 16 0.020559568 
840 208 16 18 0.020541204 
814 45 12 15 0.020524334 
334 24 9 10 0.02052357 
116 6 11 14 0.020514753 
710 261 14 17 0.020506507 
280 41 9 11 0.020479608 
358 118 11 13 0.020477803 
539 258 13 16 0.020435737 
534 172 13 17 0.020417077 
202 2 15 15 0.020355495 
170 279 15 17 0.020303024 
622 15 9 11 0.020279666 
102 84 10 13 0.020260539 
359 87 10 12 0.020227278 
638 158 13 16 0.020226426 
636 217 17 17 0.020203514 
767 75 12 16 0.020165574 
346 23 9 11 0.020159904 
772 74 12 16 0.020152925 
182 32 13 16 0.020150293 
381 116 10 13 0.02004704 
431 94 9 12 0.020042527 
994 279 17 22 0.02003295 
518 172 11 15 0.020030674 
453 248 16 17 0.02001599 
621 152 14 16 0.020004753 
311 127 10 12 0.020001687 
