2_Demonstration_Protesters_2_54
120
333 66 15 19 0.9930738 
20 211 23 29 0.99120414 
148 206 25 29 0.9904799 
417 99 18 26 0.98827606 
314 142 19 23 0.98559964 
295 85 15 20 0.98540235 
14 159 24 27 0.9853932 
520 66 17 24 0.97899306 
440 136 17 22 0.97136724 
172 160 18 24 0.9680971 
392 75 15 20 0.96683806 
679 128 18 21 0.96176076 
524 136 20 22 0.95494723 
364 81 13 16 0.95147336 
598 138 21 25 0.95125437 
548 59 13 16 0.9169466 
811 107 15 18 0.9135305 
226 163 20 23 0.9085885 
871 139 15 19 0.88331217 
410 266 26 32 0.73009974 
948 54 11 13 0.65695727 
88 59 9 11 0.63468266 
688 163 14 17 0.6151031 
589 108 11 13 0.6054981 
874 123 19 21 0.5722601 
141 167 18 22 0.51207185 
331 108 13 17 0.47449118 
278 55 10 13 0.45849842 
72 97 13 16 0.44083047 
353 231 19 20 0.35583323 
203 102 17 20 0.3388249 
174 49 8 10 0.28438583 
658 109 17 21 0.26000628 
646 138 15 18 0.22056043 
821 103 11 16 0.19054963 
94 79 13 16 0.17269446 
192 116 12 18 0.16571425 
631 182 12 16 0.16429462 
156 69 9 11 0.1402825 
306 264 23 27 0.13558562 
650 140 18 22 0.12650663 
612 124 16 21 0.11948585 
670 14 16 18 0.09676364 
278 75 14 17 0.09617763 
530 151 16 20 0.09546885 
755 181 15 17 0.088319294 
48 71 9 12 0.08550572 
554 102 16 19 0.084761076 
103 85 9 13 0.08066176 
341 104 12 19 0.0758088 
0 114 14 20 0.07537592 
562 173 16 23 0.07464637 
853 108 12 14 0.071281224 
145 62 8 10 0.070631616 
107 86 10 13 0.06902698 
429 223 13 14 0.06347929 
268 86 9 13 0.06053507 
32 133 11 15 0.05896614 
605 123 16 19 0.05395148 
149 56 8 10 0.052794967 
604 115 12 14 0.04771935 
78 78 9 11 0.04761175 
865 138 13 18 0.047521308 
372 148 11 14 0.04558547 
46 53 8 12 0.043167874 
87 81 16 17 0.04225105 
667 113 16 19 0.04152271 
274 58 11 14 0.04064085 
132 122 12 15 0.040192373 
544 139 13 19 0.038821746 
713 185 8 10 0.03765642 
47 102 9 12 0.036320273 
936 56 9 11 0.035379667 
355 306 15 19 0.034167584 
343 337 13 16 0.03391192 
881 129 14 18 0.033683013 
1001 71 8 10 0.03365016 
248 123 12 16 0.033069815 
717 183 8 10 0.032624718 
384 216 16 19 0.032223597 
351 217 22 24 0.0319476 
859 229 14 16 0.03170443 
13 74 13 16 0.03162207 
459 162 18 20 0.031058006 
0 396 10 18 0.030832905 
15 292 12 16 0.030474132 
75 104 14 16 0.02987178 
61 91 13 18 0.02881075 
152 64 8 10 0.028750334 
80 83 11 15 0.028740311 
823 140 11 15 0.02857559 
171 52 8 10 0.028317487 
40 48 10 13 0.028256815 
546 152 17 22 0.027345084 
56 85 9 14 0.027343953 
30 77 10 12 0.026549594 
533 136 19 26 0.026323896 
96 72 11 14 0.02617185 
670 122 15 19 0.025893945 
830 102 9 13 0.024845665 
250 141 15 21 0.023927165 
387 61 12 16 0.023453336 
946 85 14 17 0.023423625 
403 270 19 23 0.023322029 
709 291 11 13 0.023230946 
143 69 8 10 0.0225177 
21 75 12 15 0.022459744 
726 333 10 13 0.022101557 
4 95 12 14 0.021616498 
14 116 10 15 0.021456504 
541 66 15 17 0.021443812 
157 161 15 22 0.021111215 
540 143 19 27 0.021075957 
1 100 11 16 0.02105625 
597 102 9 11 0.020893833 
784 135 10 14 0.020876162 
91 56 9 12 0.020178853 
16 95 9 10 0.020174231 
56 90 11 17 0.020092348 
340 225 22 29 0.020044822 
