2_Demonstration_Protesters_2_684
1290
773 414 14 17 0.9817567 
909 417 18 22 0.9814481 
109 497 17 23 0.97651595 
649 349 10 13 0.97587377 
830 452 16 22 0.9745781 
206 372 11 15 0.97300446 
693 363 11 14 0.97146344 
682 545 22 30 0.9601531 
953 475 22 27 0.94964516 
616 421 12 15 0.9488445 
737 435 16 21 0.9487894 
231 424 15 18 0.94711095 
523 425 15 19 0.941391 
739 378 12 15 0.93512154 
793 560 21 23 0.9319163 
885 336 11 12 0.93169135 
365 374 10 12 0.9304301 
870 431 20 25 0.9277852 
848 574 51 60 0.91631186 
398 327 9 12 0.91244394 
620 348 10 13 0.9092348 
662 444 16 18 0.9036087 
465 340 10 13 0.8906734 
165 351 10 12 0.8861191 
79 403 11 14 0.8769728 
816 339 10 13 0.8710374 
754 326 9 13 0.8566414 
860 389 13 18 0.84974086 
307 389 13 17 0.8400478 
569 343 10 12 0.8360359 
1004 311 12 14 0.8295466 
688 329 11 14 0.82667595 
562 467 18 21 0.8193426 
335 333 8 10 0.8165261 
397 358 9 11 0.81086725 
1005 338 12 15 0.79083455 
545 351 9 12 0.78335786 
41 364 9 11 0.7717864 
112 356 10 12 0.76645404 
326 372 10 13 0.7606098 
2 481 18 22 0.74019855 
462 371 12 15 0.7233462 
720 407 11 14 0.7190503 
538 375 9 13 0.71199965 
855 365 11 14 0.71152556 
448 373 10 13 0.70315725 
442 324 9 11 0.68404853 
574 362 10 13 0.6749066 
478 317 8 10 0.6715967 
45 328 10 12 0.66908956 
991 272 8 11 0.6601816 
808 307 9 11 0.6431218 
7 512 28 33 0.6300134 
373 352 10 13 0.61811155 
829 326 10 12 0.61710256 
5 335 10 12 0.6149345 
309 325 8 10 0.6146747 
8 372 9 12 0.6095743 
294 320 8 11 0.59810704 
646 328 10 13 0.5888259 
671 292 8 11 0.58040667 
418 341 9 11 0.579745 
358 434 15 16 0.5754522 
380 335 9 11 0.56697845 
454 309 9 10 0.56684417 
590 313 9 11 0.5607316 
337 354 11 13 0.5502907 
200 347 9 12 0.54994255 
208 305 8 10 0.5486941 
240 329 8 10 0.5389727 
467 372 11 15 0.53532845 
191 320 8 10 0.53526103 
135 340 9 11 0.51942956 
654 476 15 18 0.50945103 
505 324 8 11 0.5039669 
799 293 8 10 0.49668467 
637 206 8 10 0.49410585 
393 301 8 10 0.49225727 
556 435 10 13 0.48066637 
693 302 9 11 0.48043367 
775 324 10 12 0.47406557 
414 295 8 9 0.46495226 
0 356 7 12 0.45954674 
309 307 9 12 0.4515696 
108 395 11 15 0.4453945 
602 463 17 19 0.4402399 
207 324 8 11 0.43680188 
971 347 12 15 0.43005052 
162 337 7 10 0.4237287 
889 295 8 10 0.42179325 
501 356 9 11 0.41607293 
776 286 9 11 0.4131022 
573 324 9 12 0.41222563 
686 293 8 10 0.406896 
290 303 8 10 0.40609184 
806 356 10 13 0.40537867 
935 488 21 27 0.3999265 
992 328 10 13 0.3962095 
307 345 8 10 0.39313632 
534 343 9 12 0.39180833 
187 341 8 10 0.39097193 
1009 371 13 16 0.3900711 
384 317 8 11 0.37681365 
831 344 10 13 0.37498957 
252 336 9 10 0.37352318 
862 468 17 20 0.37135708 
634 319 8 10 0.368276 
820 456 13 18 0.36781302 
839 309 8 10 0.36234742 
120 344 10 12 0.3612591 
338 318 7 10 0.36043572 
997 289 9 12 0.35841066 
536 319 7 10 0.3545472 
114 304 8 9 0.35242832 
866 308 8 11 0.34923846 
480 341 8 11 0.34775996 
479 431 12 15 0.34748188 
600 356 9 11 0.3417146 
478 445 11 14 0.33822966 
94 327 9 11 0.3380415 
422 365 9 10 0.33693355 
261 565 10 14 0.33325893 
958 273 8 10 0.33309427 
603 476 18 20 0.3298855 
735 399 11 15 0.32555822 
304 499 13 17 0.3246409 
509 348 9 11 0.31580135 
365 405 10 12 0.31495067 
736 262 9 12 0.31348795 
938 286 8 10 0.31258 
498 342 8 10 0.3082536 
430 303 7 9 0.30560672 
231 301 8 10 0.30187684 
710 413 10 13 0.30087402 
725 346 10 14 0.29554367 
378 294 7 9 0.29157844 
142 318 8 10 0.29139668 
842 341 8 11 0.29118344 
429 382 8 11 0.28476533 
276 328 9 11 0.28328577 
269 318 9 11 0.28133288 
120 388 10 13 0.27512434 
467 296 7 9 0.274284 
613 208 9 10 0.2725455 
352 319 8 10 0.27125075 
731 297 8 10 0.26869246 
1 511 21 30 0.26819035 
15 327 9 10 0.2635227 
428 459 13 15 0.26104128 
506 350 8 11 0.2508798 
445 294 8 9 0.25064823 
601 328 9 11 0.24214423 
233 318 7 10 0.23178722 
94 365 10 13 0.22990955 
670 364 9 12 0.2293289 
184 303 8 9 0.22912893 
551 431 12 15 0.22906578 
358 327 8 10 0.22863114 
405 310 8 9 0.22803853 
345 405 10 11 0.22654757 
993 291 10 12 0.22466967 
552 318 8 10 0.22193573 
281 310 8 10 0.21892534 
881 334 10 13 0.21846966 
873 295 7 9 0.21717124 
278 383 8 11 0.21633255 
14 332 9 12 0.21609195 
351 294 8 10 0.2158228 
535 325 8 10 0.21548344 
254 286 8 10 0.21306744 
400 280 8 9 0.21172136 
456 328 8 10 0.21055166 
600 372 10 12 0.21022126 
280 304 8 10 0.20809075 
95 332 8 11 0.20539449 
345 290 7 9 0.20504843 
424 348 8 11 0.20103301 
573 396 11 15 0.19966619 
677 232 8 11 0.19911745 
648 293 8 10 0.19821982 
983 393 17 20 0.19587247 
907 285 7 9 0.19520125 
919 295 8 10 0.19519278 
146 336 8 11 0.19426082 
607 356 9 11 0.19178212 
502 278 7 9 0.18822451 
360 335 8 10 0.18786383 
217 287 8 9 0.18770635 
52 413 10 14 0.18732108 
414 320 7 10 0.18641336 
729 302 8 10 0.18560962 
351 342 8 10 0.18401988 
944 480 25 32 0.18167356 
850 296 8 10 0.17980692 
676 156 12 15 0.1792154 
170 313 8 10 0.17920691 
178 329 7 9 0.1755804 
20 410 13 17 0.17321156 
530 345 8 10 0.17320327 
601 318 8 11 0.17112723 
74 364 8 12 0.16981193 
709 295 7 10 0.1695706 
813 452 15 21 0.1678334 
417 337 8 11 0.16711135 
426 326 8 9 0.16594514 
343 400 9 12 0.16397089 
898 303 8 10 0.16303755 
902 301 8 10 0.16296917 
173 570 10 15 0.16086178 
383 313 8 10 0.160186 
875 327 8 10 0.15967599 
599 353 8 10 0.15921392 
504 373 10 12 0.15823548 
502 304 7 10 0.158101 
401 286 8 9 0.15706491 
24 324 9 11 0.15421002 
346 294 8 9 0.15371735 
850 411 16 22 0.14848194 
336 398 10 12 0.14809076 
726 309 8 10 0.1479702 
382 288 8 10 0.14737369 
343 489 9 11 0.14731386 
900 323 10 12 0.14695533 
856 295 7 10 0.14664575 
312 294 7 9 0.14637853 
545 318 8 10 0.14585967 
584 366 9 12 0.14575131 
670 406 12 16 0.14510849 
431 310 7 10 0.14460857 
942 497 23 28 0.14450623 
419 418 12 16 0.14447674 
337 313 8 9 0.1427403 
703 383 10 14 0.14173034 
833 310 8 9 0.14136703 
186 318 8 11 0.14117537 
56 336 9 11 0.13935137 
306 305 9 11 0.13816841 
471 366 10 14 0.13744849 
266 303 8 10 0.13554373 
1000 257 9 10 0.13482192 
258 364 9 12 0.13478233 
330 295 7 9 0.1344648 
609 288 7 9 0.13415112 
783 325 8 12 0.13370061 
175 311 8 11 0.13369483 
289 358 10 13 0.13291766 
824 294 8 11 0.13048854 
854 357 10 12 0.12955786 
250 286 8 11 0.12890999 
816 320 8 9 0.12780653 
832 286 8 9 0.12705688 
614 301 8 10 0.12622233 
25 364 8 11 0.12608902 
39 310 8 9 0.12590256 
263 281 7 10 0.12557141 
429 295 7 9 0.12525736 
378 289 8 10 0.12426247 
370 302 7 9 0.12312606 
497 337 8 9 0.12269834 
241 280 8 10 0.1224065 
974 271 9 11 0.122318156 
398 389 10 13 0.12150193 
34 358 8 11 0.12137018 
354 325 8 10 0.12008316 
997 332 11 14 0.119744204 
426 296 7 10 0.11880436 
455 277 8 10 0.11733105 
668 350 11 12 0.11622183 
910 269 8 10 0.11584964 
193 325 8 10 0.115167476 
641 294 7 9 0.114942536 
426 313 7 9 0.11492564 
224 296 7 10 0.11311026 
410 320 7 10 0.113023944 
634 228 8 9 0.11287156 
447 344 8 10 0.112671345 
160 396 11 13 0.112259805 
465 263 8 9 0.112252034 
665 213 8 10 0.11206415 
453 414 11 16 0.11134249 
441 238 8 10 0.11000422 
950 296 9 10 0.10910416 
318 350 9 10 0.10851235 
392 389 10 13 0.10827621 
749 479 18 20 0.10805878 
33 352 8 10 0.10763753 
67 321 7 9 0.10719329 
426 317 7 10 0.10691645 
447 349 8 10 0.106878296 
333 278 8 9 0.10658412 
870 304 8 10 0.106398314 
773 349 9 11 0.10538362 
974 253 8 9 0.10511772 
605 326 8 11 0.10392773 
45 592 43 58 0.10374289 
406 325 9 11 0.103367984 
455 371 10 14 0.10300663 
91 371 11 14 0.10296817 
225 360 8 11 0.102466725 
226 278 7 9 0.10233782 
972 319 9 11 0.10212241 
685 350 9 11 0.1008773 
306 279 8 9 0.10068865 
666 336 8 10 0.10031602 
663 261 7 10 0.10015395 
312 288 7 9 0.09918393 
982 293 8 10 0.09907241 
378 339 8 11 0.098944165 
861 337 9 11 0.09852483 
72 325 8 10 0.097660966 
606 320 9 10 0.09729197 
600 273 7 9 0.09726058 
273 383 9 11 0.09715746 
343 376 8 11 0.09609996 
86 341 8 10 0.0960531 
426 279 7 9 0.09604978 
216 320 8 10 0.09589059 
886 363 12 14 0.095781036 
654 326 9 12 0.09531546 
632 272 7 9 0.09531478 
601 301 8 9 0.09513731 
6 417 12 16 0.09502931 
81 341 9 11 0.09487347 
238 447 11 15 0.09470939 
709 380 11 14 0.094323896 
413 381 9 11 0.09410266 
58 302 7 10 0.0938964 
93 320 8 10 0.09369926 
78 325 8 10 0.09347076 
383 279 7 9 0.09342875 
329 256 7 9 0.09112424 
351 313 8 10 0.090941645 
266 384 8 10 0.09080843 
447 291 7 8 0.090101466 
0 509 14 21 0.08989212 
570 289 8 10 0.08930336 
570 294 8 10 0.08927946 
206 570 10 15 0.08905188 
735 429 15 18 0.088719234 
784 225 7 9 0.08810157 
526 382 9 12 0.08718181 
976 307 10 12 0.08709207 
335 294 7 8 0.08638212 
270 302 8 10 0.08480147 
367 272 6 8 0.08479557 
664 358 10 12 0.08445159 
226 301 8 11 0.0842787 
416 279 7 9 0.08406439 
888 301 8 10 0.083937764 
190 337 8 11 0.08327027 
795 117 7 9 0.08277299 
710 405 11 16 0.08268306 
740 404 10 13 0.081960045 
337 289 7 9 0.08183961 
242 285 7 9 0.08130469 
696 388 11 15 0.08093519 
625 302 8 10 0.08080181 
30 323 9 11 0.08064151 
945 265 7 9 0.08059465 
530 328 8 10 0.080344304 
71 320 8 10 0.080091186 
154 295 8 9 0.07950032 
521 350 8 11 0.079477645 
571 240 8 9 0.07929042 
734 267 8 12 0.07894984 
759 299 9 12 0.07856537 
615 286 7 9 0.07841947 
214 309 8 10 0.07835607 
502 297 8 9 0.07808537 
257 281 7 9 0.07802789 
483 445 11 14 0.07775086 
944 270 8 9 0.07738648 
928 358 12 15 0.07730611 
535 336 8 9 0.07701602 
503 344 8 10 0.07628072 
444 397 11 14 0.07617901 
381 293 8 10 0.07617673 
128 342 9 12 0.076162465 
219 295 7 9 0.076155685 
185 298 7 9 0.07615461 
615 320 8 10 0.07599108 
79 320 8 10 0.07563078 
498 311 7 9 0.07554571 
730 271 7 10 0.07542818 
647 290 7 9 0.075298 
678 364 9 12 0.07523394 
799 350 8 10 0.07521107 
790 325 8 11 0.07497339 
377 328 7 10 0.0745327 
934 351 10 12 0.0741082 
858 341 8 10 0.074035004 
66 325 8 10 0.073181845 
327 319 8 10 0.072822325 
0 320 8 10 0.07269551 
369 327 7 9 0.072180785 
889 290 7 9 0.07207617 
97 296 7 9 0.07207428 
594 272 7 10 0.07203847 
332 403 11 14 0.0720208 
222 343 9 11 0.07172099 
829 295 8 9 0.07142248 
818 295 8 10 0.07095435 
794 278 8 10 0.07090148 
431 378 9 10 0.07087802 
87 302 8 10 0.07086777 
218 261 7 10 0.07081607 
604 332 9 12 0.07080749 
204 304 7 9 0.0708045 
749 395 11 15 0.07055241 
734 319 9 11 0.07054784 
308 332 9 11 0.070175335 
280 317 7 9 0.07017347 
535 206 7 10 0.07003306 
830 321 9 11 0.069737755 
509 224 8 11 0.069635995 
711 271 8 10 0.06951504 
670 299 10 12 0.069162 
571 320 9 12 0.06913457 
201 296 8 9 0.06909513 
668 214 8 10 0.06908486 
314 365 9 11 0.0689338 
377 390 9 11 0.06884516 
351 349 8 11 0.06880734 
322 324 7 10 0.06869514 
708 419 11 13 0.06861884 
641 364 9 11 0.06851917 
695 231 7 9 0.06827816 
310 348 7 10 0.06792392 
526 405 10 13 0.06787947 
87 296 8 10 0.067874186 
202 325 7 10 0.06780939 
757 418 11 14 0.067796715 
465 300 7 10 0.06775005 
849 302 8 10 0.06753841 
735 119 8 9 0.06734182 
277 286 8 10 0.067105636 
670 335 8 10 0.06672597 
63 341 8 10 0.06607375 
826 312 8 10 0.06592029 
740 262 9 11 0.06584818 
25 343 8 11 0.065835364 
617 297 7 10 0.06577514 
230 447 13 16 0.06562855 
967 293 9 10 0.06561109 
296 405 8 10 0.065571986 
773 304 9 11 0.06550649 
901 358 10 12 0.06539161 
359 294 7 10 0.06523246 
79 310 8 9 0.06519232 
674 235 9 11 0.06518209 
543 394 12 14 0.06490238 
782 374 9 11 0.064796954 
405 389 8 11 0.06463377 
400 274 7 9 0.06452239 
932 362 12 15 0.06444794 
89 336 8 10 0.064284004 
875 332 8 11 0.06420484 
615 263 7 9 0.06411749 
720 277 8 10 0.063807964 
443 350 7 10 0.063488536 
442 343 7 10 0.06348834 
668 342 9 10 0.06339768 
834 281 8 10 0.06337676 
1 412 13 18 0.063376054 
639 313 8 10 0.063192256 
49 379 9 12 0.06313696 
346 343 8 10 0.062924705 
117 391 11 18 0.0628822 
760 279 9 10 0.06277577 
290 324 8 11 0.062471703 
183 311 8 9 0.06223874 
459 262 7 9 0.06210991 
370 297 7 9 0.06203869 
741 397 11 15 0.0620297 
409 376 9 11 0.061938595 
177 334 7 10 0.06164384 
244 446 12 17 0.061603796 
361 429 15 16 0.061417997 
942 333 10 13 0.06137893 
362 398 9 12 0.061119825 
430 288 8 10 0.061069936 
657 318 9 11 0.060963772 
45 361 8 11 0.060465258 
797 344 9 11 0.060438957 
1014 246 8 10 0.060400147 
592 278 8 9 0.06029604 
223 320 7 9 0.060225815 
273 266 6 8 0.060189176 
888 272 7 9 0.06009508 
384 367 8 10 0.060065746 
981 302 9 13 0.060033727 
295 312 8 9 0.05979998 
594 343 8 10 0.05979504 
319 360 9 10 0.059678245 
385 273 7 9 0.05966591 
770 326 8 11 0.059623305 
528 357 8 11 0.05952993 
895 296 7 9 0.059282463 
489 318 8 10 0.059151668 
584 434 10 13 0.058983672 
222 350 9 9 0.05882422 
608 278 7 9 0.058767017 
178 304 7 9 0.05873517 
880 308 9 10 0.05873215 
970 253 8 10 0.05869359 
945 300 9 11 0.05868364 
378 319 7 9 0.058610193 
362 272 7 9 0.058530632 
839 269 7 10 0.05841069 
417 391 9 10 0.058373097 
15 418 10 14 0.058238093 
551 314 8 10 0.05817004 
520 240 7 8 0.05816249 
61 303 8 10 0.058086 
858 324 8 11 0.058011796 
897 309 8 10 0.057969518 
971 278 8 10 0.057764187 
664 257 8 10 0.05763548 
704 301 8 10 0.057380076 
537 313 8 10 0.057164792 
367 309 8 10 0.057114884 
653 295 9 10 0.057100575 
408 304 8 10 0.056840714 
152 304 8 10 0.05672895 
943 326 9 12 0.056382157 
604 405 13 16 0.056371033 
573 347 9 12 0.056342036 
585 279 7 9 0.056229107 
489 250 7 8 0.05610989 
770 232 7 10 0.0558649 
62 337 7 9 0.055478897 
709 398 10 14 0.055332188 
496 319 7 10 0.05515412 
862 320 8 10 0.05510639 
97 302 7 9 0.055103272 
152 311 7 9 0.054951824 
486 312 7 9 0.054762177 
521 329 7 9 0.054476224 
1009 256 8 11 0.05443871 
661 553 11 15 0.054369017 
169 296 7 8 0.054191984 
743 312 8 10 0.05409284 
54 327 8 11 0.054090247 
723 309 8 11 0.05392017 
845 337 8 11 0.0536998 
233 311 8 10 0.05351059 
310 254 7 9 0.053365245 
506 246 7 9 0.053293575 
978 294 7 10 0.053212404 
266 312 9 10 0.05320019 
386 303 8 9 0.053195376 
185 350 8 10 0.052915733 
442 303 7 10 0.052604422 
856 303 7 10 0.05258427 
158 295 8 9 0.052546926 
192 277 8 10 0.052405346 
644 469 23 24 0.052397292 
952 289 8 10 0.0521645 
489 351 7 9 0.05215884 
294 401 8 10 0.0520061 
329 313 7 9 0.05186734 
623 296 8 10 0.051668804 
117 425 13 16 0.051519014 
346 232 7 9 0.051514763 
446 262 7 9 0.05141477 
756 351 11 13 0.051364236 
343 318 7 10 0.051235855 
360 279 7 9 0.051131487 
588 417 12 14 0.051096432 
184 250 7 9 0.0505999 
214 304 8 9 0.0505156 
333 273 7 9 0.050471622 
263 398 9 11 0.05046477 
454 273 8 10 0.05040152 
921 289 7 8 0.050282087 
274 331 9 11 0.050277036 
730 319 8 11 0.05019821 
76 360 10 11 0.050189447 
593 357 8 11 0.05016017 
650 269 7 9 0.05002236 
544 313 7 10 0.049902946 
850 389 12 16 0.04975311 
912 265 7 10 0.049665228 
557 460 15 22 0.04944934 
397 296 8 10 0.049295608 
150 349 8 11 0.049260132 
918 366 8 11 0.049194694 
760 255 7 9 0.049173243 
150 342 8 10 0.049122315 
397 302 8 9 0.049092073 
507 230 7 9 0.04901588 
751 248 8 10 0.048946664 
927 273 7 9 0.04890664 
661 280 8 10 0.04869416 
847 309 8 11 0.04856948 
550 344 9 11 0.048478447 
1006 388 10 14 0.04833923 
1013 256 9 12 0.04830831 
366 335 8 9 0.0480164 
975 289 8 9 0.047731765 
438 420 12 14 0.047696028 
906 269 8 10 0.047684874 
455 333 8 10 0.04767719 
456 287 8 9 0.04744345 
114 308 7 10 0.047311842 
354 277 7 9 0.047186784 
174 317 7 9 0.047173694 
952 252 7 9 0.047055494 
609 302 8 10 0.04688251 
414 325 8 10 0.04682231 
74 295 7 10 0.046783894 
306 287 7 9 0.04631121 
1011 377 11 17 0.04610924 
732 342 9 11 0.046074815 
424 387 9 11 0.045937426 
928 297 8 9 0.045919538 
770 236 8 10 0.04591523 
89 358 10 12 0.045896895 
927 278 8 9 0.045884162 
345 262 7 8 0.045855865 
611 262 7 9 0.045829084 
910 283 7 9 0.045805816 
93 380 9 11 0.045747675 
760 273 8 9 0.04561256 
358 341 8 10 0.04552556 
679 326 11 14 0.045380477 
836 426 15 16 0.045377646 
551 372 9 12 0.045334563 
103 327 8 11 0.045141693 
480 236 7 9 0.045015473 
912 319 8 11 0.045002352 
557 240 8 10 0.044924643 
585 295 8 10 0.044842143 
985 253 8 9 0.044697728 
878 321 8 10 0.044600464 
300 434 12 15 0.044484608 
289 336 8 10 0.04448036 
544 326 8 10 0.044471085 
459 296 6 9 0.044368763 
865 289 7 9 0.044305332 
838 265 8 9 0.04423446 
352 337 8 10 0.04422503 
477 404 12 18 0.04409438 
865 294 8 10 0.043969054 
530 285 9 11 0.043773677 
600 297 8 9 0.04372951 
595 351 8 11 0.043687005 
763 223 7 8 0.043643422 
306 273 7 9 0.043554395 
815 280 7 8 0.043540306 
585 233 7 9 0.04348534 
672 328 9 10 0.043309476 
226 274 7 9 0.043255176 
327 414 10 13 0.04318315 
793 335 9 11 0.0430798 
465 319 7 9 0.04299045 
360 289 7 9 0.042884745 
42 332 9 11 0.04281561 
177 265 7 9 0.042788297 
214 416 12 18 0.04236692 
112 321 7 9 0.042317804 
357 320 8 11 0.042181883 
721 344 10 13 0.042108208 
745 412 11 12 0.041999273 
509 321 8 10 0.04194762 
741 317 9 11 0.04188061 
591 263 8 10 0.041721612 
382 327 8 10 0.04159285 
584 256 8 9 0.04151055 
639 360 9 12 0.041437738 
499 272 8 10 0.041335728 
379 280 7 8 0.041030966 
162 272 7 8 0.040908344 
64 351 8 11 0.04082504 
601 397 11 14 0.04079435 
624 287 7 9 0.04075036 
238 359 11 12 0.040734544 
561 334 8 9 0.04069841 
417 313 7 9 0.040649597 
178 270 7 9 0.04063872 
586 288 8 9 0.040627077 
167 344 9 11 0.040572744 
181 326 8 10 0.04052379 
147 273 7 8 0.040384803 
458 257 6 9 0.04035059 
127 265 7 10 0.04033619 
586 316 9 11 0.040222034 
900 349 11 13 0.040210154 
470 263 7 10 0.040139288 
530 319 8 9 0.040028058 
426 288 7 9 0.03996709 
222 288 7 9 0.039919436 
111 419 13 17 0.03970391 
119 309 7 9 0.03970242 
889 255 8 9 0.03963091 
409 287 7 9 0.039618313 
547 423 11 14 0.03958324 
657 264 8 10 0.039553743 
103 296 7 9 0.039508916 
557 319 8 10 0.03945629 
649 302 9 12 0.039264966 
512 247 8 9 0.039213784 
530 302 7 10 0.039173186 
944 231 8 9 0.039091546 
892 364 10 13 0.039029542 
680 261 9 11 0.039019834 
49 302 7 10 0.039015383 
727 222 8 10 0.038691416 
735 324 9 12 0.038643017 
690 231 8 9 0.03848786 
825 289 7 9 0.038236924 
946 255 6 9 0.038236562 
974 395 13 18 0.03819766 
343 335 8 10 0.038190726 
481 271 7 8 0.03817115 
350 457 15 17 0.038164534 
351 290 7 9 0.03812669 
510 380 9 12 0.038109433 
124 427 13 16 0.038040426 
82 302 7 10 0.03800274 
798 334 9 12 0.037824545 
497 351 7 10 0.0377443 
273 269 7 9 0.037718125 
301 376 10 12 0.03761811 
584 419 11 13 0.037606556 
247 255 7 8 0.03759797 
287 263 6 8 0.03755834 
959 323 10 13 0.037479896 
601 277 7 9 0.037331484 
290 279 7 9 0.037294727 
415 290 7 8 0.037272334 
967 323 9 12 0.03724704 
583 359 9 12 0.03716242 
283 264 6 8 0.037117146 
336 374 8 12 0.0370412 
843 579 31 39 0.03700334 
928 301 8 10 0.036946263 
787 309 7 10 0.036835894 
655 253 8 10 0.036833327 
722 272 7 10 0.03682338 
704 230 7 9 0.03678086 
608 273 7 9 0.036710713 
834 271 8 9 0.036547523 
942 339 10 13 0.036532883 
872 290 7 9 0.036489572 
448 334 8 10 0.036473103 
218 344 8 10 0.03640292 
144 388 10 12 0.036256168 
80 296 8 9 0.036225732 
632 279 8 9 0.036212116 
373 301 7 9 0.036090545 
370 419 12 15 0.036060914 
929 255 7 9 0.03603241 
170 255 7 9 0.03599272 
471 326 8 9 0.03597826 
488 357 8 10 0.035947707 
430 279 7 9 0.035833135 
15 408 12 16 0.035658542 
585 236 8 11 0.035524953 
960 265 8 9 0.035457347 
150 319 7 10 0.035455596 
416 397 9 11 0.03539737 
768 224 7 8 0.035393916 
352 302 7 9 0.035370033 
290 298 7 9 0.03534541 
920 302 8 9 0.035332628 
651 253 7 10 0.035324257 
191 287 8 9 0.035310593 
105 302 7 9 0.03524676 
201 255 7 9 0.035246238 
501 309 8 10 0.03518318 
75 311 7 8 0.035155147 
529 333 7 9 0.03507971 
488 334 7 9 0.034960996 
288 341 8 10 0.03490461 
659 240 7 9 0.03472834 
119 280 6 8 0.034719173 
584 304 8 10 0.034688305 
990 300 11 13 0.034635406 
408 367 7 9 0.034573063 
646 310 8 10 0.034549773 
774 344 10 11 0.034525223 
725 442 11 14 0.03444427 
296 336 7 10 0.034409497 
239 365 10 13 0.034389835 
57 297 7 9 0.03430251 
470 290 7 9 0.03428239 
246 328 7 10 0.034279037 
186 286 8 10 0.034276202 
83 337 7 9 0.034269717 
320 296 7 9 0.03426446 
801 223 8 10 0.0342281 
713 327 8 11 0.03422573 
353 274 7 8 0.034215845 
310 403 10 12 0.0340577 
817 325 9 12 0.03390505 
472 361 9 12 0.03389889 
680 360 9 11 0.03382988 
599 247 7 9 0.033822067 
241 249 7 9 0.033819117 
510 229 7 10 0.033756483 
810 279 7 9 0.033723287 
728 217 7 9 0.03372224 
444 417 14 16 0.03355988 
519 374 9 11 0.033477817 
898 280 7 9 0.033475462 
176 342 7 10 0.033405527 
600 240 7 9 0.033401974 
959 373 9 11 0.0333706 
464 312 8 10 0.033335764 
720 318 8 10 0.03331613 
103 334 8 10 0.033151437 
417 360 8 10 0.033124205 
744 327 8 11 0.033114836 
775 231 7 9 0.033057388 
616 257 7 8 0.03302026 
127 270 7 9 0.03301127 
328 302 8 10 0.032981463 
228 414 16 20 0.03292212 
973 373 12 14 0.032914627 
72 351 8 10 0.032807074 
394 532 11 15 0.03279165 
819 218 7 8 0.032791268 
279 296 8 9 0.032781966 
969 310 8 10 0.032769233 
264 389 9 11 0.032756172 
270 414 10 12 0.032749705 
812 304 9 11 0.032710984 
807 449 13 19 0.032686476 
143 313 9 10 0.03265728 
334 393 11 13 0.032646667 
808 334 9 12 0.032598313 
194 273 7 9 0.032597143 
991 350 10 13 0.03255887 
184 264 7 8 0.03254001 
557 246 9 10 0.03253206 
631 323 9 11 0.03251844 
73 344 7 9 0.03246346 
305 449 14 19 0.03243352 
729 325 9 11 0.032297693 
753 254 7 9 0.032251067 
25 349 8 10 0.03222087 
585 272 8 10 0.032147143 
914 303 7 9 0.032051396 
552 336 8 9 0.031954437 
641 290 7 9 0.031943012 
358 351 7 10 0.03183211 
409 280 7 9 0.031826556 
201 320 7 10 0.031778462 
793 343 9 11 0.031775013 
192 264 6 8 0.03173807 
955 277 7 10 0.03169836 
191 313 7 9 0.03156189 
2 338 10 13 0.031538725 
216 325 7 10 0.031535126 
982 343 9 12 0.03148488 
438 309 7 9 0.03146865 
513 312 8 9 0.03136497 
112 335 7 10 0.031354405 
898 272 7 9 0.031274673 
849 351 9 12 0.031237928 
608 257 7 9 0.03121394 
415 301 7 10 0.031201791 
497 263 8 10 0.03106406 
96 389 12 14 0.031040417 
297 499 13 17 0.03100565 
991 230 8 10 0.030999742 
38 319 8 11 0.030915389 
568 390 11 13 0.030914046 
320 280 7 8 0.03090698 
431 364 8 11 0.030896368 
636 459 12 15 0.030861938 
182 564 13 16 0.030736202 
941 281 7 10 0.030710401 
761 217 7 9 0.030693565 
273 281 8 10 0.030686026 
464 238 7 9 0.030638773 
489 264 7 9 0.030621797 
835 264 7 9 0.030603956 
253 381 9 11 0.030600704 
264 298 7 9 0.030595096 
992 531 28 32 0.03054166 
717 334 9 10 0.030507613 
172 457 14 16 0.030463906 
238 319 8 10 0.030460384 
544 228 7 10 0.030409677 
769 302 9 11 0.030356757 
503 287 8 9 0.03035082 
429 349 8 10 0.030291941 
145 369 8 11 0.03028643 
895 255 8 9 0.030283138 
713 334 9 10 0.03022666 
439 359 8 10 0.03011412 
291 286 7 9 0.030020604 
425 376 9 11 0.030009275 
415 260 8 10 0.029986577 
607 294 8 10 0.029977601 
976 239 7 9 0.02994627 
460 430 11 15 0.029870488 
344 312 7 9 0.029863793 
531 206 7 10 0.029823665 
570 360 10 13 0.029813128 
735 280 8 10 0.029791048 
773 357 9 11 0.029782103 
1007 239 8 9 0.029757213 
490 328 7 9 0.029757088 
149 405 9 12 0.029750224 
464 327 8 9 0.029680109 
34 310 8 9 0.029675942 
0 404 13 19 0.029614503 
40 343 7 9 0.029601194 
826 256 7 9 0.029572591 
737 240 8 9 0.029543322 
442 373 9 12 0.02948488 
6 313 8 9 0.029461352 
801 302 9 12 0.029409625 
362 311 7 9 0.029391306 
857 289 7 9 0.029374188 
610 212 8 10 0.029373348 
152 367 9 11 0.029344946 
281 567 11 13 0.029337497 
913 333 9 11 0.029310523 
744 334 8 11 0.02925969 
713 277 8 10 0.029255185 
329 351 7 9 0.0291631 
558 453 12 18 0.029155198 
185 254 7 8 0.029145434 
343 407 13 18 0.029116103 
481 350 8 10 0.0290335 
243 254 6 9 0.028969849 
389 318 9 10 0.028962897 
640 247 8 9 0.02893508 
855 308 8 10 0.028908323 
470 279 8 9 0.028803134 
588 366 9 12 0.028800534 
420 336 9 11 0.028773818 
832 256 8 9 0.028736075 
199 277 7 9 0.028713647 
568 209 8 9 0.028704837 
600 232 7 8 0.028687047 
127 328 8 10 0.02864636 
937 294 8 10 0.028636549 
984 348 9 13 0.02863241 
432 344 8 10 0.028572973 
759 284 9 10 0.028563954 
295 297 7 9 0.028527668 
238 310 8 10 0.02849027 
547 354 10 13 0.02848064 
31 343 8 10 0.02845919 
625 325 9 11 0.028428933 
633 313 8 9 0.028409356 
179 412 12 15 0.028403772 
456 320 8 10 0.02839346 
761 263 7 9 0.028388165 
231 359 8 11 0.028370446 
136 279 7 8 0.028306179 
602 256 7 9 0.028288862 
818 288 7 10 0.028245416 
576 333 9 11 0.028232012 
0 326 7 10 0.028208181 
365 410 12 14 0.028188774 
631 365 9 12 0.028128976 
532 420 12 17 0.02812422 
464 280 7 9 0.028052496 
171 427 13 18 0.0280115 
653 300 10 12 0.027929176 
53 376 9 12 0.027868027 
785 305 8 10 0.027862847 
145 407 9 12 0.027858853 
432 420 11 15 0.027857915 
545 224 8 10 0.027754374 
400 264 7 8 0.027747484 
126 366 9 12 0.027711928 
295 287 6 9 0.027700052 
346 487 11 13 0.02767345 
919 324 10 12 0.027662754 
542 420 10 13 0.02765288 
145 351 8 10 0.027614065 
342 327 8 10 0.02760427 
208 263 6 8 0.02750442 
625 265 7 9 0.02744945 
712 229 8 9 0.027352287 
705 405 11 14 0.027338425 
850 590 64 73 0.02733454 
923 279 7 9 0.027329575 
685 262 9 11 0.027327403 
932 396 12 15 0.02727153 
399 322 9 10 0.02726126 
592 256 7 9 0.027253244 
177 206 9 11 0.027230082 
624 311 7 9 0.027195333 
0 493 20 23 0.02718899 
302 382 10 13 0.027138181 
115 281 6 8 0.02712844 
231 384 9 11 0.02708306 
162 330 7 8 0.027064783 
320 417 9 11 0.027048716 
230 278 6 9 0.027035672 
616 281 7 9 0.027020771 
618 477 12 16 0.02698305 
13 369 8 11 0.026932178 
249 339 10 11 0.026928842 
590 288 8 9 0.026918625 
570 245 8 10 0.026902733 
641 272 7 9 0.026895154 
696 226 7 9 0.02686952 
286 389 9 10 0.0268536 
855 465 17 20 0.026847446 
598 313 8 10 0.026787724 
16 320 9 10 0.026768366 
7 319 8 9 0.026763516 
795 232 7 8 0.026757818 
687 248 8 9 0.026739907 
360 256 7 8 0.02669098 
64 358 8 10 0.026645347 
235 334 8 10 0.02656733 
471 409 11 17 0.026561886 
191 296 7 9 0.026531989 
754 355 10 12 0.026512736 
681 379 10 13 0.026484553 
519 246 8 9 0.026472263 
155 290 6 8 0.02646996 
503 368 10 12 0.026386365 
215 407 9 13 0.026376715 
106 319 8 10 0.026333142 
167 327 7 9 0.026284514 
792 319 8 11 0.026275693 
943 248 7 10 0.026270118 
158 289 7 8 0.026269643 
272 357 9 11 0.02626608 
114 286 7 8 0.026208594 
271 352 9 11 0.026182728 
30 364 9 11 0.026173186 
814 347 8 13 0.026147157 
200 355 9 12 0.026106924 
23 311 8 9 0.026099438 
24 334 8 11 0.026053214 
694 271 8 10 0.026029512 
379 312 6 10 0.026023602 
34 305 7 9 0.026002062 
544 428 11 15 0.025986714 
466 289 7 9 0.025828075 
646 170 10 13 0.025827661 
408 358 9 11 0.025825297 
959 232 8 9 0.02575538 
26 374 8 10 0.025752254 
505 241 7 9 0.025714288 
399 248 7 9 0.025697835 
912 312 8 9 0.02563756 
961 293 7 10 0.025596997 
569 300 8 10 0.025590105 
384 263 7 9 0.025548303 
641 242 7 9 0.025519654 
367 279 7 9 0.025506387 
422 406 10 12 0.025486954 
161 278 7 9 0.025374506 
349 382 9 12 0.025349965 
922 271 7 9 0.02534851 
205 344 8 11 0.025329199 
426 262 6 9 0.025313625 
228 364 9 11 0.025293417 
281 388 8 10 0.025279352 
597 344 9 11 0.025192382 
905 265 7 9 0.025184102 
51 443 15 21 0.02516411 
223 326 8 9 0.025147097 
680 374 9 12 0.025109077 
348 400 8 11 0.025103668 
959 249 7 9 0.025102856 
430 318 7 10 0.024978299 
782 342 8 11 0.024971813 
529 280 8 10 0.024961067 
331 288 6 9 0.024955856 
626 270 8 9 0.024853399 
592 296 7 9 0.024809303 
722 208 7 9 0.0247799 
874 319 7 11 0.024727004 
672 271 7 9 0.024718361 
958 237 8 10 0.024683693 
951 324 10 13 0.024683481 
191 349 8 12 0.024634903 
320 303 7 10 0.02455291 
311 416 9 12 0.02453614 
340 506 14 17 0.02451371 
716 120 8 9 0.02445232 
784 248 7 8 0.024421116 
517 367 9 11 0.024404023 
561 208 7 8 0.024398865 
23 396 10 12 0.02434774 
656 248 8 10 0.024346268 
123 271 7 9 0.024274167 
776 215 7 8 0.024270598 
820 335 10 12 0.024261521 
464 258 8 9 0.024213018 
738 335 8 11 0.024148254 
255 538 13 17 0.024135064 
722 287 8 10 0.024119733 
916 296 7 9 0.024107391 
824 317 7 10 0.023993896 
235 326 8 11 0.02392662 
630 304 8 10 0.023903731 
884 485 22 31 0.023896521 
410 262 7 9 0.023895662 
345 303 7 10 0.023875853 
902 310 9 10 0.023786528 
594 124 15 22 0.023726955 
373 397 10 12 0.02370126 
498 326 7 10 0.023637798 
424 234 7 8 0.023584532 
329 398 11 14 0.02353093 
466 270 7 10 0.023518585 
2 373 9 12 0.02348522 
287 384 8 11 0.023467295 
249 376 8 11 0.02342961 
664 246 8 10 0.023426471 
146 278 6 9 0.023399886 
512 368 8 11 0.023384396 
241 273 8 10 0.02336245 
499 295 7 9 0.023346497 
407 500 21 30 0.023338908 
376 384 8 10 0.023293247 
521 357 8 11 0.023236763 
288 353 9 11 0.023192292 
691 238 7 10 0.023192009 
189 303 7 9 0.023171071 
968 397 10 14 0.023165299 
215 398 10 11 0.023139901 
490 221 7 9 0.023122787 
151 372 9 11 0.023044037 
460 411 13 18 0.023029102 
105 357 9 12 0.023023497 
348 374 8 10 0.02298482 
328 251 7 8 0.022913922 
576 213 7 9 0.022911761 
888 320 7 9 0.022900786 
305 321 8 10 0.02288485 
658 312 7 10 0.022866996 
604 453 22 26 0.022862127 
609 420 13 15 0.022861958 
681 289 8 10 0.022846367 
799 230 6 9 0.022811351 
928 491 14 19 0.022809329 
632 343 8 11 0.02280846 
1011 309 10 13 0.022783251 
917 334 9 12 0.022777962 
310 273 7 9 0.022727007 
19 509 15 20 0.022718688 
912 365 10 13 0.022706442 
237 383 9 11 0.02269802 
736 312 9 10 0.02264189 
265 324 9 12 0.022637755 
470 301 8 9 0.022627596 
255 390 9 11 0.022593763 
349 492 10 13 0.022569748 
686 254 8 11 0.0225626 
782 334 8 11 0.022488983 
524 413 14 18 0.022485116 
1011 389 10 14 0.022469781 
632 359 9 11 0.02244683 
216 282 7 9 0.022442743 
362 265 6 8 0.022441331 
88 352 9 11 0.022403024 
337 262 7 9 0.022381565 
484 403 14 19 0.022381118 
882 272 7 9 0.02238091 
577 279 7 9 0.022380587 
696 238 8 10 0.022377947 
293 362 10 13 0.022358535 
533 295 8 10 0.022312457 
242 554 18 20 0.022288596 
837 285 8 10 0.022274598 
328 261 7 9 0.022271147 
186 279 8 9 0.022257663 
3 568 15 21 0.022253929 
753 295 8 11 0.022253241 
888 278 7 9 0.022234019 
222 419 13 18 0.02222275 
393 470 8 10 0.022221668 
395 279 7 10 0.022194402 
553 230 8 10 0.022102198 
273 297 7 9 0.022101404 
248 281 7 9 0.022097485 
378 263 7 8 0.022076296 
586 262 8 10 0.022063449 
880 295 7 9 0.02203957 
320 310 8 10 0.022031864 
279 358 8 11 0.022001278 
471 270 8 9 0.02198574 
771 286 8 11 0.021976033 
95 395 13 15 0.02192277 
569 213 7 9 0.021907266 
30 336 8 10 0.0218895 
327 326 7 10 0.021874338 
360 392 9 11 0.0218601 
560 342 9 11 0.02183941 
911 351 9 11 0.021828214 
271 374 9 11 0.021827599 
585 224 7 9 0.021815559 
624 319 8 11 0.021783158 
681 256 9 11 0.02177076 
120 326 8 10 0.02176555 
177 297 7 8 0.021764344 
38 398 12 14 0.02176075 
192 356 8 11 0.021749264 
602 290 8 8 0.021713031 
713 444 10 13 0.021689076 
544 344 8 11 0.021685183 
632 372 9 12 0.021678258 
448 302 7 10 0.021661174 
624 255 7 9 0.021659493 
565 416 11 14 0.02162765 
535 201 8 9 0.021613196 
464 233 7 9 0.02160859 
368 342 8 10 0.021607446 
729 276 8 10 0.021599188 
589 458 11 17 0.02156485 
674 263 7 10 0.02153077 
943 320 10 12 0.021510039 
914 256 8 8 0.02147924 
755 197 7 10 0.021446938 
117 415 12 16 0.02142865 
47 407 10 12 0.021398988 
912 325 8 12 0.021380607 
290 400 8 11 0.021234605 
404 506 15 22 0.021234525 
793 273 8 9 0.021179348 
221 398 8 11 0.021161418 
1010 334 12 15 0.021113057 
294 431 12 16 0.021084683 
218 349 8 10 0.021071218 
778 373 9 12 0.021059759 
207 398 9 12 0.021047052 
368 321 8 9 0.0210435 
614 354 10 12 0.021041771 
0 396 11 16 0.021031424 
766 332 8 11 0.021030733 
576 304 8 9 0.021026263 
16 389 9 13 0.020995725 
169 304 7 9 0.020991426 
312 499 14 18 0.020983784 
394 332 8 11 0.020981947 
625 281 7 9 0.020969506 
694 278 8 10 0.02096185 
992 255 7 9 0.020956352 
582 352 8 10 0.020935798 
273 367 9 13 0.020905688 
632 248 8 9 0.02083373 
370 404 11 13 0.020832336 
823 263 7 9 0.020821488 
357 357 9 11 0.020794902 
943 350 9 11 0.020788798 
754 119 7 8 0.020775203 
666 364 9 12 0.02074948 
625 249 7 8 0.020724162 
441 336 8 10 0.020661376 
693 182 8 10 0.020644179 
624 239 7 9 0.020631919 
777 226 6 8 0.02061799 
393 352 9 11 0.020615708 
896 288 7 8 0.020611977 
36 414 15 16 0.020610746 
394 287 7 9 0.020571198 
468 336 9 11 0.020560479 
239 372 10 11 0.020531833 
754 301 8 11 0.02052438 
295 353 8 10 0.020502038 
194 237 7 9 0.020501604 
615 270 7 9 0.020492991 
1015 278 7 11 0.020486804 
858 237 7 9 0.020486698 
935 301 8 10 0.020480337 
432 255 7 9 0.020463966 
112 298 7 9 0.020459674 
591 302 8 10 0.020443846 
938 248 7 9 0.020387957 
670 307 9 12 0.020348428 
686 413 12 15 0.02032685 
2 312 8 10 0.020299153 
702 247 9 11 0.02029868 
649 222 7 9 0.02028335 
330 409 12 15 0.020276237 
144 357 8 10 0.020273084 
735 257 9 12 0.02021627 
425 274 7 9 0.020190336 
559 313 8 10 0.020169873 
492 407 13 18 0.020165425 
1015 270 8 12 0.020158643 
689 357 10 14 0.020091662 
104 313 8 9 0.020047506 
680 207 7 10 0.02002363 
