2_Demonstration_Protesters_2_912
121
835 326 29 37 0.9990871 
880 333 25 33 0.99765354 
476 310 28 35 0.99757403 
145 432 25 33 0.99752015 
718 276 33 44 0.9962792 
997 351 25 30 0.9948527 
595 311 25 38 0.9784767 
525 314 16 22 0.9668923 
41 349 15 19 0.95228064 
171 365 15 18 0.9409543 
549 311 20 25 0.9325645 
350 348 21 25 0.9178425 
255 339 11 14 0.9106028 
509 338 20 28 0.90457386 
788 333 17 23 0.7947109 
65 349 11 15 0.7568088 
936 336 18 24 0.73038477 
132 373 10 16 0.7114136 
920 340 10 14 0.6638412 
647 345 12 17 0.62170905 
441 316 10 12 0.47190353 
655 327 10 12 0.41929686 
619 321 12 18 0.40307924 
954 310 9 11 0.4002368 
270 339 8 11 0.3847087 
241 333 9 11 0.372621 
301 351 10 13 0.33320513 
180 525 14 16 0.31575695 
714 369 15 17 0.30528307 
293 324 9 10 0.26031715 
118 374 13 17 0.24153344 
635 322 11 14 0.23014568 
320 375 11 14 0.19954205 
198 334 8 12 0.18530226 
510 310 11 15 0.1742038 
261 387 15 27 0.16207048 
794 338 20 27 0.15755506 
422 309 9 12 0.15641794 
146 407 14 16 0.12965044 
373 324 10 12 0.114459984 
127 375 11 17 0.11236438 
900 322 13 15 0.09822706 
286 336 9 11 0.097194135 
337 329 9 11 0.09716596 
191 339 11 14 0.0952632 
368 327 11 12 0.09367974 
290 321 8 10 0.08413279 
270 319 8 9 0.07952707 
497 286 9 11 0.07289689 
327 336 8 10 0.07122567 
271 408 13 19 0.06438261 
340 331 10 12 0.06369389 
445 311 9 12 0.06318936 
448 302 11 13 0.059355818 
282 318 7 9 0.057656247 
327 410 13 19 0.056283183 
911 340 13 15 0.054593366 
386 304 8 9 0.053929597 
502 313 13 18 0.053041164 
890 425 14 21 0.052751992 
622 326 14 20 0.04910823 
970 395 27 34 0.047248457 
116 407 14 18 0.045943357 
185 357 10 13 0.04546246 
179 363 12 18 0.04444996 
312 310 7 9 0.044042062 
616 293 13 16 0.043820854 
649 333 10 12 0.043677155 
267 320 7 9 0.043590877 
816 286 8 10 0.041280348 
946 338 14 18 0.039584562 
650 327 10 12 0.039355967 
413 333 9 12 0.03824855 
490 309 23 31 0.036347188 
435 340 14 18 0.036271084 
328 340 9 11 0.035420176 
189 365 9 12 0.03537023 
236 394 17 23 0.034752805 
969 311 10 13 0.034534253 
612 317 14 24 0.034497686 
801 345 18 25 0.033939485 
370 309 9 11 0.033925753 
185 341 11 13 0.031208282 
405 484 14 20 0.031032631 
412 317 11 13 0.030555245 
373 304 9 11 0.030293182 
200 358 8 11 0.029733436 
262 336 10 13 0.029681396 
644 552 14 17 0.028816652 
303 344 10 13 0.02861525 
235 378 15 22 0.02857917 
946 310 7 10 0.02854693 
315 449 16 19 0.02854652 
501 302 13 16 0.028396849 
776 95 7 8 0.028359344 
55 348 9 14 0.02780824 
291 402 14 19 0.027004976 
508 319 16 20 0.026667811 
895 335 21 27 0.026599295 
640 536 17 18 0.026528113 
416 311 9 12 0.026118234 
297 335 8 10 0.02557459 
414 326 9 11 0.02512684 
782 344 22 30 0.0249428 
303 396 9 12 0.024029704 
371 329 11 15 0.023732664 
303 337 8 10 0.023707652 
684 313 12 15 0.023340367 
249 318 8 9 0.023225289 
266 381 13 21 0.023038276 
496 282 9 10 0.0225649 
553 286 9 11 0.022497432 
628 331 12 17 0.022373723 
394 317 8 10 0.022146128 
278 358 10 12 0.021941284 
297 304 7 9 0.021730693 
384 325 8 11 0.02167037 
656 320 10 11 0.021210972 
286 409 15 19 0.020723155 
904 346 12 17 0.020271674 
312 305 8 9 0.020043658 
