2_Demonstration_Demonstrators_2_195
21
325 190 61 82 0.9991886 
687 63 106 126 0.9981523 
391 183 81 108 0.9924711 
285 220 26 45 0.94371986 
917 185 85 138 0.8545115 
49 225 23 26 0.31740084 
459 156 44 64 0.116943575 
164 243 74 80 0.09221828 
368 178 67 103 0.073095664 
317 42 18 19 0.06895162 
221 175 53 73 0.06812419 
76 267 10 12 0.058374718 
185 177 97 118 0.04308241 
297 222 30 46 0.032917023 
60 359 11 13 0.031774886 
45 219 18 21 0.031649414 
384 20 15 17 0.024300924 
884 78 67 95 0.023442907 
38 220 41 46 0.022242164 
6 261 10 13 0.021470327 
918 140 57 94 0.020520613 
