2_Demonstration_Political_Rally_2_752
29
14 393 50 69 0.9995529 
810 204 189 292 0.99947363 
94 388 32 50 0.8662895 
78 375 7 9 0.22245257 
518 542 8 10 0.07734927 
191 463 8 9 0.077012 
84 392 28 41 0.07180551 
482 152 110 154 0.059213042 
479 104 49 48 0.045189213 
518 164 21 31 0.045110147 
220 388 12 14 0.04222345 
342 132 88 144 0.04205504 
68 382 10 13 0.03980038 
333 373 14 17 0.037042882 
565 146 53 66 0.031799395 
487 227 65 85 0.030534897 
364 143 61 79 0.029995948 
241 464 7 10 0.028935537 
560 621 12 16 0.026961435 
227 388 11 14 0.025427492 
717 198 172 235 0.024362618 
335 115 156 216 0.023982644 
327 376 14 18 0.02279425 
677 579 11 14 0.022441212 
63 385 13 14 0.0222879 
197 463 8 10 0.022100212 
528 542 9 10 0.020869274 
76 379 11 12 0.020743785 
534 542 8 10 0.020402407 
