2_Demonstration_Demonstration_Or_Protest_2_578
282
569 308 26 32 0.9986368 
941 321 28 35 0.9984932 
853 334 29 35 0.99761677 
669 296 26 35 0.9974934 
503 304 23 30 0.99583215 
256 333 22 31 0.99519145 
323 321 24 30 0.9946577 
780 349 25 31 0.9893189 
749 253 15 20 0.9883264 
148 323 21 27 0.9869937 
578 277 19 24 0.9857048 
882 248 16 20 0.98546314 
70 309 20 27 0.9850012 
230 274 13 17 0.98251146 
705 213 10 12 0.9770347 
811 232 14 18 0.97394854 
1 312 20 23 0.94890386 
425 308 20 24 0.9395897 
585 251 14 17 0.93852746 
212 356 20 25 0.93675864 
960 225 15 18 0.92755765 
294 221 10 12 0.9232126 
549 222 10 12 0.88114417 
983 232 14 18 0.8670134 
386 252 12 18 0.8620488 
574 216 10 13 0.80039716 
94 270 10 14 0.7794659 
304 250 11 13 0.76800203 
613 223 10 13 0.7651248 
496 258 14 18 0.7605047 
804 203 9 12 0.61549133 
698 246 14 18 0.61201227 
317 223 8 11 0.5746554 
166 237 9 11 0.5276817 
812 212 10 11 0.47730553 
559 190 8 10 0.46882924 
472 336 12 16 0.46090782 
666 189 9 11 0.44837132 
906 224 10 13 0.33151585 
655 212 8 10 0.3140308 
239 222 12 14 0.2852525 
545 200 8 11 0.26010832 
750 228 10 12 0.24815042 
885 208 8 11 0.2400503 
131 322 14 19 0.2127087 
959 204 10 11 0.19887108 
495 278 11 13 0.18662249 
741 215 9 11 0.18379521 
712 229 12 17 0.1663404 
522 197 8 11 0.15931176 
520 192 8 10 0.15315613 
543 204 9 11 0.14822008 
280 222 8 11 0.12826073 
382 229 8 11 0.12761728 
581 174 7 9 0.12500173 
470 230 8 11 0.124838 
625 221 10 12 0.123589076 
757 232 10 12 0.11971337 
525 198 8 11 0.10959409 
627 183 7 11 0.10895115 
456 328 12 13 0.108666524 
734 185 9 10 0.106701836 
984 243 13 16 0.100213535 
589 196 9 10 0.09432008 
582 152 7 10 0.08958902 
630 190 8 10 0.0894905 
130 314 16 19 0.089068 
745 190 8 10 0.087060906 
47 302 20 28 0.08570693 
185 247 8 12 0.08198402 
552 167 7 9 0.08183334 
957 151 9 11 0.08169565 
730 191 7 9 0.08018928 
477 295 13 17 0.07989919 
396 236 13 15 0.077867776 
164 259 11 14 0.07768289 
706 173 8 11 0.077453375 
549 199 8 11 0.07715652 
918 597 14 17 0.07660143 
437 228 9 12 0.07492946 
870 164 8 11 0.07394809 
662 223 9 11 0.070226826 
555 190 8 10 0.06996501 
796 263 10 14 0.06829597 
706 167 8 11 0.06682321 
631 198 8 10 0.065853514 
280 228 9 11 0.065627754 
967 192 8 10 0.06395482 
767 142 8 9 0.063875936 
325 172 9 12 0.063070565 
768 136 8 10 0.060759112 
602 175 7 8 0.060216423 
711 252 11 14 0.059162635 
488 185 8 10 0.05869075 
401 308 9 12 0.058640573 
135 221 14 16 0.057689138 
312 227 9 11 0.05595113 
305 229 8 11 0.05554007 
614 158 8 10 0.05541811 
453 253 8 12 0.054686103 
847 175 9 12 0.054498002 
932 237 11 13 0.05436695 
437 167 10 14 0.053561628 
998 196 8 10 0.052986365 
629 207 9 10 0.052738313 
766 216 10 12 0.052538324 
271 220 9 11 0.052130062 
587 190 8 11 0.05198495 
829 231 12 15 0.051802095 
810 189 10 13 0.051116254 
967 196 8 11 0.050812103 
3 225 13 18 0.0507754 
627 189 8 10 0.049489707 
560 204 8 12 0.0482103 
58 303 18 27 0.047858305 
830 141 8 11 0.047081813 
238 246 9 10 0.04643665 
565 205 8 11 0.04625355 
745 185 8 10 0.046050433 
610 158 8 10 0.045833334 
852 230 11 12 0.04552758 
664 205 8 11 0.045371827 
839 176 9 11 0.04436553 
519 142 8 10 0.04431312 
630 215 9 11 0.04413546 
0 212 9 15 0.04363041 
749 175 8 10 0.043150514 
383 225 9 10 0.042991895 
839 157 8 11 0.04232216 
731 185 7 9 0.042112574 
454 214 8 10 0.042090863 
512 224 9 11 0.04198195 
790 174 10 12 0.041637506 
586 184 7 9 0.041270383 
744 220 10 13 0.040249802 
967 175 8 10 0.039615594 
550 203 9 12 0.03918799 
710 174 8 10 0.039134268 
599 190 8 11 0.039065477 
6 203 10 13 0.03884698 
0 219 12 18 0.03874211 
976 181 8 10 0.038036667 
952 143 8 10 0.037607513 
494 204 8 10 0.037460886 
478 166 8 10 0.037413288 
699 255 14 16 0.03734607 
597 213 9 12 0.037054047 
318 238 11 15 0.036368083 
744 134 8 11 0.036322813 
334 254 11 14 0.035811044 
449 223 8 11 0.035129424 
128 328 13 18 0.035055663 
504 151 8 10 0.0348563 
866 160 8 11 0.03483378 
841 181 8 10 0.03448694 
975 136 10 12 0.03413061 
663 215 8 11 0.034035977 
638 140 8 11 0.03395554 
905 137 8 11 0.033835944 
182 251 10 13 0.03368126 
207 246 10 12 0.033654824 
625 215 9 11 0.033288147 
772 198 9 11 0.033071827 
591 184 7 10 0.032613155 
976 193 8 10 0.03246852 
605 174 8 9 0.032434355 
1 235 10 17 0.032048937 
648 166 8 9 0.032003645 
279 217 9 11 0.031426564 
928 151 7 10 0.031141292 
212 239 9 11 0.030792356 
578 170 7 8 0.030640977 
743 198 9 11 0.030402321 
593 213 8 12 0.030352505 
664 199 8 11 0.02979427 
360 251 12 15 0.029777722 
1015 206 7 12 0.029629216 
808 182 9 11 0.029450336 
213 245 9 12 0.029446997 
1015 198 7 11 0.02940368 
687 215 7 10 0.029273467 
599 207 9 11 0.02926664 
447 228 10 13 0.028793048 
767 151 7 9 0.028781675 
175 253 10 14 0.028658152 
722 166 7 10 0.02861688 
330 184 9 12 0.028613094 
441 205 8 11 0.028563827 
519 185 8 9 0.028444467 
398 242 12 16 0.028392183 
286 229 8 11 0.02827526 
551 161 7 9 0.027816957 
188 246 8 11 0.027121997 
450 215 8 10 0.026867297 
951 157 8 10 0.02682702 
963 191 8 10 0.026813205 
749 190 8 10 0.026651394 
663 227 10 13 0.02657365 
791 216 8 10 0.026562478 
453 223 8 10 0.026355257 
933 181 8 10 0.026271483 
833 157 8 11 0.026165653 
434 225 8 10 0.026151476 
617 355 15 21 0.026094303 
524 193 8 9 0.026015323 
769 167 8 10 0.025717763 
536 221 7 11 0.025194775 
326 276 9 12 0.025108282 
998 184 9 10 0.02509772 
608 168 7 9 0.025026033 
665 152 7 9 0.024986295 
528 168 8 9 0.024976766 
853 142 9 11 0.02487552 
777 144 8 9 0.02480883 
398 269 10 12 0.024756188 
918 253 12 17 0.024752883 
571 219 10 12 0.024529038 
497 150 8 10 0.024491984 
269 191 12 15 0.02441515 
617 166 8 10 0.024287948 
598 198 9 10 0.024272831 
319 255 11 15 0.024232866 
669 186 8 10 0.02410816 
749 184 8 10 0.024064997 
304 236 11 13 0.024011992 
289 175 7 9 0.02397927 
599 184 8 9 0.02394559 
713 152 7 9 0.023831828 
866 151 8 10 0.023680596 
670 205 7 10 0.02367112 
625 262 9 12 0.023594026 
551 173 7 9 0.023507448 
801 149 8 10 0.023414439 
325 237 10 13 0.023378229 
696 157 7 10 0.023336647 
334 248 10 12 0.023319753 
26 195 12 16 0.02331817 
322 168 10 12 0.023300506 
737 200 8 10 0.023201112 
656 159 8 10 0.02315381 
593 169 7 8 0.02309471 
521 151 7 9 0.023047926 
814 195 11 13 0.022714095 
559 198 8 11 0.022697186 
570 168 7 8 0.02268196 
627 199 7 10 0.022677885 
980 181 9 11 0.022461172 
391 229 9 11 0.022158206 
320 156 9 11 0.022134757 
547 123 16 18 0.022066968 
712 160 7 10 0.02195105 
313 152 8 11 0.021939725 
768 175 8 10 0.021933718 
728 167 7 9 0.021822134 
485 313 14 18 0.02179358 
325 157 10 12 0.021755898 
238 240 9 11 0.021753915 
631 178 7 9 0.021725394 
593 175 6 9 0.021665562 
462 197 9 12 0.021655837 
945 174 9 10 0.021631083 
550 122 27 26 0.021507844 
658 200 8 11 0.021425977 
797 608 16 15 0.021359865 
177 246 9 13 0.021272216 
789 167 10 12 0.021131642 
749 135 9 11 0.021085715 
801 145 8 9 0.020961344 
494 216 8 11 0.020876933 
681 208 8 9 0.02080516 
397 251 12 16 0.020621976 
682 151 8 9 0.020617247 
360 237 9 11 0.02052572 
672 176 7 9 0.020515393 
628 239 10 12 0.02043702 
311 236 10 14 0.020229196 
560 140 11 12 0.020221844 
558 132 14 15 0.020191966 
456 194 9 14 0.020141022 
189 265 13 17 0.020140165 
358 232 9 11 0.020036628 
455 247 10 13 0.020034803 
