2_Demonstration_Demonstration_Or_Protest_2_120
429
822 512 28 38 0.9981573 
995 481 29 37 0.9977192 
662 444 26 29 0.9976267 
3 490 79 84 0.99742293 
933 473 29 36 0.993228 
967 587 48 51 0.992892 
901 508 39 46 0.9923103 
716 428 21 28 0.9914567 
837 386 14 17 0.9891439 
980 417 28 29 0.98834103 
860 418 24 26 0.9870855 
980 369 16 19 0.98661983 
749 377 13 17 0.98643285 
724 396 15 18 0.98589295 
482 293 23 27 0.9858496 
818 393 16 20 0.9853807 
854 348 13 16 0.9849471 
798 379 15 17 0.98455113 
758 324 11 14 0.9839436 
916 392 18 20 0.9838854 
721 564 37 37 0.9805967 
395 259 15 21 0.97892225 
890 391 22 26 0.9756894 
958 397 16 19 0.97514546 
291 298 14 17 0.9714546 
919 342 11 14 0.9673195 
882 355 13 16 0.9661424 
120 294 13 17 0.9648382 
988 341 13 16 0.9648184 
469 256 20 23 0.96213865 
806 322 11 14 0.95897305 
360 282 15 19 0.95558894 
774 362 13 15 0.95435613 
29 284 15 19 0.95203406 
935 426 23 25 0.95203024 
692 361 11 15 0.9399363 
962 348 13 16 0.9225768 
1001 371 13 16 0.92032874 
909 373 18 20 0.9173879 
502 266 21 24 0.914177 
560 328 10 12 0.89030993 
749 362 12 14 0.8742076 
275 288 13 15 0.8531853 
868 391 15 17 0.84116995 
716 356 11 14 0.8314764 
837 303 9 12 0.805113 
174 299 11 15 0.79232025 
780 338 11 14 0.77687275 
333 360 19 22 0.77512676 
724 337 10 12 0.7140168 
854 303 9 12 0.68821204 
869 310 8 10 0.68606997 
813 364 12 14 0.6818481 
203 416 24 35 0.65724343 
894 327 11 13 0.6494084 
319 292 9 12 0.64323395 
247 407 36 44 0.64075714 
900 341 10 12 0.6403144 
709 320 9 11 0.6207923 
0 300 12 17 0.61547524 
895 467 22 29 0.61475605 
205 290 11 15 0.58492506 
741 308 8 10 0.56836057 
836 467 22 26 0.563964 
204 352 11 17 0.55424684 
928 330 11 13 0.52865255 
583 335 11 14 0.5272353 
827 317 8 11 0.5228685 
14 286 10 14 0.5227179 
841 324 8 11 0.5170166 
737 326 9 12 0.51231116 
792 304 8 11 0.5112277 
523 274 11 14 0.49126503 
762 356 10 13 0.45723277 
697 332 10 13 0.44571683 
781 309 10 12 0.44510192 
222 268 14 17 0.44273904 
421 267 10 13 0.42847624 
816 308 9 11 0.4209177 
150 278 8 10 0.39808372 
594 310 8 11 0.39268625 
822 309 8 10 0.38287362 
871 351 9 13 0.38252822 
942 337 9 11 0.36894038 
633 405 11 13 0.3376869 
149 293 9 12 0.33011186 
80 286 8 11 0.31689623 
710 371 13 16 0.3104775 
560 309 9 10 0.30399293 
777 303 9 11 0.30326626 
782 303 9 11 0.2910627 
692 302 8 10 0.27973506 
736 303 8 10 0.278507 
1015 350 9 13 0.27355462 
253 262 9 11 0.26756984 
210 283 12 15 0.25519672 
296 272 8 11 0.24497585 
759 305 8 10 0.24252526 
789 339 9 13 0.24219964 
812 344 9 11 0.23262773 
770 405 16 21 0.22990718 
753 308 9 11 0.22444056 
761 295 8 10 0.2175115 
809 295 8 10 0.21489088 
326 285 10 13 0.21391194 
304 301 11 14 0.21378168 
661 405 9 12 0.21036759 
241 276 10 12 0.20352636 
717 301 8 10 0.19718447 
810 308 8 11 0.19133684 
337 308 10 15 0.18908831 
9 279 9 12 0.18701458 
696 329 9 11 0.18396161 
726 319 9 11 0.1800733 
720 296 8 10 0.17993627 
345 292 12 15 0.17789929 
824 372 11 14 0.1771477 
924 372 10 14 0.17120862 
567 289 8 9 0.17074704 
158 307 11 14 0.1645274 
895 317 10 12 0.16411059 
748 318 9 10 0.15732406 
247 352 18 20 0.15726383 
953 292 8 11 0.15449326 
259 277 11 14 0.15232055 
342 262 8 10 0.14800164 
144 269 7 10 0.14532004 
446 283 13 16 0.14232455 
938 340 9 11 0.14189819 
813 295 8 10 0.13857141 
963 452 16 20 0.13705023 
945 277 10 13 0.13657764 
853 332 10 11 0.13430905 
730 302 8 9 0.13362062 
902 354 12 14 0.13302824 
775 288 8 9 0.13062088 
162 272 7 9 0.12913553 
823 357 10 12 0.12690723 
581 308 8 10 0.12594174 
623 532 23 31 0.12580416 
728 296 7 10 0.12516981 
214 279 10 13 0.12358458 
727 323 9 12 0.12257263 
349 329 15 18 0.12204827 
881 301 8 10 0.1173496 
819 364 11 14 0.11712787 
795 319 9 12 0.11491538 
275 336 13 17 0.11470517 
640 352 8 10 0.1144235 
128 270 7 10 0.11334148 
706 301 8 10 0.111875854 
529 284 9 12 0.11117295 
848 334 9 12 0.1106951 
182 279 9 11 0.10802006 
321 276 10 12 0.10686642 
910 327 9 12 0.10614644 
325 278 10 13 0.10533354 
753 345 9 11 0.10516525 
198 276 9 12 0.102132566 
39 260 10 11 0.10081052 
135 286 9 12 0.09987092 
218 270 10 12 0.09958568 
706 278 7 9 0.09921158 
101 293 14 15 0.09872409 
594 304 8 10 0.097048275 
802 295 8 10 0.09565582 
694 297 8 9 0.09511827 
533 288 8 10 0.09342643 
90 307 12 14 0.09262275 
314 293 10 12 0.091211215 
640 388 8 10 0.09088948 
9 284 11 14 0.09039884 
321 271 9 10 0.0892078 
744 270 9 11 0.08843387 
845 340 9 12 0.08692731 
712 272 7 9 0.08599254 
113 284 9 11 0.08537799 
584 328 9 11 0.085272774 
809 348 10 12 0.08471174 
857 269 7 9 0.083169416 
693 413 10 13 0.08315924 
307 376 16 21 0.08269061 
767 295 8 10 0.08244394 
763 323 11 14 0.080176495 
886 315 8 11 0.079878576 
207 269 9 10 0.07974432 
704 373 11 13 0.075770505 
631 333 7 9 0.07573335 
846 319 8 11 0.0753719 
681 287 8 10 0.07494771 
769 319 8 11 0.073084556 
767 302 8 10 0.07213569 
550 288 7 10 0.07203984 
782 315 9 12 0.07203226 
64 263 7 10 0.07191995 
716 362 14 16 0.07182773 
591 355 10 13 0.07158511 
848 368 10 13 0.07114432 
174 321 11 15 0.069588535 
38 204 11 14 0.0687663 
834 332 9 11 0.06814527 
942 292 8 10 0.067796685 
626 333 8 9 0.06676463 
536 293 7 10 0.066475414 
907 355 11 14 0.06522853 
166 270 8 10 0.0650792 
734 374 9 13 0.064875 
865 316 9 12 0.06487429 
64 285 8 10 0.063692324 
977 340 10 12 0.0634797 
695 277 7 10 0.06328432 
845 325 9 11 0.06326507 
468 235 13 17 0.06251453 
345 286 10 14 0.06217799 
1014 344 8 12 0.06089321 
47 272 9 11 0.06074028 
713 297 7 10 0.060423795 
1009 343 9 11 0.05971142 
238 272 11 13 0.05838143 
886 301 8 10 0.057945307 
735 297 8 9 0.05788747 
481 231 10 13 0.05771159 
830 358 8 11 0.057143636 
605 366 8 12 0.057120558 
150 299 10 13 0.055928137 
695 341 9 12 0.055443827 
656 389 7 10 0.055033702 
226 415 49 53 0.054837584 
181 284 10 12 0.054799438 
768 310 8 10 0.05465072 
441 249 9 11 0.05452064 
322 289 12 15 0.05449167 
785 296 7 9 0.053717986 
901 336 9 11 0.05313438 
793 379 12 16 0.053036995 
861 336 9 12 0.052983247 
885 342 11 13 0.052581623 
45 277 9 13 0.0522962 
774 324 9 11 0.05223168 
149 286 9 11 0.052003164 
775 295 9 10 0.05042332 
16 370 13 17 0.0504022 
301 271 9 11 0.050066568 
260 356 13 17 0.049872257 
331 282 11 13 0.049667157 
23 287 13 17 0.04920598 
722 320 8 10 0.048857454 
919 285 9 11 0.047909673 
123 321 12 16 0.047863252 
776 317 9 12 0.047419023 
667 389 9 12 0.0472656 
832 367 10 13 0.046921104 
700 337 11 13 0.046916287 
680 279 8 10 0.046891358 
177 286 9 11 0.046800707 
137 269 7 10 0.046537455 
895 313 8 10 0.045994874 
692 348 10 12 0.045589056 
850 309 9 11 0.04533415 
578 335 9 12 0.045302317 
512 268 19 24 0.04458469 
839 364 9 12 0.04437496 
396 370 13 19 0.043913987 
585 294 7 9 0.043689784 
972 348 10 14 0.043643635 
730 268 8 10 0.04353837 
597 380 9 11 0.0426755 
942 287 8 10 0.04208202 
193 398 29 48 0.041961815 
864 270 7 10 0.041873567 
582 366 10 13 0.04174866 
742 277 9 10 0.041087747 
873 329 9 11 0.04106391 
175 270 8 10 0.041041877 
558 348 9 12 0.041014794 
186 262 8 10 0.040194415 
402 263 15 21 0.040124055 
462 243 10 15 0.040122565 
812 323 9 13 0.03987288 
141 301 11 14 0.039642986 
191 261 9 11 0.039487965 
909 385 19 21 0.0394315 
674 1 47 54 0.038943198 
797 302 8 11 0.03888936 
622 530 14 21 0.03819174 
633 350 8 10 0.038138904 
695 310 7 10 0.038131535 
38 278 13 16 0.03808593 
981 336 13 16 0.037917834 
574 432 24 28 0.037852783 
143 335 11 13 0.037825372 
639 356 9 11 0.03761701 
939 289 7 10 0.037501067 
298 378 21 24 0.036944557 
719 311 8 10 0.036600746 
770 289 7 9 0.03656726 
103 326 10 13 0.03656452 
78 315 14 19 0.03635217 
704 313 7 9 0.035558365 
97 272 7 10 0.03545762 
719 324 8 11 0.035418045 
204 406 40 55 0.035339918 
595 358 12 15 0.03529759 
712 288 7 9 0.03522554 
882 312 8 11 0.03463092 
720 289 8 9 0.034487784 
166 306 10 13 0.03398011 
169 253 9 11 0.033832826 
563 122 14 15 0.03378166 
760 289 8 9 0.033419117 
705 286 7 9 0.032715812 
759 349 11 13 0.03232991 
736 249 7 9 0.032266255 
592 297 7 9 0.032128546 
832 309 8 11 0.031869147 
150 274 7 9 0.031425275 
707 273 7 9 0.03117311 
309 349 13 19 0.031149443 
104 272 8 9 0.030931037 
344 316 22 29 0.030679736 
825 294 8 10 0.030479318 
834 327 8 10 0.03023591 
87 302 11 13 0.030171163 
792 323 9 11 0.030099 
264 296 10 13 0.02992666 
694 273 7 9 0.029799249 
690 277 7 9 0.029527687 
784 379 11 15 0.029491428 
664 333 8 9 0.029179642 
170 295 10 14 0.029160738 
710 277 8 10 0.02911203 
416 263 11 16 0.02889335 
197 261 9 11 0.028529162 
838 296 8 10 0.028400334 
851 370 12 16 0.028341513 
73 286 7 11 0.028180456 
748 269 9 11 0.028139709 
405 298 10 14 0.028087309 
805 253 9 11 0.02802079 
228 236 9 11 0.027995393 
178 279 8 11 0.027804062 
690 345 8 11 0.027785368 
875 331 10 12 0.02775943 
243 343 17 20 0.027701912 
896 356 12 14 0.027685001 
743 296 8 9 0.027615115 
633 359 8 10 0.027592672 
790 295 7 10 0.027329532 
133 314 14 19 0.027310675 
0 277 7 11 0.027135408 
721 279 7 10 0.026831727 
96 292 12 14 0.026752405 
646 352 8 10 0.026632037 
728 289 7 9 0.026618142 
145 287 9 11 0.026479203 
869 382 14 17 0.02624256 
839 243 9 12 0.026207874 
740 349 10 13 0.026203077 
590 362 12 16 0.026032584 
313 378 15 22 0.026031328 
183 271 9 10 0.025907563 
586 339 12 14 0.025822707 
349 284 12 17 0.025602652 
129 265 8 10 0.02533556 
179 321 12 15 0.02531106 
695 318 8 10 0.025235789 
567 317 9 11 0.025202148 
341 299 12 17 0.025180291 
554 308 8 10 0.024998162 
366 224 8 12 0.024993805 
889 333 9 10 0.024907203 
57 286 8 10 0.024902442 
32 -2 363 517 0.02485539 
703 367 9 13 0.02469631 
300 285 10 12 0.02456854 
450 278 14 17 0.024528123 
137 306 14 17 0.024521185 
713 311 8 9 0.024516976 
59 264 8 9 0.024429465 
943 260 10 11 0.024311101 
745 359 11 14 0.024251882 
948 335 11 13 0.02405678 
847 466 17 24 0.023917623 
808 356 11 14 0.023603525 
727 313 8 9 0.023527948 
705 324 9 11 0.023357056 
205 358 14 20 0.023340126 
598 371 11 15 0.023277188 
710 333 8 11 0.023273993 
206 369 14 18 0.02319765 
730 372 9 14 0.023185398 
85 294 10 12 0.023163768 
1016 327 8 12 0.023067089 
476 235 14 16 0.022996916 
734 264 7 10 0.022956433 
583 290 8 9 0.022862809 
17 271 8 11 0.022738962 
789 376 11 14 0.022703057 
768 263 7 9 0.022697175 
798 309 8 11 0.022484563 
808 289 8 10 0.022321133 
0 261 8 12 0.022307526 
169 286 9 10 0.022256033 
241 249 7 9 0.022211775 
861 378 13 15 0.022183279 
690 297 7 9 0.0220359 
110 318 13 16 0.02172507 
6 291 12 17 0.021714998 
255 283 10 12 0.021687867 
786 262 8 10 0.021601977 
910 351 9 11 0.021563645 
1016 333 7 12 0.021518517 
853 316 9 11 0.021512147 
323 374 25 28 0.021395124 
23 269 8 11 0.021348543 
586 351 10 12 0.021175422 
713 266 7 9 0.021033198 
226 263 14 15 0.020913238 
800 357 9 12 0.02078018 
590 371 11 16 0.020723978 
663 329 8 9 0.020721829 
441 293 11 13 0.020378808 
245 271 9 11 0.020375555 
375 416 14 21 0.020354075 
40 270 11 13 0.02017911 
247 294 12 14 0.020117406 
262 414 36 50 0.020098926 
158 359 12 15 0.020004643 
920 302 10 12 0.02000268 
