2_Demonstration_Demonstration_Or_Protest_2_600
399
149 307 35 40 0.9957131 
46 243 71 84 0.9954413 
479 298 28 33 0.9900974 
819 305 33 46 0.9894162 
948 405 31 45 0.9891095 
220 387 36 47 0.9870176 
379 147 17 19 0.97765917 
887 282 48 69 0.973152 
254 110 11 13 0.96821856 
867 222 24 30 0.9671117 
56 152 17 20 0.961533 
676 352 34 43 0.95736814 
686 103 10 13 0.9521552 
734 149 12 18 0.9517363 
36 161 12 16 0.94420224 
565 126 12 16 0.93587774 
639 150 16 21 0.93438107 
112 36 10 13 0.92161745 
958 123 12 15 0.9115705 
437 108 10 12 0.90709436 
505 144 18 22 0.9046384 
190 144 18 21 0.9024521 
942 148 15 17 0.90242374 
851 137 14 20 0.90093833 
957 263 24 29 0.8870921 
702 129 12 15 0.8825754 
284 149 13 15 0.880073 
798 149 14 18 0.86550903 
598 110 9 12 0.8573921 
732 111 10 13 0.8550073 
539 111 11 14 0.84372705 
657 117 10 13 0.83959854 
341 311 24 28 0.8184035 
124 112 11 14 0.8157452 
403 105 13 16 0.81069607 
82 46 10 12 0.7975166 
0 157 10 20 0.79735535 
580 110 10 13 0.7777078 
4 30 10 13 0.75666255 
833 117 10 13 0.71661437 
456 115 9 11 0.6989557 
221 51 10 13 0.69132864 
242 166 12 15 0.6905165 
227 103 11 14 0.69018817 
480 108 10 13 0.689288 
26 102 14 17 0.6773711 
171 103 11 14 0.6693237 
153 54 9 12 0.66498345 
899 127 10 12 0.6022841 
499 107 12 14 0.5976751 
273 59 10 12 0.57934105 
158 130 12 16 0.5362508 
998 85 12 16 0.51914704 
796 116 10 13 0.5179776 
58 60 9 11 0.50870705 
240 56 9 11 0.5026332 
28 45 9 12 0.49278703 
760 119 9 12 0.4663555 
314 105 12 15 0.43240803 
140 150 15 18 0.3773101 
838 134 10 14 0.37638304 
634 110 9 11 0.3682209 
621 97 9 11 0.36349058 
821 111 9 12 0.35544604 
884 111 9 11 0.35494006 
77 101 12 15 0.3502792 
68 46 10 13 0.3473611 
155 167 14 19 0.3448889 
708 107 10 13 0.34157395 
184 65 8 10 0.33165327 
910 112 9 11 0.3062074 
77 171 13 16 0.30458447 
892 146 12 15 0.29088062 
630 122 11 16 0.29041684 
773 120 9 11 0.2888161 
849 133 11 18 0.2650012 
647 132 11 15 0.25859985 
769 120 8 11 0.25655246 
253 132 11 15 0.25347936 
429 87 11 15 0.25213853 
374 111 9 12 0.25172803 
392 119 9 12 0.24642216 
147 154 13 15 0.24532646 
141 109 9 12 0.24507879 
984 122 12 18 0.23658825 
653 132 10 14 0.23437908 
724 140 12 15 0.2263629 
829 136 13 14 0.21810918 
184 119 10 13 0.20862333 
239 75 10 12 0.20623314 
697 173 11 14 0.20232815 
561 108 10 11 0.19882947 
917 152 13 14 0.19652992 
102 162 15 17 0.19430278 
904 143 10 13 0.1938817 
421 118 9 12 0.19302773 
434 165 14 16 0.19195487 
355 297 12 16 0.18965447 
4 160 12 19 0.17899516 
470 119 9 12 0.17836691 
757 178 10 13 0.17456111 
84 99 12 15 0.17402278 
591 133 10 14 0.1703878 
896 130 10 13 0.15990934 
609 100 9 12 0.15976192 
926 170 11 15 0.15571363 
793 112 8 10 0.1524149 
909 141 9 13 0.13072182 
222 126 12 16 0.1294641 
616 98 10 13 0.12913984 
1013 118 9 16 0.12895419 
231 62 8 11 0.12525895 
521 139 11 15 0.12496366 
462 116 9 11 0.12268646 
428 61 9 11 0.12024104 
301 94 9 11 0.11879784 
916 135 9 11 0.11807448 
764 158 10 13 0.118034326 
247 75 9 12 0.115640014 
918 116 9 11 0.11553826 
605 110 9 13 0.112801254 
145 54 8 12 0.1093105 
339 103 10 12 0.10862945 
132 151 16 20 0.10723194 
409 124 10 13 0.10591563 
125 139 14 17 0.10539659 
1008 116 10 16 0.104764484 
417 118 8 12 0.1036719 
370 116 9 11 0.1026024 
333 94 8 11 0.10139025 
887 142 13 16 0.09970189 
655 138 12 16 0.09759995 
82 107 11 14 0.09548594 
928 94 9 13 0.09318187 
767 183 13 15 0.0909113 
825 138 11 14 0.09020796 
831 155 10 13 0.08785622 
785 111 7 10 0.08597419 
663 123 11 14 0.08559088 
210 63 9 11 0.08557806 
798 161 14 17 0.08458161 
229 125 12 17 0.08354276 
976 117 9 13 0.08318894 
885 115 9 12 0.08307715 
845 156 11 17 0.08281544 
776 109 9 10 0.08271703 
465 125 11 14 0.082022704 
754 118 9 12 0.081979476 
197 280 24 28 0.08167592 
511 318 15 16 0.080914505 
836 122 13 17 0.08009091 
637 140 14 18 0.08008061 
104 166 19 21 0.08003147 
1008 71 11 13 0.07925204 
911 115 10 12 0.078699686 
949 272 30 30 0.07767011 
535 187 15 18 0.07642709 
988 306 25 28 0.074979514 
809 134 10 13 0.07442885 
54 6 10 13 0.07311378 
198 100 9 11 0.07304455 
357 110 9 11 0.07242602 
785 118 9 11 0.07222389 
639 133 14 16 0.07206589 
286 158 15 19 0.07051248 
290 63 8 11 0.069313094 
70 140 10 13 0.0673891 
305 111 9 11 0.06693998 
216 125 12 16 0.06609615 
976 123 11 17 0.06372279 
624 120 11 15 0.063532054 
398 186 14 17 0.06268955 
598 132 10 13 0.0626348 
972 226 17 17 0.060860734 
134 76 9 12 0.06030648 
103 45 9 11 0.060199384 
632 104 8 11 0.060104452 
973 392 13 17 0.060014486 
134 23 10 13 0.059809413 
635 117 10 14 0.059657887 
589 324 14 22 0.058990598 
792 122 10 14 0.058767296 
549 125 10 14 0.058326088 
980 259 14 19 0.057954643 
252 76 8 11 0.0579293 
464 130 10 14 0.056114197 
289 115 10 13 0.055006776 
750 273 24 28 0.054888688 
671 165 9 12 0.053730045 
465 103 8 11 0.053276088 
546 169 13 16 0.052759428 
990 369 37 54 0.052736513 
178 54 8 10 0.052325923 
910 147 10 14 0.051288407 
608 162 12 14 0.050714664 
235 126 12 15 0.049877867 
381 110 8 11 0.04888666 
565 133 14 20 0.048174977 
425 168 9 11 0.047842953 
504 189 11 15 0.047794495 
933 98 10 15 0.046985757 
471 111 8 11 0.046812117 
431 156 13 15 0.045786582 
849 109 10 11 0.045673013 
207 142 11 15 0.04563904 
704 156 11 13 0.04556346 
137 55 8 11 0.045282338 
833 197 18 20 0.044286355 
977 144 10 12 0.04398299 
510 135 11 13 0.043961115 
354 314 25 27 0.0439335 
258 86 8 12 0.043875474 
16 6 8 10 0.04355525 
228 94 10 12 0.04346871 
32 21 8 10 0.043354306 
872 117 8 11 0.042700447 
72 95 11 15 0.04235355 
94 126 11 14 0.042186007 
127 153 14 18 0.04194794 
974 221 13 14 0.04177791 
293 68 8 10 0.041506242 
765 204 10 12 0.04124202 
190 70 8 10 0.04077979 
977 218 10 11 0.040469263 
55 41 10 12 0.040377147 
8 4 8 11 0.040037386 
483 164 14 15 0.03983114 
406 115 12 14 0.039830625 
432 104 11 13 0.039722756 
817 115 9 12 0.03947895 
157 48 9 11 0.03929238 
242 170 15 23 0.03924744 
879 70 9 11 0.0391828 
837 155 11 15 0.03911866 
981 141 9 12 0.03901853 
78 139 11 13 0.038719837 
336 107 12 14 0.038275603 
513 338 17 21 0.038223036 
28 146 15 16 0.038110472 
748 148 10 13 0.03806209 
106 39 9 11 0.037965193 
509 322 20 23 0.037640043 
905 116 8 10 0.03751719 
446 163 9 13 0.0370263 
781 156 10 12 0.036884718 
265 62 9 11 0.036811326 
972 261 24 28 0.0367007 
435 158 14 16 0.036318183 
973 174 15 17 0.03625776 
271 171 12 15 0.036120355 
24 4 7 10 0.03598677 
214 67 9 11 0.035815224 
560 117 10 13 0.035750825 
161 169 14 18 0.035674747 
670 72 10 12 0.035581905 
648 128 10 12 0.035267826 
311 195 13 15 0.035171278 
585 132 10 14 0.03491058 
660 129 13 16 0.03474542 
418 321 15 16 0.03471415 
406 227 12 15 0.034244318 
157 61 9 11 0.03414157 
189 65 8 10 0.034088995 
741 110 9 12 0.03400445 
163 127 11 15 0.033929538 
926 111 9 11 0.03387631 
596 178 16 18 0.03387202 
306 55 8 10 0.03361422 
230 171 12 17 0.033459928 
99 45 9 11 0.03302255 
650 118 9 11 0.03268216 
347 297 22 27 0.032549027 
974 147 11 13 0.032393496 
319 85 8 10 0.03195073 
50 6 9 12 0.03146908 
63 55 9 11 0.031440068 
40 125 12 15 0.031429153 
1 54 8 11 0.031353552 
484 171 15 15 0.03128472 
96 29 8 10 0.031227838 
1 48 8 11 0.031219637 
328 116 8 11 0.031201866 
956 212 11 14 0.030894622 
73 104 12 16 0.030871902 
340 133 11 14 0.030767202 
44 156 11 17 0.03069425 
563 120 13 15 0.03065783 
915 243 16 18 0.030573882 
707 174 13 18 0.030329324 
421 141 10 13 0.02950482 
425 56 10 13 0.02940014 
202 146 13 16 0.029347444 
594 105 9 11 0.029272424 
452 318 13 17 0.028991286 
922 156 13 17 0.028939424 
411 108 11 14 0.028891232 
948 266 18 22 0.028756274 
439 69 8 10 0.028579859 
1004 90 11 15 0.02857767 
910 173 9 12 0.028568313 
350 54 10 14 0.027873196 
136 60 8 11 0.0278056 
226 60 9 12 0.027638147 
999 115 12 17 0.02724493 
804 140 11 13 0.027193788 
261 132 13 17 0.027189707 
839 163 11 14 0.027156858 
232 68 9 12 0.027137123 
603 131 9 13 0.027097913 
798 304 28 41 0.026929066 
463 85 8 10 0.026926093 
1 193 15 19 0.026921121 
646 54 9 12 0.026606768 
959 326 38 57 0.026376871 
471 159 9 13 0.026291562 
790 220 15 17 0.026216492 
987 118 21 27 0.026177866 
303 130 11 15 0.02602724 
741 189 13 14 0.026027108 
435 91 10 13 0.025996432 
854 117 11 12 0.02574258 
655 95 9 11 0.025530558 
917 127 9 10 0.025130073 
981 214 9 11 0.025100427 
529 127 9 12 0.024987562 
812 126 10 12 0.02483197 
964 183 11 14 0.024721935 
48 45 10 11 0.024665684 
837 102 9 10 0.024622763 
64 41 10 12 0.024484381 
200 71 8 11 0.024394115 
754 123 10 13 0.024368037 
130 141 15 18 0.024354279 
16 56 8 10 0.0241331 
836 113 10 12 0.024127042 
222 121 10 13 0.023986865 
521 170 14 15 0.023976132 
1005 226 14 22 0.023964604 
940 171 10 14 0.023933424 
559 53 8 10 0.023879848 
194 101 9 11 0.023818657 
887 136 10 12 0.023548959 
742 125 9 12 0.023515161 
94 132 11 14 0.023500193 
179 64 8 10 0.023420785 
211 137 11 17 0.023357403 
110 128 11 15 0.023226375 
479 160 11 13 0.02294377 
1001 228 22 39 0.022916859 
760 113 8 11 0.02289595 
466 55 7 9 0.022887025 
791 213 13 15 0.022837894 
97 39 8 11 0.022819526 
153 128 11 14 0.022767333 
767 152 9 11 0.022657583 
814 154 10 13 0.022626936 
79 20 9 11 0.02256929 
709 116 10 13 0.0225654 
761 163 11 13 0.022508834 
294 37 9 11 0.022500977 
970 102 9 11 0.02235871 
311 167 10 12 0.022288805 
2 61 9 14 0.022265874 
977 397 23 38 0.022257352 
970 230 23 26 0.022238633 
358 116 8 11 0.022212517 
728 152 14 18 0.022184167 
347 158 15 17 0.022081975 
973 388 20 29 0.022075212 
112 111 8 11 0.021943295 
264 79 8 11 0.02188162 
667 125 11 13 0.021831326 
719 134 12 15 0.021790182 
589 164 9 12 0.021775851 
926 187 12 16 0.021672878 
2 4 8 11 0.021643091 
330 295 31 35 0.021610962 
868 126 10 13 0.021499969 
923 94 9 13 0.021452771 
847 127 12 16 0.021385776 
778 159 9 11 0.021384438 
6 47 8 10 0.02136878 
112 4 8 11 0.02135851 
13 99 12 18 0.021315414 
362 321 22 27 0.021306533 
156 156 11 15 0.021293174 
491 179 16 18 0.02127977 
134 116 10 13 0.0208136 
814 139 10 13 0.020796012 
408 94 9 12 0.020785095 
589 128 10 14 0.020627419 
328 236 18 20 0.020447303 
867 132 10 13 0.020198984 
861 133 12 14 0.020193653 
107 61 11 12 0.02018625 
863 118 9 10 0.020102566 
977 118 17 25 0.020101545 
592 70 8 10 0.020097084 
759 186 11 14 0.020051057 
