2_Demonstration_Political_Rally_2_341
86
565 331 23 29 0.9945533 
129 342 19 25 0.9806543 
62 369 14 17 0.97374874 
470 355 16 20 0.9693364 
507 347 16 25 0.96693057 
207 363 13 16 0.9311208 
182 354 16 19 0.80027944 
870 341 14 20 0.7536973 
796 337 15 18 0.7015235 
403 361 13 17 0.678224 
102 355 11 15 0.4165216 
233 366 10 13 0.32475504 
235 389 14 17 0.31680903 
110 352 13 19 0.28095353 
413 365 12 16 0.23284577 
155 354 19 23 0.17604102 
818 380 16 23 0.15185477 
98 356 10 15 0.12263291 
199 322 14 17 0.10312891 
114 348 12 18 0.10041815 
231 371 11 14 0.0988525 
163 346 14 19 0.08410478 
23 325 9 13 0.07968905 
503 63 122 125 0.07279113 
992 377 18 20 0.061939307 
788 339 22 25 0.060679365 
284 334 10 13 0.059925783 
674 51 69 84 0.0590397 
854 353 15 18 0.05603295 
462 287 11 14 0.051642235 
829 341 15 19 0.05049254 
466 163 228 299 0.049031597 
184 379 13 16 0.047452677 
917 323 10 14 0.04590527 
1 407 11 14 0.043358915 
20 388 10 12 0.04072363 
170 311 8 11 0.037421923 
156 332 11 13 0.036542334 
309 288 12 15 0.036395926 
96 351 10 14 0.035249256 
827 232 12 16 0.034449838 
231 360 10 14 0.033628687 
144 327 9 11 0.0336081 
860 330 23 29 0.03302761 
171 330 12 14 0.032506455 
2 303 7 11 0.031649567 
881 367 17 20 0.031137278 
829 332 11 14 0.031130297 
263 372 8 11 0.030866224 
16 368 9 12 0.0308264 
898 415 51 62 0.030758286 
375 291 11 14 0.029385904 
664 349 12 16 0.02929727 
25 309 7 9 0.029166292 
264 390 9 11 0.028589707 
959 339 14 17 0.028587738 
41 371 10 13 0.027588366 
229 379 14 15 0.027507367 
225 357 10 12 0.026696593 
0 365 8 14 0.02648705 
450 77 153 161 0.026215218 
221 296 9 12 0.025424864 
922 414 18 20 0.025236452 
494 307 10 11 0.02508756 
234 418 18 19 0.024750683 
279 407 11 15 0.024638262 
0 356 8 14 0.024302078 
281 391 8 9 0.02412376 
1013 333 10 17 0.023810482 
913 418 29 34 0.023806693 
57 311 8 10 0.023729758 
17 383 11 14 0.023332555 
159 320 9 11 0.023087889 
155 341 16 17 0.02265876 
381 291 11 14 0.022246948 
485 51 195 220 0.022129226 
551 80 73 78 0.022004705 
222 333 8 12 0.021949526 
9 343 8 11 0.021823196 
258 404 15 17 0.0211806 
861 344 14 19 0.021131532 
916 438 32 45 0.020977985 
248 303 10 11 0.020522075 
48 344 9 11 0.020307446 
749 345 12 14 0.020243205 
874 336 22 28 0.020127574 
