25_Soldier_Patrol_Soldier_Patrol_25_986
32
399 122 138 177 0.998287 
177 458 212 337 0.85895574 
178 535 125 222 0.14062247 
595 1285 15 21 0.06491773 
361 865 112 183 0.06151745 
936 1449 84 121 0.05799291 
609 1348 44 63 0.05585316 
744 1385 47 54 0.055346068 
549 1381 45 57 0.05490133 
152 406 368 515 0.051251847 
295 335 36 43 0.050328787 
114 1549 52 64 0.048111115 
578 1381 27 33 0.0476 
610 1325 23 33 0.047075246 
8 1384 65 85 0.046031248 
547 1377 32 41 0.039665733 
317 1538 77 121 0.039622493 
608 1334 34 49 0.037177116 
756 1375 248 290 0.034175746 
377 1071 187 424 0.03277314 
576 1317 12 16 0.02916356 
370 1112 102 180 0.029070698 
288 762 198 325 0.026875878 
98 1535 103 110 0.026398422 
319 1589 55 77 0.025535846 
282 342 29 34 0.024721328 
802 1479 66 70 0.024634894 
0 1903 28 25 0.024240302 
255 1481 172 221 0.022898408 
118 1581 44 38 0.022381444 
789 1440 130 133 0.0214252 
625 1282 18 20 0.02090845 
