25_Soldier_Patrol_Soldier_Patrol_25_18
25
229 42 48 61 0.99293244 
830 410 13 17 0.99226016 
751 392 19 22 0.9580299 
588 436 10 13 0.93086165 
903 439 14 20 0.8895053 
503 375 16 19 0.8661888 
642 403 17 18 0.4506839 
638 394 14 18 0.12075116 
525 418 16 26 0.10060966 
181 307 25 30 0.07611717 
611 452 11 16 0.07334493 
157 316 10 12 0.060666632 
910 441 16 18 0.056373164 
900 431 14 21 0.04394356 
637 409 19 20 0.033643536 
637 419 17 19 0.031419627 
270 385 38 62 0.029410878 
782 455 11 14 0.029072523 
311 282 29 31 0.028863996 
859 451 13 17 0.028364047 
683 423 11 15 0.027731396 
194 261 27 32 0.02690721 
653 411 14 17 0.024271786 
654 512 12 13 0.02330185 
180 298 16 21 0.023298739 
