25_Soldier_Patrol_Soldier_Patrol_25_469
31
606 183 61 77 0.9947044 
267 108 75 98 0.99310356 
911 172 69 79 0.9831262 
400 325 34 43 0.40412334 
755 203 14 19 0.26128262 
944 399 56 74 0.25364143 
526 299 21 30 0.22543567 
399 319 27 31 0.088777155 
948 589 56 78 0.08226146 
459 260 22 28 0.075020224 
233 1 60 69 0.06775581 
0 553 14 23 0.048806164 
0 92 11 16 0.044027947 
452 557 13 16 0.03997585 
41 321 28 36 0.02753273 
235 0 15 15 0.026957123 
85 570 15 16 0.026483621 
0 -2 33 40 0.026334463 
329 462 46 69 0.026088102 
0 534 20 36 0.025806013 
836 582 57 58 0.024162771 
418 640 57 72 0.024046246 
980 354 41 51 0.02376801 
8 501 48 56 0.023573281 
333 467 29 42 0.023299469 
346 466 56 73 0.022317074 
801 524 59 65 0.021850528 
749 317 23 28 0.02153137 
450 543 63 67 0.020699296 
96 554 25 30 0.020346614 
722 1 15 13 0.020155393 
