25_Soldier_Patrol_Soldier_Patrol_25_936
27
209 102 59 70 0.9964425 
606 272 136 135 0.23071063 
67 68 194 281 0.2021865 
219 482 65 82 0.20110165 
112 147 27 29 0.163145 
523 206 232 241 0.16036089 
118 154 29 35 0.09209712 
319 441 115 148 0.07368262 
420 97 43 52 0.072878845 
508 349 101 140 0.07194144 
698 443 113 134 0.069586836 
578 444 268 284 0.05086966 
434 275 188 231 0.047430433 
114 140 20 23 0.044692654 
437 439 239 266 0.03594892 
168 437 221 215 0.030059714 
367 419 54 78 0.029980255 
540 404 63 95 0.028389074 
753 100 218 244 0.028058646 
602 286 192 215 0.027720649 
412 110 339 431 0.027661357 
579 307 119 139 0.02620894 
6 327 63 96 0.025681468 
237 477 38 44 0.023217909 
507 350 451 427 0.022767978 
106 148 20 24 0.021417307 
220 459 113 121 0.020432629 
