25_Soldier_Patrol_Soldier_Patrol_25_1029
34
120 435 62 77 0.9995035 
254 359 58 71 0.99929833 
579 141 32 45 0.998343 
155 197 50 63 0.99786854 
660 311 36 42 0.99779403 
553 329 32 39 0.9977551 
736 140 63 78 0.99741614 
456 176 49 60 0.9967265 
498 183 32 44 0.9955383 
608 295 40 47 0.9952436 
247 181 45 55 0.995131 
512 385 44 62 0.99061805 
717 186 35 45 0.9894009 
657 194 27 38 0.98887885 
873 170 42 47 0.9884162 
924 284 89 120 0.49606338 
598 225 21 27 0.37045583 
434 165 8 10 0.1490302 
390 183 8 10 0.14585066 
624 223 18 23 0.11350017 
387 183 7 9 0.089958504 
410 184 7 9 0.07929475 
424 175 8 10 0.048936892 
723 165 52 63 0.04263631 
1007 2 18 35 0.036935247 
743 363 21 31 0.034752935 
151 192 33 40 0.033259474 
707 185 29 40 0.026137592 
552 165 10 13 0.025795225 
436 162 8 9 0.021764707 
400 185 6 10 0.021019014 
619 143 13 17 0.020974573 
669 200 30 36 0.02084927 
612 140 22 28 0.020829698 
