25_Soldier_Patrol_Soldier_Patrol_25_121
127
683 93 63 77 0.99597555 
335 301 9 11 0.55495995 
189 82 10 14 0.34924144 
351 317 8 10 0.28398612 
140 93 10 12 0.22276068 
361 331 10 12 0.18883753 
230 165 9 11 0.15413864 
231 159 8 9 0.11315954 
253 115 9 13 0.11070885 
257 142 8 11 0.09649298 
200 85 10 13 0.08189822 
360 80 7 9 0.08075939 
232 94 9 11 0.0763394 
196 132 10 13 0.076108 
352 272 11 12 0.07541566 
-12 101 340 454 0.073838174 
229 195 11 13 0.06520964 
406 219 12 13 0.06321596 
138 197 14 14 0.06255917 
255 160 8 11 0.061744064 
201 92 10 11 0.061077293 
58 132 18 22 0.05976979 
294 273 9 11 0.05902405 
233 125 7 9 0.054856937 
281 69 7 9 0.053726654 
127 94 9 11 0.049739897 
398 201 14 16 0.049504522 
248 143 9 12 0.048544914 
6 116 12 15 0.048524585 
280 295 9 11 0.04828523 
269 290 10 13 0.04780333 
261 142 8 12 0.046784867 
157 70 10 13 0.046470203 
230 171 8 11 0.043381196 
230 88 9 11 0.040714514 
407 80 8 10 0.040017765 
37 248 10 12 0.039985202 
124 154 16 19 0.039962407 
158 75 11 14 0.039914753 
166 85 10 13 0.03975746 
158 84 11 13 0.03947612 
226 95 9 11 0.03943242 
162 103 10 12 0.0392915 
231 98 10 14 0.039093137 
207 166 8 9 0.038117606 
246 147 8 10 0.03720245 
115 182 12 14 0.03682978 
127 100 8 10 0.035911735 
236 96 9 10 0.03588907 
201 118 10 12 0.03587344 
217 143 9 12 0.03578085 
656 98 27 45 0.035587464 
238 166 8 11 0.035510734 
222 70 9 10 0.034756582 
374 281 14 16 0.034269225 
205 80 10 12 0.033862203 
232 153 8 10 0.03364327 
602 238 59 47 0.03337683 
262 53 8 9 0.032889564 
0 103 10 14 0.03255753 
207 211 10 11 0.032449514 
239 57 7 9 0.031899218 
278 181 10 12 0.030767057 
365 231 12 15 0.02996494 
233 141 7 10 0.029961888 
431 224 10 12 0.029559977 
224 137 8 9 0.029494304 
239 61 7 9 0.029278656 
289 183 7 10 0.028914478 
223 102 10 13 0.028097058 
240 173 8 10 0.027801396 
250 112 10 12 0.02779806 
257 78 8 10 0.02767092 
234 198 13 14 0.027505275 
332 -99 403 462 0.027243285 
223 142 8 11 0.027164053 
113 101 10 14 0.027151592 
201 167 8 9 0.027071381 
279 176 9 11 0.026898742 
165 77 12 15 0.026732901 
195 138 11 15 0.026273916 
294 208 9 11 0.026233058 
304 327 7 10 0.025927017 
237 101 9 11 0.0258693 
215 182 8 9 0.025585415 
227 159 8 10 0.025166146 
243 148 8 10 0.024691088 
628 263 47 34 0.024532694 
173 78 10 14 0.024427203 
582 258 61 59 0.02438793 
257 164 8 11 0.023507657 
185 189 10 13 0.023226969 
264 157 10 13 0.023114845 
264 146 9 14 0.023037532 
301 308 9 12 0.022960167 
226 192 9 12 0.022815311 
240 126 8 10 0.022661915 
223 65 9 10 0.022524713 
667 108 50 65 0.022474123 
226 89 8 10 0.02236213 
87 108 9 11 0.022140646 
143 98 9 12 0.021875829 
319 223 10 11 0.021760872 
240 144 8 10 0.021681653 
64 64 8 10 0.021649797 
85 119 10 12 0.021550013 
126 188 10 14 0.021396523 
273 95 10 13 0.021392804 
147 641 62 51 0.021392578 
256 72 8 10 0.021348087 
208 161 8 10 0.021331863 
268 150 10 13 0.02126766 
173 170 10 14 0.021262143 
237 204 11 13 0.021235168 
287 71 8 9 0.02104515 
124 167 16 18 0.020940747 
341 80 7 8 0.02080941 
360 229 10 13 0.02057314 
270 100 9 11 0.020419367 
329 326 8 11 0.020367417 
179 210 14 16 0.020193823 
225 119 9 11 0.020190755 
25 203 31 37 0.020156756 
266 101 8 11 0.020129042 
136 89 10 13 0.020111123 
609 233 32 36 0.020056438 
112 95 9 11 0.0200031 
