25_Soldier_Patrol_Soldier_Patrol_25_59
75
463 95 76 92 0.99732333 
751 147 13 16 0.15082432 
32 126 12 15 0.102253966 
916 676 12 14 0.06882527 
20 126 13 16 0.06668551 
16 130 12 16 0.06637653 
974 617 21 27 0.06444626 
437 563 15 19 0.06313549 
167 80 13 17 0.05871673 
941 458 61 53 0.05766952 
928 149 13 16 0.05131637 
880 69 13 16 0.049428966 
565 180 50 56 0.04894576 
965 69 10 13 0.043884933 
190 131 12 16 0.042896148 
156 39 14 18 0.04053916 
114 0 17 18 0.040087037 
900 91 10 13 0.039489757 
868 52 12 16 0.038014967 
836 93 13 16 0.03770466 
18 46 18 19 0.036926173 
146 543 10 11 0.036096793 
297 642 26 43 0.035951823 
61 105 18 23 0.03494559 
245 115 12 15 0.033877462 
800 129 10 14 0.033416215 
824 507 19 23 0.033371065 
394 409 54 69 0.03267859 
475 44 47 51 0.032191467 
903 649 12 16 0.031734996 
483 40 29 29 0.031336106 
195 126 12 15 0.03076721 
435 220 42 53 0.030264609 
157 151 9 11 0.029374657 
980 625 23 27 0.029289102 
765 141 9 13 0.029285163 
271 134 12 15 0.029047366 
86 80 23 27 0.028688112 
175 147 11 14 0.028268902 
838 143 17 22 0.027934894 
652 140 13 17 0.027487021 
173 118 12 14 0.02685952 
811 56 14 16 0.026734985 
1012 88 12 18 0.026716249 
165 134 12 14 0.026608221 
332 46 13 16 0.025534645 
954 89 15 19 0.025191601 
212 74 15 20 0.025169317 
149 548 10 12 0.02486742 
36 103 14 21 0.024758501 
633 292 28 36 0.023559311 
161 545 9 11 0.02318782 
897 154 16 18 0.022876345 
898 123 14 16 0.022844464 
795 12 15 18 0.022596698 
71 50 15 19 0.022195982 
140 71 15 18 0.0219575 
812 155 11 14 0.021945639 
844 498 15 20 0.021871269 
174 130 12 15 0.021859601 
27 129 23 27 0.021043025 
159 142 11 14 0.02103505 
29 61 26 31 0.020985639 
181 124 10 14 0.020875374 
661 673 15 19 0.020871326 
807 151 12 14 0.02081479 
182 131 10 14 0.02069656 
285 155 13 17 0.020681925 
0 523 41 91 0.020491214 
828 605 22 29 0.020459158 
213 97 16 19 0.020323664 
671 653 12 15 0.02030736 
132 88 16 22 0.020111836 
758 143 11 16 0.020074347 
13 136 12 16 0.020055167 
