25_Soldier_Patrol_Soldier_Patrol_25_9
48
352 337 15 17 0.49515063 
253 349 11 15 0.3128798 
260 355 11 15 0.28091937 
195 310 12 14 0.26579034 
381 349 11 14 0.22914048 
247 342 14 17 0.22597463 
233 280 10 11 0.14885917 
342 312 9 11 0.113929674 
209 345 16 17 0.110031344 
323 332 10 13 0.10773674 
318 312 9 12 0.08838827 
154 308 17 19 0.08186786 
277 286 12 13 0.08135422 
705 155 111 154 0.06802871 
192 313 11 14 0.058252748 
311 309 7 11 0.05589677 
319 328 11 14 0.04502236 
181 331 13 16 0.039959874 
235 283 11 13 0.038948007 
266 355 12 15 0.038256012 
227 356 12 14 0.03593204 
327 317 9 12 0.035351653 
337 311 9 11 0.03534725 
272 350 10 13 0.035149876 
812 159 140 143 0.03454371 
284 286 9 12 0.033983827 
143 299 11 14 0.03193628 
400 350 9 12 0.031875525 
180 310 10 14 0.028472401 
271 290 16 17 0.028253637 
306 308 9 11 0.027569376 
308 305 9 11 0.027188094 
148 302 15 19 0.026511641 
323 311 11 13 0.026433103 
263 360 13 16 0.026080167 
222 350 10 14 0.024577957 
151 306 27 31 0.024243567 
353 344 15 17 0.02384338 
111 231 8 9 0.023247782 
219 392 47 66 0.023056999 
209 316 10 13 0.022165142 
248 398 10 13 0.022150993 
357 374 11 12 0.021706248 
253 356 14 18 0.021196146 
265 396 9 13 0.021078734 
278 282 10 11 0.02062037 
182 339 12 15 0.020600148 
302 331 11 13 0.02017822 
