25_Soldier_Patrol_Soldier_Patrol_25_585
53
554 132 97 137 0.99879503 
172 734 252 262 0.39546543 
537 1206 11 14 0.2965461 
614 917 9 11 0.26521975 
676 1168 14 18 0.22451514 
503 956 12 14 0.1993896 
565 972 16 19 0.17337146 
555 1170 15 18 0.1590585 
684 1172 11 15 0.15107171 
694 1096 9 11 0.1358777 
523 1008 24 25 0.11514673 
591 831 8 10 0.08804412 
587 1012 12 17 0.084137395 
646 1093 12 14 0.07432747 
516 982 10 14 0.06818421 
503 653 38 52 0.06589428 
573 961 14 17 0.06491641 
94 9 432 505 0.05916098 
510 987 12 16 0.05632537 
669 415 22 32 0.053254727 
591 835 10 13 0.05204868 
528 1206 11 14 0.04674716 
694 1227 13 16 0.044101812 
584 830 11 12 0.03980282 
580 962 11 15 0.03806775 
690 1096 9 12 0.037158053 
568 1052 15 19 0.0366553 
584 836 11 14 0.033384323 
646 1024 13 19 0.032745168 
622 1180 16 21 0.03204008 
577 667 16 17 0.031767502 
586 1024 14 19 0.029907255 
512 1222 10 12 0.029209457 
596 855 17 21 0.029188257 
612 1015 16 20 0.028111707 
543 897 13 16 0.028013965 
529 922 17 21 0.027515138 
516 1015 18 21 0.02696235 
533 1084 14 17 0.026293252 
541 1201 11 13 0.025625927 
535 1199 12 14 0.024500694 
523 1177 14 17 0.024381815 
566 428 16 16 0.023505524 
506 952 12 14 0.023472719 
527 1091 12 15 0.023081187 
541 1213 12 17 0.022974305 
571 981 15 18 0.022756852 
641 1022 11 16 0.022680098 
583 836 25 32 0.022505801 
559 965 14 18 0.0223981 
604 1052 11 15 0.021558503 
505 960 14 18 0.021471223 
630 939 13 16 0.021164615 
