25_Soldier_Patrol_Soldier_Patrol_25_734
22
542 388 28 34 0.9891004 
36 442 28 29 0.9284244 
154 438 23 28 0.92193335 
531 228 31 41 0.9033296 
690 562 24 26 0.56509286 
277 411 33 28 0.13339299 
171 431 23 30 0.10772305 
277 385 25 32 0.08230389 
26 438 21 31 0.081450164 
296 399 22 30 0.071493186 
348 425 14 17 0.06515297 
579 273 25 31 0.06401362 
382 400 30 33 0.05207474 
733 231 16 19 0.041512765 
184 303 11 13 0.040298693 
345 421 13 15 0.029783532 
307 396 15 27 0.026233885 
184 415 11 13 0.023065984 
186 435 14 21 0.02304698 
681 230 10 11 0.02296448 
162 440 29 35 0.021465503 
711 236 14 17 0.02048434 
