25_Soldier_Patrol_Soldier_Patrol_25_700
44
80 428 26 32 0.9941468 
541 370 30 40 0.9926595 
170 388 29 36 0.95071846 
478 416 18 23 0.9020838 
431 417 14 18 0.76817614 
586 414 16 23 0.37156194 
222 405 20 26 0.32148743 
52 397 16 21 0.25522932 
68 392 13 18 0.25403392 
104 399 21 26 0.21651947 
62 392 13 20 0.18951696 
110 392 15 24 0.13892506 
390 412 11 13 0.10642218 
232 409 15 21 0.10165773 
572 420 15 19 0.09140745 
122 393 15 22 0.078564145 
579 419 17 21 0.05962753 
404 428 16 17 0.056277283 
211 406 21 23 0.05560135 
499 417 17 19 0.04929192 
439 423 13 18 0.046111796 
445 431 11 13 0.042465627 
383 420 11 15 0.04220357 
189 422 17 19 0.040747244 
385 414 10 13 0.039216775 
572 371 23 33 0.03705443 
460 422 12 15 0.03621954 
179 407 25 29 0.03492059 
456 428 12 14 0.029941697 
461 436 11 15 0.028394803 
505 414 15 17 0.027805159 
383 427 12 16 0.027445797 
395 414 11 13 0.026874833 
74 390 14 18 0.02402586 
443 421 13 15 0.023792202 
58 404 15 22 0.023422295 
28 376 15 20 0.02331212 
596 407 10 15 0.02316293 
387 416 14 17 0.022660447 
491 418 14 19 0.022174 
189 344 24 29 0.021546852 
414 423 12 16 0.021528017 
122 424 16 17 0.021319425 
233 415 25 25 0.021197481 
