25_Soldier_Patrol_Soldier_Patrol_25_873
38
411 141 33 36 0.99718153 
489 133 41 47 0.99402446 
748 108 24 28 0.99094814 
231 190 23 23 0.9623782 
331 183 12 14 0.68950456 
105 205 14 16 0.6785718 
64 214 11 14 0.52375865 
45 227 11 14 0.5148943 
675 82 18 23 0.5011303 
577 142 31 34 0.39084616 
53 227 10 14 0.16462734 
18 194 17 19 0.12604733 
204 171 12 15 0.119880125 
93 190 11 13 0.07747232 
220 195 14 19 0.058982484 
141 219 14 20 0.05072596 
778 3 162 111 0.044835426 
699 115 24 30 0.04452964 
67 217 12 15 0.04285975 
477 81 19 24 0.038191333 
562 142 27 33 0.036023818 
292 170 12 15 0.03147328 
81 229 8 10 0.030452233 
40 224 12 15 0.02932359 
547 143 25 32 0.02855342 
288 155 13 18 0.026615907 
292 181 11 15 0.026113262 
259 221 13 18 0.024180917 
253 194 12 17 0.0236977 
356 192 24 28 0.023451854 
77 212 10 13 0.022277605 
78 224 9 12 0.02187882 
280 197 10 13 0.021529814 
46 248 8 8 0.021166226 
509 436 81 112 0.02083287 
99 190 11 14 0.020626936 
124 185 22 25 0.020504065 
109 220 11 15 0.020332294 
