25_Soldier_Patrol_Soldier_Patrol_25_515
61
615 324 12 16 0.99254954 
835 314 17 26 0.9825743 
413 316 15 21 0.9825392 
786 309 18 26 0.9810647 
476 320 15 20 0.9802439 
720 303 19 23 0.9722936 
804 295 18 24 0.966989 
910 312 15 21 0.96383613 
367 298 12 17 0.959635 
861 305 14 21 0.95561236 
395 311 14 19 0.9522232 
537 312 14 20 0.9504544 
576 323 15 21 0.9423868 
638 311 18 23 0.9416281 
670 313 14 20 0.9414773 
563 338 13 16 0.93782675 
699 316 17 22 0.930252 
459 314 14 22 0.9299144 
56 309 15 20 0.9232618 
521 317 12 17 0.8844178 
439 332 11 16 0.8228421 
371 320 14 19 0.7311848 
886 328 16 22 0.51336104 
735 324 14 20 0.19815214 
470 317 13 19 0.16552624 
620 308 14 16 0.1468253 
127 330 15 17 0.13361934 
757 308 17 20 0.12027495 
372 388 10 13 0.09440857 
635 330 12 17 0.0881953 
632 314 12 18 0.07415049 
136 302 11 14 0.070065394 
615 307 13 15 0.05995948 
773 315 11 17 0.05907171 
793 306 17 24 0.05506299 
707 309 13 17 0.052555952 
924 309 14 20 0.047777746 
898 317 19 26 0.047231667 
875 307 14 17 0.043386225 
174 302 8 10 0.042228706 
680 314 15 18 0.039661285 
630 324 13 17 0.03900994 
374 305 14 18 0.037434127 
380 310 11 15 0.037132062 
444 327 12 15 0.036173362 
682 321 15 18 0.035912793 
629 310 11 16 0.03312661 
715 286 17 19 0.03106076 
432 325 11 16 0.030788425 
403 309 14 19 0.027059568 
882 306 12 18 0.025850952 
443 334 12 18 0.02547837 
140 304 15 16 0.02406569 
454 330 11 15 0.023844669 
419 308 15 18 0.02379574 
853 310 14 20 0.022733886 
647 312 16 21 0.022630297 
943 397 13 16 0.02203099 
377 315 13 18 0.021907767 
663 308 17 24 0.021868076 
762 322 17 19 0.020592585 
